true,restored,edge_type
"['10.1016/S0031-9422(01)00431-9', 'Piperyline, N-[10-(13,14-methylenedioxyphenyl)-7(E),9(E)-pentadienoyl]-pyrrolidine']","['10.1016/S0031-9422(01)00431-9', ['guaiol', 'γ-eudesmol', 'Hinesol', 'α-eudesmol', 'Galioside aglicone', '11-O-trans-feruloylteucrein', 'Teucrein', 'Apodanthoside', 'Galioside', '4-metoxi-6-[2-(metilamino)fenil]- 2H-piran-2-ona', ""3,4-dimethyl-2-(4'-hydroxy-3',5'-dimethoxyphenyl)-5-methoxy-tetrahydrofuran"", 'Anhydrofusarubin', 'Beauvericin', '(+)-11α-Hydroxyerythravine', '(+)-Erythravine', '(+)-α-Hydroxyerysotrine', 'Tagitinin C', '1-methoxy-3-hydroxy-3,10b-4,5a-diepoxy-8b-isobutyroyloxygermacr-11(13)-en-6a,12-olide', 'Taraxerol acetate', ""3',4',5',3,5,7,8-heptamethoxyflavone"", ""3,5,6,7,3',4',5'-heptamethoxyflavonol"", 'Chlorogenic acid methyl ester, Methyl (1S,3R,4R,5R)-3-{[(2E)-3-(3,4-dihydroxyphenyl)-2-propenoyl]oxy}-1,4,5-trihydroxycyclohexanecarboxylate', 'Nitensidine D', 'Nitensidine E', 'Kaempferol-3-O-D-galactopyranoside', 'Procyanidin B-3', 'Kaempferol-3-O-α-L-rhamnopyranosyl-(1-6)-α-L-rhamnopyranosyl-(1-4)-β-D-glucopyranoside', 'Kaempferol-3-O-D-glucopyranoside', 'Quercetin-3-O-α-L-rhamnopyranosyl-(1→6)-β-D-galactopyranoside', '6-Hydroxy-rutin', 'Kaempferol-3-O-α-L-rhamnopyranosyl-(1→6)-β-D-galactopyranoside', 'Kaempferol-3-O-rutinoside', 'Catechin, Ent-catechin', 'Methyl (3R,4R,5R)-3-{[(2Z)-3-(3,4-dihydroxyphenyl)-2-propenoyl]oxy}-1,4,5-trihydroxycyclohexanecarboxylate', 'Methyl (3R,4R,5R)-3-{[(2E)-3-(3,4-dihydroxyphenyl)-2-propenoyl]oxy}-1,4,5-trihydroxycyclohexanecarboxylate', '5,7-dimethoxy-2,2-dimethyl-2H-1-benzopyran-6-propanoate', 'Mycoleptone A', '9-hydroxyeugenin', 'Austdiol diacetate', 'Mycoleptone B', 'Austdiol', 'Eugenitin', 'Mycoleptone A tetraacetate', '6-methoxyeugenin', '(-)-3-O-acetyl-spectaline', '2α,3α,19α- trihydroxyurs-12-en-28-oic acid', '3,3-O-dimethylquercetin', 'penduletin 4-O-methyl ether', 'p-hydroxybenzoic acid', 'Chrysoeriol', 'acacetin', '3-O-methylquercetin', '3,7,4-O-trimethylkaempferol', '2α,3α-dihydroxyolean-12- en-28-oic acid', 'Deoxycordifoline', 'Turbinatine', '5α-carboxystrictosidine', 'Harman-3-carboxylic acid', 'Cordifoline', 'Strictosidine acid', '3,4-dehydrostrictosidine acid', '3,4-dehydro-strictosidine', 'astilbin; Rel-(2R, 3R)-dihydroquercetin-3-O-±-L-rhamnoside', 'Pimara-7,15-dien-3β-ol', 'Ergosterol peroxide', '(22E,24R)-ergosta-4,6,8(14),22-tetraen-3-one', 'Dimethyl terephthalate', '8-hydroxy-6-methoxy-3-methylisocoumarin', ""4-Hydroxy-3-(3',7'-dimethyl-3'-hydroxy-1'-oxo-6'-octenyl)benzoic acid"", ""Isosakuranetin; 5,7-dihydroxy-4'-methoxyflavanone"", ""Sakuranetin; 5,4'-dihydroxy-7-methoxyflavanone"", ""4-Hydroxy-(3',7'-dimethyl-1'-oxo-octa-2'-E-6'-dienyl)benzoic acid"", ""1,4-Dihydroxy-2-(3',7'-dimethyl-1'-oxo-2'-E-6'-octadienyl)benzene"", '5,7-dimethoxy-2,2-dimethyl-2H-1-benzopyran-6-propanoic acid', '17-(3,4-Methylenedioxyphenyl)-heptadecanoic acid', 'Farnisine', 'Sargaquinoic acid', 'Sargachromenol', '19´-(3,4-Methylenedioxyphenyl)-nonadecanoic acid', ""7,4'-Dihydroxyflavone"", '21´-(3,4-Methylenedioxyphenyl)-henicosanoic acid', '(+)-Guaiacin', ""7,4'-Dimethoxyflavone"", 'Fasciculiferin', 'Tithonine', ""Juruenolic acid; 2-(4'-Methylpentenyl-3)-10-oxoundecan-2,6-dienoic acid"", ""Isoswertisin-4'-methyl-ether-2''α-L-rhamnoside"", 'Clusifoliol', ""Isoswertisin-2''α1-L-rhamnoside"", '2-Episesalatin', 'Sesartemin', '2-n-Propylquinoline', ""2-(3',4'-methylenedioxyphenylethyl)-Quinoline"", ""2-(1'-pentenyl)-Quinoline"", '2-n-Pentylquinoline', ""3',4'-methylenedioxy-5,6,7- trimethoxyflavone"", ""3',4'-methylenedioxy-5,5',6,7-tetramethoxyflavone"", ""2'-hydroxy-3,4,4'-trimethoxy-5',6'-(2'',2''-dimethylpyrano)-chalcone"", ""3',4'-methylenedioxy-5,7-dimethoxyflavone"", '3,21-Di-epi-feroniellide B', '21β,25-dimethylmelianodiol', '21α,25-dimethylmelianodiol', 'Aphidicolin', 'Nilocetin', 'Hispidol A', '3,11-dioxoolean-12-en-28- onic acid', 'Iso-odoratol', 'Pentaol', 'Oleanonic acid', 'cryptomeridiol', 'Piscidinol A', ""Methyl 4-hydroxy-3-(3'-methyl-2'-butenyl)benzoate"", '3,4,5-Trimethoxydihydrocinnamic acid', ""Methyl taboganate; Methyl 4-hydroxy-3-(3'-methyl-1'-oxo-2'-butenyl)benzoate"", ""2',6'-Dihydroxy-4'-methoxydihydrochalcone"", 'Methyl 2,2-dimethyl-1-oxo-2H-1-benzopyran-6-carboxylate', 'Piperaduncine B', ""Hostmaniene; 4-Hydroxy-3-(2',3'-dihydroxy-3'-methylbutyl)benzoate"", ""4-Hydroxy-3-(3',7'-dimethylocta-2'-E-6'-dienyl)benzoic acid"", ""4-Hydroxy-(3',7'-dimethyl-1'-oxo-octa-2'-Z-6'-dienyl)benzoic acid"", ""Aduncumene; Methyl 2-methoxy-5-(3'-methyl-1'-oxo-2'-butenyl)benzoate"", ""Methyl 4-hydroxy-3-(3'-methyl-2'-hydroxy-3'-butenyl)benzoate"", '7-Methoxydiderroside', 'Diderroside', ""6'-Acetyl-β-D-glucopyranosyldiderroside"", 'Secoxyloganin', '2,3-dihydro-4,9-dihydroxy-2-(2-hydroxy-propan-2-yl)- 11-methoxy-10-methylfuro[3,2-b]acridin-5(10H)-one', 'bis-5-hydroxyacronycine', 'Citibrasine', ""Rel-(7R,8S,7'S,8'S)-4'-hydroxy-3,4,5,3',5'-pentamethoxy-7,7'-epoxylignan"", ""Rel-(7R,8S,7'S,8'S)-4,5,4',5'-dimethylenedioxy-3,3'-dimethoxy-7,7'-epoxylignan"", ""Rel-(7R,8S,7'S,8'S)-4-hydroxy-4',5'-methylenedioxy-3,5,3'-trimethoxy-7,7'-epoxylignan"", ""Rel-(7R,8S,7'S,8'S)-4',5'-methylenedioxy-3,4,5,3'-tetramethoxy-7,7'-epoxylignan"", ""Rel-(7R,8S,7'S,8'S)-9-hydroxy-4',5'-methylenedioxy-3,4,5,3'-tetramethoxy-7,7'-epoxylignan"", '3,4-dihydro-3,5,8-trihydroxy-6-methoxy-2,2,7-trimethyl-2Hpyrano[ 2,3-a]acridin-12(7H)-one', '1,3,5-trihydroxy- 2,8-bis(3-methylbut-2-enyl)-10-methyl-9-acridone', 'Pyranofoline', '5-hydroxynoracronycine; Atalaphyllidine', 'Glycocitrine-IV', 'Citrusinine-I', 'Glycocitrine-I', 'Citrusinine-II', '1,3,5-trihydroxy-4-methoxy-10-methyl- 2,8-bis(3-methylbut-2-enyl)acridin-9(10H)-one', 'Stearic acid 4-pentoyloxyphenethyl ester', 'Verrucosin', 'Epi-guaiacin', 'Nectandrin B', '7-Methyl-sargachromenol; 2,7,8-Trimethyl-2-[(3-E,7-Z)-4,12-dimethyl-8-carboxyl-3,7,11-tridecatrienyl]-3-chromen-6-ol, β-caroteno', 'α-Gardiol', 'β-Gardiol', 'Ferulic acid', 'Methacrylic acid', 'Xanthyletin', 'Pellitorine', '(3Z,5Z)-N-isobutyl-8-(30,40-methylenedioxy-phenyl)-heptadienamide', '(Z)-piplartine; 8(Z)-N-(12,13, 14-trimethoxycinnamoyl)- 3-pyridin-2-one', ""N-[3-(6'-methoxy-3',4'-methy-lenedioxyphenyl)-2(Z)-propenoyl]pyrrolidine"", '4,5-dihydropiperyline', 'Piperine', '4,5-dihydropiperlonguminine; Piperlonguminine', '(E)-piplartine', '10,11-dihydropiperine; Δα,β-dihydropiperine', '8,9-dihydropiplartine; N-(12,13,14-trimethoxydihydrocinnamoyl)-Δ3-pyridin-2-one', ""4-Methoxy-3-(3',7'-dimethylocta-2'-E-6'-dienyl)benzoic acid"", 'Methyl-8-hydroxy-2,2-dimethyl-2H-chromene-6-carboxylate', ""3-(3',7 '-dimethyl-2',6 '-octadienyl)-4-methoxy-benzoic acid"", 'cyclo (L)-Pro-Gly', 'Isopimpinellin', 'β-caryophyllene, trans-caryophyllene', 'Cusculine; 1,2,3,5,6-pentamethoxy-9-acridone', 'Cuspanine; 1-hydroxy-2,3,5,6-tetramethoxy-9-acridone', '2α,3α-Dihydroxy-urs-12-en-28-oic acid', '3-O-β-D-(6’-methyl)-glucopyranosyl-28-O-β-D-glucopyranosyl-oleanate', 'Oleanolic acid 3-sophoroside', 'Haplotusine', '5-hydroxyflavone', 'β-Sitosterol benzoate', '2-phenyl-4H-chromen-4-one', 'Sinapyl 4-O-β-D-glucopyranoside aldehyde', 'N-acetylnonaine', 'Sinapyl 4-O-β-D-glucopyranoside alcohol', 'Liriodenine', '[10]-gingerol', ""2,4-Dihydroxy-6-[(1'E,3'E)-penta-1', 3'-dienyl]-benzaldehyde"", '2-methyl-5-[8(Z)-pentadecenyl]resorcinol', 'Nitensidine A', '2-hydroxyphenylacetic acid', '2-methyl-5-pentadecylresorcinol', '3β-hydroxy-stigmast-5-en-7-one; 24-β-7-oxositosterol', 'scillascillin', 'Homoegonol', '[8]-gingerol', '4-Hydroxymellein', '5-hydroxymellein', 'fraxinellonone', 'Dibenzyl sulphide', '(-) Cis-4-hydroxy-6-deoxyscytalone', 'Plumericin', '2,6-di-O-acetylcasearupestrin D', ""Methyl-2,2-dimethyl-8-(3'-methylbut-2'-enyl)chroman-6-carboxylate"", '2,7-Di-O-acetylcasearupestrin A', 'Nitensidine B', '3-O-β-D-quinovopyranosyl quinovic acid', ""8-hydroxy-3,5,7,3',4',5'-hexamethoxyflavonol"", 'Odoratol', 'Leptomerine', '5-hydroxy-N-methylseverifoline', '19,20-Epoxycytochalasin N', 'ellagic acid 4-O-α-L-rhamnopyranoside; eschweilenol C', 'Mayoside C', 'Ourateacatechin', ""3',4',5',5,7-pentamethoxyflavone"", '24-methylenecycloartan-3b-ol', 'Ixoside', '6α-malonyloxy-n-butyl ester manoyl oxide', 'citrusinine-I', 'Ricinine', 'Leptophyllin A', '5-pentadecylresorcinol', '22β-hydroxypristimerin', '1- (5,7-dihydroxy-2,2-dimethylchroman-6-yl)-3-(2,2-dimethylchroman- 6-yl)propan-1-one', 'Canavaline', 'Di-hydrodehydrodiconiferyl alcohol', 'Quercetin', ""2-(2'-O-trans-cinnamoyl)-C-β-D-glucopyranosyl-1,3,6,7-tetrahydroxyxanthone"", 'Kokusaginine', 'Ocotillone', 'des-N-methylnoracronycine', 'Sorbifolin 6-O-β-glucopyranoside', 'Rel-2α-hydroxyzuelanin-6β-benzoate', 'p-hydroxybenzoic acid-geranyl ester', 'Dibenzyl disulphide', 'Proanthocyanidin', 'neoisoastilbin', '(R)-7-Hydroxymellein', '6α-acetoxymanoyl oxide', 'Methyl-8-hydroxy-2,2-dimethylchroman-6-carboxylate', '6α-acetoxy-14β,15β-epoxyazadirone', '19,20-Epoxycytochalasin D', 'fumiquinozoline F', '1-methyl-2-n-nonyl-4-quinolone', '5-[8(Z),11(Z),14-pentadecatrienyl]resorcinol', 'Gallic acid; 3,4,5-trihydroxybenzoic acid', 'Maculosidine', 'Podocarpusflavone A', 'Casearupestrin C', 'urauchimycin A', 'p-Coumaric acid', '(-)-Epigallocatechin', 'Netzahualcoyonol', '1-[3-(3,7-dimethylocta-2,6-dien-1-yl)-2,4,6- trihydroxyphenyl]-3-(4-hydroxyphenyl)propan-1-one', 'Isopropyl gallate', '6β-hydroxy-7-epigardoside methyl ester', 'Tetrahydropiperyline, N-[10-(13,14-methylenedioxyphenyl)-pentanoyl]-pyrrolidine', 'Piperovatine', '2,4,6-trimethoxybenzoic acid', '1-O-(E)-caffeoyl-β-D-glucopyranoside', 'Quercitrin, 3-O-α-rhamnosylquercetin', 'Caseobliquin A', 'Methyl angolensate', ""5-(3'' -Hydroxypropyl)-7-methoxy-2-(3',4' -methyl-enedioxyphenyl)benzofuran"", 'Skimmianine', '2-methyl-5-[8(Z),11(Z),14-pentadecatrienyl]resorcinol', '20-hydroxyecdysone; polypodine A', '3-Acetyl aleuritolic acid', 'Alkenoic acid', 'Quercetin 3-O-α-L-rhamnopyranosyl (1→6)-O-[β -D-glucopyranosyl (1→3)-O-α-L-rhamnopyranosyl-(1→2)]-O-β -D-glucopyranosyl', 'Heveaflavone', 'Arboreumine', '3-Oxoursolic acid', 'Casearupestrin B', 'Kaempferol 3-O-α-L-rhamnopyranosyl (1→6)-O-[β -D-glucopyranosyl (1→3)-O-α-L-rhamnopyranosyl-(1→2)]-O-β -D-glucopyranosyl', '3β-O-[α-L-rhamnopyranosyl-(1→2)-O-β-D-glucopyranosyl-(1→2)-O-β-D-glucopyranosyl]-28-O-β-D-glucopyranoside pomolate', 'Dibenzyl tetrasulphide', ""2',5-dihydroxy-3-methoxy-8-dimethylallyl-6, 7-(2' ',2''-dimethylpyrano)-dihydroflavonol"", '2-n-nonyl-4-quinolone', 'Cytochalasin D', 'Isoorientin', 'toonacilin', 'Uracil', 'epoxy-fraxinellone', '12′-hydroxy-7′-multijuguinone', 'Kaempferitrin', 'Nitensidine C', 'Dipropyl disulphide', '2-methyl-5-[8(Z),11(Z)-pentadecadienyl]resorcinol', 'Methyl 6,7,8-trimethoxydihydrocinnamate', '2-Hexyl-3-methyl-butanodioic acid', 'fraxinellone', '6-[ 8(Z),11(Z) -pentadecadienyl] salicylic acid', '1-O-(E)-feruloyl-β-D-glucopyranoside', '6α-malonyloxymanoyl oxide', 'Benzylhydroxymethyl sulphide', '1,6-di-O-caffeoyl-β-D-glucopyranoside', 'Casearin X; (1R*,3S*,5S*,6aR*,7S*,8S*,10R*,10aR*)-1-(Acetyloxy)-3,5,6,6a,7,8,9,10-octahydro-10-hydroxy-7,8-dimethyl-7-[(2Z)-3-methylpenta-2,4-dien-1-yl]naphtho[1,8a-c]furan-3,5-diyl Dibutanoate', ""2-(R)-Methyl-6-(S)-(tetradecyl-13'-one)-3(R)-O-tert-butyldimethylsilyl-piperidine"", '(2S)-Methyl-2-methyl-8-(3""-methylbut-2""-enyl)-2-(4\'-methylpent-3\'-enyl)-2H-chromene-6-carboxylate', 'Casearin T', '28-O-β-D-glucopyranosyl quinovic acid', '2-Methyl-4-hydroxy-butyl caffeoate', 'N-1,N-2,N-3-Triisopentenylguanidine', 'Dibenzyl trisulphide', 'Maytenin, Tingenone', 'urauchimycin B', ""2-(2'-O-trans-caffeoyl)-C-β-D-glucopyranosyl-1,3,6,7-tetrahydroxyxanthone"", 'Netzahualcoyene', 'Casearin X Dialdehyde; (2R*,4aS*,5S*,7R*,8R*,8aS*)-4,4a-Diformyl-1,2,4a,5,6,7,8,8a-octahydro-5-hydroxy-7,8-dimethyl-8-[(2Z)-3-methylpenta-2,4-dien-1-yl]naphthalen-2-yl Butanoate', 'polypodine B', 'n-Propyl gallate', ""3',4',5',5,7,8-hexamethoxyflavone"", 'Quercetin 3-O-sophoroside', '(3R,4R)-3,4-Dihydro-4,6-dihydroxy-3-methyl-1-oxo-1H-isochromene-5-carboxylic acid', '24-methylene-3,22-dihydroxycholesterol', 'amorphispironone', 'Casearupestrin D', 'Chaetoglobosin B', ""2-(2'-O-benzoyl)-C-β-D-glucopyranosyl-1,3,6,7-tetrahydroxyxanthone"", '19,20-Epoxycytochalasin C', 'n-Pentyl gallate', 'Orcinol', 'Periconicin B', 'Phomopsilactone', ""(2S)-8-Isopentyl-2-methyl-2-(4'-methylpentyl)chroman-6-carboxylic acid"", '2,2-dimethyl-2H-chromene-6-carboxylic acid', '1,2-dihydro- 3β-hydroxy-7-deacetoxy-7-oxogedunin', 'Photogedunin', '(2S)-2-methyl-8-(3""-methylbut-2""-enyl)-2-(4\'-methylpent-3\'-enyl)-2H-chromene-6-carboxylic acid', 'Burchellin', '5-[8(Z)-pentadecenyl]resorcinol', 'Luteolin; 2-(3,4-dihydroxyphenyl)-5,7-dihydroxy-4H-chromen-4-one', 'Sinapic acid', '19,20-Epoxycytochalasin Q', '19,20-Epoxycytochalasin R', 'Muraxanthone', 'Piperyline, N-[10-(13,14-methylenedioxyphenyl)-7(E),9(E)-pentadienoyl]-pyrrolidine', 'ω-fenil alcanoic acid', '2-butyl-D-fructofuranoside', ""Gaudichaudianic acid; (2S)-2-methyl-2-(4'methyl-3'-pentenyl)-8-(3''-methyl-2-butenyl)- 2H-1-benzopyran-6-carboxylic acid"", 'limonexic acid', 'Pedalitin', 'Di(benzyltrithio) methane', '3,11,12-Trihydroxycadalene', 'Casearupestrin A', '2-oxo-piperol B; (7S*, 8R*, 1R*, 3R*)-3,4,5-trimethoxy-3,7-cyclo-8,1-neolig-8-ene-2,4(3H)-dione', 'taxifolin', ""(2'S)-2-(propan-2'-ol)-5-hydroxy-benzopyran-4-one"", 'Rel-(+)-(7S,9R,10S)-3,9,12-trihydroxycalamenene', 'Casearin S', '11β-acetoxyobacunone', '1-(5,7-dihydroxy-2,2-dimethylchroman- 6-yl)-3-[4-hydroxy-3-(3-methylbut-2-en-1-yl)- phenyl]propan-1-one', '(3R,4R)-4,7-Dihydroxymellein', ""Nitensoside B; Pedalitin 6-O-α-rhamnopyranosyl(1'''→6'')-β-glucopyranoside"", 'Amentoflavone', 'Odoratone', 'Rel-6β-hydroxyzuelanin-2β-benzoate', 'Isoplumericin', 'α-L-xylopyranosyl-(4""→20)-(3-O-β-D-glucopyranosyl)-1\'-O-E-caffeoyl-β-D-glucopyranoside', '6-[8(Z)-pentadecenyl]salicylic acid', 'Pedalin, pedalitin 6-O-β -glucopyranoside', 'Caseargrewiin F; (1R*,3S*,5S*,6aR*,7S*,8R*,10R*,10aR*)-1,3-Bis(acetyloxy)-3,5,6,6a,7,8,9,10-octahydro-10-hydroxy-7,8-dimethyl-7-[(2Z)-3-methylpenta-2,4-dien-1-yl]naphtho[1,8a-c]furan-5-yl Butanoate', 'Casearin L; (1R*,3S*,5S*,6aR*,7R*,8R*,9S*,10S*,10aR*)-1,10-Bis(acetyloxy)-3,5,6,6a,7,8,9,10-octahydro-9-hydroxy-5-methoxy-7,8-dimethyl-7-[(2Z)-3-methylpenta-2,4-dien-1-yl]naphtho[1,8a-c]-furan-3-yl Butanoate', 'Netzahualcoyondiol', 'Pristimerin; 20α-3-hydroxy-2-oxo-24-nor-friedela-1-10,3,5,7-tetraen-carboxylic acid-29-methylester', '3,4,5-trimethoxyphenyl 1-O-β-D-apiofuranosyl-(1→6)-O-β-D-glucopyranoside', 'β-photogedunin', 'n-Butyl gallate', ""5-[3''-(β-D-glucopyranosyloxy)propyl]-7-methoxy-2-(3',4'-dimethoxyphenyl)benzofuran"", '3,12-Dihydroxycadalene', '7-hydroxy-3- (11-dimethylallyl)-8-methoxycoumarin', ""N-[7-(3',4'-methylenedioxyphenyl)-2(Z),4(Z)-heptadienoyl]pyrrolidine"", ""Acteoside; [β-3,4-dihydroxyphenyl)-ethyl]-(3'-O-α-L-rhamnopyranosyl)-(4'-O-cafeoyl)-β-D-glycopyranoside, verbascoside"", 'Piperol B', '(-)-Hardwickiic acid', ""5-[3''-(β-D-glucopyranosyloxy)propyl]-7-methoxy-2-(3',4'-methylenedioxyphenyl)benzofuran"", '3,4,5-Triacetoxybenzoic acid', '1-(5,7-dihydroxy-2,2-dimethylchroman-6-yl)-3-(1,1,4a-trimethyl-2,3,4,4a,9a-hexahydro-1H-xanthen-7-yl)propan-1-one', 'Methyl (E)-6,7,8-trimethoxycinnamate', '3,4,5-Trimethoxyphenyl-1-O-β-D-(5-O-syringoyl)-apiofuranosyl-(1→6)-β-D-glucopyranoside', '6-[8(Z),11(Z),14-pentadecatrienyl]salicylic acid', 'Sorbifolin', ""Nitensoside A; Sorbifolin 6-O-α-rhamnopyranosyl(1'''→6'')-β-glucopyranoside"", 'Casearin O; (1R*,3S*,5S*,6aR*,7R*,8R*,9S*,10S*,10aR*)-1,10-Bis(acetyloxy)-5-methoxy-7,8-dimethyl-7-[(2Z)-3-methylpenta-2,4-dien-1-yl]-3,5,6,6a,7,8,9,10-octahydronaphtho[1,8a-c]furan-3,9-diyl Dibutanoate', 'shidasterone', '5-hydroxymethyl- 2-furancarboxaldehyde; 5-hydroxymethyl-2-furfuraldehyde', 'atalaphyllinine', 'N-[10- (13,14-methylenedioxyphenyl)-7(E)-pentaenoyl]-pyrrolidine', '2-Methyl-5-methoxy-benzopyran-4-one', '3,4-dihydroxybenzoic acid geranyl ester', 'N-[10-(13,14-methylenedioxyphenyl)-7(E),9(Z)-pentadienoyl]-pyrrolidine', 'Gedunin', '3-O-β-D-quinovopyranosyl cincholic acid', 'Afzelin, 3-O-α-rhamnosyl kaempferol', 'Egonol', '4-Nerolidilcatechol', ""2-(2'-O-transcoumaroyl)-C-β-D-glucopyranosyl-1,3,6,7-tetrahydroxyxanthone"", 'Syringic acid', '(+)-3-O-feruloylcassine', '6-pentadecylsalicylic acid', 'Methyl-2,2-dimethylchroman-6-carboxylate', ""Myrsinoic acid A, 3-Geranyl-4-hydroxy-5-(3'',3''-dimethylallyl)benzoic acid"", '20α-Hydroxymaytenin; 20-hydroxy-20-epi-tingenone', 'Platydesmine', 'Leiokinine A', 'Cabraleadiol', 'schaftoside', ""(2S)-Methyl-8-isopentyl-2-methyl-2-(4'-methylpentyl)chroman-6-carboxylate"", '(-)-Epigallocatechin-3-O-gallate', 'Casearin D; (1R*,3S*,5S*,6aR*,7R*,8R*,9S*,10S*,10aR*)-1-(Acetyloxy)-3,5,6,6a,7,8,9,10-octahydro-5,10-dihydroxy-7,8-dimethyl-7-[(2Z)-3-methylpenta-2,4-dien-1-yl]naphtho[1,8a-c]furan-3,9-diyl Dibutanoate', 'Rel. (+)-(7S,10S) 3,12-dihydroxycalamenene', 'carlinoside', 'Methyl-8-(ethanoyloxy)-2,2-dimethyl-2H-chromene-6-carboxylate', 'arjunolic acid', 'stachysterone', 'Ethyl 2,4-dihydroxy-5,6-dimethylbenzoate', 'Amentoflavone 7”,4”’-dimethyl ether', 'Picramnioside F', 'Lauryl gallate', 'Syringaldehyde', '22-hydroxytirucalla-7,24-diene-2,3-dione', 'Trans-3’-methylsulphonylallyl trans-cinnamate', 'germacrene D', 'Methyl gallate', '5-[8(Z),11(Z)-pentadecadienyl]resorcinol', '(-)-Spectalinine', '(3-(2-(4-hydroxyphenyl)-2-oxoethyl)-5,6-dihydropyridin- 2(1H)-one)', 'Mangiferin', 'Salacin', 'Viburgenin', ""Pterogynoside; Kaempferol-3-O-(3''-O-4'''-methylgallate-α-L-rhamnoside)"", 'Isobutyl gallate', '7′-multijuguinone', 'Griseofulvin', ""7-Hydroxy-4',6-dimethoxyisoflavone; Afrormosin; Afromosin"", '8-methoxymellein', '(±)-Syringaresinol', 'Cyclo-(L-Pro-L-Val)', 'Acetonide of odoratol', '(−)-Grandisin', '2β-Hydroxyzuelanin-6β-cinnamate', 'Cognatine', 'Fagaramide', 'Chalepin', 'Chlorogenic acid', '(4R)-4,8-dihydroxy-α-tetralone', 'Kaempferol']]",doi_name
"['10.1016/j.phytochem.2004.03.039', 'Netzahualcoyonol']","['10.1016/j.phytochem.2004.03.039', [""Rel-(7R,8S,7'S,8'S)-4-hydroxy-4',5'-methylenedioxy-3,5,3'-trimethoxy-7,7'-epoxylignan"", ""Rel-(7R,8S,7'S,8'S)-4'-hydroxy-3,4,5,3',5'-pentamethoxy-7,7'-epoxylignan"", ""Rel-(7R,8S,7'S,8'S)-4',5'-methylenedioxy-3,4,5,3'-tetramethoxy-7,7'-epoxylignan"", ""Rel-(7R,8S,7'S,8'S)-9-hydroxy-4',5'-methylenedioxy-3,4,5,3'-tetramethoxy-7,7'-epoxylignan"", ""Rel-(7R,8S,7'S,8'S)-4,5,4',5'-dimethylenedioxy-3,3'-dimethoxy-7,7'-epoxylignan"", 'Teucrein', '11-O-trans-feruloylteucrein', 'Galioside', 'Apodanthoside', 'Galioside aglicone', 'guaiol', 'Hinesol', 'γ-eudesmol', 'α-eudesmol', ""3',4'-methylenedioxy-5,6,7- trimethoxyflavone"", ""2'-hydroxy-3,4,4'-trimethoxy-5',6'-(2'',2''-dimethylpyrano)-chalcone"", ""3',4'-methylenedioxy-5,5',6,7-tetramethoxyflavone"", ""3',4'-methylenedioxy-5,7-dimethoxyflavone"", 'Nectandrin B', 'Epi-guaiacin', 'Verrucosin', '7-Methyl-sargachromenol; 2,7,8-Trimethyl-2-[(3-E,7-Z)-4,12-dimethyl-8-carboxyl-3,7,11-tridecatrienyl]-3-chromen-6-ol, β-caroteno', '9-hydroxyeugenin', 'Eugenitin', 'Mycoleptone A', 'Austdiol', '6-methoxyeugenin', 'Mycoleptone A tetraacetate', 'Mycoleptone B', 'Austdiol diacetate', 'Secoxyloganin', 'Diderroside', ""6'-Acetyl-β-D-glucopyranosyldiderroside"", '7-Methoxydiderroside', '2,3-dihydro-4,9-dihydroxy-2-(2-hydroxy-propan-2-yl)- 11-methoxy-10-methylfuro[3,2-b]acridin-5(10H)-one', 'Citibrasine', 'bis-5-hydroxyacronycine', 'Xanthyletin', ""2-(1'-pentenyl)-Quinoline"", '2-n-Propylquinoline', ""2-(3',4'-methylenedioxyphenylethyl)-Quinoline"", '2-n-Pentylquinoline', '21α,25-dimethylmelianodiol', '21β,25-dimethylmelianodiol', '3,21-Di-epi-feroniellide B', 'Pellitorine', '(3Z,5Z)-N-isobutyl-8-(30,40-methylenedioxy-phenyl)-heptadienamide', '10,11-dihydropiperine; Δα,β-dihydropiperine', '(Z)-piplartine; 8(Z)-N-(12,13, 14-trimethoxycinnamoyl)- 3-pyridin-2-one', ""N-[3-(6'-methoxy-3',4'-methy-lenedioxyphenyl)-2(Z)-propenoyl]pyrrolidine"", '4,5-dihydropiperlonguminine; Piperlonguminine', 'Piperine', '4,5-dihydropiperyline', '(E)-piplartine', '8,9-dihydropiplartine; N-(12,13,14-trimethoxydihydrocinnamoyl)-Δ3-pyridin-2-one', ""3-(3',7 '-dimethyl-2',6 '-octadienyl)-4-methoxy-benzoic acid"", ""4-Methoxy-3-(3',7'-dimethylocta-2'-E-6'-dienyl)benzoic acid"", 'Methyl-8-hydroxy-2,2-dimethyl-2H-chromene-6-carboxylate', 'cyclo (L)-Pro-Gly', 'α-Gardiol', 'β-Gardiol', 'Ferulic acid', 'Isopimpinellin', '17-(3,4-Methylenedioxyphenyl)-heptadecanoic acid', ""7,4'-Dimethoxyflavone"", 'Sargaquinoic acid', 'Sargachromenol', ""7,4'-Dihydroxyflavone"", '19´-(3,4-Methylenedioxyphenyl)-nonadecanoic acid', 'Farnisine', '(+)-Guaiacin', '21´-(3,4-Methylenedioxyphenyl)-henicosanoic acid', 'Tithonine', 'Fasciculiferin', ""Juruenolic acid; 2-(4'-Methylpentenyl-3)-10-oxoundecan-2,6-dienoic acid"", 'Methyl 2,2-dimethyl-1-oxo-2H-1-benzopyran-6-carboxylate', ""Methyl taboganate; Methyl 4-hydroxy-3-(3'-methyl-1'-oxo-2'-butenyl)benzoate"", ""Methyl 4-hydroxy-3-(3'-methyl-2'-butenyl)benzoate"", ""4-Hydroxy-3-(3',7'-dimethylocta-2'-E-6'-dienyl)benzoic acid"", ""2',6'-Dihydroxy-4'-methoxydihydrochalcone"", '3,4,5-Trimethoxydihydrocinnamic acid', 'Piperaduncine B', ""Hostmaniene; 4-Hydroxy-3-(2',3'-dihydroxy-3'-methylbutyl)benzoate"", ""Aduncumene; Methyl 2-methoxy-5-(3'-methyl-1'-oxo-2'-butenyl)benzoate"", ""Methyl 4-hydroxy-3-(3'-methyl-2'-hydroxy-3'-butenyl)benzoate"", ""4-Hydroxy-(3',7'-dimethyl-1'-oxo-octa-2'-Z-6'-dienyl)benzoic acid"", 'Chlorogenic acid methyl ester, Methyl (1S,3R,4R,5R)-3-{[(2E)-3-(3,4-dihydroxyphenyl)-2-propenoyl]oxy}-1,4,5-trihydroxycyclohexanecarboxylate', '5,7-dimethoxy-2,2-dimethyl-2H-1-benzopyran-6-propanoate', '1,3,5-trihydroxy- 2,8-bis(3-methylbut-2-enyl)-10-methyl-9-acridone', 'Pyranofoline', '3,4-dihydro-3,5,8-trihydroxy-6-methoxy-2,2,7-trimethyl-2Hpyrano[ 2,3-a]acridin-12(7H)-one', '5-hydroxynoracronycine; Atalaphyllidine', 'Glycocitrine-I', 'Citrusinine-I', 'Glycocitrine-IV', 'Citrusinine-II', '1,3,5-trihydroxy-4-methoxy-10-methyl- 2,8-bis(3-methylbut-2-enyl)acridin-9(10H)-one', '6-Hydroxy-rutin', 'Kaempferol-3-O-α-L-rhamnopyranosyl-(1→6)-β-D-galactopyranoside', 'Kaempferol-3-O-rutinoside', 'Quercetin-3-O-α-L-rhamnopyranosyl-(1→6)-β-D-galactopyranoside', 'Kaempferol-3-O-D-galactopyranoside', 'Kaempferol-3-O-D-glucopyranoside', 'Procyanidin B-3', 'Catechin, Ent-catechin', 'Kaempferol-3-O-α-L-rhamnopyranosyl-(1-6)-α-L-rhamnopyranosyl-(1-4)-β-D-glucopyranoside', '(-)-3-O-acetyl-spectaline', '(+)-Erythravine', '(+)-α-Hydroxyerysotrine', '(+)-11α-Hydroxyerythravine', 'Taraxerol acetate', 'β-caryophyllene, trans-caryophyllene', ""3,4-dimethyl-2-(4'-hydroxy-3',5'-dimethoxyphenyl)-5-methoxy-tetrahydrofuran"", 'Nitensidine E', 'Nitensidine D', 'penduletin 4-O-methyl ether', '3,3-O-dimethylquercetin', '2α,3α,19α- trihydroxyurs-12-en-28-oic acid', '3-O-methylquercetin', 'acacetin', '2α,3α-dihydroxyolean-12- en-28-oic acid', 'p-hydroxybenzoic acid', 'Chrysoeriol', '3,7,4-O-trimethylkaempferol', 'Tagitinin C', '1-methoxy-3-hydroxy-3,10b-4,5a-diepoxy-8b-isobutyroyloxygermacr-11(13)-en-6a,12-olide', '5,7-dimethoxy-2,2-dimethyl-2H-1-benzopyran-6-propanoic acid', ""3',4',5',3,5,7,8-heptamethoxyflavone"", ""3,5,6,7,3',4',5'-heptamethoxyflavonol"", 'Stearic acid 4-pentoyloxyphenethyl ester', ""4-Hydroxy-3-(3',7'-dimethyl-3'-hydroxy-1'-oxo-6'-octenyl)benzoic acid"", ""1,4-Dihydroxy-2-(3',7'-dimethyl-1'-oxo-2'-E-6'-octadienyl)benzene"", ""Sakuranetin; 5,4'-dihydroxy-7-methoxyflavanone"", ""Isosakuranetin; 5,7-dihydroxy-4'-methoxyflavanone"", ""4-Hydroxy-(3',7'-dimethyl-1'-oxo-octa-2'-E-6'-dienyl)benzoic acid"", 'Aphidicolin', ""Isoswertisin-2''α1-L-rhamnoside"", 'Clusifoliol', ""Isoswertisin-4'-methyl-ether-2''α-L-rhamnoside"", '2-Episesalatin', 'Sesartemin', 'astilbin; Rel-(2R, 3R)-dihydroquercetin-3-O-±-L-rhamnoside', 'Beauvericin', 'Anhydrofusarubin', 'Methyl (3R,4R,5R)-3-{[(2Z)-3-(3,4-dihydroxyphenyl)-2-propenoyl]oxy}-1,4,5-trihydroxycyclohexanecarboxylate', 'Methyl (3R,4R,5R)-3-{[(2E)-3-(3,4-dihydroxyphenyl)-2-propenoyl]oxy}-1,4,5-trihydroxycyclohexanecarboxylate', 'Methacrylic acid', 'Deoxycordifoline', '3,4-dehydrostrictosidine acid', 'Harman-3-carboxylic acid', 'Turbinatine', '5α-carboxystrictosidine', '3,4-dehydro-strictosidine', 'Cordifoline', 'Strictosidine acid', 'Piscidinol A', 'Pentaol', 'cryptomeridiol', 'Iso-odoratol', '3,11-dioxoolean-12-en-28- onic acid', 'Oleanonic acid', 'Hispidol A', 'Nilocetin', '4-metoxi-6-[2-(metilamino)fenil]- 2H-piran-2-ona', '(22E,24R)-ergosta-4,6,8(14),22-tetraen-3-one', 'Dimethyl terephthalate', 'Pimara-7,15-dien-3β-ol', 'Ergosterol peroxide', '8-hydroxy-6-methoxy-3-methylisocoumarin', 'Cusculine; 1,2,3,5,6-pentamethoxy-9-acridone', 'Cuspanine; 1-hydroxy-2,3,5,6-tetramethoxy-9-acridone', '2α,3α-Dihydroxy-urs-12-en-28-oic acid', '3-O-β-D-(6’-methyl)-glucopyranosyl-28-O-β-D-glucopyranosyl-oleanate', 'Oleanolic acid 3-sophoroside', 'Haplotusine', 'β-Sitosterol benzoate', '5-hydroxyflavone', '2-phenyl-4H-chromen-4-one', 'Sinapyl 4-O-β-D-glucopyranoside aldehyde', 'Sinapyl 4-O-β-D-glucopyranoside alcohol', 'Liriodenine', 'N-acetylnonaine', '[10]-gingerol', ""2,4-Dihydroxy-6-[(1'E,3'E)-penta-1', 3'-dienyl]-benzaldehyde"", '2-methyl-5-[8(Z)-pentadecenyl]resorcinol', 'Kaempferol', '2-hydroxyphenylacetic acid', '3-O-β-D-quinovopyranosyl quinovic acid', '(4R)-4,8-dihydroxy-α-tetralone', 'scillascillin', 'Chlorogenic acid', 'Chalepin', 'Quercitrin, 3-O-α-rhamnosylquercetin', 'Caseobliquin A', 'Methyl angolensate', ""5-(3'' -Hydroxypropyl)-7-methoxy-2-(3',4' -methyl-enedioxyphenyl)benzofuran"", '22β-hydroxypristimerin', '1- (5,7-dihydroxy-2,2-dimethylchroman-6-yl)-3-(2,2-dimethylchroman- 6-yl)propan-1-one', '19,20-Epoxycytochalasin N', 'ellagic acid 4-O-α-L-rhamnopyranoside; eschweilenol C', 'Mayoside C', 'Ourateacatechin', ""3',4',5',5,7-pentamethoxyflavone"", '2-methyl-5-pentadecylresorcinol', '3β-hydroxy-stigmast-5-en-7-one; 24-β-7-oxositosterol', 'Gallic acid; 3,4,5-trihydroxybenzoic acid', 'Viburgenin', ""Pterogynoside; Kaempferol-3-O-(3''-O-4'''-methylgallate-α-L-rhamnoside)"", 'Isobutyl gallate', '7′-multijuguinone', 'Griseofulvin', ""7-Hydroxy-4',6-dimethoxyisoflavone; Afrormosin; Afromosin"", '8-methoxymellein', '(±)-Syringaresinol', '1-methyl-2-n-nonyl-4-quinolone', '5-[8(Z),11(Z),14-pentadecatrienyl]resorcinol', 'Kokusaginine', ""2-(2'-O-trans-caffeoyl)-C-β-D-glucopyranosyl-1,3,6,7-tetrahydroxyxanthone"", 'Netzahualcoyene', 'Casearin X Dialdehyde; (2R*,4aS*,5S*,7R*,8R*,8aS*)-4,4a-Diformyl-1,2,4a,5,6,7,8,8a-octahydro-5-hydroxy-7,8-dimethyl-8-[(2Z)-3-methylpenta-2,4-dien-1-yl]naphthalen-2-yl Butanoate', 'polypodine B', 'n-Propyl gallate', ""3',4',5',5,7,8-hexamethoxyflavone"", 'Isopropyl gallate', '6β-hydroxy-7-epigardoside methyl ester', 'Nitensidine A', ""8-hydroxy-3,5,7,3',4',5'-hexamethoxyflavonol"", 'Odoratol', 'Leptomerine', '5-hydroxy-N-methylseverifoline', 'Maculosidine', 'Podocarpusflavone A', 'Casearupestrin C', '6α-malonyloxy-n-butyl ester manoyl oxide', 'citrusinine-I', 'Ricinine', 'Leptophyllin A', '5-pentadecylresorcinol', 'Piperol B', '(-)-Hardwickiic acid', ""5-[3''-(β-D-glucopyranosyloxy)propyl]-7-methoxy-2-(3',4'-methylenedioxyphenyl)benzofuran"", '28-O-β-D-glucopyranosyl quinovic acid', '2,6-di-O-acetylcasearupestrin D', ""Methyl-2,2-dimethyl-8-(3'-methylbut-2'-enyl)chroman-6-carboxylate"", '2,7-Di-O-acetylcasearupestrin A', 'Nitensidine B', 'Dibenzyl trisulphide', 'Maytenin, Tingenone', '19,20-Epoxycytochalasin D', 'fumiquinozoline F', 'Kaempferol 3-O-α-L-rhamnopyranosyl (1→6)-O-[β -D-glucopyranosyl (1→3)-O-α-L-rhamnopyranosyl-(1→2)]-O-β -D-glucopyranosyl', '3β-O-[α-L-rhamnopyranosyl-(1→2)-O-β-D-glucopyranosyl-(1→2)-O-β-D-glucopyranosyl]-28-O-β-D-glucopyranoside pomolate', 'Dibenzyl tetrasulphide', ""2',5-dihydroxy-3-methoxy-8-dimethylallyl-6, 7-(2' ',2''-dimethylpyrano)-dihydroflavonol"", '2-n-nonyl-4-quinolone', 'Cytochalasin D', 'Isoorientin', 'Uracil', 'Tetrahydropiperyline, N-[10-(13,14-methylenedioxyphenyl)-pentanoyl]-pyrrolidine', 'Piperovatine', '2,4,6-trimethoxybenzoic acid', '1-O-(E)-caffeoyl-β-D-glucopyranoside', 'urauchimycin A', 'p-Coumaric acid', '(-)-Epigallocatechin', 'Netzahualcoyonol', '1-[3-(3,7-dimethylocta-2,6-dien-1-yl)-2,4,6- trihydroxyphenyl]-3-(4-hydroxyphenyl)propan-1-one', '6α-malonyloxymanoyl oxide', 'Benzylhydroxymethyl sulphide', '1,6-di-O-caffeoyl-β-D-glucopyranoside', '2-methyl-5-[8(Z),11(Z),14-pentadecatrienyl]resorcinol', 'urauchimycin B', 'Homoegonol', '[8]-gingerol', '4-Hydroxymellein', '5-hydroxymellein', '2-Methyl-4-hydroxy-butyl caffeoate', 'N-1,N-2,N-3-Triisopentenylguanidine', '3,4,5-trimethoxyphenyl 1-O-β-D-apiofuranosyl-(1→6)-O-β-D-glucopyranoside', 'fraxinellonone', 'Dibenzyl sulphide', '(-) Cis-4-hydroxy-6-deoxyscytalone', 'Plumericin', '5-[8(Z),11(Z)-pentadecadienyl]resorcinol', '(-)-Spectalinine', '20-hydroxyecdysone; polypodine A', '3-Acetyl aleuritolic acid', 'Alkenoic acid', 'Quercetin 3-O-α-L-rhamnopyranosyl (1→6)-O-[β -D-glucopyranosyl (1→3)-O-α-L-rhamnopyranosyl-(1→2)]-O-β -D-glucopyranosyl', 'Heveaflavone', 'Arboreumine', '3-Oxoursolic acid', 'Casearupestrin B', 'toonacilin', 'ω-fenil alcanoic acid', '2-butyl-D-fructofuranoside', 'Pedalitin', '1-O-(E)-feruloyl-β-D-glucopyranoside', '19,20-Epoxycytochalasin C', 'n-Pentyl gallate', 'Orcinol', 'Periconicin B', 'Phomopsilactone', ""(2S)-8-Isopentyl-2-methyl-2-(4'-methylpentyl)chroman-6-carboxylic acid"", '2,2-dimethyl-2H-chromene-6-carboxylic acid', '1,2-dihydro- 3β-hydroxy-7-deacetoxy-7-oxogedunin', 'Photogedunin', 'Casearin X; (1R*,3S*,5S*,6aR*,7S*,8S*,10R*,10aR*)-1-(Acetyloxy)-3,5,6,6a,7,8,9,10-octahydro-10-hydroxy-7,8-dimethyl-7-[(2Z)-3-methylpenta-2,4-dien-1-yl]naphtho[1,8a-c]furan-3,5-diyl Dibutanoate', 'Netzahualcoyondiol', 'Pristimerin; 20α-3-hydroxy-2-oxo-24-nor-friedela-1-10,3,5,7-tetraen-carboxylic acid-29-methylester', 'Isoplumericin', 'Skimmianine', 'p-hydroxybenzoic acid-geranyl ester', 'Dibenzyl disulphide', 'β-photogedunin', 'n-Butyl gallate', ""5-[3''-(β-D-glucopyranosyloxy)propyl]-7-methoxy-2-(3',4'-dimethoxyphenyl)benzofuran"", '3,12-Dihydroxycadalene', '7-hydroxy-3- (11-dimethylallyl)-8-methoxycoumarin', ""N-[7-(3',4'-methylenedioxyphenyl)-2(Z),4(Z)-heptadienoyl]pyrrolidine"", ""Acteoside; [β-3,4-dihydroxyphenyl)-ethyl]-(3'-O-α-L-rhamnopyranosyl)-(4'-O-cafeoyl)-β-D-glycopyranoside, verbascoside"", 'α-L-xylopyranosyl-(4""→20)-(3-O-β-D-glucopyranosyl)-1\'-O-E-caffeoyl-β-D-glucopyranoside', ""2-(R)-Methyl-6-(S)-(tetradecyl-13'-one)-3(R)-O-tert-butyldimethylsilyl-piperidine"", '(2S)-Methyl-2-methyl-8-(3""-methylbut-2""-enyl)-2-(4\'-methylpent-3\'-enyl)-2H-chromene-6-carboxylate', 'Casearin T', 'Piperyline, N-[10-(13,14-methylenedioxyphenyl)-7(E),9(E)-pentadienoyl]-pyrrolidine', 'Sinapic acid', '19,20-Epoxycytochalasin Q', '19,20-Epoxycytochalasin R', 'Muraxanthone', '3,4,5-Triacetoxybenzoic acid', ""Gaudichaudianic acid; (2S)-2-methyl-2-(4'methyl-3'-pentenyl)-8-(3''-methyl-2-butenyl)- 2H-1-benzopyran-6-carboxylic acid"", 'limonexic acid', 'Di(benzyltrithio) methane', '3,11,12-Trihydroxycadalene', 'Quercetin 3-O-sophoroside', '(3R,4R)-3,4-Dihydro-4,6-dihydroxy-3-methyl-1-oxo-1H-isochromene-5-carboxylic acid', '24-methylene-3,22-dihydroxycholesterol', 'amorphispironone', 'Casearupestrin D', 'Chaetoglobosin B', ""2-(2'-O-benzoyl)-C-β-D-glucopyranosyl-1,3,6,7-tetrahydroxyxanthone"", 'epoxy-fraxinellone', '12′-hydroxy-7′-multijuguinone', 'Kaempferitrin', 'Nitensidine C', 'Dipropyl disulphide', 'Proanthocyanidin', 'neoisoastilbin', '(R)-7-Hydroxymellein', '6α-acetoxymanoyl oxide', 'Methyl-8-hydroxy-2,2-dimethylchroman-6-carboxylate', 'N-[10-(13,14-methylenedioxyphenyl)-7(E),9(Z)-pentadienoyl]-pyrrolidine', '6-[8(Z)-pentadecenyl]salicylic acid', '(2S)-2-methyl-8-(3""-methylbut-2""-enyl)-2-(4\'-methylpent-3\'-enyl)-2H-chromene-6-carboxylic acid', 'Burchellin', '5-[8(Z)-pentadecenyl]resorcinol', 'Luteolin; 2-(3,4-dihydroxyphenyl)-5,7-dihydroxy-4H-chromen-4-one', 'Platydesmine', 'Leiokinine A', 'Cabraleadiol', 'schaftoside', ""(2S)-Methyl-8-isopentyl-2-methyl-2-(4'-methylpentyl)chroman-6-carboxylate"", 'Casearupestrin A', '2-oxo-piperol B; (7S*, 8R*, 1R*, 3R*)-3,4,5-trimethoxy-3,7-cyclo-8,1-neolig-8-ene-2,4(3H)-dione', 'Odoratone', 'Rel-6β-hydroxyzuelanin-2β-benzoate', 'shidasterone', '5-hydroxymethyl- 2-furancarboxaldehyde; 5-hydroxymethyl-2-furfuraldehyde', 'atalaphyllinine', 'N-[10- (13,14-methylenedioxyphenyl)-7(E)-pentaenoyl]-pyrrolidine', '2-Methyl-5-methoxy-benzopyran-4-one', '3,4-dihydroxybenzoic acid geranyl ester', '6α-acetoxy-14β,15β-epoxyazadirone', '3-O-β-D-quinovopyranosyl cincholic acid', 'Afzelin, 3-O-α-rhamnosyl kaempferol', 'Egonol', '4-Nerolidilcatechol', ""2-(2'-O-transcoumaroyl)-C-β-D-glucopyranosyl-1,3,6,7-tetrahydroxyxanthone"", 'Syringic acid', '(+)-3-O-feruloylcassine', '2-methyl-5-[8(Z),11(Z)-pentadecadienyl]resorcinol', 'Methyl 6,7,8-trimethoxydihydrocinnamate', '2-Hexyl-3-methyl-butanodioic acid', 'fraxinellone', '6-[ 8(Z),11(Z) -pentadecadienyl] salicylic acid', 'Gedunin', 'Pedalin, pedalitin 6-O-β -glucopyranoside', 'Caseargrewiin F; (1R*,3S*,5S*,6aR*,7S*,8R*,10R*,10aR*)-1,3-Bis(acetyloxy)-3,5,6,6a,7,8,9,10-octahydro-10-hydroxy-7,8-dimethyl-7-[(2Z)-3-methylpenta-2,4-dien-1-yl]naphtho[1,8a-c]furan-5-yl Butanoate', 'Casearin L; (1R*,3S*,5S*,6aR*,7R*,8R*,9S*,10S*,10aR*)-1,10-Bis(acetyloxy)-3,5,6,6a,7,8,9,10-octahydro-9-hydroxy-5-methoxy-7,8-dimethyl-7-[(2Z)-3-methylpenta-2,4-dien-1-yl]naphtho[1,8a-c]-furan-3-yl Butanoate', 'carlinoside', 'Methyl-8-(ethanoyloxy)-2,2-dimethyl-2H-chromene-6-carboxylate', 'Amentoflavone', '1-(5,7-dihydroxy-2,2-dimethylchroman-6-yl)-3-(1,1,4a-trimethyl-2,3,4,4a,9a-hexahydro-1H-xanthen-7-yl)propan-1-one', 'Methyl (E)-6,7,8-trimethoxycinnamate', '3,4,5-Trimethoxyphenyl-1-O-β-D-(5-O-syringoyl)-apiofuranosyl-(1→6)-β-D-glucopyranoside', '6-[8(Z),11(Z),14-pentadecatrienyl]salicylic acid', 'taxifolin', ""(2'S)-2-(propan-2'-ol)-5-hydroxy-benzopyran-4-one"", 'Rel-(+)-(7S,9R,10S)-3,9,12-trihydroxycalamenene', 'Casearin S', '11β-acetoxyobacunone', '1-(5,7-dihydroxy-2,2-dimethylchroman- 6-yl)-3-[4-hydroxy-3-(3-methylbut-2-en-1-yl)- phenyl]propan-1-one', '(3R,4R)-4,7-Dihydroxymellein', ""Nitensoside B; Pedalitin 6-O-α-rhamnopyranosyl(1'''→6'')-β-glucopyranoside"", 'Methyl gallate', 'Amentoflavone 7”,4”’-dimethyl ether', 'Picramnioside F', 'Lauryl gallate', 'Syringaldehyde', '22-hydroxytirucalla-7,24-diene-2,3-dione', 'Trans-3’-methylsulphonylallyl trans-cinnamate', '(3-(2-(4-hydroxyphenyl)-2-oxoethyl)-5,6-dihydropyridin- 2(1H)-one)', 'Mangiferin', 'Salacin', '6-pentadecylsalicylic acid', 'Methyl-2,2-dimethylchroman-6-carboxylate', ""Myrsinoic acid A, 3-Geranyl-4-hydroxy-5-(3'',3''-dimethylallyl)benzoic acid"", '20α-Hydroxymaytenin; 20-hydroxy-20-epi-tingenone', '(-)-Epigallocatechin-3-O-gallate', 'Casearin D; (1R*,3S*,5S*,6aR*,7R*,8R*,9S*,10S*,10aR*)-1-(Acetyloxy)-3,5,6,6a,7,8,9,10-octahydro-5,10-dihydroxy-7,8-dimethyl-7-[(2Z)-3-methylpenta-2,4-dien-1-yl]naphtho[1,8a-c]furan-3,9-diyl Dibutanoate', 'Rel. (+)-(7S,10S) 3,12-dihydroxycalamenene', 'Canavaline', 'Di-hydrodehydrodiconiferyl alcohol', 'Quercetin', ""2-(2'-O-trans-cinnamoyl)-C-β-D-glucopyranosyl-1,3,6,7-tetrahydroxyxanthone"", 'Ocotillone', 'des-N-methylnoracronycine', 'Sorbifolin 6-O-β-glucopyranoside', 'Rel-2α-hydroxyzuelanin-6β-benzoate', 'Sorbifolin', ""Nitensoside A; Sorbifolin 6-O-α-rhamnopyranosyl(1'''→6'')-β-glucopyranoside"", 'Casearin O; (1R*,3S*,5S*,6aR*,7R*,8R*,9S*,10S*,10aR*)-1,10-Bis(acetyloxy)-5-methoxy-7,8-dimethyl-7-[(2Z)-3-methylpenta-2,4-dien-1-yl]-3,5,6,6a,7,8,9,10-octahydronaphtho[1,8a-c]furan-3,9-diyl Dibutanoate', 'germacrene D', '2β-Hydroxyzuelanin-6β-cinnamate', 'arjunolic acid', 'stachysterone', 'Ethyl 2,4-dihydroxy-5,6-dimethylbenzoate', 'Cyclo-(L-Pro-L-Val)', 'Acetonide of odoratol', '(−)-Grandisin', '24-methylenecycloartan-3b-ol', 'Ixoside', 'Cognatine', 'Fagaramide']]",doi_name
"['10.1021/np9004079', 'Rel-2α-hydroxyzuelanin-6β-benzoate']","['10.1021/np9004079', ['Teucrein', '11-O-trans-feruloylteucrein', 'Galioside', 'Apodanthoside', 'Galioside aglicone', 'Hinesol', 'guaiol', 'γ-eudesmol', 'α-eudesmol', 'Mycoleptone A', '9-hydroxyeugenin', 'Eugenitin', 'Austdiol diacetate', 'Austdiol', '6-methoxyeugenin', 'Mycoleptone B', 'Mycoleptone A tetraacetate', ""2'-hydroxy-3,4,4'-trimethoxy-5',6'-(2'',2''-dimethylpyrano)-chalcone"", ""3',4'-methylenedioxy-5,6,7- trimethoxyflavone"", ""3',4'-methylenedioxy-5,5',6,7-tetramethoxyflavone"", ""3',4'-methylenedioxy-5,7-dimethoxyflavone"", 'Farnisine', '21´-(3,4-Methylenedioxyphenyl)-henicosanoic acid', 'Sargachromenol', ""7,4'-Dimethoxyflavone"", '19´-(3,4-Methylenedioxyphenyl)-nonadecanoic acid', ""7,4'-Dihydroxyflavone"", 'Sargaquinoic acid', '(+)-Guaiacin', 'Tithonine', ""Juruenolic acid; 2-(4'-Methylpentenyl-3)-10-oxoundecan-2,6-dienoic acid"", 'Fasciculiferin', '17-(3,4-Methylenedioxyphenyl)-heptadecanoic acid', '7-Methoxydiderroside', 'Diderroside', 'Secoxyloganin', ""6'-Acetyl-β-D-glucopyranosyldiderroside"", 'Kaempferol-3-O-rutinoside', 'Catechin, Ent-catechin', 'Kaempferol-3-O-α-L-rhamnopyranosyl-(1→6)-β-D-galactopyranoside', 'Kaempferol-3-O-D-galactopyranoside', 'Kaempferol-3-O-α-L-rhamnopyranosyl-(1-6)-α-L-rhamnopyranosyl-(1-4)-β-D-glucopyranoside', 'Quercetin-3-O-α-L-rhamnopyranosyl-(1→6)-β-D-galactopyranoside', 'Procyanidin B-3', '6-Hydroxy-rutin', 'Kaempferol-3-O-D-glucopyranoside', 'β-Gardiol', 'α-Gardiol', 'Ferulic acid', '(3Z,5Z)-N-isobutyl-8-(30,40-methylenedioxy-phenyl)-heptadienamide', 'Pellitorine', 'Piperine', '10,11-dihydropiperine; Δα,β-dihydropiperine', '4,5-dihydropiperyline', '(E)-piplartine', '(Z)-piplartine; 8(Z)-N-(12,13, 14-trimethoxycinnamoyl)- 3-pyridin-2-one', ""N-[3-(6'-methoxy-3',4'-methy-lenedioxyphenyl)-2(Z)-propenoyl]pyrrolidine"", '4,5-dihydropiperlonguminine; Piperlonguminine', '8,9-dihydropiplartine; N-(12,13,14-trimethoxydihydrocinnamoyl)-Δ3-pyridin-2-one', ""4-Methoxy-3-(3',7'-dimethylocta-2'-E-6'-dienyl)benzoic acid"", ""3-(3',7 '-dimethyl-2',6 '-octadienyl)-4-methoxy-benzoic acid"", 'Methyl-8-hydroxy-2,2-dimethyl-2H-chromene-6-carboxylate', '(+)-α-Hydroxyerysotrine', '(+)-Erythravine', '(+)-11α-Hydroxyerythravine', ""Rel-(7R,8S,7'S,8'S)-4',5'-methylenedioxy-3,4,5,3'-tetramethoxy-7,7'-epoxylignan"", ""Rel-(7R,8S,7'S,8'S)-9-hydroxy-4',5'-methylenedioxy-3,4,5,3'-tetramethoxy-7,7'-epoxylignan"", ""Rel-(7R,8S,7'S,8'S)-4-hydroxy-4',5'-methylenedioxy-3,5,3'-trimethoxy-7,7'-epoxylignan"", ""Rel-(7R,8S,7'S,8'S)-4'-hydroxy-3,4,5,3',5'-pentamethoxy-7,7'-epoxylignan"", ""Rel-(7R,8S,7'S,8'S)-4,5,4',5'-dimethylenedioxy-3,3'-dimethoxy-7,7'-epoxylignan"", 'Isopimpinellin', 'Epi-guaiacin', 'Verrucosin', 'Nectandrin B', '7-Methyl-sargachromenol; 2,7,8-Trimethyl-2-[(3-E,7-Z)-4,12-dimethyl-8-carboxyl-3,7,11-tridecatrienyl]-3-chromen-6-ol, β-caroteno', '2α,3α,19α- trihydroxyurs-12-en-28-oic acid', 'penduletin 4-O-methyl ether', '3,3-O-dimethylquercetin', '3-O-methylquercetin', '2α,3α-dihydroxyolean-12- en-28-oic acid', 'p-hydroxybenzoic acid', 'Chrysoeriol', 'acacetin', '3,7,4-O-trimethylkaempferol', '5,7-dimethoxy-2,2-dimethyl-2H-1-benzopyran-6-propanoate', 'Chlorogenic acid methyl ester, Methyl (1S,3R,4R,5R)-3-{[(2E)-3-(3,4-dihydroxyphenyl)-2-propenoyl]oxy}-1,4,5-trihydroxycyclohexanecarboxylate', '3,21-Di-epi-feroniellide B', '21β,25-dimethylmelianodiol', '21α,25-dimethylmelianodiol', 'Xanthyletin', 'Citibrasine', 'bis-5-hydroxyacronycine', '2,3-dihydro-4,9-dihydroxy-2-(2-hydroxy-propan-2-yl)- 11-methoxy-10-methylfuro[3,2-b]acridin-5(10H)-one', ""4-Hydroxy-(3',7'-dimethyl-1'-oxo-octa-2'-Z-6'-dienyl)benzoic acid"", ""Aduncumene; Methyl 2-methoxy-5-(3'-methyl-1'-oxo-2'-butenyl)benzoate"", ""Methyl 4-hydroxy-3-(3'-methyl-2'-hydroxy-3'-butenyl)benzoate"", 'Methyl 2,2-dimethyl-1-oxo-2H-1-benzopyran-6-carboxylate', ""2',6'-Dihydroxy-4'-methoxydihydrochalcone"", ""Hostmaniene; 4-Hydroxy-3-(2',3'-dihydroxy-3'-methylbutyl)benzoate"", ""4-Hydroxy-3-(3',7'-dimethylocta-2'-E-6'-dienyl)benzoic acid"", 'Piperaduncine B', ""Methyl taboganate; Methyl 4-hydroxy-3-(3'-methyl-1'-oxo-2'-butenyl)benzoate"", '3,4,5-Trimethoxydihydrocinnamic acid', ""Methyl 4-hydroxy-3-(3'-methyl-2'-butenyl)benzoate"", '1,3,5-trihydroxy-4-methoxy-10-methyl- 2,8-bis(3-methylbut-2-enyl)acridin-9(10H)-one', '1,3,5-trihydroxy- 2,8-bis(3-methylbut-2-enyl)-10-methyl-9-acridone', '3,4-dihydro-3,5,8-trihydroxy-6-methoxy-2,2,7-trimethyl-2Hpyrano[ 2,3-a]acridin-12(7H)-one', 'Citrusinine-II', 'Glycocitrine-IV', 'Citrusinine-I', '5-hydroxynoracronycine; Atalaphyllidine', 'Glycocitrine-I', 'Pyranofoline', ""3',4',5',3,5,7,8-heptamethoxyflavone"", ""3,5,6,7,3',4',5'-heptamethoxyflavonol"", 'cyclo (L)-Pro-Gly', 'Aphidicolin', '5,7-dimethoxy-2,2-dimethyl-2H-1-benzopyran-6-propanoic acid', '2-n-Pentylquinoline', ""2-(1'-pentenyl)-Quinoline"", ""2-(3',4'-methylenedioxyphenylethyl)-Quinoline"", '2-n-Propylquinoline', '(-)-3-O-acetyl-spectaline', 'Tagitinin C', '1-methoxy-3-hydroxy-3,10b-4,5a-diepoxy-8b-isobutyroyloxygermacr-11(13)-en-6a,12-olide', ""4-Hydroxy-3-(3',7'-dimethyl-3'-hydroxy-1'-oxo-6'-octenyl)benzoic acid"", ""Isosakuranetin; 5,7-dihydroxy-4'-methoxyflavanone"", ""1,4-Dihydroxy-2-(3',7'-dimethyl-1'-oxo-2'-E-6'-octadienyl)benzene"", ""4-Hydroxy-(3',7'-dimethyl-1'-oxo-octa-2'-E-6'-dienyl)benzoic acid"", ""Sakuranetin; 5,4'-dihydroxy-7-methoxyflavanone"", 'Methyl (3R,4R,5R)-3-{[(2E)-3-(3,4-dihydroxyphenyl)-2-propenoyl]oxy}-1,4,5-trihydroxycyclohexanecarboxylate', 'Methyl (3R,4R,5R)-3-{[(2Z)-3-(3,4-dihydroxyphenyl)-2-propenoyl]oxy}-1,4,5-trihydroxycyclohexanecarboxylate', ""3,4-dimethyl-2-(4'-hydroxy-3',5'-dimethoxyphenyl)-5-methoxy-tetrahydrofuran"", 'Anhydrofusarubin', 'Beauvericin', 'Nitensidine D', 'Nitensidine E', 'Taraxerol acetate', 'Pimara-7,15-dien-3β-ol', '(22E,24R)-ergosta-4,6,8(14),22-tetraen-3-one', 'Dimethyl terephthalate', '8-hydroxy-6-methoxy-3-methylisocoumarin', 'Ergosterol peroxide', 'Pentaol', 'Piscidinol A', 'Iso-odoratol', '3,11-dioxoolean-12-en-28- onic acid', 'cryptomeridiol', 'Oleanonic acid', 'Nilocetin', 'Hispidol A', 'astilbin; Rel-(2R, 3R)-dihydroquercetin-3-O-±-L-rhamnoside', 'Clusifoliol', ""Isoswertisin-4'-methyl-ether-2''α-L-rhamnoside"", ""Isoswertisin-2''α1-L-rhamnoside"", '2-Episesalatin', 'Sesartemin', 'β-caryophyllene, trans-caryophyllene', 'Deoxycordifoline', 'Cordifoline', '3,4-dehydrostrictosidine acid', 'Turbinatine', 'Harman-3-carboxylic acid', 'Strictosidine acid', '3,4-dehydro-strictosidine', '5α-carboxystrictosidine', 'Stearic acid 4-pentoyloxyphenethyl ester', 'Methacrylic acid', '4-metoxi-6-[2-(metilamino)fenil]- 2H-piran-2-ona', 'Cusculine; 1,2,3,5,6-pentamethoxy-9-acridone', 'Cuspanine; 1-hydroxy-2,3,5,6-tetramethoxy-9-acridone', '2α,3α-Dihydroxy-urs-12-en-28-oic acid', 'Oleanolic acid 3-sophoroside', '3-O-β-D-(6’-methyl)-glucopyranosyl-28-O-β-D-glucopyranosyl-oleanate', 'β-Sitosterol benzoate', '5-hydroxyflavone', 'Haplotusine', '2-phenyl-4H-chromen-4-one', 'Sinapyl 4-O-β-D-glucopyranoside aldehyde', 'Sinapyl 4-O-β-D-glucopyranoside alcohol', 'N-acetylnonaine', 'Liriodenine', '[10]-gingerol', ""2,4-Dihydroxy-6-[(1'E,3'E)-penta-1', 3'-dienyl]-benzaldehyde"", '2-methyl-5-[8(Z)-pentadecenyl]resorcinol', 'Kaempferol', '2-hydroxyphenylacetic acid', '3-O-β-D-quinovopyranosyl quinovic acid', '(4R)-4,8-dihydroxy-α-tetralone', 'scillascillin', '3β-hydroxy-stigmast-5-en-7-one; 24-β-7-oxositosterol', 'Kokusaginine', ""2-(2'-O-trans-caffeoyl)-C-β-D-glucopyranosyl-1,3,6,7-tetrahydroxyxanthone"", 'Netzahualcoyene', 'Casearin X Dialdehyde; (2R*,4aS*,5S*,7R*,8R*,8aS*)-4,4a-Diformyl-1,2,4a,5,6,7,8,8a-octahydro-5-hydroxy-7,8-dimethyl-8-[(2Z)-3-methylpenta-2,4-dien-1-yl]naphthalen-2-yl Butanoate', 'polypodine B', 'n-Propyl gallate', ""3',4',5',5,7,8-hexamethoxyflavone"", ""8-hydroxy-3,5,7,3',4',5'-hexamethoxyflavonol"", 'Odoratol', 'Leptomerine', '5-hydroxy-N-methylseverifoline', '19,20-Epoxycytochalasin N', 'ellagic acid 4-O-α-L-rhamnopyranoside; eschweilenol C', 'Mayoside C', 'Ourateacatechin', ""3',4',5',5,7-pentamethoxyflavone"", '2-methyl-5-pentadecylresorcinol', '7′-multijuguinone', 'Griseofulvin', ""7-Hydroxy-4',6-dimethoxyisoflavone; Afrormosin; Afromosin"", '8-methoxymellein', '(±)-Syringaresinol', 'Cyclo-(L-Pro-L-Val)', 'fraxinellonone', ""Methyl-2,2-dimethyl-8-(3'-methylbut-2'-enyl)chroman-6-carboxylate"", '2,7-Di-O-acetylcasearupestrin A', 'Nitensidine B', '1-methyl-2-n-nonyl-4-quinolone', '5-[8(Z),11(Z),14-pentadecatrienyl]resorcinol', 'Piperol B', '(-)-Hardwickiic acid', ""5-[3''-(β-D-glucopyranosyloxy)propyl]-7-methoxy-2-(3',4'-methylenedioxyphenyl)benzofuran"", '28-O-β-D-glucopyranosyl quinovic acid', '2-Methyl-4-hydroxy-butyl caffeoate', 'N-1,N-2,N-3-Triisopentenylguanidine', 'Dibenzyl trisulphide', 'Maytenin, Tingenone', 'Chlorogenic acid', 'Nitensidine A', 'Cytochalasin D', 'Isoorientin', 'Uracil', 'Maculosidine', 'Podocarpusflavone A', 'Casearupestrin C', '6α-malonyloxy-n-butyl ester manoyl oxide', 'citrusinine-I', 'Ricinine', 'Leptophyllin A', '5-pentadecylresorcinol', 'urauchimycin B', 'Homoegonol', '[8]-gingerol', '4-Hydroxymellein', '5-hydroxymellein', 'Pristimerin; 20α-3-hydroxy-2-oxo-24-nor-friedela-1-10,3,5,7-tetraen-carboxylic acid-29-methylester', '3,4,5-trimethoxyphenyl 1-O-β-D-apiofuranosyl-(1→6)-O-β-D-glucopyranoside', 'β-photogedunin', 'n-Butyl gallate', 'Dibenzyl sulphide', '(-) Cis-4-hydroxy-6-deoxyscytalone', 'Plumericin', '5-[8(Z),11(Z)-pentadecadienyl]resorcinol', '(-)-Spectalinine', '19,20-Epoxycytochalasin D', 'fumiquinozoline F', 'Kaempferol 3-O-α-L-rhamnopyranosyl (1→6)-O-[β -D-glucopyranosyl (1→3)-O-α-L-rhamnopyranosyl-(1→2)]-O-β -D-glucopyranosyl', '3β-O-[α-L-rhamnopyranosyl-(1→2)-O-β-D-glucopyranosyl-(1→2)-O-β-D-glucopyranosyl]-28-O-β-D-glucopyranoside pomolate', 'Dibenzyl tetrasulphide', ""2',5-dihydroxy-3-methoxy-8-dimethylallyl-6, 7-(2' ',2''-dimethylpyrano)-dihydroflavonol"", '2-n-nonyl-4-quinolone', ""2-(2'-O-trans-cinnamoyl)-C-β-D-glucopyranosyl-1,3,6,7-tetrahydroxyxanthone"", 'Ocotillone', 'des-N-methylnoracronycine', 'Sorbifolin 6-O-β-glucopyranoside', 'Rel-2α-hydroxyzuelanin-6β-benzoate', '2,6-di-O-acetylcasearupestrin D', 'urauchimycin A', 'p-Coumaric acid', '(-)-Epigallocatechin', 'Netzahualcoyonol', '1-[3-(3,7-dimethylocta-2,6-dien-1-yl)-2,4,6- trihydroxyphenyl]-3-(4-hydroxyphenyl)propan-1-one', '6α-malonyloxymanoyl oxide', 'Benzylhydroxymethyl sulphide', '1,6-di-O-caffeoyl-β-D-glucopyranoside', '2-methyl-5-[8(Z),11(Z),14-pentadecatrienyl]resorcinol', 'Netzahualcoyondiol', 'Alkenoic acid', 'Quercetin 3-O-α-L-rhamnopyranosyl (1→6)-O-[β -D-glucopyranosyl (1→3)-O-α-L-rhamnopyranosyl-(1→2)]-O-β -D-glucopyranosyl', 'Heveaflavone', 'Arboreumine', '3-Oxoursolic acid', 'Casearupestrin B', 'toonacilin', 'Pedalitin', 'Caseobliquin A', 'Methyl angolensate', ""5-(3'' -Hydroxypropyl)-7-methoxy-2-(3',4' -methyl-enedioxyphenyl)benzofuran"", '22β-hydroxypristimerin', '1- (5,7-dihydroxy-2,2-dimethylchroman-6-yl)-3-(2,2-dimethylchroman- 6-yl)propan-1-one', 'Canavaline', 'Di-hydrodehydrodiconiferyl alcohol', 'Quercetin', ""(2S)-8-Isopentyl-2-methyl-2-(4'-methylpentyl)chroman-6-carboxylic acid"", '2,2-dimethyl-2H-chromene-6-carboxylic acid', '1,2-dihydro- 3β-hydroxy-7-deacetoxy-7-oxogedunin', 'Photogedunin', 'Casearin X; (1R*,3S*,5S*,6aR*,7S*,8S*,10R*,10aR*)-1-(Acetyloxy)-3,5,6,6a,7,8,9,10-octahydro-10-hydroxy-7,8-dimethyl-7-[(2Z)-3-methylpenta-2,4-dien-1-yl]naphtho[1,8a-c]furan-3,5-diyl Dibutanoate', 'Skimmianine', 'p-hydroxybenzoic acid-geranyl ester', 'Dibenzyl disulphide', 'Proanthocyanidin', ""5-[3''-(β-D-glucopyranosyloxy)propyl]-7-methoxy-2-(3',4'-dimethoxyphenyl)benzofuran"", '3,12-Dihydroxycadalene', '7-hydroxy-3- (11-dimethylallyl)-8-methoxycoumarin', ""N-[7-(3',4'-methylenedioxyphenyl)-2(Z),4(Z)-heptadienoyl]pyrrolidine"", ""Acteoside; [β-3,4-dihydroxyphenyl)-ethyl]-(3'-O-α-L-rhamnopyranosyl)-(4'-O-cafeoyl)-β-D-glycopyranoside, verbascoside"", '20-hydroxyecdysone; polypodine A', '3-Acetyl aleuritolic acid', 'α-L-xylopyranosyl-(4""→20)-(3-O-β-D-glucopyranosyl)-1\'-O-E-caffeoyl-β-D-glucopyranoside', ""2-(R)-Methyl-6-(S)-(tetradecyl-13'-one)-3(R)-O-tert-butyldimethylsilyl-piperidine"", '(2S)-Methyl-2-methyl-8-(3""-methylbut-2""-enyl)-2-(4\'-methylpent-3\'-enyl)-2H-chromene-6-carboxylate', 'Casearin T', 'Piperyline, N-[10-(13,14-methylenedioxyphenyl)-7(E),9(E)-pentadienoyl]-pyrrolidine', 'ω-fenil alcanoic acid', '2-butyl-D-fructofuranoside', ""Gaudichaudianic acid; (2S)-2-methyl-2-(4'methyl-3'-pentenyl)-8-(3''-methyl-2-butenyl)- 2H-1-benzopyran-6-carboxylic acid"", 'limonexic acid', 'Di(benzyltrithio) methane', '1-O-(E)-feruloyl-β-D-glucopyranoside', '19,20-Epoxycytochalasin C', 'n-Pentyl gallate', 'Orcinol', 'Periconicin B', 'Phomopsilactone', '24-methylene-3,22-dihydroxycholesterol', 'amorphispironone', 'Casearupestrin D', 'Chaetoglobosin B', ""2-(2'-O-benzoyl)-C-β-D-glucopyranosyl-1,3,6,7-tetrahydroxyxanthone"", 'Isoplumericin', 'N-[10-(13,14-methylenedioxyphenyl)-7(E),9(Z)-pentadienoyl]-pyrrolidine', '6-[8(Z)-pentadecenyl]salicylic acid', '(2S)-2-methyl-8-(3""-methylbut-2""-enyl)-2-(4\'-methylpent-3\'-enyl)-2H-chromene-6-carboxylic acid', 'Burchellin', '5-[8(Z)-pentadecenyl]resorcinol', 'Luteolin; 2-(3,4-dihydroxyphenyl)-5,7-dihydroxy-4H-chromen-4-one', 'neoisoastilbin', '(R)-7-Hydroxymellein', '6α-acetoxymanoyl oxide', 'Methyl-8-hydroxy-2,2-dimethylchroman-6-carboxylate', '19,20-Epoxycytochalasin Q', '19,20-Epoxycytochalasin R', 'Muraxanthone', '6α-acetoxy-14β,15β-epoxyazadirone', 'epoxy-fraxinellone', '12′-hydroxy-7′-multijuguinone', 'Kaempferitrin', 'Nitensidine C', 'Dipropyl disulphide', '2-methyl-5-[8(Z),11(Z)-pentadecadienyl]resorcinol', 'Methyl 6,7,8-trimethoxydihydrocinnamate', '2-Hexyl-3-methyl-butanodioic acid', 'fraxinellone', '3,11,12-Trihydroxycadalene', 'Quercetin 3-O-sophoroside', '(3R,4R)-3,4-Dihydro-4,6-dihydroxy-3-methyl-1-oxo-1H-isochromene-5-carboxylic acid', ""(2S)-Methyl-8-isopentyl-2-methyl-2-(4'-methylpentyl)chroman-6-carboxylate"", '6-[ 8(Z),11(Z) -pentadecadienyl] salicylic acid', '3,4,5-Triacetoxybenzoic acid', 'Odoratone', 'Rel-6β-hydroxyzuelanin-2β-benzoate', 'shidasterone', '5-hydroxymethyl- 2-furancarboxaldehyde; 5-hydroxymethyl-2-furfuraldehyde', 'atalaphyllinine', 'N-[10- (13,14-methylenedioxyphenyl)-7(E)-pentaenoyl]-pyrrolidine', '2-Methyl-5-methoxy-benzopyran-4-one', '3,4-dihydroxybenzoic acid geranyl ester', 'Casearupestrin A', '2-oxo-piperol B; (7S*, 8R*, 1R*, 3R*)-3,4,5-trimethoxy-3,7-cyclo-8,1-neolig-8-ene-2,4(3H)-dione', 'taxifolin', ""(2'S)-2-(propan-2'-ol)-5-hydroxy-benzopyran-4-one"", 'Sinapic acid', '6-[8(Z),11(Z),14-pentadecatrienyl]salicylic acid', 'Sorbifolin', 'Rel-(+)-(7S,9R,10S)-3,9,12-trihydroxycalamenene', 'Casearin S', '11β-acetoxyobacunone', '1-(5,7-dihydroxy-2,2-dimethylchroman- 6-yl)-3-[4-hydroxy-3-(3-methylbut-2-en-1-yl)- phenyl]propan-1-one', '(3R,4R)-4,7-Dihydroxymellein', ""Nitensoside B; Pedalitin 6-O-α-rhamnopyranosyl(1'''→6'')-β-glucopyranoside"", 'Gedunin', 'Pedalin, pedalitin 6-O-β -glucopyranoside', 'Caseargrewiin F; (1R*,3S*,5S*,6aR*,7S*,8R*,10R*,10aR*)-1,3-Bis(acetyloxy)-3,5,6,6a,7,8,9,10-octahydro-10-hydroxy-7,8-dimethyl-7-[(2Z)-3-methylpenta-2,4-dien-1-yl]naphtho[1,8a-c]furan-5-yl Butanoate', 'Casearin L; (1R*,3S*,5S*,6aR*,7R*,8R*,9S*,10S*,10aR*)-1,10-Bis(acetyloxy)-3,5,6,6a,7,8,9,10-octahydro-9-hydroxy-5-methoxy-7,8-dimethyl-7-[(2Z)-3-methylpenta-2,4-dien-1-yl]naphtho[1,8a-c]-furan-3-yl Butanoate', 'Platydesmine', 'Leiokinine A', 'Cabraleadiol', 'schaftoside', 'Casearin D; (1R*,3S*,5S*,6aR*,7R*,8R*,9S*,10S*,10aR*)-1-(Acetyloxy)-3,5,6,6a,7,8,9,10-octahydro-5,10-dihydroxy-7,8-dimethyl-7-[(2Z)-3-methylpenta-2,4-dien-1-yl]naphtho[1,8a-c]furan-3,9-diyl Dibutanoate', 'Rel. (+)-(7S,10S) 3,12-dihydroxycalamenene', 'carlinoside', 'Methyl-8-(ethanoyloxy)-2,2-dimethyl-2H-chromene-6-carboxylate', 'Methyl gallate', '3-O-β-D-quinovopyranosyl cincholic acid', 'Afzelin, 3-O-α-rhamnosyl kaempferol', 'Egonol', '4-Nerolidilcatechol', ""2-(2'-O-transcoumaroyl)-C-β-D-glucopyranosyl-1,3,6,7-tetrahydroxyxanthone"", 'Syringic acid', '(+)-3-O-feruloylcassine', 'Amentoflavone', '1-(5,7-dihydroxy-2,2-dimethylchroman-6-yl)-3-(1,1,4a-trimethyl-2,3,4,4a,9a-hexahydro-1H-xanthen-7-yl)propan-1-one', 'Methyl (E)-6,7,8-trimethoxycinnamate', '3,4,5-Trimethoxyphenyl-1-O-β-D-(5-O-syringoyl)-apiofuranosyl-(1→6)-β-D-glucopyranoside', '22-hydroxytirucalla-7,24-diene-2,3-dione', 'Trans-3’-methylsulphonylallyl trans-cinnamate', '(3-(2-(4-hydroxyphenyl)-2-oxoethyl)-5,6-dihydropyridin- 2(1H)-one)', 'Mangiferin', 'Viburgenin', ""Pterogynoside; Kaempferol-3-O-(3''-O-4'''-methylgallate-α-L-rhamnoside)"", 'Isobutyl gallate', ""Nitensoside A; Sorbifolin 6-O-α-rhamnopyranosyl(1'''→6'')-β-glucopyranoside"", 'Casearin O; (1R*,3S*,5S*,6aR*,7R*,8R*,9S*,10S*,10aR*)-1,10-Bis(acetyloxy)-5-methoxy-7,8-dimethyl-7-[(2Z)-3-methylpenta-2,4-dien-1-yl]-3,5,6,6a,7,8,9,10-octahydronaphtho[1,8a-c]furan-3,9-diyl Dibutanoate', 'germacrene D', 'Salacin', '6-pentadecylsalicylic acid', 'Methyl-2,2-dimethylchroman-6-carboxylate', ""Myrsinoic acid A, 3-Geranyl-4-hydroxy-5-(3'',3''-dimethylallyl)benzoic acid"", '20α-Hydroxymaytenin; 20-hydroxy-20-epi-tingenone', '(-)-Epigallocatechin-3-O-gallate', 'Isopropyl gallate', '6β-hydroxy-7-epigardoside methyl ester', 'Tetrahydropiperyline, N-[10-(13,14-methylenedioxyphenyl)-pentanoyl]-pyrrolidine', 'Piperovatine', '2,4,6-trimethoxybenzoic acid', '1-O-(E)-caffeoyl-β-D-glucopyranoside', 'Gallic acid; 3,4,5-trihydroxybenzoic acid', 'Quercitrin, 3-O-α-rhamnosylquercetin', '2β-Hydroxyzuelanin-6β-cinnamate', 'arjunolic acid', 'stachysterone', 'Ethyl 2,4-dihydroxy-5,6-dimethylbenzoate', 'Amentoflavone 7”,4”’-dimethyl ether', 'Picramnioside F', 'Lauryl gallate', 'Syringaldehyde', 'Acetonide of odoratol', '(−)-Grandisin', '24-methylenecycloartan-3b-ol', 'Ixoside', 'Cognatine', 'Fagaramide', 'Chalepin']]",doi_name
"['10.1080/14786410903335232', 'n-Butyl gallate']","['10.1080/14786410903335232', ['guaiol', 'Hinesol', 'γ-eudesmol', 'α-eudesmol', '11-O-trans-feruloylteucrein', 'Teucrein', 'Apodanthoside', 'Galioside', 'Galioside aglicone', ""3,4-dimethyl-2-(4'-hydroxy-3',5'-dimethoxyphenyl)-5-methoxy-tetrahydrofuran"", 'Chlorogenic acid methyl ester, Methyl (1S,3R,4R,5R)-3-{[(2E)-3-(3,4-dihydroxyphenyl)-2-propenoyl]oxy}-1,4,5-trihydroxycyclohexanecarboxylate', '5,7-dimethoxy-2,2-dimethyl-2H-1-benzopyran-6-propanoate', '(+)-Erythravine', '(+)-α-Hydroxyerysotrine', '(+)-11α-Hydroxyerythravine', 'Tagitinin C', '1-methoxy-3-hydroxy-3,10b-4,5a-diepoxy-8b-isobutyroyloxygermacr-11(13)-en-6a,12-olide', ""Isosakuranetin; 5,7-dihydroxy-4'-methoxyflavanone"", ""Sakuranetin; 5,4'-dihydroxy-7-methoxyflavanone"", ""4-Hydroxy-3-(3',7'-dimethyl-3'-hydroxy-1'-oxo-6'-octenyl)benzoic acid"", ""4-Hydroxy-(3',7'-dimethyl-1'-oxo-octa-2'-E-6'-dienyl)benzoic acid"", ""1,4-Dihydroxy-2-(3',7'-dimethyl-1'-oxo-2'-E-6'-octadienyl)benzene"", 'Aphidicolin', 'Kaempferol-3-O-D-galactopyranoside', 'Kaempferol-3-O-rutinoside', 'Kaempferol-3-O-α-L-rhamnopyranosyl-(1→6)-β-D-galactopyranoside', 'Catechin, Ent-catechin', 'Quercetin-3-O-α-L-rhamnopyranosyl-(1→6)-β-D-galactopyranoside', '6-Hydroxy-rutin', 'Kaempferol-3-O-D-glucopyranoside', 'Procyanidin B-3', 'Kaempferol-3-O-α-L-rhamnopyranosyl-(1-6)-α-L-rhamnopyranosyl-(1-4)-β-D-glucopyranoside', 'Taraxerol acetate', '1,3,5-trihydroxy- 2,8-bis(3-methylbut-2-enyl)-10-methyl-9-acridone', '5-hydroxynoracronycine; Atalaphyllidine', 'Pyranofoline', 'Glycocitrine-IV', 'Citrusinine-II', 'Glycocitrine-I', 'Citrusinine-I', '1,3,5-trihydroxy-4-methoxy-10-methyl- 2,8-bis(3-methylbut-2-enyl)acridin-9(10H)-one', '3,4-dihydro-3,5,8-trihydroxy-6-methoxy-2,2,7-trimethyl-2Hpyrano[ 2,3-a]acridin-12(7H)-one', 'Nectandrin B', 'Epi-guaiacin', '7-Methyl-sargachromenol; 2,7,8-Trimethyl-2-[(3-E,7-Z)-4,12-dimethyl-8-carboxyl-3,7,11-tridecatrienyl]-3-chromen-6-ol, β-caroteno', 'Verrucosin', 'Mycoleptone A', '9-hydroxyeugenin', 'Austdiol', 'Eugenitin', 'Austdiol diacetate', '6-methoxyeugenin', 'Mycoleptone B', 'Mycoleptone A tetraacetate', ""3',4',5',3,5,7,8-heptamethoxyflavone"", ""3,5,6,7,3',4',5'-heptamethoxyflavonol"", 'Beauvericin', 'Anhydrofusarubin', '2-n-Pentylquinoline', ""2-(1'-pentenyl)-Quinoline"", '2-n-Propylquinoline', ""2-(3',4'-methylenedioxyphenylethyl)-Quinoline"", 'Nitensidine D', 'Nitensidine E', '3,21-Di-epi-feroniellide B', '21β,25-dimethylmelianodiol', '21α,25-dimethylmelianodiol', '3,3-O-dimethylquercetin', '2α,3α,19α- trihydroxyurs-12-en-28-oic acid', 'penduletin 4-O-methyl ether', 'p-hydroxybenzoic acid', '2α,3α-dihydroxyolean-12- en-28-oic acid', 'Chrysoeriol', '3-O-methylquercetin', '3,7,4-O-trimethylkaempferol', 'acacetin', '(-)-3-O-acetyl-spectaline', '7-Methoxydiderroside', 'Secoxyloganin', ""6'-Acetyl-β-D-glucopyranosyldiderroside"", 'Diderroside', 'astilbin; Rel-(2R, 3R)-dihydroquercetin-3-O-±-L-rhamnoside', 'Xanthyletin', '4-metoxi-6-[2-(metilamino)fenil]- 2H-piran-2-ona', '2-Episesalatin', ""Isoswertisin-2''α1-L-rhamnoside"", 'Clusifoliol', 'Sesartemin', ""Isoswertisin-4'-methyl-ether-2''α-L-rhamnoside"", ""Aduncumene; Methyl 2-methoxy-5-(3'-methyl-1'-oxo-2'-butenyl)benzoate"", ""4-Hydroxy-(3',7'-dimethyl-1'-oxo-octa-2'-Z-6'-dienyl)benzoic acid"", ""Methyl 4-hydroxy-3-(3'-methyl-2'-hydroxy-3'-butenyl)benzoate"", ""Methyl taboganate; Methyl 4-hydroxy-3-(3'-methyl-1'-oxo-2'-butenyl)benzoate"", '3,4,5-Trimethoxydihydrocinnamic acid', ""2',6'-Dihydroxy-4'-methoxydihydrochalcone"", ""Methyl 4-hydroxy-3-(3'-methyl-2'-butenyl)benzoate"", ""Hostmaniene; 4-Hydroxy-3-(2',3'-dihydroxy-3'-methylbutyl)benzoate"", ""4-Hydroxy-3-(3',7'-dimethylocta-2'-E-6'-dienyl)benzoic acid"", 'Methyl 2,2-dimethyl-1-oxo-2H-1-benzopyran-6-carboxylate', 'Piperaduncine B', 'Pimara-7,15-dien-3β-ol', 'Dimethyl terephthalate', '(22E,24R)-ergosta-4,6,8(14),22-tetraen-3-one', 'Ergosterol peroxide', '8-hydroxy-6-methoxy-3-methylisocoumarin', 'Stearic acid 4-pentoyloxyphenethyl ester', ""3',4'-methylenedioxy-5,6,7- trimethoxyflavone"", ""2'-hydroxy-3,4,4'-trimethoxy-5',6'-(2'',2''-dimethylpyrano)-chalcone"", ""3',4'-methylenedioxy-5,5',6,7-tetramethoxyflavone"", ""3',4'-methylenedioxy-5,7-dimethoxyflavone"", 'Methacrylic acid', 'Methyl (3R,4R,5R)-3-{[(2E)-3-(3,4-dihydroxyphenyl)-2-propenoyl]oxy}-1,4,5-trihydroxycyclohexanecarboxylate', 'Methyl (3R,4R,5R)-3-{[(2Z)-3-(3,4-dihydroxyphenyl)-2-propenoyl]oxy}-1,4,5-trihydroxycyclohexanecarboxylate', 'Deoxycordifoline', '3,4-dehydrostrictosidine acid', 'Turbinatine', '3,4-dehydro-strictosidine', 'Strictosidine acid', 'Cordifoline', 'Harman-3-carboxylic acid', '5α-carboxystrictosidine', '17-(3,4-Methylenedioxyphenyl)-heptadecanoic acid', '19´-(3,4-Methylenedioxyphenyl)-nonadecanoic acid', 'Sargaquinoic acid', '(+)-Guaiacin', 'Sargachromenol', ""7,4'-Dihydroxyflavone"", ""7,4'-Dimethoxyflavone"", '21´-(3,4-Methylenedioxyphenyl)-henicosanoic acid', 'Farnisine', ""Juruenolic acid; 2-(4'-Methylpentenyl-3)-10-oxoundecan-2,6-dienoic acid"", 'Fasciculiferin', 'Tithonine', '5,7-dimethoxy-2,2-dimethyl-2H-1-benzopyran-6-propanoic acid', ""Rel-(7R,8S,7'S,8'S)-4',5'-methylenedioxy-3,4,5,3'-tetramethoxy-7,7'-epoxylignan"", ""Rel-(7R,8S,7'S,8'S)-9-hydroxy-4',5'-methylenedioxy-3,4,5,3'-tetramethoxy-7,7'-epoxylignan"", ""Rel-(7R,8S,7'S,8'S)-4'-hydroxy-3,4,5,3',5'-pentamethoxy-7,7'-epoxylignan"", ""Rel-(7R,8S,7'S,8'S)-4-hydroxy-4',5'-methylenedioxy-3,5,3'-trimethoxy-7,7'-epoxylignan"", ""Rel-(7R,8S,7'S,8'S)-4,5,4',5'-dimethylenedioxy-3,3'-dimethoxy-7,7'-epoxylignan"", ""N-[3-(6'-methoxy-3',4'-methy-lenedioxyphenyl)-2(Z)-propenoyl]pyrrolidine"", '4,5-dihydropiperlonguminine; Piperlonguminine', '(Z)-piplartine; 8(Z)-N-(12,13, 14-trimethoxycinnamoyl)- 3-pyridin-2-one', '8,9-dihydropiplartine; N-(12,13,14-trimethoxydihydrocinnamoyl)-Δ3-pyridin-2-one', '10,11-dihydropiperine; Δα,β-dihydropiperine', 'Piperine', '(E)-piplartine', '4,5-dihydropiperyline', 'Pellitorine', '(3Z,5Z)-N-isobutyl-8-(30,40-methylenedioxy-phenyl)-heptadienamide', ""4-Methoxy-3-(3',7'-dimethylocta-2'-E-6'-dienyl)benzoic acid"", ""3-(3',7 '-dimethyl-2',6 '-octadienyl)-4-methoxy-benzoic acid"", 'Methyl-8-hydroxy-2,2-dimethyl-2H-chromene-6-carboxylate', 'α-Gardiol', 'β-Gardiol', 'Ferulic acid', 'Isopimpinellin', 'Citibrasine', '2,3-dihydro-4,9-dihydroxy-2-(2-hydroxy-propan-2-yl)- 11-methoxy-10-methylfuro[3,2-b]acridin-5(10H)-one', 'bis-5-hydroxyacronycine', 'cyclo (L)-Pro-Gly', 'Piscidinol A', 'cryptomeridiol', 'Pentaol', '3,11-dioxoolean-12-en-28- onic acid', 'Iso-odoratol', 'Oleanonic acid', 'Nilocetin', 'Hispidol A', 'β-caryophyllene, trans-caryophyllene', 'Cusculine; 1,2,3,5,6-pentamethoxy-9-acridone', 'Cuspanine; 1-hydroxy-2,3,5,6-tetramethoxy-9-acridone', '2α,3α-Dihydroxy-urs-12-en-28-oic acid', '3-O-β-D-(6’-methyl)-glucopyranosyl-28-O-β-D-glucopyranosyl-oleanate', 'Oleanolic acid 3-sophoroside', 'Haplotusine', 'β-Sitosterol benzoate', '5-hydroxyflavone', '2-phenyl-4H-chromen-4-one', 'Sinapyl 4-O-β-D-glucopyranoside aldehyde', 'Sinapyl 4-O-β-D-glucopyranoside alcohol', 'Liriodenine', 'N-acetylnonaine', '[10]-gingerol', ""2,4-Dihydroxy-6-[(1'E,3'E)-penta-1', 3'-dienyl]-benzaldehyde"", '2-methyl-5-[8(Z)-pentadecenyl]resorcinol', 'Kaempferol', '2-hydroxyphenylacetic acid', '3-O-β-D-quinovopyranosyl quinovic acid', '(4R)-4,8-dihydroxy-α-tetralone', 'Gallic acid; 3,4,5-trihydroxybenzoic acid', 'Quercitrin, 3-O-α-rhamnosylquercetin', 'Caseobliquin A', 'Methyl angolensate', ""5-(3'' -Hydroxypropyl)-7-methoxy-2-(3',4' -methyl-enedioxyphenyl)benzofuran"", '22β-hydroxypristimerin', '1- (5,7-dihydroxy-2,2-dimethylchroman-6-yl)-3-(2,2-dimethylchroman- 6-yl)propan-1-one', 'Canavaline', 'Di-hydrodehydrodiconiferyl alcohol', '5-hydroxy-N-methylseverifoline', '19,20-Epoxycytochalasin N', 'ellagic acid 4-O-α-L-rhamnopyranoside; eschweilenol C', 'Mayoside C', 'Ourateacatechin', ""3',4',5',5,7-pentamethoxyflavone"", '2-methyl-5-pentadecylresorcinol', '3β-hydroxy-stigmast-5-en-7-one; 24-β-7-oxositosterol', 'Isobutyl gallate', '7′-multijuguinone', 'Griseofulvin', ""7-Hydroxy-4',6-dimethoxyisoflavone; Afrormosin; Afromosin"", '8-methoxymellein', '(±)-Syringaresinol', 'Cyclo-(L-Pro-L-Val)', 'Acetonide of odoratol', 'Nitensidine B', '1-methyl-2-n-nonyl-4-quinolone', '5-[8(Z),11(Z),14-pentadecatrienyl]resorcinol', 'Kokusaginine', ""2-(2'-O-trans-caffeoyl)-C-β-D-glucopyranosyl-1,3,6,7-tetrahydroxyxanthone"", 'Netzahualcoyene', 'Casearin X Dialdehyde; (2R*,4aS*,5S*,7R*,8R*,8aS*)-4,4a-Diformyl-1,2,4a,5,6,7,8,8a-octahydro-5-hydroxy-7,8-dimethyl-8-[(2Z)-3-methylpenta-2,4-dien-1-yl]naphthalen-2-yl Butanoate', 'polypodine B', 'n-Propyl gallate', ""3',4',5',5,7,8-hexamethoxyflavone"", 'Isopropyl gallate', 'scillascillin', 'Nitensidine A', ""8-hydroxy-3,5,7,3',4',5'-hexamethoxyflavonol"", 'Odoratol', 'Leptomerine', '1-O-(E)-caffeoyl-β-D-glucopyranoside', 'Maculosidine', 'Podocarpusflavone A', 'Casearupestrin C', '6α-malonyloxy-n-butyl ester manoyl oxide', 'citrusinine-I', 'Ricinine', 'Leptophyllin A', '5-pentadecylresorcinol', '19,20-Epoxycytochalasin D', 'fumiquinozoline F', 'Kaempferol 3-O-α-L-rhamnopyranosyl (1→6)-O-[β -D-glucopyranosyl (1→3)-O-α-L-rhamnopyranosyl-(1→2)]-O-β -D-glucopyranosyl', 'Rel-2α-hydroxyzuelanin-6β-benzoate', '2,6-di-O-acetylcasearupestrin D', ""Methyl-2,2-dimethyl-8-(3'-methylbut-2'-enyl)chroman-6-carboxylate"", '2,7-Di-O-acetylcasearupestrin A', ""2',5-dihydroxy-3-methoxy-8-dimethylallyl-6, 7-(2' ',2''-dimethylpyrano)-dihydroflavonol"", '2-n-nonyl-4-quinolone', 'Cytochalasin D', 'Isoorientin', 'Piperol B', '(-)-Hardwickiic acid', ""5-[3''-(β-D-glucopyranosyloxy)propyl]-7-methoxy-2-(3',4'-methylenedioxyphenyl)benzofuran"", '28-O-β-D-glucopyranosyl quinovic acid', '2-Methyl-4-hydroxy-butyl caffeoate', 'N-1,N-2,N-3-Triisopentenylguanidine', 'Dibenzyl trisulphide', 'Maytenin, Tingenone', '6β-hydroxy-7-epigardoside methyl ester', 'Tetrahydropiperyline, N-[10-(13,14-methylenedioxyphenyl)-pentanoyl]-pyrrolidine', 'Piperovatine', '2,4,6-trimethoxybenzoic acid', 'Uracil', 'urauchimycin A', 'p-Coumaric acid', '(-)-Epigallocatechin', 'Netzahualcoyonol', '1-[3-(3,7-dimethylocta-2,6-dien-1-yl)-2,4,6- trihydroxyphenyl]-3-(4-hydroxyphenyl)propan-1-one', '6α-malonyloxymanoyl oxide', 'Benzylhydroxymethyl sulphide', '1,6-di-O-caffeoyl-β-D-glucopyranoside', '2-methyl-5-[8(Z),11(Z),14-pentadecatrienyl]resorcinol', '20-hydroxyecdysone; polypodine A', '3-Acetyl aleuritolic acid', 'Alkenoic acid', 'Quercetin 3-O-α-L-rhamnopyranosyl (1→6)-O-[β -D-glucopyranosyl (1→3)-O-α-L-rhamnopyranosyl-(1→2)]-O-β -D-glucopyranosyl', '3β-O-[α-L-rhamnopyranosyl-(1→2)-O-β-D-glucopyranosyl-(1→2)-O-β-D-glucopyranosyl]-28-O-β-D-glucopyranoside pomolate', 'Dibenzyl tetrasulphide', 'Heveaflavone', 'Arboreumine', '3-Oxoursolic acid', 'Casearupestrin B', 'toonacilin', 'urauchimycin B', 'Homoegonol', '[8]-gingerol', '4-Hydroxymellein', '5-hydroxymellein', 'fraxinellonone', 'Dibenzyl sulphide', '(-) Cis-4-hydroxy-6-deoxyscytalone', 'Plumericin', '5-[8(Z),11(Z)-pentadecadienyl]resorcinol', '(-)-Spectalinine', ""N-[7-(3',4'-methylenedioxyphenyl)-2(Z),4(Z)-heptadienoyl]pyrrolidine"", 'Pedalitin', '1-O-(E)-feruloyl-β-D-glucopyranoside', '19,20-Epoxycytochalasin C', 'n-Pentyl gallate', 'Orcinol', 'Periconicin B', 'Phomopsilactone', ""(2S)-8-Isopentyl-2-methyl-2-(4'-methylpentyl)chroman-6-carboxylic acid"", '2,2-dimethyl-2H-chromene-6-carboxylic acid', '1,2-dihydro- 3β-hydroxy-7-deacetoxy-7-oxogedunin', 'Photogedunin', 'Casearin X; (1R*,3S*,5S*,6aR*,7S*,8S*,10R*,10aR*)-1-(Acetyloxy)-3,5,6,6a,7,8,9,10-octahydro-10-hydroxy-7,8-dimethyl-7-[(2Z)-3-methylpenta-2,4-dien-1-yl]naphtho[1,8a-c]furan-3,5-diyl Dibutanoate', 'α-L-xylopyranosyl-(4""→20)-(3-O-β-D-glucopyranosyl)-1\'-O-E-caffeoyl-β-D-glucopyranoside', ""2-(R)-Methyl-6-(S)-(tetradecyl-13'-one)-3(R)-O-tert-butyldimethylsilyl-piperidine"", '(2S)-Methyl-2-methyl-8-(3""-methylbut-2""-enyl)-2-(4\'-methylpent-3\'-enyl)-2H-chromene-6-carboxylate', 'Dibenzyl disulphide', 'Proanthocyanidin', 'Casearin T', 'Piperyline, N-[10-(13,14-methylenedioxyphenyl)-7(E),9(E)-pentadienoyl]-pyrrolidine', 'ω-fenil alcanoic acid', '2-butyl-D-fructofuranoside', ""Gaudichaudianic acid; (2S)-2-methyl-2-(4'methyl-3'-pentenyl)-8-(3''-methyl-2-butenyl)- 2H-1-benzopyran-6-carboxylic acid"", 'limonexic acid', 'Netzahualcoyondiol', 'Pristimerin; 20α-3-hydroxy-2-oxo-24-nor-friedela-1-10,3,5,7-tetraen-carboxylic acid-29-methylester', '3,4,5-trimethoxyphenyl 1-O-β-D-apiofuranosyl-(1→6)-O-β-D-glucopyranoside', 'β-photogedunin', 'n-Butyl gallate', ""5-[3''-(β-D-glucopyranosyloxy)propyl]-7-methoxy-2-(3',4'-dimethoxyphenyl)benzofuran"", '3,12-Dihydroxycadalene', '7-hydroxy-3- (11-dimethylallyl)-8-methoxycoumarin', 'Muraxanthone', '3,4,5-Triacetoxybenzoic acid', 'Odoratone', ""Acteoside; [β-3,4-dihydroxyphenyl)-ethyl]-(3'-O-α-L-rhamnopyranosyl)-(4'-O-cafeoyl)-β-D-glycopyranoside, verbascoside"", 'Di(benzyltrithio) methane', '3,11,12-Trihydroxycadalene', 'Quercetin 3-O-sophoroside', '(3R,4R)-3,4-Dihydro-4,6-dihydroxy-3-methyl-1-oxo-1H-isochromene-5-carboxylic acid', '24-methylene-3,22-dihydroxycholesterol', 'amorphispironone', 'Casearupestrin D', 'Chaetoglobosin B', ""2-(2'-O-benzoyl)-C-β-D-glucopyranosyl-1,3,6,7-tetrahydroxyxanthone"", 'Isoplumericin', 'Skimmianine', 'p-hydroxybenzoic acid-geranyl ester', 'Nitensidine C', 'Dipropyl disulphide', '2-methyl-5-[8(Z),11(Z)-pentadecadienyl]resorcinol', 'neoisoastilbin', '(R)-7-Hydroxymellein', '6α-acetoxymanoyl oxide', 'Methyl-8-hydroxy-2,2-dimethylchroman-6-carboxylate', 'N-[10-(13,14-methylenedioxyphenyl)-7(E),9(Z)-pentadienoyl]-pyrrolidine', '6-[8(Z)-pentadecenyl]salicylic acid', '(2S)-2-methyl-8-(3""-methylbut-2""-enyl)-2-(4\'-methylpent-3\'-enyl)-2H-chromene-6-carboxylic acid', 'Burchellin', '5-[8(Z)-pentadecenyl]resorcinol', 'Luteolin; 2-(3,4-dihydroxyphenyl)-5,7-dihydroxy-4H-chromen-4-one', 'Sinapic acid', '19,20-Epoxycytochalasin Q', '19,20-Epoxycytochalasin R', 'schaftoside', ""(2S)-Methyl-8-isopentyl-2-methyl-2-(4'-methylpentyl)chroman-6-carboxylate"", 'Casearupestrin A', '2-oxo-piperol B; (7S*, 8R*, 1R*, 3R*)-3,4,5-trimethoxy-3,7-cyclo-8,1-neolig-8-ene-2,4(3H)-dione', 'taxifolin', 'Rel-6β-hydroxyzuelanin-2β-benzoate', 'shidasterone', '5-hydroxymethyl- 2-furancarboxaldehyde; 5-hydroxymethyl-2-furfuraldehyde', 'atalaphyllinine', 'N-[10- (13,14-methylenedioxyphenyl)-7(E)-pentaenoyl]-pyrrolidine', '2-Methyl-5-methoxy-benzopyran-4-one', '3,4-dihydroxybenzoic acid geranyl ester', '6α-acetoxy-14β,15β-epoxyazadirone', 'epoxy-fraxinellone', '12′-hydroxy-7′-multijuguinone', 'Kaempferitrin', '4-Nerolidilcatechol', ""2-(2'-O-transcoumaroyl)-C-β-D-glucopyranosyl-1,3,6,7-tetrahydroxyxanthone"", 'Syringic acid', '(+)-3-O-feruloylcassine', 'Salacin', 'Methyl 6,7,8-trimethoxydihydrocinnamate', '2-Hexyl-3-methyl-butanodioic acid', 'fraxinellone', '6-[ 8(Z),11(Z) -pentadecadienyl] salicylic acid', 'Gedunin', 'Pedalin, pedalitin 6-O-β -glucopyranoside', 'Caseargrewiin F; (1R*,3S*,5S*,6aR*,7S*,8R*,10R*,10aR*)-1,3-Bis(acetyloxy)-3,5,6,6a,7,8,9,10-octahydro-10-hydroxy-7,8-dimethyl-7-[(2Z)-3-methylpenta-2,4-dien-1-yl]naphtho[1,8a-c]furan-5-yl Butanoate', 'Casearin L; (1R*,3S*,5S*,6aR*,7R*,8R*,9S*,10S*,10aR*)-1,10-Bis(acetyloxy)-3,5,6,6a,7,8,9,10-octahydro-9-hydroxy-5-methoxy-7,8-dimethyl-7-[(2Z)-3-methylpenta-2,4-dien-1-yl]naphtho[1,8a-c]-furan-3-yl Butanoate', 'Platydesmine', 'Leiokinine A', 'Cabraleadiol', 'Methyl (E)-6,7,8-trimethoxycinnamate', '3,4,5-Trimethoxyphenyl-1-O-β-D-(5-O-syringoyl)-apiofuranosyl-(1→6)-β-D-glucopyranoside', '6-[8(Z),11(Z),14-pentadecatrienyl]salicylic acid', 'Sorbifolin', ""Nitensoside A; Sorbifolin 6-O-α-rhamnopyranosyl(1'''→6'')-β-glucopyranoside"", ""(2'S)-2-(propan-2'-ol)-5-hydroxy-benzopyran-4-one"", 'Rel-(+)-(7S,9R,10S)-3,9,12-trihydroxycalamenene', 'Casearin S', '11β-acetoxyobacunone', '1-(5,7-dihydroxy-2,2-dimethylchroman- 6-yl)-3-[4-hydroxy-3-(3-methylbut-2-en-1-yl)- phenyl]propan-1-one', '(3R,4R)-4,7-Dihydroxymellein', ""Nitensoside B; Pedalitin 6-O-α-rhamnopyranosyl(1'''→6'')-β-glucopyranoside"", 'Methyl gallate', '3-O-β-D-quinovopyranosyl cincholic acid', 'Afzelin, 3-O-α-rhamnosyl kaempferol', 'Egonol', 'Trans-3’-methylsulphonylallyl trans-cinnamate', '(3-(2-(4-hydroxyphenyl)-2-oxoethyl)-5,6-dihydropyridin- 2(1H)-one)', 'Mangiferin', 'Viburgenin', ""Pterogynoside; Kaempferol-3-O-(3''-O-4'''-methylgallate-α-L-rhamnoside)"", '6-pentadecylsalicylic acid', 'Methyl-2,2-dimethylchroman-6-carboxylate', ""Myrsinoic acid A, 3-Geranyl-4-hydroxy-5-(3'',3''-dimethylallyl)benzoic acid"", '20α-Hydroxymaytenin; 20-hydroxy-20-epi-tingenone', '(-)-Epigallocatechin-3-O-gallate', 'Casearin D; (1R*,3S*,5S*,6aR*,7R*,8R*,9S*,10S*,10aR*)-1-(Acetyloxy)-3,5,6,6a,7,8,9,10-octahydro-5,10-dihydroxy-7,8-dimethyl-7-[(2Z)-3-methylpenta-2,4-dien-1-yl]naphtho[1,8a-c]furan-3,9-diyl Dibutanoate', 'Rel. (+)-(7S,10S) 3,12-dihydroxycalamenene', 'carlinoside', 'Methyl-8-(ethanoyloxy)-2,2-dimethyl-2H-chromene-6-carboxylate', 'Amentoflavone', '1-(5,7-dihydroxy-2,2-dimethylchroman-6-yl)-3-(1,1,4a-trimethyl-2,3,4,4a,9a-hexahydro-1H-xanthen-7-yl)propan-1-one', 'Quercetin', ""2-(2'-O-trans-cinnamoyl)-C-β-D-glucopyranosyl-1,3,6,7-tetrahydroxyxanthone"", 'Ocotillone', 'des-N-methylnoracronycine', 'Sorbifolin 6-O-β-glucopyranoside', 'Casearin O; (1R*,3S*,5S*,6aR*,7R*,8R*,9S*,10S*,10aR*)-1,10-Bis(acetyloxy)-5-methoxy-7,8-dimethyl-7-[(2Z)-3-methylpenta-2,4-dien-1-yl]-3,5,6,6a,7,8,9,10-octahydronaphtho[1,8a-c]furan-3,9-diyl Dibutanoate', 'germacrene D', '2β-Hydroxyzuelanin-6β-cinnamate', 'arjunolic acid', 'stachysterone', 'Ethyl 2,4-dihydroxy-5,6-dimethylbenzoate', 'Amentoflavone 7”,4”’-dimethyl ether', 'Picramnioside F', 'Lauryl gallate', 'Syringaldehyde', '22-hydroxytirucalla-7,24-diene-2,3-dione', '(−)-Grandisin', '24-methylenecycloartan-3b-ol', 'Ixoside', 'Cognatine', 'Fagaramide', 'Chalepin', 'Chlorogenic acid']]",doi_name
"['10.1590/s0100-40422008000700015', 'Chaetoglobosin B']","['10.1590/s0100-40422008000700015', ['2α,3α-Dihydroxy-urs-12-en-28-oic acid', 'Haplotusine', 'β-Sitosterol benzoate', '2-phenyl-4H-chromen-4-one', '5-hydroxyflavone', 'Oleanolic acid 3-sophoroside', '3-O-β-D-(6’-methyl)-glucopyranosyl-28-O-β-D-glucopyranosyl-oleanate', 'Sinapyl 4-O-β-D-glucopyranoside aldehyde', 'N-acetylnonaine', 'Sinapyl 4-O-β-D-glucopyranoside alcohol', 'Liriodenine', 'Hinesol', 'γ-eudesmol', 'α-eudesmol', 'guaiol', ""3',4',5',3,5,7,8-heptamethoxyflavone"", ""3,5,6,7,3',4',5'-heptamethoxyflavonol"", 'Galioside aglicone', 'Teucrein', '11-O-trans-feruloylteucrein', 'Apodanthoside', 'Galioside', '5,7-dimethoxy-2,2-dimethyl-2H-1-benzopyran-6-propanoic acid', 'Anhydrofusarubin', 'Beauvericin', 'Kaempferol-3-O-D-galactopyranoside', 'Kaempferol-3-O-α-L-rhamnopyranosyl-(1→6)-β-D-galactopyranoside', 'Kaempferol-3-O-D-glucopyranoside', 'Quercetin-3-O-α-L-rhamnopyranosyl-(1→6)-β-D-galactopyranoside', '6-Hydroxy-rutin', 'Kaempferol-3-O-α-L-rhamnopyranosyl-(1-6)-α-L-rhamnopyranosyl-(1-4)-β-D-glucopyranoside', 'Procyanidin B-3', 'Catechin, Ent-catechin', 'Kaempferol-3-O-rutinoside', 'Methyl (3R,4R,5R)-3-{[(2Z)-3-(3,4-dihydroxyphenyl)-2-propenoyl]oxy}-1,4,5-trihydroxycyclohexanecarboxylate', 'Methyl (3R,4R,5R)-3-{[(2E)-3-(3,4-dihydroxyphenyl)-2-propenoyl]oxy}-1,4,5-trihydroxycyclohexanecarboxylate', 'Pimara-7,15-dien-3β-ol', '(22E,24R)-ergosta-4,6,8(14),22-tetraen-3-one', 'Ergosterol peroxide', '8-hydroxy-6-methoxy-3-methylisocoumarin', 'Dimethyl terephthalate', 'Methacrylic acid', 'Clusifoliol', ""Isoswertisin-4'-methyl-ether-2''α-L-rhamnoside"", ""Isoswertisin-2''α1-L-rhamnoside"", '2-Episesalatin', 'Sesartemin', ""4-Hydroxy-3-(3',7'-dimethyl-3'-hydroxy-1'-oxo-6'-octenyl)benzoic acid"", ""Sakuranetin; 5,4'-dihydroxy-7-methoxyflavanone"", ""Isosakuranetin; 5,7-dihydroxy-4'-methoxyflavanone"", ""4-Hydroxy-(3',7'-dimethyl-1'-oxo-octa-2'-E-6'-dienyl)benzoic acid"", ""1,4-Dihydroxy-2-(3',7'-dimethyl-1'-oxo-2'-E-6'-octadienyl)benzene"", 'Chlorogenic acid methyl ester, Methyl (1S,3R,4R,5R)-3-{[(2E)-3-(3,4-dihydroxyphenyl)-2-propenoyl]oxy}-1,4,5-trihydroxycyclohexanecarboxylate', ""7,4'-Dimethoxyflavone"", '21´-(3,4-Methylenedioxyphenyl)-henicosanoic acid', '(+)-Guaiacin', 'Farnisine', ""7,4'-Dihydroxyflavone"", '19´-(3,4-Methylenedioxyphenyl)-nonadecanoic acid', 'Sargachromenol', 'Sargaquinoic acid', 'Fasciculiferin', ""Juruenolic acid; 2-(4'-Methylpentenyl-3)-10-oxoundecan-2,6-dienoic acid"", 'Tithonine', '17-(3,4-Methylenedioxyphenyl)-heptadecanoic acid', '7-Methoxydiderroside', ""6'-Acetyl-β-D-glucopyranosyldiderroside"", 'Diderroside', 'Secoxyloganin', 'Isopimpinellin', '(+)-11α-Hydroxyerythravine', '(+)-Erythravine', '(+)-α-Hydroxyerysotrine', 'Nilocetin', 'Hispidol A', 'Pentaol', '3,11-dioxoolean-12-en-28- onic acid', 'cryptomeridiol', 'Piscidinol A', 'Iso-odoratol', 'Oleanonic acid', ""3',4'-methylenedioxy-5,6,7- trimethoxyflavone"", ""2'-hydroxy-3,4,4'-trimethoxy-5',6'-(2'',2''-dimethylpyrano)-chalcone"", ""3',4'-methylenedioxy-5,5',6,7-tetramethoxyflavone"", ""3',4'-methylenedioxy-5,7-dimethoxyflavone"", ""4-Hydroxy-(3',7'-dimethyl-1'-oxo-octa-2'-Z-6'-dienyl)benzoic acid"", ""Aduncumene; Methyl 2-methoxy-5-(3'-methyl-1'-oxo-2'-butenyl)benzoate"", ""Methyl 4-hydroxy-3-(3'-methyl-2'-hydroxy-3'-butenyl)benzoate"", '3,4,5-Trimethoxydihydrocinnamic acid', ""Hostmaniene; 4-Hydroxy-3-(2',3'-dihydroxy-3'-methylbutyl)benzoate"", ""4-Hydroxy-3-(3',7'-dimethylocta-2'-E-6'-dienyl)benzoic acid"", 'Methyl 2,2-dimethyl-1-oxo-2H-1-benzopyran-6-carboxylate', ""Methyl 4-hydroxy-3-(3'-methyl-2'-butenyl)benzoate"", 'Piperaduncine B', ""Methyl taboganate; Methyl 4-hydroxy-3-(3'-methyl-1'-oxo-2'-butenyl)benzoate"", ""2',6'-Dihydroxy-4'-methoxydihydrochalcone"", 'cyclo (L)-Pro-Gly', '9-hydroxyeugenin', 'Mycoleptone A', 'Eugenitin', 'Mycoleptone B', '6-methoxyeugenin', 'Austdiol', 'Mycoleptone A tetraacetate', 'Austdiol diacetate', 'Stearic acid 4-pentoyloxyphenethyl ester', '(-)-3-O-acetyl-spectaline', '1,3,5-trihydroxy-4-methoxy-10-methyl- 2,8-bis(3-methylbut-2-enyl)acridin-9(10H)-one', '3,4-dihydro-3,5,8-trihydroxy-6-methoxy-2,2,7-trimethyl-2Hpyrano[ 2,3-a]acridin-12(7H)-one', 'Citrusinine-I', 'Citrusinine-II', 'Glycocitrine-I', 'Pyranofoline', '1,3,5-trihydroxy- 2,8-bis(3-methylbut-2-enyl)-10-methyl-9-acridone', '5-hydroxynoracronycine; Atalaphyllidine', 'Glycocitrine-IV', 'penduletin 4-O-methyl ether', '2α,3α,19α- trihydroxyurs-12-en-28-oic acid', '3,3-O-dimethylquercetin', '2α,3α-dihydroxyolean-12- en-28-oic acid', '3,7,4-O-trimethylkaempferol', 'acacetin', 'Chrysoeriol', '3-O-methylquercetin', 'p-hydroxybenzoic acid', 'Methyl-8-hydroxy-2,2-dimethyl-2H-chromene-6-carboxylate', ""4-Methoxy-3-(3',7'-dimethylocta-2'-E-6'-dienyl)benzoic acid"", ""3-(3',7 '-dimethyl-2',6 '-octadienyl)-4-methoxy-benzoic acid"", 'Nitensidine D', 'Nitensidine E', 'Xanthyletin', '5α-carboxystrictosidine', 'Turbinatine', 'Cordifoline', '3,4-dehydrostrictosidine acid', 'Strictosidine acid', '3,4-dehydro-strictosidine', 'Harman-3-carboxylic acid', 'Deoxycordifoline', ""3,4-dimethyl-2-(4'-hydroxy-3',5'-dimethoxyphenyl)-5-methoxy-tetrahydrofuran"", '21β,25-dimethylmelianodiol', '21α,25-dimethylmelianodiol', '3,21-Di-epi-feroniellide B', '5,7-dimethoxy-2,2-dimethyl-2H-1-benzopyran-6-propanoate', 'astilbin; Rel-(2R, 3R)-dihydroquercetin-3-O-±-L-rhamnoside', '4-metoxi-6-[2-(metilamino)fenil]- 2H-piran-2-ona', ""2-(3',4'-methylenedioxyphenylethyl)-Quinoline"", '2-n-Propylquinoline', ""2-(1'-pentenyl)-Quinoline"", '2-n-Pentylquinoline', 'Aphidicolin', 'Taraxerol acetate', 'Tagitinin C', '1-methoxy-3-hydroxy-3,10b-4,5a-diepoxy-8b-isobutyroyloxygermacr-11(13)-en-6a,12-olide', 'Pellitorine', '(3Z,5Z)-N-isobutyl-8-(30,40-methylenedioxy-phenyl)-heptadienamide', '(Z)-piplartine; 8(Z)-N-(12,13, 14-trimethoxycinnamoyl)- 3-pyridin-2-one', 'Piperine', '4,5-dihydropiperlonguminine; Piperlonguminine', '4,5-dihydropiperyline', '10,11-dihydropiperine; Δα,β-dihydropiperine', '8,9-dihydropiplartine; N-(12,13,14-trimethoxydihydrocinnamoyl)-Δ3-pyridin-2-one', ""N-[3-(6'-methoxy-3',4'-methy-lenedioxyphenyl)-2(Z)-propenoyl]pyrrolidine"", '(E)-piplartine', ""Rel-(7R,8S,7'S,8'S)-4,5,4',5'-dimethylenedioxy-3,3'-dimethoxy-7,7'-epoxylignan"", ""Rel-(7R,8S,7'S,8'S)-4-hydroxy-4',5'-methylenedioxy-3,5,3'-trimethoxy-7,7'-epoxylignan"", ""Rel-(7R,8S,7'S,8'S)-4',5'-methylenedioxy-3,4,5,3'-tetramethoxy-7,7'-epoxylignan"", ""Rel-(7R,8S,7'S,8'S)-4'-hydroxy-3,4,5,3',5'-pentamethoxy-7,7'-epoxylignan"", ""Rel-(7R,8S,7'S,8'S)-9-hydroxy-4',5'-methylenedioxy-3,4,5,3'-tetramethoxy-7,7'-epoxylignan"", '7-Methyl-sargachromenol; 2,7,8-Trimethyl-2-[(3-E,7-Z)-4,12-dimethyl-8-carboxyl-3,7,11-tridecatrienyl]-3-chromen-6-ol, β-caroteno', 'Epi-guaiacin', 'Nectandrin B', 'Verrucosin', '2,3-dihydro-4,9-dihydroxy-2-(2-hydroxy-propan-2-yl)- 11-methoxy-10-methylfuro[3,2-b]acridin-5(10H)-one', 'bis-5-hydroxyacronycine', 'Citibrasine', 'Ferulic acid', 'β-Gardiol', 'α-Gardiol', 'β-caryophyllene, trans-caryophyllene', 'Cusculine; 1,2,3,5,6-pentamethoxy-9-acridone', 'Cuspanine; 1-hydroxy-2,3,5,6-tetramethoxy-9-acridone', '[10]-gingerol', ""2,4-Dihydroxy-6-[(1'E,3'E)-penta-1', 3'-dienyl]-benzaldehyde"", '2-methyl-5-[8(Z)-pentadecenyl]resorcinol', '2-methyl-5-pentadecylresorcinol', '3β-hydroxy-stigmast-5-en-7-one; 24-β-7-oxositosterol', 'scillascillin', '(4R)-4,8-dihydroxy-α-tetralone', 'Skimmianine', 'p-hydroxybenzoic acid-geranyl ester', 'Dibenzyl disulphide', 'Proanthocyanidin', 'Viburgenin', ""Pterogynoside; Kaempferol-3-O-(3''-O-4'''-methylgallate-α-L-rhamnoside)"", 'Isobutyl gallate', '7′-multijuguinone', 'Griseofulvin', '6-[ 8(Z),11(Z) -pentadecadienyl] salicylic acid', 'Ocotillone', 'des-N-methylnoracronycine', 'Sorbifolin 6-O-β-glucopyranoside', 'Rel-2α-hydroxyzuelanin-6β-benzoate', '2,6-di-O-acetylcasearupestrin D', 'Nitensidine A', ""8-hydroxy-3,5,7,3',4',5'-hexamethoxyflavonol"", 'Odoratol', 'Leptomerine', '5-hydroxy-N-methylseverifoline', '19,20-Epoxycytochalasin N', 'ellagic acid 4-O-α-L-rhamnopyranoside; eschweilenol C', 'Mayoside C', 'Ourateacatechin', ""3',4',5',5,7-pentamethoxyflavone"", '1-methyl-2-n-nonyl-4-quinolone', '5-[8(Z),11(Z),14-pentadecatrienyl]resorcinol', 'Gallic acid; 3,4,5-trihydroxybenzoic acid', 'Maculosidine', 'Podocarpusflavone A', 'Casearupestrin C', '6α-malonyloxy-n-butyl ester manoyl oxide', 'citrusinine-I', 'Ricinine', 'Kaempferitrin', 'Nitensidine C', 'Dipropyl disulphide', '2-methyl-5-[8(Z),11(Z)-pentadecadienyl]resorcinol', 'Methyl 6,7,8-trimethoxydihydrocinnamate', '2-Hexyl-3-methyl-butanodioic acid', 'fraxinellone', 'Isoorientin', 'Caseobliquin A', 'Methyl angolensate', ""5-(3'' -Hydroxypropyl)-7-methoxy-2-(3',4' -methyl-enedioxyphenyl)benzofuran"", '22β-hydroxypristimerin', '1- (5,7-dihydroxy-2,2-dimethylchroman-6-yl)-3-(2,2-dimethylchroman- 6-yl)propan-1-one', 'Canavaline', 'Di-hydrodehydrodiconiferyl alcohol', 'Quercetin', ""2-(2'-O-trans-cinnamoyl)-C-β-D-glucopyranosyl-1,3,6,7-tetrahydroxyxanthone"", 'Kokusaginine', 'epoxy-fraxinellone', '12′-hydroxy-7′-multijuguinone', ""Methyl-2,2-dimethyl-8-(3'-methylbut-2'-enyl)chroman-6-carboxylate"", '2,7-Di-O-acetylcasearupestrin A', 'Nitensidine B', '1-[3-(3,7-dimethylocta-2,6-dien-1-yl)-2,4,6- trihydroxyphenyl]-3-(4-hydroxyphenyl)propan-1-one', '6α-malonyloxymanoyl oxide', 'Benzylhydroxymethyl sulphide', '1,6-di-O-caffeoyl-β-D-glucopyranoside', '2-methyl-5-[8(Z),11(Z),14-pentadecatrienyl]resorcinol', '20-hydroxyecdysone; polypodine A', 'Leptophyllin A', '5-pentadecylresorcinol', '19,20-Epoxycytochalasin D', 'fumiquinozoline F', 'Kaempferol 3-O-α-L-rhamnopyranosyl (1→6)-O-[β -D-glucopyranosyl (1→3)-O-α-L-rhamnopyranosyl-(1→2)]-O-β -D-glucopyranosyl', '3β-O-[α-L-rhamnopyranosyl-(1→2)-O-β-D-glucopyranosyl-(1→2)-O-β-D-glucopyranosyl]-28-O-β-D-glucopyranoside pomolate', 'Dibenzyl tetrasulphide', ""2',5-dihydroxy-3-methoxy-8-dimethylallyl-6, 7-(2' ',2''-dimethylpyrano)-dihydroflavonol"", '2-n-nonyl-4-quinolone', 'Cytochalasin D', 'Netzahualcoyene', 'Casearin X Dialdehyde; (2R*,4aS*,5S*,7R*,8R*,8aS*)-4,4a-Diformyl-1,2,4a,5,6,7,8,8a-octahydro-5-hydroxy-7,8-dimethyl-8-[(2Z)-3-methylpenta-2,4-dien-1-yl]naphthalen-2-yl Butanoate', 'polypodine B', 'n-Propyl gallate', ""3',4',5',5,7,8-hexamethoxyflavone"", 'Isopropyl gallate', '6β-hydroxy-7-epigardoside methyl ester', 'Tetrahydropiperyline, N-[10-(13,14-methylenedioxyphenyl)-pentanoyl]-pyrrolidine', 'Piperovatine', '2,4,6-trimethoxybenzoic acid', '1-O-(E)-caffeoyl-β-D-glucopyranoside', 'Quercitrin, 3-O-α-rhamnosylquercetin', 'urauchimycin A', 'p-Coumaric acid', '(-)-Epigallocatechin', 'Netzahualcoyonol', 'Casearin X; (1R*,3S*,5S*,6aR*,7S*,8S*,10R*,10aR*)-1-(Acetyloxy)-3,5,6,6a,7,8,9,10-octahydro-10-hydroxy-7,8-dimethyl-7-[(2Z)-3-methylpenta-2,4-dien-1-yl]naphtho[1,8a-c]furan-3,5-diyl Dibutanoate', 'Casearupestrin A', '2-oxo-piperol B; (7S*, 8R*, 1R*, 3R*)-3,4,5-trimethoxy-3,7-cyclo-8,1-neolig-8-ene-2,4(3H)-dione', 'taxifolin', '3-Acetyl aleuritolic acid', 'Alkenoic acid', 'Quercetin 3-O-α-L-rhamnopyranosyl (1→6)-O-[β -D-glucopyranosyl (1→3)-O-α-L-rhamnopyranosyl-(1→2)]-O-β -D-glucopyranosyl', 'Heveaflavone', 'Arboreumine', '3-Oxoursolic acid', 'Casearupestrin B', 'toonacilin', 'Uracil', '1-O-(E)-feruloyl-β-D-glucopyranoside', '19,20-Epoxycytochalasin C', 'n-Pentyl gallate', '(-)-Hardwickiic acid', ""5-[3''-(β-D-glucopyranosyloxy)propyl]-7-methoxy-2-(3',4'-methylenedioxyphenyl)benzofuran"", '28-O-β-D-glucopyranosyl quinovic acid', '2-Methyl-4-hydroxy-butyl caffeoate', 'N-1,N-2,N-3-Triisopentenylguanidine', 'Dibenzyl trisulphide', 'Maytenin, Tingenone', 'urauchimycin B', ""2-(2'-O-trans-caffeoyl)-C-β-D-glucopyranosyl-1,3,6,7-tetrahydroxyxanthone"", 'Orcinol', 'Periconicin B', 'Phomopsilactone', ""(2S)-8-Isopentyl-2-methyl-2-(4'-methylpentyl)chroman-6-carboxylic acid"", '2,2-dimethyl-2H-chromene-6-carboxylic acid', '1,2-dihydro- 3β-hydroxy-7-deacetoxy-7-oxogedunin', 'Photogedunin', 'amorphispironone', 'Casearupestrin D', 'Chaetoglobosin B', ""2-(2'-O-benzoyl)-C-β-D-glucopyranosyl-1,3,6,7-tetrahydroxyxanthone"", ""(2'S)-2-(propan-2'-ol)-5-hydroxy-benzopyran-4-one"", 'Rel-(+)-(7S,9R,10S)-3,9,12-trihydroxycalamenene', 'Casearin S', '11β-acetoxyobacunone', '1-(5,7-dihydroxy-2,2-dimethylchroman- 6-yl)-3-[4-hydroxy-3-(3-methylbut-2-en-1-yl)- phenyl]propan-1-one', '(3R,4R)-4,7-Dihydroxymellein', ""Nitensoside B; Pedalitin 6-O-α-rhamnopyranosyl(1'''→6'')-β-glucopyranoside"", 'Amentoflavone', ""2-(R)-Methyl-6-(S)-(tetradecyl-13'-one)-3(R)-O-tert-butyldimethylsilyl-piperidine"", '(2S)-Methyl-2-methyl-8-(3""-methylbut-2""-enyl)-2-(4\'-methylpent-3\'-enyl)-2H-chromene-6-carboxylate', 'Casearin T', 'Piperyline, N-[10-(13,14-methylenedioxyphenyl)-7(E),9(E)-pentadienoyl]-pyrrolidine', 'Burchellin', '5-[8(Z)-pentadecenyl]resorcinol', 'Luteolin; 2-(3,4-dihydroxyphenyl)-5,7-dihydroxy-4H-chromen-4-one', 'Sinapic acid', '19,20-Epoxycytochalasin Q', '19,20-Epoxycytochalasin R', 'ω-fenil alcanoic acid', '2-butyl-D-fructofuranoside', ""Gaudichaudianic acid; (2S)-2-methyl-2-(4'methyl-3'-pentenyl)-8-(3''-methyl-2-butenyl)- 2H-1-benzopyran-6-carboxylic acid"", 'limonexic acid', 'Pedalitin', 'Di(benzyltrithio) methane', '3,11,12-Trihydroxycadalene', 'Quercetin 3-O-sophoroside', '(3R,4R)-3,4-Dihydro-4,6-dihydroxy-3-methyl-1-oxo-1H-isochromene-5-carboxylic acid', '24-methylene-3,22-dihydroxycholesterol', 'Muraxanthone', '1-(5,7-dihydroxy-2,2-dimethylchroman-6-yl)-3-(1,1,4a-trimethyl-2,3,4,4a,9a-hexahydro-1H-xanthen-7-yl)propan-1-one', 'Methyl (E)-6,7,8-trimethoxycinnamate', '3,4,5-Trimethoxyphenyl-1-O-β-D-(5-O-syringoyl)-apiofuranosyl-(1→6)-β-D-glucopyranoside', '6-[8(Z),11(Z),14-pentadecatrienyl]salicylic acid', 'Sorbifolin', ""Nitensoside A; Sorbifolin 6-O-α-rhamnopyranosyl(1'''→6'')-β-glucopyranoside"", 'Casearin O; (1R*,3S*,5S*,6aR*,7R*,8R*,9S*,10S*,10aR*)-1,10-Bis(acetyloxy)-5-methoxy-7,8-dimethyl-7-[(2Z)-3-methylpenta-2,4-dien-1-yl]-3,5,6,6a,7,8,9,10-octahydronaphtho[1,8a-c]furan-3,9-diyl Dibutanoate', 'germacrene D', 'Odoratone', 'Rel-6β-hydroxyzuelanin-2β-benzoate', 'shidasterone', 'Isoplumericin', 'α-L-xylopyranosyl-(4""→20)-(3-O-β-D-glucopyranosyl)-1\'-O-E-caffeoyl-β-D-glucopyranoside', '6-[8(Z)-pentadecenyl]salicylic acid', '(2S)-2-methyl-8-(3""-methylbut-2""-enyl)-2-(4\'-methylpent-3\'-enyl)-2H-chromene-6-carboxylic acid', 'Caseargrewiin F; (1R*,3S*,5S*,6aR*,7S*,8R*,10R*,10aR*)-1,3-Bis(acetyloxy)-3,5,6,6a,7,8,9,10-octahydro-10-hydroxy-7,8-dimethyl-7-[(2Z)-3-methylpenta-2,4-dien-1-yl]naphtho[1,8a-c]furan-5-yl Butanoate', 'Casearin L; (1R*,3S*,5S*,6aR*,7R*,8R*,9S*,10S*,10aR*)-1,10-Bis(acetyloxy)-3,5,6,6a,7,8,9,10-octahydro-9-hydroxy-5-methoxy-7,8-dimethyl-7-[(2Z)-3-methylpenta-2,4-dien-1-yl]naphtho[1,8a-c]-furan-3-yl Butanoate', ""N-[7-(3',4'-methylenedioxyphenyl)-2(Z),4(Z)-heptadienoyl]pyrrolidine"", ""Acteoside; [β-3,4-dihydroxyphenyl)-ethyl]-(3'-O-α-L-rhamnopyranosyl)-(4'-O-cafeoyl)-β-D-glycopyranoside, verbascoside"", 'Homoegonol', '[8]-gingerol', '4-Hydroxymellein', '5-hydroxymellein', 'fraxinellonone', 'Dibenzyl sulphide', '(-) Cis-4-hydroxy-6-deoxyscytalone', 'Plumericin', '5-[8(Z),11(Z)-pentadecadienyl]resorcinol', '(-)-Spectalinine', 'Netzahualcoyondiol', 'Piperol B', ""(2S)-Methyl-8-isopentyl-2-methyl-2-(4'-methylpentyl)chroman-6-carboxylate"", '3,4,5-Triacetoxybenzoic acid', 'Methyl gallate', '3-O-β-D-quinovopyranosyl cincholic acid', 'Afzelin, 3-O-α-rhamnosyl kaempferol', 'Egonol', '4-Nerolidilcatechol', ""2-(2'-O-transcoumaroyl)-C-β-D-glucopyranosyl-1,3,6,7-tetrahydroxyxanthone"", '5-hydroxymethyl- 2-furancarboxaldehyde; 5-hydroxymethyl-2-furfuraldehyde', 'atalaphyllinine', 'N-[10- (13,14-methylenedioxyphenyl)-7(E)-pentaenoyl]-pyrrolidine', '2-Methyl-5-methoxy-benzopyran-4-one', '3,4-dihydroxybenzoic acid geranyl ester', 'N-[10-(13,14-methylenedioxyphenyl)-7(E),9(Z)-pentadienoyl]-pyrrolidine', 'Gedunin', 'Pedalin, pedalitin 6-O-β -glucopyranoside', 'neoisoastilbin', '(R)-7-Hydroxymellein', '6α-acetoxymanoyl oxide', 'Methyl-8-hydroxy-2,2-dimethylchroman-6-carboxylate', '6α-acetoxy-14β,15β-epoxyazadirone', 'Pristimerin; 20α-3-hydroxy-2-oxo-24-nor-friedela-1-10,3,5,7-tetraen-carboxylic acid-29-methylester', '3,4,5-trimethoxyphenyl 1-O-β-D-apiofuranosyl-(1→6)-O-β-D-glucopyranoside', 'β-photogedunin', 'n-Butyl gallate', ""5-[3''-(β-D-glucopyranosyloxy)propyl]-7-methoxy-2-(3',4'-dimethoxyphenyl)benzofuran"", '3,12-Dihydroxycadalene', '7-hydroxy-3- (11-dimethylallyl)-8-methoxycoumarin', 'Platydesmine', 'Leiokinine A', 'Cabraleadiol', 'schaftoside', 'Syringaldehyde', '22-hydroxytirucalla-7,24-diene-2,3-dione', 'Trans-3’-methylsulphonylallyl trans-cinnamate', '(3-(2-(4-hydroxyphenyl)-2-oxoethyl)-5,6-dihydropyridin- 2(1H)-one)', 'Mangiferin', 'Salacin', 'Syringic acid', '(+)-3-O-feruloylcassine', '6-pentadecylsalicylic acid', 'Methyl-2,2-dimethylchroman-6-carboxylate', ""Myrsinoic acid A, 3-Geranyl-4-hydroxy-5-(3'',3''-dimethylallyl)benzoic acid"", '20α-Hydroxymaytenin; 20-hydroxy-20-epi-tingenone', '(-)-Epigallocatechin-3-O-gallate', 'Casearin D; (1R*,3S*,5S*,6aR*,7R*,8R*,9S*,10S*,10aR*)-1-(Acetyloxy)-3,5,6,6a,7,8,9,10-octahydro-5,10-dihydroxy-7,8-dimethyl-7-[(2Z)-3-methylpenta-2,4-dien-1-yl]naphtho[1,8a-c]furan-3,9-diyl Dibutanoate', 'Rel. (+)-(7S,10S) 3,12-dihydroxycalamenene', 'carlinoside', ""7-Hydroxy-4',6-dimethoxyisoflavone; Afrormosin; Afromosin"", '8-methoxymellein', '(±)-Syringaresinol', 'Cyclo-(L-Pro-L-Val)', 'Acetonide of odoratol', '(−)-Grandisin', '24-methylenecycloartan-3b-ol', 'Ixoside', '2β-Hydroxyzuelanin-6β-cinnamate', 'Methyl-8-(ethanoyloxy)-2,2-dimethyl-2H-chromene-6-carboxylate', 'arjunolic acid', 'stachysterone', 'Ethyl 2,4-dihydroxy-5,6-dimethylbenzoate', 'Amentoflavone 7”,4”’-dimethyl ether', 'Picramnioside F', 'Lauryl gallate', 'Cognatine', 'Fagaramide', 'Chalepin', 'Chlorogenic acid', 'Kaempferol', '3-O-β-D-quinovopyranosyl quinovic acid', '2-hydroxyphenylacetic acid']]",doi_name
"['10.1002/cbdv.200800342', 'Casearin X Dialdehyde; (2R*,4aS*,5S*,7R*,8R*,8aS*)-4,4a-Diformyl-1,2,4a,5,6,7,8,8a-octahydro-5-hydroxy-7,8-dimethyl-8-[(2Z)-3-methylpenta-2,4-dien-1-yl]naphthalen-2-yl Butanoate']","['10.1002/cbdv.200800342', ['Galioside aglicone', 'Teucrein', '11-O-trans-feruloylteucrein', 'Apodanthoside', 'Galioside', 'guaiol', 'Hinesol', 'γ-eudesmol', 'α-eudesmol', 'penduletin 4-O-methyl ether', '3,3-O-dimethylquercetin', '2α,3α-dihydroxyolean-12- en-28-oic acid', '3-O-methylquercetin', '2α,3α,19α- trihydroxyurs-12-en-28-oic acid', '3,7,4-O-trimethylkaempferol', 'p-hydroxybenzoic acid', 'Chrysoeriol', 'acacetin', '2,3-dihydro-4,9-dihydroxy-2-(2-hydroxy-propan-2-yl)- 11-methoxy-10-methylfuro[3,2-b]acridin-5(10H)-one', 'Citibrasine', 'bis-5-hydroxyacronycine', 'Ferulic acid', 'β-Gardiol', 'α-Gardiol', '3,21-Di-epi-feroniellide B', '21β,25-dimethylmelianodiol', '21α,25-dimethylmelianodiol', ""3',4'-methylenedioxy-5,5',6,7-tetramethoxyflavone"", ""2'-hydroxy-3,4,4'-trimethoxy-5',6'-(2'',2''-dimethylpyrano)-chalcone"", ""3',4'-methylenedioxy-5,7-dimethoxyflavone"", ""3',4'-methylenedioxy-5,6,7- trimethoxyflavone"", ""Rel-(7R,8S,7'S,8'S)-4'-hydroxy-3,4,5,3',5'-pentamethoxy-7,7'-epoxylignan"", ""Rel-(7R,8S,7'S,8'S)-4,5,4',5'-dimethylenedioxy-3,3'-dimethoxy-7,7'-epoxylignan"", ""Rel-(7R,8S,7'S,8'S)-4-hydroxy-4',5'-methylenedioxy-3,5,3'-trimethoxy-7,7'-epoxylignan"", ""Rel-(7R,8S,7'S,8'S)-9-hydroxy-4',5'-methylenedioxy-3,4,5,3'-tetramethoxy-7,7'-epoxylignan"", ""Rel-(7R,8S,7'S,8'S)-4',5'-methylenedioxy-3,4,5,3'-tetramethoxy-7,7'-epoxylignan"", '9-hydroxyeugenin', 'Mycoleptone A', 'Mycoleptone B', 'Austdiol diacetate', 'Austdiol', '6-methoxyeugenin', 'Eugenitin', 'Mycoleptone A tetraacetate', ""3,4-dimethyl-2-(4'-hydroxy-3',5'-dimethoxyphenyl)-5-methoxy-tetrahydrofuran"", 'β-caryophyllene, trans-caryophyllene', 'Aphidicolin', ""3-(3',7 '-dimethyl-2',6 '-octadienyl)-4-methoxy-benzoic acid"", ""4-Methoxy-3-(3',7'-dimethylocta-2'-E-6'-dienyl)benzoic acid"", 'Methyl-8-hydroxy-2,2-dimethyl-2H-chromene-6-carboxylate', 'Cusculine; 1,2,3,5,6-pentamethoxy-9-acridone', 'Cuspanine; 1-hydroxy-2,3,5,6-tetramethoxy-9-acridone', 'Nectandrin B', 'Epi-guaiacin', '7-Methyl-sargachromenol; 2,7,8-Trimethyl-2-[(3-E,7-Z)-4,12-dimethyl-8-carboxyl-3,7,11-tridecatrienyl]-3-chromen-6-ol, β-caroteno', 'Verrucosin', '(22E,24R)-ergosta-4,6,8(14),22-tetraen-3-one', '8-hydroxy-6-methoxy-3-methylisocoumarin', 'Pimara-7,15-dien-3β-ol', 'Dimethyl terephthalate', 'Ergosterol peroxide', '7-Methoxydiderroside', 'Diderroside', ""6'-Acetyl-β-D-glucopyranosyldiderroside"", 'Secoxyloganin', 'cyclo (L)-Pro-Gly', '2-n-Propylquinoline', ""2-(3',4'-methylenedioxyphenylethyl)-Quinoline"", '2-n-Pentylquinoline', ""2-(1'-pentenyl)-Quinoline"", 'Xanthyletin', '(-)-3-O-acetyl-spectaline', ""7,4'-Dihydroxyflavone"", 'Sargaquinoic acid', 'Sargachromenol', '19´-(3,4-Methylenedioxyphenyl)-nonadecanoic acid', 'Farnisine', '(+)-Guaiacin', ""7,4'-Dimethoxyflavone"", '21´-(3,4-Methylenedioxyphenyl)-henicosanoic acid', 'Tithonine', ""Juruenolic acid; 2-(4'-Methylpentenyl-3)-10-oxoundecan-2,6-dienoic acid"", 'Fasciculiferin', '17-(3,4-Methylenedioxyphenyl)-heptadecanoic acid', '5,7-dimethoxy-2,2-dimethyl-2H-1-benzopyran-6-propanoate', '5,7-dimethoxy-2,2-dimethyl-2H-1-benzopyran-6-propanoic acid', ""4-Hydroxy-3-(3',7'-dimethyl-3'-hydroxy-1'-oxo-6'-octenyl)benzoic acid"", ""4-Hydroxy-(3',7'-dimethyl-1'-oxo-octa-2'-E-6'-dienyl)benzoic acid"", ""Sakuranetin; 5,4'-dihydroxy-7-methoxyflavanone"", ""1,4-Dihydroxy-2-(3',7'-dimethyl-1'-oxo-2'-E-6'-octadienyl)benzene"", ""Isosakuranetin; 5,7-dihydroxy-4'-methoxyflavanone"", 'Stearic acid 4-pentoyloxyphenethyl ester', '1,3,5-trihydroxy- 2,8-bis(3-methylbut-2-enyl)-10-methyl-9-acridone', 'Citrusinine-II', 'Glycocitrine-IV', '3,4-dihydro-3,5,8-trihydroxy-6-methoxy-2,2,7-trimethyl-2Hpyrano[ 2,3-a]acridin-12(7H)-one', 'Pyranofoline', 'Citrusinine-I', 'Glycocitrine-I', '5-hydroxynoracronycine; Atalaphyllidine', '1,3,5-trihydroxy-4-methoxy-10-methyl- 2,8-bis(3-methylbut-2-enyl)acridin-9(10H)-one', 'Isopimpinellin', 'Anhydrofusarubin', 'Beauvericin', 'Deoxycordifoline', 'Strictosidine acid', 'Turbinatine', '5α-carboxystrictosidine', '3,4-dehydrostrictosidine acid', 'Cordifoline', 'Harman-3-carboxylic acid', '3,4-dehydro-strictosidine', 'Hispidol A', 'Nilocetin', '3,11-dioxoolean-12-en-28- onic acid', 'Oleanonic acid', 'cryptomeridiol', 'Piscidinol A', 'Iso-odoratol', 'Pentaol', '(3Z,5Z)-N-isobutyl-8-(30,40-methylenedioxy-phenyl)-heptadienamide', 'Pellitorine', '(Z)-piplartine; 8(Z)-N-(12,13, 14-trimethoxycinnamoyl)- 3-pyridin-2-one', '4,5-dihydropiperyline', '8,9-dihydropiplartine; N-(12,13,14-trimethoxydihydrocinnamoyl)-Δ3-pyridin-2-one', '10,11-dihydropiperine; Δα,β-dihydropiperine', '4,5-dihydropiperlonguminine; Piperlonguminine', 'Piperine', '(E)-piplartine', ""N-[3-(6'-methoxy-3',4'-methy-lenedioxyphenyl)-2(Z)-propenoyl]pyrrolidine"", 'Methyl (3R,4R,5R)-3-{[(2Z)-3-(3,4-dihydroxyphenyl)-2-propenoyl]oxy}-1,4,5-trihydroxycyclohexanecarboxylate', 'Methyl (3R,4R,5R)-3-{[(2E)-3-(3,4-dihydroxyphenyl)-2-propenoyl]oxy}-1,4,5-trihydroxycyclohexanecarboxylate', ""3',4',5',3,5,7,8-heptamethoxyflavone"", ""3,5,6,7,3',4',5'-heptamethoxyflavonol"", '(+)-11α-Hydroxyerythravine', '(+)-Erythravine', '(+)-α-Hydroxyerysotrine', 'Chlorogenic acid methyl ester, Methyl (1S,3R,4R,5R)-3-{[(2E)-3-(3,4-dihydroxyphenyl)-2-propenoyl]oxy}-1,4,5-trihydroxycyclohexanecarboxylate', 'Nitensidine D', 'Nitensidine E', ""Methyl 4-hydroxy-3-(3'-methyl-2'-hydroxy-3'-butenyl)benzoate"", ""Aduncumene; Methyl 2-methoxy-5-(3'-methyl-1'-oxo-2'-butenyl)benzoate"", ""4-Hydroxy-(3',7'-dimethyl-1'-oxo-octa-2'-Z-6'-dienyl)benzoic acid"", ""4-Hydroxy-3-(3',7'-dimethylocta-2'-E-6'-dienyl)benzoic acid"", 'Methyl 2,2-dimethyl-1-oxo-2H-1-benzopyran-6-carboxylate', ""Methyl taboganate; Methyl 4-hydroxy-3-(3'-methyl-1'-oxo-2'-butenyl)benzoate"", ""Methyl 4-hydroxy-3-(3'-methyl-2'-butenyl)benzoate"", 'Piperaduncine B', '3,4,5-Trimethoxydihydrocinnamic acid', ""Hostmaniene; 4-Hydroxy-3-(2',3'-dihydroxy-3'-methylbutyl)benzoate"", ""2',6'-Dihydroxy-4'-methoxydihydrochalcone"", '1-methoxy-3-hydroxy-3,10b-4,5a-diepoxy-8b-isobutyroyloxygermacr-11(13)-en-6a,12-olide', 'Tagitinin C', '4-metoxi-6-[2-(metilamino)fenil]- 2H-piran-2-ona', 'Taraxerol acetate', 'Kaempferol-3-O-α-L-rhamnopyranosyl-(1-6)-α-L-rhamnopyranosyl-(1-4)-β-D-glucopyranoside', '6-Hydroxy-rutin', 'Procyanidin B-3', 'Kaempferol-3-O-D-glucopyranoside', 'Quercetin-3-O-α-L-rhamnopyranosyl-(1→6)-β-D-galactopyranoside', 'Kaempferol-3-O-D-galactopyranoside', 'Catechin, Ent-catechin', 'Kaempferol-3-O-rutinoside', 'Kaempferol-3-O-α-L-rhamnopyranosyl-(1→6)-β-D-galactopyranoside', 'astilbin; Rel-(2R, 3R)-dihydroquercetin-3-O-±-L-rhamnoside', ""Isoswertisin-4'-methyl-ether-2''α-L-rhamnoside"", 'Clusifoliol', '2-Episesalatin', ""Isoswertisin-2''α1-L-rhamnoside"", 'Sesartemin', 'Methacrylic acid', '2α,3α-Dihydroxy-urs-12-en-28-oic acid', 'Oleanolic acid 3-sophoroside', '3-O-β-D-(6’-methyl)-glucopyranosyl-28-O-β-D-glucopyranosyl-oleanate', '2-phenyl-4H-chromen-4-one', 'β-Sitosterol benzoate', '5-hydroxyflavone', 'Haplotusine', 'Sinapyl 4-O-β-D-glucopyranoside aldehyde', 'Sinapyl 4-O-β-D-glucopyranoside alcohol', 'Liriodenine', 'N-acetylnonaine', '[10]-gingerol', ""2,4-Dihydroxy-6-[(1'E,3'E)-penta-1', 3'-dienyl]-benzaldehyde"", 'Nitensidine A', '2-methyl-5-[8(Z)-pentadecenyl]resorcinol', '2-hydroxyphenylacetic acid', '3-O-β-D-quinovopyranosyl quinovic acid', 'Kaempferol', '3β-hydroxy-stigmast-5-en-7-one; 24-β-7-oxositosterol', 'scillascillin', 'Piperol B', '(-)-Hardwickiic acid', ""5-[3''-(β-D-glucopyranosyloxy)propyl]-7-methoxy-2-(3',4'-methylenedioxyphenyl)benzofuran"", '28-O-β-D-glucopyranosyl quinovic acid', '2-Methyl-4-hydroxy-butyl caffeoate', 'N-1,N-2,N-3-Triisopentenylguanidine', 'Dibenzyl trisulphide', '(4R)-4,8-dihydroxy-α-tetralone', ""8-hydroxy-3,5,7,3',4',5'-hexamethoxyflavonol"", 'Odoratol', 'Leptomerine', '5-hydroxy-N-methylseverifoline', '19,20-Epoxycytochalasin N', 'ellagic acid 4-O-α-L-rhamnopyranoside; eschweilenol C', 'Mayoside C', 'Ourateacatechin', ""3',4',5',5,7-pentamethoxyflavone"", '2-methyl-5-pentadecylresorcinol', '8-methoxymellein', '(±)-Syringaresinol', 'Cyclo-(L-Pro-L-Val)', 'Acetonide of odoratol', '(−)-Grandisin', '3β-O-[α-L-rhamnopyranosyl-(1→2)-O-β-D-glucopyranosyl-(1→2)-O-β-D-glucopyranosyl]-28-O-β-D-glucopyranoside pomolate', 'Dibenzyl tetrasulphide', ""2',5-dihydroxy-3-methoxy-8-dimethylallyl-6, 7-(2' ',2''-dimethylpyrano)-dihydroflavonol"", '1-methyl-2-n-nonyl-4-quinolone', '5-[8(Z),11(Z),14-pentadecatrienyl]resorcinol', 'Gallic acid; 3,4,5-trihydroxybenzoic acid', 'Homoegonol', '[8]-gingerol', '4-Hydroxymellein', '5-hydroxymellein', 'fraxinellonone', 'Dibenzyl sulphide', '(-) Cis-4-hydroxy-6-deoxyscytalone', 'Plumericin', '5-[8(Z),11(Z)-pentadecadienyl]resorcinol', '(-)-Spectalinine', '2,6-di-O-acetylcasearupestrin D', ""Methyl-2,2-dimethyl-8-(3'-methylbut-2'-enyl)chroman-6-carboxylate"", '2,7-Di-O-acetylcasearupestrin A', 'Nitensidine B', 'Netzahualcoyondiol', 'Maculosidine', 'Podocarpusflavone A', 'Casearupestrin C', '6α-malonyloxy-n-butyl ester manoyl oxide', 'citrusinine-I', 'Ricinine', 'Leptophyllin A', '5-pentadecylresorcinol', '19,20-Epoxycytochalasin D', 'fumiquinozoline F', 'Kaempferol 3-O-α-L-rhamnopyranosyl (1→6)-O-[β -D-glucopyranosyl (1→3)-O-α-L-rhamnopyranosyl-(1→2)]-O-β -D-glucopyranosyl', 'n-Butyl gallate', ""5-[3''-(β-D-glucopyranosyloxy)propyl]-7-methoxy-2-(3',4'-dimethoxyphenyl)benzofuran"", '3,12-Dihydroxycadalene', '7-hydroxy-3- (11-dimethylallyl)-8-methoxycoumarin', ""N-[7-(3',4'-methylenedioxyphenyl)-2(Z),4(Z)-heptadienoyl]pyrrolidine"", ""Acteoside; [β-3,4-dihydroxyphenyl)-ethyl]-(3'-O-α-L-rhamnopyranosyl)-(4'-O-cafeoyl)-β-D-glycopyranoside, verbascoside"", '1- (5,7-dihydroxy-2,2-dimethylchroman-6-yl)-3-(2,2-dimethylchroman- 6-yl)propan-1-one', 'Canavaline', 'Di-hydrodehydrodiconiferyl alcohol', 'Quercetin', ""2-(2'-O-trans-cinnamoyl)-C-β-D-glucopyranosyl-1,3,6,7-tetrahydroxyxanthone"", 'Kokusaginine', 'Ocotillone', 'des-N-methylnoracronycine', 'Sorbifolin 6-O-β-glucopyranoside', 'Rel-2α-hydroxyzuelanin-6β-benzoate', 'Netzahualcoyonol', '1-[3-(3,7-dimethylocta-2,6-dien-1-yl)-2,4,6- trihydroxyphenyl]-3-(4-hydroxyphenyl)propan-1-one', '6α-malonyloxymanoyl oxide', 'Benzylhydroxymethyl sulphide', '1,6-di-O-caffeoyl-β-D-glucopyranoside', '2-methyl-5-[8(Z),11(Z),14-pentadecatrienyl]resorcinol', '20-hydroxyecdysone; polypodine A', '3-Acetyl aleuritolic acid', 'Alkenoic acid', 'Quercetin 3-O-α-L-rhamnopyranosyl (1→6)-O-[β -D-glucopyranosyl (1→3)-O-α-L-rhamnopyranosyl-(1→2)]-O-β -D-glucopyranosyl', '2-n-nonyl-4-quinolone', 'Cytochalasin D', 'Isoorientin', 'Pristimerin; 20α-3-hydroxy-2-oxo-24-nor-friedela-1-10,3,5,7-tetraen-carboxylic acid-29-methylester', '3,4,5-trimethoxyphenyl 1-O-β-D-apiofuranosyl-(1→6)-O-β-D-glucopyranoside', 'β-photogedunin', '3-Oxoursolic acid', 'Casearupestrin B', 'toonacilin', 'Uracil', 'Skimmianine', 'p-hydroxybenzoic acid-geranyl ester', 'Dibenzyl disulphide', 'Proanthocyanidin', 'neoisoastilbin', '(R)-7-Hydroxymellein', '6α-acetoxymanoyl oxide', 'Methyl-8-hydroxy-2,2-dimethylchroman-6-carboxylate', '6α-acetoxy-14β,15β-epoxyazadirone', 'urauchimycin A', 'p-Coumaric acid', '(-)-Epigallocatechin', '1-O-(E)-feruloyl-β-D-glucopyranoside', '19,20-Epoxycytochalasin C', 'n-Pentyl gallate', 'Orcinol', 'Periconicin B', 'Phomopsilactone', ""(2S)-8-Isopentyl-2-methyl-2-(4'-methylpentyl)chroman-6-carboxylic acid"", '2,2-dimethyl-2H-chromene-6-carboxylic acid', '1,2-dihydro- 3β-hydroxy-7-deacetoxy-7-oxogedunin', 'Photogedunin', 'Casearin X; (1R*,3S*,5S*,6aR*,7S*,8S*,10R*,10aR*)-1-(Acetyloxy)-3,5,6,6a,7,8,9,10-octahydro-10-hydroxy-7,8-dimethyl-7-[(2Z)-3-methylpenta-2,4-dien-1-yl]naphtho[1,8a-c]furan-3,5-diyl Dibutanoate', ""2-(R)-Methyl-6-(S)-(tetradecyl-13'-one)-3(R)-O-tert-butyldimethylsilyl-piperidine"", '(2S)-Methyl-2-methyl-8-(3""-methylbut-2""-enyl)-2-(4\'-methylpent-3\'-enyl)-2H-chromene-6-carboxylate', 'Casearin T', 'Heveaflavone', 'Arboreumine', 'Piperyline, N-[10-(13,14-methylenedioxyphenyl)-7(E),9(E)-pentadienoyl]-pyrrolidine', 'ω-fenil alcanoic acid', '2-butyl-D-fructofuranoside', ""Gaudichaudianic acid; (2S)-2-methyl-2-(4'methyl-3'-pentenyl)-8-(3''-methyl-2-butenyl)- 2H-1-benzopyran-6-carboxylic acid"", 'limonexic acid', 'Pedalitin', 'epoxy-fraxinellone', '12′-hydroxy-7′-multijuguinone', 'Kaempferitrin', 'Nitensidine C', 'Dipropyl disulphide', '2-methyl-5-[8(Z),11(Z)-pentadecadienyl]resorcinol', 'Methyl 6,7,8-trimethoxydihydrocinnamate', '2-Hexyl-3-methyl-butanodioic acid', 'fraxinellone', '6-[ 8(Z),11(Z) -pentadecadienyl] salicylic acid', '11β-acetoxyobacunone', '1-(5,7-dihydroxy-2,2-dimethylchroman- 6-yl)-3-[4-hydroxy-3-(3-methylbut-2-en-1-yl)- phenyl]propan-1-one', '(3R,4R)-4,7-Dihydroxymellein', 'Di(benzyltrithio) methane', '3,11,12-Trihydroxycadalene', 'Quercetin 3-O-sophoroside', '(3R,4R)-3,4-Dihydro-4,6-dihydroxy-3-methyl-1-oxo-1H-isochromene-5-carboxylic acid', '24-methylene-3,22-dihydroxycholesterol', 'amorphispironone', 'Casearupestrin D', 'Chaetoglobosin B', ""2-(2'-O-benzoyl)-C-β-D-glucopyranosyl-1,3,6,7-tetrahydroxyxanthone"", 'Isoplumericin', 'α-L-xylopyranosyl-(4""→20)-(3-O-β-D-glucopyranosyl)-1\'-O-E-caffeoyl-β-D-glucopyranoside', '6-[8(Z)-pentadecenyl]salicylic acid', '(2S)-2-methyl-8-(3""-methylbut-2""-enyl)-2-(4\'-methylpent-3\'-enyl)-2H-chromene-6-carboxylic acid', 'N-[10-(13,14-methylenedioxyphenyl)-7(E),9(Z)-pentadienoyl]-pyrrolidine', 'Gedunin', 'Pedalin, pedalitin 6-O-β -glucopyranoside', 'Burchellin', '5-[8(Z)-pentadecenyl]resorcinol', 'Luteolin; 2-(3,4-dihydroxyphenyl)-5,7-dihydroxy-4H-chromen-4-one', 'Sinapic acid', '19,20-Epoxycytochalasin Q', '19,20-Epoxycytochalasin R', 'Muraxanthone', 'Casearupestrin A', '2-oxo-piperol B; (7S*, 8R*, 1R*, 3R*)-3,4,5-trimethoxy-3,7-cyclo-8,1-neolig-8-ene-2,4(3H)-dione', 'taxifolin', ""(2'S)-2-(propan-2'-ol)-5-hydroxy-benzopyran-4-one"", 'Rel-(+)-(7S,9R,10S)-3,9,12-trihydroxycalamenene', 'Casearin S', '1-O-(E)-caffeoyl-β-D-glucopyranoside', 'Quercitrin, 3-O-α-rhamnosylquercetin', 'Caseobliquin A', 'Methyl angolensate', ""5-(3'' -Hydroxypropyl)-7-methoxy-2-(3',4' -methyl-enedioxyphenyl)benzofuran"", '22β-hydroxypristimerin', ""Nitensoside B; Pedalitin 6-O-α-rhamnopyranosyl(1'''→6'')-β-glucopyranoside"", 'Amentoflavone', 'Odoratone', 'Rel-6β-hydroxyzuelanin-2β-benzoate', 'shidasterone', '5-hydroxymethyl- 2-furancarboxaldehyde; 5-hydroxymethyl-2-furfuraldehyde', 'atalaphyllinine', 'N-[10- (13,14-methylenedioxyphenyl)-7(E)-pentaenoyl]-pyrrolidine', '2-Methyl-5-methoxy-benzopyran-4-one', '3,4-dihydroxybenzoic acid geranyl ester', '3,4,5-Triacetoxybenzoic acid', 'Methyl gallate', '3-O-β-D-quinovopyranosyl cincholic acid', 'Afzelin, 3-O-α-rhamnosyl kaempferol', 'Egonol', '4-Nerolidilcatechol', 'Netzahualcoyene', 'Casearin X Dialdehyde; (2R*,4aS*,5S*,7R*,8R*,8aS*)-4,4a-Diformyl-1,2,4a,5,6,7,8,8a-octahydro-5-hydroxy-7,8-dimethyl-8-[(2Z)-3-methylpenta-2,4-dien-1-yl]naphthalen-2-yl Butanoate', 'polypodine B', 'n-Propyl gallate', ""3',4',5',5,7,8-hexamethoxyflavone"", 'Isopropyl gallate', '6β-hydroxy-7-epigardoside methyl ester', 'Tetrahydropiperyline, N-[10-(13,14-methylenedioxyphenyl)-pentanoyl]-pyrrolidine', 'Piperovatine', '2,4,6-trimethoxybenzoic acid', '(+)-3-O-feruloylcassine', '1-(5,7-dihydroxy-2,2-dimethylchroman-6-yl)-3-(1,1,4a-trimethyl-2,3,4,4a,9a-hexahydro-1H-xanthen-7-yl)propan-1-one', 'Methyl (E)-6,7,8-trimethoxycinnamate', '3,4,5-Trimethoxyphenyl-1-O-β-D-(5-O-syringoyl)-apiofuranosyl-(1→6)-β-D-glucopyranoside', '6-[8(Z),11(Z),14-pentadecatrienyl]salicylic acid', 'Sorbifolin', ""Nitensoside A; Sorbifolin 6-O-α-rhamnopyranosyl(1'''→6'')-β-glucopyranoside"", 'Casearin O; (1R*,3S*,5S*,6aR*,7R*,8R*,9S*,10S*,10aR*)-1,10-Bis(acetyloxy)-5-methoxy-7,8-dimethyl-7-[(2Z)-3-methylpenta-2,4-dien-1-yl]-3,5,6,6a,7,8,9,10-octahydronaphtho[1,8a-c]furan-3,9-diyl Dibutanoate', 'germacrene D', 'Caseargrewiin F; (1R*,3S*,5S*,6aR*,7S*,8R*,10R*,10aR*)-1,3-Bis(acetyloxy)-3,5,6,6a,7,8,9,10-octahydro-10-hydroxy-7,8-dimethyl-7-[(2Z)-3-methylpenta-2,4-dien-1-yl]naphtho[1,8a-c]furan-5-yl Butanoate', 'Casearin L; (1R*,3S*,5S*,6aR*,7R*,8R*,9S*,10S*,10aR*)-1,10-Bis(acetyloxy)-3,5,6,6a,7,8,9,10-octahydro-9-hydroxy-5-methoxy-7,8-dimethyl-7-[(2Z)-3-methylpenta-2,4-dien-1-yl]naphtho[1,8a-c]-furan-3-yl Butanoate', 'Platydesmine', 'Leiokinine A', 'Cabraleadiol', 'schaftoside', ""(2S)-Methyl-8-isopentyl-2-methyl-2-(4'-methylpentyl)chroman-6-carboxylate"", 'Griseofulvin', ""7-Hydroxy-4',6-dimethoxyisoflavone; Afrormosin; Afromosin"", '6-pentadecylsalicylic acid', 'Methyl-2,2-dimethylchroman-6-carboxylate', ""Myrsinoic acid A, 3-Geranyl-4-hydroxy-5-(3'',3''-dimethylallyl)benzoic acid"", '20α-Hydroxymaytenin; 20-hydroxy-20-epi-tingenone', '(-)-Epigallocatechin-3-O-gallate', 'Casearin D; (1R*,3S*,5S*,6aR*,7R*,8R*,9S*,10S*,10aR*)-1-(Acetyloxy)-3,5,6,6a,7,8,9,10-octahydro-5,10-dihydroxy-7,8-dimethyl-7-[(2Z)-3-methylpenta-2,4-dien-1-yl]naphtho[1,8a-c]furan-3,9-diyl Dibutanoate', 'Rel. (+)-(7S,10S) 3,12-dihydroxycalamenene', 'carlinoside', 'Methyl-8-(ethanoyloxy)-2,2-dimethyl-2H-chromene-6-carboxylate', 'arjunolic acid', 'stachysterone', 'Ethyl 2,4-dihydroxy-5,6-dimethylbenzoate', ""2-(2'-O-transcoumaroyl)-C-β-D-glucopyranosyl-1,3,6,7-tetrahydroxyxanthone"", 'Syringic acid', 'Maytenin, Tingenone', 'urauchimycin B', ""2-(2'-O-trans-caffeoyl)-C-β-D-glucopyranosyl-1,3,6,7-tetrahydroxyxanthone"", 'Amentoflavone 7”,4”’-dimethyl ether', 'Picramnioside F', 'Lauryl gallate', 'Syringaldehyde', '22-hydroxytirucalla-7,24-diene-2,3-dione', 'Trans-3’-methylsulphonylallyl trans-cinnamate', '(3-(2-(4-hydroxyphenyl)-2-oxoethyl)-5,6-dihydropyridin- 2(1H)-one)', 'Mangiferin', 'Salacin', 'Viburgenin', ""Pterogynoside; Kaempferol-3-O-(3''-O-4'''-methylgallate-α-L-rhamnoside)"", 'Isobutyl gallate', '7′-multijuguinone', '24-methylenecycloartan-3b-ol', 'Ixoside', '2β-Hydroxyzuelanin-6β-cinnamate', 'Cognatine', 'Fagaramide', 'Chalepin', 'Chlorogenic acid']]",doi_name
"['10.1515/znc-2009-11-1212', '4-Hydroxymellein']","['10.1515/znc-2009-11-1212', ['guaiol', 'γ-eudesmol', 'Hinesol', 'α-eudesmol', 'Galioside aglicone', '11-O-trans-feruloylteucrein', 'Teucrein', 'Apodanthoside', 'Galioside', ""3,4-dimethyl-2-(4'-hydroxy-3',5'-dimethoxyphenyl)-5-methoxy-tetrahydrofuran"", '2α,3α,19α- trihydroxyurs-12-en-28-oic acid', '3,3-O-dimethylquercetin', 'penduletin 4-O-methyl ether', '3,7,4-O-trimethylkaempferol', 'p-hydroxybenzoic acid', '2α,3α-dihydroxyolean-12- en-28-oic acid', 'Chrysoeriol', 'acacetin', '3-O-methylquercetin', 'Aphidicolin', '2,3-dihydro-4,9-dihydroxy-2-(2-hydroxy-propan-2-yl)- 11-methoxy-10-methylfuro[3,2-b]acridin-5(10H)-one', 'bis-5-hydroxyacronycine', 'Citibrasine', 'Anhydrofusarubin', 'Beauvericin', '5,7-dimethoxy-2,2-dimethyl-2H-1-benzopyran-6-propanoate', 'Taraxerol acetate', 'Chlorogenic acid methyl ester, Methyl (1S,3R,4R,5R)-3-{[(2E)-3-(3,4-dihydroxyphenyl)-2-propenoyl]oxy}-1,4,5-trihydroxycyclohexanecarboxylate', '2-Episesalatin', ""Isoswertisin-2''α1-L-rhamnoside"", 'Sesartemin', 'Clusifoliol', ""Isoswertisin-4'-methyl-ether-2''α-L-rhamnoside"", '3,21-Di-epi-feroniellide B', '21β,25-dimethylmelianodiol', '21α,25-dimethylmelianodiol', '9-hydroxyeugenin', 'Mycoleptone A', 'Mycoleptone A tetraacetate', 'Austdiol diacetate', 'Mycoleptone B', 'Eugenitin', '6-methoxyeugenin', 'Austdiol', '(-)-3-O-acetyl-spectaline', '(+)-Erythravine', '(+)-11α-Hydroxyerythravine', '(+)-α-Hydroxyerysotrine', 'Stearic acid 4-pentoyloxyphenethyl ester', 'astilbin; Rel-(2R, 3R)-dihydroquercetin-3-O-±-L-rhamnoside', 'Methyl (3R,4R,5R)-3-{[(2E)-3-(3,4-dihydroxyphenyl)-2-propenoyl]oxy}-1,4,5-trihydroxycyclohexanecarboxylate', 'Methyl (3R,4R,5R)-3-{[(2Z)-3-(3,4-dihydroxyphenyl)-2-propenoyl]oxy}-1,4,5-trihydroxycyclohexanecarboxylate', 'Deoxycordifoline', '3,4-dehydro-strictosidine', '5α-carboxystrictosidine', 'Strictosidine acid', '3,4-dehydrostrictosidine acid', 'Turbinatine', 'Harman-3-carboxylic acid', 'Cordifoline', '(22E,24R)-ergosta-4,6,8(14),22-tetraen-3-one', '8-hydroxy-6-methoxy-3-methylisocoumarin', 'Ergosterol peroxide', 'Dimethyl terephthalate', 'Pimara-7,15-dien-3β-ol', '4-metoxi-6-[2-(metilamino)fenil]- 2H-piran-2-ona', 'Nilocetin', 'Hispidol A', 'cryptomeridiol', 'Oleanonic acid', 'Piscidinol A', '3,11-dioxoolean-12-en-28- onic acid', 'Iso-odoratol', 'Pentaol', 'Nitensidine E', 'Nitensidine D', ""2'-hydroxy-3,4,4'-trimethoxy-5',6'-(2'',2''-dimethylpyrano)-chalcone"", ""3',4'-methylenedioxy-5,6,7- trimethoxyflavone"", ""3',4'-methylenedioxy-5,5',6,7-tetramethoxyflavone"", ""3',4'-methylenedioxy-5,7-dimethoxyflavone"", 'α-Gardiol', 'β-Gardiol', 'Ferulic acid', 'Tagitinin C', '1-methoxy-3-hydroxy-3,10b-4,5a-diepoxy-8b-isobutyroyloxygermacr-11(13)-en-6a,12-olide', 'Epi-guaiacin', 'Verrucosin', '7-Methyl-sargachromenol; 2,7,8-Trimethyl-2-[(3-E,7-Z)-4,12-dimethyl-8-carboxyl-3,7,11-tridecatrienyl]-3-chromen-6-ol, β-caroteno', 'Nectandrin B', '2-n-Pentylquinoline', ""2-(3',4'-methylenedioxyphenylethyl)-Quinoline"", ""2-(1'-pentenyl)-Quinoline"", '2-n-Propylquinoline', ""4-Hydroxy-3-(3',7'-dimethyl-3'-hydroxy-1'-oxo-6'-octenyl)benzoic acid"", ""1,4-Dihydroxy-2-(3',7'-dimethyl-1'-oxo-2'-E-6'-octadienyl)benzene"", ""Sakuranetin; 5,4'-dihydroxy-7-methoxyflavanone"", ""4-Hydroxy-(3',7'-dimethyl-1'-oxo-octa-2'-E-6'-dienyl)benzoic acid"", ""Isosakuranetin; 5,7-dihydroxy-4'-methoxyflavanone"", ""3,5,6,7,3',4',5'-heptamethoxyflavonol"", ""3',4',5',3,5,7,8-heptamethoxyflavone"", 'Secoxyloganin', ""6'-Acetyl-β-D-glucopyranosyldiderroside"", '7-Methoxydiderroside', 'Diderroside', 'Glycocitrine-I', 'Pyranofoline', '3,4-dihydro-3,5,8-trihydroxy-6-methoxy-2,2,7-trimethyl-2Hpyrano[ 2,3-a]acridin-12(7H)-one', '5-hydroxynoracronycine; Atalaphyllidine', 'Citrusinine-II', 'Glycocitrine-IV', 'Citrusinine-I', '1,3,5-trihydroxy-4-methoxy-10-methyl- 2,8-bis(3-methylbut-2-enyl)acridin-9(10H)-one', '1,3,5-trihydroxy- 2,8-bis(3-methylbut-2-enyl)-10-methyl-9-acridone', 'Xanthyletin', ""Hostmaniene; 4-Hydroxy-3-(2',3'-dihydroxy-3'-methylbutyl)benzoate"", ""4-Hydroxy-3-(3',7'-dimethylocta-2'-E-6'-dienyl)benzoic acid"", '3,4,5-Trimethoxydihydrocinnamic acid', 'Methyl 2,2-dimethyl-1-oxo-2H-1-benzopyran-6-carboxylate', ""Methyl taboganate; Methyl 4-hydroxy-3-(3'-methyl-1'-oxo-2'-butenyl)benzoate"", ""2',6'-Dihydroxy-4'-methoxydihydrochalcone"", 'Piperaduncine B', ""Methyl 4-hydroxy-3-(3'-methyl-2'-butenyl)benzoate"", ""Aduncumene; Methyl 2-methoxy-5-(3'-methyl-1'-oxo-2'-butenyl)benzoate"", ""4-Hydroxy-(3',7'-dimethyl-1'-oxo-octa-2'-Z-6'-dienyl)benzoic acid"", ""Methyl 4-hydroxy-3-(3'-methyl-2'-hydroxy-3'-butenyl)benzoate"", ""Rel-(7R,8S,7'S,8'S)-4'-hydroxy-3,4,5,3',5'-pentamethoxy-7,7'-epoxylignan"", ""Rel-(7R,8S,7'S,8'S)-4',5'-methylenedioxy-3,4,5,3'-tetramethoxy-7,7'-epoxylignan"", ""Rel-(7R,8S,7'S,8'S)-4-hydroxy-4',5'-methylenedioxy-3,5,3'-trimethoxy-7,7'-epoxylignan"", ""Rel-(7R,8S,7'S,8'S)-4,5,4',5'-dimethylenedioxy-3,3'-dimethoxy-7,7'-epoxylignan"", ""Rel-(7R,8S,7'S,8'S)-9-hydroxy-4',5'-methylenedioxy-3,4,5,3'-tetramethoxy-7,7'-epoxylignan"", ""4-Methoxy-3-(3',7'-dimethylocta-2'-E-6'-dienyl)benzoic acid"", ""3-(3',7 '-dimethyl-2',6 '-octadienyl)-4-methoxy-benzoic acid"", 'Methyl-8-hydroxy-2,2-dimethyl-2H-chromene-6-carboxylate', 'cyclo (L)-Pro-Gly', '17-(3,4-Methylenedioxyphenyl)-heptadecanoic acid', 'Sargachromenol', '(+)-Guaiacin', ""7,4'-Dimethoxyflavone"", 'Sargaquinoic acid', '19´-(3,4-Methylenedioxyphenyl)-nonadecanoic acid', ""7,4'-Dihydroxyflavone"", 'Farnisine', '21´-(3,4-Methylenedioxyphenyl)-henicosanoic acid', 'Fasciculiferin', 'Tithonine', ""Juruenolic acid; 2-(4'-Methylpentenyl-3)-10-oxoundecan-2,6-dienoic acid"", '6-Hydroxy-rutin', 'Kaempferol-3-O-α-L-rhamnopyranosyl-(1-6)-α-L-rhamnopyranosyl-(1-4)-β-D-glucopyranoside', 'Kaempferol-3-O-D-glucopyranoside', 'Catechin, Ent-catechin', 'Kaempferol-3-O-α-L-rhamnopyranosyl-(1→6)-β-D-galactopyranoside', 'Kaempferol-3-O-D-galactopyranoside', 'Procyanidin B-3', 'Quercetin-3-O-α-L-rhamnopyranosyl-(1→6)-β-D-galactopyranoside', 'Kaempferol-3-O-rutinoside', '5,7-dimethoxy-2,2-dimethyl-2H-1-benzopyran-6-propanoic acid', 'Isopimpinellin', 'Methacrylic acid', 'β-caryophyllene, trans-caryophyllene', '(3Z,5Z)-N-isobutyl-8-(30,40-methylenedioxy-phenyl)-heptadienamide', 'Pellitorine', 'Piperine', '(Z)-piplartine; 8(Z)-N-(12,13, 14-trimethoxycinnamoyl)- 3-pyridin-2-one', ""N-[3-(6'-methoxy-3',4'-methy-lenedioxyphenyl)-2(Z)-propenoyl]pyrrolidine"", '(E)-piplartine', '8,9-dihydropiplartine; N-(12,13,14-trimethoxydihydrocinnamoyl)-Δ3-pyridin-2-one', '10,11-dihydropiperine; Δα,β-dihydropiperine', '4,5-dihydropiperlonguminine; Piperlonguminine', '4,5-dihydropiperyline', 'Cusculine; 1,2,3,5,6-pentamethoxy-9-acridone', 'Cuspanine; 1-hydroxy-2,3,5,6-tetramethoxy-9-acridone', '2α,3α-Dihydroxy-urs-12-en-28-oic acid', 'Oleanolic acid 3-sophoroside', '3-O-β-D-(6’-methyl)-glucopyranosyl-28-O-β-D-glucopyranosyl-oleanate', 'β-Sitosterol benzoate', '5-hydroxyflavone', '2-phenyl-4H-chromen-4-one', 'Haplotusine', 'Sinapyl 4-O-β-D-glucopyranoside aldehyde', 'N-acetylnonaine', 'Liriodenine', 'Sinapyl 4-O-β-D-glucopyranoside alcohol', '[10]-gingerol', ""2,4-Dihydroxy-6-[(1'E,3'E)-penta-1', 3'-dienyl]-benzaldehyde"", '2-methyl-5-[8(Z)-pentadecenyl]resorcinol', 'Nitensidine A', '2-hydroxyphenylacetic acid', '3-O-β-D-quinovopyranosyl quinovic acid', '3β-hydroxy-stigmast-5-en-7-one; 24-β-7-oxositosterol', 'scillascillin', 'Piperol B', '(-)-Hardwickiic acid', ""5-[3''-(β-D-glucopyranosyloxy)propyl]-7-methoxy-2-(3',4'-methylenedioxyphenyl)benzofuran"", '28-O-β-D-glucopyranosyl quinovic acid', '2-Methyl-4-hydroxy-butyl caffeoate', 'N-1,N-2,N-3-Triisopentenylguanidine', 'Dibenzyl trisulphide', 'Maytenin, Tingenone', ""8-hydroxy-3,5,7,3',4',5'-hexamethoxyflavonol"", 'Odoratol', 'Leptomerine', '5-hydroxy-N-methylseverifoline', '19,20-Epoxycytochalasin N', 'ellagic acid 4-O-α-L-rhamnopyranoside; eschweilenol C', 'Mayoside C', 'Ourateacatechin', ""3',4',5',5,7-pentamethoxyflavone"", '2-methyl-5-pentadecylresorcinol', '(±)-Syringaresinol', 'Cyclo-(L-Pro-L-Val)', 'Acetonide of odoratol', '(−)-Grandisin', '24-methylenecycloartan-3b-ol', 'Ixoside', '2,7-Di-O-acetylcasearupestrin A', 'Nitensidine B', '1-methyl-2-n-nonyl-4-quinolone', '5-[8(Z),11(Z),14-pentadecatrienyl]resorcinol', 'Gallic acid; 3,4,5-trihydroxybenzoic acid', 'Homoegonol', '[8]-gingerol', '4-Hydroxymellein', '5-hydroxymellein', 'fraxinellonone', 'Dibenzyl sulphide', '(-) Cis-4-hydroxy-6-deoxyscytalone', 'Plumericin', '5-[8(Z),11(Z)-pentadecadienyl]resorcinol', '(-)-Spectalinine', 'Netzahualcoyondiol', 'fumiquinozoline F', 'Kaempferol 3-O-α-L-rhamnopyranosyl (1→6)-O-[β -D-glucopyranosyl (1→3)-O-α-L-rhamnopyranosyl-(1→2)]-O-β -D-glucopyranosyl', '3β-O-[α-L-rhamnopyranosyl-(1→2)-O-β-D-glucopyranosyl-(1→2)-O-β-D-glucopyranosyl]-28-O-β-D-glucopyranoside pomolate', 'Dibenzyl tetrasulphide', ""2',5-dihydroxy-3-methoxy-8-dimethylallyl-6, 7-(2' ',2''-dimethylpyrano)-dihydroflavonol"", 'Canavaline', 'Di-hydrodehydrodiconiferyl alcohol', 'Quercetin', ""2-(2'-O-trans-cinnamoyl)-C-β-D-glucopyranosyl-1,3,6,7-tetrahydroxyxanthone"", 'Kokusaginine', 'Ocotillone', 'des-N-methylnoracronycine', 'Sorbifolin 6-O-β-glucopyranoside', 'Rel-2α-hydroxyzuelanin-6β-benzoate', '2,6-di-O-acetylcasearupestrin D', ""Methyl-2,2-dimethyl-8-(3'-methylbut-2'-enyl)chroman-6-carboxylate"", 'β-photogedunin', 'n-Butyl gallate', ""5-[3''-(β-D-glucopyranosyloxy)propyl]-7-methoxy-2-(3',4'-dimethoxyphenyl)benzofuran"", '3,12-Dihydroxycadalene', '7-hydroxy-3- (11-dimethylallyl)-8-methoxycoumarin', ""N-[7-(3',4'-methylenedioxyphenyl)-2(Z),4(Z)-heptadienoyl]pyrrolidine"", ""Acteoside; [β-3,4-dihydroxyphenyl)-ethyl]-(3'-O-α-L-rhamnopyranosyl)-(4'-O-cafeoyl)-β-D-glycopyranoside, verbascoside"", 'Maculosidine', 'Podocarpusflavone A', 'Casearupestrin C', '6α-malonyloxy-n-butyl ester manoyl oxide', 'citrusinine-I', 'Ricinine', 'Leptophyllin A', '5-pentadecylresorcinol', '19,20-Epoxycytochalasin D', 'urauchimycin A', 'p-Coumaric acid', '(-)-Epigallocatechin', 'Netzahualcoyonol', '1-[3-(3,7-dimethylocta-2,6-dien-1-yl)-2,4,6- trihydroxyphenyl]-3-(4-hydroxyphenyl)propan-1-one', '6α-malonyloxymanoyl oxide', 'Benzylhydroxymethyl sulphide', '1,6-di-O-caffeoyl-β-D-glucopyranoside', '2-methyl-5-[8(Z),11(Z),14-pentadecatrienyl]resorcinol', '20-hydroxyecdysone; polypodine A', '3-Acetyl aleuritolic acid', '2-n-nonyl-4-quinolone', 'Cytochalasin D', 'Isoorientin', 'Pristimerin; 20α-3-hydroxy-2-oxo-24-nor-friedela-1-10,3,5,7-tetraen-carboxylic acid-29-methylester', '3,4,5-trimethoxyphenyl 1-O-β-D-apiofuranosyl-(1→6)-O-β-D-glucopyranoside', 'Methyl-8-hydroxy-2,2-dimethylchroman-6-carboxylate', '6α-acetoxy-14β,15β-epoxyazadirone', 'Alkenoic acid', 'Quercetin 3-O-α-L-rhamnopyranosyl (1→6)-O-[β -D-glucopyranosyl (1→3)-O-α-L-rhamnopyranosyl-(1→2)]-O-β -D-glucopyranosyl', 'Heveaflavone', 'Arboreumine', '3-Oxoursolic acid', 'Casearupestrin B', 'toonacilin', 'Uracil', '1-O-(E)-feruloyl-β-D-glucopyranoside', '19,20-Epoxycytochalasin C', 'n-Pentyl gallate', 'Orcinol', 'Periconicin B', 'Phomopsilactone', 'Methyl angolensate', ""5-(3'' -Hydroxypropyl)-7-methoxy-2-(3',4' -methyl-enedioxyphenyl)benzofuran"", '22β-hydroxypristimerin', '1- (5,7-dihydroxy-2,2-dimethylchroman-6-yl)-3-(2,2-dimethylchroman- 6-yl)propan-1-one', ""(2S)-8-Isopentyl-2-methyl-2-(4'-methylpentyl)chroman-6-carboxylic acid"", '2,2-dimethyl-2H-chromene-6-carboxylic acid', '1,2-dihydro- 3β-hydroxy-7-deacetoxy-7-oxogedunin', 'Photogedunin', 'Casearin X; (1R*,3S*,5S*,6aR*,7S*,8S*,10R*,10aR*)-1-(Acetyloxy)-3,5,6,6a,7,8,9,10-octahydro-10-hydroxy-7,8-dimethyl-7-[(2Z)-3-methylpenta-2,4-dien-1-yl]naphtho[1,8a-c]furan-3,5-diyl Dibutanoate', 'Skimmianine', 'p-hydroxybenzoic acid-geranyl ester', 'Dibenzyl disulphide', 'Proanthocyanidin', 'neoisoastilbin', '(R)-7-Hydroxymellein', '6α-acetoxymanoyl oxide', 'Pedalitin', 'Di(benzyltrithio) methane', '3,11,12-Trihydroxycadalene', 'Quercetin 3-O-sophoroside', '(3R,4R)-3,4-Dihydro-4,6-dihydroxy-3-methyl-1-oxo-1H-isochromene-5-carboxylic acid', 'polypodine B', 'n-Propyl gallate', ""3',4',5',5,7,8-hexamethoxyflavone"", 'Isopropyl gallate', '6β-hydroxy-7-epigardoside methyl ester', 'Tetrahydropiperyline, N-[10-(13,14-methylenedioxyphenyl)-pentanoyl]-pyrrolidine', 'Piperovatine', '2,4,6-trimethoxybenzoic acid', '1-O-(E)-caffeoyl-β-D-glucopyranoside', 'Quercitrin, 3-O-α-rhamnosylquercetin', 'Caseobliquin A', '12′-hydroxy-7′-multijuguinone', 'Kaempferitrin', 'Nitensidine C', 'Dipropyl disulphide', '2-methyl-5-[8(Z),11(Z)-pentadecadienyl]resorcinol', 'Methyl 6,7,8-trimethoxydihydrocinnamate', '2-Hexyl-3-methyl-butanodioic acid', 'fraxinellone', ""2-(R)-Methyl-6-(S)-(tetradecyl-13'-one)-3(R)-O-tert-butyldimethylsilyl-piperidine"", '(2S)-Methyl-2-methyl-8-(3""-methylbut-2""-enyl)-2-(4\'-methylpent-3\'-enyl)-2H-chromene-6-carboxylate', 'Casearin T', 'Piperyline, N-[10-(13,14-methylenedioxyphenyl)-7(E),9(E)-pentadienoyl]-pyrrolidine', 'ω-fenil alcanoic acid', '2-butyl-D-fructofuranoside', ""Gaudichaudianic acid; (2S)-2-methyl-2-(4'methyl-3'-pentenyl)-8-(3''-methyl-2-butenyl)- 2H-1-benzopyran-6-carboxylic acid"", 'limonexic acid', '19,20-Epoxycytochalasin Q', '19,20-Epoxycytochalasin R', 'Muraxanthone', 'Odoratone', 'Rel-6β-hydroxyzuelanin-2β-benzoate', 'shidasterone', '5-hydroxymethyl- 2-furancarboxaldehyde; 5-hydroxymethyl-2-furfuraldehyde', 'atalaphyllinine', '24-methylene-3,22-dihydroxycholesterol', 'amorphispironone', 'Casearupestrin D', 'Chaetoglobosin B', ""2-(2'-O-benzoyl)-C-β-D-glucopyranosyl-1,3,6,7-tetrahydroxyxanthone"", 'Isoplumericin', 'α-L-xylopyranosyl-(4""→20)-(3-O-β-D-glucopyranosyl)-1\'-O-E-caffeoyl-β-D-glucopyranoside', 'epoxy-fraxinellone', 'Casearupestrin A', '2-oxo-piperol B; (7S*, 8R*, 1R*, 3R*)-3,4,5-trimethoxy-3,7-cyclo-8,1-neolig-8-ene-2,4(3H)-dione', 'taxifolin', ""(2'S)-2-(propan-2'-ol)-5-hydroxy-benzopyran-4-one"", 'Rel-(+)-(7S,9R,10S)-3,9,12-trihydroxycalamenene', 'Casearin S', '11β-acetoxyobacunone', '1-(5,7-dihydroxy-2,2-dimethylchroman- 6-yl)-3-[4-hydroxy-3-(3-methylbut-2-en-1-yl)- phenyl]propan-1-one', '(3R,4R)-4,7-Dihydroxymellein', '6-[ 8(Z),11(Z) -pentadecadienyl] salicylic acid', '6-[8(Z)-pentadecenyl]salicylic acid', '(2S)-2-methyl-8-(3""-methylbut-2""-enyl)-2-(4\'-methylpent-3\'-enyl)-2H-chromene-6-carboxylic acid', 'Burchellin', '5-[8(Z)-pentadecenyl]resorcinol', 'Luteolin; 2-(3,4-dihydroxyphenyl)-5,7-dihydroxy-4H-chromen-4-one', 'Sinapic acid', 'Pedalin, pedalitin 6-O-β -glucopyranoside', 'Caseargrewiin F; (1R*,3S*,5S*,6aR*,7S*,8R*,10R*,10aR*)-1,3-Bis(acetyloxy)-3,5,6,6a,7,8,9,10-octahydro-10-hydroxy-7,8-dimethyl-7-[(2Z)-3-methylpenta-2,4-dien-1-yl]naphtho[1,8a-c]furan-5-yl Butanoate', 'Casearin L; (1R*,3S*,5S*,6aR*,7R*,8R*,9S*,10S*,10aR*)-1,10-Bis(acetyloxy)-3,5,6,6a,7,8,9,10-octahydro-9-hydroxy-5-methoxy-7,8-dimethyl-7-[(2Z)-3-methylpenta-2,4-dien-1-yl]naphtho[1,8a-c]-furan-3-yl Butanoate', 'Platydesmine', 'Leiokinine A', 'Cabraleadiol', 'schaftoside', ""(2S)-Methyl-8-isopentyl-2-methyl-2-(4'-methylpentyl)chroman-6-carboxylate"", '3,4,5-Triacetoxybenzoic acid', 'Methyl gallate', '3-O-β-D-quinovopyranosyl cincholic acid', 'Afzelin, 3-O-α-rhamnosyl kaempferol', 'N-[10- (13,14-methylenedioxyphenyl)-7(E)-pentaenoyl]-pyrrolidine', '2-Methyl-5-methoxy-benzopyran-4-one', '3,4-dihydroxybenzoic acid geranyl ester', 'N-[10-(13,14-methylenedioxyphenyl)-7(E),9(Z)-pentadienoyl]-pyrrolidine', '4-Nerolidilcatechol', ""2-(2'-O-transcoumaroyl)-C-β-D-glucopyranosyl-1,3,6,7-tetrahydroxyxanthone"", 'Syringic acid', '(+)-3-O-feruloylcassine', '1-(5,7-dihydroxy-2,2-dimethylchroman-6-yl)-3-(1,1,4a-trimethyl-2,3,4,4a,9a-hexahydro-1H-xanthen-7-yl)propan-1-one', 'Methyl (E)-6,7,8-trimethoxycinnamate', '3,4,5-Trimethoxyphenyl-1-O-β-D-(5-O-syringoyl)-apiofuranosyl-(1→6)-β-D-glucopyranoside', '6-[8(Z),11(Z),14-pentadecatrienyl]salicylic acid', 'Sorbifolin', ""Nitensoside A; Sorbifolin 6-O-α-rhamnopyranosyl(1'''→6'')-β-glucopyranoside"", 'Casearin O; (1R*,3S*,5S*,6aR*,7R*,8R*,9S*,10S*,10aR*)-1,10-Bis(acetyloxy)-5-methoxy-7,8-dimethyl-7-[(2Z)-3-methylpenta-2,4-dien-1-yl]-3,5,6,6a,7,8,9,10-octahydronaphtho[1,8a-c]furan-3,9-diyl Dibutanoate', 'germacrene D', '6-pentadecylsalicylic acid', ""Nitensoside B; Pedalitin 6-O-α-rhamnopyranosyl(1'''→6'')-β-glucopyranoside"", 'Amentoflavone', 'Gedunin', ""7-Hydroxy-4',6-dimethoxyisoflavone; Afrormosin; Afromosin"", '8-methoxymellein', 'Methyl-2,2-dimethylchroman-6-carboxylate', ""Myrsinoic acid A, 3-Geranyl-4-hydroxy-5-(3'',3''-dimethylallyl)benzoic acid"", '20α-Hydroxymaytenin; 20-hydroxy-20-epi-tingenone', '(-)-Epigallocatechin-3-O-gallate', 'Casearin D; (1R*,3S*,5S*,6aR*,7R*,8R*,9S*,10S*,10aR*)-1-(Acetyloxy)-3,5,6,6a,7,8,9,10-octahydro-5,10-dihydroxy-7,8-dimethyl-7-[(2Z)-3-methylpenta-2,4-dien-1-yl]naphtho[1,8a-c]furan-3,9-diyl Dibutanoate', 'Rel. (+)-(7S,10S) 3,12-dihydroxycalamenene', 'carlinoside', 'Methyl-8-(ethanoyloxy)-2,2-dimethyl-2H-chromene-6-carboxylate', 'arjunolic acid', 'stachysterone', 'Ethyl 2,4-dihydroxy-5,6-dimethylbenzoate', 'Amentoflavone 7”,4”’-dimethyl ether', 'Picramnioside F', 'Egonol', 'urauchimycin B', ""2-(2'-O-trans-caffeoyl)-C-β-D-glucopyranosyl-1,3,6,7-tetrahydroxyxanthone"", 'Netzahualcoyene', 'Casearin X Dialdehyde; (2R*,4aS*,5S*,7R*,8R*,8aS*)-4,4a-Diformyl-1,2,4a,5,6,7,8,8a-octahydro-5-hydroxy-7,8-dimethyl-8-[(2Z)-3-methylpenta-2,4-dien-1-yl]naphthalen-2-yl Butanoate', 'Lauryl gallate', 'Syringaldehyde', '22-hydroxytirucalla-7,24-diene-2,3-dione', 'Trans-3’-methylsulphonylallyl trans-cinnamate', '(3-(2-(4-hydroxyphenyl)-2-oxoethyl)-5,6-dihydropyridin- 2(1H)-one)', 'Mangiferin', 'Salacin', 'Viburgenin', ""Pterogynoside; Kaempferol-3-O-(3''-O-4'''-methylgallate-α-L-rhamnoside)"", 'Isobutyl gallate', '7′-multijuguinone', 'Griseofulvin', '2β-Hydroxyzuelanin-6β-cinnamate', 'Cognatine', 'Fagaramide', 'Chalepin', 'Chlorogenic acid', '(4R)-4,8-dihydroxy-α-tetralone', 'Kaempferol']]",doi_name
"['10.1016/S0031-9422(00)00323-X', 'Picramnioside F']","['10.1016/S0031-9422(00)00323-X', ['guaiol', 'Hinesol', 'γ-eudesmol', 'α-eudesmol', '11-O-trans-feruloylteucrein', 'Teucrein', 'Apodanthoside', 'Galioside', 'Galioside aglicone', ""3',4'-methylenedioxy-5,6,7- trimethoxyflavone"", ""2'-hydroxy-3,4,4'-trimethoxy-5',6'-(2'',2''-dimethylpyrano)-chalcone"", ""3',4'-methylenedioxy-5,5',6,7-tetramethoxyflavone"", ""3',4'-methylenedioxy-5,7-dimethoxyflavone"", 'Mycoleptone A', '9-hydroxyeugenin', 'Austdiol diacetate', 'Eugenitin', 'Mycoleptone B', '6-methoxyeugenin', 'Austdiol', 'Mycoleptone A tetraacetate', 'Secoxyloganin', '7-Methoxydiderroside', ""6'-Acetyl-β-D-glucopyranosyldiderroside"", 'Diderroside', ""4-Methoxy-3-(3',7'-dimethylocta-2'-E-6'-dienyl)benzoic acid"", ""3-(3',7 '-dimethyl-2',6 '-octadienyl)-4-methoxy-benzoic acid"", 'Methyl-8-hydroxy-2,2-dimethyl-2H-chromene-6-carboxylate', 'Chlorogenic acid methyl ester, Methyl (1S,3R,4R,5R)-3-{[(2E)-3-(3,4-dihydroxyphenyl)-2-propenoyl]oxy}-1,4,5-trihydroxycyclohexanecarboxylate', '5,7-dimethoxy-2,2-dimethyl-2H-1-benzopyran-6-propanoate', ""Rel-(7R,8S,7'S,8'S)-9-hydroxy-4',5'-methylenedioxy-3,4,5,3'-tetramethoxy-7,7'-epoxylignan"", ""Rel-(7R,8S,7'S,8'S)-4'-hydroxy-3,4,5,3',5'-pentamethoxy-7,7'-epoxylignan"", ""Rel-(7R,8S,7'S,8'S)-4,5,4',5'-dimethylenedioxy-3,3'-dimethoxy-7,7'-epoxylignan"", ""Rel-(7R,8S,7'S,8'S)-4',5'-methylenedioxy-3,4,5,3'-tetramethoxy-7,7'-epoxylignan"", ""Rel-(7R,8S,7'S,8'S)-4-hydroxy-4',5'-methylenedioxy-3,5,3'-trimethoxy-7,7'-epoxylignan"", 'Epi-guaiacin', 'Verrucosin', '7-Methyl-sargachromenol; 2,7,8-Trimethyl-2-[(3-E,7-Z)-4,12-dimethyl-8-carboxyl-3,7,11-tridecatrienyl]-3-chromen-6-ol, β-caroteno', 'Nectandrin B', '(3Z,5Z)-N-isobutyl-8-(30,40-methylenedioxy-phenyl)-heptadienamide', 'Pellitorine', '4,5-dihydropiperlonguminine; Piperlonguminine', '(E)-piplartine', '(Z)-piplartine; 8(Z)-N-(12,13, 14-trimethoxycinnamoyl)- 3-pyridin-2-one', '4,5-dihydropiperyline', '8,9-dihydropiplartine; N-(12,13,14-trimethoxydihydrocinnamoyl)-Δ3-pyridin-2-one', '10,11-dihydropiperine; Δα,β-dihydropiperine', 'Piperine', ""N-[3-(6'-methoxy-3',4'-methy-lenedioxyphenyl)-2(Z)-propenoyl]pyrrolidine"", '(-)-3-O-acetyl-spectaline', 'Xanthyletin', '3,3-O-dimethylquercetin', '2α,3α,19α- trihydroxyurs-12-en-28-oic acid', 'penduletin 4-O-methyl ether', '2α,3α-dihydroxyolean-12- en-28-oic acid', 'p-hydroxybenzoic acid', 'acacetin', 'Chrysoeriol', '3-O-methylquercetin', '3,7,4-O-trimethylkaempferol', '2,3-dihydro-4,9-dihydroxy-2-(2-hydroxy-propan-2-yl)- 11-methoxy-10-methylfuro[3,2-b]acridin-5(10H)-one', 'Citibrasine', 'bis-5-hydroxyacronycine', '3,21-Di-epi-feroniellide B', '21β,25-dimethylmelianodiol', '21α,25-dimethylmelianodiol', 'Citrusinine-II', 'Citrusinine-I', '5-hydroxynoracronycine; Atalaphyllidine', 'Glycocitrine-I', '3,4-dihydro-3,5,8-trihydroxy-6-methoxy-2,2,7-trimethyl-2Hpyrano[ 2,3-a]acridin-12(7H)-one', '1,3,5-trihydroxy-4-methoxy-10-methyl- 2,8-bis(3-methylbut-2-enyl)acridin-9(10H)-one', 'Pyranofoline', '1,3,5-trihydroxy- 2,8-bis(3-methylbut-2-enyl)-10-methyl-9-acridone', 'Glycocitrine-IV', ""2-(3',4'-methylenedioxyphenylethyl)-Quinoline"", '2-n-Pentylquinoline', ""2-(1'-pentenyl)-Quinoline"", '2-n-Propylquinoline', 'cyclo (L)-Pro-Gly', 'Nilocetin', 'Hispidol A', 'cryptomeridiol', 'Pentaol', 'Oleanonic acid', '3,11-dioxoolean-12-en-28- onic acid', 'Iso-odoratol', 'Piscidinol A', 'Taraxerol acetate', '5,7-dimethoxy-2,2-dimethyl-2H-1-benzopyran-6-propanoic acid', 'Sargachromenol', '21´-(3,4-Methylenedioxyphenyl)-henicosanoic acid', ""7,4'-Dimethoxyflavone"", ""7,4'-Dihydroxyflavone"", '19´-(3,4-Methylenedioxyphenyl)-nonadecanoic acid', 'Farnisine', '(+)-Guaiacin', 'Sargaquinoic acid', '17-(3,4-Methylenedioxyphenyl)-heptadecanoic acid', 'Tithonine', 'Fasciculiferin', ""Juruenolic acid; 2-(4'-Methylpentenyl-3)-10-oxoundecan-2,6-dienoic acid"", 'Beauvericin', 'Anhydrofusarubin', ""Aduncumene; Methyl 2-methoxy-5-(3'-methyl-1'-oxo-2'-butenyl)benzoate"", ""4-Hydroxy-(3',7'-dimethyl-1'-oxo-octa-2'-Z-6'-dienyl)benzoic acid"", ""Methyl 4-hydroxy-3-(3'-methyl-2'-hydroxy-3'-butenyl)benzoate"", ""Methyl 4-hydroxy-3-(3'-methyl-2'-butenyl)benzoate"", 'Methyl 2,2-dimethyl-1-oxo-2H-1-benzopyran-6-carboxylate', 'Piperaduncine B', ""4-Hydroxy-3-(3',7'-dimethylocta-2'-E-6'-dienyl)benzoic acid"", ""Hostmaniene; 4-Hydroxy-3-(2',3'-dihydroxy-3'-methylbutyl)benzoate"", ""2',6'-Dihydroxy-4'-methoxydihydrochalcone"", '3,4,5-Trimethoxydihydrocinnamic acid', ""Methyl taboganate; Methyl 4-hydroxy-3-(3'-methyl-1'-oxo-2'-butenyl)benzoate"", 'Catechin, Ent-catechin', 'Kaempferol-3-O-rutinoside', 'Kaempferol-3-O-α-L-rhamnopyranosyl-(1→6)-β-D-galactopyranoside', 'Kaempferol-3-O-D-glucopyranoside', 'Kaempferol-3-O-α-L-rhamnopyranosyl-(1-6)-α-L-rhamnopyranosyl-(1-4)-β-D-glucopyranoside', 'Quercetin-3-O-α-L-rhamnopyranosyl-(1→6)-β-D-galactopyranoside', 'Kaempferol-3-O-D-galactopyranoside', '6-Hydroxy-rutin', 'Procyanidin B-3', ""1,4-Dihydroxy-2-(3',7'-dimethyl-1'-oxo-2'-E-6'-octadienyl)benzene"", ""Sakuranetin; 5,4'-dihydroxy-7-methoxyflavanone"", ""4-Hydroxy-(3',7'-dimethyl-1'-oxo-octa-2'-E-6'-dienyl)benzoic acid"", ""4-Hydroxy-3-(3',7'-dimethyl-3'-hydroxy-1'-oxo-6'-octenyl)benzoic acid"", ""Isosakuranetin; 5,7-dihydroxy-4'-methoxyflavanone"", 'Tagitinin C', '1-methoxy-3-hydroxy-3,10b-4,5a-diepoxy-8b-isobutyroyloxygermacr-11(13)-en-6a,12-olide', 'Stearic acid 4-pentoyloxyphenethyl ester', 'Methyl (3R,4R,5R)-3-{[(2Z)-3-(3,4-dihydroxyphenyl)-2-propenoyl]oxy}-1,4,5-trihydroxycyclohexanecarboxylate', 'Methyl (3R,4R,5R)-3-{[(2E)-3-(3,4-dihydroxyphenyl)-2-propenoyl]oxy}-1,4,5-trihydroxycyclohexanecarboxylate', 'astilbin; Rel-(2R, 3R)-dihydroquercetin-3-O-±-L-rhamnoside', '(+)-Erythravine', '(+)-11α-Hydroxyerythravine', '(+)-α-Hydroxyerysotrine', 'α-Gardiol', 'Ferulic acid', 'β-Gardiol', 'Aphidicolin', ""3,4-dimethyl-2-(4'-hydroxy-3',5'-dimethoxyphenyl)-5-methoxy-tetrahydrofuran"", 'Isopimpinellin', '2-Episesalatin', ""Isoswertisin-2''α1-L-rhamnoside"", 'Sesartemin', 'Clusifoliol', ""Isoswertisin-4'-methyl-ether-2''α-L-rhamnoside"", ""3',4',5',3,5,7,8-heptamethoxyflavone"", ""3,5,6,7,3',4',5'-heptamethoxyflavonol"", 'Nitensidine E', 'Nitensidine D', '(22E,24R)-ergosta-4,6,8(14),22-tetraen-3-one', 'Ergosterol peroxide', 'Dimethyl terephthalate', '8-hydroxy-6-methoxy-3-methylisocoumarin', 'Pimara-7,15-dien-3β-ol', 'Cordifoline', 'Harman-3-carboxylic acid', 'Turbinatine', '3,4-dehydrostrictosidine acid', 'Strictosidine acid', '5α-carboxystrictosidine', '3,4-dehydro-strictosidine', 'Deoxycordifoline', 'β-caryophyllene, trans-caryophyllene', '4-metoxi-6-[2-(metilamino)fenil]- 2H-piran-2-ona', 'Methacrylic acid', 'Cusculine; 1,2,3,5,6-pentamethoxy-9-acridone', 'Cuspanine; 1-hydroxy-2,3,5,6-tetramethoxy-9-acridone', '2α,3α-Dihydroxy-urs-12-en-28-oic acid', '3-O-β-D-(6’-methyl)-glucopyranosyl-28-O-β-D-glucopyranosyl-oleanate', 'Oleanolic acid 3-sophoroside', 'Haplotusine', '5-hydroxyflavone', 'β-Sitosterol benzoate', '2-phenyl-4H-chromen-4-one', 'Sinapyl 4-O-β-D-glucopyranoside aldehyde', 'Sinapyl 4-O-β-D-glucopyranoside alcohol', 'Liriodenine', 'N-acetylnonaine', '[10]-gingerol', ""2,4-Dihydroxy-6-[(1'E,3'E)-penta-1', 3'-dienyl]-benzaldehyde"", 'Nitensidine A', '2-methyl-5-[8(Z)-pentadecenyl]resorcinol', '2-hydroxyphenylacetic acid', 'scillascillin', 'Kokusaginine', ""2-(2'-O-trans-caffeoyl)-C-β-D-glucopyranosyl-1,3,6,7-tetrahydroxyxanthone"", 'Netzahualcoyene', 'Casearin X Dialdehyde; (2R*,4aS*,5S*,7R*,8R*,8aS*)-4,4a-Diformyl-1,2,4a,5,6,7,8,8a-octahydro-5-hydroxy-7,8-dimethyl-8-[(2Z)-3-methylpenta-2,4-dien-1-yl]naphthalen-2-yl Butanoate', 'polypodine B', 'n-Propyl gallate', ""3',4',5',5,7,8-hexamethoxyflavone"", 'Isopropyl gallate', '6β-hydroxy-7-epigardoside methyl ester', 'Tetrahydropiperyline, N-[10-(13,14-methylenedioxyphenyl)-pentanoyl]-pyrrolidine', ""8-hydroxy-3,5,7,3',4',5'-hexamethoxyflavonol"", 'Odoratol', 'Leptomerine', '5-hydroxy-N-methylseverifoline', '19,20-Epoxycytochalasin N', 'ellagic acid 4-O-α-L-rhamnopyranoside; eschweilenol C', 'Mayoside C', 'Ourateacatechin', ""3',4',5',5,7-pentamethoxyflavone"", '2-methyl-5-pentadecylresorcinol', '3β-hydroxy-stigmast-5-en-7-one; 24-β-7-oxositosterol', '(±)-Syringaresinol', 'Cyclo-(L-Pro-L-Val)', 'Acetonide of odoratol', '(−)-Grandisin', '24-methylenecycloartan-3b-ol', 'fraxinellonone', 'Dibenzyl sulphide', ""Methyl-2,2-dimethyl-8-(3'-methylbut-2'-enyl)chroman-6-carboxylate"", '2,7-Di-O-acetylcasearupestrin A', 'Nitensidine B', '1-methyl-2-n-nonyl-4-quinolone', '5-[8(Z),11(Z),14-pentadecatrienyl]resorcinol', 'Piperol B', '(-)-Hardwickiic acid', ""5-[3''-(β-D-glucopyranosyloxy)propyl]-7-methoxy-2-(3',4'-methylenedioxyphenyl)benzofuran"", '28-O-β-D-glucopyranosyl quinovic acid', '2-Methyl-4-hydroxy-butyl caffeoate', 'N-1,N-2,N-3-Triisopentenylguanidine', 'Dibenzyl trisulphide', 'Maytenin, Tingenone', '3-O-β-D-quinovopyranosyl quinovic acid', 'Sorbifolin 6-O-β-glucopyranoside', 'Rel-2α-hydroxyzuelanin-6β-benzoate', '2,6-di-O-acetylcasearupestrin D', 'Maculosidine', 'Podocarpusflavone A', 'Casearupestrin C', '6α-malonyloxy-n-butyl ester manoyl oxide', 'citrusinine-I', 'Ricinine', 'Leptophyllin A', '5-pentadecylresorcinol', 'urauchimycin B', 'Homoegonol', '[8]-gingerol', '4-Hydroxymellein', '5-hydroxymellein', '2-n-nonyl-4-quinolone', 'Cytochalasin D', 'Isoorientin', 'Uracil', 'urauchimycin A', 'Caseobliquin A', 'Methyl angolensate', ""5-(3'' -Hydroxypropyl)-7-methoxy-2-(3',4' -methyl-enedioxyphenyl)benzofuran"", '22β-hydroxypristimerin', '1- (5,7-dihydroxy-2,2-dimethylchroman-6-yl)-3-(2,2-dimethylchroman- 6-yl)propan-1-one', 'Canavaline', 'Di-hydrodehydrodiconiferyl alcohol', 'Quercetin', ""2-(2'-O-trans-cinnamoyl)-C-β-D-glucopyranosyl-1,3,6,7-tetrahydroxyxanthone"", 'Ocotillone', 'des-N-methylnoracronycine', 'Pristimerin; 20α-3-hydroxy-2-oxo-24-nor-friedela-1-10,3,5,7-tetraen-carboxylic acid-29-methylester', '3,4,5-trimethoxyphenyl 1-O-β-D-apiofuranosyl-(1→6)-O-β-D-glucopyranoside', 'β-photogedunin', 'n-Butyl gallate', ""5-[3''-(β-D-glucopyranosyloxy)propyl]-7-methoxy-2-(3',4'-dimethoxyphenyl)benzofuran"", '3,12-Dihydroxycadalene', '(-) Cis-4-hydroxy-6-deoxyscytalone', 'Plumericin', '5-[8(Z),11(Z)-pentadecadienyl]resorcinol', '(-)-Spectalinine', '19,20-Epoxycytochalasin D', 'fumiquinozoline F', 'Kaempferol 3-O-α-L-rhamnopyranosyl (1→6)-O-[β -D-glucopyranosyl (1→3)-O-α-L-rhamnopyranosyl-(1→2)]-O-β -D-glucopyranosyl', '3β-O-[α-L-rhamnopyranosyl-(1→2)-O-β-D-glucopyranosyl-(1→2)-O-β-D-glucopyranosyl]-28-O-β-D-glucopyranoside pomolate', 'Dibenzyl tetrasulphide', ""2',5-dihydroxy-3-methoxy-8-dimethylallyl-6, 7-(2' ',2''-dimethylpyrano)-dihydroflavonol"", 'Arboreumine', '3-Oxoursolic acid', 'Casearupestrin B', 'toonacilin', 'Pedalitin', '1-O-(E)-feruloyl-β-D-glucopyranoside', '19,20-Epoxycytochalasin C', 'p-Coumaric acid', '(-)-Epigallocatechin', 'Netzahualcoyonol', '1-[3-(3,7-dimethylocta-2,6-dien-1-yl)-2,4,6- trihydroxyphenyl]-3-(4-hydroxyphenyl)propan-1-one', '6α-malonyloxymanoyl oxide', 'Benzylhydroxymethyl sulphide', '1,6-di-O-caffeoyl-β-D-glucopyranoside', '2-methyl-5-[8(Z),11(Z),14-pentadecatrienyl]resorcinol', 'Netzahualcoyondiol', '1,2-dihydro- 3β-hydroxy-7-deacetoxy-7-oxogedunin', 'Photogedunin', 'Casearin X; (1R*,3S*,5S*,6aR*,7S*,8S*,10R*,10aR*)-1-(Acetyloxy)-3,5,6,6a,7,8,9,10-octahydro-10-hydroxy-7,8-dimethyl-7-[(2Z)-3-methylpenta-2,4-dien-1-yl]naphtho[1,8a-c]furan-3,5-diyl Dibutanoate', 'α-L-xylopyranosyl-(4""→20)-(3-O-β-D-glucopyranosyl)-1\'-O-E-caffeoyl-β-D-glucopyranoside', ""2-(R)-Methyl-6-(S)-(tetradecyl-13'-one)-3(R)-O-tert-butyldimethylsilyl-piperidine"", '(2S)-Methyl-2-methyl-8-(3""-methylbut-2""-enyl)-2-(4\'-methylpent-3\'-enyl)-2H-chromene-6-carboxylate', 'Casearin T', 'Piperyline, N-[10-(13,14-methylenedioxyphenyl)-7(E),9(E)-pentadienoyl]-pyrrolidine', '7-hydroxy-3- (11-dimethylallyl)-8-methoxycoumarin', ""N-[7-(3',4'-methylenedioxyphenyl)-2(Z),4(Z)-heptadienoyl]pyrrolidine"", ""Acteoside; [β-3,4-dihydroxyphenyl)-ethyl]-(3'-O-α-L-rhamnopyranosyl)-(4'-O-cafeoyl)-β-D-glycopyranoside, verbascoside"", '20-hydroxyecdysone; polypodine A', '3-Acetyl aleuritolic acid', 'Alkenoic acid', 'Quercetin 3-O-α-L-rhamnopyranosyl (1→6)-O-[β -D-glucopyranosyl (1→3)-O-α-L-rhamnopyranosyl-(1→2)]-O-β -D-glucopyranosyl', 'Heveaflavone', 'Skimmianine', 'p-hydroxybenzoic acid-geranyl ester', 'Dibenzyl disulphide', 'Proanthocyanidin', 'neoisoastilbin', '(R)-7-Hydroxymellein', '6α-acetoxymanoyl oxide', 'Methyl-8-hydroxy-2,2-dimethylchroman-6-carboxylate', 'Di(benzyltrithio) methane', '3,11,12-Trihydroxycadalene', 'n-Pentyl gallate', 'Orcinol', 'Periconicin B', 'Phomopsilactone', ""(2S)-8-Isopentyl-2-methyl-2-(4'-methylpentyl)chroman-6-carboxylic acid"", '2,2-dimethyl-2H-chromene-6-carboxylic acid', 'amorphispironone', 'Casearupestrin D', 'Chaetoglobosin B', ""2-(2'-O-benzoyl)-C-β-D-glucopyranosyl-1,3,6,7-tetrahydroxyxanthone"", 'Isoplumericin', 'N-[10-(13,14-methylenedioxyphenyl)-7(E),9(Z)-pentadienoyl]-pyrrolidine', '6-[8(Z)-pentadecenyl]salicylic acid', '(2S)-2-methyl-8-(3""-methylbut-2""-enyl)-2-(4\'-methylpent-3\'-enyl)-2H-chromene-6-carboxylic acid', 'Burchellin', '5-[8(Z)-pentadecenyl]resorcinol', 'Luteolin; 2-(3,4-dihydroxyphenyl)-5,7-dihydroxy-4H-chromen-4-one', 'Sinapic acid', 'ω-fenil alcanoic acid', '2-butyl-D-fructofuranoside', ""Gaudichaudianic acid; (2S)-2-methyl-2-(4'methyl-3'-pentenyl)-8-(3''-methyl-2-butenyl)- 2H-1-benzopyran-6-carboxylic acid"", 'limonexic acid', '19,20-Epoxycytochalasin R', 'Muraxanthone', '6α-acetoxy-14β,15β-epoxyazadirone', 'epoxy-fraxinellone', '12′-hydroxy-7′-multijuguinone', 'Kaempferitrin', 'Nitensidine C', 'Dipropyl disulphide', '2-methyl-5-[8(Z),11(Z)-pentadecadienyl]resorcinol', 'Methyl 6,7,8-trimethoxydihydrocinnamate', '2-Hexyl-3-methyl-butanodioic acid', 'fraxinellone', '6-[ 8(Z),11(Z) -pentadecadienyl] salicylic acid', 'Quercetin 3-O-sophoroside', '(3R,4R)-3,4-Dihydro-4,6-dihydroxy-3-methyl-1-oxo-1H-isochromene-5-carboxylic acid', '24-methylene-3,22-dihydroxycholesterol', '3,4,5-Triacetoxybenzoic acid', 'Odoratone', 'Rel-6β-hydroxyzuelanin-2β-benzoate', 'shidasterone', '5-hydroxymethyl- 2-furancarboxaldehyde; 5-hydroxymethyl-2-furfuraldehyde', 'atalaphyllinine', 'N-[10- (13,14-methylenedioxyphenyl)-7(E)-pentaenoyl]-pyrrolidine', '2-Methyl-5-methoxy-benzopyran-4-one', '3,4-dihydroxybenzoic acid geranyl ester', 'Gedunin', 'Pedalin, pedalitin 6-O-β -glucopyranoside', 'Caseargrewiin F; (1R*,3S*,5S*,6aR*,7S*,8R*,10R*,10aR*)-1,3-Bis(acetyloxy)-3,5,6,6a,7,8,9,10-octahydro-10-hydroxy-7,8-dimethyl-7-[(2Z)-3-methylpenta-2,4-dien-1-yl]naphtho[1,8a-c]furan-5-yl Butanoate', 'Casearin L; (1R*,3S*,5S*,6aR*,7R*,8R*,9S*,10S*,10aR*)-1,10-Bis(acetyloxy)-3,5,6,6a,7,8,9,10-octahydro-9-hydroxy-5-methoxy-7,8-dimethyl-7-[(2Z)-3-methylpenta-2,4-dien-1-yl]naphtho[1,8a-c]-furan-3-yl Butanoate', 'Platydesmine', 'Leiokinine A', '19,20-Epoxycytochalasin Q', ""Nitensoside A; Sorbifolin 6-O-α-rhamnopyranosyl(1'''→6'')-β-glucopyranoside"", 'Cabraleadiol', 'schaftoside', ""(2S)-Methyl-8-isopentyl-2-methyl-2-(4'-methylpentyl)chroman-6-carboxylate"", 'Casearupestrin A', '2-oxo-piperol B; (7S*, 8R*, 1R*, 3R*)-3,4,5-trimethoxy-3,7-cyclo-8,1-neolig-8-ene-2,4(3H)-dione', 'taxifolin', ""(2'S)-2-(propan-2'-ol)-5-hydroxy-benzopyran-4-one"", 'Rel-(+)-(7S,9R,10S)-3,9,12-trihydroxycalamenene', 'Casearin S', '11β-acetoxyobacunone', '1-(5,7-dihydroxy-2,2-dimethylchroman- 6-yl)-3-[4-hydroxy-3-(3-methylbut-2-en-1-yl)- phenyl]propan-1-one', '(3R,4R)-4,7-Dihydroxymellein', ""Nitensoside B; Pedalitin 6-O-α-rhamnopyranosyl(1'''→6'')-β-glucopyranoside"", 'Methyl gallate', '3-O-β-D-quinovopyranosyl cincholic acid', 'Methyl-8-(ethanoyloxy)-2,2-dimethyl-2H-chromene-6-carboxylate', '2β-Hydroxyzuelanin-6β-cinnamate', 'arjunolic acid', 'stachysterone', 'Afzelin, 3-O-α-rhamnosyl kaempferol', 'Egonol', '4-Nerolidilcatechol', ""2-(2'-O-transcoumaroyl)-C-β-D-glucopyranosyl-1,3,6,7-tetrahydroxyxanthone"", 'Syringic acid', '(+)-3-O-feruloylcassine', 'Amentoflavone', '1-(5,7-dihydroxy-2,2-dimethylchroman-6-yl)-3-(1,1,4a-trimethyl-2,3,4,4a,9a-hexahydro-1H-xanthen-7-yl)propan-1-one', 'Methyl (E)-6,7,8-trimethoxycinnamate', '3,4,5-Trimethoxyphenyl-1-O-β-D-(5-O-syringoyl)-apiofuranosyl-(1→6)-β-D-glucopyranoside', '6-[8(Z),11(Z),14-pentadecatrienyl]salicylic acid', 'Sorbifolin', 'Isobutyl gallate', '7′-multijuguinone', 'Griseofulvin', ""7-Hydroxy-4',6-dimethoxyisoflavone; Afrormosin; Afromosin"", '8-methoxymellein', 'Casearin O; (1R*,3S*,5S*,6aR*,7R*,8R*,9S*,10S*,10aR*)-1,10-Bis(acetyloxy)-5-methoxy-7,8-dimethyl-7-[(2Z)-3-methylpenta-2,4-dien-1-yl]-3,5,6,6a,7,8,9,10-octahydronaphtho[1,8a-c]furan-3,9-diyl Dibutanoate', 'germacrene D', 'Salacin', '6-pentadecylsalicylic acid', 'Methyl-2,2-dimethylchroman-6-carboxylate', ""Myrsinoic acid A, 3-Geranyl-4-hydroxy-5-(3'',3''-dimethylallyl)benzoic acid"", '20α-Hydroxymaytenin; 20-hydroxy-20-epi-tingenone', '(-)-Epigallocatechin-3-O-gallate', 'Casearin D; (1R*,3S*,5S*,6aR*,7R*,8R*,9S*,10S*,10aR*)-1-(Acetyloxy)-3,5,6,6a,7,8,9,10-octahydro-5,10-dihydroxy-7,8-dimethyl-7-[(2Z)-3-methylpenta-2,4-dien-1-yl]naphtho[1,8a-c]furan-3,9-diyl Dibutanoate', 'Rel. (+)-(7S,10S) 3,12-dihydroxycalamenene', 'carlinoside', 'Piperovatine', '2,4,6-trimethoxybenzoic acid', '1-O-(E)-caffeoyl-β-D-glucopyranoside', 'Gallic acid; 3,4,5-trihydroxybenzoic acid', 'Quercitrin, 3-O-α-rhamnosylquercetin', 'Ethyl 2,4-dihydroxy-5,6-dimethylbenzoate', 'Amentoflavone 7”,4”’-dimethyl ether', 'Picramnioside F', 'Lauryl gallate', 'Syringaldehyde', '22-hydroxytirucalla-7,24-diene-2,3-dione', 'Trans-3’-methylsulphonylallyl trans-cinnamate', '(3-(2-(4-hydroxyphenyl)-2-oxoethyl)-5,6-dihydropyridin- 2(1H)-one)', 'Mangiferin', 'Viburgenin', ""Pterogynoside; Kaempferol-3-O-(3''-O-4'''-methylgallate-α-L-rhamnoside)"", 'Ixoside', 'Cognatine', 'Fagaramide', 'Chalepin', 'Chlorogenic acid', '(4R)-4,8-dihydroxy-α-tetralone', 'Kaempferol']]",doi_name
"['10.1590/S0103-50532005000800025', 'epoxy-fraxinellone']","['10.1590/S0103-50532005000800025', ['guaiol', 'γ-eudesmol', 'Hinesol', 'α-eudesmol', 'Teucrein', '11-O-trans-feruloylteucrein', 'Apodanthoside', 'Galioside', 'Galioside aglicone', 'Chlorogenic acid methyl ester, Methyl (1S,3R,4R,5R)-3-{[(2E)-3-(3,4-dihydroxyphenyl)-2-propenoyl]oxy}-1,4,5-trihydroxycyclohexanecarboxylate', '9-hydroxyeugenin', 'Mycoleptone A', '6-methoxyeugenin', 'Austdiol', 'Mycoleptone B', 'Austdiol diacetate', 'Eugenitin', 'Mycoleptone A tetraacetate', 'Citibrasine', 'bis-5-hydroxyacronycine', '2,3-dihydro-4,9-dihydroxy-2-(2-hydroxy-propan-2-yl)- 11-methoxy-10-methylfuro[3,2-b]acridin-5(10H)-one', 'Secoxyloganin', 'Diderroside', '7-Methoxydiderroside', ""6'-Acetyl-β-D-glucopyranosyldiderroside"", 'cyclo (L)-Pro-Gly', ""3',4'-methylenedioxy-5,5',6,7-tetramethoxyflavone"", ""2'-hydroxy-3,4,4'-trimethoxy-5',6'-(2'',2''-dimethylpyrano)-chalcone"", ""3',4'-methylenedioxy-5,6,7- trimethoxyflavone"", ""3',4'-methylenedioxy-5,7-dimethoxyflavone"", '5,7-dimethoxy-2,2-dimethyl-2H-1-benzopyran-6-propanoate', '(+)-Erythravine', '(+)-α-Hydroxyerysotrine', '(+)-11α-Hydroxyerythravine', '17-(3,4-Methylenedioxyphenyl)-heptadecanoic acid', '21´-(3,4-Methylenedioxyphenyl)-henicosanoic acid', ""7,4'-Dihydroxyflavone"", '19´-(3,4-Methylenedioxyphenyl)-nonadecanoic acid', 'Farnisine', 'Sargaquinoic acid', ""7,4'-Dimethoxyflavone"", 'Sargachromenol', '(+)-Guaiacin', ""Juruenolic acid; 2-(4'-Methylpentenyl-3)-10-oxoundecan-2,6-dienoic acid"", 'Tithonine', 'Fasciculiferin', 'Oleanonic acid', 'Iso-odoratol', '3,11-dioxoolean-12-en-28- onic acid', 'Pentaol', 'Piscidinol A', 'cryptomeridiol', 'Nilocetin', 'Hispidol A', 'Taraxerol acetate', 'Xanthyletin', ""4-Hydroxy-(3',7'-dimethyl-1'-oxo-octa-2'-Z-6'-dienyl)benzoic acid"", ""Aduncumene; Methyl 2-methoxy-5-(3'-methyl-1'-oxo-2'-butenyl)benzoate"", ""Methyl 4-hydroxy-3-(3'-methyl-2'-hydroxy-3'-butenyl)benzoate"", 'Piperaduncine B', ""Methyl 4-hydroxy-3-(3'-methyl-2'-butenyl)benzoate"", 'Methyl 2,2-dimethyl-1-oxo-2H-1-benzopyran-6-carboxylate', ""2',6'-Dihydroxy-4'-methoxydihydrochalcone"", '3,4,5-Trimethoxydihydrocinnamic acid', ""4-Hydroxy-3-(3',7'-dimethylocta-2'-E-6'-dienyl)benzoic acid"", ""Methyl taboganate; Methyl 4-hydroxy-3-(3'-methyl-1'-oxo-2'-butenyl)benzoate"", ""Hostmaniene; 4-Hydroxy-3-(2',3'-dihydroxy-3'-methylbutyl)benzoate"", 'Methyl (3R,4R,5R)-3-{[(2E)-3-(3,4-dihydroxyphenyl)-2-propenoyl]oxy}-1,4,5-trihydroxycyclohexanecarboxylate', 'Methyl (3R,4R,5R)-3-{[(2Z)-3-(3,4-dihydroxyphenyl)-2-propenoyl]oxy}-1,4,5-trihydroxycyclohexanecarboxylate', ""4-Methoxy-3-(3',7'-dimethylocta-2'-E-6'-dienyl)benzoic acid"", ""3-(3',7 '-dimethyl-2',6 '-octadienyl)-4-methoxy-benzoic acid"", 'Methyl-8-hydroxy-2,2-dimethyl-2H-chromene-6-carboxylate', '2-n-Pentylquinoline', ""2-(3',4'-methylenedioxyphenylethyl)-Quinoline"", ""2-(1'-pentenyl)-Quinoline"", '2-n-Propylquinoline', '(-)-3-O-acetyl-spectaline', '21α,25-dimethylmelianodiol', '3,21-Di-epi-feroniellide B', '21β,25-dimethylmelianodiol', 'penduletin 4-O-methyl ether', '2α,3α,19α- trihydroxyurs-12-en-28-oic acid', '3,3-O-dimethylquercetin', '3-O-methylquercetin', 'acacetin', 'Chrysoeriol', '2α,3α-dihydroxyolean-12- en-28-oic acid', '3,7,4-O-trimethylkaempferol', 'p-hydroxybenzoic acid', '5,7-dimethoxy-2,2-dimethyl-2H-1-benzopyran-6-propanoic acid', 'astilbin; Rel-(2R, 3R)-dihydroquercetin-3-O-±-L-rhamnoside', ""Isoswertisin-4'-methyl-ether-2''α-L-rhamnoside"", 'Clusifoliol', '2-Episesalatin', ""Isoswertisin-2''α1-L-rhamnoside"", 'Sesartemin', 'Stearic acid 4-pentoyloxyphenethyl ester', 'Glycocitrine-I', 'Pyranofoline', 'Citrusinine-II', 'Glycocitrine-IV', '3,4-dihydro-3,5,8-trihydroxy-6-methoxy-2,2,7-trimethyl-2Hpyrano[ 2,3-a]acridin-12(7H)-one', '1,3,5-trihydroxy- 2,8-bis(3-methylbut-2-enyl)-10-methyl-9-acridone', '1,3,5-trihydroxy-4-methoxy-10-methyl- 2,8-bis(3-methylbut-2-enyl)acridin-9(10H)-one', 'Citrusinine-I', '5-hydroxynoracronycine; Atalaphyllidine', 'Anhydrofusarubin', 'Beauvericin', ""Rel-(7R,8S,7'S,8'S)-4-hydroxy-4',5'-methylenedioxy-3,5,3'-trimethoxy-7,7'-epoxylignan"", ""Rel-(7R,8S,7'S,8'S)-4,5,4',5'-dimethylenedioxy-3,3'-dimethoxy-7,7'-epoxylignan"", ""Rel-(7R,8S,7'S,8'S)-4'-hydroxy-3,4,5,3',5'-pentamethoxy-7,7'-epoxylignan"", ""Rel-(7R,8S,7'S,8'S)-4',5'-methylenedioxy-3,4,5,3'-tetramethoxy-7,7'-epoxylignan"", ""Rel-(7R,8S,7'S,8'S)-9-hydroxy-4',5'-methylenedioxy-3,4,5,3'-tetramethoxy-7,7'-epoxylignan"", 'Isopimpinellin', ""3,4-dimethyl-2-(4'-hydroxy-3',5'-dimethoxyphenyl)-5-methoxy-tetrahydrofuran"", '7-Methyl-sargachromenol; 2,7,8-Trimethyl-2-[(3-E,7-Z)-4,12-dimethyl-8-carboxyl-3,7,11-tridecatrienyl]-3-chromen-6-ol, β-caroteno', 'Epi-guaiacin', 'Verrucosin', 'Nectandrin B', 'Aphidicolin', 'Nitensidine E', 'Nitensidine D', ""3',4',5',3,5,7,8-heptamethoxyflavone"", ""3,5,6,7,3',4',5'-heptamethoxyflavonol"", '1-methoxy-3-hydroxy-3,10b-4,5a-diepoxy-8b-isobutyroyloxygermacr-11(13)-en-6a,12-olide', 'Tagitinin C', ""1,4-Dihydroxy-2-(3',7'-dimethyl-1'-oxo-2'-E-6'-octadienyl)benzene"", ""4-Hydroxy-(3',7'-dimethyl-1'-oxo-octa-2'-E-6'-dienyl)benzoic acid"", ""Sakuranetin; 5,4'-dihydroxy-7-methoxyflavanone"", ""4-Hydroxy-3-(3',7'-dimethyl-3'-hydroxy-1'-oxo-6'-octenyl)benzoic acid"", ""Isosakuranetin; 5,7-dihydroxy-4'-methoxyflavanone"", '5α-carboxystrictosidine', 'Cordifoline', 'Turbinatine', 'Harman-3-carboxylic acid', '3,4-dehydrostrictosidine acid', 'Strictosidine acid', '3,4-dehydro-strictosidine', 'Deoxycordifoline', '4-metoxi-6-[2-(metilamino)fenil]- 2H-piran-2-ona', 'Kaempferol-3-O-rutinoside', 'Kaempferol-3-O-D-galactopyranoside', 'Kaempferol-3-O-α-L-rhamnopyranosyl-(1→6)-β-D-galactopyranoside', 'Catechin, Ent-catechin', 'Procyanidin B-3', 'Kaempferol-3-O-α-L-rhamnopyranosyl-(1-6)-α-L-rhamnopyranosyl-(1-4)-β-D-glucopyranoside', 'Kaempferol-3-O-D-glucopyranoside', '6-Hydroxy-rutin', 'Quercetin-3-O-α-L-rhamnopyranosyl-(1→6)-β-D-galactopyranoside', 'Ferulic acid', 'β-Gardiol', 'α-Gardiol', 'Methacrylic acid', '(Z)-piplartine; 8(Z)-N-(12,13, 14-trimethoxycinnamoyl)- 3-pyridin-2-one', '10,11-dihydropiperine; Δα,β-dihydropiperine', 'Pellitorine', '4,5-dihydropiperyline', '4,5-dihydropiperlonguminine; Piperlonguminine', ""N-[3-(6'-methoxy-3',4'-methy-lenedioxyphenyl)-2(Z)-propenoyl]pyrrolidine"", 'Piperine', '(3Z,5Z)-N-isobutyl-8-(30,40-methylenedioxy-phenyl)-heptadienamide', '(E)-piplartine', '8,9-dihydropiplartine; N-(12,13,14-trimethoxydihydrocinnamoyl)-Δ3-pyridin-2-one', '(22E,24R)-ergosta-4,6,8(14),22-tetraen-3-one', 'Dimethyl terephthalate', 'Ergosterol peroxide', '8-hydroxy-6-methoxy-3-methylisocoumarin', 'Pimara-7,15-dien-3β-ol', 'β-caryophyllene, trans-caryophyllene', 'Cusculine; 1,2,3,5,6-pentamethoxy-9-acridone', 'Cuspanine; 1-hydroxy-2,3,5,6-tetramethoxy-9-acridone', '2α,3α-Dihydroxy-urs-12-en-28-oic acid', 'Oleanolic acid 3-sophoroside', '3-O-β-D-(6’-methyl)-glucopyranosyl-28-O-β-D-glucopyranosyl-oleanate', 'Haplotusine', 'β-Sitosterol benzoate', '5-hydroxyflavone', '2-phenyl-4H-chromen-4-one', 'Sinapyl 4-O-β-D-glucopyranoside aldehyde', 'N-acetylnonaine', 'Liriodenine', 'Sinapyl 4-O-β-D-glucopyranoside alcohol', 'Nitensidine A', ""2,4-Dihydroxy-6-[(1'E,3'E)-penta-1', 3'-dienyl]-benzaldehyde"", '3β-hydroxy-stigmast-5-en-7-one; 24-β-7-oxositosterol', 'scillascillin', '(4R)-4,8-dihydroxy-α-tetralone', '[10]-gingerol', '(-)-Hardwickiic acid', ""5-[3''-(β-D-glucopyranosyloxy)propyl]-7-methoxy-2-(3',4'-methylenedioxyphenyl)benzofuran"", '28-O-β-D-glucopyranosyl quinovic acid', '2-Methyl-4-hydroxy-butyl caffeoate', 'N-1,N-2,N-3-Triisopentenylguanidine', 'Dibenzyl trisulphide', 'Maytenin, Tingenone', 'urauchimycin B', ""Pterogynoside; Kaempferol-3-O-(3''-O-4'''-methylgallate-α-L-rhamnoside)"", 'Isobutyl gallate', 'Rel-2α-hydroxyzuelanin-6β-benzoate', '2,6-di-O-acetylcasearupestrin D', ""Methyl-2,2-dimethyl-8-(3'-methylbut-2'-enyl)chroman-6-carboxylate"", '2,7-Di-O-acetylcasearupestrin A', 'Nitensidine B', ""8-hydroxy-3,5,7,3',4',5'-hexamethoxyflavonol"", 'Odoratol', 'Leptomerine', '5-hydroxy-N-methylseverifoline', '19,20-Epoxycytochalasin N', 'ellagic acid 4-O-α-L-rhamnopyranoside; eschweilenol C', 'Viburgenin', 'Mayoside C', 'Ourateacatechin', ""3',4',5',5,7-pentamethoxyflavone"", '2-methyl-5-pentadecylresorcinol', 'citrusinine-I', 'Ricinine', 'Leptophyllin A', '5-pentadecylresorcinol', 'Pristimerin; 20α-3-hydroxy-2-oxo-24-nor-friedela-1-10,3,5,7-tetraen-carboxylic acid-29-methylester', '22β-hydroxypristimerin', '1- (5,7-dihydroxy-2,2-dimethylchroman-6-yl)-3-(2,2-dimethylchroman- 6-yl)propan-1-one', 'Canavaline', 'Di-hydrodehydrodiconiferyl alcohol', 'Quercetin', ""2-(2'-O-trans-cinnamoyl)-C-β-D-glucopyranosyl-1,3,6,7-tetrahydroxyxanthone"", 'Kokusaginine', ""2-(2'-O-trans-caffeoyl)-C-β-D-glucopyranosyl-1,3,6,7-tetrahydroxyxanthone"", 'Ocotillone', 'des-N-methylnoracronycine', 'Sorbifolin 6-O-β-glucopyranoside', '7-hydroxy-3- (11-dimethylallyl)-8-methoxycoumarin', ""N-[7-(3',4'-methylenedioxyphenyl)-2(Z),4(Z)-heptadienoyl]pyrrolidine"", ""Acteoside; [β-3,4-dihydroxyphenyl)-ethyl]-(3'-O-α-L-rhamnopyranosyl)-(4'-O-cafeoyl)-β-D-glycopyranoside, verbascoside"", 'fumiquinozoline F', 'Kaempferol 3-O-α-L-rhamnopyranosyl (1→6)-O-[β -D-glucopyranosyl (1→3)-O-α-L-rhamnopyranosyl-(1→2)]-O-β -D-glucopyranosyl', '3β-O-[α-L-rhamnopyranosyl-(1→2)-O-β-D-glucopyranosyl-(1→2)-O-β-D-glucopyranosyl]-28-O-β-D-glucopyranoside pomolate', 'Dibenzyl tetrasulphide', ""2',5-dihydroxy-3-methoxy-8-dimethylallyl-6, 7-(2' ',2''-dimethylpyrano)-dihydroflavonol"", '1-methyl-2-n-nonyl-4-quinolone', '5-[8(Z),11(Z),14-pentadecatrienyl]resorcinol', 'Gallic acid; 3,4,5-trihydroxybenzoic acid', 'Quercitrin, 3-O-α-rhamnosylquercetin', 'Maculosidine', 'Podocarpusflavone A', 'Casearupestrin C', '6α-malonyloxy-n-butyl ester manoyl oxide', 'urauchimycin A', 'p-Coumaric acid', '(-)-Epigallocatechin', 'Netzahualcoyonol', '1-[3-(3,7-dimethylocta-2,6-dien-1-yl)-2,4,6- trihydroxyphenyl]-3-(4-hydroxyphenyl)propan-1-one', '6α-malonyloxymanoyl oxide', 'Benzylhydroxymethyl sulphide', '1,6-di-O-caffeoyl-β-D-glucopyranoside', '2-methyl-5-[8(Z),11(Z),14-pentadecatrienyl]resorcinol', '19,20-Epoxycytochalasin D', 'Skimmianine', '3,4,5-trimethoxyphenyl 1-O-β-D-apiofuranosyl-(1→6)-O-β-D-glucopyranoside', 'β-photogedunin', 'n-Butyl gallate', ""5-[3''-(β-D-glucopyranosyloxy)propyl]-7-methoxy-2-(3',4'-dimethoxyphenyl)benzofuran"", '3,12-Dihydroxycadalene', 'Quercetin 3-O-α-L-rhamnopyranosyl (1→6)-O-[β -D-glucopyranosyl (1→3)-O-α-L-rhamnopyranosyl-(1→2)]-O-β -D-glucopyranosyl', 'Heveaflavone', '5-hydroxymellein', 'fraxinellonone', 'Dibenzyl sulphide', '(-) Cis-4-hydroxy-6-deoxyscytalone', 'Plumericin', '5-[8(Z),11(Z)-pentadecadienyl]resorcinol', '(-)-Spectalinine', 'Netzahualcoyondiol', 'Caseobliquin A', 'Methyl angolensate', ""5-(3'' -Hydroxypropyl)-7-methoxy-2-(3',4' -methyl-enedioxyphenyl)benzofuran"", '2-n-nonyl-4-quinolone', 'Cytochalasin D', 'Isoorientin', 'Periconicin B', 'Phomopsilactone', ""(2S)-8-Isopentyl-2-methyl-2-(4'-methylpentyl)chroman-6-carboxylic acid"", '2,2-dimethyl-2H-chromene-6-carboxylic acid', '1,2-dihydro- 3β-hydroxy-7-deacetoxy-7-oxogedunin', 'Photogedunin', 'p-hydroxybenzoic acid-geranyl ester', 'Dibenzyl disulphide', 'Proanthocyanidin', 'neoisoastilbin', '(R)-7-Hydroxymellein', '6α-acetoxymanoyl oxide', 'Methyl-8-hydroxy-2,2-dimethylchroman-6-carboxylate', '6α-acetoxy-14β,15β-epoxyazadirone', '3-Acetyl aleuritolic acid', 'Alkenoic acid', 'ω-fenil alcanoic acid', '2-butyl-D-fructofuranoside', ""Gaudichaudianic acid; (2S)-2-methyl-2-(4'methyl-3'-pentenyl)-8-(3''-methyl-2-butenyl)- 2H-1-benzopyran-6-carboxylic acid"", 'limonexic acid', 'Pedalitin', '1-O-(E)-feruloyl-β-D-glucopyranoside', 'epoxy-fraxinellone', '12′-hydroxy-7′-multijuguinone', 'Arboreumine', '3-Oxoursolic acid', 'Casearupestrin B', 'toonacilin', 'Uracil', '19,20-Epoxycytochalasin C', 'n-Pentyl gallate', 'Orcinol', 'Methyl 6,7,8-trimethoxydihydrocinnamate', '2-Hexyl-3-methyl-butanodioic acid', 'fraxinellone', '6-[ 8(Z),11(Z) -pentadecadienyl] salicylic acid', 'Casearupestrin A', '3,11,12-Trihydroxycadalene', 'Quercetin 3-O-sophoroside', '(3R,4R)-3,4-Dihydro-4,6-dihydroxy-3-methyl-1-oxo-1H-isochromene-5-carboxylic acid', '24-methylene-3,22-dihydroxycholesterol', 'amorphispironone', 'Casearin X; (1R*,3S*,5S*,6aR*,7S*,8S*,10R*,10aR*)-1-(Acetyloxy)-3,5,6,6a,7,8,9,10-octahydro-10-hydroxy-7,8-dimethyl-7-[(2Z)-3-methylpenta-2,4-dien-1-yl]naphtho[1,8a-c]furan-3,5-diyl Dibutanoate', '20-hydroxyecdysone; polypodine A', ""2-(R)-Methyl-6-(S)-(tetradecyl-13'-one)-3(R)-O-tert-butyldimethylsilyl-piperidine"", '(2S)-Methyl-2-methyl-8-(3""-methylbut-2""-enyl)-2-(4\'-methylpent-3\'-enyl)-2H-chromene-6-carboxylate', 'Casearin T', 'Piperyline, N-[10-(13,14-methylenedioxyphenyl)-7(E),9(E)-pentadienoyl]-pyrrolidine', 'Chaetoglobosin B', ""2-(2'-O-benzoyl)-C-β-D-glucopyranosyl-1,3,6,7-tetrahydroxyxanthone"", 'Isoplumericin', 'α-L-xylopyranosyl-(4""→20)-(3-O-β-D-glucopyranosyl)-1\'-O-E-caffeoyl-β-D-glucopyranoside', '6-[8(Z)-pentadecenyl]salicylic acid', '(2S)-2-methyl-8-(3""-methylbut-2""-enyl)-2-(4\'-methylpent-3\'-enyl)-2H-chromene-6-carboxylic acid', 'Burchellin', '5-[8(Z)-pentadecenyl]resorcinol', 'Luteolin; 2-(3,4-dihydroxyphenyl)-5,7-dihydroxy-4H-chromen-4-one', 'Sinapic acid', '19,20-Epoxycytochalasin Q', '19,20-Epoxycytochalasin R', 'Kaempferitrin', 'Nitensidine C', 'Dipropyl disulphide', '2-methyl-5-[8(Z),11(Z)-pentadecadienyl]resorcinol', 'Netzahualcoyene', 'Casearin X Dialdehyde; (2R*,4aS*,5S*,7R*,8R*,8aS*)-4,4a-Diformyl-1,2,4a,5,6,7,8,8a-octahydro-5-hydroxy-7,8-dimethyl-8-[(2Z)-3-methylpenta-2,4-dien-1-yl]naphthalen-2-yl Butanoate', 'polypodine B', 'n-Propyl gallate', ""3',4',5',5,7,8-hexamethoxyflavone"", 'Isopropyl gallate', '6β-hydroxy-7-epigardoside methyl ester', 'Tetrahydropiperyline, N-[10-(13,14-methylenedioxyphenyl)-pentanoyl]-pyrrolidine', 'Piperovatine', '2,4,6-trimethoxybenzoic acid', '1-O-(E)-caffeoyl-β-D-glucopyranoside', 'Piperol B', 'Homoegonol', '[8]-gingerol', '4-Hydroxymellein', 'Casearupestrin D', 'Gedunin', 'Pedalin, pedalitin 6-O-β -glucopyranoside', 'Caseargrewiin F; (1R*,3S*,5S*,6aR*,7S*,8R*,10R*,10aR*)-1,3-Bis(acetyloxy)-3,5,6,6a,7,8,9,10-octahydro-10-hydroxy-7,8-dimethyl-7-[(2Z)-3-methylpenta-2,4-dien-1-yl]naphtho[1,8a-c]furan-5-yl Butanoate', 'Casearin L; (1R*,3S*,5S*,6aR*,7R*,8R*,9S*,10S*,10aR*)-1,10-Bis(acetyloxy)-3,5,6,6a,7,8,9,10-octahydro-9-hydroxy-5-methoxy-7,8-dimethyl-7-[(2Z)-3-methylpenta-2,4-dien-1-yl]naphtho[1,8a-c]-furan-3-yl Butanoate', 'Platydesmine', 'Muraxanthone', 'Di(benzyltrithio) methane', 'Odoratone', 'Rel-6β-hydroxyzuelanin-2β-benzoate', 'shidasterone', '5-hydroxymethyl- 2-furancarboxaldehyde; 5-hydroxymethyl-2-furfuraldehyde', 'atalaphyllinine', 'N-[10- (13,14-methylenedioxyphenyl)-7(E)-pentaenoyl]-pyrrolidine', '2-Methyl-5-methoxy-benzopyran-4-one', '3,4-dihydroxybenzoic acid geranyl ester', 'N-[10-(13,14-methylenedioxyphenyl)-7(E),9(Z)-pentadienoyl]-pyrrolidine', 'Egonol', '4-Nerolidilcatechol', ""2-(2'-O-transcoumaroyl)-C-β-D-glucopyranosyl-1,3,6,7-tetrahydroxyxanthone"", 'Syringic acid', '(+)-3-O-feruloylcassine', '2-oxo-piperol B; (7S*, 8R*, 1R*, 3R*)-3,4,5-trimethoxy-3,7-cyclo-8,1-neolig-8-ene-2,4(3H)-dione', 'taxifolin', ""(2'S)-2-(propan-2'-ol)-5-hydroxy-benzopyran-4-one"", 'Rel-(+)-(7S,9R,10S)-3,9,12-trihydroxycalamenene', 'Casearin S', '11β-acetoxyobacunone', '1-(5,7-dihydroxy-2,2-dimethylchroman- 6-yl)-3-[4-hydroxy-3-(3-methylbut-2-en-1-yl)- phenyl]propan-1-one', '(3R,4R)-4,7-Dihydroxymellein', ""Nitensoside B; Pedalitin 6-O-α-rhamnopyranosyl(1'''→6'')-β-glucopyranoside"", 'Amentoflavone', '1-(5,7-dihydroxy-2,2-dimethylchroman-6-yl)-3-(1,1,4a-trimethyl-2,3,4,4a,9a-hexahydro-1H-xanthen-7-yl)propan-1-one', ""Nitensoside A; Sorbifolin 6-O-α-rhamnopyranosyl(1'''→6'')-β-glucopyranoside"", 'Casearin O; (1R*,3S*,5S*,6aR*,7R*,8R*,9S*,10S*,10aR*)-1,10-Bis(acetyloxy)-5-methoxy-7,8-dimethyl-7-[(2Z)-3-methylpenta-2,4-dien-1-yl]-3,5,6,6a,7,8,9,10-octahydronaphtho[1,8a-c]furan-3,9-diyl Dibutanoate', 'germacrene D', 'Methyl-2,2-dimethylchroman-6-carboxylate', ""Myrsinoic acid A, 3-Geranyl-4-hydroxy-5-(3'',3''-dimethylallyl)benzoic acid"", '20α-Hydroxymaytenin; 20-hydroxy-20-epi-tingenone', '(-)-Epigallocatechin-3-O-gallate', 'Casearin D; (1R*,3S*,5S*,6aR*,7R*,8R*,9S*,10S*,10aR*)-1-(Acetyloxy)-3,5,6,6a,7,8,9,10-octahydro-5,10-dihydroxy-7,8-dimethyl-7-[(2Z)-3-methylpenta-2,4-dien-1-yl]naphtho[1,8a-c]furan-3,9-diyl Dibutanoate', 'Leiokinine A', 'Cabraleadiol', 'schaftoside', ""(2S)-Methyl-8-isopentyl-2-methyl-2-(4'-methylpentyl)chroman-6-carboxylate"", '3,4,5-Triacetoxybenzoic acid', 'Methyl gallate', '3-O-β-D-quinovopyranosyl cincholic acid', 'Afzelin, 3-O-α-rhamnosyl kaempferol', 'stachysterone', 'Ethyl 2,4-dihydroxy-5,6-dimethylbenzoate', 'Amentoflavone 7”,4”’-dimethyl ether', 'Picramnioside F', 'Lauryl gallate', 'Syringaldehyde', '22-hydroxytirucalla-7,24-diene-2,3-dione', 'Trans-3’-methylsulphonylallyl trans-cinnamate', '(3-(2-(4-hydroxyphenyl)-2-oxoethyl)-5,6-dihydropyridin- 2(1H)-one)', 'Mangiferin', 'Salacin', '6-pentadecylsalicylic acid', 'Methyl (E)-6,7,8-trimethoxycinnamate', '3,4,5-Trimethoxyphenyl-1-O-β-D-(5-O-syringoyl)-apiofuranosyl-(1→6)-β-D-glucopyranoside', '6-[8(Z),11(Z),14-pentadecatrienyl]salicylic acid', 'Sorbifolin', '7′-multijuguinone', 'Griseofulvin', ""7-Hydroxy-4',6-dimethoxyisoflavone; Afrormosin; Afromosin"", '8-methoxymellein', '(±)-Syringaresinol', 'Cyclo-(L-Pro-L-Val)', 'Acetonide of odoratol', '(−)-Grandisin', '24-methylenecycloartan-3b-ol', 'Ixoside', '2β-Hydroxyzuelanin-6β-cinnamate', 'arjunolic acid', 'Cognatine', 'Rel. (+)-(7S,10S) 3,12-dihydroxycalamenene', 'carlinoside', 'Methyl-8-(ethanoyloxy)-2,2-dimethyl-2H-chromene-6-carboxylate', 'Fagaramide', 'Chalepin', 'Chlorogenic acid', 'Kaempferol', '3-O-β-D-quinovopyranosyl quinovic acid', '2-hydroxyphenylacetic acid', '2-methyl-5-[8(Z)-pentadecenyl]resorcinol']]",doi_name
"['10.1590/S0102-695X2009000100002', ""3',4',5',5,7-pentamethoxyflavone""]","['10.1590/S0102-695X2009000100002', ['α-eudesmol', 'guaiol', 'γ-eudesmol', 'Hinesol', ""3,4-dimethyl-2-(4'-hydroxy-3',5'-dimethoxyphenyl)-5-methoxy-tetrahydrofuran"", '3,3-O-dimethylquercetin', '3-O-methylquercetin', '3,7,4-O-trimethylkaempferol', '2α,3α,19α- trihydroxyurs-12-en-28-oic acid', 'p-hydroxybenzoic acid', '2α,3α-dihydroxyolean-12- en-28-oic acid', 'penduletin 4-O-methyl ether', 'acacetin', 'Chrysoeriol', 'Anhydrofusarubin', 'Beauvericin', 'Hispidol A', 'Nilocetin', 'cryptomeridiol', 'Iso-odoratol', 'Oleanonic acid', '3,11-dioxoolean-12-en-28- onic acid', 'Piscidinol A', 'Pentaol', 'Galioside aglicone', 'Teucrein', '11-O-trans-feruloylteucrein', 'Galioside', 'Apodanthoside', '4-metoxi-6-[2-(metilamino)fenil]- 2H-piran-2-ona', '2,3-dihydro-4,9-dihydroxy-2-(2-hydroxy-propan-2-yl)- 11-methoxy-10-methylfuro[3,2-b]acridin-5(10H)-one', 'bis-5-hydroxyacronycine', 'Citibrasine', 'Pimara-7,15-dien-3β-ol', '(22E,24R)-ergosta-4,6,8(14),22-tetraen-3-one', '8-hydroxy-6-methoxy-3-methylisocoumarin', 'Dimethyl terephthalate', 'Ergosterol peroxide', 'Aphidicolin', 'astilbin; Rel-(2R, 3R)-dihydroquercetin-3-O-±-L-rhamnoside', '3,21-Di-epi-feroniellide B', '21α,25-dimethylmelianodiol', '21β,25-dimethylmelianodiol', ""4-Hydroxy-3-(3',7'-dimethyl-3'-hydroxy-1'-oxo-6'-octenyl)benzoic acid"", ""Isosakuranetin; 5,7-dihydroxy-4'-methoxyflavanone"", ""4-Hydroxy-(3',7'-dimethyl-1'-oxo-octa-2'-E-6'-dienyl)benzoic acid"", ""1,4-Dihydroxy-2-(3',7'-dimethyl-1'-oxo-2'-E-6'-octadienyl)benzene"", ""Sakuranetin; 5,4'-dihydroxy-7-methoxyflavanone"", 'Sesartemin', '2-Episesalatin', ""Isoswertisin-2''α1-L-rhamnoside"", ""Isoswertisin-4'-methyl-ether-2''α-L-rhamnoside"", 'Clusifoliol', '(-)-3-O-acetyl-spectaline', '5α-carboxystrictosidine', '3,4-dehydro-strictosidine', 'Turbinatine', '3,4-dehydrostrictosidine acid', 'Harman-3-carboxylic acid', 'Cordifoline', 'Strictosidine acid', 'Deoxycordifoline', 'Stearic acid 4-pentoyloxyphenethyl ester', '5,7-dimethoxy-2,2-dimethyl-2H-1-benzopyran-6-propanoate', 'Taraxerol acetate', 'Chlorogenic acid methyl ester, Methyl (1S,3R,4R,5R)-3-{[(2E)-3-(3,4-dihydroxyphenyl)-2-propenoyl]oxy}-1,4,5-trihydroxycyclohexanecarboxylate', 'Methyl (3R,4R,5R)-3-{[(2E)-3-(3,4-dihydroxyphenyl)-2-propenoyl]oxy}-1,4,5-trihydroxycyclohexanecarboxylate', 'Methyl (3R,4R,5R)-3-{[(2Z)-3-(3,4-dihydroxyphenyl)-2-propenoyl]oxy}-1,4,5-trihydroxycyclohexanecarboxylate', '(+)-11α-Hydroxyerythravine', '(+)-Erythravine', '(+)-α-Hydroxyerysotrine', ""3',4',5',3,5,7,8-heptamethoxyflavone"", ""3,5,6,7,3',4',5'-heptamethoxyflavonol"", 'Nitensidine E', 'Nitensidine D', ""Aduncumene; Methyl 2-methoxy-5-(3'-methyl-1'-oxo-2'-butenyl)benzoate"", ""Methyl 4-hydroxy-3-(3'-methyl-2'-hydroxy-3'-butenyl)benzoate"", ""4-Hydroxy-(3',7'-dimethyl-1'-oxo-octa-2'-Z-6'-dienyl)benzoic acid"", 'Methyl 2,2-dimethyl-1-oxo-2H-1-benzopyran-6-carboxylate', ""2',6'-Dihydroxy-4'-methoxydihydrochalcone"", '3,4,5-Trimethoxydihydrocinnamic acid', ""Methyl 4-hydroxy-3-(3'-methyl-2'-butenyl)benzoate"", ""4-Hydroxy-3-(3',7'-dimethylocta-2'-E-6'-dienyl)benzoic acid"", ""Methyl taboganate; Methyl 4-hydroxy-3-(3'-methyl-1'-oxo-2'-butenyl)benzoate"", 'Piperaduncine B', ""Hostmaniene; 4-Hydroxy-3-(2',3'-dihydroxy-3'-methylbutyl)benzoate"", 'β-Gardiol', 'Ferulic acid', 'α-Gardiol', '5-hydroxynoracronycine; Atalaphyllidine', 'Glycocitrine-IV', 'Glycocitrine-I', 'Citrusinine-I', 'Pyranofoline', '1,3,5-trihydroxy-4-methoxy-10-methyl- 2,8-bis(3-methylbut-2-enyl)acridin-9(10H)-one', '1,3,5-trihydroxy- 2,8-bis(3-methylbut-2-enyl)-10-methyl-9-acridone', '3,4-dihydro-3,5,8-trihydroxy-6-methoxy-2,2,7-trimethyl-2Hpyrano[ 2,3-a]acridin-12(7H)-one', 'Citrusinine-II', 'β-caryophyllene, trans-caryophyllene', '5,7-dimethoxy-2,2-dimethyl-2H-1-benzopyran-6-propanoic acid', ""3',4'-methylenedioxy-5,6,7- trimethoxyflavone"", ""3',4'-methylenedioxy-5,5',6,7-tetramethoxyflavone"", ""2'-hydroxy-3,4,4'-trimethoxy-5',6'-(2'',2''-dimethylpyrano)-chalcone"", ""3',4'-methylenedioxy-5,7-dimethoxyflavone"", ""Rel-(7R,8S,7'S,8'S)-4-hydroxy-4',5'-methylenedioxy-3,5,3'-trimethoxy-7,7'-epoxylignan"", ""Rel-(7R,8S,7'S,8'S)-9-hydroxy-4',5'-methylenedioxy-3,4,5,3'-tetramethoxy-7,7'-epoxylignan"", ""Rel-(7R,8S,7'S,8'S)-4',5'-methylenedioxy-3,4,5,3'-tetramethoxy-7,7'-epoxylignan"", ""Rel-(7R,8S,7'S,8'S)-4'-hydroxy-3,4,5,3',5'-pentamethoxy-7,7'-epoxylignan"", ""Rel-(7R,8S,7'S,8'S)-4,5,4',5'-dimethylenedioxy-3,3'-dimethoxy-7,7'-epoxylignan"", '9-hydroxyeugenin', 'Mycoleptone A', 'Austdiol diacetate', 'Austdiol', 'Mycoleptone A tetraacetate', 'Mycoleptone B', 'Eugenitin', '6-methoxyeugenin', ""4-Methoxy-3-(3',7'-dimethylocta-2'-E-6'-dienyl)benzoic acid"", ""3-(3',7 '-dimethyl-2',6 '-octadienyl)-4-methoxy-benzoic acid"", 'Methyl-8-hydroxy-2,2-dimethyl-2H-chromene-6-carboxylate', 'Methacrylic acid', 'cyclo (L)-Pro-Gly', ""2-(1'-pentenyl)-Quinoline"", '2-n-Pentylquinoline', '2-n-Propylquinoline', ""2-(3',4'-methylenedioxyphenylethyl)-Quinoline"", 'Xanthyletin', 'Epi-guaiacin', 'Nectandrin B', 'Verrucosin', '7-Methyl-sargachromenol; 2,7,8-Trimethyl-2-[(3-E,7-Z)-4,12-dimethyl-8-carboxyl-3,7,11-tridecatrienyl]-3-chromen-6-ol, β-caroteno', 'Secoxyloganin', '7-Methoxydiderroside', 'Diderroside', ""6'-Acetyl-β-D-glucopyranosyldiderroside"", '1-methoxy-3-hydroxy-3,10b-4,5a-diepoxy-8b-isobutyroyloxygermacr-11(13)-en-6a,12-olide', 'Tagitinin C', ""7,4'-Dimethoxyflavone"", '21´-(3,4-Methylenedioxyphenyl)-henicosanoic acid', '19´-(3,4-Methylenedioxyphenyl)-nonadecanoic acid', ""7,4'-Dihydroxyflavone"", 'Sargaquinoic acid', 'Sargachromenol', 'Farnisine', '(+)-Guaiacin', 'Tithonine', 'Fasciculiferin', ""Juruenolic acid; 2-(4'-Methylpentenyl-3)-10-oxoundecan-2,6-dienoic acid"", '17-(3,4-Methylenedioxyphenyl)-heptadecanoic acid', 'Isopimpinellin', 'Kaempferol-3-O-α-L-rhamnopyranosyl-(1→6)-β-D-galactopyranoside', 'Catechin, Ent-catechin', 'Kaempferol-3-O-rutinoside', 'Kaempferol-3-O-D-glucopyranoside', 'Kaempferol-3-O-D-galactopyranoside', '6-Hydroxy-rutin', 'Procyanidin B-3', 'Quercetin-3-O-α-L-rhamnopyranosyl-(1→6)-β-D-galactopyranoside', 'Kaempferol-3-O-α-L-rhamnopyranosyl-(1-6)-α-L-rhamnopyranosyl-(1-4)-β-D-glucopyranoside', 'Cusculine; 1,2,3,5,6-pentamethoxy-9-acridone', 'Cuspanine; 1-hydroxy-2,3,5,6-tetramethoxy-9-acridone', ""N-[3-(6'-methoxy-3',4'-methy-lenedioxyphenyl)-2(Z)-propenoyl]pyrrolidine"", '10,11-dihydropiperine; Δα,β-dihydropiperine', 'Piperine', '4,5-dihydropiperlonguminine; Piperlonguminine', '(Z)-piplartine; 8(Z)-N-(12,13, 14-trimethoxycinnamoyl)- 3-pyridin-2-one', '8,9-dihydropiplartine; N-(12,13,14-trimethoxydihydrocinnamoyl)-Δ3-pyridin-2-one', '4,5-dihydropiperyline', '(E)-piplartine', '(3Z,5Z)-N-isobutyl-8-(30,40-methylenedioxy-phenyl)-heptadienamide', 'Pellitorine', '2α,3α-Dihydroxy-urs-12-en-28-oic acid', 'Oleanolic acid 3-sophoroside', '3-O-β-D-(6’-methyl)-glucopyranosyl-28-O-β-D-glucopyranosyl-oleanate', 'β-Sitosterol benzoate', '5-hydroxyflavone', '2-phenyl-4H-chromen-4-one', 'Haplotusine', 'Sinapyl 4-O-β-D-glucopyranoside aldehyde', 'Sinapyl 4-O-β-D-glucopyranoside alcohol', 'Liriodenine', 'N-acetylnonaine', '[10]-gingerol', ""2,4-Dihydroxy-6-[(1'E,3'E)-penta-1', 3'-dienyl]-benzaldehyde"", '2-methyl-5-[8(Z)-pentadecenyl]resorcinol', 'Nitensidine A', '2-hydroxyphenylacetic acid', '3-O-β-D-quinovopyranosyl quinovic acid', 'Kaempferol', '(4R)-4,8-dihydroxy-α-tetralone', 'Kokusaginine', ""2-(2'-O-trans-caffeoyl)-C-β-D-glucopyranosyl-1,3,6,7-tetrahydroxyxanthone"", 'Netzahualcoyene', 'Casearin X Dialdehyde; (2R*,4aS*,5S*,7R*,8R*,8aS*)-4,4a-Diformyl-1,2,4a,5,6,7,8,8a-octahydro-5-hydroxy-7,8-dimethyl-8-[(2Z)-3-methylpenta-2,4-dien-1-yl]naphthalen-2-yl Butanoate', 'polypodine B', 'n-Propyl gallate', ""3',4',5',5,7,8-hexamethoxyflavone"", 'Isopropyl gallate', 'Odoratol', 'Leptomerine', '5-hydroxy-N-methylseverifoline', '19,20-Epoxycytochalasin N', 'ellagic acid 4-O-α-L-rhamnopyranoside; eschweilenol C', 'Mayoside C', 'Ourateacatechin', ""3',4',5',5,7-pentamethoxyflavone"", '2-methyl-5-pentadecylresorcinol', '3β-hydroxy-stigmast-5-en-7-one; 24-β-7-oxositosterol', 'scillascillin', 'Griseofulvin', ""7-Hydroxy-4',6-dimethoxyisoflavone; Afrormosin; Afromosin"", '8-methoxymellein', '(±)-Syringaresinol', 'Cyclo-(L-Pro-L-Val)', 'Plumericin', 'Dibenzyl trisulphide', 'Maytenin, Tingenone', 'Ocotillone', 'des-N-methylnoracronycine', 'Sorbifolin 6-O-β-glucopyranoside', 'Rel-2α-hydroxyzuelanin-6β-benzoate', '2,6-di-O-acetylcasearupestrin D', ""Methyl-2,2-dimethyl-8-(3'-methylbut-2'-enyl)chroman-6-carboxylate"", '2,7-Di-O-acetylcasearupestrin A', 'Nitensidine B', '1-methyl-2-n-nonyl-4-quinolone', '5-[8(Z),11(Z),14-pentadecatrienyl]resorcinol', 'Maculosidine', 'Chlorogenic acid', ""8-hydroxy-3,5,7,3',4',5'-hexamethoxyflavonol"", 'Isoorientin', 'Podocarpusflavone A', 'Casearupestrin C', '6α-malonyloxy-n-butyl ester manoyl oxide', 'citrusinine-I', 'Ricinine', 'Leptophyllin A', '5-pentadecylresorcinol', 'urauchimycin B', 'Homoegonol', '[8]-gingerol', '4-Hydroxymellein', '5-hydroxymellein', 'fraxinellonone', 'Dibenzyl sulphide', '(-) Cis-4-hydroxy-6-deoxyscytalone', 'Piperol B', '(-)-Hardwickiic acid', ""5-[3''-(β-D-glucopyranosyloxy)propyl]-7-methoxy-2-(3',4'-methylenedioxyphenyl)benzofuran"", '28-O-β-D-glucopyranosyl quinovic acid', '2-Methyl-4-hydroxy-butyl caffeoate', 'N-1,N-2,N-3-Triisopentenylguanidine', '5-[8(Z),11(Z)-pentadecadienyl]resorcinol', '(-)-Spectalinine', '19,20-Epoxycytochalasin D', 'fumiquinozoline F', 'Kaempferol 3-O-α-L-rhamnopyranosyl (1→6)-O-[β -D-glucopyranosyl (1→3)-O-α-L-rhamnopyranosyl-(1→2)]-O-β -D-glucopyranosyl', '3β-O-[α-L-rhamnopyranosyl-(1→2)-O-β-D-glucopyranosyl-(1→2)-O-β-D-glucopyranosyl]-28-O-β-D-glucopyranoside pomolate', 'Dibenzyl tetrasulphide', ""2',5-dihydroxy-3-methoxy-8-dimethylallyl-6, 7-(2' ',2''-dimethylpyrano)-dihydroflavonol"", '2-n-nonyl-4-quinolone', 'Cytochalasin D', '6α-malonyloxymanoyl oxide', 'Benzylhydroxymethyl sulphide', '1,6-di-O-caffeoyl-β-D-glucopyranoside', '2-methyl-5-[8(Z),11(Z),14-pentadecatrienyl]resorcinol', '20-hydroxyecdysone; polypodine A', '3-Acetyl aleuritolic acid', 'Alkenoic acid', 'Caseobliquin A', 'Methyl angolensate', ""5-(3'' -Hydroxypropyl)-7-methoxy-2-(3',4' -methyl-enedioxyphenyl)benzofuran"", '22β-hydroxypristimerin', '1- (5,7-dihydroxy-2,2-dimethylchroman-6-yl)-3-(2,2-dimethylchroman- 6-yl)propan-1-one', 'Canavaline', 'Di-hydrodehydrodiconiferyl alcohol', 'Quercetin', ""2-(2'-O-trans-cinnamoyl)-C-β-D-glucopyranosyl-1,3,6,7-tetrahydroxyxanthone"", '3-Oxoursolic acid', 'Casearupestrin B', 'toonacilin', 'Netzahualcoyondiol', 'Pristimerin; 20α-3-hydroxy-2-oxo-24-nor-friedela-1-10,3,5,7-tetraen-carboxylic acid-29-methylester', '3,4,5-trimethoxyphenyl 1-O-β-D-apiofuranosyl-(1→6)-O-β-D-glucopyranoside', 'β-photogedunin', 'n-Butyl gallate', ""5-[3''-(β-D-glucopyranosyloxy)propyl]-7-methoxy-2-(3',4'-dimethoxyphenyl)benzofuran"", '3,12-Dihydroxycadalene', 'Uracil', 'urauchimycin A', 'p-Coumaric acid', '(-)-Epigallocatechin', 'Netzahualcoyonol', '1-[3-(3,7-dimethylocta-2,6-dien-1-yl)-2,4,6- trihydroxyphenyl]-3-(4-hydroxyphenyl)propan-1-one', ""Acteoside; [β-3,4-dihydroxyphenyl)-ethyl]-(3'-O-α-L-rhamnopyranosyl)-(4'-O-cafeoyl)-β-D-glycopyranoside, verbascoside"", 'Pedalitin', '1-O-(E)-feruloyl-β-D-glucopyranoside', '19,20-Epoxycytochalasin C', 'n-Pentyl gallate', 'Orcinol', 'Periconicin B', 'Phomopsilactone', ""(2S)-8-Isopentyl-2-methyl-2-(4'-methylpentyl)chroman-6-carboxylic acid"", '2,2-dimethyl-2H-chromene-6-carboxylic acid', '1,2-dihydro- 3β-hydroxy-7-deacetoxy-7-oxogedunin', 'Photogedunin', 'Casearin X; (1R*,3S*,5S*,6aR*,7S*,8S*,10R*,10aR*)-1-(Acetyloxy)-3,5,6,6a,7,8,9,10-octahydro-10-hydroxy-7,8-dimethyl-7-[(2Z)-3-methylpenta-2,4-dien-1-yl]naphtho[1,8a-c]furan-3,5-diyl Dibutanoate', 'Quercetin 3-O-α-L-rhamnopyranosyl (1→6)-O-[β -D-glucopyranosyl (1→3)-O-α-L-rhamnopyranosyl-(1→2)]-O-β -D-glucopyranosyl', 'Heveaflavone', 'Arboreumine', 'N-[10-(13,14-methylenedioxyphenyl)-7(E),9(Z)-pentadienoyl]-pyrrolidine', 'α-L-xylopyranosyl-(4""→20)-(3-O-β-D-glucopyranosyl)-1\'-O-E-caffeoyl-β-D-glucopyranoside', ""2-(R)-Methyl-6-(S)-(tetradecyl-13'-one)-3(R)-O-tert-butyldimethylsilyl-piperidine"", '(2S)-Methyl-2-methyl-8-(3""-methylbut-2""-enyl)-2-(4\'-methylpent-3\'-enyl)-2H-chromene-6-carboxylate', 'Casearin T', 'Piperyline, N-[10-(13,14-methylenedioxyphenyl)-7(E),9(E)-pentadienoyl]-pyrrolidine', 'ω-fenil alcanoic acid', '2-butyl-D-fructofuranoside', ""Gaudichaudianic acid; (2S)-2-methyl-2-(4'methyl-3'-pentenyl)-8-(3''-methyl-2-butenyl)- 2H-1-benzopyran-6-carboxylic acid"", 'limonexic acid', 'Skimmianine', 'p-hydroxybenzoic acid-geranyl ester', 'Dibenzyl disulphide', 'Proanthocyanidin', '7-hydroxy-3- (11-dimethylallyl)-8-methoxycoumarin', ""N-[7-(3',4'-methylenedioxyphenyl)-2(Z),4(Z)-heptadienoyl]pyrrolidine"", 'Dipropyl disulphide', '2-methyl-5-[8(Z),11(Z)-pentadecadienyl]resorcinol', 'neoisoastilbin', '(R)-7-Hydroxymellein', '6α-acetoxymanoyl oxide', 'Methyl-8-hydroxy-2,2-dimethylchroman-6-carboxylate', 'Di(benzyltrithio) methane', '3,11,12-Trihydroxycadalene', 'Quercetin 3-O-sophoroside', '(3R,4R)-3,4-Dihydro-4,6-dihydroxy-3-methyl-1-oxo-1H-isochromene-5-carboxylic acid', '24-methylene-3,22-dihydroxycholesterol', 'amorphispironone', 'Casearupestrin D', 'Chaetoglobosin B', ""2-(2'-O-benzoyl)-C-β-D-glucopyranosyl-1,3,6,7-tetrahydroxyxanthone"", 'Isoplumericin', 'Gedunin', 'Pedalin, pedalitin 6-O-β -glucopyranoside', '6-[8(Z)-pentadecenyl]salicylic acid', '(2S)-2-methyl-8-(3""-methylbut-2""-enyl)-2-(4\'-methylpent-3\'-enyl)-2H-chromene-6-carboxylic acid', 'Burchellin', '5-[8(Z)-pentadecenyl]resorcinol', 'Luteolin; 2-(3,4-dihydroxyphenyl)-5,7-dihydroxy-4H-chromen-4-one', 'Sinapic acid', '19,20-Epoxycytochalasin Q', '19,20-Epoxycytochalasin R', 'Muraxanthone', '6α-acetoxy-14β,15β-epoxyazadirone', 'epoxy-fraxinellone', '12′-hydroxy-7′-multijuguinone', 'Kaempferitrin', 'Nitensidine C', 'Rel-(+)-(7S,9R,10S)-3,9,12-trihydroxycalamenene', 'Casearin S', '11β-acetoxyobacunone', 'Methyl 6,7,8-trimethoxydihydrocinnamate', '2-Hexyl-3-methyl-butanodioic acid', 'fraxinellone', '6-[ 8(Z),11(Z) -pentadecadienyl] salicylic acid', '3,4,5-Triacetoxybenzoic acid', 'Odoratone', 'Rel-6β-hydroxyzuelanin-2β-benzoate', 'shidasterone', '5-hydroxymethyl- 2-furancarboxaldehyde; 5-hydroxymethyl-2-furfuraldehyde', 'atalaphyllinine', 'N-[10- (13,14-methylenedioxyphenyl)-7(E)-pentaenoyl]-pyrrolidine', '2-Methyl-5-methoxy-benzopyran-4-one', '3,4-dihydroxybenzoic acid geranyl ester', '(+)-3-O-feruloylcassine', 'Amentoflavone', '1-(5,7-dihydroxy-2,2-dimethylchroman-6-yl)-3-(1,1,4a-trimethyl-2,3,4,4a,9a-hexahydro-1H-xanthen-7-yl)propan-1-one', 'Methyl (E)-6,7,8-trimethoxycinnamate', '3,4,5-Trimethoxyphenyl-1-O-β-D-(5-O-syringoyl)-apiofuranosyl-(1→6)-β-D-glucopyranoside', 'Caseargrewiin F; (1R*,3S*,5S*,6aR*,7S*,8R*,10R*,10aR*)-1,3-Bis(acetyloxy)-3,5,6,6a,7,8,9,10-octahydro-10-hydroxy-7,8-dimethyl-7-[(2Z)-3-methylpenta-2,4-dien-1-yl]naphtho[1,8a-c]furan-5-yl Butanoate', 'Casearin L; (1R*,3S*,5S*,6aR*,7R*,8R*,9S*,10S*,10aR*)-1,10-Bis(acetyloxy)-3,5,6,6a,7,8,9,10-octahydro-9-hydroxy-5-methoxy-7,8-dimethyl-7-[(2Z)-3-methylpenta-2,4-dien-1-yl]naphtho[1,8a-c]-furan-3-yl Butanoate', 'Platydesmine', 'Leiokinine A', 'Cabraleadiol', 'schaftoside', ""(2S)-Methyl-8-isopentyl-2-methyl-2-(4'-methylpentyl)chroman-6-carboxylate"", 'Casearupestrin A', '2-oxo-piperol B; (7S*, 8R*, 1R*, 3R*)-3,4,5-trimethoxy-3,7-cyclo-8,1-neolig-8-ene-2,4(3H)-dione', 'taxifolin', ""(2'S)-2-(propan-2'-ol)-5-hydroxy-benzopyran-4-one"", '20α-Hydroxymaytenin; 20-hydroxy-20-epi-tingenone', '(-)-Epigallocatechin-3-O-gallate', 'Casearin D; (1R*,3S*,5S*,6aR*,7R*,8R*,9S*,10S*,10aR*)-1-(Acetyloxy)-3,5,6,6a,7,8,9,10-octahydro-5,10-dihydroxy-7,8-dimethyl-7-[(2Z)-3-methylpenta-2,4-dien-1-yl]naphtho[1,8a-c]furan-3,9-diyl Dibutanoate', 'Rel. (+)-(7S,10S) 3,12-dihydroxycalamenene', 'carlinoside', 'Methyl-8-(ethanoyloxy)-2,2-dimethyl-2H-chromene-6-carboxylate', '1-(5,7-dihydroxy-2,2-dimethylchroman- 6-yl)-3-[4-hydroxy-3-(3-methylbut-2-en-1-yl)- phenyl]propan-1-one', '(3R,4R)-4,7-Dihydroxymellein', ""Nitensoside B; Pedalitin 6-O-α-rhamnopyranosyl(1'''→6'')-β-glucopyranoside"", 'Methyl gallate', '3-O-β-D-quinovopyranosyl cincholic acid', 'Afzelin, 3-O-α-rhamnosyl kaempferol', 'Egonol', '4-Nerolidilcatechol', ""2-(2'-O-transcoumaroyl)-C-β-D-glucopyranosyl-1,3,6,7-tetrahydroxyxanthone"", 'Syringic acid', 'Trans-3’-methylsulphonylallyl trans-cinnamate', '(3-(2-(4-hydroxyphenyl)-2-oxoethyl)-5,6-dihydropyridin- 2(1H)-one)', 'Mangiferin', 'Viburgenin', ""Pterogynoside; Kaempferol-3-O-(3''-O-4'''-methylgallate-α-L-rhamnoside)"", 'Isobutyl gallate', '7′-multijuguinone', '6-[8(Z),11(Z),14-pentadecatrienyl]salicylic acid', 'Sorbifolin', ""Nitensoside A; Sorbifolin 6-O-α-rhamnopyranosyl(1'''→6'')-β-glucopyranoside"", 'Casearin O; (1R*,3S*,5S*,6aR*,7R*,8R*,9S*,10S*,10aR*)-1,10-Bis(acetyloxy)-5-methoxy-7,8-dimethyl-7-[(2Z)-3-methylpenta-2,4-dien-1-yl]-3,5,6,6a,7,8,9,10-octahydronaphtho[1,8a-c]furan-3,9-diyl Dibutanoate', 'germacrene D', 'Salacin', '6-pentadecylsalicylic acid', 'Methyl-2,2-dimethylchroman-6-carboxylate', ""Myrsinoic acid A, 3-Geranyl-4-hydroxy-5-(3'',3''-dimethylallyl)benzoic acid"", '6β-hydroxy-7-epigardoside methyl ester', 'Tetrahydropiperyline, N-[10-(13,14-methylenedioxyphenyl)-pentanoyl]-pyrrolidine', 'Piperovatine', '2,4,6-trimethoxybenzoic acid', '1-O-(E)-caffeoyl-β-D-glucopyranoside', 'Gallic acid; 3,4,5-trihydroxybenzoic acid', 'Quercitrin, 3-O-α-rhamnosylquercetin', '2β-Hydroxyzuelanin-6β-cinnamate', 'arjunolic acid', 'stachysterone', 'Ethyl 2,4-dihydroxy-5,6-dimethylbenzoate', 'Amentoflavone 7”,4”’-dimethyl ether', 'Picramnioside F', 'Lauryl gallate', 'Syringaldehyde', '22-hydroxytirucalla-7,24-diene-2,3-dione', 'Acetonide of odoratol', '(−)-Grandisin', '24-methylenecycloartan-3b-ol', 'Ixoside', 'Cognatine', 'Fagaramide', 'Chalepin']]",doi_name
"['10.1248/cpb.56.723', 'Pedalin, pedalitin 6-O-β -glucopyranoside']","['10.1248/cpb.56.723', ['cyclo (L)-Pro-Gly', 'guaiol', 'γ-eudesmol', 'Hinesol', 'α-eudesmol', ""4-Methoxy-3-(3',7'-dimethylocta-2'-E-6'-dienyl)benzoic acid"", 'Methyl-8-hydroxy-2,2-dimethyl-2H-chromene-6-carboxylate', ""3-(3',7 '-dimethyl-2',6 '-octadienyl)-4-methoxy-benzoic acid"", 'Teucrein', '11-O-trans-feruloylteucrein', 'Galioside', 'Apodanthoside', 'Galioside aglicone', '21β,25-dimethylmelianodiol', '21α,25-dimethylmelianodiol', '3,21-Di-epi-feroniellide B', 'Xanthyletin', 'Mycoleptone A', '9-hydroxyeugenin', 'Austdiol', '6-methoxyeugenin', 'Eugenitin', 'Austdiol diacetate', 'Mycoleptone A tetraacetate', 'Mycoleptone B', 'bis-5-hydroxyacronycine', 'Citibrasine', '2,3-dihydro-4,9-dihydroxy-2-(2-hydroxy-propan-2-yl)- 11-methoxy-10-methylfuro[3,2-b]acridin-5(10H)-one', ""3',4'-methylenedioxy-5,6,7- trimethoxyflavone"", ""3',4'-methylenedioxy-5,5',6,7-tetramethoxyflavone"", ""2'-hydroxy-3,4,4'-trimethoxy-5',6'-(2'',2''-dimethylpyrano)-chalcone"", ""3',4'-methylenedioxy-5,7-dimethoxyflavone"", '(-)-3-O-acetyl-spectaline', 'Stearic acid 4-pentoyloxyphenethyl ester', 'Secoxyloganin', '7-Methoxydiderroside', ""6'-Acetyl-β-D-glucopyranosyldiderroside"", 'Diderroside', '5,7-dimethoxy-2,2-dimethyl-2H-1-benzopyran-6-propanoate', 'Nectandrin B', '7-Methyl-sargachromenol; 2,7,8-Trimethyl-2-[(3-E,7-Z)-4,12-dimethyl-8-carboxyl-3,7,11-tridecatrienyl]-3-chromen-6-ol, β-caroteno', 'Verrucosin', 'Epi-guaiacin', 'Piscidinol A', 'Pentaol', 'Iso-odoratol', '3,11-dioxoolean-12-en-28- onic acid', 'cryptomeridiol', 'Oleanonic acid', 'Nilocetin', 'Hispidol A', 'Chlorogenic acid methyl ester, Methyl (1S,3R,4R,5R)-3-{[(2E)-3-(3,4-dihydroxyphenyl)-2-propenoyl]oxy}-1,4,5-trihydroxycyclohexanecarboxylate', 'Isopimpinellin', 'penduletin 4-O-methyl ether', '3,3-O-dimethylquercetin', '2α,3α,19α- trihydroxyurs-12-en-28-oic acid', '3,7,4-O-trimethylkaempferol', '3-O-methylquercetin', 'acacetin', 'Chrysoeriol', 'p-hydroxybenzoic acid', '2α,3α-dihydroxyolean-12- en-28-oic acid', '3,4,5-Trimethoxydihydrocinnamic acid', ""2',6'-Dihydroxy-4'-methoxydihydrochalcone"", 'Methyl 2,2-dimethyl-1-oxo-2H-1-benzopyran-6-carboxylate', ""Methyl 4-hydroxy-3-(3'-methyl-2'-butenyl)benzoate"", 'Piperaduncine B', ""Hostmaniene; 4-Hydroxy-3-(2',3'-dihydroxy-3'-methylbutyl)benzoate"", ""4-Hydroxy-3-(3',7'-dimethylocta-2'-E-6'-dienyl)benzoic acid"", ""Methyl taboganate; Methyl 4-hydroxy-3-(3'-methyl-1'-oxo-2'-butenyl)benzoate"", ""Aduncumene; Methyl 2-methoxy-5-(3'-methyl-1'-oxo-2'-butenyl)benzoate"", ""Methyl 4-hydroxy-3-(3'-methyl-2'-hydroxy-3'-butenyl)benzoate"", ""4-Hydroxy-(3',7'-dimethyl-1'-oxo-octa-2'-Z-6'-dienyl)benzoic acid"", 'Pyranofoline', 'Glycocitrine-I', 'Glycocitrine-IV', 'Citrusinine-I', '5-hydroxynoracronycine; Atalaphyllidine', '3,4-dihydro-3,5,8-trihydroxy-6-methoxy-2,2,7-trimethyl-2Hpyrano[ 2,3-a]acridin-12(7H)-one', '1,3,5-trihydroxy-4-methoxy-10-methyl- 2,8-bis(3-methylbut-2-enyl)acridin-9(10H)-one', 'Citrusinine-II', '1,3,5-trihydroxy- 2,8-bis(3-methylbut-2-enyl)-10-methyl-9-acridone', ""Rel-(7R,8S,7'S,8'S)-4',5'-methylenedioxy-3,4,5,3'-tetramethoxy-7,7'-epoxylignan"", ""Rel-(7R,8S,7'S,8'S)-4-hydroxy-4',5'-methylenedioxy-3,5,3'-trimethoxy-7,7'-epoxylignan"", ""Rel-(7R,8S,7'S,8'S)-4'-hydroxy-3,4,5,3',5'-pentamethoxy-7,7'-epoxylignan"", ""Rel-(7R,8S,7'S,8'S)-4,5,4',5'-dimethylenedioxy-3,3'-dimethoxy-7,7'-epoxylignan"", ""Rel-(7R,8S,7'S,8'S)-9-hydroxy-4',5'-methylenedioxy-3,4,5,3'-tetramethoxy-7,7'-epoxylignan"", 'Clusifoliol', ""Isoswertisin-2''α1-L-rhamnoside"", ""Isoswertisin-4'-methyl-ether-2''α-L-rhamnoside"", '2-Episesalatin', 'Sesartemin', 'Methyl (3R,4R,5R)-3-{[(2Z)-3-(3,4-dihydroxyphenyl)-2-propenoyl]oxy}-1,4,5-trihydroxycyclohexanecarboxylate', 'Methyl (3R,4R,5R)-3-{[(2E)-3-(3,4-dihydroxyphenyl)-2-propenoyl]oxy}-1,4,5-trihydroxycyclohexanecarboxylate', '17-(3,4-Methylenedioxyphenyl)-heptadecanoic acid', ""7,4'-Dihydroxyflavone"", 'Farnisine', 'Sargachromenol', 'Sargaquinoic acid', '19´-(3,4-Methylenedioxyphenyl)-nonadecanoic acid', ""7,4'-Dimethoxyflavone"", '21´-(3,4-Methylenedioxyphenyl)-henicosanoic acid', '(+)-Guaiacin', 'Tithonine', 'Fasciculiferin', ""Juruenolic acid; 2-(4'-Methylpentenyl-3)-10-oxoundecan-2,6-dienoic acid"", ""2-(1'-pentenyl)-Quinoline"", ""2-(3',4'-methylenedioxyphenylethyl)-Quinoline"", '2-n-Pentylquinoline', '2-n-Propylquinoline', 'β-caryophyllene, trans-caryophyllene', ""4-Hydroxy-3-(3',7'-dimethyl-3'-hydroxy-1'-oxo-6'-octenyl)benzoic acid"", ""1,4-Dihydroxy-2-(3',7'-dimethyl-1'-oxo-2'-E-6'-octadienyl)benzene"", ""Isosakuranetin; 5,7-dihydroxy-4'-methoxyflavanone"", ""4-Hydroxy-(3',7'-dimethyl-1'-oxo-octa-2'-E-6'-dienyl)benzoic acid"", ""Sakuranetin; 5,4'-dihydroxy-7-methoxyflavanone"", 'astilbin; Rel-(2R, 3R)-dihydroquercetin-3-O-±-L-rhamnoside', 'Aphidicolin', 'Strictosidine acid', '5α-carboxystrictosidine', '3,4-dehydro-strictosidine', 'Turbinatine', 'Harman-3-carboxylic acid', 'Cordifoline', '3,4-dehydrostrictosidine acid', 'Deoxycordifoline', 'Taraxerol acetate', 'Beauvericin', 'Anhydrofusarubin', 'Methacrylic acid', 'Nitensidine E', 'Nitensidine D', 'Pimara-7,15-dien-3β-ol', 'Dimethyl terephthalate', '8-hydroxy-6-methoxy-3-methylisocoumarin', '(22E,24R)-ergosta-4,6,8(14),22-tetraen-3-one', 'Ergosterol peroxide', '5,7-dimethoxy-2,2-dimethyl-2H-1-benzopyran-6-propanoic acid', '(+)-Erythravine', '(+)-11α-Hydroxyerythravine', '(+)-α-Hydroxyerysotrine', '(3Z,5Z)-N-isobutyl-8-(30,40-methylenedioxy-phenyl)-heptadienamide', 'Pellitorine', ""N-[3-(6'-methoxy-3',4'-methy-lenedioxyphenyl)-2(Z)-propenoyl]pyrrolidine"", '4,5-dihydropiperlonguminine; Piperlonguminine', '8,9-dihydropiplartine; N-(12,13,14-trimethoxydihydrocinnamoyl)-Δ3-pyridin-2-one', 'Piperine', '10,11-dihydropiperine; Δα,β-dihydropiperine', '4,5-dihydropiperyline', '(E)-piplartine', '(Z)-piplartine; 8(Z)-N-(12,13, 14-trimethoxycinnamoyl)- 3-pyridin-2-one', 'Catechin, Ent-catechin', 'Kaempferol-3-O-α-L-rhamnopyranosyl-(1→6)-β-D-galactopyranoside', 'Kaempferol-3-O-rutinoside', 'Kaempferol-3-O-α-L-rhamnopyranosyl-(1-6)-α-L-rhamnopyranosyl-(1-4)-β-D-glucopyranoside', 'Quercetin-3-O-α-L-rhamnopyranosyl-(1→6)-β-D-galactopyranoside', 'Procyanidin B-3', 'Kaempferol-3-O-D-galactopyranoside', 'Kaempferol-3-O-D-glucopyranoside', '6-Hydroxy-rutin', 'α-Gardiol', 'β-Gardiol', 'Ferulic acid', ""3,4-dimethyl-2-(4'-hydroxy-3',5'-dimethoxyphenyl)-5-methoxy-tetrahydrofuran"", '1-methoxy-3-hydroxy-3,10b-4,5a-diepoxy-8b-isobutyroyloxygermacr-11(13)-en-6a,12-olide', 'Tagitinin C', ""3',4',5',3,5,7,8-heptamethoxyflavone"", ""3,5,6,7,3',4',5'-heptamethoxyflavonol"", '4-metoxi-6-[2-(metilamino)fenil]- 2H-piran-2-ona', 'Cuspanine; 1-hydroxy-2,3,5,6-tetramethoxy-9-acridone', 'Cusculine; 1,2,3,5,6-pentamethoxy-9-acridone', '2α,3α-Dihydroxy-urs-12-en-28-oic acid', '3-O-β-D-(6’-methyl)-glucopyranosyl-28-O-β-D-glucopyranosyl-oleanate', 'Oleanolic acid 3-sophoroside', '5-hydroxyflavone', 'β-Sitosterol benzoate', '2-phenyl-4H-chromen-4-one', 'Haplotusine', 'Sinapyl 4-O-β-D-glucopyranoside aldehyde', 'Sinapyl 4-O-β-D-glucopyranoside alcohol', 'N-acetylnonaine', 'Liriodenine', '[10]-gingerol', ""2,4-Dihydroxy-6-[(1'E,3'E)-penta-1', 3'-dienyl]-benzaldehyde"", 'Nitensidine A', '2-methyl-5-[8(Z)-pentadecenyl]resorcinol', '2-hydroxyphenylacetic acid', 'Gallic acid; 3,4,5-trihydroxybenzoic acid', 'Quercitrin, 3-O-α-rhamnosylquercetin', 'Caseobliquin A', 'Methyl angolensate', ""5-(3'' -Hydroxypropyl)-7-methoxy-2-(3',4' -methyl-enedioxyphenyl)benzofuran"", '22β-hydroxypristimerin', '1- (5,7-dihydroxy-2,2-dimethylchroman-6-yl)-3-(2,2-dimethylchroman- 6-yl)propan-1-one', 'Canavaline', 'Di-hydrodehydrodiconiferyl alcohol', 'Quercetin', ""2-(2'-O-trans-cinnamoyl)-C-β-D-glucopyranosyl-1,3,6,7-tetrahydroxyxanthone"", '5-hydroxy-N-methylseverifoline', '19,20-Epoxycytochalasin N', 'ellagic acid 4-O-α-L-rhamnopyranoside; eschweilenol C', 'Mayoside C', 'Ourateacatechin', ""3',4',5',5,7-pentamethoxyflavone"", '2-methyl-5-pentadecylresorcinol', '3β-hydroxy-stigmast-5-en-7-one; 24-β-7-oxositosterol', 'scillascillin', ""7-Hydroxy-4',6-dimethoxyisoflavone; Afrormosin; Afromosin"", '8-methoxymellein', '(±)-Syringaresinol', 'Cyclo-(L-Pro-L-Val)', 'Acetonide of odoratol', '(−)-Grandisin', '24-methylenecycloartan-3b-ol', '2,7-Di-O-acetylcasearupestrin A', 'Nitensidine B', '1-methyl-2-n-nonyl-4-quinolone', '5-[8(Z),11(Z),14-pentadecatrienyl]resorcinol', 'Kokusaginine', ""2-(2'-O-trans-caffeoyl)-C-β-D-glucopyranosyl-1,3,6,7-tetrahydroxyxanthone"", 'Netzahualcoyene', 'Casearin X Dialdehyde; (2R*,4aS*,5S*,7R*,8R*,8aS*)-4,4a-Diformyl-1,2,4a,5,6,7,8,8a-octahydro-5-hydroxy-7,8-dimethyl-8-[(2Z)-3-methylpenta-2,4-dien-1-yl]naphthalen-2-yl Butanoate', 'polypodine B', 'n-Propyl gallate', ""3',4',5',5,7,8-hexamethoxyflavone"", 'Isopropyl gallate', '3-O-β-D-quinovopyranosyl quinovic acid', ""8-hydroxy-3,5,7,3',4',5'-hexamethoxyflavonol"", 'Odoratol', 'Leptomerine', '2,4,6-trimethoxybenzoic acid', '1-O-(E)-caffeoyl-β-D-glucopyranoside', 'Maculosidine', 'Podocarpusflavone A', 'Casearupestrin C', '6α-malonyloxy-n-butyl ester manoyl oxide', 'citrusinine-I', 'Ricinine', 'Leptophyllin A', '5-pentadecylresorcinol', '19,20-Epoxycytochalasin D', 'fumiquinozoline F', 'Kaempferol 3-O-α-L-rhamnopyranosyl (1→6)-O-[β -D-glucopyranosyl (1→3)-O-α-L-rhamnopyranosyl-(1→2)]-O-β -D-glucopyranosyl', 'Rel-2α-hydroxyzuelanin-6β-benzoate', '2,6-di-O-acetylcasearupestrin D', ""Methyl-2,2-dimethyl-8-(3'-methylbut-2'-enyl)chroman-6-carboxylate"", ""2',5-dihydroxy-3-methoxy-8-dimethylallyl-6, 7-(2' ',2''-dimethylpyrano)-dihydroflavonol"", '2-n-nonyl-4-quinolone', 'Cytochalasin D', 'Isoorientin', 'Piperol B', '(-)-Hardwickiic acid', ""5-[3''-(β-D-glucopyranosyloxy)propyl]-7-methoxy-2-(3',4'-methylenedioxyphenyl)benzofuran"", '28-O-β-D-glucopyranosyl quinovic acid', '2-Methyl-4-hydroxy-butyl caffeoate', 'N-1,N-2,N-3-Triisopentenylguanidine', 'Dibenzyl trisulphide', 'Maytenin, Tingenone', 'Uracil', '6β-hydroxy-7-epigardoside methyl ester', 'Tetrahydropiperyline, N-[10-(13,14-methylenedioxyphenyl)-pentanoyl]-pyrrolidine', 'Piperovatine', 'urauchimycin A', 'p-Coumaric acid', '(-)-Epigallocatechin', 'Netzahualcoyonol', '1-[3-(3,7-dimethylocta-2,6-dien-1-yl)-2,4,6- trihydroxyphenyl]-3-(4-hydroxyphenyl)propan-1-one', '6α-malonyloxymanoyl oxide', 'Benzylhydroxymethyl sulphide', '1,6-di-O-caffeoyl-β-D-glucopyranoside', '2-methyl-5-[8(Z),11(Z),14-pentadecatrienyl]resorcinol', '20-hydroxyecdysone; polypodine A', '3-Acetyl aleuritolic acid', 'Alkenoic acid', 'Quercetin 3-O-α-L-rhamnopyranosyl (1→6)-O-[β -D-glucopyranosyl (1→3)-O-α-L-rhamnopyranosyl-(1→2)]-O-β -D-glucopyranosyl', 'Heveaflavone', '3β-O-[α-L-rhamnopyranosyl-(1→2)-O-β-D-glucopyranosyl-(1→2)-O-β-D-glucopyranosyl]-28-O-β-D-glucopyranoside pomolate', 'Dibenzyl tetrasulphide', 'Arboreumine', '3-Oxoursolic acid', 'Casearupestrin B', 'toonacilin', 'urauchimycin B', 'Homoegonol', '[8]-gingerol', '4-Hydroxymellein', '5-hydroxymellein', 'fraxinellonone', 'Dibenzyl sulphide', '(-) Cis-4-hydroxy-6-deoxyscytalone', 'Plumericin', '5-[8(Z),11(Z)-pentadecadienyl]resorcinol', '(-)-Spectalinine', 'Pedalitin', ""Acteoside; [β-3,4-dihydroxyphenyl)-ethyl]-(3'-O-α-L-rhamnopyranosyl)-(4'-O-cafeoyl)-β-D-glycopyranoside, verbascoside"", '1-O-(E)-feruloyl-β-D-glucopyranoside', '19,20-Epoxycytochalasin C', 'n-Pentyl gallate', 'Orcinol', 'Periconicin B', 'Phomopsilactone', ""(2S)-8-Isopentyl-2-methyl-2-(4'-methylpentyl)chroman-6-carboxylic acid"", '2,2-dimethyl-2H-chromene-6-carboxylic acid', '1,2-dihydro- 3β-hydroxy-7-deacetoxy-7-oxogedunin', 'Photogedunin', 'Casearin X; (1R*,3S*,5S*,6aR*,7S*,8S*,10R*,10aR*)-1-(Acetyloxy)-3,5,6,6a,7,8,9,10-octahydro-10-hydroxy-7,8-dimethyl-7-[(2Z)-3-methylpenta-2,4-dien-1-yl]naphtho[1,8a-c]furan-3,5-diyl Dibutanoate', 'α-L-xylopyranosyl-(4""→20)-(3-O-β-D-glucopyranosyl)-1\'-O-E-caffeoyl-β-D-glucopyranoside', ""2-(R)-Methyl-6-(S)-(tetradecyl-13'-one)-3(R)-O-tert-butyldimethylsilyl-piperidine"", '(2S)-Methyl-2-methyl-8-(3""-methylbut-2""-enyl)-2-(4\'-methylpent-3\'-enyl)-2H-chromene-6-carboxylate', 'Casearin T', 'Proanthocyanidin', 'neoisoastilbin', 'Piperyline, N-[10-(13,14-methylenedioxyphenyl)-7(E),9(E)-pentadienoyl]-pyrrolidine', 'ω-fenil alcanoic acid', '2-butyl-D-fructofuranoside', ""Gaudichaudianic acid; (2S)-2-methyl-2-(4'methyl-3'-pentenyl)-8-(3''-methyl-2-butenyl)- 2H-1-benzopyran-6-carboxylic acid"", 'limonexic acid', 'Netzahualcoyondiol', 'Pristimerin; 20α-3-hydroxy-2-oxo-24-nor-friedela-1-10,3,5,7-tetraen-carboxylic acid-29-methylester', '3,4,5-trimethoxyphenyl 1-O-β-D-apiofuranosyl-(1→6)-O-β-D-glucopyranoside', 'β-photogedunin', 'n-Butyl gallate', ""5-[3''-(β-D-glucopyranosyloxy)propyl]-7-methoxy-2-(3',4'-dimethoxyphenyl)benzofuran"", '3,12-Dihydroxycadalene', '7-hydroxy-3- (11-dimethylallyl)-8-methoxycoumarin', ""N-[7-(3',4'-methylenedioxyphenyl)-2(Z),4(Z)-heptadienoyl]pyrrolidine"", '3,4,5-Triacetoxybenzoic acid', 'Odoratone', 'Rel-6β-hydroxyzuelanin-2β-benzoate', 'Di(benzyltrithio) methane', '3,11,12-Trihydroxycadalene', 'Quercetin 3-O-sophoroside', '(3R,4R)-3,4-Dihydro-4,6-dihydroxy-3-methyl-1-oxo-1H-isochromene-5-carboxylic acid', '24-methylene-3,22-dihydroxycholesterol', 'amorphispironone', 'Casearupestrin D', 'Chaetoglobosin B', ""2-(2'-O-benzoyl)-C-β-D-glucopyranosyl-1,3,6,7-tetrahydroxyxanthone"", 'Isoplumericin', 'Skimmianine', 'p-hydroxybenzoic acid-geranyl ester', 'Dibenzyl disulphide', 'Methyl 6,7,8-trimethoxydihydrocinnamate', '2-Hexyl-3-methyl-butanodioic acid', 'fraxinellone', '(R)-7-Hydroxymellein', '6α-acetoxymanoyl oxide', 'Methyl-8-hydroxy-2,2-dimethylchroman-6-carboxylate', 'N-[10-(13,14-methylenedioxyphenyl)-7(E),9(Z)-pentadienoyl]-pyrrolidine', '6-[8(Z)-pentadecenyl]salicylic acid', '(2S)-2-methyl-8-(3""-methylbut-2""-enyl)-2-(4\'-methylpent-3\'-enyl)-2H-chromene-6-carboxylic acid', 'Burchellin', '5-[8(Z)-pentadecenyl]resorcinol', 'Luteolin; 2-(3,4-dihydroxyphenyl)-5,7-dihydroxy-4H-chromen-4-one', 'Sinapic acid', '19,20-Epoxycytochalasin Q', '19,20-Epoxycytochalasin R', 'Muraxanthone', ""(2'S)-2-(propan-2'-ol)-5-hydroxy-benzopyran-4-one"", 'Rel-(+)-(7S,9R,10S)-3,9,12-trihydroxycalamenene', 'Casearin S', 'shidasterone', '5-hydroxymethyl- 2-furancarboxaldehyde; 5-hydroxymethyl-2-furfuraldehyde', 'atalaphyllinine', 'N-[10- (13,14-methylenedioxyphenyl)-7(E)-pentaenoyl]-pyrrolidine', '2-Methyl-5-methoxy-benzopyran-4-one', '3,4-dihydroxybenzoic acid geranyl ester', '6α-acetoxy-14β,15β-epoxyazadirone', 'epoxy-fraxinellone', '12′-hydroxy-7′-multijuguinone', 'Kaempferitrin', 'Nitensidine C', 'Dipropyl disulphide', '2-methyl-5-[8(Z),11(Z)-pentadecadienyl]resorcinol', '6-pentadecylsalicylic acid', 'Methyl-2,2-dimethylchroman-6-carboxylate', ""Myrsinoic acid A, 3-Geranyl-4-hydroxy-5-(3'',3''-dimethylallyl)benzoic acid"", '6-[ 8(Z),11(Z) -pentadecadienyl] salicylic acid', 'Gedunin', 'Pedalin, pedalitin 6-O-β -glucopyranoside', 'Caseargrewiin F; (1R*,3S*,5S*,6aR*,7S*,8R*,10R*,10aR*)-1,3-Bis(acetyloxy)-3,5,6,6a,7,8,9,10-octahydro-10-hydroxy-7,8-dimethyl-7-[(2Z)-3-methylpenta-2,4-dien-1-yl]naphtho[1,8a-c]furan-5-yl Butanoate', 'Casearin L; (1R*,3S*,5S*,6aR*,7R*,8R*,9S*,10S*,10aR*)-1,10-Bis(acetyloxy)-3,5,6,6a,7,8,9,10-octahydro-9-hydroxy-5-methoxy-7,8-dimethyl-7-[(2Z)-3-methylpenta-2,4-dien-1-yl]naphtho[1,8a-c]-furan-3-yl Butanoate', 'Platydesmine', 'Leiokinine A', 'Cabraleadiol', 'schaftoside', ""(2S)-Methyl-8-isopentyl-2-methyl-2-(4'-methylpentyl)chroman-6-carboxylate"", 'Casearupestrin A', '2-oxo-piperol B; (7S*, 8R*, 1R*, 3R*)-3,4,5-trimethoxy-3,7-cyclo-8,1-neolig-8-ene-2,4(3H)-dione', 'taxifolin', 'Casearin O; (1R*,3S*,5S*,6aR*,7R*,8R*,9S*,10S*,10aR*)-1,10-Bis(acetyloxy)-5-methoxy-7,8-dimethyl-7-[(2Z)-3-methylpenta-2,4-dien-1-yl]-3,5,6,6a,7,8,9,10-octahydronaphtho[1,8a-c]furan-3,9-diyl Dibutanoate', 'germacrene D', '2β-Hydroxyzuelanin-6β-cinnamate', '11β-acetoxyobacunone', '1-(5,7-dihydroxy-2,2-dimethylchroman- 6-yl)-3-[4-hydroxy-3-(3-methylbut-2-en-1-yl)- phenyl]propan-1-one', '(3R,4R)-4,7-Dihydroxymellein', ""Nitensoside B; Pedalitin 6-O-α-rhamnopyranosyl(1'''→6'')-β-glucopyranoside"", 'Methyl gallate', '3-O-β-D-quinovopyranosyl cincholic acid', 'Afzelin, 3-O-α-rhamnosyl kaempferol', 'Egonol', '4-Nerolidilcatechol', ""2-(2'-O-transcoumaroyl)-C-β-D-glucopyranosyl-1,3,6,7-tetrahydroxyxanthone"", 'Syringic acid', '(+)-3-O-feruloylcassine', 'Salacin', 'Isobutyl gallate', '7′-multijuguinone', 'Griseofulvin', '20α-Hydroxymaytenin; 20-hydroxy-20-epi-tingenone', '(-)-Epigallocatechin-3-O-gallate', 'Casearin D; (1R*,3S*,5S*,6aR*,7R*,8R*,9S*,10S*,10aR*)-1-(Acetyloxy)-3,5,6,6a,7,8,9,10-octahydro-5,10-dihydroxy-7,8-dimethyl-7-[(2Z)-3-methylpenta-2,4-dien-1-yl]naphtho[1,8a-c]furan-3,9-diyl Dibutanoate', 'Rel. (+)-(7S,10S) 3,12-dihydroxycalamenene', 'carlinoside', 'Methyl-8-(ethanoyloxy)-2,2-dimethyl-2H-chromene-6-carboxylate', 'Amentoflavone', '1-(5,7-dihydroxy-2,2-dimethylchroman-6-yl)-3-(1,1,4a-trimethyl-2,3,4,4a,9a-hexahydro-1H-xanthen-7-yl)propan-1-one', 'Methyl (E)-6,7,8-trimethoxycinnamate', '3,4,5-Trimethoxyphenyl-1-O-β-D-(5-O-syringoyl)-apiofuranosyl-(1→6)-β-D-glucopyranoside', '6-[8(Z),11(Z),14-pentadecatrienyl]salicylic acid', 'Sorbifolin', ""Nitensoside A; Sorbifolin 6-O-α-rhamnopyranosyl(1'''→6'')-β-glucopyranoside"", 'Ocotillone', 'des-N-methylnoracronycine', 'Sorbifolin 6-O-β-glucopyranoside', 'arjunolic acid', 'stachysterone', 'Ethyl 2,4-dihydroxy-5,6-dimethylbenzoate', 'Amentoflavone 7”,4”’-dimethyl ether', 'Picramnioside F', 'Lauryl gallate', 'Syringaldehyde', '22-hydroxytirucalla-7,24-diene-2,3-dione', 'Trans-3’-methylsulphonylallyl trans-cinnamate', '(3-(2-(4-hydroxyphenyl)-2-oxoethyl)-5,6-dihydropyridin- 2(1H)-one)', 'Mangiferin', 'Viburgenin', ""Pterogynoside; Kaempferol-3-O-(3''-O-4'''-methylgallate-α-L-rhamnoside)"", 'Ixoside', 'Cognatine', 'Fagaramide', 'Chalepin', 'Chlorogenic acid', '(4R)-4,8-dihydroxy-α-tetralone', 'Kaempferol']]",doi_name
"['10.2174/187152010794728620', 'Odoratone']","['10.2174/187152010794728620', ['guaiol', 'γ-eudesmol', 'Hinesol', 'α-eudesmol', '2,3-dihydro-4,9-dihydroxy-2-(2-hydroxy-propan-2-yl)- 11-methoxy-10-methylfuro[3,2-b]acridin-5(10H)-one', 'Citibrasine', 'bis-5-hydroxyacronycine', '11-O-trans-feruloylteucrein', 'Teucrein', 'Galioside aglicone', 'Galioside', 'Apodanthoside', 'Chlorogenic acid methyl ester, Methyl (1S,3R,4R,5R)-3-{[(2E)-3-(3,4-dihydroxyphenyl)-2-propenoyl]oxy}-1,4,5-trihydroxycyclohexanecarboxylate', '21β,25-dimethylmelianodiol', '21α,25-dimethylmelianodiol', '3,21-Di-epi-feroniellide B', '5-hydroxynoracronycine; Atalaphyllidine', '3,4-dihydro-3,5,8-trihydroxy-6-methoxy-2,2,7-trimethyl-2Hpyrano[ 2,3-a]acridin-12(7H)-one', 'Glycocitrine-IV', 'Citrusinine-II', '1,3,5-trihydroxy- 2,8-bis(3-methylbut-2-enyl)-10-methyl-9-acridone', 'Citrusinine-I', 'Pyranofoline', '1,3,5-trihydroxy-4-methoxy-10-methyl- 2,8-bis(3-methylbut-2-enyl)acridin-9(10H)-one', 'Glycocitrine-I', 'astilbin; Rel-(2R, 3R)-dihydroquercetin-3-O-±-L-rhamnoside', 'Beauvericin', 'Anhydrofusarubin', 'Stearic acid 4-pentoyloxyphenethyl ester', '(-)-3-O-acetyl-spectaline', 'cryptomeridiol', '3,11-dioxoolean-12-en-28- onic acid', 'Piscidinol A', 'Oleanonic acid', 'Pentaol', 'Iso-odoratol', 'Nilocetin', 'Hispidol A', ""Isoswertisin-4'-methyl-ether-2''α-L-rhamnoside"", 'Clusifoliol', 'Sesartemin', ""Isoswertisin-2''α1-L-rhamnoside"", '2-Episesalatin', 'Aphidicolin', '5,7-dimethoxy-2,2-dimethyl-2H-1-benzopyran-6-propanoate', ""3,4-dimethyl-2-(4'-hydroxy-3',5'-dimethoxyphenyl)-5-methoxy-tetrahydrofuran"", 'Taraxerol acetate', '2α,3α,19α- trihydroxyurs-12-en-28-oic acid', 'penduletin 4-O-methyl ether', '3,3-O-dimethylquercetin', 'Chrysoeriol', 'acacetin', '3-O-methylquercetin', 'p-hydroxybenzoic acid', '2α,3α-dihydroxyolean-12- en-28-oic acid', '3,7,4-O-trimethylkaempferol', ""Aduncumene; Methyl 2-methoxy-5-(3'-methyl-1'-oxo-2'-butenyl)benzoate"", ""Methyl taboganate; Methyl 4-hydroxy-3-(3'-methyl-1'-oxo-2'-butenyl)benzoate"", 'Methyl 2,2-dimethyl-1-oxo-2H-1-benzopyran-6-carboxylate', ""2',6'-Dihydroxy-4'-methoxydihydrochalcone"", ""Methyl 4-hydroxy-3-(3'-methyl-2'-butenyl)benzoate"", '3,4,5-Trimethoxydihydrocinnamic acid', ""Methyl 4-hydroxy-3-(3'-methyl-2'-hydroxy-3'-butenyl)benzoate"", 'Piperaduncine B', ""4-Hydroxy-(3',7'-dimethyl-1'-oxo-octa-2'-Z-6'-dienyl)benzoic acid"", ""4-Hydroxy-3-(3',7'-dimethylocta-2'-E-6'-dienyl)benzoic acid"", ""Hostmaniene; 4-Hydroxy-3-(2',3'-dihydroxy-3'-methylbutyl)benzoate"", 'Xanthyletin', 'Secoxyloganin', '7-Methoxydiderroside', 'Diderroside', ""6'-Acetyl-β-D-glucopyranosyldiderroside"", '(+)-11α-Hydroxyerythravine', '(+)-Erythravine', '(+)-α-Hydroxyerysotrine', 'Strictosidine acid', 'Turbinatine', '3,4-dehydrostrictosidine acid', 'Harman-3-carboxylic acid', '3,4-dehydro-strictosidine', 'Cordifoline', '5α-carboxystrictosidine', 'Deoxycordifoline', ""2-(3',4'-methylenedioxyphenylethyl)-Quinoline"", '2-n-Propylquinoline', ""2-(1'-pentenyl)-Quinoline"", '2-n-Pentylquinoline', '4-metoxi-6-[2-(metilamino)fenil]- 2H-piran-2-ona', 'Methyl (3R,4R,5R)-3-{[(2Z)-3-(3,4-dihydroxyphenyl)-2-propenoyl]oxy}-1,4,5-trihydroxycyclohexanecarboxylate', 'Methyl (3R,4R,5R)-3-{[(2E)-3-(3,4-dihydroxyphenyl)-2-propenoyl]oxy}-1,4,5-trihydroxycyclohexanecarboxylate', ""2'-hydroxy-3,4,4'-trimethoxy-5',6'-(2'',2''-dimethylpyrano)-chalcone"", ""3',4'-methylenedioxy-5,6,7- trimethoxyflavone"", ""3',4'-methylenedioxy-5,5',6,7-tetramethoxyflavone"", ""3',4'-methylenedioxy-5,7-dimethoxyflavone"", '9-hydroxyeugenin', 'Mycoleptone A', 'Austdiol', 'Mycoleptone A tetraacetate', 'Mycoleptone B', 'Austdiol diacetate', '6-methoxyeugenin', 'Eugenitin', 'Nitensidine D', 'Nitensidine E', 'cyclo (L)-Pro-Gly', 'Pimara-7,15-dien-3β-ol', 'Ergosterol peroxide', '8-hydroxy-6-methoxy-3-methylisocoumarin', '(22E,24R)-ergosta-4,6,8(14),22-tetraen-3-one', 'Dimethyl terephthalate', ""4-Hydroxy-3-(3',7'-dimethyl-3'-hydroxy-1'-oxo-6'-octenyl)benzoic acid"", ""Sakuranetin; 5,4'-dihydroxy-7-methoxyflavanone"", ""1,4-Dihydroxy-2-(3',7'-dimethyl-1'-oxo-2'-E-6'-octadienyl)benzene"", ""4-Hydroxy-(3',7'-dimethyl-1'-oxo-octa-2'-E-6'-dienyl)benzoic acid"", ""Isosakuranetin; 5,7-dihydroxy-4'-methoxyflavanone"", ""4-Methoxy-3-(3',7'-dimethylocta-2'-E-6'-dienyl)benzoic acid"", ""3-(3',7 '-dimethyl-2',6 '-octadienyl)-4-methoxy-benzoic acid"", 'Methyl-8-hydroxy-2,2-dimethyl-2H-chromene-6-carboxylate', 'Methacrylic acid', 'Nectandrin B', 'Verrucosin', 'Epi-guaiacin', '7-Methyl-sargachromenol; 2,7,8-Trimethyl-2-[(3-E,7-Z)-4,12-dimethyl-8-carboxyl-3,7,11-tridecatrienyl]-3-chromen-6-ol, β-caroteno', 'α-Gardiol', 'β-Gardiol', 'Ferulic acid', 'Isopimpinellin', '1-methoxy-3-hydroxy-3,10b-4,5a-diepoxy-8b-isobutyroyloxygermacr-11(13)-en-6a,12-olide', 'Tagitinin C', '5,7-dimethoxy-2,2-dimethyl-2H-1-benzopyran-6-propanoic acid', ""Rel-(7R,8S,7'S,8'S)-4-hydroxy-4',5'-methylenedioxy-3,5,3'-trimethoxy-7,7'-epoxylignan"", ""Rel-(7R,8S,7'S,8'S)-4',5'-methylenedioxy-3,4,5,3'-tetramethoxy-7,7'-epoxylignan"", ""Rel-(7R,8S,7'S,8'S)-4,5,4',5'-dimethylenedioxy-3,3'-dimethoxy-7,7'-epoxylignan"", ""Rel-(7R,8S,7'S,8'S)-9-hydroxy-4',5'-methylenedioxy-3,4,5,3'-tetramethoxy-7,7'-epoxylignan"", ""Rel-(7R,8S,7'S,8'S)-4'-hydroxy-3,4,5,3',5'-pentamethoxy-7,7'-epoxylignan"", 'β-caryophyllene, trans-caryophyllene', ""3,5,6,7,3',4',5'-heptamethoxyflavonol"", ""3',4',5',3,5,7,8-heptamethoxyflavone"", '(+)-Guaiacin', 'Sargachromenol', ""7,4'-Dihydroxyflavone"", '21´-(3,4-Methylenedioxyphenyl)-henicosanoic acid', 'Sargaquinoic acid', ""7,4'-Dimethoxyflavone"", '17-(3,4-Methylenedioxyphenyl)-heptadecanoic acid', '19´-(3,4-Methylenedioxyphenyl)-nonadecanoic acid', 'Farnisine', 'Tithonine', ""Juruenolic acid; 2-(4'-Methylpentenyl-3)-10-oxoundecan-2,6-dienoic acid"", 'Fasciculiferin', 'Kaempferol-3-O-α-L-rhamnopyranosyl-(1→6)-β-D-galactopyranoside', 'Kaempferol-3-O-rutinoside', 'Catechin, Ent-catechin', 'Procyanidin B-3', '6-Hydroxy-rutin', 'Kaempferol-3-O-α-L-rhamnopyranosyl-(1-6)-α-L-rhamnopyranosyl-(1-4)-β-D-glucopyranoside', 'Kaempferol-3-O-D-glucopyranoside', 'Kaempferol-3-O-D-galactopyranoside', 'Quercetin-3-O-α-L-rhamnopyranosyl-(1→6)-β-D-galactopyranoside', ""N-[3-(6'-methoxy-3',4'-methy-lenedioxyphenyl)-2(Z)-propenoyl]pyrrolidine"", 'Piperine', '4,5-dihydropiperlonguminine; Piperlonguminine', '(Z)-piplartine; 8(Z)-N-(12,13, 14-trimethoxycinnamoyl)- 3-pyridin-2-one', '8,9-dihydropiplartine; N-(12,13,14-trimethoxydihydrocinnamoyl)-Δ3-pyridin-2-one', '4,5-dihydropiperyline', '(E)-piplartine', '10,11-dihydropiperine; Δα,β-dihydropiperine', '(3Z,5Z)-N-isobutyl-8-(30,40-methylenedioxy-phenyl)-heptadienamide', 'Pellitorine', 'Cuspanine; 1-hydroxy-2,3,5,6-tetramethoxy-9-acridone', 'Cusculine; 1,2,3,5,6-pentamethoxy-9-acridone', '2α,3α-Dihydroxy-urs-12-en-28-oic acid', 'Oleanolic acid 3-sophoroside', '3-O-β-D-(6’-methyl)-glucopyranosyl-28-O-β-D-glucopyranosyl-oleanate', 'Haplotusine', 'β-Sitosterol benzoate', '5-hydroxyflavone', '2-phenyl-4H-chromen-4-one', 'Sinapyl 4-O-β-D-glucopyranoside aldehyde', 'Sinapyl 4-O-β-D-glucopyranoside alcohol', 'Liriodenine', 'N-acetylnonaine', '[10]-gingerol', ""2,4-Dihydroxy-6-[(1'E,3'E)-penta-1', 3'-dienyl]-benzaldehyde"", '2-methyl-5-[8(Z)-pentadecenyl]resorcinol', '3β-hydroxy-stigmast-5-en-7-one; 24-β-7-oxositosterol', 'scillascillin', 'Piperol B', '(-)-Hardwickiic acid', ""5-[3''-(β-D-glucopyranosyloxy)propyl]-7-methoxy-2-(3',4'-methylenedioxyphenyl)benzofuran"", '28-O-β-D-glucopyranosyl quinovic acid', '2-Methyl-4-hydroxy-butyl caffeoate', 'N-1,N-2,N-3-Triisopentenylguanidine', 'Dibenzyl trisulphide', 'Maytenin, Tingenone', 'urauchimycin B', ""2-(2'-O-trans-caffeoyl)-C-β-D-glucopyranosyl-1,3,6,7-tetrahydroxyxanthone"", 'Netzahualcoyene', 'Nitensidine A', ""8-hydroxy-3,5,7,3',4',5'-hexamethoxyflavonol"", 'Odoratol', 'Leptomerine', '5-hydroxy-N-methylseverifoline', '19,20-Epoxycytochalasin N', 'ellagic acid 4-O-α-L-rhamnopyranoside; eschweilenol C', 'Mayoside C', 'Ourateacatechin', ""3',4',5',5,7-pentamethoxyflavone"", '2-methyl-5-pentadecylresorcinol', '(−)-Grandisin', '24-methylenecycloartan-3b-ol', 'Ixoside', '2β-Hydroxyzuelanin-6β-cinnamate', 'Cognatine', '5-[8(Z),11(Z)-pentadecadienyl]resorcinol', '(-)-Spectalinine', '1- (5,7-dihydroxy-2,2-dimethylchroman-6-yl)-3-(2,2-dimethylchroman- 6-yl)propan-1-one', 'Canavaline', 'Di-hydrodehydrodiconiferyl alcohol', 'Quercetin', ""2-(2'-O-trans-cinnamoyl)-C-β-D-glucopyranosyl-1,3,6,7-tetrahydroxyxanthone"", 'Kokusaginine', 'Ocotillone', 'des-N-methylnoracronycine', 'Sorbifolin 6-O-β-glucopyranoside', 'Rel-2α-hydroxyzuelanin-6β-benzoate', '2,6-di-O-acetylcasearupestrin D', ""Methyl-2,2-dimethyl-8-(3'-methylbut-2'-enyl)chroman-6-carboxylate"", '2,7-Di-O-acetylcasearupestrin A', 'Nitensidine B', '19,20-Epoxycytochalasin D', 'fumiquinozoline F', 'Kaempferol 3-O-α-L-rhamnopyranosyl (1→6)-O-[β -D-glucopyranosyl (1→3)-O-α-L-rhamnopyranosyl-(1→2)]-O-β -D-glucopyranosyl', '3β-O-[α-L-rhamnopyranosyl-(1→2)-O-β-D-glucopyranosyl-(1→2)-O-β-D-glucopyranosyl]-28-O-β-D-glucopyranoside pomolate', 'Dibenzyl tetrasulphide', '1-methyl-2-n-nonyl-4-quinolone', '5-[8(Z),11(Z),14-pentadecatrienyl]resorcinol', 'Gallic acid; 3,4,5-trihydroxybenzoic acid', 'Homoegonol', '[8]-gingerol', '4-Hydroxymellein', '5-hydroxymellein', 'fraxinellonone', 'Dibenzyl sulphide', '(-) Cis-4-hydroxy-6-deoxyscytalone', 'Plumericin', '(-)-Epigallocatechin', 'Netzahualcoyonol', '1-[3-(3,7-dimethylocta-2,6-dien-1-yl)-2,4,6- trihydroxyphenyl]-3-(4-hydroxyphenyl)propan-1-one', '6α-malonyloxymanoyl oxide', 'Benzylhydroxymethyl sulphide', '1,6-di-O-caffeoyl-β-D-glucopyranoside', '2-methyl-5-[8(Z),11(Z),14-pentadecatrienyl]resorcinol', 'Netzahualcoyondiol', 'Maculosidine', 'Podocarpusflavone A', 'Casearupestrin C', '6α-malonyloxy-n-butyl ester manoyl oxide', 'citrusinine-I', 'Ricinine', 'Leptophyllin A', '5-pentadecylresorcinol', '3,4,5-trimethoxyphenyl 1-O-β-D-apiofuranosyl-(1→6)-O-β-D-glucopyranoside', 'β-photogedunin', 'n-Butyl gallate', ""5-[3''-(β-D-glucopyranosyloxy)propyl]-7-methoxy-2-(3',4'-dimethoxyphenyl)benzofuran"", '3,12-Dihydroxycadalene', '7-hydroxy-3- (11-dimethylallyl)-8-methoxycoumarin', ""N-[7-(3',4'-methylenedioxyphenyl)-2(Z),4(Z)-heptadienoyl]pyrrolidine"", ""Acteoside; [β-3,4-dihydroxyphenyl)-ethyl]-(3'-O-α-L-rhamnopyranosyl)-(4'-O-cafeoyl)-β-D-glycopyranoside, verbascoside"", '20-hydroxyecdysone; polypodine A', '3-Acetyl aleuritolic acid', ""2',5-dihydroxy-3-methoxy-8-dimethylallyl-6, 7-(2' ',2''-dimethylpyrano)-dihydroflavonol"", '2-n-nonyl-4-quinolone', 'Cytochalasin D', 'Isoorientin', 'urauchimycin A', 'p-Coumaric acid', '22β-hydroxypristimerin', 'Alkenoic acid', 'Quercetin 3-O-α-L-rhamnopyranosyl (1→6)-O-[β -D-glucopyranosyl (1→3)-O-α-L-rhamnopyranosyl-(1→2)]-O-β -D-glucopyranosyl', 'Heveaflavone', 'Arboreumine', '3-Oxoursolic acid', 'Casearupestrin B', 'toonacilin', 'Uracil', '1-O-(E)-feruloyl-β-D-glucopyranoside', '19,20-Epoxycytochalasin C', 'n-Pentyl gallate', 'Orcinol', 'Periconicin B', 'Phomopsilactone', 'Pristimerin; 20α-3-hydroxy-2-oxo-24-nor-friedela-1-10,3,5,7-tetraen-carboxylic acid-29-methylester', 'limonexic acid', 'Pedalitin', 'Casearin X Dialdehyde; (2R*,4aS*,5S*,7R*,8R*,8aS*)-4,4a-Diformyl-1,2,4a,5,6,7,8,8a-octahydro-5-hydroxy-7,8-dimethyl-8-[(2Z)-3-methylpenta-2,4-dien-1-yl]naphthalen-2-yl Butanoate', 'polypodine B', 'n-Propyl gallate', ""3',4',5',5,7,8-hexamethoxyflavone"", 'Isopropyl gallate', '6β-hydroxy-7-epigardoside methyl ester', 'Tetrahydropiperyline, N-[10-(13,14-methylenedioxyphenyl)-pentanoyl]-pyrrolidine', 'Piperovatine', '2,4,6-trimethoxybenzoic acid', '1-O-(E)-caffeoyl-β-D-glucopyranoside', 'Quercitrin, 3-O-α-rhamnosylquercetin', 'Caseobliquin A', 'Methyl angolensate', ""5-(3'' -Hydroxypropyl)-7-methoxy-2-(3',4' -methyl-enedioxyphenyl)benzofuran"", 'Di(benzyltrithio) methane', '3,11,12-Trihydroxycadalene', 'Quercetin 3-O-sophoroside', '(3R,4R)-3,4-Dihydro-4,6-dihydroxy-3-methyl-1-oxo-1H-isochromene-5-carboxylic acid', ""(2S)-8-Isopentyl-2-methyl-2-(4'-methylpentyl)chroman-6-carboxylic acid"", '2,2-dimethyl-2H-chromene-6-carboxylic acid', '1,2-dihydro- 3β-hydroxy-7-deacetoxy-7-oxogedunin', 'Photogedunin', 'Casearin X; (1R*,3S*,5S*,6aR*,7S*,8S*,10R*,10aR*)-1-(Acetyloxy)-3,5,6,6a,7,8,9,10-octahydro-10-hydroxy-7,8-dimethyl-7-[(2Z)-3-methylpenta-2,4-dien-1-yl]naphtho[1,8a-c]furan-3,5-diyl Dibutanoate', ""2-(R)-Methyl-6-(S)-(tetradecyl-13'-one)-3(R)-O-tert-butyldimethylsilyl-piperidine"", '(2S)-Methyl-2-methyl-8-(3""-methylbut-2""-enyl)-2-(4\'-methylpent-3\'-enyl)-2H-chromene-6-carboxylate', 'Casearin T', 'Piperyline, N-[10-(13,14-methylenedioxyphenyl)-7(E),9(E)-pentadienoyl]-pyrrolidine', 'ω-fenil alcanoic acid', '2-butyl-D-fructofuranoside', ""Gaudichaudianic acid; (2S)-2-methyl-2-(4'methyl-3'-pentenyl)-8-(3''-methyl-2-butenyl)- 2H-1-benzopyran-6-carboxylic acid"", 'Kaempferitrin', 'Nitensidine C', 'Dipropyl disulphide', '2-methyl-5-[8(Z),11(Z)-pentadecadienyl]resorcinol', 'Methyl 6,7,8-trimethoxydihydrocinnamate', '2-Hexyl-3-methyl-butanodioic acid', 'fraxinellone', 'Skimmianine', 'p-hydroxybenzoic acid-geranyl ester', 'Dibenzyl disulphide', 'Proanthocyanidin', 'neoisoastilbin', '(R)-7-Hydroxymellein', '6α-acetoxymanoyl oxide', 'Methyl-8-hydroxy-2,2-dimethylchroman-6-carboxylate', '6α-acetoxy-14β,15β-epoxyazadirone', '19,20-Epoxycytochalasin R', 'Muraxanthone', 'Odoratone', 'Rel-6β-hydroxyzuelanin-2β-benzoate', 'shidasterone', '5-hydroxymethyl- 2-furancarboxaldehyde; 5-hydroxymethyl-2-furfuraldehyde', 'atalaphyllinine', '24-methylene-3,22-dihydroxycholesterol', 'amorphispironone', 'Casearupestrin D', 'Chaetoglobosin B', ""2-(2'-O-benzoyl)-C-β-D-glucopyranosyl-1,3,6,7-tetrahydroxyxanthone"", 'Isoplumericin', 'α-L-xylopyranosyl-(4""→20)-(3-O-β-D-glucopyranosyl)-1\'-O-E-caffeoyl-β-D-glucopyranoside', 'epoxy-fraxinellone', '12′-hydroxy-7′-multijuguinone', 'Caseargrewiin F; (1R*,3S*,5S*,6aR*,7S*,8R*,10R*,10aR*)-1,3-Bis(acetyloxy)-3,5,6,6a,7,8,9,10-octahydro-10-hydroxy-7,8-dimethyl-7-[(2Z)-3-methylpenta-2,4-dien-1-yl]naphtho[1,8a-c]furan-5-yl Butanoate', 'Casearin L; (1R*,3S*,5S*,6aR*,7R*,8R*,9S*,10S*,10aR*)-1,10-Bis(acetyloxy)-3,5,6,6a,7,8,9,10-octahydro-9-hydroxy-5-methoxy-7,8-dimethyl-7-[(2Z)-3-methylpenta-2,4-dien-1-yl]naphtho[1,8a-c]-furan-3-yl Butanoate', 'Platydesmine', 'Leiokinine A', 'Cabraleadiol', 'schaftoside', ""(2S)-Methyl-8-isopentyl-2-methyl-2-(4'-methylpentyl)chroman-6-carboxylate"", '3,4,5-Triacetoxybenzoic acid', '6-[ 8(Z),11(Z) -pentadecadienyl] salicylic acid', '6-[8(Z)-pentadecenyl]salicylic acid', '(2S)-2-methyl-8-(3""-methylbut-2""-enyl)-2-(4\'-methylpent-3\'-enyl)-2H-chromene-6-carboxylic acid', 'Burchellin', '5-[8(Z)-pentadecenyl]resorcinol', 'Luteolin; 2-(3,4-dihydroxyphenyl)-5,7-dihydroxy-4H-chromen-4-one', 'Sinapic acid', '19,20-Epoxycytochalasin Q', 'Casearin S', '11β-acetoxyobacunone', '1-(5,7-dihydroxy-2,2-dimethylchroman- 6-yl)-3-[4-hydroxy-3-(3-methylbut-2-en-1-yl)- phenyl]propan-1-one', '(3R,4R)-4,7-Dihydroxymellein', ""Nitensoside B; Pedalitin 6-O-α-rhamnopyranosyl(1'''→6'')-β-glucopyranoside"", 'Amentoflavone', 'Methyl gallate', '3-O-β-D-quinovopyranosyl cincholic acid', 'Afzelin, 3-O-α-rhamnosyl kaempferol', 'Egonol', 'N-[10- (13,14-methylenedioxyphenyl)-7(E)-pentaenoyl]-pyrrolidine', '2-Methyl-5-methoxy-benzopyran-4-one', '3,4-dihydroxybenzoic acid geranyl ester', 'N-[10-(13,14-methylenedioxyphenyl)-7(E),9(Z)-pentadienoyl]-pyrrolidine', 'Gedunin', 'Pedalin, pedalitin 6-O-β -glucopyranoside', 'Syringic acid', '(+)-3-O-feruloylcassine', '1-(5,7-dihydroxy-2,2-dimethylchroman-6-yl)-3-(1,1,4a-trimethyl-2,3,4,4a,9a-hexahydro-1H-xanthen-7-yl)propan-1-one', 'Methyl (E)-6,7,8-trimethoxycinnamate', '3,4,5-Trimethoxyphenyl-1-O-β-D-(5-O-syringoyl)-apiofuranosyl-(1→6)-β-D-glucopyranoside', '6-[8(Z),11(Z),14-pentadecatrienyl]salicylic acid', 'Sorbifolin', ""Nitensoside A; Sorbifolin 6-O-α-rhamnopyranosyl(1'''→6'')-β-glucopyranoside"", 'Casearin O; (1R*,3S*,5S*,6aR*,7R*,8R*,9S*,10S*,10aR*)-1,10-Bis(acetyloxy)-5-methoxy-7,8-dimethyl-7-[(2Z)-3-methylpenta-2,4-dien-1-yl]-3,5,6,6a,7,8,9,10-octahydronaphtho[1,8a-c]furan-3,9-diyl Dibutanoate', 'germacrene D', '6-pentadecylsalicylic acid', 'Casearupestrin A', '2-oxo-piperol B; (7S*, 8R*, 1R*, 3R*)-3,4,5-trimethoxy-3,7-cyclo-8,1-neolig-8-ene-2,4(3H)-dione', 'taxifolin', ""(2'S)-2-(propan-2'-ol)-5-hydroxy-benzopyran-4-one"", 'Rel-(+)-(7S,9R,10S)-3,9,12-trihydroxycalamenene', ""Myrsinoic acid A, 3-Geranyl-4-hydroxy-5-(3'',3''-dimethylallyl)benzoic acid"", '20α-Hydroxymaytenin; 20-hydroxy-20-epi-tingenone', '(-)-Epigallocatechin-3-O-gallate', 'Casearin D; (1R*,3S*,5S*,6aR*,7R*,8R*,9S*,10S*,10aR*)-1-(Acetyloxy)-3,5,6,6a,7,8,9,10-octahydro-5,10-dihydroxy-7,8-dimethyl-7-[(2Z)-3-methylpenta-2,4-dien-1-yl]naphtho[1,8a-c]furan-3,9-diyl Dibutanoate', 'Rel. (+)-(7S,10S) 3,12-dihydroxycalamenene', 'carlinoside', 'Methyl-8-(ethanoyloxy)-2,2-dimethyl-2H-chromene-6-carboxylate', 'arjunolic acid', 'stachysterone', 'Ethyl 2,4-dihydroxy-5,6-dimethylbenzoate', 'Amentoflavone 7”,4”’-dimethyl ether', 'Picramnioside F', 'Lauryl gallate', 'Syringaldehyde', '4-Nerolidilcatechol', ""2-(2'-O-transcoumaroyl)-C-β-D-glucopyranosyl-1,3,6,7-tetrahydroxyxanthone"", '22-hydroxytirucalla-7,24-diene-2,3-dione', 'Trans-3’-methylsulphonylallyl trans-cinnamate', '(3-(2-(4-hydroxyphenyl)-2-oxoethyl)-5,6-dihydropyridin- 2(1H)-one)', 'Mangiferin', 'Salacin', 'Viburgenin', ""Pterogynoside; Kaempferol-3-O-(3''-O-4'''-methylgallate-α-L-rhamnoside)"", 'Isobutyl gallate', '7′-multijuguinone', 'Griseofulvin', ""7-Hydroxy-4',6-dimethoxyisoflavone; Afrormosin; Afromosin"", '8-methoxymellein', '(±)-Syringaresinol', 'Cyclo-(L-Pro-L-Val)', 'Acetonide of odoratol', 'Methyl-2,2-dimethylchroman-6-carboxylate', 'Fagaramide', 'Chalepin', 'Chlorogenic acid', '(4R)-4,8-dihydroxy-α-tetralone', 'Kaempferol', '3-O-β-D-quinovopyranosyl quinovic acid', '2-hydroxyphenylacetic acid']]",doi_name
"['10.1016/S0031-9422(01)00431-9', 'Arboreumine']","['10.1016/S0031-9422(01)00431-9', ['guaiol', 'γ-eudesmol', 'Hinesol', 'α-eudesmol', 'Galioside aglicone', '11-O-trans-feruloylteucrein', 'Teucrein', 'Apodanthoside', 'Galioside', '4-metoxi-6-[2-(metilamino)fenil]- 2H-piran-2-ona', ""3,4-dimethyl-2-(4'-hydroxy-3',5'-dimethoxyphenyl)-5-methoxy-tetrahydrofuran"", 'Anhydrofusarubin', 'Beauvericin', '(+)-11α-Hydroxyerythravine', '(+)-Erythravine', '(+)-α-Hydroxyerysotrine', 'Tagitinin C', '1-methoxy-3-hydroxy-3,10b-4,5a-diepoxy-8b-isobutyroyloxygermacr-11(13)-en-6a,12-olide', 'Taraxerol acetate', ""3',4',5',3,5,7,8-heptamethoxyflavone"", ""3,5,6,7,3',4',5'-heptamethoxyflavonol"", 'Chlorogenic acid methyl ester, Methyl (1S,3R,4R,5R)-3-{[(2E)-3-(3,4-dihydroxyphenyl)-2-propenoyl]oxy}-1,4,5-trihydroxycyclohexanecarboxylate', 'Nitensidine D', 'Nitensidine E', 'Kaempferol-3-O-D-galactopyranoside', 'Procyanidin B-3', 'Kaempferol-3-O-α-L-rhamnopyranosyl-(1-6)-α-L-rhamnopyranosyl-(1-4)-β-D-glucopyranoside', 'Kaempferol-3-O-D-glucopyranoside', 'Quercetin-3-O-α-L-rhamnopyranosyl-(1→6)-β-D-galactopyranoside', '6-Hydroxy-rutin', 'Kaempferol-3-O-α-L-rhamnopyranosyl-(1→6)-β-D-galactopyranoside', 'Kaempferol-3-O-rutinoside', 'Catechin, Ent-catechin', 'Methyl (3R,4R,5R)-3-{[(2Z)-3-(3,4-dihydroxyphenyl)-2-propenoyl]oxy}-1,4,5-trihydroxycyclohexanecarboxylate', 'Methyl (3R,4R,5R)-3-{[(2E)-3-(3,4-dihydroxyphenyl)-2-propenoyl]oxy}-1,4,5-trihydroxycyclohexanecarboxylate', '5,7-dimethoxy-2,2-dimethyl-2H-1-benzopyran-6-propanoate', 'Mycoleptone A', '9-hydroxyeugenin', 'Austdiol diacetate', 'Mycoleptone B', 'Austdiol', 'Eugenitin', 'Mycoleptone A tetraacetate', '6-methoxyeugenin', '(-)-3-O-acetyl-spectaline', '2α,3α,19α- trihydroxyurs-12-en-28-oic acid', '3,3-O-dimethylquercetin', 'penduletin 4-O-methyl ether', 'p-hydroxybenzoic acid', 'Chrysoeriol', 'acacetin', '3-O-methylquercetin', '3,7,4-O-trimethylkaempferol', '2α,3α-dihydroxyolean-12- en-28-oic acid', 'Deoxycordifoline', 'Turbinatine', '5α-carboxystrictosidine', 'Harman-3-carboxylic acid', 'Cordifoline', 'Strictosidine acid', '3,4-dehydrostrictosidine acid', '3,4-dehydro-strictosidine', 'astilbin; Rel-(2R, 3R)-dihydroquercetin-3-O-±-L-rhamnoside', 'Pimara-7,15-dien-3β-ol', 'Ergosterol peroxide', '(22E,24R)-ergosta-4,6,8(14),22-tetraen-3-one', 'Dimethyl terephthalate', '8-hydroxy-6-methoxy-3-methylisocoumarin', ""4-Hydroxy-3-(3',7'-dimethyl-3'-hydroxy-1'-oxo-6'-octenyl)benzoic acid"", ""Isosakuranetin; 5,7-dihydroxy-4'-methoxyflavanone"", ""Sakuranetin; 5,4'-dihydroxy-7-methoxyflavanone"", ""4-Hydroxy-(3',7'-dimethyl-1'-oxo-octa-2'-E-6'-dienyl)benzoic acid"", ""1,4-Dihydroxy-2-(3',7'-dimethyl-1'-oxo-2'-E-6'-octadienyl)benzene"", '5,7-dimethoxy-2,2-dimethyl-2H-1-benzopyran-6-propanoic acid', '17-(3,4-Methylenedioxyphenyl)-heptadecanoic acid', 'Farnisine', 'Sargaquinoic acid', 'Sargachromenol', '19´-(3,4-Methylenedioxyphenyl)-nonadecanoic acid', ""7,4'-Dihydroxyflavone"", '21´-(3,4-Methylenedioxyphenyl)-henicosanoic acid', '(+)-Guaiacin', ""7,4'-Dimethoxyflavone"", 'Fasciculiferin', 'Tithonine', ""Juruenolic acid; 2-(4'-Methylpentenyl-3)-10-oxoundecan-2,6-dienoic acid"", ""Isoswertisin-4'-methyl-ether-2''α-L-rhamnoside"", 'Clusifoliol', ""Isoswertisin-2''α1-L-rhamnoside"", '2-Episesalatin', 'Sesartemin', '2-n-Propylquinoline', ""2-(3',4'-methylenedioxyphenylethyl)-Quinoline"", ""2-(1'-pentenyl)-Quinoline"", '2-n-Pentylquinoline', ""3',4'-methylenedioxy-5,6,7- trimethoxyflavone"", ""3',4'-methylenedioxy-5,5',6,7-tetramethoxyflavone"", ""2'-hydroxy-3,4,4'-trimethoxy-5',6'-(2'',2''-dimethylpyrano)-chalcone"", ""3',4'-methylenedioxy-5,7-dimethoxyflavone"", '3,21-Di-epi-feroniellide B', '21β,25-dimethylmelianodiol', '21α,25-dimethylmelianodiol', 'Aphidicolin', 'Nilocetin', 'Hispidol A', '3,11-dioxoolean-12-en-28- onic acid', 'Iso-odoratol', 'Pentaol', 'Oleanonic acid', 'cryptomeridiol', 'Piscidinol A', ""Methyl 4-hydroxy-3-(3'-methyl-2'-butenyl)benzoate"", '3,4,5-Trimethoxydihydrocinnamic acid', ""Methyl taboganate; Methyl 4-hydroxy-3-(3'-methyl-1'-oxo-2'-butenyl)benzoate"", ""2',6'-Dihydroxy-4'-methoxydihydrochalcone"", 'Methyl 2,2-dimethyl-1-oxo-2H-1-benzopyran-6-carboxylate', 'Piperaduncine B', ""Hostmaniene; 4-Hydroxy-3-(2',3'-dihydroxy-3'-methylbutyl)benzoate"", ""4-Hydroxy-3-(3',7'-dimethylocta-2'-E-6'-dienyl)benzoic acid"", ""4-Hydroxy-(3',7'-dimethyl-1'-oxo-octa-2'-Z-6'-dienyl)benzoic acid"", ""Aduncumene; Methyl 2-methoxy-5-(3'-methyl-1'-oxo-2'-butenyl)benzoate"", ""Methyl 4-hydroxy-3-(3'-methyl-2'-hydroxy-3'-butenyl)benzoate"", '7-Methoxydiderroside', 'Diderroside', ""6'-Acetyl-β-D-glucopyranosyldiderroside"", 'Secoxyloganin', '2,3-dihydro-4,9-dihydroxy-2-(2-hydroxy-propan-2-yl)- 11-methoxy-10-methylfuro[3,2-b]acridin-5(10H)-one', 'bis-5-hydroxyacronycine', 'Citibrasine', ""Rel-(7R,8S,7'S,8'S)-4'-hydroxy-3,4,5,3',5'-pentamethoxy-7,7'-epoxylignan"", ""Rel-(7R,8S,7'S,8'S)-4,5,4',5'-dimethylenedioxy-3,3'-dimethoxy-7,7'-epoxylignan"", ""Rel-(7R,8S,7'S,8'S)-4-hydroxy-4',5'-methylenedioxy-3,5,3'-trimethoxy-7,7'-epoxylignan"", ""Rel-(7R,8S,7'S,8'S)-4',5'-methylenedioxy-3,4,5,3'-tetramethoxy-7,7'-epoxylignan"", ""Rel-(7R,8S,7'S,8'S)-9-hydroxy-4',5'-methylenedioxy-3,4,5,3'-tetramethoxy-7,7'-epoxylignan"", '3,4-dihydro-3,5,8-trihydroxy-6-methoxy-2,2,7-trimethyl-2Hpyrano[ 2,3-a]acridin-12(7H)-one', '1,3,5-trihydroxy- 2,8-bis(3-methylbut-2-enyl)-10-methyl-9-acridone', 'Pyranofoline', '5-hydroxynoracronycine; Atalaphyllidine', 'Glycocitrine-IV', 'Citrusinine-I', 'Glycocitrine-I', 'Citrusinine-II', '1,3,5-trihydroxy-4-methoxy-10-methyl- 2,8-bis(3-methylbut-2-enyl)acridin-9(10H)-one', 'Stearic acid 4-pentoyloxyphenethyl ester', 'Verrucosin', 'Epi-guaiacin', 'Nectandrin B', '7-Methyl-sargachromenol; 2,7,8-Trimethyl-2-[(3-E,7-Z)-4,12-dimethyl-8-carboxyl-3,7,11-tridecatrienyl]-3-chromen-6-ol, β-caroteno', 'α-Gardiol', 'β-Gardiol', 'Ferulic acid', 'Methacrylic acid', 'Xanthyletin', 'Pellitorine', '(3Z,5Z)-N-isobutyl-8-(30,40-methylenedioxy-phenyl)-heptadienamide', '(Z)-piplartine; 8(Z)-N-(12,13, 14-trimethoxycinnamoyl)- 3-pyridin-2-one', ""N-[3-(6'-methoxy-3',4'-methy-lenedioxyphenyl)-2(Z)-propenoyl]pyrrolidine"", '4,5-dihydropiperyline', 'Piperine', '4,5-dihydropiperlonguminine; Piperlonguminine', '(E)-piplartine', '10,11-dihydropiperine; Δα,β-dihydropiperine', '8,9-dihydropiplartine; N-(12,13,14-trimethoxydihydrocinnamoyl)-Δ3-pyridin-2-one', ""4-Methoxy-3-(3',7'-dimethylocta-2'-E-6'-dienyl)benzoic acid"", 'Methyl-8-hydroxy-2,2-dimethyl-2H-chromene-6-carboxylate', ""3-(3',7 '-dimethyl-2',6 '-octadienyl)-4-methoxy-benzoic acid"", 'cyclo (L)-Pro-Gly', 'Isopimpinellin', 'β-caryophyllene, trans-caryophyllene', 'Cusculine; 1,2,3,5,6-pentamethoxy-9-acridone', 'Cuspanine; 1-hydroxy-2,3,5,6-tetramethoxy-9-acridone', '2α,3α-Dihydroxy-urs-12-en-28-oic acid', '3-O-β-D-(6’-methyl)-glucopyranosyl-28-O-β-D-glucopyranosyl-oleanate', 'Oleanolic acid 3-sophoroside', 'Haplotusine', '5-hydroxyflavone', 'β-Sitosterol benzoate', '2-phenyl-4H-chromen-4-one', 'Sinapyl 4-O-β-D-glucopyranoside aldehyde', 'N-acetylnonaine', 'Sinapyl 4-O-β-D-glucopyranoside alcohol', 'Liriodenine', '[10]-gingerol', ""2,4-Dihydroxy-6-[(1'E,3'E)-penta-1', 3'-dienyl]-benzaldehyde"", '2-methyl-5-[8(Z)-pentadecenyl]resorcinol', 'Nitensidine A', '2-hydroxyphenylacetic acid', '2-methyl-5-pentadecylresorcinol', '3β-hydroxy-stigmast-5-en-7-one; 24-β-7-oxositosterol', 'scillascillin', 'Homoegonol', '[8]-gingerol', '4-Hydroxymellein', '5-hydroxymellein', 'fraxinellonone', 'Dibenzyl sulphide', '(-) Cis-4-hydroxy-6-deoxyscytalone', 'Plumericin', '2,6-di-O-acetylcasearupestrin D', ""Methyl-2,2-dimethyl-8-(3'-methylbut-2'-enyl)chroman-6-carboxylate"", '2,7-Di-O-acetylcasearupestrin A', 'Nitensidine B', '3-O-β-D-quinovopyranosyl quinovic acid', ""8-hydroxy-3,5,7,3',4',5'-hexamethoxyflavonol"", 'Odoratol', 'Leptomerine', '5-hydroxy-N-methylseverifoline', '19,20-Epoxycytochalasin N', 'ellagic acid 4-O-α-L-rhamnopyranoside; eschweilenol C', 'Mayoside C', 'Ourateacatechin', ""3',4',5',5,7-pentamethoxyflavone"", '24-methylenecycloartan-3b-ol', 'Ixoside', '6α-malonyloxy-n-butyl ester manoyl oxide', 'citrusinine-I', 'Ricinine', 'Leptophyllin A', '5-pentadecylresorcinol', '22β-hydroxypristimerin', '1- (5,7-dihydroxy-2,2-dimethylchroman-6-yl)-3-(2,2-dimethylchroman- 6-yl)propan-1-one', 'Canavaline', 'Di-hydrodehydrodiconiferyl alcohol', 'Quercetin', ""2-(2'-O-trans-cinnamoyl)-C-β-D-glucopyranosyl-1,3,6,7-tetrahydroxyxanthone"", 'Kokusaginine', 'Ocotillone', 'des-N-methylnoracronycine', 'Sorbifolin 6-O-β-glucopyranoside', 'Rel-2α-hydroxyzuelanin-6β-benzoate', 'p-hydroxybenzoic acid-geranyl ester', 'Dibenzyl disulphide', 'Proanthocyanidin', 'neoisoastilbin', '(R)-7-Hydroxymellein', '6α-acetoxymanoyl oxide', 'Methyl-8-hydroxy-2,2-dimethylchroman-6-carboxylate', '6α-acetoxy-14β,15β-epoxyazadirone', '19,20-Epoxycytochalasin D', 'fumiquinozoline F', '1-methyl-2-n-nonyl-4-quinolone', '5-[8(Z),11(Z),14-pentadecatrienyl]resorcinol', 'Gallic acid; 3,4,5-trihydroxybenzoic acid', 'Maculosidine', 'Podocarpusflavone A', 'Casearupestrin C', 'urauchimycin A', 'p-Coumaric acid', '(-)-Epigallocatechin', 'Netzahualcoyonol', '1-[3-(3,7-dimethylocta-2,6-dien-1-yl)-2,4,6- trihydroxyphenyl]-3-(4-hydroxyphenyl)propan-1-one', 'Isopropyl gallate', '6β-hydroxy-7-epigardoside methyl ester', 'Tetrahydropiperyline, N-[10-(13,14-methylenedioxyphenyl)-pentanoyl]-pyrrolidine', 'Piperovatine', '2,4,6-trimethoxybenzoic acid', '1-O-(E)-caffeoyl-β-D-glucopyranoside', 'Quercitrin, 3-O-α-rhamnosylquercetin', 'Caseobliquin A', 'Methyl angolensate', ""5-(3'' -Hydroxypropyl)-7-methoxy-2-(3',4' -methyl-enedioxyphenyl)benzofuran"", 'Skimmianine', '2-methyl-5-[8(Z),11(Z),14-pentadecatrienyl]resorcinol', '20-hydroxyecdysone; polypodine A', '3-Acetyl aleuritolic acid', 'Alkenoic acid', 'Quercetin 3-O-α-L-rhamnopyranosyl (1→6)-O-[β -D-glucopyranosyl (1→3)-O-α-L-rhamnopyranosyl-(1→2)]-O-β -D-glucopyranosyl', 'Heveaflavone', 'Arboreumine', '3-Oxoursolic acid', 'Casearupestrin B', 'Kaempferol 3-O-α-L-rhamnopyranosyl (1→6)-O-[β -D-glucopyranosyl (1→3)-O-α-L-rhamnopyranosyl-(1→2)]-O-β -D-glucopyranosyl', '3β-O-[α-L-rhamnopyranosyl-(1→2)-O-β-D-glucopyranosyl-(1→2)-O-β-D-glucopyranosyl]-28-O-β-D-glucopyranoside pomolate', 'Dibenzyl tetrasulphide', ""2',5-dihydroxy-3-methoxy-8-dimethylallyl-6, 7-(2' ',2''-dimethylpyrano)-dihydroflavonol"", '2-n-nonyl-4-quinolone', 'Cytochalasin D', 'Isoorientin', 'toonacilin', 'Uracil', 'epoxy-fraxinellone', '12′-hydroxy-7′-multijuguinone', 'Kaempferitrin', 'Nitensidine C', 'Dipropyl disulphide', '2-methyl-5-[8(Z),11(Z)-pentadecadienyl]resorcinol', 'Methyl 6,7,8-trimethoxydihydrocinnamate', '2-Hexyl-3-methyl-butanodioic acid', 'fraxinellone', '6-[ 8(Z),11(Z) -pentadecadienyl] salicylic acid', '1-O-(E)-feruloyl-β-D-glucopyranoside', '6α-malonyloxymanoyl oxide', 'Benzylhydroxymethyl sulphide', '1,6-di-O-caffeoyl-β-D-glucopyranoside', 'Casearin X; (1R*,3S*,5S*,6aR*,7S*,8S*,10R*,10aR*)-1-(Acetyloxy)-3,5,6,6a,7,8,9,10-octahydro-10-hydroxy-7,8-dimethyl-7-[(2Z)-3-methylpenta-2,4-dien-1-yl]naphtho[1,8a-c]furan-3,5-diyl Dibutanoate', ""2-(R)-Methyl-6-(S)-(tetradecyl-13'-one)-3(R)-O-tert-butyldimethylsilyl-piperidine"", '(2S)-Methyl-2-methyl-8-(3""-methylbut-2""-enyl)-2-(4\'-methylpent-3\'-enyl)-2H-chromene-6-carboxylate', 'Casearin T', '28-O-β-D-glucopyranosyl quinovic acid', '2-Methyl-4-hydroxy-butyl caffeoate', 'N-1,N-2,N-3-Triisopentenylguanidine', 'Dibenzyl trisulphide', 'Maytenin, Tingenone', 'urauchimycin B', ""2-(2'-O-trans-caffeoyl)-C-β-D-glucopyranosyl-1,3,6,7-tetrahydroxyxanthone"", 'Netzahualcoyene', 'Casearin X Dialdehyde; (2R*,4aS*,5S*,7R*,8R*,8aS*)-4,4a-Diformyl-1,2,4a,5,6,7,8,8a-octahydro-5-hydroxy-7,8-dimethyl-8-[(2Z)-3-methylpenta-2,4-dien-1-yl]naphthalen-2-yl Butanoate', 'polypodine B', 'n-Propyl gallate', ""3',4',5',5,7,8-hexamethoxyflavone"", 'Quercetin 3-O-sophoroside', '(3R,4R)-3,4-Dihydro-4,6-dihydroxy-3-methyl-1-oxo-1H-isochromene-5-carboxylic acid', '24-methylene-3,22-dihydroxycholesterol', 'amorphispironone', 'Casearupestrin D', 'Chaetoglobosin B', ""2-(2'-O-benzoyl)-C-β-D-glucopyranosyl-1,3,6,7-tetrahydroxyxanthone"", '19,20-Epoxycytochalasin C', 'n-Pentyl gallate', 'Orcinol', 'Periconicin B', 'Phomopsilactone', ""(2S)-8-Isopentyl-2-methyl-2-(4'-methylpentyl)chroman-6-carboxylic acid"", '2,2-dimethyl-2H-chromene-6-carboxylic acid', '1,2-dihydro- 3β-hydroxy-7-deacetoxy-7-oxogedunin', 'Photogedunin', '(2S)-2-methyl-8-(3""-methylbut-2""-enyl)-2-(4\'-methylpent-3\'-enyl)-2H-chromene-6-carboxylic acid', 'Burchellin', '5-[8(Z)-pentadecenyl]resorcinol', 'Luteolin; 2-(3,4-dihydroxyphenyl)-5,7-dihydroxy-4H-chromen-4-one', 'Sinapic acid', '19,20-Epoxycytochalasin Q', '19,20-Epoxycytochalasin R', 'Muraxanthone', 'Piperyline, N-[10-(13,14-methylenedioxyphenyl)-7(E),9(E)-pentadienoyl]-pyrrolidine', 'ω-fenil alcanoic acid', '2-butyl-D-fructofuranoside', ""Gaudichaudianic acid; (2S)-2-methyl-2-(4'methyl-3'-pentenyl)-8-(3''-methyl-2-butenyl)- 2H-1-benzopyran-6-carboxylic acid"", 'limonexic acid', 'Pedalitin', 'Di(benzyltrithio) methane', '3,11,12-Trihydroxycadalene', 'Casearupestrin A', '2-oxo-piperol B; (7S*, 8R*, 1R*, 3R*)-3,4,5-trimethoxy-3,7-cyclo-8,1-neolig-8-ene-2,4(3H)-dione', 'taxifolin', ""(2'S)-2-(propan-2'-ol)-5-hydroxy-benzopyran-4-one"", 'Rel-(+)-(7S,9R,10S)-3,9,12-trihydroxycalamenene', 'Casearin S', '11β-acetoxyobacunone', '1-(5,7-dihydroxy-2,2-dimethylchroman- 6-yl)-3-[4-hydroxy-3-(3-methylbut-2-en-1-yl)- phenyl]propan-1-one', '(3R,4R)-4,7-Dihydroxymellein', ""Nitensoside B; Pedalitin 6-O-α-rhamnopyranosyl(1'''→6'')-β-glucopyranoside"", 'Amentoflavone', 'Odoratone', 'Rel-6β-hydroxyzuelanin-2β-benzoate', 'Isoplumericin', 'α-L-xylopyranosyl-(4""→20)-(3-O-β-D-glucopyranosyl)-1\'-O-E-caffeoyl-β-D-glucopyranoside', '6-[8(Z)-pentadecenyl]salicylic acid', 'Pedalin, pedalitin 6-O-β -glucopyranoside', 'Caseargrewiin F; (1R*,3S*,5S*,6aR*,7S*,8R*,10R*,10aR*)-1,3-Bis(acetyloxy)-3,5,6,6a,7,8,9,10-octahydro-10-hydroxy-7,8-dimethyl-7-[(2Z)-3-methylpenta-2,4-dien-1-yl]naphtho[1,8a-c]furan-5-yl Butanoate', 'Casearin L; (1R*,3S*,5S*,6aR*,7R*,8R*,9S*,10S*,10aR*)-1,10-Bis(acetyloxy)-3,5,6,6a,7,8,9,10-octahydro-9-hydroxy-5-methoxy-7,8-dimethyl-7-[(2Z)-3-methylpenta-2,4-dien-1-yl]naphtho[1,8a-c]-furan-3-yl Butanoate', 'Netzahualcoyondiol', 'Pristimerin; 20α-3-hydroxy-2-oxo-24-nor-friedela-1-10,3,5,7-tetraen-carboxylic acid-29-methylester', '3,4,5-trimethoxyphenyl 1-O-β-D-apiofuranosyl-(1→6)-O-β-D-glucopyranoside', 'β-photogedunin', 'n-Butyl gallate', ""5-[3''-(β-D-glucopyranosyloxy)propyl]-7-methoxy-2-(3',4'-dimethoxyphenyl)benzofuran"", '3,12-Dihydroxycadalene', '7-hydroxy-3- (11-dimethylallyl)-8-methoxycoumarin', ""N-[7-(3',4'-methylenedioxyphenyl)-2(Z),4(Z)-heptadienoyl]pyrrolidine"", ""Acteoside; [β-3,4-dihydroxyphenyl)-ethyl]-(3'-O-α-L-rhamnopyranosyl)-(4'-O-cafeoyl)-β-D-glycopyranoside, verbascoside"", 'Piperol B', '(-)-Hardwickiic acid', ""5-[3''-(β-D-glucopyranosyloxy)propyl]-7-methoxy-2-(3',4'-methylenedioxyphenyl)benzofuran"", '3,4,5-Triacetoxybenzoic acid', '1-(5,7-dihydroxy-2,2-dimethylchroman-6-yl)-3-(1,1,4a-trimethyl-2,3,4,4a,9a-hexahydro-1H-xanthen-7-yl)propan-1-one', 'Methyl (E)-6,7,8-trimethoxycinnamate', '3,4,5-Trimethoxyphenyl-1-O-β-D-(5-O-syringoyl)-apiofuranosyl-(1→6)-β-D-glucopyranoside', '6-[8(Z),11(Z),14-pentadecatrienyl]salicylic acid', 'Sorbifolin', ""Nitensoside A; Sorbifolin 6-O-α-rhamnopyranosyl(1'''→6'')-β-glucopyranoside"", 'Casearin O; (1R*,3S*,5S*,6aR*,7R*,8R*,9S*,10S*,10aR*)-1,10-Bis(acetyloxy)-5-methoxy-7,8-dimethyl-7-[(2Z)-3-methylpenta-2,4-dien-1-yl]-3,5,6,6a,7,8,9,10-octahydronaphtho[1,8a-c]furan-3,9-diyl Dibutanoate', 'shidasterone', '5-hydroxymethyl- 2-furancarboxaldehyde; 5-hydroxymethyl-2-furfuraldehyde', 'atalaphyllinine', 'N-[10- (13,14-methylenedioxyphenyl)-7(E)-pentaenoyl]-pyrrolidine', '2-Methyl-5-methoxy-benzopyran-4-one', '3,4-dihydroxybenzoic acid geranyl ester', 'N-[10-(13,14-methylenedioxyphenyl)-7(E),9(Z)-pentadienoyl]-pyrrolidine', 'Gedunin', '3-O-β-D-quinovopyranosyl cincholic acid', 'Afzelin, 3-O-α-rhamnosyl kaempferol', 'Egonol', '4-Nerolidilcatechol', ""2-(2'-O-transcoumaroyl)-C-β-D-glucopyranosyl-1,3,6,7-tetrahydroxyxanthone"", 'Syringic acid', '(+)-3-O-feruloylcassine', '6-pentadecylsalicylic acid', 'Methyl-2,2-dimethylchroman-6-carboxylate', ""Myrsinoic acid A, 3-Geranyl-4-hydroxy-5-(3'',3''-dimethylallyl)benzoic acid"", '20α-Hydroxymaytenin; 20-hydroxy-20-epi-tingenone', 'Platydesmine', 'Leiokinine A', 'Cabraleadiol', 'schaftoside', ""(2S)-Methyl-8-isopentyl-2-methyl-2-(4'-methylpentyl)chroman-6-carboxylate"", '(-)-Epigallocatechin-3-O-gallate', 'Casearin D; (1R*,3S*,5S*,6aR*,7R*,8R*,9S*,10S*,10aR*)-1-(Acetyloxy)-3,5,6,6a,7,8,9,10-octahydro-5,10-dihydroxy-7,8-dimethyl-7-[(2Z)-3-methylpenta-2,4-dien-1-yl]naphtho[1,8a-c]furan-3,9-diyl Dibutanoate', 'Rel. (+)-(7S,10S) 3,12-dihydroxycalamenene', 'carlinoside', 'Methyl-8-(ethanoyloxy)-2,2-dimethyl-2H-chromene-6-carboxylate', 'arjunolic acid', 'stachysterone', 'Ethyl 2,4-dihydroxy-5,6-dimethylbenzoate', 'Amentoflavone 7”,4”’-dimethyl ether', 'Picramnioside F', 'Lauryl gallate', 'Syringaldehyde', '22-hydroxytirucalla-7,24-diene-2,3-dione', 'Trans-3’-methylsulphonylallyl trans-cinnamate', 'germacrene D', 'Methyl gallate', '5-[8(Z),11(Z)-pentadecadienyl]resorcinol', '(-)-Spectalinine', '(3-(2-(4-hydroxyphenyl)-2-oxoethyl)-5,6-dihydropyridin- 2(1H)-one)', 'Mangiferin', 'Salacin', 'Viburgenin', ""Pterogynoside; Kaempferol-3-O-(3''-O-4'''-methylgallate-α-L-rhamnoside)"", 'Isobutyl gallate', '7′-multijuguinone', 'Griseofulvin', ""7-Hydroxy-4',6-dimethoxyisoflavone; Afrormosin; Afromosin"", '8-methoxymellein', '(±)-Syringaresinol', 'Cyclo-(L-Pro-L-Val)', 'Acetonide of odoratol', '(−)-Grandisin', '2β-Hydroxyzuelanin-6β-cinnamate', 'Cognatine', 'Fagaramide', 'Chalepin', 'Chlorogenic acid', '(4R)-4,8-dihydroxy-α-tetralone', 'Kaempferol']]",doi_name
"['10.1002/ps.1278', 'Quercitrin, 3-O-α-rhamnosylquercetin']","['10.1002/ps.1278', ['guaiol', 'γ-eudesmol', 'Hinesol', 'α-eudesmol', 'Pimara-7,15-dien-3β-ol', 'Ergosterol peroxide', '8-hydroxy-6-methoxy-3-methylisocoumarin', '(22E,24R)-ergosta-4,6,8(14),22-tetraen-3-one', 'Dimethyl terephthalate', '11-O-trans-feruloylteucrein', 'Teucrein', 'Galioside aglicone', 'Apodanthoside', 'Galioside', ""3,4-dimethyl-2-(4'-hydroxy-3',5'-dimethoxyphenyl)-5-methoxy-tetrahydrofuran"", ""3',4',5',3,5,7,8-heptamethoxyflavone"", ""3,5,6,7,3',4',5'-heptamethoxyflavonol"", '3,3-O-dimethylquercetin', 'penduletin 4-O-methyl ether', '2α,3α,19α- trihydroxyurs-12-en-28-oic acid', '2α,3α-dihydroxyolean-12- en-28-oic acid', '3,7,4-O-trimethylkaempferol', 'p-hydroxybenzoic acid', '3-O-methylquercetin', 'Chrysoeriol', 'acacetin', 'Tagitinin C', '1-methoxy-3-hydroxy-3,10b-4,5a-diepoxy-8b-isobutyroyloxygermacr-11(13)-en-6a,12-olide', ""4-Hydroxy-3-(3',7'-dimethyl-3'-hydroxy-1'-oxo-6'-octenyl)benzoic acid"", ""4-Hydroxy-(3',7'-dimethyl-1'-oxo-octa-2'-E-6'-dienyl)benzoic acid"", ""Isosakuranetin; 5,7-dihydroxy-4'-methoxyflavanone"", ""1,4-Dihydroxy-2-(3',7'-dimethyl-1'-oxo-2'-E-6'-octadienyl)benzene"", ""Sakuranetin; 5,4'-dihydroxy-7-methoxyflavanone"", ""3',4'-methylenedioxy-5,6,7- trimethoxyflavone"", ""2'-hydroxy-3,4,4'-trimethoxy-5',6'-(2'',2''-dimethylpyrano)-chalcone"", ""3',4'-methylenedioxy-5,5',6,7-tetramethoxyflavone"", ""3',4'-methylenedioxy-5,7-dimethoxyflavone"", 'Aphidicolin', '21β,25-dimethylmelianodiol', '3,21-Di-epi-feroniellide B', '21α,25-dimethylmelianodiol', 'Cordifoline', 'Turbinatine', '3,4-dehydro-strictosidine', '3,4-dehydrostrictosidine acid', 'Strictosidine acid', '5α-carboxystrictosidine', 'Harman-3-carboxylic acid', 'Deoxycordifoline', '(+)-11α-Hydroxyerythravine', '(+)-Erythravine', '(+)-α-Hydroxyerysotrine', '4-metoxi-6-[2-(metilamino)fenil]- 2H-piran-2-ona', 'Kaempferol-3-O-rutinoside', 'Kaempferol-3-O-α-L-rhamnopyranosyl-(1→6)-β-D-galactopyranoside', 'Catechin, Ent-catechin', 'Procyanidin B-3', 'Kaempferol-3-O-D-galactopyranoside', '6-Hydroxy-rutin', 'Kaempferol-3-O-α-L-rhamnopyranosyl-(1-6)-α-L-rhamnopyranosyl-(1-4)-β-D-glucopyranoside', 'Quercetin-3-O-α-L-rhamnopyranosyl-(1→6)-β-D-galactopyranoside', 'Kaempferol-3-O-D-glucopyranoside', 'Taraxerol acetate', 'Nitensidine E', 'Nitensidine D', 'Beauvericin', 'Anhydrofusarubin', 'Hispidol A', 'Nilocetin', 'Oleanonic acid', 'Pentaol', 'cryptomeridiol', 'Iso-odoratol', 'Piscidinol A', '3,11-dioxoolean-12-en-28- onic acid', ""Isoswertisin-4'-methyl-ether-2''α-L-rhamnoside"", 'Clusifoliol', '2-Episesalatin', ""Isoswertisin-2''α1-L-rhamnoside"", 'Sesartemin', 'Citibrasine', '2,3-dihydro-4,9-dihydroxy-2-(2-hydroxy-propan-2-yl)- 11-methoxy-10-methylfuro[3,2-b]acridin-5(10H)-one', 'bis-5-hydroxyacronycine', 'astilbin; Rel-(2R, 3R)-dihydroquercetin-3-O-±-L-rhamnoside', 'Methyl (3R,4R,5R)-3-{[(2Z)-3-(3,4-dihydroxyphenyl)-2-propenoyl]oxy}-1,4,5-trihydroxycyclohexanecarboxylate', 'Methyl (3R,4R,5R)-3-{[(2E)-3-(3,4-dihydroxyphenyl)-2-propenoyl]oxy}-1,4,5-trihydroxycyclohexanecarboxylate', 'Chlorogenic acid methyl ester, Methyl (1S,3R,4R,5R)-3-{[(2E)-3-(3,4-dihydroxyphenyl)-2-propenoyl]oxy}-1,4,5-trihydroxycyclohexanecarboxylate', 'Mycoleptone A', '9-hydroxyeugenin', 'Mycoleptone A tetraacetate', 'Eugenitin', 'Mycoleptone B', 'Austdiol', 'Austdiol diacetate', '6-methoxyeugenin', 'α-Gardiol', 'β-Gardiol', 'Ferulic acid', 'Xanthyletin', '5,7-dimethoxy-2,2-dimethyl-2H-1-benzopyran-6-propanoic acid', '17-(3,4-Methylenedioxyphenyl)-heptadecanoic acid', ""7,4'-Dimethoxyflavone"", '21´-(3,4-Methylenedioxyphenyl)-henicosanoic acid', ""7,4'-Dihydroxyflavone"", '(+)-Guaiacin', '19´-(3,4-Methylenedioxyphenyl)-nonadecanoic acid', 'Sargachromenol', 'Sargaquinoic acid', 'Farnisine', ""Juruenolic acid; 2-(4'-Methylpentenyl-3)-10-oxoundecan-2,6-dienoic acid"", 'Fasciculiferin', 'Tithonine', '(-)-3-O-acetyl-spectaline', 'Stearic acid 4-pentoyloxyphenethyl ester', ""Rel-(7R,8S,7'S,8'S)-4',5'-methylenedioxy-3,4,5,3'-tetramethoxy-7,7'-epoxylignan"", ""Rel-(7R,8S,7'S,8'S)-4'-hydroxy-3,4,5,3',5'-pentamethoxy-7,7'-epoxylignan"", ""Rel-(7R,8S,7'S,8'S)-9-hydroxy-4',5'-methylenedioxy-3,4,5,3'-tetramethoxy-7,7'-epoxylignan"", ""Rel-(7R,8S,7'S,8'S)-4,5,4',5'-dimethylenedioxy-3,3'-dimethoxy-7,7'-epoxylignan"", ""Rel-(7R,8S,7'S,8'S)-4-hydroxy-4',5'-methylenedioxy-3,5,3'-trimethoxy-7,7'-epoxylignan"", '2-n-Propylquinoline', ""2-(1'-pentenyl)-Quinoline"", '2-n-Pentylquinoline', ""2-(3',4'-methylenedioxyphenylethyl)-Quinoline"", 'Epi-guaiacin', 'Verrucosin', '7-Methyl-sargachromenol; 2,7,8-Trimethyl-2-[(3-E,7-Z)-4,12-dimethyl-8-carboxyl-3,7,11-tridecatrienyl]-3-chromen-6-ol, β-caroteno', 'Nectandrin B', '1,3,5-trihydroxy- 2,8-bis(3-methylbut-2-enyl)-10-methyl-9-acridone', '5-hydroxynoracronycine; Atalaphyllidine', '3,4-dihydro-3,5,8-trihydroxy-6-methoxy-2,2,7-trimethyl-2Hpyrano[ 2,3-a]acridin-12(7H)-one', 'Citrusinine-I', 'Pyranofoline', 'Citrusinine-II', '1,3,5-trihydroxy-4-methoxy-10-methyl- 2,8-bis(3-methylbut-2-enyl)acridin-9(10H)-one', 'Glycocitrine-IV', 'Glycocitrine-I', '5,7-dimethoxy-2,2-dimethyl-2H-1-benzopyran-6-propanoate', 'β-caryophyllene, trans-caryophyllene', '3,4,5-Trimethoxydihydrocinnamic acid', ""4-Hydroxy-3-(3',7'-dimethylocta-2'-E-6'-dienyl)benzoic acid"", 'Methyl 2,2-dimethyl-1-oxo-2H-1-benzopyran-6-carboxylate', ""2',6'-Dihydroxy-4'-methoxydihydrochalcone"", ""Methyl 4-hydroxy-3-(3'-methyl-2'-butenyl)benzoate"", ""Methyl taboganate; Methyl 4-hydroxy-3-(3'-methyl-1'-oxo-2'-butenyl)benzoate"", ""Hostmaniene; 4-Hydroxy-3-(2',3'-dihydroxy-3'-methylbutyl)benzoate"", 'Piperaduncine B', ""4-Hydroxy-(3',7'-dimethyl-1'-oxo-octa-2'-Z-6'-dienyl)benzoic acid"", ""Aduncumene; Methyl 2-methoxy-5-(3'-methyl-1'-oxo-2'-butenyl)benzoate"", ""Methyl 4-hydroxy-3-(3'-methyl-2'-hydroxy-3'-butenyl)benzoate"", '7-Methoxydiderroside', 'Secoxyloganin', 'Diderroside', ""6'-Acetyl-β-D-glucopyranosyldiderroside"", 'Methacrylic acid', ""4-Methoxy-3-(3',7'-dimethylocta-2'-E-6'-dienyl)benzoic acid"", 'Methyl-8-hydroxy-2,2-dimethyl-2H-chromene-6-carboxylate', ""3-(3',7 '-dimethyl-2',6 '-octadienyl)-4-methoxy-benzoic acid"", 'cyclo (L)-Pro-Gly', 'Isopimpinellin', ""N-[3-(6'-methoxy-3',4'-methy-lenedioxyphenyl)-2(Z)-propenoyl]pyrrolidine"", '8,9-dihydropiplartine; N-(12,13,14-trimethoxydihydrocinnamoyl)-Δ3-pyridin-2-one', '(E)-piplartine', '10,11-dihydropiperine; Δα,β-dihydropiperine', 'Piperine', '4,5-dihydropiperlonguminine; Piperlonguminine', '4,5-dihydropiperyline', '(Z)-piplartine; 8(Z)-N-(12,13, 14-trimethoxycinnamoyl)- 3-pyridin-2-one', '(3Z,5Z)-N-isobutyl-8-(30,40-methylenedioxy-phenyl)-heptadienamide', 'Pellitorine', 'Cusculine; 1,2,3,5,6-pentamethoxy-9-acridone', 'Cuspanine; 1-hydroxy-2,3,5,6-tetramethoxy-9-acridone', '2α,3α-Dihydroxy-urs-12-en-28-oic acid', '3-O-β-D-(6’-methyl)-glucopyranosyl-28-O-β-D-glucopyranosyl-oleanate', 'Oleanolic acid 3-sophoroside', '5-hydroxyflavone', '2-phenyl-4H-chromen-4-one', 'β-Sitosterol benzoate', 'Haplotusine', 'Sinapyl 4-O-β-D-glucopyranoside aldehyde', 'N-acetylnonaine', 'Liriodenine', 'Sinapyl 4-O-β-D-glucopyranoside alcohol', '[10]-gingerol', ""2,4-Dihydroxy-6-[(1'E,3'E)-penta-1', 3'-dienyl]-benzaldehyde"", '2-methyl-5-[8(Z)-pentadecenyl]resorcinol', 'Nitensidine A', '2-hydroxyphenylacetic acid', '3-O-β-D-quinovopyranosyl quinovic acid', ""8-hydroxy-3,5,7,3',4',5'-hexamethoxyflavonol"", '2-methyl-5-pentadecylresorcinol', '3β-hydroxy-stigmast-5-en-7-one; 24-β-7-oxositosterol', 'scillascillin', '(4R)-4,8-dihydroxy-α-tetralone', 'Homoegonol', '[8]-gingerol', '4-Hydroxymellein', '5-hydroxymellein', 'fraxinellonone', 'Sorbifolin 6-O-β-glucopyranoside', 'Rel-2α-hydroxyzuelanin-6β-benzoate', '2,6-di-O-acetylcasearupestrin D', ""Methyl-2,2-dimethyl-8-(3'-methylbut-2'-enyl)chroman-6-carboxylate"", '2,7-Di-O-acetylcasearupestrin A', 'Odoratol', 'Leptomerine', '5-hydroxy-N-methylseverifoline', '19,20-Epoxycytochalasin N', 'ellagic acid 4-O-α-L-rhamnopyranoside; eschweilenol C', 'Mayoside C', 'Ourateacatechin', ""3',4',5',5,7-pentamethoxyflavone"", 'Acetonide of odoratol', '(−)-Grandisin', '24-methylenecycloartan-3b-ol', 'Skimmianine', 'p-hydroxybenzoic acid-geranyl ester', 'Dibenzyl disulphide', 'Proanthocyanidin', 'neoisoastilbin', '(R)-7-Hydroxymellein', ""5-(3'' -Hydroxypropyl)-7-methoxy-2-(3',4' -methyl-enedioxyphenyl)benzofuran"", '22β-hydroxypristimerin', '1- (5,7-dihydroxy-2,2-dimethylchroman-6-yl)-3-(2,2-dimethylchroman- 6-yl)propan-1-one', 'Canavaline', 'Di-hydrodehydrodiconiferyl alcohol', 'Quercetin', ""2-(2'-O-trans-cinnamoyl)-C-β-D-glucopyranosyl-1,3,6,7-tetrahydroxyxanthone"", 'Kokusaginine', 'Ocotillone', 'des-N-methylnoracronycine', '6α-acetoxy-14β,15β-epoxyazadirone', 'Maculosidine', 'Podocarpusflavone A', 'Casearupestrin C', '6α-malonyloxy-n-butyl ester manoyl oxide', 'citrusinine-I', 'Ricinine', 'Leptophyllin A', '5-pentadecylresorcinol', '19,20-Epoxycytochalasin D', 'fumiquinozoline F', 'Kaempferol 3-O-α-L-rhamnopyranosyl (1→6)-O-[β -D-glucopyranosyl (1→3)-O-α-L-rhamnopyranosyl-(1→2)]-O-β -D-glucopyranosyl', 'Nitensidine B', '1-methyl-2-n-nonyl-4-quinolone', '5-[8(Z),11(Z),14-pentadecatrienyl]resorcinol', 'Gallic acid; 3,4,5-trihydroxybenzoic acid', 'Caseobliquin A', 'Methyl angolensate', '3β-O-[α-L-rhamnopyranosyl-(1→2)-O-β-D-glucopyranosyl-(1→2)-O-β-D-glucopyranosyl]-28-O-β-D-glucopyranoside pomolate', 'Dibenzyl tetrasulphide', ""2',5-dihydroxy-3-methoxy-8-dimethylallyl-6, 7-(2' ',2''-dimethylpyrano)-dihydroflavonol"", '2-n-nonyl-4-quinolone', 'Cytochalasin D', 'Isoorientin', 'urauchimycin A', 'p-Coumaric acid', '(-)-Epigallocatechin', 'Netzahualcoyonol', '1-[3-(3,7-dimethylocta-2,6-dien-1-yl)-2,4,6- trihydroxyphenyl]-3-(4-hydroxyphenyl)propan-1-one', '6α-malonyloxymanoyl oxide', '6α-acetoxymanoyl oxide', 'Methyl-8-hydroxy-2,2-dimethylchroman-6-carboxylate', 'Dipropyl disulphide', '2-methyl-5-[8(Z),11(Z)-pentadecadienyl]resorcinol', 'Methyl 6,7,8-trimethoxydihydrocinnamate', '2-Hexyl-3-methyl-butanodioic acid', 'fraxinellone', '6-[ 8(Z),11(Z) -pentadecadienyl] salicylic acid', 'polypodine B', 'n-Propyl gallate', ""3',4',5',5,7,8-hexamethoxyflavone"", 'Isopropyl gallate', '6β-hydroxy-7-epigardoside methyl ester', 'Tetrahydropiperyline, N-[10-(13,14-methylenedioxyphenyl)-pentanoyl]-pyrrolidine', 'Piperovatine', '2,4,6-trimethoxybenzoic acid', '1-O-(E)-caffeoyl-β-D-glucopyranoside', 'Quercitrin, 3-O-α-rhamnosylquercetin', 'Quercetin 3-O-α-L-rhamnopyranosyl (1→6)-O-[β -D-glucopyranosyl (1→3)-O-α-L-rhamnopyranosyl-(1→2)]-O-β -D-glucopyranosyl', 'Heveaflavone', 'Arboreumine', '3-Oxoursolic acid', 'Casearupestrin B', 'toonacilin', 'Uracil', '1-O-(E)-feruloyl-β-D-glucopyranoside', '19,20-Epoxycytochalasin C', 'Benzylhydroxymethyl sulphide', '1,6-di-O-caffeoyl-β-D-glucopyranoside', '2-methyl-5-[8(Z),11(Z),14-pentadecatrienyl]resorcinol', 'epoxy-fraxinellone', '12′-hydroxy-7′-multijuguinone', 'Kaempferitrin', 'Nitensidine C', 'Casearupestrin D', 'Chaetoglobosin B', 'n-Pentyl gallate', 'Orcinol', 'Periconicin B', 'Phomopsilactone', ""(2S)-8-Isopentyl-2-methyl-2-(4'-methylpentyl)chroman-6-carboxylic acid"", '2,2-dimethyl-2H-chromene-6-carboxylic acid', '1,2-dihydro- 3β-hydroxy-7-deacetoxy-7-oxogedunin', 'Photogedunin', 'Casearin X; (1R*,3S*,5S*,6aR*,7S*,8S*,10R*,10aR*)-1-(Acetyloxy)-3,5,6,6a,7,8,9,10-octahydro-10-hydroxy-7,8-dimethyl-7-[(2Z)-3-methylpenta-2,4-dien-1-yl]naphtho[1,8a-c]furan-3,5-diyl Dibutanoate', ""2-(R)-Methyl-6-(S)-(tetradecyl-13'-one)-3(R)-O-tert-butyldimethylsilyl-piperidine"", '(2S)-Methyl-2-methyl-8-(3""-methylbut-2""-enyl)-2-(4\'-methylpent-3\'-enyl)-2H-chromene-6-carboxylate', '20-hydroxyecdysone; polypodine A', '3-Acetyl aleuritolic acid', 'Alkenoic acid', ""2-(2'-O-trans-caffeoyl)-C-β-D-glucopyranosyl-1,3,6,7-tetrahydroxyxanthone"", 'Netzahualcoyene', 'Casearin X Dialdehyde; (2R*,4aS*,5S*,7R*,8R*,8aS*)-4,4a-Diformyl-1,2,4a,5,6,7,8,8a-octahydro-5-hydroxy-7,8-dimethyl-8-[(2Z)-3-methylpenta-2,4-dien-1-yl]naphthalen-2-yl Butanoate', 'Casearin T', 'Piperyline, N-[10-(13,14-methylenedioxyphenyl)-7(E),9(E)-pentadienoyl]-pyrrolidine', 'ω-fenil alcanoic acid', '2-butyl-D-fructofuranoside', ""Gaudichaudianic acid; (2S)-2-methyl-2-(4'methyl-3'-pentenyl)-8-(3''-methyl-2-butenyl)- 2H-1-benzopyran-6-carboxylic acid"", 'limonexic acid', 'Pedalitin', 'Di(benzyltrithio) methane', '3,11,12-Trihydroxycadalene', 'Quercetin 3-O-sophoroside', '(3R,4R)-3,4-Dihydro-4,6-dihydroxy-3-methyl-1-oxo-1H-isochromene-5-carboxylic acid', '24-methylene-3,22-dihydroxycholesterol', 'amorphispironone', 'taxifolin', ""(2'S)-2-(propan-2'-ol)-5-hydroxy-benzopyran-4-one"", 'Rel-(+)-(7S,9R,10S)-3,9,12-trihydroxycalamenene', 'Casearin S', '11β-acetoxyobacunone', '1-(5,7-dihydroxy-2,2-dimethylchroman- 6-yl)-3-[4-hydroxy-3-(3-methylbut-2-en-1-yl)- phenyl]propan-1-one', '(3R,4R)-4,7-Dihydroxymellein', 'Piperol B', '(-)-Hardwickiic acid', ""5-[3''-(β-D-glucopyranosyloxy)propyl]-7-methoxy-2-(3',4'-methylenedioxyphenyl)benzofuran"", '28-O-β-D-glucopyranosyl quinovic acid', '2-Methyl-4-hydroxy-butyl caffeoate', 'N-1,N-2,N-3-Triisopentenylguanidine', 'Dibenzyl trisulphide', 'Maytenin, Tingenone', 'urauchimycin B', '6-[8(Z)-pentadecenyl]salicylic acid', '(2S)-2-methyl-8-(3""-methylbut-2""-enyl)-2-(4\'-methylpent-3\'-enyl)-2H-chromene-6-carboxylic acid', 'Burchellin', '5-[8(Z)-pentadecenyl]resorcinol', 'Luteolin; 2-(3,4-dihydroxyphenyl)-5,7-dihydroxy-4H-chromen-4-one', 'Sinapic acid', '19,20-Epoxycytochalasin Q', '19,20-Epoxycytochalasin R', 'Muraxanthone', 'Odoratone', 'Rel-6β-hydroxyzuelanin-2β-benzoate', ""2-(2'-O-benzoyl)-C-β-D-glucopyranosyl-1,3,6,7-tetrahydroxyxanthone"", 'Isoplumericin', 'α-L-xylopyranosyl-(4""→20)-(3-O-β-D-glucopyranosyl)-1\'-O-E-caffeoyl-β-D-glucopyranoside', 'Casearupestrin A', '2-oxo-piperol B; (7S*, 8R*, 1R*, 3R*)-3,4,5-trimethoxy-3,7-cyclo-8,1-neolig-8-ene-2,4(3H)-dione', ""N-[7-(3',4'-methylenedioxyphenyl)-2(Z),4(Z)-heptadienoyl]pyrrolidine"", ""Acteoside; [β-3,4-dihydroxyphenyl)-ethyl]-(3'-O-α-L-rhamnopyranosyl)-(4'-O-cafeoyl)-β-D-glycopyranoside, verbascoside"", 'shidasterone', '5-hydroxymethyl- 2-furancarboxaldehyde; 5-hydroxymethyl-2-furfuraldehyde', 'atalaphyllinine', 'N-[10- (13,14-methylenedioxyphenyl)-7(E)-pentaenoyl]-pyrrolidine', '2-Methyl-5-methoxy-benzopyran-4-one', '3,4-dihydroxybenzoic acid geranyl ester', 'N-[10-(13,14-methylenedioxyphenyl)-7(E),9(Z)-pentadienoyl]-pyrrolidine', 'Gedunin', 'Pedalin, pedalitin 6-O-β -glucopyranoside', 'Caseargrewiin F; (1R*,3S*,5S*,6aR*,7S*,8R*,10R*,10aR*)-1,3-Bis(acetyloxy)-3,5,6,6a,7,8,9,10-octahydro-10-hydroxy-7,8-dimethyl-7-[(2Z)-3-methylpenta-2,4-dien-1-yl]naphtho[1,8a-c]furan-5-yl Butanoate', 'Casearin L; (1R*,3S*,5S*,6aR*,7R*,8R*,9S*,10S*,10aR*)-1,10-Bis(acetyloxy)-3,5,6,6a,7,8,9,10-octahydro-9-hydroxy-5-methoxy-7,8-dimethyl-7-[(2Z)-3-methylpenta-2,4-dien-1-yl]naphtho[1,8a-c]-furan-3-yl Butanoate', 'Platydesmine', ""Nitensoside B; Pedalitin 6-O-α-rhamnopyranosyl(1'''→6'')-β-glucopyranoside"", 'Amentoflavone', 'Methyl (E)-6,7,8-trimethoxycinnamate', '3,4,5-Trimethoxyphenyl-1-O-β-D-(5-O-syringoyl)-apiofuranosyl-(1→6)-β-D-glucopyranoside', '6-[8(Z),11(Z),14-pentadecatrienyl]salicylic acid', 'Sorbifolin', ""Nitensoside A; Sorbifolin 6-O-α-rhamnopyranosyl(1'''→6'')-β-glucopyranoside"", 'Casearin O; (1R*,3S*,5S*,6aR*,7R*,8R*,9S*,10S*,10aR*)-1,10-Bis(acetyloxy)-5-methoxy-7,8-dimethyl-7-[(2Z)-3-methylpenta-2,4-dien-1-yl]-3,5,6,6a,7,8,9,10-octahydronaphtho[1,8a-c]furan-3,9-diyl Dibutanoate', 'germacrene D', '(-)-Spectalinine', 'Netzahualcoyondiol', 'Pristimerin; 20α-3-hydroxy-2-oxo-24-nor-friedela-1-10,3,5,7-tetraen-carboxylic acid-29-methylester', '3,4,5-trimethoxyphenyl 1-O-β-D-apiofuranosyl-(1→6)-O-β-D-glucopyranoside', 'β-photogedunin', 'n-Butyl gallate', ""5-[3''-(β-D-glucopyranosyloxy)propyl]-7-methoxy-2-(3',4'-dimethoxyphenyl)benzofuran"", '3,12-Dihydroxycadalene', '7-hydroxy-3- (11-dimethylallyl)-8-methoxycoumarin', 'Afzelin, 3-O-α-rhamnosyl kaempferol', 'Egonol', '4-Nerolidilcatechol', ""2-(2'-O-transcoumaroyl)-C-β-D-glucopyranosyl-1,3,6,7-tetrahydroxyxanthone"", 'Syringic acid', '(+)-3-O-feruloylcassine', '6-pentadecylsalicylic acid', 'Methyl-2,2-dimethylchroman-6-carboxylate', ""Myrsinoic acid A, 3-Geranyl-4-hydroxy-5-(3'',3''-dimethylallyl)benzoic acid"", '20α-Hydroxymaytenin; 20-hydroxy-20-epi-tingenone', 'Leiokinine A', 'Cabraleadiol', 'schaftoside', ""(2S)-Methyl-8-isopentyl-2-methyl-2-(4'-methylpentyl)chroman-6-carboxylate"", '3,4,5-Triacetoxybenzoic acid', '1-(5,7-dihydroxy-2,2-dimethylchroman-6-yl)-3-(1,1,4a-trimethyl-2,3,4,4a,9a-hexahydro-1H-xanthen-7-yl)propan-1-one', '(±)-Syringaresinol', 'Cyclo-(L-Pro-L-Val)', '(-)-Epigallocatechin-3-O-gallate', 'Casearin D; (1R*,3S*,5S*,6aR*,7R*,8R*,9S*,10S*,10aR*)-1-(Acetyloxy)-3,5,6,6a,7,8,9,10-octahydro-5,10-dihydroxy-7,8-dimethyl-7-[(2Z)-3-methylpenta-2,4-dien-1-yl]naphtho[1,8a-c]furan-3,9-diyl Dibutanoate', 'Rel. (+)-(7S,10S) 3,12-dihydroxycalamenene', 'carlinoside', 'Methyl-8-(ethanoyloxy)-2,2-dimethyl-2H-chromene-6-carboxylate', 'arjunolic acid', 'stachysterone', 'Ethyl 2,4-dihydroxy-5,6-dimethylbenzoate', 'Amentoflavone 7”,4”’-dimethyl ether', 'Picramnioside F', 'Lauryl gallate', 'Syringaldehyde', 'Methyl gallate', '3-O-β-D-quinovopyranosyl cincholic acid', 'Dibenzyl sulphide', '(-) Cis-4-hydroxy-6-deoxyscytalone', 'Plumericin', '5-[8(Z),11(Z)-pentadecadienyl]resorcinol', '22-hydroxytirucalla-7,24-diene-2,3-dione', 'Trans-3’-methylsulphonylallyl trans-cinnamate', '(3-(2-(4-hydroxyphenyl)-2-oxoethyl)-5,6-dihydropyridin- 2(1H)-one)', 'Mangiferin', 'Salacin', 'Viburgenin', ""Pterogynoside; Kaempferol-3-O-(3''-O-4'''-methylgallate-α-L-rhamnoside)"", 'Isobutyl gallate', '7′-multijuguinone', 'Griseofulvin', ""7-Hydroxy-4',6-dimethoxyisoflavone; Afrormosin; Afromosin"", '8-methoxymellein', 'Ixoside', '2β-Hydroxyzuelanin-6β-cinnamate', 'Cognatine', 'Fagaramide', 'Chalepin', 'Chlorogenic acid', 'Kaempferol']]",doi_name
"['10.2174/187152010794728620', 'Cabraleadiol']","['10.2174/187152010794728620', ['guaiol', 'γ-eudesmol', 'Hinesol', 'α-eudesmol', '2,3-dihydro-4,9-dihydroxy-2-(2-hydroxy-propan-2-yl)- 11-methoxy-10-methylfuro[3,2-b]acridin-5(10H)-one', 'Citibrasine', 'bis-5-hydroxyacronycine', '11-O-trans-feruloylteucrein', 'Teucrein', 'Galioside aglicone', 'Galioside', 'Apodanthoside', 'Chlorogenic acid methyl ester, Methyl (1S,3R,4R,5R)-3-{[(2E)-3-(3,4-dihydroxyphenyl)-2-propenoyl]oxy}-1,4,5-trihydroxycyclohexanecarboxylate', '21β,25-dimethylmelianodiol', '21α,25-dimethylmelianodiol', '3,21-Di-epi-feroniellide B', '5-hydroxynoracronycine; Atalaphyllidine', '3,4-dihydro-3,5,8-trihydroxy-6-methoxy-2,2,7-trimethyl-2Hpyrano[ 2,3-a]acridin-12(7H)-one', 'Glycocitrine-IV', 'Citrusinine-II', '1,3,5-trihydroxy- 2,8-bis(3-methylbut-2-enyl)-10-methyl-9-acridone', 'Citrusinine-I', 'Pyranofoline', '1,3,5-trihydroxy-4-methoxy-10-methyl- 2,8-bis(3-methylbut-2-enyl)acridin-9(10H)-one', 'Glycocitrine-I', 'astilbin; Rel-(2R, 3R)-dihydroquercetin-3-O-±-L-rhamnoside', 'Beauvericin', 'Anhydrofusarubin', 'Stearic acid 4-pentoyloxyphenethyl ester', '(-)-3-O-acetyl-spectaline', 'cryptomeridiol', '3,11-dioxoolean-12-en-28- onic acid', 'Piscidinol A', 'Oleanonic acid', 'Pentaol', 'Iso-odoratol', 'Nilocetin', 'Hispidol A', ""Isoswertisin-4'-methyl-ether-2''α-L-rhamnoside"", 'Clusifoliol', 'Sesartemin', ""Isoswertisin-2''α1-L-rhamnoside"", '2-Episesalatin', 'Aphidicolin', '5,7-dimethoxy-2,2-dimethyl-2H-1-benzopyran-6-propanoate', ""3,4-dimethyl-2-(4'-hydroxy-3',5'-dimethoxyphenyl)-5-methoxy-tetrahydrofuran"", 'Taraxerol acetate', '2α,3α,19α- trihydroxyurs-12-en-28-oic acid', 'penduletin 4-O-methyl ether', '3,3-O-dimethylquercetin', 'Chrysoeriol', 'acacetin', '3-O-methylquercetin', 'p-hydroxybenzoic acid', '2α,3α-dihydroxyolean-12- en-28-oic acid', '3,7,4-O-trimethylkaempferol', ""Aduncumene; Methyl 2-methoxy-5-(3'-methyl-1'-oxo-2'-butenyl)benzoate"", ""Methyl taboganate; Methyl 4-hydroxy-3-(3'-methyl-1'-oxo-2'-butenyl)benzoate"", 'Methyl 2,2-dimethyl-1-oxo-2H-1-benzopyran-6-carboxylate', ""2',6'-Dihydroxy-4'-methoxydihydrochalcone"", ""Methyl 4-hydroxy-3-(3'-methyl-2'-butenyl)benzoate"", '3,4,5-Trimethoxydihydrocinnamic acid', ""Methyl 4-hydroxy-3-(3'-methyl-2'-hydroxy-3'-butenyl)benzoate"", 'Piperaduncine B', ""4-Hydroxy-(3',7'-dimethyl-1'-oxo-octa-2'-Z-6'-dienyl)benzoic acid"", ""4-Hydroxy-3-(3',7'-dimethylocta-2'-E-6'-dienyl)benzoic acid"", ""Hostmaniene; 4-Hydroxy-3-(2',3'-dihydroxy-3'-methylbutyl)benzoate"", 'Xanthyletin', 'Secoxyloganin', '7-Methoxydiderroside', 'Diderroside', ""6'-Acetyl-β-D-glucopyranosyldiderroside"", '(+)-11α-Hydroxyerythravine', '(+)-Erythravine', '(+)-α-Hydroxyerysotrine', 'Strictosidine acid', 'Turbinatine', '3,4-dehydrostrictosidine acid', 'Harman-3-carboxylic acid', '3,4-dehydro-strictosidine', 'Cordifoline', '5α-carboxystrictosidine', 'Deoxycordifoline', ""2-(3',4'-methylenedioxyphenylethyl)-Quinoline"", '2-n-Propylquinoline', ""2-(1'-pentenyl)-Quinoline"", '2-n-Pentylquinoline', '4-metoxi-6-[2-(metilamino)fenil]- 2H-piran-2-ona', 'Methyl (3R,4R,5R)-3-{[(2Z)-3-(3,4-dihydroxyphenyl)-2-propenoyl]oxy}-1,4,5-trihydroxycyclohexanecarboxylate', 'Methyl (3R,4R,5R)-3-{[(2E)-3-(3,4-dihydroxyphenyl)-2-propenoyl]oxy}-1,4,5-trihydroxycyclohexanecarboxylate', ""2'-hydroxy-3,4,4'-trimethoxy-5',6'-(2'',2''-dimethylpyrano)-chalcone"", ""3',4'-methylenedioxy-5,6,7- trimethoxyflavone"", ""3',4'-methylenedioxy-5,5',6,7-tetramethoxyflavone"", ""3',4'-methylenedioxy-5,7-dimethoxyflavone"", '9-hydroxyeugenin', 'Mycoleptone A', 'Austdiol', 'Mycoleptone A tetraacetate', 'Mycoleptone B', 'Austdiol diacetate', '6-methoxyeugenin', 'Eugenitin', 'Nitensidine D', 'Nitensidine E', 'cyclo (L)-Pro-Gly', 'Pimara-7,15-dien-3β-ol', 'Ergosterol peroxide', '8-hydroxy-6-methoxy-3-methylisocoumarin', '(22E,24R)-ergosta-4,6,8(14),22-tetraen-3-one', 'Dimethyl terephthalate', ""4-Hydroxy-3-(3',7'-dimethyl-3'-hydroxy-1'-oxo-6'-octenyl)benzoic acid"", ""Sakuranetin; 5,4'-dihydroxy-7-methoxyflavanone"", ""1,4-Dihydroxy-2-(3',7'-dimethyl-1'-oxo-2'-E-6'-octadienyl)benzene"", ""4-Hydroxy-(3',7'-dimethyl-1'-oxo-octa-2'-E-6'-dienyl)benzoic acid"", ""Isosakuranetin; 5,7-dihydroxy-4'-methoxyflavanone"", ""4-Methoxy-3-(3',7'-dimethylocta-2'-E-6'-dienyl)benzoic acid"", ""3-(3',7 '-dimethyl-2',6 '-octadienyl)-4-methoxy-benzoic acid"", 'Methyl-8-hydroxy-2,2-dimethyl-2H-chromene-6-carboxylate', 'Methacrylic acid', 'Nectandrin B', 'Verrucosin', 'Epi-guaiacin', '7-Methyl-sargachromenol; 2,7,8-Trimethyl-2-[(3-E,7-Z)-4,12-dimethyl-8-carboxyl-3,7,11-tridecatrienyl]-3-chromen-6-ol, β-caroteno', 'α-Gardiol', 'β-Gardiol', 'Ferulic acid', 'Isopimpinellin', '1-methoxy-3-hydroxy-3,10b-4,5a-diepoxy-8b-isobutyroyloxygermacr-11(13)-en-6a,12-olide', 'Tagitinin C', '5,7-dimethoxy-2,2-dimethyl-2H-1-benzopyran-6-propanoic acid', ""Rel-(7R,8S,7'S,8'S)-4-hydroxy-4',5'-methylenedioxy-3,5,3'-trimethoxy-7,7'-epoxylignan"", ""Rel-(7R,8S,7'S,8'S)-4',5'-methylenedioxy-3,4,5,3'-tetramethoxy-7,7'-epoxylignan"", ""Rel-(7R,8S,7'S,8'S)-4,5,4',5'-dimethylenedioxy-3,3'-dimethoxy-7,7'-epoxylignan"", ""Rel-(7R,8S,7'S,8'S)-9-hydroxy-4',5'-methylenedioxy-3,4,5,3'-tetramethoxy-7,7'-epoxylignan"", ""Rel-(7R,8S,7'S,8'S)-4'-hydroxy-3,4,5,3',5'-pentamethoxy-7,7'-epoxylignan"", 'β-caryophyllene, trans-caryophyllene', ""3,5,6,7,3',4',5'-heptamethoxyflavonol"", ""3',4',5',3,5,7,8-heptamethoxyflavone"", '(+)-Guaiacin', 'Sargachromenol', ""7,4'-Dihydroxyflavone"", '21´-(3,4-Methylenedioxyphenyl)-henicosanoic acid', 'Sargaquinoic acid', ""7,4'-Dimethoxyflavone"", '17-(3,4-Methylenedioxyphenyl)-heptadecanoic acid', '19´-(3,4-Methylenedioxyphenyl)-nonadecanoic acid', 'Farnisine', 'Tithonine', ""Juruenolic acid; 2-(4'-Methylpentenyl-3)-10-oxoundecan-2,6-dienoic acid"", 'Fasciculiferin', 'Kaempferol-3-O-α-L-rhamnopyranosyl-(1→6)-β-D-galactopyranoside', 'Kaempferol-3-O-rutinoside', 'Catechin, Ent-catechin', 'Procyanidin B-3', '6-Hydroxy-rutin', 'Kaempferol-3-O-α-L-rhamnopyranosyl-(1-6)-α-L-rhamnopyranosyl-(1-4)-β-D-glucopyranoside', 'Kaempferol-3-O-D-glucopyranoside', 'Kaempferol-3-O-D-galactopyranoside', 'Quercetin-3-O-α-L-rhamnopyranosyl-(1→6)-β-D-galactopyranoside', ""N-[3-(6'-methoxy-3',4'-methy-lenedioxyphenyl)-2(Z)-propenoyl]pyrrolidine"", 'Piperine', '4,5-dihydropiperlonguminine; Piperlonguminine', '(Z)-piplartine; 8(Z)-N-(12,13, 14-trimethoxycinnamoyl)- 3-pyridin-2-one', '8,9-dihydropiplartine; N-(12,13,14-trimethoxydihydrocinnamoyl)-Δ3-pyridin-2-one', '4,5-dihydropiperyline', '(E)-piplartine', '10,11-dihydropiperine; Δα,β-dihydropiperine', '(3Z,5Z)-N-isobutyl-8-(30,40-methylenedioxy-phenyl)-heptadienamide', 'Pellitorine', 'Cuspanine; 1-hydroxy-2,3,5,6-tetramethoxy-9-acridone', 'Cusculine; 1,2,3,5,6-pentamethoxy-9-acridone', '2α,3α-Dihydroxy-urs-12-en-28-oic acid', 'Oleanolic acid 3-sophoroside', '3-O-β-D-(6’-methyl)-glucopyranosyl-28-O-β-D-glucopyranosyl-oleanate', 'Haplotusine', 'β-Sitosterol benzoate', '5-hydroxyflavone', '2-phenyl-4H-chromen-4-one', 'Sinapyl 4-O-β-D-glucopyranoside aldehyde', 'Sinapyl 4-O-β-D-glucopyranoside alcohol', 'Liriodenine', 'N-acetylnonaine', '[10]-gingerol', ""2,4-Dihydroxy-6-[(1'E,3'E)-penta-1', 3'-dienyl]-benzaldehyde"", '2-methyl-5-[8(Z)-pentadecenyl]resorcinol', '3β-hydroxy-stigmast-5-en-7-one; 24-β-7-oxositosterol', 'scillascillin', 'Piperol B', '(-)-Hardwickiic acid', ""5-[3''-(β-D-glucopyranosyloxy)propyl]-7-methoxy-2-(3',4'-methylenedioxyphenyl)benzofuran"", '28-O-β-D-glucopyranosyl quinovic acid', '2-Methyl-4-hydroxy-butyl caffeoate', 'N-1,N-2,N-3-Triisopentenylguanidine', 'Dibenzyl trisulphide', 'Maytenin, Tingenone', 'urauchimycin B', ""2-(2'-O-trans-caffeoyl)-C-β-D-glucopyranosyl-1,3,6,7-tetrahydroxyxanthone"", 'Netzahualcoyene', 'Nitensidine A', ""8-hydroxy-3,5,7,3',4',5'-hexamethoxyflavonol"", 'Odoratol', 'Leptomerine', '5-hydroxy-N-methylseverifoline', '19,20-Epoxycytochalasin N', 'ellagic acid 4-O-α-L-rhamnopyranoside; eschweilenol C', 'Mayoside C', 'Ourateacatechin', ""3',4',5',5,7-pentamethoxyflavone"", '2-methyl-5-pentadecylresorcinol', '(−)-Grandisin', '24-methylenecycloartan-3b-ol', 'Ixoside', '2β-Hydroxyzuelanin-6β-cinnamate', 'Cognatine', '5-[8(Z),11(Z)-pentadecadienyl]resorcinol', '(-)-Spectalinine', '1- (5,7-dihydroxy-2,2-dimethylchroman-6-yl)-3-(2,2-dimethylchroman- 6-yl)propan-1-one', 'Canavaline', 'Di-hydrodehydrodiconiferyl alcohol', 'Quercetin', ""2-(2'-O-trans-cinnamoyl)-C-β-D-glucopyranosyl-1,3,6,7-tetrahydroxyxanthone"", 'Kokusaginine', 'Ocotillone', 'des-N-methylnoracronycine', 'Sorbifolin 6-O-β-glucopyranoside', 'Rel-2α-hydroxyzuelanin-6β-benzoate', '2,6-di-O-acetylcasearupestrin D', ""Methyl-2,2-dimethyl-8-(3'-methylbut-2'-enyl)chroman-6-carboxylate"", '2,7-Di-O-acetylcasearupestrin A', 'Nitensidine B', '19,20-Epoxycytochalasin D', 'fumiquinozoline F', 'Kaempferol 3-O-α-L-rhamnopyranosyl (1→6)-O-[β -D-glucopyranosyl (1→3)-O-α-L-rhamnopyranosyl-(1→2)]-O-β -D-glucopyranosyl', '3β-O-[α-L-rhamnopyranosyl-(1→2)-O-β-D-glucopyranosyl-(1→2)-O-β-D-glucopyranosyl]-28-O-β-D-glucopyranoside pomolate', 'Dibenzyl tetrasulphide', '1-methyl-2-n-nonyl-4-quinolone', '5-[8(Z),11(Z),14-pentadecatrienyl]resorcinol', 'Gallic acid; 3,4,5-trihydroxybenzoic acid', 'Homoegonol', '[8]-gingerol', '4-Hydroxymellein', '5-hydroxymellein', 'fraxinellonone', 'Dibenzyl sulphide', '(-) Cis-4-hydroxy-6-deoxyscytalone', 'Plumericin', '(-)-Epigallocatechin', 'Netzahualcoyonol', '1-[3-(3,7-dimethylocta-2,6-dien-1-yl)-2,4,6- trihydroxyphenyl]-3-(4-hydroxyphenyl)propan-1-one', '6α-malonyloxymanoyl oxide', 'Benzylhydroxymethyl sulphide', '1,6-di-O-caffeoyl-β-D-glucopyranoside', '2-methyl-5-[8(Z),11(Z),14-pentadecatrienyl]resorcinol', 'Netzahualcoyondiol', 'Maculosidine', 'Podocarpusflavone A', 'Casearupestrin C', '6α-malonyloxy-n-butyl ester manoyl oxide', 'citrusinine-I', 'Ricinine', 'Leptophyllin A', '5-pentadecylresorcinol', '3,4,5-trimethoxyphenyl 1-O-β-D-apiofuranosyl-(1→6)-O-β-D-glucopyranoside', 'β-photogedunin', 'n-Butyl gallate', ""5-[3''-(β-D-glucopyranosyloxy)propyl]-7-methoxy-2-(3',4'-dimethoxyphenyl)benzofuran"", '3,12-Dihydroxycadalene', '7-hydroxy-3- (11-dimethylallyl)-8-methoxycoumarin', ""N-[7-(3',4'-methylenedioxyphenyl)-2(Z),4(Z)-heptadienoyl]pyrrolidine"", ""Acteoside; [β-3,4-dihydroxyphenyl)-ethyl]-(3'-O-α-L-rhamnopyranosyl)-(4'-O-cafeoyl)-β-D-glycopyranoside, verbascoside"", '20-hydroxyecdysone; polypodine A', '3-Acetyl aleuritolic acid', ""2',5-dihydroxy-3-methoxy-8-dimethylallyl-6, 7-(2' ',2''-dimethylpyrano)-dihydroflavonol"", '2-n-nonyl-4-quinolone', 'Cytochalasin D', 'Isoorientin', 'urauchimycin A', 'p-Coumaric acid', '22β-hydroxypristimerin', 'Alkenoic acid', 'Quercetin 3-O-α-L-rhamnopyranosyl (1→6)-O-[β -D-glucopyranosyl (1→3)-O-α-L-rhamnopyranosyl-(1→2)]-O-β -D-glucopyranosyl', 'Heveaflavone', 'Arboreumine', '3-Oxoursolic acid', 'Casearupestrin B', 'toonacilin', 'Uracil', '1-O-(E)-feruloyl-β-D-glucopyranoside', '19,20-Epoxycytochalasin C', 'n-Pentyl gallate', 'Orcinol', 'Periconicin B', 'Phomopsilactone', 'Pristimerin; 20α-3-hydroxy-2-oxo-24-nor-friedela-1-10,3,5,7-tetraen-carboxylic acid-29-methylester', 'limonexic acid', 'Pedalitin', 'Casearin X Dialdehyde; (2R*,4aS*,5S*,7R*,8R*,8aS*)-4,4a-Diformyl-1,2,4a,5,6,7,8,8a-octahydro-5-hydroxy-7,8-dimethyl-8-[(2Z)-3-methylpenta-2,4-dien-1-yl]naphthalen-2-yl Butanoate', 'polypodine B', 'n-Propyl gallate', ""3',4',5',5,7,8-hexamethoxyflavone"", 'Isopropyl gallate', '6β-hydroxy-7-epigardoside methyl ester', 'Tetrahydropiperyline, N-[10-(13,14-methylenedioxyphenyl)-pentanoyl]-pyrrolidine', 'Piperovatine', '2,4,6-trimethoxybenzoic acid', '1-O-(E)-caffeoyl-β-D-glucopyranoside', 'Quercitrin, 3-O-α-rhamnosylquercetin', 'Caseobliquin A', 'Methyl angolensate', ""5-(3'' -Hydroxypropyl)-7-methoxy-2-(3',4' -methyl-enedioxyphenyl)benzofuran"", 'Di(benzyltrithio) methane', '3,11,12-Trihydroxycadalene', 'Quercetin 3-O-sophoroside', '(3R,4R)-3,4-Dihydro-4,6-dihydroxy-3-methyl-1-oxo-1H-isochromene-5-carboxylic acid', ""(2S)-8-Isopentyl-2-methyl-2-(4'-methylpentyl)chroman-6-carboxylic acid"", '2,2-dimethyl-2H-chromene-6-carboxylic acid', '1,2-dihydro- 3β-hydroxy-7-deacetoxy-7-oxogedunin', 'Photogedunin', 'Casearin X; (1R*,3S*,5S*,6aR*,7S*,8S*,10R*,10aR*)-1-(Acetyloxy)-3,5,6,6a,7,8,9,10-octahydro-10-hydroxy-7,8-dimethyl-7-[(2Z)-3-methylpenta-2,4-dien-1-yl]naphtho[1,8a-c]furan-3,5-diyl Dibutanoate', ""2-(R)-Methyl-6-(S)-(tetradecyl-13'-one)-3(R)-O-tert-butyldimethylsilyl-piperidine"", '(2S)-Methyl-2-methyl-8-(3""-methylbut-2""-enyl)-2-(4\'-methylpent-3\'-enyl)-2H-chromene-6-carboxylate', 'Casearin T', 'Piperyline, N-[10-(13,14-methylenedioxyphenyl)-7(E),9(E)-pentadienoyl]-pyrrolidine', 'ω-fenil alcanoic acid', '2-butyl-D-fructofuranoside', ""Gaudichaudianic acid; (2S)-2-methyl-2-(4'methyl-3'-pentenyl)-8-(3''-methyl-2-butenyl)- 2H-1-benzopyran-6-carboxylic acid"", 'Kaempferitrin', 'Nitensidine C', 'Dipropyl disulphide', '2-methyl-5-[8(Z),11(Z)-pentadecadienyl]resorcinol', 'Methyl 6,7,8-trimethoxydihydrocinnamate', '2-Hexyl-3-methyl-butanodioic acid', 'fraxinellone', 'Skimmianine', 'p-hydroxybenzoic acid-geranyl ester', 'Dibenzyl disulphide', 'Proanthocyanidin', 'neoisoastilbin', '(R)-7-Hydroxymellein', '6α-acetoxymanoyl oxide', 'Methyl-8-hydroxy-2,2-dimethylchroman-6-carboxylate', '6α-acetoxy-14β,15β-epoxyazadirone', '19,20-Epoxycytochalasin R', 'Muraxanthone', 'Odoratone', 'Rel-6β-hydroxyzuelanin-2β-benzoate', 'shidasterone', '5-hydroxymethyl- 2-furancarboxaldehyde; 5-hydroxymethyl-2-furfuraldehyde', 'atalaphyllinine', '24-methylene-3,22-dihydroxycholesterol', 'amorphispironone', 'Casearupestrin D', 'Chaetoglobosin B', ""2-(2'-O-benzoyl)-C-β-D-glucopyranosyl-1,3,6,7-tetrahydroxyxanthone"", 'Isoplumericin', 'α-L-xylopyranosyl-(4""→20)-(3-O-β-D-glucopyranosyl)-1\'-O-E-caffeoyl-β-D-glucopyranoside', 'epoxy-fraxinellone', '12′-hydroxy-7′-multijuguinone', 'Caseargrewiin F; (1R*,3S*,5S*,6aR*,7S*,8R*,10R*,10aR*)-1,3-Bis(acetyloxy)-3,5,6,6a,7,8,9,10-octahydro-10-hydroxy-7,8-dimethyl-7-[(2Z)-3-methylpenta-2,4-dien-1-yl]naphtho[1,8a-c]furan-5-yl Butanoate', 'Casearin L; (1R*,3S*,5S*,6aR*,7R*,8R*,9S*,10S*,10aR*)-1,10-Bis(acetyloxy)-3,5,6,6a,7,8,9,10-octahydro-9-hydroxy-5-methoxy-7,8-dimethyl-7-[(2Z)-3-methylpenta-2,4-dien-1-yl]naphtho[1,8a-c]-furan-3-yl Butanoate', 'Platydesmine', 'Leiokinine A', 'Cabraleadiol', 'schaftoside', ""(2S)-Methyl-8-isopentyl-2-methyl-2-(4'-methylpentyl)chroman-6-carboxylate"", '3,4,5-Triacetoxybenzoic acid', '6-[ 8(Z),11(Z) -pentadecadienyl] salicylic acid', '6-[8(Z)-pentadecenyl]salicylic acid', '(2S)-2-methyl-8-(3""-methylbut-2""-enyl)-2-(4\'-methylpent-3\'-enyl)-2H-chromene-6-carboxylic acid', 'Burchellin', '5-[8(Z)-pentadecenyl]resorcinol', 'Luteolin; 2-(3,4-dihydroxyphenyl)-5,7-dihydroxy-4H-chromen-4-one', 'Sinapic acid', '19,20-Epoxycytochalasin Q', 'Casearin S', '11β-acetoxyobacunone', '1-(5,7-dihydroxy-2,2-dimethylchroman- 6-yl)-3-[4-hydroxy-3-(3-methylbut-2-en-1-yl)- phenyl]propan-1-one', '(3R,4R)-4,7-Dihydroxymellein', ""Nitensoside B; Pedalitin 6-O-α-rhamnopyranosyl(1'''→6'')-β-glucopyranoside"", 'Amentoflavone', 'Methyl gallate', '3-O-β-D-quinovopyranosyl cincholic acid', 'Afzelin, 3-O-α-rhamnosyl kaempferol', 'Egonol', 'N-[10- (13,14-methylenedioxyphenyl)-7(E)-pentaenoyl]-pyrrolidine', '2-Methyl-5-methoxy-benzopyran-4-one', '3,4-dihydroxybenzoic acid geranyl ester', 'N-[10-(13,14-methylenedioxyphenyl)-7(E),9(Z)-pentadienoyl]-pyrrolidine', 'Gedunin', 'Pedalin, pedalitin 6-O-β -glucopyranoside', 'Syringic acid', '(+)-3-O-feruloylcassine', '1-(5,7-dihydroxy-2,2-dimethylchroman-6-yl)-3-(1,1,4a-trimethyl-2,3,4,4a,9a-hexahydro-1H-xanthen-7-yl)propan-1-one', 'Methyl (E)-6,7,8-trimethoxycinnamate', '3,4,5-Trimethoxyphenyl-1-O-β-D-(5-O-syringoyl)-apiofuranosyl-(1→6)-β-D-glucopyranoside', '6-[8(Z),11(Z),14-pentadecatrienyl]salicylic acid', 'Sorbifolin', ""Nitensoside A; Sorbifolin 6-O-α-rhamnopyranosyl(1'''→6'')-β-glucopyranoside"", 'Casearin O; (1R*,3S*,5S*,6aR*,7R*,8R*,9S*,10S*,10aR*)-1,10-Bis(acetyloxy)-5-methoxy-7,8-dimethyl-7-[(2Z)-3-methylpenta-2,4-dien-1-yl]-3,5,6,6a,7,8,9,10-octahydronaphtho[1,8a-c]furan-3,9-diyl Dibutanoate', 'germacrene D', '6-pentadecylsalicylic acid', 'Casearupestrin A', '2-oxo-piperol B; (7S*, 8R*, 1R*, 3R*)-3,4,5-trimethoxy-3,7-cyclo-8,1-neolig-8-ene-2,4(3H)-dione', 'taxifolin', ""(2'S)-2-(propan-2'-ol)-5-hydroxy-benzopyran-4-one"", 'Rel-(+)-(7S,9R,10S)-3,9,12-trihydroxycalamenene', ""Myrsinoic acid A, 3-Geranyl-4-hydroxy-5-(3'',3''-dimethylallyl)benzoic acid"", '20α-Hydroxymaytenin; 20-hydroxy-20-epi-tingenone', '(-)-Epigallocatechin-3-O-gallate', 'Casearin D; (1R*,3S*,5S*,6aR*,7R*,8R*,9S*,10S*,10aR*)-1-(Acetyloxy)-3,5,6,6a,7,8,9,10-octahydro-5,10-dihydroxy-7,8-dimethyl-7-[(2Z)-3-methylpenta-2,4-dien-1-yl]naphtho[1,8a-c]furan-3,9-diyl Dibutanoate', 'Rel. (+)-(7S,10S) 3,12-dihydroxycalamenene', 'carlinoside', 'Methyl-8-(ethanoyloxy)-2,2-dimethyl-2H-chromene-6-carboxylate', 'arjunolic acid', 'stachysterone', 'Ethyl 2,4-dihydroxy-5,6-dimethylbenzoate', 'Amentoflavone 7”,4”’-dimethyl ether', 'Picramnioside F', 'Lauryl gallate', 'Syringaldehyde', '4-Nerolidilcatechol', ""2-(2'-O-transcoumaroyl)-C-β-D-glucopyranosyl-1,3,6,7-tetrahydroxyxanthone"", '22-hydroxytirucalla-7,24-diene-2,3-dione', 'Trans-3’-methylsulphonylallyl trans-cinnamate', '(3-(2-(4-hydroxyphenyl)-2-oxoethyl)-5,6-dihydropyridin- 2(1H)-one)', 'Mangiferin', 'Salacin', 'Viburgenin', ""Pterogynoside; Kaempferol-3-O-(3''-O-4'''-methylgallate-α-L-rhamnoside)"", 'Isobutyl gallate', '7′-multijuguinone', 'Griseofulvin', ""7-Hydroxy-4',6-dimethoxyisoflavone; Afrormosin; Afromosin"", '8-methoxymellein', '(±)-Syringaresinol', 'Cyclo-(L-Pro-L-Val)', 'Acetonide of odoratol', 'Methyl-2,2-dimethylchroman-6-carboxylate', 'Fagaramide', 'Chalepin', 'Chlorogenic acid', '(4R)-4,8-dihydroxy-α-tetralone', 'Kaempferol', '3-O-β-D-quinovopyranosyl quinovic acid', '2-hydroxyphenylacetic acid']]",doi_name
"['10.1021/jf00030a035', '6-[8(Z),11(Z),14-pentadecatrienyl]salicylic acid']","['10.1021/jf00030a035', ['4-metoxi-6-[2-(metilamino)fenil]- 2H-piran-2-ona', 'Tagitinin C', '1-methoxy-3-hydroxy-3,10b-4,5a-diepoxy-8b-isobutyroyloxygermacr-11(13)-en-6a,12-olide', ""3,4-dimethyl-2-(4'-hydroxy-3',5'-dimethoxyphenyl)-5-methoxy-tetrahydrofuran"", ""3',4',5',3,5,7,8-heptamethoxyflavone"", ""3,5,6,7,3',4',5'-heptamethoxyflavonol"", 'Hinesol', 'γ-eudesmol', 'α-eudesmol', 'guaiol', 'Kaempferol-3-O-D-galactopyranoside', 'Kaempferol-3-O-D-glucopyranoside', 'Quercetin-3-O-α-L-rhamnopyranosyl-(1→6)-β-D-galactopyranoside', 'Kaempferol-3-O-rutinoside', 'Kaempferol-3-O-α-L-rhamnopyranosyl-(1-6)-α-L-rhamnopyranosyl-(1-4)-β-D-glucopyranoside', '6-Hydroxy-rutin', 'Kaempferol-3-O-α-L-rhamnopyranosyl-(1→6)-β-D-galactopyranoside', 'Catechin, Ent-catechin', 'Procyanidin B-3', 'Pimara-7,15-dien-3β-ol', '(22E,24R)-ergosta-4,6,8(14),22-tetraen-3-one', '8-hydroxy-6-methoxy-3-methylisocoumarin', 'Ergosterol peroxide', 'Dimethyl terephthalate', 'Taraxerol acetate', 'α-Gardiol', 'Ferulic acid', 'β-Gardiol', 'Teucrein', '11-O-trans-feruloylteucrein', 'Apodanthoside', 'Galioside', 'Galioside aglicone', '(+)-α-Hydroxyerysotrine', '(+)-Erythravine', '(+)-11α-Hydroxyerythravine', '5,7-dimethoxy-2,2-dimethyl-2H-1-benzopyran-6-propanoic acid', 'Aphidicolin', 'Anhydrofusarubin', 'Beauvericin', 'Nitensidine D', 'Nitensidine E', ""4-Hydroxy-3-(3',7'-dimethyl-3'-hydroxy-1'-oxo-6'-octenyl)benzoic acid"", ""Sakuranetin; 5,4'-dihydroxy-7-methoxyflavanone"", ""4-Hydroxy-(3',7'-dimethyl-1'-oxo-octa-2'-E-6'-dienyl)benzoic acid"", ""Isosakuranetin; 5,7-dihydroxy-4'-methoxyflavanone"", ""1,4-Dihydroxy-2-(3',7'-dimethyl-1'-oxo-2'-E-6'-octadienyl)benzene"", ""2-(1'-pentenyl)-Quinoline"", '2-n-Pentylquinoline', '2-n-Propylquinoline', ""2-(3',4'-methylenedioxyphenylethyl)-Quinoline"", 'Farnisine', '19´-(3,4-Methylenedioxyphenyl)-nonadecanoic acid', 'Sargachromenol', ""7,4'-Dihydroxyflavone"", 'Sargaquinoic acid', '(+)-Guaiacin', '21´-(3,4-Methylenedioxyphenyl)-henicosanoic acid', ""7,4'-Dimethoxyflavone"", 'Fasciculiferin', ""Juruenolic acid; 2-(4'-Methylpentenyl-3)-10-oxoundecan-2,6-dienoic acid"", 'Tithonine', '17-(3,4-Methylenedioxyphenyl)-heptadecanoic acid', 'penduletin 4-O-methyl ether', '2α,3α,19α- trihydroxyurs-12-en-28-oic acid', '3,3-O-dimethylquercetin', '3,7,4-O-trimethylkaempferol', '3-O-methylquercetin', 'Chrysoeriol', 'acacetin', 'p-hydroxybenzoic acid', '2α,3α-dihydroxyolean-12- en-28-oic acid', 'Deoxycordifoline', '3,4-dehydro-strictosidine', '5α-carboxystrictosidine', 'Harman-3-carboxylic acid', 'Cordifoline', 'Strictosidine acid', '3,4-dehydrostrictosidine acid', 'Turbinatine', 'Methyl (3R,4R,5R)-3-{[(2E)-3-(3,4-dihydroxyphenyl)-2-propenoyl]oxy}-1,4,5-trihydroxycyclohexanecarboxylate', 'Methyl (3R,4R,5R)-3-{[(2Z)-3-(3,4-dihydroxyphenyl)-2-propenoyl]oxy}-1,4,5-trihydroxycyclohexanecarboxylate', '9-hydroxyeugenin', 'Mycoleptone A', 'Mycoleptone A tetraacetate', 'Austdiol diacetate', 'Eugenitin', 'Austdiol', 'Mycoleptone B', '6-methoxyeugenin', 'β-caryophyllene, trans-caryophyllene', 'astilbin; Rel-(2R, 3R)-dihydroquercetin-3-O-±-L-rhamnoside', 'Nectandrin B', 'Verrucosin', 'Epi-guaiacin', '7-Methyl-sargachromenol; 2,7,8-Trimethyl-2-[(3-E,7-Z)-4,12-dimethyl-8-carboxyl-3,7,11-tridecatrienyl]-3-chromen-6-ol, β-caroteno', ""2'-hydroxy-3,4,4'-trimethoxy-5',6'-(2'',2''-dimethylpyrano)-chalcone"", ""3',4'-methylenedioxy-5,5',6,7-tetramethoxyflavone"", ""3',4'-methylenedioxy-5,6,7- trimethoxyflavone"", ""3',4'-methylenedioxy-5,7-dimethoxyflavone"", '5,7-dimethoxy-2,2-dimethyl-2H-1-benzopyran-6-propanoate', 'Chlorogenic acid methyl ester, Methyl (1S,3R,4R,5R)-3-{[(2E)-3-(3,4-dihydroxyphenyl)-2-propenoyl]oxy}-1,4,5-trihydroxycyclohexanecarboxylate', '3,21-Di-epi-feroniellide B', '21β,25-dimethylmelianodiol', '21α,25-dimethylmelianodiol', ""Rel-(7R,8S,7'S,8'S)-4',5'-methylenedioxy-3,4,5,3'-tetramethoxy-7,7'-epoxylignan"", ""Rel-(7R,8S,7'S,8'S)-4-hydroxy-4',5'-methylenedioxy-3,5,3'-trimethoxy-7,7'-epoxylignan"", ""Rel-(7R,8S,7'S,8'S)-4,5,4',5'-dimethylenedioxy-3,3'-dimethoxy-7,7'-epoxylignan"", ""Rel-(7R,8S,7'S,8'S)-4'-hydroxy-3,4,5,3',5'-pentamethoxy-7,7'-epoxylignan"", ""Rel-(7R,8S,7'S,8'S)-9-hydroxy-4',5'-methylenedioxy-3,4,5,3'-tetramethoxy-7,7'-epoxylignan"", 'Pellitorine', '(3Z,5Z)-N-isobutyl-8-(30,40-methylenedioxy-phenyl)-heptadienamide', '4,5-dihydropiperlonguminine; Piperlonguminine', 'Piperine', ""N-[3-(6'-methoxy-3',4'-methy-lenedioxyphenyl)-2(Z)-propenoyl]pyrrolidine"", '4,5-dihydropiperyline', '(E)-piplartine', '(Z)-piplartine; 8(Z)-N-(12,13, 14-trimethoxycinnamoyl)- 3-pyridin-2-one', '8,9-dihydropiplartine; N-(12,13,14-trimethoxydihydrocinnamoyl)-Δ3-pyridin-2-one', '10,11-dihydropiperine; Δα,β-dihydropiperine', ""Isoswertisin-2''α1-L-rhamnoside"", '2-Episesalatin', 'Sesartemin', 'Clusifoliol', ""Isoswertisin-4'-methyl-ether-2''α-L-rhamnoside"", 'bis-5-hydroxyacronycine', '2,3-dihydro-4,9-dihydroxy-2-(2-hydroxy-propan-2-yl)- 11-methoxy-10-methylfuro[3,2-b]acridin-5(10H)-one', 'Citibrasine', ""4-Hydroxy-(3',7'-dimethyl-1'-oxo-octa-2'-Z-6'-dienyl)benzoic acid"", ""Aduncumene; Methyl 2-methoxy-5-(3'-methyl-1'-oxo-2'-butenyl)benzoate"", ""Methyl 4-hydroxy-3-(3'-methyl-2'-hydroxy-3'-butenyl)benzoate"", 'Piperaduncine B', 'Methyl 2,2-dimethyl-1-oxo-2H-1-benzopyran-6-carboxylate', ""4-Hydroxy-3-(3',7'-dimethylocta-2'-E-6'-dienyl)benzoic acid"", ""Hostmaniene; 4-Hydroxy-3-(2',3'-dihydroxy-3'-methylbutyl)benzoate"", ""Methyl 4-hydroxy-3-(3'-methyl-2'-butenyl)benzoate"", ""Methyl taboganate; Methyl 4-hydroxy-3-(3'-methyl-1'-oxo-2'-butenyl)benzoate"", ""2',6'-Dihydroxy-4'-methoxydihydrochalcone"", '3,4,5-Trimethoxydihydrocinnamic acid', '(-)-3-O-acetyl-spectaline', 'Secoxyloganin', '7-Methoxydiderroside', ""6'-Acetyl-β-D-glucopyranosyldiderroside"", 'Diderroside', 'Piscidinol A', 'Iso-odoratol', '3,11-dioxoolean-12-en-28- onic acid', 'cryptomeridiol', 'Pentaol', 'Oleanonic acid', 'Nilocetin', 'Hispidol A', 'Methacrylic acid', 'Cusculine; 1,2,3,5,6-pentamethoxy-9-acridone', 'Cuspanine; 1-hydroxy-2,3,5,6-tetramethoxy-9-acridone', 'Xanthyletin', 'Stearic acid 4-pentoyloxyphenethyl ester', '3,4-dihydro-3,5,8-trihydroxy-6-methoxy-2,2,7-trimethyl-2Hpyrano[ 2,3-a]acridin-12(7H)-one', '5-hydroxynoracronycine; Atalaphyllidine', 'Citrusinine-I', 'Glycocitrine-I', '1,3,5-trihydroxy-4-methoxy-10-methyl- 2,8-bis(3-methylbut-2-enyl)acridin-9(10H)-one', 'Pyranofoline', '1,3,5-trihydroxy- 2,8-bis(3-methylbut-2-enyl)-10-methyl-9-acridone', 'Citrusinine-II', 'Glycocitrine-IV', 'Isopimpinellin', 'cyclo (L)-Pro-Gly', ""4-Methoxy-3-(3',7'-dimethylocta-2'-E-6'-dienyl)benzoic acid"", 'Methyl-8-hydroxy-2,2-dimethyl-2H-chromene-6-carboxylate', ""3-(3',7 '-dimethyl-2',6 '-octadienyl)-4-methoxy-benzoic acid"", '2α,3α-Dihydroxy-urs-12-en-28-oic acid', 'Haplotusine', '2-phenyl-4H-chromen-4-one', 'β-Sitosterol benzoate', '5-hydroxyflavone', '3-O-β-D-(6’-methyl)-glucopyranosyl-28-O-β-D-glucopyranosyl-oleanate', 'Oleanolic acid 3-sophoroside', 'Sinapyl 4-O-β-D-glucopyranoside aldehyde', 'Sinapyl 4-O-β-D-glucopyranoside alcohol', 'N-acetylnonaine', 'Liriodenine', '[10]-gingerol', ""2,4-Dihydroxy-6-[(1'E,3'E)-penta-1', 3'-dienyl]-benzaldehyde"", '2-methyl-5-[8(Z)-pentadecenyl]resorcinol', 'Nitensidine A', '2-hydroxyphenylacetic acid', '3-O-β-D-quinovopyranosyl quinovic acid', 'scillascillin', 'Kokusaginine', ""2-(2'-O-trans-caffeoyl)-C-β-D-glucopyranosyl-1,3,6,7-tetrahydroxyxanthone"", 'Netzahualcoyene', 'Casearin X Dialdehyde; (2R*,4aS*,5S*,7R*,8R*,8aS*)-4,4a-Diformyl-1,2,4a,5,6,7,8,8a-octahydro-5-hydroxy-7,8-dimethyl-8-[(2Z)-3-methylpenta-2,4-dien-1-yl]naphthalen-2-yl Butanoate', 'polypodine B', 'n-Propyl gallate', ""3',4',5',5,7,8-hexamethoxyflavone"", 'Isopropyl gallate', '6β-hydroxy-7-epigardoside methyl ester', 'Leptomerine', '5-hydroxy-N-methylseverifoline', '19,20-Epoxycytochalasin N', 'ellagic acid 4-O-α-L-rhamnopyranoside; eschweilenol C', 'Mayoside C', 'Ourateacatechin', ""3',4',5',5,7-pentamethoxyflavone"", '2-methyl-5-pentadecylresorcinol', '3β-hydroxy-stigmast-5-en-7-one; 24-β-7-oxositosterol', 'Griseofulvin', ""7-Hydroxy-4',6-dimethoxyisoflavone; Afrormosin; Afromosin"", '8-methoxymellein', '(±)-Syringaresinol', 'Cyclo-(L-Pro-L-Val)', 'Acetonide of odoratol', '(−)-Grandisin', '2,7-Di-O-acetylcasearupestrin A', 'Nitensidine B', '1-methyl-2-n-nonyl-4-quinolone', '5-[8(Z),11(Z),14-pentadecatrienyl]resorcinol', 'Piperol B', '(-)-Hardwickiic acid', ""5-[3''-(β-D-glucopyranosyloxy)propyl]-7-methoxy-2-(3',4'-methylenedioxyphenyl)benzofuran"", '28-O-β-D-glucopyranosyl quinovic acid', '2-Methyl-4-hydroxy-butyl caffeoate', 'N-1,N-2,N-3-Triisopentenylguanidine', 'Dibenzyl trisulphide', 'Maytenin, Tingenone', 'Maculosidine', 'Kaempferol', ""8-hydroxy-3,5,7,3',4',5'-hexamethoxyflavonol"", 'Odoratol', 'Podocarpusflavone A', 'Casearupestrin C', '6α-malonyloxy-n-butyl ester manoyl oxide', 'citrusinine-I', 'Ricinine', 'Leptophyllin A', '5-pentadecylresorcinol', 'urauchimycin B', 'Homoegonol', '[8]-gingerol', '4-Hydroxymellein', '5-hydroxymellein', 'fraxinellonone', 'Dibenzyl sulphide', '(-) Cis-4-hydroxy-6-deoxyscytalone', ""Methyl-2,2-dimethyl-8-(3'-methylbut-2'-enyl)chroman-6-carboxylate"", 'Rel-2α-hydroxyzuelanin-6β-benzoate', '2,6-di-O-acetylcasearupestrin D', 'Plumericin', '5-[8(Z),11(Z)-pentadecadienyl]resorcinol', '(-)-Spectalinine', '19,20-Epoxycytochalasin D', 'fumiquinozoline F', 'Kaempferol 3-O-α-L-rhamnopyranosyl (1→6)-O-[β -D-glucopyranosyl (1→3)-O-α-L-rhamnopyranosyl-(1→2)]-O-β -D-glucopyranosyl', '3β-O-[α-L-rhamnopyranosyl-(1→2)-O-β-D-glucopyranosyl-(1→2)-O-β-D-glucopyranosyl]-28-O-β-D-glucopyranoside pomolate', 'Dibenzyl tetrasulphide', ""2',5-dihydroxy-3-methoxy-8-dimethylallyl-6, 7-(2' ',2''-dimethylpyrano)-dihydroflavonol"", '2-n-nonyl-4-quinolone', 'Cytochalasin D', 'Isoorientin', 'Uracil', 'urauchimycin A', '2-methyl-5-[8(Z),11(Z),14-pentadecatrienyl]resorcinol', '20-hydroxyecdysone; polypodine A', '3-Acetyl aleuritolic acid', 'Alkenoic acid', 'Caseobliquin A', 'Methyl angolensate', ""5-(3'' -Hydroxypropyl)-7-methoxy-2-(3',4' -methyl-enedioxyphenyl)benzofuran"", '22β-hydroxypristimerin', '1- (5,7-dihydroxy-2,2-dimethylchroman-6-yl)-3-(2,2-dimethylchroman- 6-yl)propan-1-one', 'Canavaline', 'Di-hydrodehydrodiconiferyl alcohol', 'Quercetin', ""2-(2'-O-trans-cinnamoyl)-C-β-D-glucopyranosyl-1,3,6,7-tetrahydroxyxanthone"", 'Ocotillone', 'des-N-methylnoracronycine', 'Sorbifolin 6-O-β-glucopyranoside', 'toonacilin', 'Netzahualcoyondiol', 'Pristimerin; 20α-3-hydroxy-2-oxo-24-nor-friedela-1-10,3,5,7-tetraen-carboxylic acid-29-methylester', '3,4,5-trimethoxyphenyl 1-O-β-D-apiofuranosyl-(1→6)-O-β-D-glucopyranoside', 'β-photogedunin', 'n-Butyl gallate', ""5-[3''-(β-D-glucopyranosyloxy)propyl]-7-methoxy-2-(3',4'-dimethoxyphenyl)benzofuran"", '3,12-Dihydroxycadalene', '7-hydroxy-3- (11-dimethylallyl)-8-methoxycoumarin', 'p-Coumaric acid', '(-)-Epigallocatechin', 'Netzahualcoyonol', '1-[3-(3,7-dimethylocta-2,6-dien-1-yl)-2,4,6- trihydroxyphenyl]-3-(4-hydroxyphenyl)propan-1-one', '6α-malonyloxymanoyl oxide', 'Benzylhydroxymethyl sulphide', '1,6-di-O-caffeoyl-β-D-glucopyranoside', 'n-Pentyl gallate', 'Orcinol', 'Periconicin B', 'Phomopsilactone', ""(2S)-8-Isopentyl-2-methyl-2-(4'-methylpentyl)chroman-6-carboxylic acid"", '2,2-dimethyl-2H-chromene-6-carboxylic acid', '1,2-dihydro- 3β-hydroxy-7-deacetoxy-7-oxogedunin', 'Photogedunin', 'Casearin X; (1R*,3S*,5S*,6aR*,7S*,8S*,10R*,10aR*)-1-(Acetyloxy)-3,5,6,6a,7,8,9,10-octahydro-10-hydroxy-7,8-dimethyl-7-[(2Z)-3-methylpenta-2,4-dien-1-yl]naphtho[1,8a-c]furan-3,5-diyl Dibutanoate', 'α-L-xylopyranosyl-(4""→20)-(3-O-β-D-glucopyranosyl)-1\'-O-E-caffeoyl-β-D-glucopyranoside', ""2-(R)-Methyl-6-(S)-(tetradecyl-13'-one)-3(R)-O-tert-butyldimethylsilyl-piperidine"", 'Quercetin 3-O-α-L-rhamnopyranosyl (1→6)-O-[β -D-glucopyranosyl (1→3)-O-α-L-rhamnopyranosyl-(1→2)]-O-β -D-glucopyranosyl', 'Heveaflavone', 'Arboreumine', '3-Oxoursolic acid', 'Casearupestrin B', 'Piperyline, N-[10-(13,14-methylenedioxyphenyl)-7(E),9(E)-pentadienoyl]-pyrrolidine', 'ω-fenil alcanoic acid', '2-butyl-D-fructofuranoside', ""Gaudichaudianic acid; (2S)-2-methyl-2-(4'methyl-3'-pentenyl)-8-(3''-methyl-2-butenyl)- 2H-1-benzopyran-6-carboxylic acid"", 'limonexic acid', 'Skimmianine', 'p-hydroxybenzoic acid-geranyl ester', 'Dibenzyl disulphide', 'Proanthocyanidin', 'neoisoastilbin', '(R)-7-Hydroxymellein', ""N-[7-(3',4'-methylenedioxyphenyl)-2(Z),4(Z)-heptadienoyl]pyrrolidine"", ""Acteoside; [β-3,4-dihydroxyphenyl)-ethyl]-(3'-O-α-L-rhamnopyranosyl)-(4'-O-cafeoyl)-β-D-glycopyranoside, verbascoside"", 'Pedalitin', '1-O-(E)-feruloyl-β-D-glucopyranoside', '19,20-Epoxycytochalasin C', 'Methyl-8-hydroxy-2,2-dimethylchroman-6-carboxylate', 'Di(benzyltrithio) methane', '3,11,12-Trihydroxycadalene', 'Quercetin 3-O-sophoroside', '(3R,4R)-3,4-Dihydro-4,6-dihydroxy-3-methyl-1-oxo-1H-isochromene-5-carboxylic acid', '24-methylene-3,22-dihydroxycholesterol', 'amorphispironone', 'Casearupestrin D', 'Chaetoglobosin B', ""2-(2'-O-benzoyl)-C-β-D-glucopyranosyl-1,3,6,7-tetrahydroxyxanthone"", 'Isoplumericin', 'N-[10-(13,14-methylenedioxyphenyl)-7(E),9(Z)-pentadienoyl]-pyrrolidine', '6-[8(Z)-pentadecenyl]salicylic acid', '(2S)-2-methyl-8-(3""-methylbut-2""-enyl)-2-(4\'-methylpent-3\'-enyl)-2H-chromene-6-carboxylic acid', '(2S)-Methyl-2-methyl-8-(3""-methylbut-2""-enyl)-2-(4\'-methylpent-3\'-enyl)-2H-chromene-6-carboxylate', 'Casearin T', 'Gedunin', 'Burchellin', '5-[8(Z)-pentadecenyl]resorcinol', 'Luteolin; 2-(3,4-dihydroxyphenyl)-5,7-dihydroxy-4H-chromen-4-one', 'Sinapic acid', '19,20-Epoxycytochalasin Q', '19,20-Epoxycytochalasin R', 'Muraxanthone', '3,4,5-Triacetoxybenzoic acid', 'Odoratone', 'Rel-6β-hydroxyzuelanin-2β-benzoate', 'shidasterone', '5-hydroxymethyl- 2-furancarboxaldehyde; 5-hydroxymethyl-2-furfuraldehyde', 'atalaphyllinine', 'N-[10- (13,14-methylenedioxyphenyl)-7(E)-pentaenoyl]-pyrrolidine', '6α-acetoxymanoyl oxide', 'Rel-(+)-(7S,9R,10S)-3,9,12-trihydroxycalamenene', 'Casearin S', '11β-acetoxyobacunone', '2-Methyl-5-methoxy-benzopyran-4-one', '3,4-dihydroxybenzoic acid geranyl ester', '6α-acetoxy-14β,15β-epoxyazadirone', 'epoxy-fraxinellone', '12′-hydroxy-7′-multijuguinone', 'Kaempferitrin', 'Nitensidine C', 'Dipropyl disulphide', '2-methyl-5-[8(Z),11(Z)-pentadecadienyl]resorcinol', 'Methyl 6,7,8-trimethoxydihydrocinnamate', '2-Hexyl-3-methyl-butanodioic acid', 'fraxinellone', '6-[ 8(Z),11(Z) -pentadecadienyl] salicylic acid', 'Salacin', '6-pentadecylsalicylic acid', 'Methyl-2,2-dimethylchroman-6-carboxylate', ""Myrsinoic acid A, 3-Geranyl-4-hydroxy-5-(3'',3''-dimethylallyl)benzoic acid"", 'Pedalin, pedalitin 6-O-β -glucopyranoside', 'Caseargrewiin F; (1R*,3S*,5S*,6aR*,7S*,8R*,10R*,10aR*)-1,3-Bis(acetyloxy)-3,5,6,6a,7,8,9,10-octahydro-10-hydroxy-7,8-dimethyl-7-[(2Z)-3-methylpenta-2,4-dien-1-yl]naphtho[1,8a-c]furan-5-yl Butanoate', 'Casearin L; (1R*,3S*,5S*,6aR*,7R*,8R*,9S*,10S*,10aR*)-1,10-Bis(acetyloxy)-3,5,6,6a,7,8,9,10-octahydro-9-hydroxy-5-methoxy-7,8-dimethyl-7-[(2Z)-3-methylpenta-2,4-dien-1-yl]naphtho[1,8a-c]-furan-3-yl Butanoate', 'Platydesmine', 'Leiokinine A', 'Cabraleadiol', 'schaftoside', ""(2S)-Methyl-8-isopentyl-2-methyl-2-(4'-methylpentyl)chroman-6-carboxylate"", 'Casearupestrin A', '2-oxo-piperol B; (7S*, 8R*, 1R*, 3R*)-3,4,5-trimethoxy-3,7-cyclo-8,1-neolig-8-ene-2,4(3H)-dione', 'taxifolin', ""(2'S)-2-(propan-2'-ol)-5-hydroxy-benzopyran-4-one"", '6-[8(Z),11(Z),14-pentadecatrienyl]salicylic acid', 'Sorbifolin', ""Nitensoside A; Sorbifolin 6-O-α-rhamnopyranosyl(1'''→6'')-β-glucopyranoside"", 'Casearin O; (1R*,3S*,5S*,6aR*,7R*,8R*,9S*,10S*,10aR*)-1,10-Bis(acetyloxy)-5-methoxy-7,8-dimethyl-7-[(2Z)-3-methylpenta-2,4-dien-1-yl]-3,5,6,6a,7,8,9,10-octahydronaphtho[1,8a-c]furan-3,9-diyl Dibutanoate', 'germacrene D', '1-(5,7-dihydroxy-2,2-dimethylchroman- 6-yl)-3-[4-hydroxy-3-(3-methylbut-2-en-1-yl)- phenyl]propan-1-one', '(3R,4R)-4,7-Dihydroxymellein', ""Nitensoside B; Pedalitin 6-O-α-rhamnopyranosyl(1'''→6'')-β-glucopyranoside"", 'Methyl gallate', '3-O-β-D-quinovopyranosyl cincholic acid', 'Afzelin, 3-O-α-rhamnosyl kaempferol', 'Egonol', '4-Nerolidilcatechol', ""2-(2'-O-transcoumaroyl)-C-β-D-glucopyranosyl-1,3,6,7-tetrahydroxyxanthone"", 'Syringic acid', '(+)-3-O-feruloylcassine', '(3-(2-(4-hydroxyphenyl)-2-oxoethyl)-5,6-dihydropyridin- 2(1H)-one)', 'Mangiferin', 'Viburgenin', ""Pterogynoside; Kaempferol-3-O-(3''-O-4'''-methylgallate-α-L-rhamnoside)"", 'Isobutyl gallate', '7′-multijuguinone', '20α-Hydroxymaytenin; 20-hydroxy-20-epi-tingenone', '(-)-Epigallocatechin-3-O-gallate', 'Casearin D; (1R*,3S*,5S*,6aR*,7R*,8R*,9S*,10S*,10aR*)-1-(Acetyloxy)-3,5,6,6a,7,8,9,10-octahydro-5,10-dihydroxy-7,8-dimethyl-7-[(2Z)-3-methylpenta-2,4-dien-1-yl]naphtho[1,8a-c]furan-3,9-diyl Dibutanoate', 'Rel. (+)-(7S,10S) 3,12-dihydroxycalamenene', 'carlinoside', 'Methyl-8-(ethanoyloxy)-2,2-dimethyl-2H-chromene-6-carboxylate', 'Amentoflavone', '1-(5,7-dihydroxy-2,2-dimethylchroman-6-yl)-3-(1,1,4a-trimethyl-2,3,4,4a,9a-hexahydro-1H-xanthen-7-yl)propan-1-one', 'Methyl (E)-6,7,8-trimethoxycinnamate', '3,4,5-Trimethoxyphenyl-1-O-β-D-(5-O-syringoyl)-apiofuranosyl-(1→6)-β-D-glucopyranoside', 'Tetrahydropiperyline, N-[10-(13,14-methylenedioxyphenyl)-pentanoyl]-pyrrolidine', 'Piperovatine', '2,4,6-trimethoxybenzoic acid', '1-O-(E)-caffeoyl-β-D-glucopyranoside', 'Gallic acid; 3,4,5-trihydroxybenzoic acid', 'Quercitrin, 3-O-α-rhamnosylquercetin', '2β-Hydroxyzuelanin-6β-cinnamate', 'arjunolic acid', 'stachysterone', 'Ethyl 2,4-dihydroxy-5,6-dimethylbenzoate', 'Amentoflavone 7”,4”’-dimethyl ether', 'Picramnioside F', 'Lauryl gallate', 'Syringaldehyde', '22-hydroxytirucalla-7,24-diene-2,3-dione', 'Trans-3’-methylsulphonylallyl trans-cinnamate', '24-methylenecycloartan-3b-ol', 'Ixoside', 'Cognatine', 'Fagaramide', 'Chalepin', 'Chlorogenic acid', '(4R)-4,8-dihydroxy-α-tetralone']]",doi_name
"['10.1016/j.biortech.2010.01.041', 'p-hydroxybenzoic acid-geranyl ester']","['10.1016/j.biortech.2010.01.041', ['guaiol', 'Hinesol', 'γ-eudesmol', 'α-eudesmol', '11-O-trans-feruloylteucrein', 'Teucrein', 'Galioside aglicone', 'Galioside', 'Apodanthoside', '5,7-dimethoxy-2,2-dimethyl-2H-1-benzopyran-6-propanoate', '7-Methyl-sargachromenol; 2,7,8-Trimethyl-2-[(3-E,7-Z)-4,12-dimethyl-8-carboxyl-3,7,11-tridecatrienyl]-3-chromen-6-ol, β-caroteno', 'Verrucosin', 'Epi-guaiacin', 'Nectandrin B', 'Chlorogenic acid methyl ester, Methyl (1S,3R,4R,5R)-3-{[(2E)-3-(3,4-dihydroxyphenyl)-2-propenoyl]oxy}-1,4,5-trihydroxycyclohexanecarboxylate', ""2-(1'-pentenyl)-Quinoline"", '2-n-Pentylquinoline', '2-n-Propylquinoline', ""2-(3',4'-methylenedioxyphenylethyl)-Quinoline"", '9-hydroxyeugenin', 'Mycoleptone A', 'Austdiol', 'Eugenitin', '6-methoxyeugenin', 'Mycoleptone A tetraacetate', 'Austdiol diacetate', 'Mycoleptone B', 'Taraxerol acetate', 'Secoxyloganin', '7-Methoxydiderroside', 'Diderroside', ""6'-Acetyl-β-D-glucopyranosyldiderroside"", '(-)-3-O-acetyl-spectaline', ""3,4-dimethyl-2-(4'-hydroxy-3',5'-dimethoxyphenyl)-5-methoxy-tetrahydrofuran"", ""4-Hydroxy-3-(3',7'-dimethylocta-2'-E-6'-dienyl)benzoic acid"", ""Methyl 4-hydroxy-3-(3'-methyl-2'-butenyl)benzoate"", '3,4,5-Trimethoxydihydrocinnamic acid', ""2',6'-Dihydroxy-4'-methoxydihydrochalcone"", ""Methyl taboganate; Methyl 4-hydroxy-3-(3'-methyl-1'-oxo-2'-butenyl)benzoate"", 'Methyl 2,2-dimethyl-1-oxo-2H-1-benzopyran-6-carboxylate', 'Piperaduncine B', ""Hostmaniene; 4-Hydroxy-3-(2',3'-dihydroxy-3'-methylbutyl)benzoate"", ""Aduncumene; Methyl 2-methoxy-5-(3'-methyl-1'-oxo-2'-butenyl)benzoate"", ""Methyl 4-hydroxy-3-(3'-methyl-2'-hydroxy-3'-butenyl)benzoate"", ""4-Hydroxy-(3',7'-dimethyl-1'-oxo-octa-2'-Z-6'-dienyl)benzoic acid"", 'Xanthyletin', 'cyclo (L)-Pro-Gly', 'Kaempferol-3-O-rutinoside', 'Kaempferol-3-O-α-L-rhamnopyranosyl-(1→6)-β-D-galactopyranoside', 'Catechin, Ent-catechin', 'Kaempferol-3-O-D-glucopyranoside', 'Quercetin-3-O-α-L-rhamnopyranosyl-(1→6)-β-D-galactopyranoside', '6-Hydroxy-rutin', 'Kaempferol-3-O-D-galactopyranoside', 'Kaempferol-3-O-α-L-rhamnopyranosyl-(1-6)-α-L-rhamnopyranosyl-(1-4)-β-D-glucopyranoside', 'Procyanidin B-3', '(+)-Erythravine', '(+)-11α-Hydroxyerythravine', '(+)-α-Hydroxyerysotrine', 'Tagitinin C', '1-methoxy-3-hydroxy-3,10b-4,5a-diepoxy-8b-isobutyroyloxygermacr-11(13)-en-6a,12-olide', ""3',4'-methylenedioxy-5,6,7- trimethoxyflavone"", ""2'-hydroxy-3,4,4'-trimethoxy-5',6'-(2'',2''-dimethylpyrano)-chalcone"", ""3',4'-methylenedioxy-5,5',6,7-tetramethoxyflavone"", ""3',4'-methylenedioxy-5,7-dimethoxyflavone"", 'penduletin 4-O-methyl ether', '2α,3α,19α- trihydroxyurs-12-en-28-oic acid', '3,3-O-dimethylquercetin', '3,7,4-O-trimethylkaempferol', 'acacetin', 'Chrysoeriol', 'p-hydroxybenzoic acid', '2α,3α-dihydroxyolean-12- en-28-oic acid', '3-O-methylquercetin', '21α,25-dimethylmelianodiol', '21β,25-dimethylmelianodiol', '3,21-Di-epi-feroniellide B', 'Stearic acid 4-pentoyloxyphenethyl ester', 'Anhydrofusarubin', 'Beauvericin', 'Isopimpinellin', 'Aphidicolin', ""4-Methoxy-3-(3',7'-dimethylocta-2'-E-6'-dienyl)benzoic acid"", 'Methyl-8-hydroxy-2,2-dimethyl-2H-chromene-6-carboxylate', ""3-(3',7 '-dimethyl-2',6 '-octadienyl)-4-methoxy-benzoic acid"", '(+)-Guaiacin', ""7,4'-Dihydroxyflavone"", ""7,4'-Dimethoxyflavone"", '21´-(3,4-Methylenedioxyphenyl)-henicosanoic acid', '19´-(3,4-Methylenedioxyphenyl)-nonadecanoic acid', 'Sargaquinoic acid', 'Farnisine', 'Sargachromenol', '17-(3,4-Methylenedioxyphenyl)-heptadecanoic acid', ""Juruenolic acid; 2-(4'-Methylpentenyl-3)-10-oxoundecan-2,6-dienoic acid"", 'Fasciculiferin', 'Tithonine', ""3',4',5',3,5,7,8-heptamethoxyflavone"", ""3,5,6,7,3',4',5'-heptamethoxyflavonol"", 'astilbin; Rel-(2R, 3R)-dihydroquercetin-3-O-±-L-rhamnoside', 'Citibrasine', '2,3-dihydro-4,9-dihydroxy-2-(2-hydroxy-propan-2-yl)- 11-methoxy-10-methylfuro[3,2-b]acridin-5(10H)-one', 'bis-5-hydroxyacronycine', '2-Episesalatin', ""Isoswertisin-2''α1-L-rhamnoside"", 'Sesartemin', ""Isoswertisin-4'-methyl-ether-2''α-L-rhamnoside"", 'Clusifoliol', ""4-Hydroxy-3-(3',7'-dimethyl-3'-hydroxy-1'-oxo-6'-octenyl)benzoic acid"", ""4-Hydroxy-(3',7'-dimethyl-1'-oxo-octa-2'-E-6'-dienyl)benzoic acid"", ""Sakuranetin; 5,4'-dihydroxy-7-methoxyflavanone"", ""Isosakuranetin; 5,7-dihydroxy-4'-methoxyflavanone"", ""1,4-Dihydroxy-2-(3',7'-dimethyl-1'-oxo-2'-E-6'-octadienyl)benzene"", 'Nitensidine E', 'Nitensidine D', ""Rel-(7R,8S,7'S,8'S)-4',5'-methylenedioxy-3,4,5,3'-tetramethoxy-7,7'-epoxylignan"", ""Rel-(7R,8S,7'S,8'S)-4-hydroxy-4',5'-methylenedioxy-3,5,3'-trimethoxy-7,7'-epoxylignan"", ""Rel-(7R,8S,7'S,8'S)-9-hydroxy-4',5'-methylenedioxy-3,4,5,3'-tetramethoxy-7,7'-epoxylignan"", ""Rel-(7R,8S,7'S,8'S)-4,5,4',5'-dimethylenedioxy-3,3'-dimethoxy-7,7'-epoxylignan"", ""Rel-(7R,8S,7'S,8'S)-4'-hydroxy-3,4,5,3',5'-pentamethoxy-7,7'-epoxylignan"", '(Z)-piplartine; 8(Z)-N-(12,13, 14-trimethoxycinnamoyl)- 3-pyridin-2-one', ""N-[3-(6'-methoxy-3',4'-methy-lenedioxyphenyl)-2(Z)-propenoyl]pyrrolidine"", '10,11-dihydropiperine; Δα,β-dihydropiperine', '8,9-dihydropiplartine; N-(12,13,14-trimethoxydihydrocinnamoyl)-Δ3-pyridin-2-one', '4,5-dihydropiperlonguminine; Piperlonguminine', 'Piperine', '4,5-dihydropiperyline', '(E)-piplartine', '(3Z,5Z)-N-isobutyl-8-(30,40-methylenedioxy-phenyl)-heptadienamide', 'Pellitorine', '5,7-dimethoxy-2,2-dimethyl-2H-1-benzopyran-6-propanoic acid', '5-hydroxynoracronycine; Atalaphyllidine', '1,3,5-trihydroxy-4-methoxy-10-methyl- 2,8-bis(3-methylbut-2-enyl)acridin-9(10H)-one', 'Glycocitrine-IV', 'Citrusinine-I', 'Glycocitrine-I', '3,4-dihydro-3,5,8-trihydroxy-6-methoxy-2,2,7-trimethyl-2Hpyrano[ 2,3-a]acridin-12(7H)-one', '1,3,5-trihydroxy- 2,8-bis(3-methylbut-2-enyl)-10-methyl-9-acridone', 'Pyranofoline', 'Citrusinine-II', 'Nilocetin', 'Hispidol A', 'Iso-odoratol', 'Oleanonic acid', 'cryptomeridiol', '3,11-dioxoolean-12-en-28- onic acid', 'Piscidinol A', 'Pentaol', 'Ferulic acid', 'β-Gardiol', 'α-Gardiol', 'Cordifoline', 'Strictosidine acid', '3,4-dehydrostrictosidine acid', 'Deoxycordifoline', 'Harman-3-carboxylic acid', '5α-carboxystrictosidine', '3,4-dehydro-strictosidine', 'Turbinatine', 'Methyl (3R,4R,5R)-3-{[(2Z)-3-(3,4-dihydroxyphenyl)-2-propenoyl]oxy}-1,4,5-trihydroxycyclohexanecarboxylate', 'Methyl (3R,4R,5R)-3-{[(2E)-3-(3,4-dihydroxyphenyl)-2-propenoyl]oxy}-1,4,5-trihydroxycyclohexanecarboxylate', '4-metoxi-6-[2-(metilamino)fenil]- 2H-piran-2-ona', 'Methacrylic acid', 'Pimara-7,15-dien-3β-ol', '8-hydroxy-6-methoxy-3-methylisocoumarin', '(22E,24R)-ergosta-4,6,8(14),22-tetraen-3-one', 'Dimethyl terephthalate', 'Ergosterol peroxide', 'β-caryophyllene, trans-caryophyllene', 'Cusculine; 1,2,3,5,6-pentamethoxy-9-acridone', 'Cuspanine; 1-hydroxy-2,3,5,6-tetramethoxy-9-acridone', '2α,3α-Dihydroxy-urs-12-en-28-oic acid', 'Oleanolic acid 3-sophoroside', '3-O-β-D-(6’-methyl)-glucopyranosyl-28-O-β-D-glucopyranosyl-oleanate', '5-hydroxyflavone', 'β-Sitosterol benzoate', 'Haplotusine', '2-phenyl-4H-chromen-4-one', 'Sinapyl 4-O-β-D-glucopyranoside aldehyde', 'Sinapyl 4-O-β-D-glucopyranoside alcohol', 'N-acetylnonaine', 'Liriodenine', '3β-hydroxy-stigmast-5-en-7-one; 24-β-7-oxositosterol', 'Kokusaginine', ""2-(2'-O-trans-caffeoyl)-C-β-D-glucopyranosyl-1,3,6,7-tetrahydroxyxanthone"", 'Netzahualcoyene', 'Casearin X Dialdehyde; (2R*,4aS*,5S*,7R*,8R*,8aS*)-4,4a-Diformyl-1,2,4a,5,6,7,8,8a-octahydro-5-hydroxy-7,8-dimethyl-8-[(2Z)-3-methylpenta-2,4-dien-1-yl]naphthalen-2-yl Butanoate', 'polypodine B', 'n-Propyl gallate', ""3',4',5',5,7,8-hexamethoxyflavone"", 'Isopropyl gallate', '6β-hydroxy-7-epigardoside methyl ester', 'Tetrahydropiperyline, N-[10-(13,14-methylenedioxyphenyl)-pentanoyl]-pyrrolidine', 'Piperovatine', '2,4,6-trimethoxybenzoic acid', '1-O-(E)-caffeoyl-β-D-glucopyranoside', 'Piperol B', '22-hydroxytirucalla-7,24-diene-2,3-dione', ""8-hydroxy-3,5,7,3',4',5'-hexamethoxyflavonol"", 'Odoratol', 'Leptomerine', '5-hydroxy-N-methylseverifoline', '19,20-Epoxycytochalasin N', 'ellagic acid 4-O-α-L-rhamnopyranoside; eschweilenol C', 'Mayoside C', 'Ourateacatechin', ""3',4',5',5,7-pentamethoxyflavone"", '2-methyl-5-pentadecylresorcinol', '24-methylenecycloartan-3b-ol', 'Ixoside', 'Cognatine', 'Fagaramide', 'Chalepin', 'Chlorogenic acid', '22β-hydroxypristimerin', '1- (5,7-dihydroxy-2,2-dimethylchroman-6-yl)-3-(2,2-dimethylchroman- 6-yl)propan-1-one', 'Canavaline', 'Di-hydrodehydrodiconiferyl alcohol', 'Quercetin', ""2-(2'-O-trans-cinnamoyl)-C-β-D-glucopyranosyl-1,3,6,7-tetrahydroxyxanthone"", 'Ocotillone', 'des-N-methylnoracronycine', 'Sorbifolin 6-O-β-glucopyranoside', 'Rel-2α-hydroxyzuelanin-6β-benzoate', '2,6-di-O-acetylcasearupestrin D', ""Methyl-2,2-dimethyl-8-(3'-methylbut-2'-enyl)chroman-6-carboxylate"", '2,7-Di-O-acetylcasearupestrin A', 'Nitensidine B', '[10]-gingerol', 'Nitensidine A', 'Cytochalasin D', '1-methyl-2-n-nonyl-4-quinolone', '5-[8(Z),11(Z),14-pentadecatrienyl]resorcinol', 'urauchimycin B', 'Homoegonol', '[8]-gingerol', '4-Hydroxymellein', '5-hydroxymellein', 'fraxinellonone', 'Dibenzyl sulphide', '(-) Cis-4-hydroxy-6-deoxyscytalone', 'Plumericin', '5-[8(Z),11(Z)-pentadecadienyl]resorcinol', '(-)-Spectalinine', 'Maculosidine', 'Podocarpusflavone A', 'Uracil', 'urauchimycin A', 'p-Coumaric acid', 'Casearupestrin C', '6α-malonyloxy-n-butyl ester manoyl oxide', 'citrusinine-I', 'Ricinine', 'Leptophyllin A', '5-pentadecylresorcinol', '19,20-Epoxycytochalasin D', 'fumiquinozoline F', 'Kaempferol 3-O-α-L-rhamnopyranosyl (1→6)-O-[β -D-glucopyranosyl (1→3)-O-α-L-rhamnopyranosyl-(1→2)]-O-β -D-glucopyranosyl', '3β-O-[α-L-rhamnopyranosyl-(1→2)-O-β-D-glucopyranosyl-(1→2)-O-β-D-glucopyranosyl]-28-O-β-D-glucopyranoside pomolate', 'Dibenzyl tetrasulphide', ""2',5-dihydroxy-3-methoxy-8-dimethylallyl-6, 7-(2' ',2''-dimethylpyrano)-dihydroflavonol"", '2-n-nonyl-4-quinolone', 'Quercetin 3-O-α-L-rhamnopyranosyl (1→6)-O-[β -D-glucopyranosyl (1→3)-O-α-L-rhamnopyranosyl-(1→2)]-O-β -D-glucopyranosyl', 'Heveaflavone', 'Arboreumine', '3-Oxoursolic acid', 'Casearupestrin B', 'Isoorientin', 'Netzahualcoyondiol', 'Pristimerin; 20α-3-hydroxy-2-oxo-24-nor-friedela-1-10,3,5,7-tetraen-carboxylic acid-29-methylester', '3,4,5-trimethoxyphenyl 1-O-β-D-apiofuranosyl-(1→6)-O-β-D-glucopyranoside', 'β-photogedunin', 'n-Butyl gallate', ""5-[3''-(β-D-glucopyranosyloxy)propyl]-7-methoxy-2-(3',4'-dimethoxyphenyl)benzofuran"", '3,12-Dihydroxycadalene', '7-hydroxy-3- (11-dimethylallyl)-8-methoxycoumarin', ""N-[7-(3',4'-methylenedioxyphenyl)-2(Z),4(Z)-heptadienoyl]pyrrolidine"", ""Acteoside; [β-3,4-dihydroxyphenyl)-ethyl]-(3'-O-α-L-rhamnopyranosyl)-(4'-O-cafeoyl)-β-D-glycopyranoside, verbascoside"", 'Methyl-8-hydroxy-2,2-dimethylchroman-6-carboxylate', 'Pedalitin', '1-O-(E)-feruloyl-β-D-glucopyranoside', '19,20-Epoxycytochalasin C', 'n-Pentyl gallate', 'Orcinol', '(-)-Epigallocatechin', 'Netzahualcoyonol', '1-[3-(3,7-dimethylocta-2,6-dien-1-yl)-2,4,6- trihydroxyphenyl]-3-(4-hydroxyphenyl)propan-1-one', '6α-malonyloxymanoyl oxide', 'Benzylhydroxymethyl sulphide', '1,6-di-O-caffeoyl-β-D-glucopyranoside', '2-methyl-5-[8(Z),11(Z),14-pentadecatrienyl]resorcinol', '20-hydroxyecdysone; polypodine A', '3-Acetyl aleuritolic acid', 'Alkenoic acid', 'Photogedunin', 'Casearin X; (1R*,3S*,5S*,6aR*,7S*,8S*,10R*,10aR*)-1-(Acetyloxy)-3,5,6,6a,7,8,9,10-octahydro-10-hydroxy-7,8-dimethyl-7-[(2Z)-3-methylpenta-2,4-dien-1-yl]naphtho[1,8a-c]furan-3,5-diyl Dibutanoate', 'α-L-xylopyranosyl-(4""→20)-(3-O-β-D-glucopyranosyl)-1\'-O-E-caffeoyl-β-D-glucopyranoside', ""2-(R)-Methyl-6-(S)-(tetradecyl-13'-one)-3(R)-O-tert-butyldimethylsilyl-piperidine"", '(2S)-Methyl-2-methyl-8-(3""-methylbut-2""-enyl)-2-(4\'-methylpent-3\'-enyl)-2H-chromene-6-carboxylate', 'Casearin T', 'Piperyline, N-[10-(13,14-methylenedioxyphenyl)-7(E),9(E)-pentadienoyl]-pyrrolidine', 'ω-fenil alcanoic acid', 'toonacilin', 'Skimmianine', 'p-hydroxybenzoic acid-geranyl ester', 'Dibenzyl disulphide', 'Proanthocyanidin', 'neoisoastilbin', '(R)-7-Hydroxymellein', '6α-acetoxymanoyl oxide', ""5-[3''-(β-D-glucopyranosyloxy)propyl]-7-methoxy-2-(3',4'-methylenedioxyphenyl)benzofuran"", '28-O-β-D-glucopyranosyl quinovic acid', '2-Methyl-4-hydroxy-butyl caffeoate', 'N-1,N-2,N-3-Triisopentenylguanidine', 'Dibenzyl trisulphide', 'Maytenin, Tingenone', 'Gallic acid; 3,4,5-trihydroxybenzoic acid', 'Quercitrin, 3-O-α-rhamnosylquercetin', 'Caseobliquin A', 'Methyl angolensate', ""5-(3'' -Hydroxypropyl)-7-methoxy-2-(3',4' -methyl-enedioxyphenyl)benzofuran"", 'Periconicin B', 'Phomopsilactone', ""(2S)-8-Isopentyl-2-methyl-2-(4'-methylpentyl)chroman-6-carboxylic acid"", '2,2-dimethyl-2H-chromene-6-carboxylic acid', '1,2-dihydro- 3β-hydroxy-7-deacetoxy-7-oxogedunin', 'epoxy-fraxinellone', '12′-hydroxy-7′-multijuguinone', '2-butyl-D-fructofuranoside', ""Gaudichaudianic acid; (2S)-2-methyl-2-(4'methyl-3'-pentenyl)-8-(3''-methyl-2-butenyl)- 2H-1-benzopyran-6-carboxylic acid"", 'limonexic acid', 'Di(benzyltrithio) methane', '3,11,12-Trihydroxycadalene', 'Quercetin 3-O-sophoroside', '(3R,4R)-3,4-Dihydro-4,6-dihydroxy-3-methyl-1-oxo-1H-isochromene-5-carboxylic acid', '24-methylene-3,22-dihydroxycholesterol', 'amorphispironone', 'Casearupestrin D', 'Chaetoglobosin B', ""2-(2'-O-benzoyl)-C-β-D-glucopyranosyl-1,3,6,7-tetrahydroxyxanthone"", 'Isoplumericin', '(-)-Hardwickiic acid', 'Odoratone', 'Rel-6β-hydroxyzuelanin-2β-benzoate', 'shidasterone', '5-hydroxymethyl- 2-furancarboxaldehyde; 5-hydroxymethyl-2-furfuraldehyde', 'atalaphyllinine', 'N-[10-(13,14-methylenedioxyphenyl)-7(E),9(Z)-pentadienoyl]-pyrrolidine', '6-[8(Z)-pentadecenyl]salicylic acid', '(2S)-2-methyl-8-(3""-methylbut-2""-enyl)-2-(4\'-methylpent-3\'-enyl)-2H-chromene-6-carboxylic acid', 'Burchellin', '5-[8(Z)-pentadecenyl]resorcinol', 'Luteolin; 2-(3,4-dihydroxyphenyl)-5,7-dihydroxy-4H-chromen-4-one', 'Sinapic acid', '19,20-Epoxycytochalasin Q', '19,20-Epoxycytochalasin R', 'Muraxanthone', '6α-acetoxy-14β,15β-epoxyazadirone', 'Platydesmine', 'Leiokinine A', 'Cabraleadiol', 'schaftoside', ""(2S)-Methyl-8-isopentyl-2-methyl-2-(4'-methylpentyl)chroman-6-carboxylate"", 'Casearupestrin A', '2-oxo-piperol B; (7S*, 8R*, 1R*, 3R*)-3,4,5-trimethoxy-3,7-cyclo-8,1-neolig-8-ene-2,4(3H)-dione', 'Kaempferitrin', 'Nitensidine C', 'Dipropyl disulphide', '2-methyl-5-[8(Z),11(Z)-pentadecadienyl]resorcinol', 'Methyl 6,7,8-trimethoxydihydrocinnamate', '2-Hexyl-3-methyl-butanodioic acid', 'fraxinellone', '6-[ 8(Z),11(Z) -pentadecadienyl] salicylic acid', '3,4,5-Triacetoxybenzoic acid', '1-(5,7-dihydroxy-2,2-dimethylchroman- 6-yl)-3-[4-hydroxy-3-(3-methylbut-2-en-1-yl)- phenyl]propan-1-one', '(3R,4R)-4,7-Dihydroxymellein', ""Nitensoside B; Pedalitin 6-O-α-rhamnopyranosyl(1'''→6'')-β-glucopyranoside"", 'Methyl gallate', '3-O-β-D-quinovopyranosyl cincholic acid', 'Afzelin, 3-O-α-rhamnosyl kaempferol', 'Egonol', '4-Nerolidilcatechol', ""2-(2'-O-transcoumaroyl)-C-β-D-glucopyranosyl-1,3,6,7-tetrahydroxyxanthone"", 'N-[10- (13,14-methylenedioxyphenyl)-7(E)-pentaenoyl]-pyrrolidine', '2-Methyl-5-methoxy-benzopyran-4-one', '3,4-dihydroxybenzoic acid geranyl ester', 'Gedunin', 'Pedalin, pedalitin 6-O-β -glucopyranoside', 'Caseargrewiin F; (1R*,3S*,5S*,6aR*,7S*,8R*,10R*,10aR*)-1,3-Bis(acetyloxy)-3,5,6,6a,7,8,9,10-octahydro-10-hydroxy-7,8-dimethyl-7-[(2Z)-3-methylpenta-2,4-dien-1-yl]naphtho[1,8a-c]furan-5-yl Butanoate', 'Casearin L; (1R*,3S*,5S*,6aR*,7R*,8R*,9S*,10S*,10aR*)-1,10-Bis(acetyloxy)-3,5,6,6a,7,8,9,10-octahydro-9-hydroxy-5-methoxy-7,8-dimethyl-7-[(2Z)-3-methylpenta-2,4-dien-1-yl]naphtho[1,8a-c]-furan-3-yl Butanoate', '1-(5,7-dihydroxy-2,2-dimethylchroman-6-yl)-3-(1,1,4a-trimethyl-2,3,4,4a,9a-hexahydro-1H-xanthen-7-yl)propan-1-one', 'Methyl (E)-6,7,8-trimethoxycinnamate', '3,4,5-Trimethoxyphenyl-1-O-β-D-(5-O-syringoyl)-apiofuranosyl-(1→6)-β-D-glucopyranoside', '6-[8(Z),11(Z),14-pentadecatrienyl]salicylic acid', 'Sorbifolin', ""Nitensoside A; Sorbifolin 6-O-α-rhamnopyranosyl(1'''→6'')-β-glucopyranoside"", 'Casearin O; (1R*,3S*,5S*,6aR*,7R*,8R*,9S*,10S*,10aR*)-1,10-Bis(acetyloxy)-5-methoxy-7,8-dimethyl-7-[(2Z)-3-methylpenta-2,4-dien-1-yl]-3,5,6,6a,7,8,9,10-octahydronaphtho[1,8a-c]furan-3,9-diyl Dibutanoate', 'germacrene D', 'Salacin', '6-pentadecylsalicylic acid', 'Methyl-2,2-dimethylchroman-6-carboxylate', 'taxifolin', ""(2'S)-2-(propan-2'-ol)-5-hydroxy-benzopyran-4-one"", 'Rel-(+)-(7S,9R,10S)-3,9,12-trihydroxycalamenene', 'Casearin S', '11β-acetoxyobacunone', '(-)-Epigallocatechin-3-O-gallate', 'Casearin D; (1R*,3S*,5S*,6aR*,7R*,8R*,9S*,10S*,10aR*)-1-(Acetyloxy)-3,5,6,6a,7,8,9,10-octahydro-5,10-dihydroxy-7,8-dimethyl-7-[(2Z)-3-methylpenta-2,4-dien-1-yl]naphtho[1,8a-c]furan-3,9-diyl Dibutanoate', 'Rel. (+)-(7S,10S) 3,12-dihydroxycalamenene', 'carlinoside', 'Methyl-8-(ethanoyloxy)-2,2-dimethyl-2H-chromene-6-carboxylate', '2β-Hydroxyzuelanin-6β-cinnamate', 'arjunolic acid', 'stachysterone', 'Ethyl 2,4-dihydroxy-5,6-dimethylbenzoate', 'Amentoflavone 7”,4”’-dimethyl ether', 'Picramnioside F', 'Lauryl gallate', 'Syringaldehyde', 'Syringic acid', '(+)-3-O-feruloylcassine', 'Amentoflavone', 'Trans-3’-methylsulphonylallyl trans-cinnamate', '(3-(2-(4-hydroxyphenyl)-2-oxoethyl)-5,6-dihydropyridin- 2(1H)-one)', 'Mangiferin', 'Viburgenin', ""Pterogynoside; Kaempferol-3-O-(3''-O-4'''-methylgallate-α-L-rhamnoside)"", 'Isobutyl gallate', '7′-multijuguinone', 'Griseofulvin', ""7-Hydroxy-4',6-dimethoxyisoflavone; Afrormosin; Afromosin"", '8-methoxymellein', '(±)-Syringaresinol', 'Cyclo-(L-Pro-L-Val)', 'Acetonide of odoratol', '(−)-Grandisin', ""Myrsinoic acid A, 3-Geranyl-4-hydroxy-5-(3'',3''-dimethylallyl)benzoic acid"", '20α-Hydroxymaytenin; 20-hydroxy-20-epi-tingenone', 'scillascillin', '(4R)-4,8-dihydroxy-α-tetralone', '3-O-β-D-quinovopyranosyl quinovic acid', '2-hydroxyphenylacetic acid', 'Kaempferol', '2-methyl-5-[8(Z)-pentadecenyl]resorcinol', ""2,4-Dihydroxy-6-[(1'E,3'E)-penta-1', 3'-dienyl]-benzaldehyde""]]",doi_name
"['10.1248/cpb.56.723', 'Sorbifolin 6-O-β-glucopyranoside']","['10.1248/cpb.56.723', ['cyclo (L)-Pro-Gly', 'guaiol', 'γ-eudesmol', 'Hinesol', 'α-eudesmol', ""4-Methoxy-3-(3',7'-dimethylocta-2'-E-6'-dienyl)benzoic acid"", 'Methyl-8-hydroxy-2,2-dimethyl-2H-chromene-6-carboxylate', ""3-(3',7 '-dimethyl-2',6 '-octadienyl)-4-methoxy-benzoic acid"", 'Teucrein', '11-O-trans-feruloylteucrein', 'Galioside', 'Apodanthoside', 'Galioside aglicone', '21β,25-dimethylmelianodiol', '21α,25-dimethylmelianodiol', '3,21-Di-epi-feroniellide B', 'Xanthyletin', 'Mycoleptone A', '9-hydroxyeugenin', 'Austdiol', '6-methoxyeugenin', 'Eugenitin', 'Austdiol diacetate', 'Mycoleptone A tetraacetate', 'Mycoleptone B', 'bis-5-hydroxyacronycine', 'Citibrasine', '2,3-dihydro-4,9-dihydroxy-2-(2-hydroxy-propan-2-yl)- 11-methoxy-10-methylfuro[3,2-b]acridin-5(10H)-one', ""3',4'-methylenedioxy-5,6,7- trimethoxyflavone"", ""3',4'-methylenedioxy-5,5',6,7-tetramethoxyflavone"", ""2'-hydroxy-3,4,4'-trimethoxy-5',6'-(2'',2''-dimethylpyrano)-chalcone"", ""3',4'-methylenedioxy-5,7-dimethoxyflavone"", '(-)-3-O-acetyl-spectaline', 'Stearic acid 4-pentoyloxyphenethyl ester', 'Secoxyloganin', '7-Methoxydiderroside', ""6'-Acetyl-β-D-glucopyranosyldiderroside"", 'Diderroside', '5,7-dimethoxy-2,2-dimethyl-2H-1-benzopyran-6-propanoate', 'Nectandrin B', '7-Methyl-sargachromenol; 2,7,8-Trimethyl-2-[(3-E,7-Z)-4,12-dimethyl-8-carboxyl-3,7,11-tridecatrienyl]-3-chromen-6-ol, β-caroteno', 'Verrucosin', 'Epi-guaiacin', 'Piscidinol A', 'Pentaol', 'Iso-odoratol', '3,11-dioxoolean-12-en-28- onic acid', 'cryptomeridiol', 'Oleanonic acid', 'Nilocetin', 'Hispidol A', 'Chlorogenic acid methyl ester, Methyl (1S,3R,4R,5R)-3-{[(2E)-3-(3,4-dihydroxyphenyl)-2-propenoyl]oxy}-1,4,5-trihydroxycyclohexanecarboxylate', 'Isopimpinellin', 'penduletin 4-O-methyl ether', '3,3-O-dimethylquercetin', '2α,3α,19α- trihydroxyurs-12-en-28-oic acid', '3,7,4-O-trimethylkaempferol', '3-O-methylquercetin', 'acacetin', 'Chrysoeriol', 'p-hydroxybenzoic acid', '2α,3α-dihydroxyolean-12- en-28-oic acid', '3,4,5-Trimethoxydihydrocinnamic acid', ""2',6'-Dihydroxy-4'-methoxydihydrochalcone"", 'Methyl 2,2-dimethyl-1-oxo-2H-1-benzopyran-6-carboxylate', ""Methyl 4-hydroxy-3-(3'-methyl-2'-butenyl)benzoate"", 'Piperaduncine B', ""Hostmaniene; 4-Hydroxy-3-(2',3'-dihydroxy-3'-methylbutyl)benzoate"", ""4-Hydroxy-3-(3',7'-dimethylocta-2'-E-6'-dienyl)benzoic acid"", ""Methyl taboganate; Methyl 4-hydroxy-3-(3'-methyl-1'-oxo-2'-butenyl)benzoate"", ""Aduncumene; Methyl 2-methoxy-5-(3'-methyl-1'-oxo-2'-butenyl)benzoate"", ""Methyl 4-hydroxy-3-(3'-methyl-2'-hydroxy-3'-butenyl)benzoate"", ""4-Hydroxy-(3',7'-dimethyl-1'-oxo-octa-2'-Z-6'-dienyl)benzoic acid"", 'Pyranofoline', 'Glycocitrine-I', 'Glycocitrine-IV', 'Citrusinine-I', '5-hydroxynoracronycine; Atalaphyllidine', '3,4-dihydro-3,5,8-trihydroxy-6-methoxy-2,2,7-trimethyl-2Hpyrano[ 2,3-a]acridin-12(7H)-one', '1,3,5-trihydroxy-4-methoxy-10-methyl- 2,8-bis(3-methylbut-2-enyl)acridin-9(10H)-one', 'Citrusinine-II', '1,3,5-trihydroxy- 2,8-bis(3-methylbut-2-enyl)-10-methyl-9-acridone', ""Rel-(7R,8S,7'S,8'S)-4',5'-methylenedioxy-3,4,5,3'-tetramethoxy-7,7'-epoxylignan"", ""Rel-(7R,8S,7'S,8'S)-4-hydroxy-4',5'-methylenedioxy-3,5,3'-trimethoxy-7,7'-epoxylignan"", ""Rel-(7R,8S,7'S,8'S)-4'-hydroxy-3,4,5,3',5'-pentamethoxy-7,7'-epoxylignan"", ""Rel-(7R,8S,7'S,8'S)-4,5,4',5'-dimethylenedioxy-3,3'-dimethoxy-7,7'-epoxylignan"", ""Rel-(7R,8S,7'S,8'S)-9-hydroxy-4',5'-methylenedioxy-3,4,5,3'-tetramethoxy-7,7'-epoxylignan"", 'Clusifoliol', ""Isoswertisin-2''α1-L-rhamnoside"", ""Isoswertisin-4'-methyl-ether-2''α-L-rhamnoside"", '2-Episesalatin', 'Sesartemin', 'Methyl (3R,4R,5R)-3-{[(2Z)-3-(3,4-dihydroxyphenyl)-2-propenoyl]oxy}-1,4,5-trihydroxycyclohexanecarboxylate', 'Methyl (3R,4R,5R)-3-{[(2E)-3-(3,4-dihydroxyphenyl)-2-propenoyl]oxy}-1,4,5-trihydroxycyclohexanecarboxylate', '17-(3,4-Methylenedioxyphenyl)-heptadecanoic acid', ""7,4'-Dihydroxyflavone"", 'Farnisine', 'Sargachromenol', 'Sargaquinoic acid', '19´-(3,4-Methylenedioxyphenyl)-nonadecanoic acid', ""7,4'-Dimethoxyflavone"", '21´-(3,4-Methylenedioxyphenyl)-henicosanoic acid', '(+)-Guaiacin', 'Tithonine', 'Fasciculiferin', ""Juruenolic acid; 2-(4'-Methylpentenyl-3)-10-oxoundecan-2,6-dienoic acid"", ""2-(1'-pentenyl)-Quinoline"", ""2-(3',4'-methylenedioxyphenylethyl)-Quinoline"", '2-n-Pentylquinoline', '2-n-Propylquinoline', 'β-caryophyllene, trans-caryophyllene', ""4-Hydroxy-3-(3',7'-dimethyl-3'-hydroxy-1'-oxo-6'-octenyl)benzoic acid"", ""1,4-Dihydroxy-2-(3',7'-dimethyl-1'-oxo-2'-E-6'-octadienyl)benzene"", ""Isosakuranetin; 5,7-dihydroxy-4'-methoxyflavanone"", ""4-Hydroxy-(3',7'-dimethyl-1'-oxo-octa-2'-E-6'-dienyl)benzoic acid"", ""Sakuranetin; 5,4'-dihydroxy-7-methoxyflavanone"", 'astilbin; Rel-(2R, 3R)-dihydroquercetin-3-O-±-L-rhamnoside', 'Aphidicolin', 'Strictosidine acid', '5α-carboxystrictosidine', '3,4-dehydro-strictosidine', 'Turbinatine', 'Harman-3-carboxylic acid', 'Cordifoline', '3,4-dehydrostrictosidine acid', 'Deoxycordifoline', 'Taraxerol acetate', 'Beauvericin', 'Anhydrofusarubin', 'Methacrylic acid', 'Nitensidine E', 'Nitensidine D', 'Pimara-7,15-dien-3β-ol', 'Dimethyl terephthalate', '8-hydroxy-6-methoxy-3-methylisocoumarin', '(22E,24R)-ergosta-4,6,8(14),22-tetraen-3-one', 'Ergosterol peroxide', '5,7-dimethoxy-2,2-dimethyl-2H-1-benzopyran-6-propanoic acid', '(+)-Erythravine', '(+)-11α-Hydroxyerythravine', '(+)-α-Hydroxyerysotrine', '(3Z,5Z)-N-isobutyl-8-(30,40-methylenedioxy-phenyl)-heptadienamide', 'Pellitorine', ""N-[3-(6'-methoxy-3',4'-methy-lenedioxyphenyl)-2(Z)-propenoyl]pyrrolidine"", '4,5-dihydropiperlonguminine; Piperlonguminine', '8,9-dihydropiplartine; N-(12,13,14-trimethoxydihydrocinnamoyl)-Δ3-pyridin-2-one', 'Piperine', '10,11-dihydropiperine; Δα,β-dihydropiperine', '4,5-dihydropiperyline', '(E)-piplartine', '(Z)-piplartine; 8(Z)-N-(12,13, 14-trimethoxycinnamoyl)- 3-pyridin-2-one', 'Catechin, Ent-catechin', 'Kaempferol-3-O-α-L-rhamnopyranosyl-(1→6)-β-D-galactopyranoside', 'Kaempferol-3-O-rutinoside', 'Kaempferol-3-O-α-L-rhamnopyranosyl-(1-6)-α-L-rhamnopyranosyl-(1-4)-β-D-glucopyranoside', 'Quercetin-3-O-α-L-rhamnopyranosyl-(1→6)-β-D-galactopyranoside', 'Procyanidin B-3', 'Kaempferol-3-O-D-galactopyranoside', 'Kaempferol-3-O-D-glucopyranoside', '6-Hydroxy-rutin', 'α-Gardiol', 'β-Gardiol', 'Ferulic acid', ""3,4-dimethyl-2-(4'-hydroxy-3',5'-dimethoxyphenyl)-5-methoxy-tetrahydrofuran"", '1-methoxy-3-hydroxy-3,10b-4,5a-diepoxy-8b-isobutyroyloxygermacr-11(13)-en-6a,12-olide', 'Tagitinin C', ""3',4',5',3,5,7,8-heptamethoxyflavone"", ""3,5,6,7,3',4',5'-heptamethoxyflavonol"", '4-metoxi-6-[2-(metilamino)fenil]- 2H-piran-2-ona', 'Cuspanine; 1-hydroxy-2,3,5,6-tetramethoxy-9-acridone', 'Cusculine; 1,2,3,5,6-pentamethoxy-9-acridone', '2α,3α-Dihydroxy-urs-12-en-28-oic acid', '3-O-β-D-(6’-methyl)-glucopyranosyl-28-O-β-D-glucopyranosyl-oleanate', 'Oleanolic acid 3-sophoroside', '5-hydroxyflavone', 'β-Sitosterol benzoate', '2-phenyl-4H-chromen-4-one', 'Haplotusine', 'Sinapyl 4-O-β-D-glucopyranoside aldehyde', 'Sinapyl 4-O-β-D-glucopyranoside alcohol', 'N-acetylnonaine', 'Liriodenine', '[10]-gingerol', ""2,4-Dihydroxy-6-[(1'E,3'E)-penta-1', 3'-dienyl]-benzaldehyde"", 'Nitensidine A', '2-methyl-5-[8(Z)-pentadecenyl]resorcinol', '2-hydroxyphenylacetic acid', 'Gallic acid; 3,4,5-trihydroxybenzoic acid', 'Quercitrin, 3-O-α-rhamnosylquercetin', 'Caseobliquin A', 'Methyl angolensate', ""5-(3'' -Hydroxypropyl)-7-methoxy-2-(3',4' -methyl-enedioxyphenyl)benzofuran"", '22β-hydroxypristimerin', '1- (5,7-dihydroxy-2,2-dimethylchroman-6-yl)-3-(2,2-dimethylchroman- 6-yl)propan-1-one', 'Canavaline', 'Di-hydrodehydrodiconiferyl alcohol', 'Quercetin', ""2-(2'-O-trans-cinnamoyl)-C-β-D-glucopyranosyl-1,3,6,7-tetrahydroxyxanthone"", '5-hydroxy-N-methylseverifoline', '19,20-Epoxycytochalasin N', 'ellagic acid 4-O-α-L-rhamnopyranoside; eschweilenol C', 'Mayoside C', 'Ourateacatechin', ""3',4',5',5,7-pentamethoxyflavone"", '2-methyl-5-pentadecylresorcinol', '3β-hydroxy-stigmast-5-en-7-one; 24-β-7-oxositosterol', 'scillascillin', ""7-Hydroxy-4',6-dimethoxyisoflavone; Afrormosin; Afromosin"", '8-methoxymellein', '(±)-Syringaresinol', 'Cyclo-(L-Pro-L-Val)', 'Acetonide of odoratol', '(−)-Grandisin', '24-methylenecycloartan-3b-ol', '2,7-Di-O-acetylcasearupestrin A', 'Nitensidine B', '1-methyl-2-n-nonyl-4-quinolone', '5-[8(Z),11(Z),14-pentadecatrienyl]resorcinol', 'Kokusaginine', ""2-(2'-O-trans-caffeoyl)-C-β-D-glucopyranosyl-1,3,6,7-tetrahydroxyxanthone"", 'Netzahualcoyene', 'Casearin X Dialdehyde; (2R*,4aS*,5S*,7R*,8R*,8aS*)-4,4a-Diformyl-1,2,4a,5,6,7,8,8a-octahydro-5-hydroxy-7,8-dimethyl-8-[(2Z)-3-methylpenta-2,4-dien-1-yl]naphthalen-2-yl Butanoate', 'polypodine B', 'n-Propyl gallate', ""3',4',5',5,7,8-hexamethoxyflavone"", 'Isopropyl gallate', '3-O-β-D-quinovopyranosyl quinovic acid', ""8-hydroxy-3,5,7,3',4',5'-hexamethoxyflavonol"", 'Odoratol', 'Leptomerine', '2,4,6-trimethoxybenzoic acid', '1-O-(E)-caffeoyl-β-D-glucopyranoside', 'Maculosidine', 'Podocarpusflavone A', 'Casearupestrin C', '6α-malonyloxy-n-butyl ester manoyl oxide', 'citrusinine-I', 'Ricinine', 'Leptophyllin A', '5-pentadecylresorcinol', '19,20-Epoxycytochalasin D', 'fumiquinozoline F', 'Kaempferol 3-O-α-L-rhamnopyranosyl (1→6)-O-[β -D-glucopyranosyl (1→3)-O-α-L-rhamnopyranosyl-(1→2)]-O-β -D-glucopyranosyl', 'Rel-2α-hydroxyzuelanin-6β-benzoate', '2,6-di-O-acetylcasearupestrin D', ""Methyl-2,2-dimethyl-8-(3'-methylbut-2'-enyl)chroman-6-carboxylate"", ""2',5-dihydroxy-3-methoxy-8-dimethylallyl-6, 7-(2' ',2''-dimethylpyrano)-dihydroflavonol"", '2-n-nonyl-4-quinolone', 'Cytochalasin D', 'Isoorientin', 'Piperol B', '(-)-Hardwickiic acid', ""5-[3''-(β-D-glucopyranosyloxy)propyl]-7-methoxy-2-(3',4'-methylenedioxyphenyl)benzofuran"", '28-O-β-D-glucopyranosyl quinovic acid', '2-Methyl-4-hydroxy-butyl caffeoate', 'N-1,N-2,N-3-Triisopentenylguanidine', 'Dibenzyl trisulphide', 'Maytenin, Tingenone', 'Uracil', '6β-hydroxy-7-epigardoside methyl ester', 'Tetrahydropiperyline, N-[10-(13,14-methylenedioxyphenyl)-pentanoyl]-pyrrolidine', 'Piperovatine', 'urauchimycin A', 'p-Coumaric acid', '(-)-Epigallocatechin', 'Netzahualcoyonol', '1-[3-(3,7-dimethylocta-2,6-dien-1-yl)-2,4,6- trihydroxyphenyl]-3-(4-hydroxyphenyl)propan-1-one', '6α-malonyloxymanoyl oxide', 'Benzylhydroxymethyl sulphide', '1,6-di-O-caffeoyl-β-D-glucopyranoside', '2-methyl-5-[8(Z),11(Z),14-pentadecatrienyl]resorcinol', '20-hydroxyecdysone; polypodine A', '3-Acetyl aleuritolic acid', 'Alkenoic acid', 'Quercetin 3-O-α-L-rhamnopyranosyl (1→6)-O-[β -D-glucopyranosyl (1→3)-O-α-L-rhamnopyranosyl-(1→2)]-O-β -D-glucopyranosyl', 'Heveaflavone', '3β-O-[α-L-rhamnopyranosyl-(1→2)-O-β-D-glucopyranosyl-(1→2)-O-β-D-glucopyranosyl]-28-O-β-D-glucopyranoside pomolate', 'Dibenzyl tetrasulphide', 'Arboreumine', '3-Oxoursolic acid', 'Casearupestrin B', 'toonacilin', 'urauchimycin B', 'Homoegonol', '[8]-gingerol', '4-Hydroxymellein', '5-hydroxymellein', 'fraxinellonone', 'Dibenzyl sulphide', '(-) Cis-4-hydroxy-6-deoxyscytalone', 'Plumericin', '5-[8(Z),11(Z)-pentadecadienyl]resorcinol', '(-)-Spectalinine', 'Pedalitin', ""Acteoside; [β-3,4-dihydroxyphenyl)-ethyl]-(3'-O-α-L-rhamnopyranosyl)-(4'-O-cafeoyl)-β-D-glycopyranoside, verbascoside"", '1-O-(E)-feruloyl-β-D-glucopyranoside', '19,20-Epoxycytochalasin C', 'n-Pentyl gallate', 'Orcinol', 'Periconicin B', 'Phomopsilactone', ""(2S)-8-Isopentyl-2-methyl-2-(4'-methylpentyl)chroman-6-carboxylic acid"", '2,2-dimethyl-2H-chromene-6-carboxylic acid', '1,2-dihydro- 3β-hydroxy-7-deacetoxy-7-oxogedunin', 'Photogedunin', 'Casearin X; (1R*,3S*,5S*,6aR*,7S*,8S*,10R*,10aR*)-1-(Acetyloxy)-3,5,6,6a,7,8,9,10-octahydro-10-hydroxy-7,8-dimethyl-7-[(2Z)-3-methylpenta-2,4-dien-1-yl]naphtho[1,8a-c]furan-3,5-diyl Dibutanoate', 'α-L-xylopyranosyl-(4""→20)-(3-O-β-D-glucopyranosyl)-1\'-O-E-caffeoyl-β-D-glucopyranoside', ""2-(R)-Methyl-6-(S)-(tetradecyl-13'-one)-3(R)-O-tert-butyldimethylsilyl-piperidine"", '(2S)-Methyl-2-methyl-8-(3""-methylbut-2""-enyl)-2-(4\'-methylpent-3\'-enyl)-2H-chromene-6-carboxylate', 'Casearin T', 'Proanthocyanidin', 'neoisoastilbin', 'Piperyline, N-[10-(13,14-methylenedioxyphenyl)-7(E),9(E)-pentadienoyl]-pyrrolidine', 'ω-fenil alcanoic acid', '2-butyl-D-fructofuranoside', ""Gaudichaudianic acid; (2S)-2-methyl-2-(4'methyl-3'-pentenyl)-8-(3''-methyl-2-butenyl)- 2H-1-benzopyran-6-carboxylic acid"", 'limonexic acid', 'Netzahualcoyondiol', 'Pristimerin; 20α-3-hydroxy-2-oxo-24-nor-friedela-1-10,3,5,7-tetraen-carboxylic acid-29-methylester', '3,4,5-trimethoxyphenyl 1-O-β-D-apiofuranosyl-(1→6)-O-β-D-glucopyranoside', 'β-photogedunin', 'n-Butyl gallate', ""5-[3''-(β-D-glucopyranosyloxy)propyl]-7-methoxy-2-(3',4'-dimethoxyphenyl)benzofuran"", '3,12-Dihydroxycadalene', '7-hydroxy-3- (11-dimethylallyl)-8-methoxycoumarin', ""N-[7-(3',4'-methylenedioxyphenyl)-2(Z),4(Z)-heptadienoyl]pyrrolidine"", '3,4,5-Triacetoxybenzoic acid', 'Odoratone', 'Rel-6β-hydroxyzuelanin-2β-benzoate', 'Di(benzyltrithio) methane', '3,11,12-Trihydroxycadalene', 'Quercetin 3-O-sophoroside', '(3R,4R)-3,4-Dihydro-4,6-dihydroxy-3-methyl-1-oxo-1H-isochromene-5-carboxylic acid', '24-methylene-3,22-dihydroxycholesterol', 'amorphispironone', 'Casearupestrin D', 'Chaetoglobosin B', ""2-(2'-O-benzoyl)-C-β-D-glucopyranosyl-1,3,6,7-tetrahydroxyxanthone"", 'Isoplumericin', 'Skimmianine', 'p-hydroxybenzoic acid-geranyl ester', 'Dibenzyl disulphide', 'Methyl 6,7,8-trimethoxydihydrocinnamate', '2-Hexyl-3-methyl-butanodioic acid', 'fraxinellone', '(R)-7-Hydroxymellein', '6α-acetoxymanoyl oxide', 'Methyl-8-hydroxy-2,2-dimethylchroman-6-carboxylate', 'N-[10-(13,14-methylenedioxyphenyl)-7(E),9(Z)-pentadienoyl]-pyrrolidine', '6-[8(Z)-pentadecenyl]salicylic acid', '(2S)-2-methyl-8-(3""-methylbut-2""-enyl)-2-(4\'-methylpent-3\'-enyl)-2H-chromene-6-carboxylic acid', 'Burchellin', '5-[8(Z)-pentadecenyl]resorcinol', 'Luteolin; 2-(3,4-dihydroxyphenyl)-5,7-dihydroxy-4H-chromen-4-one', 'Sinapic acid', '19,20-Epoxycytochalasin Q', '19,20-Epoxycytochalasin R', 'Muraxanthone', ""(2'S)-2-(propan-2'-ol)-5-hydroxy-benzopyran-4-one"", 'Rel-(+)-(7S,9R,10S)-3,9,12-trihydroxycalamenene', 'Casearin S', 'shidasterone', '5-hydroxymethyl- 2-furancarboxaldehyde; 5-hydroxymethyl-2-furfuraldehyde', 'atalaphyllinine', 'N-[10- (13,14-methylenedioxyphenyl)-7(E)-pentaenoyl]-pyrrolidine', '2-Methyl-5-methoxy-benzopyran-4-one', '3,4-dihydroxybenzoic acid geranyl ester', '6α-acetoxy-14β,15β-epoxyazadirone', 'epoxy-fraxinellone', '12′-hydroxy-7′-multijuguinone', 'Kaempferitrin', 'Nitensidine C', 'Dipropyl disulphide', '2-methyl-5-[8(Z),11(Z)-pentadecadienyl]resorcinol', '6-pentadecylsalicylic acid', 'Methyl-2,2-dimethylchroman-6-carboxylate', ""Myrsinoic acid A, 3-Geranyl-4-hydroxy-5-(3'',3''-dimethylallyl)benzoic acid"", '6-[ 8(Z),11(Z) -pentadecadienyl] salicylic acid', 'Gedunin', 'Pedalin, pedalitin 6-O-β -glucopyranoside', 'Caseargrewiin F; (1R*,3S*,5S*,6aR*,7S*,8R*,10R*,10aR*)-1,3-Bis(acetyloxy)-3,5,6,6a,7,8,9,10-octahydro-10-hydroxy-7,8-dimethyl-7-[(2Z)-3-methylpenta-2,4-dien-1-yl]naphtho[1,8a-c]furan-5-yl Butanoate', 'Casearin L; (1R*,3S*,5S*,6aR*,7R*,8R*,9S*,10S*,10aR*)-1,10-Bis(acetyloxy)-3,5,6,6a,7,8,9,10-octahydro-9-hydroxy-5-methoxy-7,8-dimethyl-7-[(2Z)-3-methylpenta-2,4-dien-1-yl]naphtho[1,8a-c]-furan-3-yl Butanoate', 'Platydesmine', 'Leiokinine A', 'Cabraleadiol', 'schaftoside', ""(2S)-Methyl-8-isopentyl-2-methyl-2-(4'-methylpentyl)chroman-6-carboxylate"", 'Casearupestrin A', '2-oxo-piperol B; (7S*, 8R*, 1R*, 3R*)-3,4,5-trimethoxy-3,7-cyclo-8,1-neolig-8-ene-2,4(3H)-dione', 'taxifolin', 'Casearin O; (1R*,3S*,5S*,6aR*,7R*,8R*,9S*,10S*,10aR*)-1,10-Bis(acetyloxy)-5-methoxy-7,8-dimethyl-7-[(2Z)-3-methylpenta-2,4-dien-1-yl]-3,5,6,6a,7,8,9,10-octahydronaphtho[1,8a-c]furan-3,9-diyl Dibutanoate', 'germacrene D', '2β-Hydroxyzuelanin-6β-cinnamate', '11β-acetoxyobacunone', '1-(5,7-dihydroxy-2,2-dimethylchroman- 6-yl)-3-[4-hydroxy-3-(3-methylbut-2-en-1-yl)- phenyl]propan-1-one', '(3R,4R)-4,7-Dihydroxymellein', ""Nitensoside B; Pedalitin 6-O-α-rhamnopyranosyl(1'''→6'')-β-glucopyranoside"", 'Methyl gallate', '3-O-β-D-quinovopyranosyl cincholic acid', 'Afzelin, 3-O-α-rhamnosyl kaempferol', 'Egonol', '4-Nerolidilcatechol', ""2-(2'-O-transcoumaroyl)-C-β-D-glucopyranosyl-1,3,6,7-tetrahydroxyxanthone"", 'Syringic acid', '(+)-3-O-feruloylcassine', 'Salacin', 'Isobutyl gallate', '7′-multijuguinone', 'Griseofulvin', '20α-Hydroxymaytenin; 20-hydroxy-20-epi-tingenone', '(-)-Epigallocatechin-3-O-gallate', 'Casearin D; (1R*,3S*,5S*,6aR*,7R*,8R*,9S*,10S*,10aR*)-1-(Acetyloxy)-3,5,6,6a,7,8,9,10-octahydro-5,10-dihydroxy-7,8-dimethyl-7-[(2Z)-3-methylpenta-2,4-dien-1-yl]naphtho[1,8a-c]furan-3,9-diyl Dibutanoate', 'Rel. (+)-(7S,10S) 3,12-dihydroxycalamenene', 'carlinoside', 'Methyl-8-(ethanoyloxy)-2,2-dimethyl-2H-chromene-6-carboxylate', 'Amentoflavone', '1-(5,7-dihydroxy-2,2-dimethylchroman-6-yl)-3-(1,1,4a-trimethyl-2,3,4,4a,9a-hexahydro-1H-xanthen-7-yl)propan-1-one', 'Methyl (E)-6,7,8-trimethoxycinnamate', '3,4,5-Trimethoxyphenyl-1-O-β-D-(5-O-syringoyl)-apiofuranosyl-(1→6)-β-D-glucopyranoside', '6-[8(Z),11(Z),14-pentadecatrienyl]salicylic acid', 'Sorbifolin', ""Nitensoside A; Sorbifolin 6-O-α-rhamnopyranosyl(1'''→6'')-β-glucopyranoside"", 'Ocotillone', 'des-N-methylnoracronycine', 'Sorbifolin 6-O-β-glucopyranoside', 'arjunolic acid', 'stachysterone', 'Ethyl 2,4-dihydroxy-5,6-dimethylbenzoate', 'Amentoflavone 7”,4”’-dimethyl ether', 'Picramnioside F', 'Lauryl gallate', 'Syringaldehyde', '22-hydroxytirucalla-7,24-diene-2,3-dione', 'Trans-3’-methylsulphonylallyl trans-cinnamate', '(3-(2-(4-hydroxyphenyl)-2-oxoethyl)-5,6-dihydropyridin- 2(1H)-one)', 'Mangiferin', 'Viburgenin', ""Pterogynoside; Kaempferol-3-O-(3''-O-4'''-methylgallate-α-L-rhamnoside)"", 'Ixoside', 'Cognatine', 'Fagaramide', 'Chalepin', 'Chlorogenic acid', '(4R)-4,8-dihydroxy-α-tetralone', 'Kaempferol']]",doi_name
"['10.1016/S0031-9422(01)00079-6', 'Di(benzyltrithio) methane']","['10.1016/S0031-9422(01)00079-6', ['guaiol', 'γ-eudesmol', 'Hinesol', 'α-eudesmol', 'Galioside aglicone', '11-O-trans-feruloylteucrein', 'Teucrein', 'Galioside', 'Apodanthoside', 'Mycoleptone A', '9-hydroxyeugenin', 'Eugenitin', 'Austdiol', '6-methoxyeugenin', 'Mycoleptone A tetraacetate', 'Austdiol diacetate', 'Mycoleptone B', ""3',4'-methylenedioxy-5,6,7- trimethoxyflavone"", ""3',4'-methylenedioxy-5,5',6,7-tetramethoxyflavone"", ""2'-hydroxy-3,4,4'-trimethoxy-5',6'-(2'',2''-dimethylpyrano)-chalcone"", ""3',4'-methylenedioxy-5,7-dimethoxyflavone"", 'Chlorogenic acid methyl ester, Methyl (1S,3R,4R,5R)-3-{[(2E)-3-(3,4-dihydroxyphenyl)-2-propenoyl]oxy}-1,4,5-trihydroxycyclohexanecarboxylate', '2α,3α,19α- trihydroxyurs-12-en-28-oic acid', 'penduletin 4-O-methyl ether', '3,3-O-dimethylquercetin', '3-O-methylquercetin', 'p-hydroxybenzoic acid', 'Chrysoeriol', 'acacetin', '3,7,4-O-trimethylkaempferol', '2α,3α-dihydroxyolean-12- en-28-oic acid', '5,7-dimethoxy-2,2-dimethyl-2H-1-benzopyran-6-propanoate', ""7,4'-Dihydroxyflavone"", '19´-(3,4-Methylenedioxyphenyl)-nonadecanoic acid', 'Tithonine', 'Farnisine', 'Sargaquinoic acid', 'Fasciculiferin', 'Sargachromenol', ""Juruenolic acid; 2-(4'-Methylpentenyl-3)-10-oxoundecan-2,6-dienoic acid"", '21´-(3,4-Methylenedioxyphenyl)-henicosanoic acid', '(+)-Guaiacin', ""7,4'-Dimethoxyflavone"", '17-(3,4-Methylenedioxyphenyl)-heptadecanoic acid', '(+)-11α-Hydroxyerythravine', '(+)-Erythravine', '(+)-α-Hydroxyerysotrine', 'Diderroside', '7-Methoxydiderroside', ""6'-Acetyl-β-D-glucopyranosyldiderroside"", 'Secoxyloganin', '(-)-3-O-acetyl-spectaline', ""3',4',5',3,5,7,8-heptamethoxyflavone"", ""3,5,6,7,3',4',5'-heptamethoxyflavonol"", 'Beauvericin', 'Anhydrofusarubin', ""3,4-dimethyl-2-(4'-hydroxy-3',5'-dimethoxyphenyl)-5-methoxy-tetrahydrofuran"", '21α,25-dimethylmelianodiol', '21β,25-dimethylmelianodiol', '3,21-Di-epi-feroniellide B', 'Citibrasine', '2,3-dihydro-4,9-dihydroxy-2-(2-hydroxy-propan-2-yl)- 11-methoxy-10-methylfuro[3,2-b]acridin-5(10H)-one', 'bis-5-hydroxyacronycine', 'Taraxerol acetate', 'Procyanidin B-3', '6-Hydroxy-rutin', 'Kaempferol-3-O-D-glucopyranoside', 'Kaempferol-3-O-α-L-rhamnopyranosyl-(1-6)-α-L-rhamnopyranosyl-(1-4)-β-D-glucopyranoside', 'Kaempferol-3-O-rutinoside', 'Catechin, Ent-catechin', 'Kaempferol-3-O-α-L-rhamnopyranosyl-(1→6)-β-D-galactopyranoside', 'Quercetin-3-O-α-L-rhamnopyranosyl-(1→6)-β-D-galactopyranoside', 'Kaempferol-3-O-D-galactopyranoside', 'Aphidicolin', 'Methyl (3R,4R,5R)-3-{[(2E)-3-(3,4-dihydroxyphenyl)-2-propenoyl]oxy}-1,4,5-trihydroxycyclohexanecarboxylate', 'Methyl (3R,4R,5R)-3-{[(2Z)-3-(3,4-dihydroxyphenyl)-2-propenoyl]oxy}-1,4,5-trihydroxycyclohexanecarboxylate', '1,3,5-trihydroxy-4-methoxy-10-methyl- 2,8-bis(3-methylbut-2-enyl)acridin-9(10H)-one', 'Citrusinine-II', '1,3,5-trihydroxy- 2,8-bis(3-methylbut-2-enyl)-10-methyl-9-acridone', 'Glycocitrine-IV', 'Pyranofoline', 'Citrusinine-I', '3,4-dihydro-3,5,8-trihydroxy-6-methoxy-2,2,7-trimethyl-2Hpyrano[ 2,3-a]acridin-12(7H)-one', '5-hydroxynoracronycine; Atalaphyllidine', 'Glycocitrine-I', ""3-(3',7 '-dimethyl-2',6 '-octadienyl)-4-methoxy-benzoic acid"", 'Methyl-8-hydroxy-2,2-dimethyl-2H-chromene-6-carboxylate', ""4-Methoxy-3-(3',7'-dimethylocta-2'-E-6'-dienyl)benzoic acid"", 'Ferulic acid', 'β-Gardiol', 'α-Gardiol', '5,7-dimethoxy-2,2-dimethyl-2H-1-benzopyran-6-propanoic acid', ""2-(3',4'-methylenedioxyphenylethyl)-Quinoline"", '2-n-Pentylquinoline', '2-n-Propylquinoline', ""2-(1'-pentenyl)-Quinoline"", ""Hostmaniene; 4-Hydroxy-3-(2',3'-dihydroxy-3'-methylbutyl)benzoate"", ""4-Hydroxy-3-(3',7'-dimethylocta-2'-E-6'-dienyl)benzoic acid"", 'Methyl 2,2-dimethyl-1-oxo-2H-1-benzopyran-6-carboxylate', ""Methyl taboganate; Methyl 4-hydroxy-3-(3'-methyl-1'-oxo-2'-butenyl)benzoate"", ""2',6'-Dihydroxy-4'-methoxydihydrochalcone"", 'Piperaduncine B', ""Methyl 4-hydroxy-3-(3'-methyl-2'-butenyl)benzoate"", '3,4,5-Trimethoxydihydrocinnamic acid', ""Methyl 4-hydroxy-3-(3'-methyl-2'-hydroxy-3'-butenyl)benzoate"", ""Aduncumene; Methyl 2-methoxy-5-(3'-methyl-1'-oxo-2'-butenyl)benzoate"", ""4-Hydroxy-(3',7'-dimethyl-1'-oxo-octa-2'-Z-6'-dienyl)benzoic acid"", 'Tagitinin C', '1-methoxy-3-hydroxy-3,10b-4,5a-diepoxy-8b-isobutyroyloxygermacr-11(13)-en-6a,12-olide', 'Iso-odoratol', 'Oleanonic acid', 'Pentaol', 'Piscidinol A', 'cryptomeridiol', '3,11-dioxoolean-12-en-28- onic acid', 'Nilocetin', 'Hispidol A', ""Rel-(7R,8S,7'S,8'S)-9-hydroxy-4',5'-methylenedioxy-3,4,5,3'-tetramethoxy-7,7'-epoxylignan"", ""Rel-(7R,8S,7'S,8'S)-4',5'-methylenedioxy-3,4,5,3'-tetramethoxy-7,7'-epoxylignan"", ""Rel-(7R,8S,7'S,8'S)-4-hydroxy-4',5'-methylenedioxy-3,5,3'-trimethoxy-7,7'-epoxylignan"", ""Rel-(7R,8S,7'S,8'S)-4'-hydroxy-3,4,5,3',5'-pentamethoxy-7,7'-epoxylignan"", ""Rel-(7R,8S,7'S,8'S)-4,5,4',5'-dimethylenedioxy-3,3'-dimethoxy-7,7'-epoxylignan"", '4,5-dihydropiperlonguminine; Piperlonguminine', '(Z)-piplartine; 8(Z)-N-(12,13, 14-trimethoxycinnamoyl)- 3-pyridin-2-one', 'Piperine', '8,9-dihydropiplartine; N-(12,13,14-trimethoxydihydrocinnamoyl)-Δ3-pyridin-2-one', ""N-[3-(6'-methoxy-3',4'-methy-lenedioxyphenyl)-2(Z)-propenoyl]pyrrolidine"", '4,5-dihydropiperyline', '10,11-dihydropiperine; Δα,β-dihydropiperine', '(E)-piplartine', 'Pellitorine', '(3Z,5Z)-N-isobutyl-8-(30,40-methylenedioxy-phenyl)-heptadienamide', 'Pimara-7,15-dien-3β-ol', 'Dimethyl terephthalate', '(22E,24R)-ergosta-4,6,8(14),22-tetraen-3-one', '8-hydroxy-6-methoxy-3-methylisocoumarin', 'Ergosterol peroxide', 'Epi-guaiacin', 'Verrucosin', '7-Methyl-sargachromenol; 2,7,8-Trimethyl-2-[(3-E,7-Z)-4,12-dimethyl-8-carboxyl-3,7,11-tridecatrienyl]-3-chromen-6-ol, β-caroteno', 'Nectandrin B', 'cyclo (L)-Pro-Gly', ""4-Hydroxy-3-(3',7'-dimethyl-3'-hydroxy-1'-oxo-6'-octenyl)benzoic acid"", ""1,4-Dihydroxy-2-(3',7'-dimethyl-1'-oxo-2'-E-6'-octadienyl)benzene"", ""Sakuranetin; 5,4'-dihydroxy-7-methoxyflavanone"", ""Isosakuranetin; 5,7-dihydroxy-4'-methoxyflavanone"", ""4-Hydroxy-(3',7'-dimethyl-1'-oxo-octa-2'-E-6'-dienyl)benzoic acid"", 'Nitensidine D', 'Nitensidine E', 'Xanthyletin', 'astilbin; Rel-(2R, 3R)-dihydroquercetin-3-O-±-L-rhamnoside', '3,4-dehydrostrictosidine acid', '3,4-dehydro-strictosidine', '5α-carboxystrictosidine', 'Cordifoline', 'Turbinatine', 'Harman-3-carboxylic acid', 'Strictosidine acid', 'Deoxycordifoline', 'Clusifoliol', ""Isoswertisin-4'-methyl-ether-2''α-L-rhamnoside"", '2-Episesalatin', ""Isoswertisin-2''α1-L-rhamnoside"", 'Sesartemin', 'Stearic acid 4-pentoyloxyphenethyl ester', 'Isopimpinellin', '4-metoxi-6-[2-(metilamino)fenil]- 2H-piran-2-ona', 'β-caryophyllene, trans-caryophyllene', 'Methacrylic acid', 'Cusculine; 1,2,3,5,6-pentamethoxy-9-acridone', 'Cuspanine; 1-hydroxy-2,3,5,6-tetramethoxy-9-acridone', '2α,3α-Dihydroxy-urs-12-en-28-oic acid', 'Oleanolic acid 3-sophoroside', '3-O-β-D-(6’-methyl)-glucopyranosyl-28-O-β-D-glucopyranosyl-oleanate', 'Haplotusine', 'β-Sitosterol benzoate', '5-hydroxyflavone', '2-phenyl-4H-chromen-4-one', 'Sinapyl 4-O-β-D-glucopyranoside aldehyde', 'Sinapyl 4-O-β-D-glucopyranoside alcohol', 'Liriodenine', 'N-acetylnonaine', '[10]-gingerol', ""2,4-Dihydroxy-6-[(1'E,3'E)-penta-1', 3'-dienyl]-benzaldehyde"", '2-methyl-5-[8(Z)-pentadecenyl]resorcinol', 'Nitensidine A', '2-hydroxyphenylacetic acid', '3-O-β-D-quinovopyranosyl quinovic acid', 'Kaempferol', ""8-hydroxy-3,5,7,3',4',5'-hexamethoxyflavonol"", 'scillascillin', 'Homoegonol', '[8]-gingerol', '4-Hydroxymellein', '5-hydroxymellein', 'fraxinellonone', 'Dibenzyl sulphide', '(-) Cis-4-hydroxy-6-deoxyscytalone', 'Gallic acid; 3,4,5-trihydroxybenzoic acid', 'Maculosidine', 'Podocarpusflavone A', '(4R)-4,8-dihydroxy-α-tetralone', 'Odoratol', 'Leptomerine', '5-hydroxy-N-methylseverifoline', '19,20-Epoxycytochalasin N', 'ellagic acid 4-O-α-L-rhamnopyranoside; eschweilenol C', 'Mayoside C', 'Ourateacatechin', ""3',4',5',5,7-pentamethoxyflavone"", '2-methyl-5-pentadecylresorcinol', '3β-hydroxy-stigmast-5-en-7-one; 24-β-7-oxositosterol', 'Acetonide of odoratol', '(−)-Grandisin', 'n-Butyl gallate', ""5-[3''-(β-D-glucopyranosyloxy)propyl]-7-methoxy-2-(3',4'-dimethoxyphenyl)benzofuran"", '3,12-Dihydroxycadalene', '7-hydroxy-3- (11-dimethylallyl)-8-methoxycoumarin', ""N-[7-(3',4'-methylenedioxyphenyl)-2(Z),4(Z)-heptadienoyl]pyrrolidine"", ""Acteoside; [β-3,4-dihydroxyphenyl)-ethyl]-(3'-O-α-L-rhamnopyranosyl)-(4'-O-cafeoyl)-β-D-glycopyranoside, verbascoside"", 'Ocotillone', 'des-N-methylnoracronycine', 'Sorbifolin 6-O-β-glucopyranoside', 'Rel-2α-hydroxyzuelanin-6β-benzoate', '2,6-di-O-acetylcasearupestrin D', ""Methyl-2,2-dimethyl-8-(3'-methylbut-2'-enyl)chroman-6-carboxylate"", '2,7-Di-O-acetylcasearupestrin A', 'Nitensidine B', '1-methyl-2-n-nonyl-4-quinolone', '5-[8(Z),11(Z),14-pentadecatrienyl]resorcinol', '5-pentadecylresorcinol', '19,20-Epoxycytochalasin D', 'fumiquinozoline F', 'Kaempferol 3-O-α-L-rhamnopyranosyl (1→6)-O-[β -D-glucopyranosyl (1→3)-O-α-L-rhamnopyranosyl-(1→2)]-O-β -D-glucopyranosyl', '3β-O-[α-L-rhamnopyranosyl-(1→2)-O-β-D-glucopyranosyl-(1→2)-O-β-D-glucopyranosyl]-28-O-β-D-glucopyranoside pomolate', 'Dibenzyl tetrasulphide', ""2',5-dihydroxy-3-methoxy-8-dimethylallyl-6, 7-(2' ',2''-dimethylpyrano)-dihydroflavonol"", '1- (5,7-dihydroxy-2,2-dimethylchroman-6-yl)-3-(2,2-dimethylchroman- 6-yl)propan-1-one', 'Canavaline', 'Di-hydrodehydrodiconiferyl alcohol', 'Quercetin', ""2-(2'-O-trans-cinnamoyl)-C-β-D-glucopyranosyl-1,3,6,7-tetrahydroxyxanthone"", 'Kokusaginine', 'Pristimerin; 20α-3-hydroxy-2-oxo-24-nor-friedela-1-10,3,5,7-tetraen-carboxylic acid-29-methylester', '3,4,5-trimethoxyphenyl 1-O-β-D-apiofuranosyl-(1→6)-O-β-D-glucopyranoside', 'β-photogedunin', '2-n-nonyl-4-quinolone', 'Cytochalasin D', 'Isoorientin', 'Skimmianine', 'p-hydroxybenzoic acid-geranyl ester', 'Dibenzyl disulphide', 'Proanthocyanidin', 'neoisoastilbin', '(R)-7-Hydroxymellein', '6α-acetoxymanoyl oxide', 'Methyl-8-hydroxy-2,2-dimethylchroman-6-carboxylate', 'Casearupestrin C', '6α-malonyloxy-n-butyl ester manoyl oxide', 'citrusinine-I', 'Ricinine', 'Leptophyllin A', 'Caseobliquin A', 'Methyl angolensate', ""5-(3'' -Hydroxypropyl)-7-methoxy-2-(3',4' -methyl-enedioxyphenyl)benzofuran"", '22β-hydroxypristimerin', '6α-acetoxy-14β,15β-epoxyazadirone', 'urauchimycin A', 'p-Coumaric acid', '(-)-Epigallocatechin', 'Netzahualcoyonol', '1-[3-(3,7-dimethylocta-2,6-dien-1-yl)-2,4,6- trihydroxyphenyl]-3-(4-hydroxyphenyl)propan-1-one', '6α-malonyloxymanoyl oxide', 'Benzylhydroxymethyl sulphide', '1,6-di-O-caffeoyl-β-D-glucopyranoside', '2-methyl-5-[8(Z),11(Z),14-pentadecatrienyl]resorcinol', '20-hydroxyecdysone; polypodine A', '3-Acetyl aleuritolic acid', 'Uracil', '1-O-(E)-feruloyl-β-D-glucopyranoside', '19,20-Epoxycytochalasin C', 'n-Pentyl gallate', 'Orcinol', 'Periconicin B', 'Phomopsilactone', 'n-Propyl gallate', ""3',4',5',5,7,8-hexamethoxyflavone"", 'Isopropyl gallate', '6β-hydroxy-7-epigardoside methyl ester', 'Tetrahydropiperyline, N-[10-(13,14-methylenedioxyphenyl)-pentanoyl]-pyrrolidine', 'Piperovatine', '2,4,6-trimethoxybenzoic acid', '1-O-(E)-caffeoyl-β-D-glucopyranoside', 'Quercitrin, 3-O-α-rhamnosylquercetin', 'epoxy-fraxinellone', '12′-hydroxy-7′-multijuguinone', 'Kaempferitrin', 'Nitensidine C', 'Dipropyl disulphide', '2-methyl-5-[8(Z),11(Z)-pentadecadienyl]resorcinol', 'Methyl 6,7,8-trimethoxydihydrocinnamate', '2-Hexyl-3-methyl-butanodioic acid', 'fraxinellone', 'Alkenoic acid', 'Quercetin 3-O-α-L-rhamnopyranosyl (1→6)-O-[β -D-glucopyranosyl (1→3)-O-α-L-rhamnopyranosyl-(1→2)]-O-β -D-glucopyranosyl', 'Heveaflavone', 'Arboreumine', '3-Oxoursolic acid', 'Casearupestrin B', 'toonacilin', ""2-(R)-Methyl-6-(S)-(tetradecyl-13'-one)-3(R)-O-tert-butyldimethylsilyl-piperidine"", '(2S)-Methyl-2-methyl-8-(3""-methylbut-2""-enyl)-2-(4\'-methylpent-3\'-enyl)-2H-chromene-6-carboxylate', 'Casearin T', 'Piperyline, N-[10-(13,14-methylenedioxyphenyl)-7(E),9(E)-pentadienoyl]-pyrrolidine', 'ω-fenil alcanoic acid', '2-butyl-D-fructofuranoside', ""Gaudichaudianic acid; (2S)-2-methyl-2-(4'methyl-3'-pentenyl)-8-(3''-methyl-2-butenyl)- 2H-1-benzopyran-6-carboxylic acid"", 'limonexic acid', 'Pedalitin', 'Di(benzyltrithio) methane', '3,11,12-Trihydroxycadalene', ""(2S)-8-Isopentyl-2-methyl-2-(4'-methylpentyl)chroman-6-carboxylic acid"", '2,2-dimethyl-2H-chromene-6-carboxylic acid', '1,2-dihydro- 3β-hydroxy-7-deacetoxy-7-oxogedunin', 'Photogedunin', 'Casearin X; (1R*,3S*,5S*,6aR*,7S*,8S*,10R*,10aR*)-1-(Acetyloxy)-3,5,6,6a,7,8,9,10-octahydro-10-hydroxy-7,8-dimethyl-7-[(2Z)-3-methylpenta-2,4-dien-1-yl]naphtho[1,8a-c]furan-3,5-diyl Dibutanoate', 'Quercetin 3-O-sophoroside', '(3R,4R)-3,4-Dihydro-4,6-dihydroxy-3-methyl-1-oxo-1H-isochromene-5-carboxylic acid', '24-methylene-3,22-dihydroxycholesterol', 'amorphispironone', 'Casearupestrin D', 'Chaetoglobosin B', ""2-(2'-O-benzoyl)-C-β-D-glucopyranosyl-1,3,6,7-tetrahydroxyxanthone"", 'Isoplumericin', 'α-L-xylopyranosyl-(4""→20)-(3-O-β-D-glucopyranosyl)-1\'-O-E-caffeoyl-β-D-glucopyranoside', '6-[8(Z)-pentadecenyl]salicylic acid', '(2S)-2-methyl-8-(3""-methylbut-2""-enyl)-2-(4\'-methylpent-3\'-enyl)-2H-chromene-6-carboxylic acid', 'Burchellin', '5-[8(Z)-pentadecenyl]resorcinol', 'Luteolin; 2-(3,4-dihydroxyphenyl)-5,7-dihydroxy-4H-chromen-4-one', 'Sinapic acid', '6-[ 8(Z),11(Z) -pentadecadienyl] salicylic acid', 'Netzahualcoyene', 'Casearin X Dialdehyde; (2R*,4aS*,5S*,7R*,8R*,8aS*)-4,4a-Diformyl-1,2,4a,5,6,7,8,8a-octahydro-5-hydroxy-7,8-dimethyl-8-[(2Z)-3-methylpenta-2,4-dien-1-yl]naphthalen-2-yl Butanoate', 'polypodine B', '19,20-Epoxycytochalasin Q', '19,20-Epoxycytochalasin R', 'Muraxanthone', 'Casearupestrin A', '2-oxo-piperol B; (7S*, 8R*, 1R*, 3R*)-3,4,5-trimethoxy-3,7-cyclo-8,1-neolig-8-ene-2,4(3H)-dione', 'taxifolin', ""(2'S)-2-(propan-2'-ol)-5-hydroxy-benzopyran-4-one"", 'Rel-(+)-(7S,9R,10S)-3,9,12-trihydroxycalamenene', 'Casearin S', '11β-acetoxyobacunone', '1-(5,7-dihydroxy-2,2-dimethylchroman- 6-yl)-3-[4-hydroxy-3-(3-methylbut-2-en-1-yl)- phenyl]propan-1-one', '(3R,4R)-4,7-Dihydroxymellein', ""Nitensoside B; Pedalitin 6-O-α-rhamnopyranosyl(1'''→6'')-β-glucopyranoside"", 'N-[10- (13,14-methylenedioxyphenyl)-7(E)-pentaenoyl]-pyrrolidine', '2-Methyl-5-methoxy-benzopyran-4-one', '3,4-dihydroxybenzoic acid geranyl ester', 'N-[10-(13,14-methylenedioxyphenyl)-7(E),9(Z)-pentadienoyl]-pyrrolidine', 'Gedunin', 'Pedalin, pedalitin 6-O-β -glucopyranoside', 'Piperol B', '(-)-Hardwickiic acid', ""5-[3''-(β-D-glucopyranosyloxy)propyl]-7-methoxy-2-(3',4'-methylenedioxyphenyl)benzofuran"", '28-O-β-D-glucopyranosyl quinovic acid', '2-Methyl-4-hydroxy-butyl caffeoate', 'N-1,N-2,N-3-Triisopentenylguanidine', 'Dibenzyl trisulphide', 'Maytenin, Tingenone', 'urauchimycin B', ""2-(2'-O-trans-caffeoyl)-C-β-D-glucopyranosyl-1,3,6,7-tetrahydroxyxanthone"", 'Cabraleadiol', 'schaftoside', ""(2S)-Methyl-8-isopentyl-2-methyl-2-(4'-methylpentyl)chroman-6-carboxylate"", '3,4,5-Triacetoxybenzoic acid', '1-(5,7-dihydroxy-2,2-dimethylchroman-6-yl)-3-(1,1,4a-trimethyl-2,3,4,4a,9a-hexahydro-1H-xanthen-7-yl)propan-1-one', 'Methyl (E)-6,7,8-trimethoxycinnamate', '3,4,5-Trimethoxyphenyl-1-O-β-D-(5-O-syringoyl)-apiofuranosyl-(1→6)-β-D-glucopyranoside', '6-[8(Z),11(Z),14-pentadecatrienyl]salicylic acid', 'Sorbifolin', ""Nitensoside A; Sorbifolin 6-O-α-rhamnopyranosyl(1'''→6'')-β-glucopyranoside"", 'Amentoflavone', 'Odoratone', 'Rel-6β-hydroxyzuelanin-2β-benzoate', 'shidasterone', '5-hydroxymethyl- 2-furancarboxaldehyde; 5-hydroxymethyl-2-furfuraldehyde', 'atalaphyllinine', 'Lauryl gallate', 'Casearin O; (1R*,3S*,5S*,6aR*,7R*,8R*,9S*,10S*,10aR*)-1,10-Bis(acetyloxy)-5-methoxy-7,8-dimethyl-7-[(2Z)-3-methylpenta-2,4-dien-1-yl]-3,5,6,6a,7,8,9,10-octahydronaphtho[1,8a-c]furan-3,9-diyl Dibutanoate', 'germacrene D', 'Methyl gallate', '3-O-β-D-quinovopyranosyl cincholic acid', 'Afzelin, 3-O-α-rhamnosyl kaempferol', 'Egonol', '4-Nerolidilcatechol', ""2-(2'-O-transcoumaroyl)-C-β-D-glucopyranosyl-1,3,6,7-tetrahydroxyxanthone"", 'Syringic acid', '(+)-3-O-feruloylcassine', '6-pentadecylsalicylic acid', 'Caseargrewiin F; (1R*,3S*,5S*,6aR*,7S*,8R*,10R*,10aR*)-1,3-Bis(acetyloxy)-3,5,6,6a,7,8,9,10-octahydro-10-hydroxy-7,8-dimethyl-7-[(2Z)-3-methylpenta-2,4-dien-1-yl]naphtho[1,8a-c]furan-5-yl Butanoate', 'Casearin L; (1R*,3S*,5S*,6aR*,7R*,8R*,9S*,10S*,10aR*)-1,10-Bis(acetyloxy)-3,5,6,6a,7,8,9,10-octahydro-9-hydroxy-5-methoxy-7,8-dimethyl-7-[(2Z)-3-methylpenta-2,4-dien-1-yl]naphtho[1,8a-c]-furan-3-yl Butanoate', 'Platydesmine', 'Leiokinine A', '8-methoxymellein', '(±)-Syringaresinol', 'Cyclo-(L-Pro-L-Val)', 'Methyl-2,2-dimethylchroman-6-carboxylate', ""Myrsinoic acid A, 3-Geranyl-4-hydroxy-5-(3'',3''-dimethylallyl)benzoic acid"", '20α-Hydroxymaytenin; 20-hydroxy-20-epi-tingenone', '(-)-Epigallocatechin-3-O-gallate', 'Casearin D; (1R*,3S*,5S*,6aR*,7R*,8R*,9S*,10S*,10aR*)-1-(Acetyloxy)-3,5,6,6a,7,8,9,10-octahydro-5,10-dihydroxy-7,8-dimethyl-7-[(2Z)-3-methylpenta-2,4-dien-1-yl]naphtho[1,8a-c]furan-3,9-diyl Dibutanoate', 'Rel. (+)-(7S,10S) 3,12-dihydroxycalamenene', 'carlinoside', 'Methyl-8-(ethanoyloxy)-2,2-dimethyl-2H-chromene-6-carboxylate', 'arjunolic acid', 'stachysterone', 'Ethyl 2,4-dihydroxy-5,6-dimethylbenzoate', 'Amentoflavone 7”,4”’-dimethyl ether', 'Picramnioside F', 'Plumericin', '5-[8(Z),11(Z)-pentadecadienyl]resorcinol', '(-)-Spectalinine', 'Netzahualcoyondiol', 'Syringaldehyde', '22-hydroxytirucalla-7,24-diene-2,3-dione', 'Trans-3’-methylsulphonylallyl trans-cinnamate', '(3-(2-(4-hydroxyphenyl)-2-oxoethyl)-5,6-dihydropyridin- 2(1H)-one)', 'Mangiferin', 'Salacin', 'Viburgenin', ""Pterogynoside; Kaempferol-3-O-(3''-O-4'''-methylgallate-α-L-rhamnoside)"", 'Isobutyl gallate', '7′-multijuguinone', 'Griseofulvin', ""7-Hydroxy-4',6-dimethoxyisoflavone; Afrormosin; Afromosin"", '24-methylenecycloartan-3b-ol', 'Ixoside', '2β-Hydroxyzuelanin-6β-cinnamate', 'Cognatine', 'Fagaramide', 'Chalepin', 'Chlorogenic acid']]",doi_name
"['10.1248/cpb.56.723', 'Sorbifolin']","['10.1248/cpb.56.723', ['cyclo (L)-Pro-Gly', 'guaiol', 'γ-eudesmol', 'Hinesol', 'α-eudesmol', ""4-Methoxy-3-(3',7'-dimethylocta-2'-E-6'-dienyl)benzoic acid"", 'Methyl-8-hydroxy-2,2-dimethyl-2H-chromene-6-carboxylate', ""3-(3',7 '-dimethyl-2',6 '-octadienyl)-4-methoxy-benzoic acid"", 'Teucrein', '11-O-trans-feruloylteucrein', 'Galioside', 'Apodanthoside', 'Galioside aglicone', '21β,25-dimethylmelianodiol', '21α,25-dimethylmelianodiol', '3,21-Di-epi-feroniellide B', 'Xanthyletin', 'Mycoleptone A', '9-hydroxyeugenin', 'Austdiol', '6-methoxyeugenin', 'Eugenitin', 'Austdiol diacetate', 'Mycoleptone A tetraacetate', 'Mycoleptone B', 'bis-5-hydroxyacronycine', 'Citibrasine', '2,3-dihydro-4,9-dihydroxy-2-(2-hydroxy-propan-2-yl)- 11-methoxy-10-methylfuro[3,2-b]acridin-5(10H)-one', ""3',4'-methylenedioxy-5,6,7- trimethoxyflavone"", ""3',4'-methylenedioxy-5,5',6,7-tetramethoxyflavone"", ""2'-hydroxy-3,4,4'-trimethoxy-5',6'-(2'',2''-dimethylpyrano)-chalcone"", ""3',4'-methylenedioxy-5,7-dimethoxyflavone"", '(-)-3-O-acetyl-spectaline', 'Stearic acid 4-pentoyloxyphenethyl ester', 'Secoxyloganin', '7-Methoxydiderroside', ""6'-Acetyl-β-D-glucopyranosyldiderroside"", 'Diderroside', '5,7-dimethoxy-2,2-dimethyl-2H-1-benzopyran-6-propanoate', 'Nectandrin B', '7-Methyl-sargachromenol; 2,7,8-Trimethyl-2-[(3-E,7-Z)-4,12-dimethyl-8-carboxyl-3,7,11-tridecatrienyl]-3-chromen-6-ol, β-caroteno', 'Verrucosin', 'Epi-guaiacin', 'Piscidinol A', 'Pentaol', 'Iso-odoratol', '3,11-dioxoolean-12-en-28- onic acid', 'cryptomeridiol', 'Oleanonic acid', 'Nilocetin', 'Hispidol A', 'Chlorogenic acid methyl ester, Methyl (1S,3R,4R,5R)-3-{[(2E)-3-(3,4-dihydroxyphenyl)-2-propenoyl]oxy}-1,4,5-trihydroxycyclohexanecarboxylate', 'Isopimpinellin', 'penduletin 4-O-methyl ether', '3,3-O-dimethylquercetin', '2α,3α,19α- trihydroxyurs-12-en-28-oic acid', '3,7,4-O-trimethylkaempferol', '3-O-methylquercetin', 'acacetin', 'Chrysoeriol', 'p-hydroxybenzoic acid', '2α,3α-dihydroxyolean-12- en-28-oic acid', '3,4,5-Trimethoxydihydrocinnamic acid', ""2',6'-Dihydroxy-4'-methoxydihydrochalcone"", 'Methyl 2,2-dimethyl-1-oxo-2H-1-benzopyran-6-carboxylate', ""Methyl 4-hydroxy-3-(3'-methyl-2'-butenyl)benzoate"", 'Piperaduncine B', ""Hostmaniene; 4-Hydroxy-3-(2',3'-dihydroxy-3'-methylbutyl)benzoate"", ""4-Hydroxy-3-(3',7'-dimethylocta-2'-E-6'-dienyl)benzoic acid"", ""Methyl taboganate; Methyl 4-hydroxy-3-(3'-methyl-1'-oxo-2'-butenyl)benzoate"", ""Aduncumene; Methyl 2-methoxy-5-(3'-methyl-1'-oxo-2'-butenyl)benzoate"", ""Methyl 4-hydroxy-3-(3'-methyl-2'-hydroxy-3'-butenyl)benzoate"", ""4-Hydroxy-(3',7'-dimethyl-1'-oxo-octa-2'-Z-6'-dienyl)benzoic acid"", 'Pyranofoline', 'Glycocitrine-I', 'Glycocitrine-IV', 'Citrusinine-I', '5-hydroxynoracronycine; Atalaphyllidine', '3,4-dihydro-3,5,8-trihydroxy-6-methoxy-2,2,7-trimethyl-2Hpyrano[ 2,3-a]acridin-12(7H)-one', '1,3,5-trihydroxy-4-methoxy-10-methyl- 2,8-bis(3-methylbut-2-enyl)acridin-9(10H)-one', 'Citrusinine-II', '1,3,5-trihydroxy- 2,8-bis(3-methylbut-2-enyl)-10-methyl-9-acridone', ""Rel-(7R,8S,7'S,8'S)-4',5'-methylenedioxy-3,4,5,3'-tetramethoxy-7,7'-epoxylignan"", ""Rel-(7R,8S,7'S,8'S)-4-hydroxy-4',5'-methylenedioxy-3,5,3'-trimethoxy-7,7'-epoxylignan"", ""Rel-(7R,8S,7'S,8'S)-4'-hydroxy-3,4,5,3',5'-pentamethoxy-7,7'-epoxylignan"", ""Rel-(7R,8S,7'S,8'S)-4,5,4',5'-dimethylenedioxy-3,3'-dimethoxy-7,7'-epoxylignan"", ""Rel-(7R,8S,7'S,8'S)-9-hydroxy-4',5'-methylenedioxy-3,4,5,3'-tetramethoxy-7,7'-epoxylignan"", 'Clusifoliol', ""Isoswertisin-2''α1-L-rhamnoside"", ""Isoswertisin-4'-methyl-ether-2''α-L-rhamnoside"", '2-Episesalatin', 'Sesartemin', 'Methyl (3R,4R,5R)-3-{[(2Z)-3-(3,4-dihydroxyphenyl)-2-propenoyl]oxy}-1,4,5-trihydroxycyclohexanecarboxylate', 'Methyl (3R,4R,5R)-3-{[(2E)-3-(3,4-dihydroxyphenyl)-2-propenoyl]oxy}-1,4,5-trihydroxycyclohexanecarboxylate', '17-(3,4-Methylenedioxyphenyl)-heptadecanoic acid', ""7,4'-Dihydroxyflavone"", 'Farnisine', 'Sargachromenol', 'Sargaquinoic acid', '19´-(3,4-Methylenedioxyphenyl)-nonadecanoic acid', ""7,4'-Dimethoxyflavone"", '21´-(3,4-Methylenedioxyphenyl)-henicosanoic acid', '(+)-Guaiacin', 'Tithonine', 'Fasciculiferin', ""Juruenolic acid; 2-(4'-Methylpentenyl-3)-10-oxoundecan-2,6-dienoic acid"", ""2-(1'-pentenyl)-Quinoline"", ""2-(3',4'-methylenedioxyphenylethyl)-Quinoline"", '2-n-Pentylquinoline', '2-n-Propylquinoline', 'β-caryophyllene, trans-caryophyllene', ""4-Hydroxy-3-(3',7'-dimethyl-3'-hydroxy-1'-oxo-6'-octenyl)benzoic acid"", ""1,4-Dihydroxy-2-(3',7'-dimethyl-1'-oxo-2'-E-6'-octadienyl)benzene"", ""Isosakuranetin; 5,7-dihydroxy-4'-methoxyflavanone"", ""4-Hydroxy-(3',7'-dimethyl-1'-oxo-octa-2'-E-6'-dienyl)benzoic acid"", ""Sakuranetin; 5,4'-dihydroxy-7-methoxyflavanone"", 'astilbin; Rel-(2R, 3R)-dihydroquercetin-3-O-±-L-rhamnoside', 'Aphidicolin', 'Strictosidine acid', '5α-carboxystrictosidine', '3,4-dehydro-strictosidine', 'Turbinatine', 'Harman-3-carboxylic acid', 'Cordifoline', '3,4-dehydrostrictosidine acid', 'Deoxycordifoline', 'Taraxerol acetate', 'Beauvericin', 'Anhydrofusarubin', 'Methacrylic acid', 'Nitensidine E', 'Nitensidine D', 'Pimara-7,15-dien-3β-ol', 'Dimethyl terephthalate', '8-hydroxy-6-methoxy-3-methylisocoumarin', '(22E,24R)-ergosta-4,6,8(14),22-tetraen-3-one', 'Ergosterol peroxide', '5,7-dimethoxy-2,2-dimethyl-2H-1-benzopyran-6-propanoic acid', '(+)-Erythravine', '(+)-11α-Hydroxyerythravine', '(+)-α-Hydroxyerysotrine', '(3Z,5Z)-N-isobutyl-8-(30,40-methylenedioxy-phenyl)-heptadienamide', 'Pellitorine', ""N-[3-(6'-methoxy-3',4'-methy-lenedioxyphenyl)-2(Z)-propenoyl]pyrrolidine"", '4,5-dihydropiperlonguminine; Piperlonguminine', '8,9-dihydropiplartine; N-(12,13,14-trimethoxydihydrocinnamoyl)-Δ3-pyridin-2-one', 'Piperine', '10,11-dihydropiperine; Δα,β-dihydropiperine', '4,5-dihydropiperyline', '(E)-piplartine', '(Z)-piplartine; 8(Z)-N-(12,13, 14-trimethoxycinnamoyl)- 3-pyridin-2-one', 'Catechin, Ent-catechin', 'Kaempferol-3-O-α-L-rhamnopyranosyl-(1→6)-β-D-galactopyranoside', 'Kaempferol-3-O-rutinoside', 'Kaempferol-3-O-α-L-rhamnopyranosyl-(1-6)-α-L-rhamnopyranosyl-(1-4)-β-D-glucopyranoside', 'Quercetin-3-O-α-L-rhamnopyranosyl-(1→6)-β-D-galactopyranoside', 'Procyanidin B-3', 'Kaempferol-3-O-D-galactopyranoside', 'Kaempferol-3-O-D-glucopyranoside', '6-Hydroxy-rutin', 'α-Gardiol', 'β-Gardiol', 'Ferulic acid', ""3,4-dimethyl-2-(4'-hydroxy-3',5'-dimethoxyphenyl)-5-methoxy-tetrahydrofuran"", '1-methoxy-3-hydroxy-3,10b-4,5a-diepoxy-8b-isobutyroyloxygermacr-11(13)-en-6a,12-olide', 'Tagitinin C', ""3',4',5',3,5,7,8-heptamethoxyflavone"", ""3,5,6,7,3',4',5'-heptamethoxyflavonol"", '4-metoxi-6-[2-(metilamino)fenil]- 2H-piran-2-ona', 'Cuspanine; 1-hydroxy-2,3,5,6-tetramethoxy-9-acridone', 'Cusculine; 1,2,3,5,6-pentamethoxy-9-acridone', '2α,3α-Dihydroxy-urs-12-en-28-oic acid', '3-O-β-D-(6’-methyl)-glucopyranosyl-28-O-β-D-glucopyranosyl-oleanate', 'Oleanolic acid 3-sophoroside', '5-hydroxyflavone', 'β-Sitosterol benzoate', '2-phenyl-4H-chromen-4-one', 'Haplotusine', 'Sinapyl 4-O-β-D-glucopyranoside aldehyde', 'Sinapyl 4-O-β-D-glucopyranoside alcohol', 'N-acetylnonaine', 'Liriodenine', '[10]-gingerol', ""2,4-Dihydroxy-6-[(1'E,3'E)-penta-1', 3'-dienyl]-benzaldehyde"", 'Nitensidine A', '2-methyl-5-[8(Z)-pentadecenyl]resorcinol', '2-hydroxyphenylacetic acid', 'Gallic acid; 3,4,5-trihydroxybenzoic acid', 'Quercitrin, 3-O-α-rhamnosylquercetin', 'Caseobliquin A', 'Methyl angolensate', ""5-(3'' -Hydroxypropyl)-7-methoxy-2-(3',4' -methyl-enedioxyphenyl)benzofuran"", '22β-hydroxypristimerin', '1- (5,7-dihydroxy-2,2-dimethylchroman-6-yl)-3-(2,2-dimethylchroman- 6-yl)propan-1-one', 'Canavaline', 'Di-hydrodehydrodiconiferyl alcohol', 'Quercetin', ""2-(2'-O-trans-cinnamoyl)-C-β-D-glucopyranosyl-1,3,6,7-tetrahydroxyxanthone"", '5-hydroxy-N-methylseverifoline', '19,20-Epoxycytochalasin N', 'ellagic acid 4-O-α-L-rhamnopyranoside; eschweilenol C', 'Mayoside C', 'Ourateacatechin', ""3',4',5',5,7-pentamethoxyflavone"", '2-methyl-5-pentadecylresorcinol', '3β-hydroxy-stigmast-5-en-7-one; 24-β-7-oxositosterol', 'scillascillin', ""7-Hydroxy-4',6-dimethoxyisoflavone; Afrormosin; Afromosin"", '8-methoxymellein', '(±)-Syringaresinol', 'Cyclo-(L-Pro-L-Val)', 'Acetonide of odoratol', '(−)-Grandisin', '24-methylenecycloartan-3b-ol', '2,7-Di-O-acetylcasearupestrin A', 'Nitensidine B', '1-methyl-2-n-nonyl-4-quinolone', '5-[8(Z),11(Z),14-pentadecatrienyl]resorcinol', 'Kokusaginine', ""2-(2'-O-trans-caffeoyl)-C-β-D-glucopyranosyl-1,3,6,7-tetrahydroxyxanthone"", 'Netzahualcoyene', 'Casearin X Dialdehyde; (2R*,4aS*,5S*,7R*,8R*,8aS*)-4,4a-Diformyl-1,2,4a,5,6,7,8,8a-octahydro-5-hydroxy-7,8-dimethyl-8-[(2Z)-3-methylpenta-2,4-dien-1-yl]naphthalen-2-yl Butanoate', 'polypodine B', 'n-Propyl gallate', ""3',4',5',5,7,8-hexamethoxyflavone"", 'Isopropyl gallate', '3-O-β-D-quinovopyranosyl quinovic acid', ""8-hydroxy-3,5,7,3',4',5'-hexamethoxyflavonol"", 'Odoratol', 'Leptomerine', '2,4,6-trimethoxybenzoic acid', '1-O-(E)-caffeoyl-β-D-glucopyranoside', 'Maculosidine', 'Podocarpusflavone A', 'Casearupestrin C', '6α-malonyloxy-n-butyl ester manoyl oxide', 'citrusinine-I', 'Ricinine', 'Leptophyllin A', '5-pentadecylresorcinol', '19,20-Epoxycytochalasin D', 'fumiquinozoline F', 'Kaempferol 3-O-α-L-rhamnopyranosyl (1→6)-O-[β -D-glucopyranosyl (1→3)-O-α-L-rhamnopyranosyl-(1→2)]-O-β -D-glucopyranosyl', 'Rel-2α-hydroxyzuelanin-6β-benzoate', '2,6-di-O-acetylcasearupestrin D', ""Methyl-2,2-dimethyl-8-(3'-methylbut-2'-enyl)chroman-6-carboxylate"", ""2',5-dihydroxy-3-methoxy-8-dimethylallyl-6, 7-(2' ',2''-dimethylpyrano)-dihydroflavonol"", '2-n-nonyl-4-quinolone', 'Cytochalasin D', 'Isoorientin', 'Piperol B', '(-)-Hardwickiic acid', ""5-[3''-(β-D-glucopyranosyloxy)propyl]-7-methoxy-2-(3',4'-methylenedioxyphenyl)benzofuran"", '28-O-β-D-glucopyranosyl quinovic acid', '2-Methyl-4-hydroxy-butyl caffeoate', 'N-1,N-2,N-3-Triisopentenylguanidine', 'Dibenzyl trisulphide', 'Maytenin, Tingenone', 'Uracil', '6β-hydroxy-7-epigardoside methyl ester', 'Tetrahydropiperyline, N-[10-(13,14-methylenedioxyphenyl)-pentanoyl]-pyrrolidine', 'Piperovatine', 'urauchimycin A', 'p-Coumaric acid', '(-)-Epigallocatechin', 'Netzahualcoyonol', '1-[3-(3,7-dimethylocta-2,6-dien-1-yl)-2,4,6- trihydroxyphenyl]-3-(4-hydroxyphenyl)propan-1-one', '6α-malonyloxymanoyl oxide', 'Benzylhydroxymethyl sulphide', '1,6-di-O-caffeoyl-β-D-glucopyranoside', '2-methyl-5-[8(Z),11(Z),14-pentadecatrienyl]resorcinol', '20-hydroxyecdysone; polypodine A', '3-Acetyl aleuritolic acid', 'Alkenoic acid', 'Quercetin 3-O-α-L-rhamnopyranosyl (1→6)-O-[β -D-glucopyranosyl (1→3)-O-α-L-rhamnopyranosyl-(1→2)]-O-β -D-glucopyranosyl', 'Heveaflavone', '3β-O-[α-L-rhamnopyranosyl-(1→2)-O-β-D-glucopyranosyl-(1→2)-O-β-D-glucopyranosyl]-28-O-β-D-glucopyranoside pomolate', 'Dibenzyl tetrasulphide', 'Arboreumine', '3-Oxoursolic acid', 'Casearupestrin B', 'toonacilin', 'urauchimycin B', 'Homoegonol', '[8]-gingerol', '4-Hydroxymellein', '5-hydroxymellein', 'fraxinellonone', 'Dibenzyl sulphide', '(-) Cis-4-hydroxy-6-deoxyscytalone', 'Plumericin', '5-[8(Z),11(Z)-pentadecadienyl]resorcinol', '(-)-Spectalinine', 'Pedalitin', ""Acteoside; [β-3,4-dihydroxyphenyl)-ethyl]-(3'-O-α-L-rhamnopyranosyl)-(4'-O-cafeoyl)-β-D-glycopyranoside, verbascoside"", '1-O-(E)-feruloyl-β-D-glucopyranoside', '19,20-Epoxycytochalasin C', 'n-Pentyl gallate', 'Orcinol', 'Periconicin B', 'Phomopsilactone', ""(2S)-8-Isopentyl-2-methyl-2-(4'-methylpentyl)chroman-6-carboxylic acid"", '2,2-dimethyl-2H-chromene-6-carboxylic acid', '1,2-dihydro- 3β-hydroxy-7-deacetoxy-7-oxogedunin', 'Photogedunin', 'Casearin X; (1R*,3S*,5S*,6aR*,7S*,8S*,10R*,10aR*)-1-(Acetyloxy)-3,5,6,6a,7,8,9,10-octahydro-10-hydroxy-7,8-dimethyl-7-[(2Z)-3-methylpenta-2,4-dien-1-yl]naphtho[1,8a-c]furan-3,5-diyl Dibutanoate', 'α-L-xylopyranosyl-(4""→20)-(3-O-β-D-glucopyranosyl)-1\'-O-E-caffeoyl-β-D-glucopyranoside', ""2-(R)-Methyl-6-(S)-(tetradecyl-13'-one)-3(R)-O-tert-butyldimethylsilyl-piperidine"", '(2S)-Methyl-2-methyl-8-(3""-methylbut-2""-enyl)-2-(4\'-methylpent-3\'-enyl)-2H-chromene-6-carboxylate', 'Casearin T', 'Proanthocyanidin', 'neoisoastilbin', 'Piperyline, N-[10-(13,14-methylenedioxyphenyl)-7(E),9(E)-pentadienoyl]-pyrrolidine', 'ω-fenil alcanoic acid', '2-butyl-D-fructofuranoside', ""Gaudichaudianic acid; (2S)-2-methyl-2-(4'methyl-3'-pentenyl)-8-(3''-methyl-2-butenyl)- 2H-1-benzopyran-6-carboxylic acid"", 'limonexic acid', 'Netzahualcoyondiol', 'Pristimerin; 20α-3-hydroxy-2-oxo-24-nor-friedela-1-10,3,5,7-tetraen-carboxylic acid-29-methylester', '3,4,5-trimethoxyphenyl 1-O-β-D-apiofuranosyl-(1→6)-O-β-D-glucopyranoside', 'β-photogedunin', 'n-Butyl gallate', ""5-[3''-(β-D-glucopyranosyloxy)propyl]-7-methoxy-2-(3',4'-dimethoxyphenyl)benzofuran"", '3,12-Dihydroxycadalene', '7-hydroxy-3- (11-dimethylallyl)-8-methoxycoumarin', ""N-[7-(3',4'-methylenedioxyphenyl)-2(Z),4(Z)-heptadienoyl]pyrrolidine"", '3,4,5-Triacetoxybenzoic acid', 'Odoratone', 'Rel-6β-hydroxyzuelanin-2β-benzoate', 'Di(benzyltrithio) methane', '3,11,12-Trihydroxycadalene', 'Quercetin 3-O-sophoroside', '(3R,4R)-3,4-Dihydro-4,6-dihydroxy-3-methyl-1-oxo-1H-isochromene-5-carboxylic acid', '24-methylene-3,22-dihydroxycholesterol', 'amorphispironone', 'Casearupestrin D', 'Chaetoglobosin B', ""2-(2'-O-benzoyl)-C-β-D-glucopyranosyl-1,3,6,7-tetrahydroxyxanthone"", 'Isoplumericin', 'Skimmianine', 'p-hydroxybenzoic acid-geranyl ester', 'Dibenzyl disulphide', 'Methyl 6,7,8-trimethoxydihydrocinnamate', '2-Hexyl-3-methyl-butanodioic acid', 'fraxinellone', '(R)-7-Hydroxymellein', '6α-acetoxymanoyl oxide', 'Methyl-8-hydroxy-2,2-dimethylchroman-6-carboxylate', 'N-[10-(13,14-methylenedioxyphenyl)-7(E),9(Z)-pentadienoyl]-pyrrolidine', '6-[8(Z)-pentadecenyl]salicylic acid', '(2S)-2-methyl-8-(3""-methylbut-2""-enyl)-2-(4\'-methylpent-3\'-enyl)-2H-chromene-6-carboxylic acid', 'Burchellin', '5-[8(Z)-pentadecenyl]resorcinol', 'Luteolin; 2-(3,4-dihydroxyphenyl)-5,7-dihydroxy-4H-chromen-4-one', 'Sinapic acid', '19,20-Epoxycytochalasin Q', '19,20-Epoxycytochalasin R', 'Muraxanthone', ""(2'S)-2-(propan-2'-ol)-5-hydroxy-benzopyran-4-one"", 'Rel-(+)-(7S,9R,10S)-3,9,12-trihydroxycalamenene', 'Casearin S', 'shidasterone', '5-hydroxymethyl- 2-furancarboxaldehyde; 5-hydroxymethyl-2-furfuraldehyde', 'atalaphyllinine', 'N-[10- (13,14-methylenedioxyphenyl)-7(E)-pentaenoyl]-pyrrolidine', '2-Methyl-5-methoxy-benzopyran-4-one', '3,4-dihydroxybenzoic acid geranyl ester', '6α-acetoxy-14β,15β-epoxyazadirone', 'epoxy-fraxinellone', '12′-hydroxy-7′-multijuguinone', 'Kaempferitrin', 'Nitensidine C', 'Dipropyl disulphide', '2-methyl-5-[8(Z),11(Z)-pentadecadienyl]resorcinol', '6-pentadecylsalicylic acid', 'Methyl-2,2-dimethylchroman-6-carboxylate', ""Myrsinoic acid A, 3-Geranyl-4-hydroxy-5-(3'',3''-dimethylallyl)benzoic acid"", '6-[ 8(Z),11(Z) -pentadecadienyl] salicylic acid', 'Gedunin', 'Pedalin, pedalitin 6-O-β -glucopyranoside', 'Caseargrewiin F; (1R*,3S*,5S*,6aR*,7S*,8R*,10R*,10aR*)-1,3-Bis(acetyloxy)-3,5,6,6a,7,8,9,10-octahydro-10-hydroxy-7,8-dimethyl-7-[(2Z)-3-methylpenta-2,4-dien-1-yl]naphtho[1,8a-c]furan-5-yl Butanoate', 'Casearin L; (1R*,3S*,5S*,6aR*,7R*,8R*,9S*,10S*,10aR*)-1,10-Bis(acetyloxy)-3,5,6,6a,7,8,9,10-octahydro-9-hydroxy-5-methoxy-7,8-dimethyl-7-[(2Z)-3-methylpenta-2,4-dien-1-yl]naphtho[1,8a-c]-furan-3-yl Butanoate', 'Platydesmine', 'Leiokinine A', 'Cabraleadiol', 'schaftoside', ""(2S)-Methyl-8-isopentyl-2-methyl-2-(4'-methylpentyl)chroman-6-carboxylate"", 'Casearupestrin A', '2-oxo-piperol B; (7S*, 8R*, 1R*, 3R*)-3,4,5-trimethoxy-3,7-cyclo-8,1-neolig-8-ene-2,4(3H)-dione', 'taxifolin', 'Casearin O; (1R*,3S*,5S*,6aR*,7R*,8R*,9S*,10S*,10aR*)-1,10-Bis(acetyloxy)-5-methoxy-7,8-dimethyl-7-[(2Z)-3-methylpenta-2,4-dien-1-yl]-3,5,6,6a,7,8,9,10-octahydronaphtho[1,8a-c]furan-3,9-diyl Dibutanoate', 'germacrene D', '2β-Hydroxyzuelanin-6β-cinnamate', '11β-acetoxyobacunone', '1-(5,7-dihydroxy-2,2-dimethylchroman- 6-yl)-3-[4-hydroxy-3-(3-methylbut-2-en-1-yl)- phenyl]propan-1-one', '(3R,4R)-4,7-Dihydroxymellein', ""Nitensoside B; Pedalitin 6-O-α-rhamnopyranosyl(1'''→6'')-β-glucopyranoside"", 'Methyl gallate', '3-O-β-D-quinovopyranosyl cincholic acid', 'Afzelin, 3-O-α-rhamnosyl kaempferol', 'Egonol', '4-Nerolidilcatechol', ""2-(2'-O-transcoumaroyl)-C-β-D-glucopyranosyl-1,3,6,7-tetrahydroxyxanthone"", 'Syringic acid', '(+)-3-O-feruloylcassine', 'Salacin', 'Isobutyl gallate', '7′-multijuguinone', 'Griseofulvin', '20α-Hydroxymaytenin; 20-hydroxy-20-epi-tingenone', '(-)-Epigallocatechin-3-O-gallate', 'Casearin D; (1R*,3S*,5S*,6aR*,7R*,8R*,9S*,10S*,10aR*)-1-(Acetyloxy)-3,5,6,6a,7,8,9,10-octahydro-5,10-dihydroxy-7,8-dimethyl-7-[(2Z)-3-methylpenta-2,4-dien-1-yl]naphtho[1,8a-c]furan-3,9-diyl Dibutanoate', 'Rel. (+)-(7S,10S) 3,12-dihydroxycalamenene', 'carlinoside', 'Methyl-8-(ethanoyloxy)-2,2-dimethyl-2H-chromene-6-carboxylate', 'Amentoflavone', '1-(5,7-dihydroxy-2,2-dimethylchroman-6-yl)-3-(1,1,4a-trimethyl-2,3,4,4a,9a-hexahydro-1H-xanthen-7-yl)propan-1-one', 'Methyl (E)-6,7,8-trimethoxycinnamate', '3,4,5-Trimethoxyphenyl-1-O-β-D-(5-O-syringoyl)-apiofuranosyl-(1→6)-β-D-glucopyranoside', '6-[8(Z),11(Z),14-pentadecatrienyl]salicylic acid', 'Sorbifolin', ""Nitensoside A; Sorbifolin 6-O-α-rhamnopyranosyl(1'''→6'')-β-glucopyranoside"", 'Ocotillone', 'des-N-methylnoracronycine', 'Sorbifolin 6-O-β-glucopyranoside', 'arjunolic acid', 'stachysterone', 'Ethyl 2,4-dihydroxy-5,6-dimethylbenzoate', 'Amentoflavone 7”,4”’-dimethyl ether', 'Picramnioside F', 'Lauryl gallate', 'Syringaldehyde', '22-hydroxytirucalla-7,24-diene-2,3-dione', 'Trans-3’-methylsulphonylallyl trans-cinnamate', '(3-(2-(4-hydroxyphenyl)-2-oxoethyl)-5,6-dihydropyridin- 2(1H)-one)', 'Mangiferin', 'Viburgenin', ""Pterogynoside; Kaempferol-3-O-(3''-O-4'''-methylgallate-α-L-rhamnoside)"", 'Ixoside', 'Cognatine', 'Fagaramide', 'Chalepin', 'Chlorogenic acid', '(4R)-4,8-dihydroxy-α-tetralone', 'Kaempferol']]",doi_name
"['10.1016/j.phytochem.2006.09.005', ""2,4-Dihydroxy-6-[(1'E,3'E)-penta-1', 3'-dienyl]-benzaldehyde""]","['10.1016/j.phytochem.2006.09.005', ['guaiol', 'Hinesol', 'γ-eudesmol', 'α-eudesmol', '11-O-trans-feruloylteucrein', 'Teucrein', 'Apodanthoside', 'Galioside', 'Galioside aglicone', 'Chlorogenic acid methyl ester, Methyl (1S,3R,4R,5R)-3-{[(2E)-3-(3,4-dihydroxyphenyl)-2-propenoyl]oxy}-1,4,5-trihydroxycyclohexanecarboxylate', '5,7-dimethoxy-2,2-dimethyl-2H-1-benzopyran-6-propanoate', 'Mycoleptone A', '9-hydroxyeugenin', 'Eugenitin', 'Austdiol', 'Austdiol diacetate', 'Mycoleptone A tetraacetate', 'Mycoleptone B', '6-methoxyeugenin', ""6'-Acetyl-β-D-glucopyranosyldiderroside"", '7-Methoxydiderroside', 'Diderroside', 'Secoxyloganin', 'Methyl-8-hydroxy-2,2-dimethyl-2H-chromene-6-carboxylate', ""4-Methoxy-3-(3',7'-dimethylocta-2'-E-6'-dienyl)benzoic acid"", ""3-(3',7 '-dimethyl-2',6 '-octadienyl)-4-methoxy-benzoic acid"", 'cyclo (L)-Pro-Gly', 'bis-5-hydroxyacronycine', '2,3-dihydro-4,9-dihydroxy-2-(2-hydroxy-propan-2-yl)- 11-methoxy-10-methylfuro[3,2-b]acridin-5(10H)-one', 'Citibrasine', 'Methyl (3R,4R,5R)-3-{[(2Z)-3-(3,4-dihydroxyphenyl)-2-propenoyl]oxy}-1,4,5-trihydroxycyclohexanecarboxylate', 'Methyl (3R,4R,5R)-3-{[(2E)-3-(3,4-dihydroxyphenyl)-2-propenoyl]oxy}-1,4,5-trihydroxycyclohexanecarboxylate', '3,21-Di-epi-feroniellide B', '21β,25-dimethylmelianodiol', '21α,25-dimethylmelianodiol', 'Xanthyletin', ""2'-hydroxy-3,4,4'-trimethoxy-5',6'-(2'',2''-dimethylpyrano)-chalcone"", ""3',4'-methylenedioxy-5,5',6,7-tetramethoxyflavone"", ""3',4'-methylenedioxy-5,6,7- trimethoxyflavone"", ""3',4'-methylenedioxy-5,7-dimethoxyflavone"", '2-n-Propylquinoline', ""2-(1'-pentenyl)-Quinoline"", ""2-(3',4'-methylenedioxyphenylethyl)-Quinoline"", '2-n-Pentylquinoline', '(-)-3-O-acetyl-spectaline', '7-Methyl-sargachromenol; 2,7,8-Trimethyl-2-[(3-E,7-Z)-4,12-dimethyl-8-carboxyl-3,7,11-tridecatrienyl]-3-chromen-6-ol, β-caroteno', 'Nectandrin B', 'Verrucosin', 'Epi-guaiacin', 'Citrusinine-I', '5-hydroxynoracronycine; Atalaphyllidine', 'Glycocitrine-I', 'Pyranofoline', '1,3,5-trihydroxy- 2,8-bis(3-methylbut-2-enyl)-10-methyl-9-acridone', '3,4-dihydro-3,5,8-trihydroxy-6-methoxy-2,2,7-trimethyl-2Hpyrano[ 2,3-a]acridin-12(7H)-one', '1,3,5-trihydroxy-4-methoxy-10-methyl- 2,8-bis(3-methylbut-2-enyl)acridin-9(10H)-one', 'Citrusinine-II', 'Glycocitrine-IV', 'Beauvericin', 'Anhydrofusarubin', 'Taraxerol acetate', ""Rel-(7R,8S,7'S,8'S)-4-hydroxy-4',5'-methylenedioxy-3,5,3'-trimethoxy-7,7'-epoxylignan"", ""Rel-(7R,8S,7'S,8'S)-9-hydroxy-4',5'-methylenedioxy-3,4,5,3'-tetramethoxy-7,7'-epoxylignan"", ""Rel-(7R,8S,7'S,8'S)-4',5'-methylenedioxy-3,4,5,3'-tetramethoxy-7,7'-epoxylignan"", ""Rel-(7R,8S,7'S,8'S)-4,5,4',5'-dimethylenedioxy-3,3'-dimethoxy-7,7'-epoxylignan"", ""Rel-(7R,8S,7'S,8'S)-4'-hydroxy-3,4,5,3',5'-pentamethoxy-7,7'-epoxylignan"", 'Isopimpinellin', '17-(3,4-Methylenedioxyphenyl)-heptadecanoic acid', 'Farnisine', 'Tithonine', 'Fasciculiferin', '21´-(3,4-Methylenedioxyphenyl)-henicosanoic acid', '(+)-Guaiacin', ""7,4'-Dimethoxyflavone"", '19´-(3,4-Methylenedioxyphenyl)-nonadecanoic acid', 'Sargachromenol', ""7,4'-Dihydroxyflavone"", 'Sargaquinoic acid', ""Juruenolic acid; 2-(4'-Methylpentenyl-3)-10-oxoundecan-2,6-dienoic acid"", 'Aphidicolin', 'Nilocetin', 'cryptomeridiol', 'Iso-odoratol', 'Pentaol', 'Hispidol A', 'Piscidinol A', '3,11-dioxoolean-12-en-28- onic acid', 'Oleanonic acid', '2-Episesalatin', ""Isoswertisin-4'-methyl-ether-2''α-L-rhamnoside"", 'Clusifoliol', ""Isoswertisin-2''α1-L-rhamnoside"", 'Sesartemin', '3,3-O-dimethylquercetin', '2α,3α,19α- trihydroxyurs-12-en-28-oic acid', 'penduletin 4-O-methyl ether', '3,7,4-O-trimethylkaempferol', '2α,3α-dihydroxyolean-12- en-28-oic acid', 'p-hydroxybenzoic acid', 'Chrysoeriol', '3-O-methylquercetin', 'acacetin', ""Methyl taboganate; Methyl 4-hydroxy-3-(3'-methyl-1'-oxo-2'-butenyl)benzoate"", 'Piperaduncine B', ""Hostmaniene; 4-Hydroxy-3-(2',3'-dihydroxy-3'-methylbutyl)benzoate"", ""2',6'-Dihydroxy-4'-methoxydihydrochalcone"", 'Methyl 2,2-dimethyl-1-oxo-2H-1-benzopyran-6-carboxylate', ""4-Hydroxy-3-(3',7'-dimethylocta-2'-E-6'-dienyl)benzoic acid"", ""Methyl 4-hydroxy-3-(3'-methyl-2'-butenyl)benzoate"", '3,4,5-Trimethoxydihydrocinnamic acid', ""Aduncumene; Methyl 2-methoxy-5-(3'-methyl-1'-oxo-2'-butenyl)benzoate"", ""4-Hydroxy-(3',7'-dimethyl-1'-oxo-octa-2'-Z-6'-dienyl)benzoic acid"", ""Methyl 4-hydroxy-3-(3'-methyl-2'-hydroxy-3'-butenyl)benzoate"", 'astilbin; Rel-(2R, 3R)-dihydroquercetin-3-O-±-L-rhamnoside', ""3,4-dimethyl-2-(4'-hydroxy-3',5'-dimethoxyphenyl)-5-methoxy-tetrahydrofuran"", '(+)-11α-Hydroxyerythravine', '(+)-α-Hydroxyerysotrine', '(+)-Erythravine', 'Stearic acid 4-pentoyloxyphenethyl ester', 'Nitensidine D', 'Nitensidine E', '5,7-dimethoxy-2,2-dimethyl-2H-1-benzopyran-6-propanoic acid', 'β-Gardiol', 'Ferulic acid', 'α-Gardiol', '4,5-dihydropiperyline', '10,11-dihydropiperine; Δα,β-dihydropiperine', '8,9-dihydropiplartine; N-(12,13,14-trimethoxydihydrocinnamoyl)-Δ3-pyridin-2-one', '(E)-piplartine', '(Z)-piplartine; 8(Z)-N-(12,13, 14-trimethoxycinnamoyl)- 3-pyridin-2-one', '4,5-dihydropiperlonguminine; Piperlonguminine', 'Piperine', ""N-[3-(6'-methoxy-3',4'-methy-lenedioxyphenyl)-2(Z)-propenoyl]pyrrolidine"", '(3Z,5Z)-N-isobutyl-8-(30,40-methylenedioxy-phenyl)-heptadienamide', 'Pellitorine', ""4-Hydroxy-(3',7'-dimethyl-1'-oxo-octa-2'-E-6'-dienyl)benzoic acid"", ""Sakuranetin; 5,4'-dihydroxy-7-methoxyflavanone"", ""4-Hydroxy-3-(3',7'-dimethyl-3'-hydroxy-1'-oxo-6'-octenyl)benzoic acid"", ""1,4-Dihydroxy-2-(3',7'-dimethyl-1'-oxo-2'-E-6'-octadienyl)benzene"", ""Isosakuranetin; 5,7-dihydroxy-4'-methoxyflavanone"", 'Deoxycordifoline', 'Turbinatine', 'Harman-3-carboxylic acid', 'Cordifoline', '5α-carboxystrictosidine', '3,4-dehydro-strictosidine', '3,4-dehydrostrictosidine acid', 'Strictosidine acid', 'Catechin, Ent-catechin', 'Kaempferol-3-O-rutinoside', 'Quercetin-3-O-α-L-rhamnopyranosyl-(1→6)-β-D-galactopyranoside', 'Kaempferol-3-O-D-galactopyranoside', 'Kaempferol-3-O-α-L-rhamnopyranosyl-(1→6)-β-D-galactopyranoside', 'Procyanidin B-3', 'Kaempferol-3-O-α-L-rhamnopyranosyl-(1-6)-α-L-rhamnopyranosyl-(1-4)-β-D-glucopyranoside', '6-Hydroxy-rutin', 'Kaempferol-3-O-D-glucopyranoside', 'Pimara-7,15-dien-3β-ol', 'Ergosterol peroxide', '8-hydroxy-6-methoxy-3-methylisocoumarin', 'Dimethyl terephthalate', '(22E,24R)-ergosta-4,6,8(14),22-tetraen-3-one', ""3',4',5',3,5,7,8-heptamethoxyflavone"", ""3,5,6,7,3',4',5'-heptamethoxyflavonol"", 'Methacrylic acid', '1-methoxy-3-hydroxy-3,10b-4,5a-diepoxy-8b-isobutyroyloxygermacr-11(13)-en-6a,12-olide', 'Tagitinin C', '4-metoxi-6-[2-(metilamino)fenil]- 2H-piran-2-ona', 'β-caryophyllene, trans-caryophyllene', 'Cuspanine; 1-hydroxy-2,3,5,6-tetramethoxy-9-acridone', 'Cusculine; 1,2,3,5,6-pentamethoxy-9-acridone', '2α,3α-Dihydroxy-urs-12-en-28-oic acid', '3-O-β-D-(6’-methyl)-glucopyranosyl-28-O-β-D-glucopyranosyl-oleanate', 'Oleanolic acid 3-sophoroside', '5-hydroxyflavone', 'β-Sitosterol benzoate', '2-phenyl-4H-chromen-4-one', 'Haplotusine', 'Sinapyl 4-O-β-D-glucopyranoside aldehyde', 'Sinapyl 4-O-β-D-glucopyranoside alcohol', 'N-acetylnonaine', 'Liriodenine', '[10]-gingerol', ""2,4-Dihydroxy-6-[(1'E,3'E)-penta-1', 3'-dienyl]-benzaldehyde"", 'Nitensidine A', '2-methyl-5-[8(Z)-pentadecenyl]resorcinol', '2-hydroxyphenylacetic acid', '3-O-β-D-quinovopyranosyl quinovic acid', 'Kaempferol', '(4R)-4,8-dihydroxy-α-tetralone', 'Chlorogenic acid', 'Gallic acid; 3,4,5-trihydroxybenzoic acid', 'Quercitrin, 3-O-α-rhamnosylquercetin', 'Caseobliquin A', 'Methyl angolensate', ""5-(3'' -Hydroxypropyl)-7-methoxy-2-(3',4' -methyl-enedioxyphenyl)benzofuran"", '22β-hydroxypristimerin', '1- (5,7-dihydroxy-2,2-dimethylchroman-6-yl)-3-(2,2-dimethylchroman- 6-yl)propan-1-one', '5-hydroxy-N-methylseverifoline', '19,20-Epoxycytochalasin N', 'ellagic acid 4-O-α-L-rhamnopyranoside; eschweilenol C', 'Mayoside C', 'Ourateacatechin', ""3',4',5',5,7-pentamethoxyflavone"", '2-methyl-5-pentadecylresorcinol', '3β-hydroxy-stigmast-5-en-7-one; 24-β-7-oxositosterol', 'scillascillin', ""Pterogynoside; Kaempferol-3-O-(3''-O-4'''-methylgallate-α-L-rhamnoside)"", 'Isobutyl gallate', '7′-multijuguinone', 'Griseofulvin', ""7-Hydroxy-4',6-dimethoxyisoflavone; Afrormosin; Afromosin"", '8-methoxymellein', '(±)-Syringaresinol', '2,7-Di-O-acetylcasearupestrin A', 'Nitensidine B', '1-methyl-2-n-nonyl-4-quinolone', '5-[8(Z),11(Z),14-pentadecatrienyl]resorcinol', 'Kokusaginine', ""2-(2'-O-trans-caffeoyl)-C-β-D-glucopyranosyl-1,3,6,7-tetrahydroxyxanthone"", 'Netzahualcoyene', 'Casearin X Dialdehyde; (2R*,4aS*,5S*,7R*,8R*,8aS*)-4,4a-Diformyl-1,2,4a,5,6,7,8,8a-octahydro-5-hydroxy-7,8-dimethyl-8-[(2Z)-3-methylpenta-2,4-dien-1-yl]naphthalen-2-yl Butanoate', 'polypodine B', 'n-Propyl gallate', ""3',4',5',5,7,8-hexamethoxyflavone"", 'Isopropyl gallate', 'Chalepin', ""8-hydroxy-3,5,7,3',4',5'-hexamethoxyflavonol"", 'Odoratol', 'Leptomerine', '2,4,6-trimethoxybenzoic acid', '1-O-(E)-caffeoyl-β-D-glucopyranoside', 'Maculosidine', 'Podocarpusflavone A', 'Casearupestrin C', '6α-malonyloxy-n-butyl ester manoyl oxide', 'citrusinine-I', 'Ricinine', 'Leptophyllin A', '5-pentadecylresorcinol', 'Piperol B', '(-)-Hardwickiic acid', ""5-[3''-(β-D-glucopyranosyloxy)propyl]-7-methoxy-2-(3',4'-methylenedioxyphenyl)benzofuran"", 'Rel-2α-hydroxyzuelanin-6β-benzoate', '2,6-di-O-acetylcasearupestrin D', ""Methyl-2,2-dimethyl-8-(3'-methylbut-2'-enyl)chroman-6-carboxylate"", '2-Methyl-4-hydroxy-butyl caffeoate', 'N-1,N-2,N-3-Triisopentenylguanidine', 'Dibenzyl trisulphide', 'Maytenin, Tingenone', '19,20-Epoxycytochalasin D', 'fumiquinozoline F', 'Kaempferol 3-O-α-L-rhamnopyranosyl (1→6)-O-[β -D-glucopyranosyl (1→3)-O-α-L-rhamnopyranosyl-(1→2)]-O-β -D-glucopyranosyl', '3β-O-[α-L-rhamnopyranosyl-(1→2)-O-β-D-glucopyranosyl-(1→2)-O-β-D-glucopyranosyl]-28-O-β-D-glucopyranoside pomolate', 'Dibenzyl tetrasulphide', ""2',5-dihydroxy-3-methoxy-8-dimethylallyl-6, 7-(2' ',2''-dimethylpyrano)-dihydroflavonol"", '2-n-nonyl-4-quinolone', 'Cytochalasin D', 'Isoorientin', '6β-hydroxy-7-epigardoside methyl ester', 'Tetrahydropiperyline, N-[10-(13,14-methylenedioxyphenyl)-pentanoyl]-pyrrolidine', 'Piperovatine', 'Uracil', 'urauchimycin A', 'p-Coumaric acid', '(-)-Epigallocatechin', 'Netzahualcoyonol', '1-[3-(3,7-dimethylocta-2,6-dien-1-yl)-2,4,6- trihydroxyphenyl]-3-(4-hydroxyphenyl)propan-1-one', '6α-malonyloxymanoyl oxide', 'Benzylhydroxymethyl sulphide', '1,6-di-O-caffeoyl-β-D-glucopyranoside', '2-methyl-5-[8(Z),11(Z),14-pentadecatrienyl]resorcinol', 'urauchimycin B', 'Homoegonol', '[8]-gingerol', '4-Hydroxymellein', '5-hydroxymellein', '28-O-β-D-glucopyranosyl quinovic acid', ""2-(R)-Methyl-6-(S)-(tetradecyl-13'-one)-3(R)-O-tert-butyldimethylsilyl-piperidine"", 'fraxinellonone', 'Dibenzyl sulphide', '(-) Cis-4-hydroxy-6-deoxyscytalone', 'Plumericin', '5-[8(Z),11(Z)-pentadecadienyl]resorcinol', '(-)-Spectalinine', '20-hydroxyecdysone; polypodine A', '3-Acetyl aleuritolic acid', 'Alkenoic acid', 'Quercetin 3-O-α-L-rhamnopyranosyl (1→6)-O-[β -D-glucopyranosyl (1→3)-O-α-L-rhamnopyranosyl-(1→2)]-O-β -D-glucopyranosyl', 'Heveaflavone', 'Arboreumine', '3-Oxoursolic acid', 'Casearupestrin B', 'toonacilin', ""5-[3''-(β-D-glucopyranosyloxy)propyl]-7-methoxy-2-(3',4'-dimethoxyphenyl)benzofuran"", '3,12-Dihydroxycadalene', '7-hydroxy-3- (11-dimethylallyl)-8-methoxycoumarin', 'Pedalitin', '1-O-(E)-feruloyl-β-D-glucopyranoside', '19,20-Epoxycytochalasin C', 'n-Pentyl gallate', 'Orcinol', 'Periconicin B', 'Phomopsilactone', ""(2S)-8-Isopentyl-2-methyl-2-(4'-methylpentyl)chroman-6-carboxylic acid"", '2,2-dimethyl-2H-chromene-6-carboxylic acid', '1,2-dihydro- 3β-hydroxy-7-deacetoxy-7-oxogedunin', 'Photogedunin', 'Casearin X; (1R*,3S*,5S*,6aR*,7S*,8S*,10R*,10aR*)-1-(Acetyloxy)-3,5,6,6a,7,8,9,10-octahydro-10-hydroxy-7,8-dimethyl-7-[(2Z)-3-methylpenta-2,4-dien-1-yl]naphtho[1,8a-c]furan-3,5-diyl Dibutanoate', 'α-L-xylopyranosyl-(4""→20)-(3-O-β-D-glucopyranosyl)-1\'-O-E-caffeoyl-β-D-glucopyranoside', 'Isoplumericin', 'Skimmianine', 'p-hydroxybenzoic acid-geranyl ester', 'Dibenzyl disulphide', '(2S)-Methyl-2-methyl-8-(3""-methylbut-2""-enyl)-2-(4\'-methylpent-3\'-enyl)-2H-chromene-6-carboxylate', 'Casearin T', 'Piperyline, N-[10-(13,14-methylenedioxyphenyl)-7(E),9(E)-pentadienoyl]-pyrrolidine', 'ω-fenil alcanoic acid', '2-butyl-D-fructofuranoside', ""Gaudichaudianic acid; (2S)-2-methyl-2-(4'methyl-3'-pentenyl)-8-(3''-methyl-2-butenyl)- 2H-1-benzopyran-6-carboxylic acid"", 'limonexic acid', 'Netzahualcoyondiol', 'Pristimerin; 20α-3-hydroxy-2-oxo-24-nor-friedela-1-10,3,5,7-tetraen-carboxylic acid-29-methylester', '3,4,5-trimethoxyphenyl 1-O-β-D-apiofuranosyl-(1→6)-O-β-D-glucopyranoside', 'β-photogedunin', 'n-Butyl gallate', 'Sinapic acid', '19,20-Epoxycytochalasin Q', '19,20-Epoxycytochalasin R', 'Muraxanthone', '3,4,5-Triacetoxybenzoic acid', ""N-[7-(3',4'-methylenedioxyphenyl)-2(Z),4(Z)-heptadienoyl]pyrrolidine"", ""Acteoside; [β-3,4-dihydroxyphenyl)-ethyl]-(3'-O-α-L-rhamnopyranosyl)-(4'-O-cafeoyl)-β-D-glycopyranoside, verbascoside"", 'Di(benzyltrithio) methane', '3,11,12-Trihydroxycadalene', 'Quercetin 3-O-sophoroside', '(3R,4R)-3,4-Dihydro-4,6-dihydroxy-3-methyl-1-oxo-1H-isochromene-5-carboxylic acid', '24-methylene-3,22-dihydroxycholesterol', 'amorphispironone', 'Casearupestrin D', 'Chaetoglobosin B', ""2-(2'-O-benzoyl)-C-β-D-glucopyranosyl-1,3,6,7-tetrahydroxyxanthone"", '12′-hydroxy-7′-multijuguinone', 'Kaempferitrin', 'Nitensidine C', 'Dipropyl disulphide', '2-methyl-5-[8(Z),11(Z)-pentadecadienyl]resorcinol', 'Proanthocyanidin', 'neoisoastilbin', '(R)-7-Hydroxymellein', '6α-acetoxymanoyl oxide', 'Methyl-8-hydroxy-2,2-dimethylchroman-6-carboxylate', 'N-[10-(13,14-methylenedioxyphenyl)-7(E),9(Z)-pentadienoyl]-pyrrolidine', '6-[8(Z)-pentadecenyl]salicylic acid', '(2S)-2-methyl-8-(3""-methylbut-2""-enyl)-2-(4\'-methylpent-3\'-enyl)-2H-chromene-6-carboxylic acid', 'Burchellin', '5-[8(Z)-pentadecenyl]resorcinol', 'Luteolin; 2-(3,4-dihydroxyphenyl)-5,7-dihydroxy-4H-chromen-4-one', 'Cabraleadiol', 'schaftoside', ""(2S)-Methyl-8-isopentyl-2-methyl-2-(4'-methylpentyl)chroman-6-carboxylate"", 'Casearupestrin A', '2-oxo-piperol B; (7S*, 8R*, 1R*, 3R*)-3,4,5-trimethoxy-3,7-cyclo-8,1-neolig-8-ene-2,4(3H)-dione', 'taxifolin', 'Odoratone', 'Rel-6β-hydroxyzuelanin-2β-benzoate', 'shidasterone', '5-hydroxymethyl- 2-furancarboxaldehyde; 5-hydroxymethyl-2-furfuraldehyde', 'atalaphyllinine', 'N-[10- (13,14-methylenedioxyphenyl)-7(E)-pentaenoyl]-pyrrolidine', '2-Methyl-5-methoxy-benzopyran-4-one', '3,4-dihydroxybenzoic acid geranyl ester', '6α-acetoxy-14β,15β-epoxyazadirone', 'epoxy-fraxinellone', 'Egonol', '4-Nerolidilcatechol', ""2-(2'-O-transcoumaroyl)-C-β-D-glucopyranosyl-1,3,6,7-tetrahydroxyxanthone"", 'Syringic acid', '(+)-3-O-feruloylcassine', 'Salacin', 'Methyl 6,7,8-trimethoxydihydrocinnamate', '2-Hexyl-3-methyl-butanodioic acid', 'fraxinellone', '6-[ 8(Z),11(Z) -pentadecadienyl] salicylic acid', 'Gedunin', 'Pedalin, pedalitin 6-O-β -glucopyranoside', 'Caseargrewiin F; (1R*,3S*,5S*,6aR*,7S*,8R*,10R*,10aR*)-1,3-Bis(acetyloxy)-3,5,6,6a,7,8,9,10-octahydro-10-hydroxy-7,8-dimethyl-7-[(2Z)-3-methylpenta-2,4-dien-1-yl]naphtho[1,8a-c]furan-5-yl Butanoate', 'Casearin L; (1R*,3S*,5S*,6aR*,7R*,8R*,9S*,10S*,10aR*)-1,10-Bis(acetyloxy)-3,5,6,6a,7,8,9,10-octahydro-9-hydroxy-5-methoxy-7,8-dimethyl-7-[(2Z)-3-methylpenta-2,4-dien-1-yl]naphtho[1,8a-c]-furan-3-yl Butanoate', 'Platydesmine', 'Leiokinine A', 'Amentoflavone', '1-(5,7-dihydroxy-2,2-dimethylchroman-6-yl)-3-(1,1,4a-trimethyl-2,3,4,4a,9a-hexahydro-1H-xanthen-7-yl)propan-1-one', 'Methyl (E)-6,7,8-trimethoxycinnamate', '3,4,5-Trimethoxyphenyl-1-O-β-D-(5-O-syringoyl)-apiofuranosyl-(1→6)-β-D-glucopyranoside', '6-[8(Z),11(Z),14-pentadecatrienyl]salicylic acid', 'Sorbifolin', ""(2'S)-2-(propan-2'-ol)-5-hydroxy-benzopyran-4-one"", 'Rel-(+)-(7S,9R,10S)-3,9,12-trihydroxycalamenene', 'Casearin S', '11β-acetoxyobacunone', '1-(5,7-dihydroxy-2,2-dimethylchroman- 6-yl)-3-[4-hydroxy-3-(3-methylbut-2-en-1-yl)- phenyl]propan-1-one', '(3R,4R)-4,7-Dihydroxymellein', ""Nitensoside B; Pedalitin 6-O-α-rhamnopyranosyl(1'''→6'')-β-glucopyranoside"", 'Methyl gallate', '3-O-β-D-quinovopyranosyl cincholic acid', 'Afzelin, 3-O-α-rhamnosyl kaempferol', 'Lauryl gallate', 'Syringaldehyde', '22-hydroxytirucalla-7,24-diene-2,3-dione', 'Trans-3’-methylsulphonylallyl trans-cinnamate', '(3-(2-(4-hydroxyphenyl)-2-oxoethyl)-5,6-dihydropyridin- 2(1H)-one)', 'Mangiferin', 'Viburgenin', '6-pentadecylsalicylic acid', 'Methyl-2,2-dimethylchroman-6-carboxylate', ""Myrsinoic acid A, 3-Geranyl-4-hydroxy-5-(3'',3''-dimethylallyl)benzoic acid"", '20α-Hydroxymaytenin; 20-hydroxy-20-epi-tingenone', '(-)-Epigallocatechin-3-O-gallate', 'Casearin D; (1R*,3S*,5S*,6aR*,7R*,8R*,9S*,10S*,10aR*)-1-(Acetyloxy)-3,5,6,6a,7,8,9,10-octahydro-5,10-dihydroxy-7,8-dimethyl-7-[(2Z)-3-methylpenta-2,4-dien-1-yl]naphtho[1,8a-c]furan-3,9-diyl Dibutanoate', 'Rel. (+)-(7S,10S) 3,12-dihydroxycalamenene', 'carlinoside', 'Methyl-8-(ethanoyloxy)-2,2-dimethyl-2H-chromene-6-carboxylate', 'Canavaline', 'Di-hydrodehydrodiconiferyl alcohol', 'Quercetin', ""2-(2'-O-trans-cinnamoyl)-C-β-D-glucopyranosyl-1,3,6,7-tetrahydroxyxanthone"", 'Ocotillone', 'des-N-methylnoracronycine', 'Sorbifolin 6-O-β-glucopyranoside', ""Nitensoside A; Sorbifolin 6-O-α-rhamnopyranosyl(1'''→6'')-β-glucopyranoside"", 'Casearin O; (1R*,3S*,5S*,6aR*,7R*,8R*,9S*,10S*,10aR*)-1,10-Bis(acetyloxy)-5-methoxy-7,8-dimethyl-7-[(2Z)-3-methylpenta-2,4-dien-1-yl]-3,5,6,6a,7,8,9,10-octahydronaphtho[1,8a-c]furan-3,9-diyl Dibutanoate', 'germacrene D', '2β-Hydroxyzuelanin-6β-cinnamate', 'arjunolic acid', 'stachysterone', 'Ethyl 2,4-dihydroxy-5,6-dimethylbenzoate', 'Amentoflavone 7”,4”’-dimethyl ether', 'Picramnioside F', 'Cyclo-(L-Pro-L-Val)', 'Acetonide of odoratol', '(−)-Grandisin', '24-methylenecycloartan-3b-ol', 'Ixoside', 'Cognatine', 'Fagaramide']]",doi_name
"['10.1080/14786410903335232', 'Isopropyl gallate']","['10.1080/14786410903335232', ['guaiol', 'Hinesol', 'γ-eudesmol', 'α-eudesmol', '11-O-trans-feruloylteucrein', 'Teucrein', 'Apodanthoside', 'Galioside', 'Galioside aglicone', ""3,4-dimethyl-2-(4'-hydroxy-3',5'-dimethoxyphenyl)-5-methoxy-tetrahydrofuran"", 'Chlorogenic acid methyl ester, Methyl (1S,3R,4R,5R)-3-{[(2E)-3-(3,4-dihydroxyphenyl)-2-propenoyl]oxy}-1,4,5-trihydroxycyclohexanecarboxylate', '5,7-dimethoxy-2,2-dimethyl-2H-1-benzopyran-6-propanoate', '(+)-Erythravine', '(+)-α-Hydroxyerysotrine', '(+)-11α-Hydroxyerythravine', 'Tagitinin C', '1-methoxy-3-hydroxy-3,10b-4,5a-diepoxy-8b-isobutyroyloxygermacr-11(13)-en-6a,12-olide', ""Isosakuranetin; 5,7-dihydroxy-4'-methoxyflavanone"", ""Sakuranetin; 5,4'-dihydroxy-7-methoxyflavanone"", ""4-Hydroxy-3-(3',7'-dimethyl-3'-hydroxy-1'-oxo-6'-octenyl)benzoic acid"", ""4-Hydroxy-(3',7'-dimethyl-1'-oxo-octa-2'-E-6'-dienyl)benzoic acid"", ""1,4-Dihydroxy-2-(3',7'-dimethyl-1'-oxo-2'-E-6'-octadienyl)benzene"", 'Aphidicolin', 'Kaempferol-3-O-D-galactopyranoside', 'Kaempferol-3-O-rutinoside', 'Kaempferol-3-O-α-L-rhamnopyranosyl-(1→6)-β-D-galactopyranoside', 'Catechin, Ent-catechin', 'Quercetin-3-O-α-L-rhamnopyranosyl-(1→6)-β-D-galactopyranoside', '6-Hydroxy-rutin', 'Kaempferol-3-O-D-glucopyranoside', 'Procyanidin B-3', 'Kaempferol-3-O-α-L-rhamnopyranosyl-(1-6)-α-L-rhamnopyranosyl-(1-4)-β-D-glucopyranoside', 'Taraxerol acetate', '1,3,5-trihydroxy- 2,8-bis(3-methylbut-2-enyl)-10-methyl-9-acridone', '5-hydroxynoracronycine; Atalaphyllidine', 'Pyranofoline', 'Glycocitrine-IV', 'Citrusinine-II', 'Glycocitrine-I', 'Citrusinine-I', '1,3,5-trihydroxy-4-methoxy-10-methyl- 2,8-bis(3-methylbut-2-enyl)acridin-9(10H)-one', '3,4-dihydro-3,5,8-trihydroxy-6-methoxy-2,2,7-trimethyl-2Hpyrano[ 2,3-a]acridin-12(7H)-one', 'Nectandrin B', 'Epi-guaiacin', '7-Methyl-sargachromenol; 2,7,8-Trimethyl-2-[(3-E,7-Z)-4,12-dimethyl-8-carboxyl-3,7,11-tridecatrienyl]-3-chromen-6-ol, β-caroteno', 'Verrucosin', 'Mycoleptone A', '9-hydroxyeugenin', 'Austdiol', 'Eugenitin', 'Austdiol diacetate', '6-methoxyeugenin', 'Mycoleptone B', 'Mycoleptone A tetraacetate', ""3',4',5',3,5,7,8-heptamethoxyflavone"", ""3,5,6,7,3',4',5'-heptamethoxyflavonol"", 'Beauvericin', 'Anhydrofusarubin', '2-n-Pentylquinoline', ""2-(1'-pentenyl)-Quinoline"", '2-n-Propylquinoline', ""2-(3',4'-methylenedioxyphenylethyl)-Quinoline"", 'Nitensidine D', 'Nitensidine E', '3,21-Di-epi-feroniellide B', '21β,25-dimethylmelianodiol', '21α,25-dimethylmelianodiol', '3,3-O-dimethylquercetin', '2α,3α,19α- trihydroxyurs-12-en-28-oic acid', 'penduletin 4-O-methyl ether', 'p-hydroxybenzoic acid', '2α,3α-dihydroxyolean-12- en-28-oic acid', 'Chrysoeriol', '3-O-methylquercetin', '3,7,4-O-trimethylkaempferol', 'acacetin', '(-)-3-O-acetyl-spectaline', '7-Methoxydiderroside', 'Secoxyloganin', ""6'-Acetyl-β-D-glucopyranosyldiderroside"", 'Diderroside', 'astilbin; Rel-(2R, 3R)-dihydroquercetin-3-O-±-L-rhamnoside', 'Xanthyletin', '4-metoxi-6-[2-(metilamino)fenil]- 2H-piran-2-ona', '2-Episesalatin', ""Isoswertisin-2''α1-L-rhamnoside"", 'Clusifoliol', 'Sesartemin', ""Isoswertisin-4'-methyl-ether-2''α-L-rhamnoside"", ""Aduncumene; Methyl 2-methoxy-5-(3'-methyl-1'-oxo-2'-butenyl)benzoate"", ""4-Hydroxy-(3',7'-dimethyl-1'-oxo-octa-2'-Z-6'-dienyl)benzoic acid"", ""Methyl 4-hydroxy-3-(3'-methyl-2'-hydroxy-3'-butenyl)benzoate"", ""Methyl taboganate; Methyl 4-hydroxy-3-(3'-methyl-1'-oxo-2'-butenyl)benzoate"", '3,4,5-Trimethoxydihydrocinnamic acid', ""2',6'-Dihydroxy-4'-methoxydihydrochalcone"", ""Methyl 4-hydroxy-3-(3'-methyl-2'-butenyl)benzoate"", ""Hostmaniene; 4-Hydroxy-3-(2',3'-dihydroxy-3'-methylbutyl)benzoate"", ""4-Hydroxy-3-(3',7'-dimethylocta-2'-E-6'-dienyl)benzoic acid"", 'Methyl 2,2-dimethyl-1-oxo-2H-1-benzopyran-6-carboxylate', 'Piperaduncine B', 'Pimara-7,15-dien-3β-ol', 'Dimethyl terephthalate', '(22E,24R)-ergosta-4,6,8(14),22-tetraen-3-one', 'Ergosterol peroxide', '8-hydroxy-6-methoxy-3-methylisocoumarin', 'Stearic acid 4-pentoyloxyphenethyl ester', ""3',4'-methylenedioxy-5,6,7- trimethoxyflavone"", ""2'-hydroxy-3,4,4'-trimethoxy-5',6'-(2'',2''-dimethylpyrano)-chalcone"", ""3',4'-methylenedioxy-5,5',6,7-tetramethoxyflavone"", ""3',4'-methylenedioxy-5,7-dimethoxyflavone"", 'Methacrylic acid', 'Methyl (3R,4R,5R)-3-{[(2E)-3-(3,4-dihydroxyphenyl)-2-propenoyl]oxy}-1,4,5-trihydroxycyclohexanecarboxylate', 'Methyl (3R,4R,5R)-3-{[(2Z)-3-(3,4-dihydroxyphenyl)-2-propenoyl]oxy}-1,4,5-trihydroxycyclohexanecarboxylate', 'Deoxycordifoline', '3,4-dehydrostrictosidine acid', 'Turbinatine', '3,4-dehydro-strictosidine', 'Strictosidine acid', 'Cordifoline', 'Harman-3-carboxylic acid', '5α-carboxystrictosidine', '17-(3,4-Methylenedioxyphenyl)-heptadecanoic acid', '19´-(3,4-Methylenedioxyphenyl)-nonadecanoic acid', 'Sargaquinoic acid', '(+)-Guaiacin', 'Sargachromenol', ""7,4'-Dihydroxyflavone"", ""7,4'-Dimethoxyflavone"", '21´-(3,4-Methylenedioxyphenyl)-henicosanoic acid', 'Farnisine', ""Juruenolic acid; 2-(4'-Methylpentenyl-3)-10-oxoundecan-2,6-dienoic acid"", 'Fasciculiferin', 'Tithonine', '5,7-dimethoxy-2,2-dimethyl-2H-1-benzopyran-6-propanoic acid', ""Rel-(7R,8S,7'S,8'S)-4',5'-methylenedioxy-3,4,5,3'-tetramethoxy-7,7'-epoxylignan"", ""Rel-(7R,8S,7'S,8'S)-9-hydroxy-4',5'-methylenedioxy-3,4,5,3'-tetramethoxy-7,7'-epoxylignan"", ""Rel-(7R,8S,7'S,8'S)-4'-hydroxy-3,4,5,3',5'-pentamethoxy-7,7'-epoxylignan"", ""Rel-(7R,8S,7'S,8'S)-4-hydroxy-4',5'-methylenedioxy-3,5,3'-trimethoxy-7,7'-epoxylignan"", ""Rel-(7R,8S,7'S,8'S)-4,5,4',5'-dimethylenedioxy-3,3'-dimethoxy-7,7'-epoxylignan"", ""N-[3-(6'-methoxy-3',4'-methy-lenedioxyphenyl)-2(Z)-propenoyl]pyrrolidine"", '4,5-dihydropiperlonguminine; Piperlonguminine', '(Z)-piplartine; 8(Z)-N-(12,13, 14-trimethoxycinnamoyl)- 3-pyridin-2-one', '8,9-dihydropiplartine; N-(12,13,14-trimethoxydihydrocinnamoyl)-Δ3-pyridin-2-one', '10,11-dihydropiperine; Δα,β-dihydropiperine', 'Piperine', '(E)-piplartine', '4,5-dihydropiperyline', 'Pellitorine', '(3Z,5Z)-N-isobutyl-8-(30,40-methylenedioxy-phenyl)-heptadienamide', ""4-Methoxy-3-(3',7'-dimethylocta-2'-E-6'-dienyl)benzoic acid"", ""3-(3',7 '-dimethyl-2',6 '-octadienyl)-4-methoxy-benzoic acid"", 'Methyl-8-hydroxy-2,2-dimethyl-2H-chromene-6-carboxylate', 'α-Gardiol', 'β-Gardiol', 'Ferulic acid', 'Isopimpinellin', 'Citibrasine', '2,3-dihydro-4,9-dihydroxy-2-(2-hydroxy-propan-2-yl)- 11-methoxy-10-methylfuro[3,2-b]acridin-5(10H)-one', 'bis-5-hydroxyacronycine', 'cyclo (L)-Pro-Gly', 'Piscidinol A', 'cryptomeridiol', 'Pentaol', '3,11-dioxoolean-12-en-28- onic acid', 'Iso-odoratol', 'Oleanonic acid', 'Nilocetin', 'Hispidol A', 'β-caryophyllene, trans-caryophyllene', 'Cusculine; 1,2,3,5,6-pentamethoxy-9-acridone', 'Cuspanine; 1-hydroxy-2,3,5,6-tetramethoxy-9-acridone', '2α,3α-Dihydroxy-urs-12-en-28-oic acid', '3-O-β-D-(6’-methyl)-glucopyranosyl-28-O-β-D-glucopyranosyl-oleanate', 'Oleanolic acid 3-sophoroside', 'Haplotusine', 'β-Sitosterol benzoate', '5-hydroxyflavone', '2-phenyl-4H-chromen-4-one', 'Sinapyl 4-O-β-D-glucopyranoside aldehyde', 'Sinapyl 4-O-β-D-glucopyranoside alcohol', 'Liriodenine', 'N-acetylnonaine', '[10]-gingerol', ""2,4-Dihydroxy-6-[(1'E,3'E)-penta-1', 3'-dienyl]-benzaldehyde"", '2-methyl-5-[8(Z)-pentadecenyl]resorcinol', 'Kaempferol', '2-hydroxyphenylacetic acid', '3-O-β-D-quinovopyranosyl quinovic acid', '(4R)-4,8-dihydroxy-α-tetralone', 'Gallic acid; 3,4,5-trihydroxybenzoic acid', 'Quercitrin, 3-O-α-rhamnosylquercetin', 'Caseobliquin A', 'Methyl angolensate', ""5-(3'' -Hydroxypropyl)-7-methoxy-2-(3',4' -methyl-enedioxyphenyl)benzofuran"", '22β-hydroxypristimerin', '1- (5,7-dihydroxy-2,2-dimethylchroman-6-yl)-3-(2,2-dimethylchroman- 6-yl)propan-1-one', 'Canavaline', 'Di-hydrodehydrodiconiferyl alcohol', '5-hydroxy-N-methylseverifoline', '19,20-Epoxycytochalasin N', 'ellagic acid 4-O-α-L-rhamnopyranoside; eschweilenol C', 'Mayoside C', 'Ourateacatechin', ""3',4',5',5,7-pentamethoxyflavone"", '2-methyl-5-pentadecylresorcinol', '3β-hydroxy-stigmast-5-en-7-one; 24-β-7-oxositosterol', 'Isobutyl gallate', '7′-multijuguinone', 'Griseofulvin', ""7-Hydroxy-4',6-dimethoxyisoflavone; Afrormosin; Afromosin"", '8-methoxymellein', '(±)-Syringaresinol', 'Cyclo-(L-Pro-L-Val)', 'Acetonide of odoratol', 'Nitensidine B', '1-methyl-2-n-nonyl-4-quinolone', '5-[8(Z),11(Z),14-pentadecatrienyl]resorcinol', 'Kokusaginine', ""2-(2'-O-trans-caffeoyl)-C-β-D-glucopyranosyl-1,3,6,7-tetrahydroxyxanthone"", 'Netzahualcoyene', 'Casearin X Dialdehyde; (2R*,4aS*,5S*,7R*,8R*,8aS*)-4,4a-Diformyl-1,2,4a,5,6,7,8,8a-octahydro-5-hydroxy-7,8-dimethyl-8-[(2Z)-3-methylpenta-2,4-dien-1-yl]naphthalen-2-yl Butanoate', 'polypodine B', 'n-Propyl gallate', ""3',4',5',5,7,8-hexamethoxyflavone"", 'Isopropyl gallate', 'scillascillin', 'Nitensidine A', ""8-hydroxy-3,5,7,3',4',5'-hexamethoxyflavonol"", 'Odoratol', 'Leptomerine', '1-O-(E)-caffeoyl-β-D-glucopyranoside', 'Maculosidine', 'Podocarpusflavone A', 'Casearupestrin C', '6α-malonyloxy-n-butyl ester manoyl oxide', 'citrusinine-I', 'Ricinine', 'Leptophyllin A', '5-pentadecylresorcinol', '19,20-Epoxycytochalasin D', 'fumiquinozoline F', 'Kaempferol 3-O-α-L-rhamnopyranosyl (1→6)-O-[β -D-glucopyranosyl (1→3)-O-α-L-rhamnopyranosyl-(1→2)]-O-β -D-glucopyranosyl', 'Rel-2α-hydroxyzuelanin-6β-benzoate', '2,6-di-O-acetylcasearupestrin D', ""Methyl-2,2-dimethyl-8-(3'-methylbut-2'-enyl)chroman-6-carboxylate"", '2,7-Di-O-acetylcasearupestrin A', ""2',5-dihydroxy-3-methoxy-8-dimethylallyl-6, 7-(2' ',2''-dimethylpyrano)-dihydroflavonol"", '2-n-nonyl-4-quinolone', 'Cytochalasin D', 'Isoorientin', 'Piperol B', '(-)-Hardwickiic acid', ""5-[3''-(β-D-glucopyranosyloxy)propyl]-7-methoxy-2-(3',4'-methylenedioxyphenyl)benzofuran"", '28-O-β-D-glucopyranosyl quinovic acid', '2-Methyl-4-hydroxy-butyl caffeoate', 'N-1,N-2,N-3-Triisopentenylguanidine', 'Dibenzyl trisulphide', 'Maytenin, Tingenone', '6β-hydroxy-7-epigardoside methyl ester', 'Tetrahydropiperyline, N-[10-(13,14-methylenedioxyphenyl)-pentanoyl]-pyrrolidine', 'Piperovatine', '2,4,6-trimethoxybenzoic acid', 'Uracil', 'urauchimycin A', 'p-Coumaric acid', '(-)-Epigallocatechin', 'Netzahualcoyonol', '1-[3-(3,7-dimethylocta-2,6-dien-1-yl)-2,4,6- trihydroxyphenyl]-3-(4-hydroxyphenyl)propan-1-one', '6α-malonyloxymanoyl oxide', 'Benzylhydroxymethyl sulphide', '1,6-di-O-caffeoyl-β-D-glucopyranoside', '2-methyl-5-[8(Z),11(Z),14-pentadecatrienyl]resorcinol', '20-hydroxyecdysone; polypodine A', '3-Acetyl aleuritolic acid', 'Alkenoic acid', 'Quercetin 3-O-α-L-rhamnopyranosyl (1→6)-O-[β -D-glucopyranosyl (1→3)-O-α-L-rhamnopyranosyl-(1→2)]-O-β -D-glucopyranosyl', '3β-O-[α-L-rhamnopyranosyl-(1→2)-O-β-D-glucopyranosyl-(1→2)-O-β-D-glucopyranosyl]-28-O-β-D-glucopyranoside pomolate', 'Dibenzyl tetrasulphide', 'Heveaflavone', 'Arboreumine', '3-Oxoursolic acid', 'Casearupestrin B', 'toonacilin', 'urauchimycin B', 'Homoegonol', '[8]-gingerol', '4-Hydroxymellein', '5-hydroxymellein', 'fraxinellonone', 'Dibenzyl sulphide', '(-) Cis-4-hydroxy-6-deoxyscytalone', 'Plumericin', '5-[8(Z),11(Z)-pentadecadienyl]resorcinol', '(-)-Spectalinine', ""N-[7-(3',4'-methylenedioxyphenyl)-2(Z),4(Z)-heptadienoyl]pyrrolidine"", 'Pedalitin', '1-O-(E)-feruloyl-β-D-glucopyranoside', '19,20-Epoxycytochalasin C', 'n-Pentyl gallate', 'Orcinol', 'Periconicin B', 'Phomopsilactone', ""(2S)-8-Isopentyl-2-methyl-2-(4'-methylpentyl)chroman-6-carboxylic acid"", '2,2-dimethyl-2H-chromene-6-carboxylic acid', '1,2-dihydro- 3β-hydroxy-7-deacetoxy-7-oxogedunin', 'Photogedunin', 'Casearin X; (1R*,3S*,5S*,6aR*,7S*,8S*,10R*,10aR*)-1-(Acetyloxy)-3,5,6,6a,7,8,9,10-octahydro-10-hydroxy-7,8-dimethyl-7-[(2Z)-3-methylpenta-2,4-dien-1-yl]naphtho[1,8a-c]furan-3,5-diyl Dibutanoate', 'α-L-xylopyranosyl-(4""→20)-(3-O-β-D-glucopyranosyl)-1\'-O-E-caffeoyl-β-D-glucopyranoside', ""2-(R)-Methyl-6-(S)-(tetradecyl-13'-one)-3(R)-O-tert-butyldimethylsilyl-piperidine"", '(2S)-Methyl-2-methyl-8-(3""-methylbut-2""-enyl)-2-(4\'-methylpent-3\'-enyl)-2H-chromene-6-carboxylate', 'Dibenzyl disulphide', 'Proanthocyanidin', 'Casearin T', 'Piperyline, N-[10-(13,14-methylenedioxyphenyl)-7(E),9(E)-pentadienoyl]-pyrrolidine', 'ω-fenil alcanoic acid', '2-butyl-D-fructofuranoside', ""Gaudichaudianic acid; (2S)-2-methyl-2-(4'methyl-3'-pentenyl)-8-(3''-methyl-2-butenyl)- 2H-1-benzopyran-6-carboxylic acid"", 'limonexic acid', 'Netzahualcoyondiol', 'Pristimerin; 20α-3-hydroxy-2-oxo-24-nor-friedela-1-10,3,5,7-tetraen-carboxylic acid-29-methylester', '3,4,5-trimethoxyphenyl 1-O-β-D-apiofuranosyl-(1→6)-O-β-D-glucopyranoside', 'β-photogedunin', 'n-Butyl gallate', ""5-[3''-(β-D-glucopyranosyloxy)propyl]-7-methoxy-2-(3',4'-dimethoxyphenyl)benzofuran"", '3,12-Dihydroxycadalene', '7-hydroxy-3- (11-dimethylallyl)-8-methoxycoumarin', 'Muraxanthone', '3,4,5-Triacetoxybenzoic acid', 'Odoratone', ""Acteoside; [β-3,4-dihydroxyphenyl)-ethyl]-(3'-O-α-L-rhamnopyranosyl)-(4'-O-cafeoyl)-β-D-glycopyranoside, verbascoside"", 'Di(benzyltrithio) methane', '3,11,12-Trihydroxycadalene', 'Quercetin 3-O-sophoroside', '(3R,4R)-3,4-Dihydro-4,6-dihydroxy-3-methyl-1-oxo-1H-isochromene-5-carboxylic acid', '24-methylene-3,22-dihydroxycholesterol', 'amorphispironone', 'Casearupestrin D', 'Chaetoglobosin B', ""2-(2'-O-benzoyl)-C-β-D-glucopyranosyl-1,3,6,7-tetrahydroxyxanthone"", 'Isoplumericin', 'Skimmianine', 'p-hydroxybenzoic acid-geranyl ester', 'Nitensidine C', 'Dipropyl disulphide', '2-methyl-5-[8(Z),11(Z)-pentadecadienyl]resorcinol', 'neoisoastilbin', '(R)-7-Hydroxymellein', '6α-acetoxymanoyl oxide', 'Methyl-8-hydroxy-2,2-dimethylchroman-6-carboxylate', 'N-[10-(13,14-methylenedioxyphenyl)-7(E),9(Z)-pentadienoyl]-pyrrolidine', '6-[8(Z)-pentadecenyl]salicylic acid', '(2S)-2-methyl-8-(3""-methylbut-2""-enyl)-2-(4\'-methylpent-3\'-enyl)-2H-chromene-6-carboxylic acid', 'Burchellin', '5-[8(Z)-pentadecenyl]resorcinol', 'Luteolin; 2-(3,4-dihydroxyphenyl)-5,7-dihydroxy-4H-chromen-4-one', 'Sinapic acid', '19,20-Epoxycytochalasin Q', '19,20-Epoxycytochalasin R', 'schaftoside', ""(2S)-Methyl-8-isopentyl-2-methyl-2-(4'-methylpentyl)chroman-6-carboxylate"", 'Casearupestrin A', '2-oxo-piperol B; (7S*, 8R*, 1R*, 3R*)-3,4,5-trimethoxy-3,7-cyclo-8,1-neolig-8-ene-2,4(3H)-dione', 'taxifolin', 'Rel-6β-hydroxyzuelanin-2β-benzoate', 'shidasterone', '5-hydroxymethyl- 2-furancarboxaldehyde; 5-hydroxymethyl-2-furfuraldehyde', 'atalaphyllinine', 'N-[10- (13,14-methylenedioxyphenyl)-7(E)-pentaenoyl]-pyrrolidine', '2-Methyl-5-methoxy-benzopyran-4-one', '3,4-dihydroxybenzoic acid geranyl ester', '6α-acetoxy-14β,15β-epoxyazadirone', 'epoxy-fraxinellone', '12′-hydroxy-7′-multijuguinone', 'Kaempferitrin', '4-Nerolidilcatechol', ""2-(2'-O-transcoumaroyl)-C-β-D-glucopyranosyl-1,3,6,7-tetrahydroxyxanthone"", 'Syringic acid', '(+)-3-O-feruloylcassine', 'Salacin', 'Methyl 6,7,8-trimethoxydihydrocinnamate', '2-Hexyl-3-methyl-butanodioic acid', 'fraxinellone', '6-[ 8(Z),11(Z) -pentadecadienyl] salicylic acid', 'Gedunin', 'Pedalin, pedalitin 6-O-β -glucopyranoside', 'Caseargrewiin F; (1R*,3S*,5S*,6aR*,7S*,8R*,10R*,10aR*)-1,3-Bis(acetyloxy)-3,5,6,6a,7,8,9,10-octahydro-10-hydroxy-7,8-dimethyl-7-[(2Z)-3-methylpenta-2,4-dien-1-yl]naphtho[1,8a-c]furan-5-yl Butanoate', 'Casearin L; (1R*,3S*,5S*,6aR*,7R*,8R*,9S*,10S*,10aR*)-1,10-Bis(acetyloxy)-3,5,6,6a,7,8,9,10-octahydro-9-hydroxy-5-methoxy-7,8-dimethyl-7-[(2Z)-3-methylpenta-2,4-dien-1-yl]naphtho[1,8a-c]-furan-3-yl Butanoate', 'Platydesmine', 'Leiokinine A', 'Cabraleadiol', 'Methyl (E)-6,7,8-trimethoxycinnamate', '3,4,5-Trimethoxyphenyl-1-O-β-D-(5-O-syringoyl)-apiofuranosyl-(1→6)-β-D-glucopyranoside', '6-[8(Z),11(Z),14-pentadecatrienyl]salicylic acid', 'Sorbifolin', ""Nitensoside A; Sorbifolin 6-O-α-rhamnopyranosyl(1'''→6'')-β-glucopyranoside"", ""(2'S)-2-(propan-2'-ol)-5-hydroxy-benzopyran-4-one"", 'Rel-(+)-(7S,9R,10S)-3,9,12-trihydroxycalamenene', 'Casearin S', '11β-acetoxyobacunone', '1-(5,7-dihydroxy-2,2-dimethylchroman- 6-yl)-3-[4-hydroxy-3-(3-methylbut-2-en-1-yl)- phenyl]propan-1-one', '(3R,4R)-4,7-Dihydroxymellein', ""Nitensoside B; Pedalitin 6-O-α-rhamnopyranosyl(1'''→6'')-β-glucopyranoside"", 'Methyl gallate', '3-O-β-D-quinovopyranosyl cincholic acid', 'Afzelin, 3-O-α-rhamnosyl kaempferol', 'Egonol', 'Trans-3’-methylsulphonylallyl trans-cinnamate', '(3-(2-(4-hydroxyphenyl)-2-oxoethyl)-5,6-dihydropyridin- 2(1H)-one)', 'Mangiferin', 'Viburgenin', ""Pterogynoside; Kaempferol-3-O-(3''-O-4'''-methylgallate-α-L-rhamnoside)"", '6-pentadecylsalicylic acid', 'Methyl-2,2-dimethylchroman-6-carboxylate', ""Myrsinoic acid A, 3-Geranyl-4-hydroxy-5-(3'',3''-dimethylallyl)benzoic acid"", '20α-Hydroxymaytenin; 20-hydroxy-20-epi-tingenone', '(-)-Epigallocatechin-3-O-gallate', 'Casearin D; (1R*,3S*,5S*,6aR*,7R*,8R*,9S*,10S*,10aR*)-1-(Acetyloxy)-3,5,6,6a,7,8,9,10-octahydro-5,10-dihydroxy-7,8-dimethyl-7-[(2Z)-3-methylpenta-2,4-dien-1-yl]naphtho[1,8a-c]furan-3,9-diyl Dibutanoate', 'Rel. (+)-(7S,10S) 3,12-dihydroxycalamenene', 'carlinoside', 'Methyl-8-(ethanoyloxy)-2,2-dimethyl-2H-chromene-6-carboxylate', 'Amentoflavone', '1-(5,7-dihydroxy-2,2-dimethylchroman-6-yl)-3-(1,1,4a-trimethyl-2,3,4,4a,9a-hexahydro-1H-xanthen-7-yl)propan-1-one', 'Quercetin', ""2-(2'-O-trans-cinnamoyl)-C-β-D-glucopyranosyl-1,3,6,7-tetrahydroxyxanthone"", 'Ocotillone', 'des-N-methylnoracronycine', 'Sorbifolin 6-O-β-glucopyranoside', 'Casearin O; (1R*,3S*,5S*,6aR*,7R*,8R*,9S*,10S*,10aR*)-1,10-Bis(acetyloxy)-5-methoxy-7,8-dimethyl-7-[(2Z)-3-methylpenta-2,4-dien-1-yl]-3,5,6,6a,7,8,9,10-octahydronaphtho[1,8a-c]furan-3,9-diyl Dibutanoate', 'germacrene D', '2β-Hydroxyzuelanin-6β-cinnamate', 'arjunolic acid', 'stachysterone', 'Ethyl 2,4-dihydroxy-5,6-dimethylbenzoate', 'Amentoflavone 7”,4”’-dimethyl ether', 'Picramnioside F', 'Lauryl gallate', 'Syringaldehyde', '22-hydroxytirucalla-7,24-diene-2,3-dione', '(−)-Grandisin', '24-methylenecycloartan-3b-ol', 'Ixoside', 'Cognatine', 'Fagaramide', 'Chalepin', 'Chlorogenic acid']]",doi_name
"['10.1002/ptr.1249', 'Kaempferol 3-O-α-L-rhamnopyranosyl (1→6)-O-[β -D-glucopyranosyl (1→3)-O-α-L-rhamnopyranosyl-(1→2)]-O-β -D-glucopyranosyl']","['10.1002/ptr.1249', ['guaiol', 'γ-eudesmol', 'Hinesol', 'α-eudesmol', 'Galioside aglicone', '11-O-trans-feruloylteucrein', 'Teucrein', 'Apodanthoside', 'Galioside', 'Verrucosin', 'Epi-guaiacin', '7-Methyl-sargachromenol; 2,7,8-Trimethyl-2-[(3-E,7-Z)-4,12-dimethyl-8-carboxyl-3,7,11-tridecatrienyl]-3-chromen-6-ol, β-caroteno', 'Nectandrin B', 'Chlorogenic acid methyl ester, Methyl (1S,3R,4R,5R)-3-{[(2E)-3-(3,4-dihydroxyphenyl)-2-propenoyl]oxy}-1,4,5-trihydroxycyclohexanecarboxylate', 'Xanthyletin', '5,7-dimethoxy-2,2-dimethyl-2H-1-benzopyran-6-propanoate', 'bis-5-hydroxyacronycine', 'Citibrasine', '2,3-dihydro-4,9-dihydroxy-2-(2-hydroxy-propan-2-yl)- 11-methoxy-10-methylfuro[3,2-b]acridin-5(10H)-one', ""2'-hydroxy-3,4,4'-trimethoxy-5',6'-(2'',2''-dimethylpyrano)-chalcone"", ""3',4'-methylenedioxy-5,5',6,7-tetramethoxyflavone"", ""3',4'-methylenedioxy-5,6,7- trimethoxyflavone"", ""3',4'-methylenedioxy-5,7-dimethoxyflavone"", '2-n-Pentylquinoline', ""2-(3',4'-methylenedioxyphenylethyl)-Quinoline"", '2-n-Propylquinoline', ""2-(1'-pentenyl)-Quinoline"", 'Mycoleptone A', '9-hydroxyeugenin', 'Mycoleptone A tetraacetate', 'Austdiol diacetate', 'Mycoleptone B', 'Austdiol', 'Eugenitin', '6-methoxyeugenin', 'Secoxyloganin', '7-Methoxydiderroside', 'Diderroside', ""6'-Acetyl-β-D-glucopyranosyldiderroside"", 'Taraxerol acetate', '3,21-Di-epi-feroniellide B', '21α,25-dimethylmelianodiol', '21β,25-dimethylmelianodiol', 'Stearic acid 4-pentoyloxyphenethyl ester', 'astilbin; Rel-(2R, 3R)-dihydroquercetin-3-O-±-L-rhamnoside', ""Methyl 4-hydroxy-3-(3'-methyl-2'-hydroxy-3'-butenyl)benzoate"", ""Aduncumene; Methyl 2-methoxy-5-(3'-methyl-1'-oxo-2'-butenyl)benzoate"", ""4-Hydroxy-(3',7'-dimethyl-1'-oxo-octa-2'-Z-6'-dienyl)benzoic acid"", ""2',6'-Dihydroxy-4'-methoxydihydrochalcone"", ""Hostmaniene; 4-Hydroxy-3-(2',3'-dihydroxy-3'-methylbutyl)benzoate"", ""4-Hydroxy-3-(3',7'-dimethylocta-2'-E-6'-dienyl)benzoic acid"", ""Methyl taboganate; Methyl 4-hydroxy-3-(3'-methyl-1'-oxo-2'-butenyl)benzoate"", 'Methyl 2,2-dimethyl-1-oxo-2H-1-benzopyran-6-carboxylate', '3,4,5-Trimethoxydihydrocinnamic acid', 'Piperaduncine B', ""Methyl 4-hydroxy-3-(3'-methyl-2'-butenyl)benzoate"", '(+)-α-Hydroxyerysotrine', '(+)-11α-Hydroxyerythravine', '(+)-Erythravine', '2-Episesalatin', ""Isoswertisin-4'-methyl-ether-2''α-L-rhamnoside"", 'Clusifoliol', ""Isoswertisin-2''α1-L-rhamnoside"", 'Sesartemin', '(-)-3-O-acetyl-spectaline', 'cyclo (L)-Pro-Gly', 'Methacrylic acid', ""3,4-dimethyl-2-(4'-hydroxy-3',5'-dimethoxyphenyl)-5-methoxy-tetrahydrofuran"", ""3-(3',7 '-dimethyl-2',6 '-octadienyl)-4-methoxy-benzoic acid"", 'Methyl-8-hydroxy-2,2-dimethyl-2H-chromene-6-carboxylate', ""4-Methoxy-3-(3',7'-dimethylocta-2'-E-6'-dienyl)benzoic acid"", 'Catechin, Ent-catechin', 'Kaempferol-3-O-α-L-rhamnopyranosyl-(1-6)-α-L-rhamnopyranosyl-(1-4)-β-D-glucopyranoside', '6-Hydroxy-rutin', 'Procyanidin B-3', 'Kaempferol-3-O-α-L-rhamnopyranosyl-(1→6)-β-D-galactopyranoside', 'Kaempferol-3-O-rutinoside', 'Kaempferol-3-O-D-glucopyranoside', 'Quercetin-3-O-α-L-rhamnopyranosyl-(1→6)-β-D-galactopyranoside', 'Kaempferol-3-O-D-galactopyranoside', 'Beauvericin', 'Anhydrofusarubin', 'Piscidinol A', 'Pentaol', 'Oleanonic acid', '3,11-dioxoolean-12-en-28- onic acid', 'Iso-odoratol', 'cryptomeridiol', 'Hispidol A', 'Nilocetin', ""4-Hydroxy-3-(3',7'-dimethyl-3'-hydroxy-1'-oxo-6'-octenyl)benzoic acid"", ""4-Hydroxy-(3',7'-dimethyl-1'-oxo-octa-2'-E-6'-dienyl)benzoic acid"", ""Sakuranetin; 5,4'-dihydroxy-7-methoxyflavanone"", ""Isosakuranetin; 5,7-dihydroxy-4'-methoxyflavanone"", ""1,4-Dihydroxy-2-(3',7'-dimethyl-1'-oxo-2'-E-6'-octadienyl)benzene"", 'Isopimpinellin', ""Juruenolic acid; 2-(4'-Methylpentenyl-3)-10-oxoundecan-2,6-dienoic acid"", 'Fasciculiferin', '(+)-Guaiacin', 'Tithonine', '19´-(3,4-Methylenedioxyphenyl)-nonadecanoic acid', 'Sargachromenol', 'Farnisine', ""7,4'-Dihydroxyflavone"", '21´-(3,4-Methylenedioxyphenyl)-henicosanoic acid', ""7,4'-Dimethoxyflavone"", 'Sargaquinoic acid', '17-(3,4-Methylenedioxyphenyl)-heptadecanoic acid', ""Rel-(7R,8S,7'S,8'S)-4,5,4',5'-dimethylenedioxy-3,3'-dimethoxy-7,7'-epoxylignan"", ""Rel-(7R,8S,7'S,8'S)-4'-hydroxy-3,4,5,3',5'-pentamethoxy-7,7'-epoxylignan"", ""Rel-(7R,8S,7'S,8'S)-4-hydroxy-4',5'-methylenedioxy-3,5,3'-trimethoxy-7,7'-epoxylignan"", ""Rel-(7R,8S,7'S,8'S)-4',5'-methylenedioxy-3,4,5,3'-tetramethoxy-7,7'-epoxylignan"", ""Rel-(7R,8S,7'S,8'S)-9-hydroxy-4',5'-methylenedioxy-3,4,5,3'-tetramethoxy-7,7'-epoxylignan"", '2α,3α,19α- trihydroxyurs-12-en-28-oic acid', '3,3-O-dimethylquercetin', 'penduletin 4-O-methyl ether', 'acacetin', 'Chrysoeriol', '3-O-methylquercetin', '3,7,4-O-trimethylkaempferol', '2α,3α-dihydroxyolean-12- en-28-oic acid', 'p-hydroxybenzoic acid', '1-methoxy-3-hydroxy-3,10b-4,5a-diepoxy-8b-isobutyroyloxygermacr-11(13)-en-6a,12-olide', 'Tagitinin C', 'Nitensidine E', 'Nitensidine D', ""3,5,6,7,3',4',5'-heptamethoxyflavonol"", ""3',4',5',3,5,7,8-heptamethoxyflavone"", 'Strictosidine acid', 'Cordifoline', 'Harman-3-carboxylic acid', '3,4-dehydro-strictosidine', '3,4-dehydrostrictosidine acid', 'Turbinatine', '5α-carboxystrictosidine', 'Deoxycordifoline', '4-metoxi-6-[2-(metilamino)fenil]- 2H-piran-2-ona', 'Pyranofoline', 'Glycocitrine-I', 'Citrusinine-I', 'Citrusinine-II', '1,3,5-trihydroxy- 2,8-bis(3-methylbut-2-enyl)-10-methyl-9-acridone', 'Glycocitrine-IV', '3,4-dihydro-3,5,8-trihydroxy-6-methoxy-2,2,7-trimethyl-2Hpyrano[ 2,3-a]acridin-12(7H)-one', '1,3,5-trihydroxy-4-methoxy-10-methyl- 2,8-bis(3-methylbut-2-enyl)acridin-9(10H)-one', '5-hydroxynoracronycine; Atalaphyllidine', 'β-Gardiol', 'Ferulic acid', 'α-Gardiol', 'Aphidicolin', 'β-caryophyllene, trans-caryophyllene', '5,7-dimethoxy-2,2-dimethyl-2H-1-benzopyran-6-propanoic acid', 'Methyl (3R,4R,5R)-3-{[(2Z)-3-(3,4-dihydroxyphenyl)-2-propenoyl]oxy}-1,4,5-trihydroxycyclohexanecarboxylate', 'Methyl (3R,4R,5R)-3-{[(2E)-3-(3,4-dihydroxyphenyl)-2-propenoyl]oxy}-1,4,5-trihydroxycyclohexanecarboxylate', 'Pimara-7,15-dien-3β-ol', '8-hydroxy-6-methoxy-3-methylisocoumarin', 'Dimethyl terephthalate', '(22E,24R)-ergosta-4,6,8(14),22-tetraen-3-one', 'Ergosterol peroxide', '8,9-dihydropiplartine; N-(12,13,14-trimethoxydihydrocinnamoyl)-Δ3-pyridin-2-one', 'Piperine', '4,5-dihydropiperlonguminine; Piperlonguminine', '(Z)-piplartine; 8(Z)-N-(12,13, 14-trimethoxycinnamoyl)- 3-pyridin-2-one', ""N-[3-(6'-methoxy-3',4'-methy-lenedioxyphenyl)-2(Z)-propenoyl]pyrrolidine"", '10,11-dihydropiperine; Δα,β-dihydropiperine', '4,5-dihydropiperyline', '(E)-piplartine', '(3Z,5Z)-N-isobutyl-8-(30,40-methylenedioxy-phenyl)-heptadienamide', 'Pellitorine', 'Cusculine; 1,2,3,5,6-pentamethoxy-9-acridone', 'Cuspanine; 1-hydroxy-2,3,5,6-tetramethoxy-9-acridone', '2α,3α-Dihydroxy-urs-12-en-28-oic acid', 'Oleanolic acid 3-sophoroside', '3-O-β-D-(6’-methyl)-glucopyranosyl-28-O-β-D-glucopyranosyl-oleanate', 'Haplotusine', '5-hydroxyflavone', 'β-Sitosterol benzoate', '2-phenyl-4H-chromen-4-one', 'Sinapyl 4-O-β-D-glucopyranoside aldehyde', 'Sinapyl 4-O-β-D-glucopyranoside alcohol', 'N-acetylnonaine', 'Liriodenine', 'Nitensidine A', ""2,4-Dihydroxy-6-[(1'E,3'E)-penta-1', 3'-dienyl]-benzaldehyde"", ""8-hydroxy-3,5,7,3',4',5'-hexamethoxyflavonol"", '2-methyl-5-[8(Z)-pentadecenyl]resorcinol', '2-hydroxyphenylacetic acid', '3-O-β-D-quinovopyranosyl quinovic acid', 'Odoratol', 'Leptomerine', 'Kaempferol', ""5-[3''-(β-D-glucopyranosyloxy)propyl]-7-methoxy-2-(3',4'-methylenedioxyphenyl)benzofuran"", '28-O-β-D-glucopyranosyl quinovic acid', '2-Methyl-4-hydroxy-butyl caffeoate', 'N-1,N-2,N-3-Triisopentenylguanidine', 'Dibenzyl trisulphide', 'Maytenin, Tingenone', 'urauchimycin B', '5-hydroxy-N-methylseverifoline', '19,20-Epoxycytochalasin N', 'ellagic acid 4-O-α-L-rhamnopyranoside; eschweilenol C', 'Viburgenin', 'Mayoside C', 'Ourateacatechin', ""3',4',5',5,7-pentamethoxyflavone"", '2-methyl-5-pentadecylresorcinol', '3β-hydroxy-stigmast-5-en-7-one; 24-β-7-oxositosterol', 'scillascillin', '(4R)-4,8-dihydroxy-α-tetralone', '[10]-gingerol', '(-)-Hardwickiic acid', 'Acetonide of odoratol', '(−)-Grandisin', '24-methylenecycloartan-3b-ol', '7-hydroxy-3- (11-dimethylallyl)-8-methoxycoumarin', ""N-[7-(3',4'-methylenedioxyphenyl)-2(Z),4(Z)-heptadienoyl]pyrrolidine"", 'Ocotillone', 'des-N-methylnoracronycine', 'Sorbifolin 6-O-β-glucopyranoside', 'Rel-2α-hydroxyzuelanin-6β-benzoate', '2,6-di-O-acetylcasearupestrin D', ""Methyl-2,2-dimethyl-8-(3'-methylbut-2'-enyl)chroman-6-carboxylate"", '2,7-Di-O-acetylcasearupestrin A', 'Nitensidine B', '1-methyl-2-n-nonyl-4-quinolone', '5-[8(Z),11(Z),14-pentadecatrienyl]resorcinol', 'Gallic acid; 3,4,5-trihydroxybenzoic acid', 'Quercitrin, 3-O-α-rhamnosylquercetin', 'Maculosidine', 'Podocarpusflavone A', '(-)-Epigallocatechin', 'Netzahualcoyonol', '1-[3-(3,7-dimethylocta-2,6-dien-1-yl)-2,4,6- trihydroxyphenyl]-3-(4-hydroxyphenyl)propan-1-one', '6α-malonyloxymanoyl oxide', 'Casearupestrin C', '6α-malonyloxy-n-butyl ester manoyl oxide', 'citrusinine-I', 'Ricinine', 'Leptophyllin A', '5-pentadecylresorcinol', 'Pristimerin; 20α-3-hydroxy-2-oxo-24-nor-friedela-1-10,3,5,7-tetraen-carboxylic acid-29-methylester', '3,4,5-trimethoxyphenyl 1-O-β-D-apiofuranosyl-(1→6)-O-β-D-glucopyranoside', 'β-photogedunin', 'n-Butyl gallate', ""5-[3''-(β-D-glucopyranosyloxy)propyl]-7-methoxy-2-(3',4'-dimethoxyphenyl)benzofuran"", '3,12-Dihydroxycadalene', '(-) Cis-4-hydroxy-6-deoxyscytalone', 'Plumericin', '5-[8(Z),11(Z)-pentadecadienyl]resorcinol', '(-)-Spectalinine', 'Netzahualcoyondiol', ""Acteoside; [β-3,4-dihydroxyphenyl)-ethyl]-(3'-O-α-L-rhamnopyranosyl)-(4'-O-cafeoyl)-β-D-glycopyranoside, verbascoside"", 'fumiquinozoline F', 'Kaempferol 3-O-α-L-rhamnopyranosyl (1→6)-O-[β -D-glucopyranosyl (1→3)-O-α-L-rhamnopyranosyl-(1→2)]-O-β -D-glucopyranosyl', '3β-O-[α-L-rhamnopyranosyl-(1→2)-O-β-D-glucopyranosyl-(1→2)-O-β-D-glucopyranosyl]-28-O-β-D-glucopyranoside pomolate', 'Dibenzyl tetrasulphide', ""2',5-dihydroxy-3-methoxy-8-dimethylallyl-6, 7-(2' ',2''-dimethylpyrano)-dihydroflavonol"", '2-n-nonyl-4-quinolone', 'Cytochalasin D', 'Isoorientin', 'urauchimycin A', 'p-Coumaric acid', 'Skimmianine', 'p-hydroxybenzoic acid-geranyl ester', 'Dibenzyl disulphide', 'Proanthocyanidin', 'neoisoastilbin', '(R)-7-Hydroxymellein', '6α-acetoxymanoyl oxide', ""2-(2'-O-trans-cinnamoyl)-C-β-D-glucopyranosyl-1,3,6,7-tetrahydroxyxanthone"", 'Kokusaginine', ""2-(2'-O-trans-caffeoyl)-C-β-D-glucopyranosyl-1,3,6,7-tetrahydroxyxanthone"", 'Homoegonol', '[8]-gingerol', '4-Hydroxymellein', '5-hydroxymellein', 'fraxinellonone', 'Dibenzyl sulphide', '3-Acetyl aleuritolic acid', 'Alkenoic acid', 'Quercetin 3-O-α-L-rhamnopyranosyl (1→6)-O-[β -D-glucopyranosyl (1→3)-O-α-L-rhamnopyranosyl-(1→2)]-O-β -D-glucopyranosyl', 'Heveaflavone', 'Arboreumine', '3-Oxoursolic acid', 'Casearupestrin B', 'toonacilin', 'Uracil', '19,20-Epoxycytochalasin C', 'n-Pentyl gallate', 'Orcinol', 'Benzylhydroxymethyl sulphide', '1,6-di-O-caffeoyl-β-D-glucopyranoside', '2-methyl-5-[8(Z),11(Z),14-pentadecatrienyl]resorcinol', '19,20-Epoxycytochalasin D', '6-[ 8(Z),11(Z) -pentadecadienyl] salicylic acid', 'Periconicin B', 'Phomopsilactone', ""(2S)-8-Isopentyl-2-methyl-2-(4'-methylpentyl)chroman-6-carboxylic acid"", '2,2-dimethyl-2H-chromene-6-carboxylic acid', '1,2-dihydro- 3β-hydroxy-7-deacetoxy-7-oxogedunin', 'Photogedunin', 'Casearin X; (1R*,3S*,5S*,6aR*,7S*,8S*,10R*,10aR*)-1-(Acetyloxy)-3,5,6,6a,7,8,9,10-octahydro-10-hydroxy-7,8-dimethyl-7-[(2Z)-3-methylpenta-2,4-dien-1-yl]naphtho[1,8a-c]furan-3,5-diyl Dibutanoate', '20-hydroxyecdysone; polypodine A', ""2-(R)-Methyl-6-(S)-(tetradecyl-13'-one)-3(R)-O-tert-butyldimethylsilyl-piperidine"", '(2S)-Methyl-2-methyl-8-(3""-methylbut-2""-enyl)-2-(4\'-methylpent-3\'-enyl)-2H-chromene-6-carboxylate', 'Casearin T', 'Piperyline, N-[10-(13,14-methylenedioxyphenyl)-7(E),9(E)-pentadienoyl]-pyrrolidine', 'ω-fenil alcanoic acid', 'Methyl-8-hydroxy-2,2-dimethylchroman-6-carboxylate', '6α-acetoxy-14β,15β-epoxyazadirone', 'α-L-xylopyranosyl-(4""→20)-(3-O-β-D-glucopyranosyl)-1\'-O-E-caffeoyl-β-D-glucopyranoside', '6-[8(Z)-pentadecenyl]salicylic acid', '2-butyl-D-fructofuranoside', ""Gaudichaudianic acid; (2S)-2-methyl-2-(4'methyl-3'-pentenyl)-8-(3''-methyl-2-butenyl)- 2H-1-benzopyran-6-carboxylic acid"", 'limonexic acid', 'Pedalitin', '1-O-(E)-feruloyl-β-D-glucopyranoside', 'epoxy-fraxinellone', '12′-hydroxy-7′-multijuguinone', 'Kaempferitrin', 'Nitensidine C', 'Dipropyl disulphide', '2-methyl-5-[8(Z),11(Z)-pentadecadienyl]resorcinol', 'Methyl 6,7,8-trimethoxydihydrocinnamate', '2-Hexyl-3-methyl-butanodioic acid', 'fraxinellone', ""5-(3'' -Hydroxypropyl)-7-methoxy-2-(3',4' -methyl-enedioxyphenyl)benzofuran"", '22β-hydroxypristimerin', '1- (5,7-dihydroxy-2,2-dimethylchroman-6-yl)-3-(2,2-dimethylchroman- 6-yl)propan-1-one', 'Canavaline', 'Di-hydrodehydrodiconiferyl alcohol', 'Quercetin', 'Casearupestrin A', '3,11,12-Trihydroxycadalene', 'Quercetin 3-O-sophoroside', '(3R,4R)-3,4-Dihydro-4,6-dihydroxy-3-methyl-1-oxo-1H-isochromene-5-carboxylic acid', '24-methylene-3,22-dihydroxycholesterol', 'amorphispironone', 'Casearupestrin D', 'Chaetoglobosin B', ""2-(2'-O-benzoyl)-C-β-D-glucopyranosyl-1,3,6,7-tetrahydroxyxanthone"", 'Isoplumericin', '19,20-Epoxycytochalasin Q', '19,20-Epoxycytochalasin R', 'Muraxanthone', 'Di(benzyltrithio) methane', 'Odoratone', 'Rel-6β-hydroxyzuelanin-2β-benzoate', 'shidasterone', '5-hydroxymethyl- 2-furancarboxaldehyde; 5-hydroxymethyl-2-furfuraldehyde', '6β-hydroxy-7-epigardoside methyl ester', 'Tetrahydropiperyline, N-[10-(13,14-methylenedioxyphenyl)-pentanoyl]-pyrrolidine', 'Piperovatine', '2,4,6-trimethoxybenzoic acid', '1-O-(E)-caffeoyl-β-D-glucopyranoside', 'Piperol B', 'Caseobliquin A', 'Methyl angolensate', 'N-[10- (13,14-methylenedioxyphenyl)-7(E)-pentaenoyl]-pyrrolidine', '2-Methyl-5-methoxy-benzopyran-4-one', '3,4-dihydroxybenzoic acid geranyl ester', 'N-[10-(13,14-methylenedioxyphenyl)-7(E),9(Z)-pentadienoyl]-pyrrolidine', '2-oxo-piperol B; (7S*, 8R*, 1R*, 3R*)-3,4,5-trimethoxy-3,7-cyclo-8,1-neolig-8-ene-2,4(3H)-dione', 'taxifolin', ""(2'S)-2-(propan-2'-ol)-5-hydroxy-benzopyran-4-one"", 'Rel-(+)-(7S,9R,10S)-3,9,12-trihydroxycalamenene', 'Casearin S', '11β-acetoxyobacunone', '1-(5,7-dihydroxy-2,2-dimethylchroman- 6-yl)-3-[4-hydroxy-3-(3-methylbut-2-en-1-yl)- phenyl]propan-1-one', '(2S)-2-methyl-8-(3""-methylbut-2""-enyl)-2-(4\'-methylpent-3\'-enyl)-2H-chromene-6-carboxylic acid', 'Burchellin', '5-[8(Z)-pentadecenyl]resorcinol', 'Luteolin; 2-(3,4-dihydroxyphenyl)-5,7-dihydroxy-4H-chromen-4-one', 'Sinapic acid', ""Nitensoside B; Pedalitin 6-O-α-rhamnopyranosyl(1'''→6'')-β-glucopyranoside"", 'Amentoflavone', '1-(5,7-dihydroxy-2,2-dimethylchroman-6-yl)-3-(1,1,4a-trimethyl-2,3,4,4a,9a-hexahydro-1H-xanthen-7-yl)propan-1-one', 'Gedunin', 'Pedalin, pedalitin 6-O-β -glucopyranoside', 'Caseargrewiin F; (1R*,3S*,5S*,6aR*,7S*,8R*,10R*,10aR*)-1,3-Bis(acetyloxy)-3,5,6,6a,7,8,9,10-octahydro-10-hydroxy-7,8-dimethyl-7-[(2Z)-3-methylpenta-2,4-dien-1-yl]naphtho[1,8a-c]furan-5-yl Butanoate', 'Casearin L; (1R*,3S*,5S*,6aR*,7R*,8R*,9S*,10S*,10aR*)-1,10-Bis(acetyloxy)-3,5,6,6a,7,8,9,10-octahydro-9-hydroxy-5-methoxy-7,8-dimethyl-7-[(2Z)-3-methylpenta-2,4-dien-1-yl]naphtho[1,8a-c]-furan-3-yl Butanoate', 'Platydesmine', 'Leiokinine A', 'Cabraleadiol', 'schaftoside', ""(2S)-Methyl-8-isopentyl-2-methyl-2-(4'-methylpentyl)chroman-6-carboxylate"", '3,4,5-Triacetoxybenzoic acid', 'Methyl gallate', '3-O-β-D-quinovopyranosyl cincholic acid', 'atalaphyllinine', 'Lauryl gallate', 'Syringaldehyde', 'Afzelin, 3-O-α-rhamnosyl kaempferol', 'Egonol', '4-Nerolidilcatechol', ""2-(2'-O-transcoumaroyl)-C-β-D-glucopyranosyl-1,3,6,7-tetrahydroxyxanthone"", 'Syringic acid', '(+)-3-O-feruloylcassine', 'Methyl (E)-6,7,8-trimethoxycinnamate', '3,4,5-Trimethoxyphenyl-1-O-β-D-(5-O-syringoyl)-apiofuranosyl-(1→6)-β-D-glucopyranoside', '6-[8(Z),11(Z),14-pentadecatrienyl]salicylic acid', 'Sorbifolin', ""Nitensoside A; Sorbifolin 6-O-α-rhamnopyranosyl(1'''→6'')-β-glucopyranoside"", 'Casearin O; (1R*,3S*,5S*,6aR*,7R*,8R*,9S*,10S*,10aR*)-1,10-Bis(acetyloxy)-5-methoxy-7,8-dimethyl-7-[(2Z)-3-methylpenta-2,4-dien-1-yl]-3,5,6,6a,7,8,9,10-octahydronaphtho[1,8a-c]furan-3,9-diyl Dibutanoate', 'germacrene D', '(3R,4R)-4,7-Dihydroxymellein', ""7-Hydroxy-4',6-dimethoxyisoflavone; Afrormosin; Afromosin"", '8-methoxymellein', '(±)-Syringaresinol', 'Cyclo-(L-Pro-L-Val)', 'Methyl-2,2-dimethylchroman-6-carboxylate', ""Myrsinoic acid A, 3-Geranyl-4-hydroxy-5-(3'',3''-dimethylallyl)benzoic acid"", '20α-Hydroxymaytenin; 20-hydroxy-20-epi-tingenone', '(-)-Epigallocatechin-3-O-gallate', 'Casearin D; (1R*,3S*,5S*,6aR*,7R*,8R*,9S*,10S*,10aR*)-1-(Acetyloxy)-3,5,6,6a,7,8,9,10-octahydro-5,10-dihydroxy-7,8-dimethyl-7-[(2Z)-3-methylpenta-2,4-dien-1-yl]naphtho[1,8a-c]furan-3,9-diyl Dibutanoate', 'Rel. (+)-(7S,10S) 3,12-dihydroxycalamenene', 'carlinoside', 'Methyl-8-(ethanoyloxy)-2,2-dimethyl-2H-chromene-6-carboxylate', 'stachysterone', 'Ethyl 2,4-dihydroxy-5,6-dimethylbenzoate', 'Amentoflavone 7”,4”’-dimethyl ether', 'Picramnioside F', 'Netzahualcoyene', 'Casearin X Dialdehyde; (2R*,4aS*,5S*,7R*,8R*,8aS*)-4,4a-Diformyl-1,2,4a,5,6,7,8,8a-octahydro-5-hydroxy-7,8-dimethyl-8-[(2Z)-3-methylpenta-2,4-dien-1-yl]naphthalen-2-yl Butanoate', 'polypodine B', 'n-Propyl gallate', ""3',4',5',5,7,8-hexamethoxyflavone"", 'Isopropyl gallate', '22-hydroxytirucalla-7,24-diene-2,3-dione', 'Trans-3’-methylsulphonylallyl trans-cinnamate', '(3-(2-(4-hydroxyphenyl)-2-oxoethyl)-5,6-dihydropyridin- 2(1H)-one)', 'Mangiferin', 'Salacin', '6-pentadecylsalicylic acid', ""Pterogynoside; Kaempferol-3-O-(3''-O-4'''-methylgallate-α-L-rhamnoside)"", 'Isobutyl gallate', '7′-multijuguinone', 'Griseofulvin', 'Ixoside', '2β-Hydroxyzuelanin-6β-cinnamate', 'arjunolic acid', 'Cognatine', 'Fagaramide', 'Chalepin', 'Chlorogenic acid']]",doi_name
"['10.1016/j.phytochem.2006.06.004', 'Rel-(+)-(7S,9R,10S)-3,9,12-trihydroxycalamenene']","['10.1016/j.phytochem.2006.06.004', ['guaiol', 'Hinesol', 'γ-eudesmol', 'α-eudesmol', '11-O-trans-feruloylteucrein', 'Teucrein', 'Galioside aglicone', 'Galioside', 'Apodanthoside', ""2'-hydroxy-3,4,4'-trimethoxy-5',6'-(2'',2''-dimethylpyrano)-chalcone"", ""3',4'-methylenedioxy-5,6,7- trimethoxyflavone"", ""3',4'-methylenedioxy-5,5',6,7-tetramethoxyflavone"", ""3',4'-methylenedioxy-5,7-dimethoxyflavone"", '9-hydroxyeugenin', 'Eugenitin', 'Austdiol', '6-methoxyeugenin', 'Mycoleptone B', 'Mycoleptone A', 'Austdiol diacetate', 'Mycoleptone A tetraacetate', '21α,25-dimethylmelianodiol', '3,21-Di-epi-feroniellide B', '21β,25-dimethylmelianodiol', ""4-Methoxy-3-(3',7'-dimethylocta-2'-E-6'-dienyl)benzoic acid"", ""3-(3',7 '-dimethyl-2',6 '-octadienyl)-4-methoxy-benzoic acid"", 'Methyl-8-hydroxy-2,2-dimethyl-2H-chromene-6-carboxylate', ""Rel-(7R,8S,7'S,8'S)-4,5,4',5'-dimethylenedioxy-3,3'-dimethoxy-7,7'-epoxylignan"", ""Rel-(7R,8S,7'S,8'S)-9-hydroxy-4',5'-methylenedioxy-3,4,5,3'-tetramethoxy-7,7'-epoxylignan"", ""Rel-(7R,8S,7'S,8'S)-4-hydroxy-4',5'-methylenedioxy-3,5,3'-trimethoxy-7,7'-epoxylignan"", ""Rel-(7R,8S,7'S,8'S)-4'-hydroxy-3,4,5,3',5'-pentamethoxy-7,7'-epoxylignan"", ""Rel-(7R,8S,7'S,8'S)-4',5'-methylenedioxy-3,4,5,3'-tetramethoxy-7,7'-epoxylignan"", 'Secoxyloganin', '7-Methoxydiderroside', 'Diderroside', ""6'-Acetyl-β-D-glucopyranosyldiderroside"", 'bis-5-hydroxyacronycine', 'Citibrasine', '2,3-dihydro-4,9-dihydroxy-2-(2-hydroxy-propan-2-yl)- 11-methoxy-10-methylfuro[3,2-b]acridin-5(10H)-one', 'cyclo (L)-Pro-Gly', 'Xanthyletin', 'Pyranofoline', '3,4-dihydro-3,5,8-trihydroxy-6-methoxy-2,2,7-trimethyl-2Hpyrano[ 2,3-a]acridin-12(7H)-one', 'Citrusinine-II', 'Glycocitrine-IV', '5-hydroxynoracronycine; Atalaphyllidine', 'Glycocitrine-I', 'Citrusinine-I', '1,3,5-trihydroxy-4-methoxy-10-methyl- 2,8-bis(3-methylbut-2-enyl)acridin-9(10H)-one', '1,3,5-trihydroxy- 2,8-bis(3-methylbut-2-enyl)-10-methyl-9-acridone', '2α,3α,19α- trihydroxyurs-12-en-28-oic acid', '3,3-O-dimethylquercetin', 'penduletin 4-O-methyl ether', '2α,3α-dihydroxyolean-12- en-28-oic acid', 'acacetin', 'p-hydroxybenzoic acid', '3-O-methylquercetin', '3,7,4-O-trimethylkaempferol', 'Chrysoeriol', 'Chlorogenic acid methyl ester, Methyl (1S,3R,4R,5R)-3-{[(2E)-3-(3,4-dihydroxyphenyl)-2-propenoyl]oxy}-1,4,5-trihydroxycyclohexanecarboxylate', '5,7-dimethoxy-2,2-dimethyl-2H-1-benzopyran-6-propanoic acid', '(-)-3-O-acetyl-spectaline', '5,7-dimethoxy-2,2-dimethyl-2H-1-benzopyran-6-propanoate', 'Anhydrofusarubin', 'Beauvericin', 'Methyl (3R,4R,5R)-3-{[(2Z)-3-(3,4-dihydroxyphenyl)-2-propenoyl]oxy}-1,4,5-trihydroxycyclohexanecarboxylate', 'Methyl (3R,4R,5R)-3-{[(2E)-3-(3,4-dihydroxyphenyl)-2-propenoyl]oxy}-1,4,5-trihydroxycyclohexanecarboxylate', '2-n-Pentylquinoline', ""2-(1'-pentenyl)-Quinoline"", '2-n-Propylquinoline', ""2-(3',4'-methylenedioxyphenylethyl)-Quinoline"", 'Nilocetin', 'Hispidol A', 'cryptomeridiol', 'Pentaol', 'Oleanonic acid', 'Piscidinol A', '3,11-dioxoolean-12-en-28- onic acid', 'Iso-odoratol', 'Isopimpinellin', '(3Z,5Z)-N-isobutyl-8-(30,40-methylenedioxy-phenyl)-heptadienamide', 'Pellitorine', ""N-[3-(6'-methoxy-3',4'-methy-lenedioxyphenyl)-2(Z)-propenoyl]pyrrolidine"", '8,9-dihydropiplartine; N-(12,13,14-trimethoxydihydrocinnamoyl)-Δ3-pyridin-2-one', '4,5-dihydropiperlonguminine; Piperlonguminine', '4,5-dihydropiperyline', '(Z)-piplartine; 8(Z)-N-(12,13, 14-trimethoxycinnamoyl)- 3-pyridin-2-one', '(E)-piplartine', '10,11-dihydropiperine; Δα,β-dihydropiperine', 'Piperine', 'Nectandrin B', '7-Methyl-sargachromenol; 2,7,8-Trimethyl-2-[(3-E,7-Z)-4,12-dimethyl-8-carboxyl-3,7,11-tridecatrienyl]-3-chromen-6-ol, β-caroteno', 'Epi-guaiacin', 'Verrucosin', ""3,4-dimethyl-2-(4'-hydroxy-3',5'-dimethoxyphenyl)-5-methoxy-tetrahydrofuran"", '17-(3,4-Methylenedioxyphenyl)-heptadecanoic acid', ""7,4'-Dihydroxyflavone"", 'Farnisine', '(+)-Guaiacin', 'Sargachromenol', 'Sargaquinoic acid', '19´-(3,4-Methylenedioxyphenyl)-nonadecanoic acid', ""7,4'-Dimethoxyflavone"", '21´-(3,4-Methylenedioxyphenyl)-henicosanoic acid', 'Tithonine', 'Fasciculiferin', ""Juruenolic acid; 2-(4'-Methylpentenyl-3)-10-oxoundecan-2,6-dienoic acid"", ""4-Hydroxy-3-(3',7'-dimethyl-3'-hydroxy-1'-oxo-6'-octenyl)benzoic acid"", ""4-Hydroxy-(3',7'-dimethyl-1'-oxo-octa-2'-E-6'-dienyl)benzoic acid"", ""Isosakuranetin; 5,7-dihydroxy-4'-methoxyflavanone"", ""Sakuranetin; 5,4'-dihydroxy-7-methoxyflavanone"", ""1,4-Dihydroxy-2-(3',7'-dimethyl-1'-oxo-2'-E-6'-octadienyl)benzene"", 'Aphidicolin', 'Stearic acid 4-pentoyloxyphenethyl ester', 'β-Gardiol', 'α-Gardiol', 'Ferulic acid', ""Methyl taboganate; Methyl 4-hydroxy-3-(3'-methyl-1'-oxo-2'-butenyl)benzoate"", '3,4,5-Trimethoxydihydrocinnamic acid', ""Methyl 4-hydroxy-3-(3'-methyl-2'-butenyl)benzoate"", 'Methyl 2,2-dimethyl-1-oxo-2H-1-benzopyran-6-carboxylate', 'Piperaduncine B', ""2',6'-Dihydroxy-4'-methoxydihydrochalcone"", ""4-Hydroxy-3-(3',7'-dimethylocta-2'-E-6'-dienyl)benzoic acid"", ""Hostmaniene; 4-Hydroxy-3-(2',3'-dihydroxy-3'-methylbutyl)benzoate"", ""Methyl 4-hydroxy-3-(3'-methyl-2'-hydroxy-3'-butenyl)benzoate"", ""Aduncumene; Methyl 2-methoxy-5-(3'-methyl-1'-oxo-2'-butenyl)benzoate"", ""4-Hydroxy-(3',7'-dimethyl-1'-oxo-octa-2'-Z-6'-dienyl)benzoic acid"", 'Taraxerol acetate', 'Kaempferol-3-O-α-L-rhamnopyranosyl-(1→6)-β-D-galactopyranoside', 'Kaempferol-3-O-rutinoside', 'Quercetin-3-O-α-L-rhamnopyranosyl-(1→6)-β-D-galactopyranoside', 'Catechin, Ent-catechin', 'Kaempferol-3-O-D-glucopyranoside', 'Kaempferol-3-O-α-L-rhamnopyranosyl-(1-6)-α-L-rhamnopyranosyl-(1-4)-β-D-glucopyranoside', 'Kaempferol-3-O-D-galactopyranoside', 'Procyanidin B-3', '6-Hydroxy-rutin', '2-Episesalatin', ""Isoswertisin-2''α1-L-rhamnoside"", 'Sesartemin', 'Clusifoliol', ""Isoswertisin-4'-methyl-ether-2''α-L-rhamnoside"", 'Nitensidine D', 'Nitensidine E', '(+)-11α-Hydroxyerythravine', '(+)-α-Hydroxyerysotrine', '(+)-Erythravine', 'Dimethyl terephthalate', '(22E,24R)-ergosta-4,6,8(14),22-tetraen-3-one', 'Ergosterol peroxide', '8-hydroxy-6-methoxy-3-methylisocoumarin', 'Pimara-7,15-dien-3β-ol', ""3',4',5',3,5,7,8-heptamethoxyflavone"", ""3,5,6,7,3',4',5'-heptamethoxyflavonol"", '1-methoxy-3-hydroxy-3,10b-4,5a-diepoxy-8b-isobutyroyloxygermacr-11(13)-en-6a,12-olide', 'Tagitinin C', 'Harman-3-carboxylic acid', 'Cordifoline', 'Turbinatine', '3,4-dehydrostrictosidine acid', '3,4-dehydro-strictosidine', 'Strictosidine acid', '5α-carboxystrictosidine', 'Deoxycordifoline', 'astilbin; Rel-(2R, 3R)-dihydroquercetin-3-O-±-L-rhamnoside', 'β-caryophyllene, trans-caryophyllene', 'Methacrylic acid', '4-metoxi-6-[2-(metilamino)fenil]- 2H-piran-2-ona', 'Cusculine; 1,2,3,5,6-pentamethoxy-9-acridone', 'Cuspanine; 1-hydroxy-2,3,5,6-tetramethoxy-9-acridone', '2α,3α-Dihydroxy-urs-12-en-28-oic acid', 'Oleanolic acid 3-sophoroside', '3-O-β-D-(6’-methyl)-glucopyranosyl-28-O-β-D-glucopyranosyl-oleanate', '5-hydroxyflavone', 'β-Sitosterol benzoate', '2-phenyl-4H-chromen-4-one', 'Haplotusine', 'Sinapyl 4-O-β-D-glucopyranoside aldehyde', 'N-acetylnonaine', 'Sinapyl 4-O-β-D-glucopyranoside alcohol', 'Liriodenine', '[10]-gingerol', ""2,4-Dihydroxy-6-[(1'E,3'E)-penta-1', 3'-dienyl]-benzaldehyde"", 'scillascillin', 'Kokusaginine', ""2-(2'-O-trans-caffeoyl)-C-β-D-glucopyranosyl-1,3,6,7-tetrahydroxyxanthone"", 'Netzahualcoyene', 'Casearin X Dialdehyde; (2R*,4aS*,5S*,7R*,8R*,8aS*)-4,4a-Diformyl-1,2,4a,5,6,7,8,8a-octahydro-5-hydroxy-7,8-dimethyl-8-[(2Z)-3-methylpenta-2,4-dien-1-yl]naphthalen-2-yl Butanoate', 'polypodine B', 'n-Propyl gallate', ""3',4',5',5,7,8-hexamethoxyflavone"", 'Isopropyl gallate', '6β-hydroxy-7-epigardoside methyl ester', 'Tetrahydropiperyline, N-[10-(13,14-methylenedioxyphenyl)-pentanoyl]-pyrrolidine', 'Piperovatine', '2,4,6-trimethoxybenzoic acid', '1-O-(E)-caffeoyl-β-D-glucopyranoside', 'Odoratol', 'Leptomerine', '5-hydroxy-N-methylseverifoline', '19,20-Epoxycytochalasin N', 'ellagic acid 4-O-α-L-rhamnopyranoside; eschweilenol C', 'Mayoside C', 'Ourateacatechin', ""3',4',5',5,7-pentamethoxyflavone"", '2-methyl-5-pentadecylresorcinol', '3β-hydroxy-stigmast-5-en-7-one; 24-β-7-oxositosterol', 'Acetonide of odoratol', '(−)-Grandisin', '24-methylenecycloartan-3b-ol', 'Ixoside', 'Cognatine', 'Fagaramide', 'Caseobliquin A', 'Methyl angolensate', ""5-(3'' -Hydroxypropyl)-7-methoxy-2-(3',4' -methyl-enedioxyphenyl)benzofuran"", '22β-hydroxypristimerin', '1- (5,7-dihydroxy-2,2-dimethylchroman-6-yl)-3-(2,2-dimethylchroman- 6-yl)propan-1-one', 'Canavaline', 'Di-hydrodehydrodiconiferyl alcohol', 'Quercetin', ""2-(2'-O-trans-cinnamoyl)-C-β-D-glucopyranosyl-1,3,6,7-tetrahydroxyxanthone"", 'Ocotillone', 'des-N-methylnoracronycine', 'Sorbifolin 6-O-β-glucopyranoside', 'Rel-2α-hydroxyzuelanin-6β-benzoate', '2,6-di-O-acetylcasearupestrin D', 'Nitensidine A', ""8-hydroxy-3,5,7,3',4',5'-hexamethoxyflavonol"", '3β-O-[α-L-rhamnopyranosyl-(1→2)-O-β-D-glucopyranosyl-(1→2)-O-β-D-glucopyranosyl]-28-O-β-D-glucopyranoside pomolate', 'Dibenzyl tetrasulphide', ""2',5-dihydroxy-3-methoxy-8-dimethylallyl-6, 7-(2' ',2''-dimethylpyrano)-dihydroflavonol"", ""Methyl-2,2-dimethyl-8-(3'-methylbut-2'-enyl)chroman-6-carboxylate"", '2,7-Di-O-acetylcasearupestrin A', 'Nitensidine B', '1-methyl-2-n-nonyl-4-quinolone', '5-[8(Z),11(Z),14-pentadecatrienyl]resorcinol', 'Piperol B', '(-)-Hardwickiic acid', ""5-[3''-(β-D-glucopyranosyloxy)propyl]-7-methoxy-2-(3',4'-methylenedioxyphenyl)benzofuran"", '28-O-β-D-glucopyranosyl quinovic acid', '2-Methyl-4-hydroxy-butyl caffeoate', 'N-1,N-2,N-3-Triisopentenylguanidine', 'Dibenzyl trisulphide', 'Maytenin, Tingenone', '(-) Cis-4-hydroxy-6-deoxyscytalone', 'Plumericin', '5-[8(Z),11(Z)-pentadecadienyl]resorcinol', '(-)-Spectalinine', 'Uracil', 'Maculosidine', 'Podocarpusflavone A', 'Casearupestrin C', '6α-malonyloxy-n-butyl ester manoyl oxide', 'citrusinine-I', 'Ricinine', 'Leptophyllin A', '5-pentadecylresorcinol', '19,20-Epoxycytochalasin D', 'fumiquinozoline F', 'Kaempferol 3-O-α-L-rhamnopyranosyl (1→6)-O-[β -D-glucopyranosyl (1→3)-O-α-L-rhamnopyranosyl-(1→2)]-O-β -D-glucopyranosyl', '20-hydroxyecdysone; polypodine A', '3-Acetyl aleuritolic acid', 'Alkenoic acid', 'Quercetin 3-O-α-L-rhamnopyranosyl (1→6)-O-[β -D-glucopyranosyl (1→3)-O-α-L-rhamnopyranosyl-(1→2)]-O-β -D-glucopyranosyl', 'Heveaflavone', 'Arboreumine', '2-n-nonyl-4-quinolone', 'Cytochalasin D', 'Isoorientin', 'urauchimycin B', 'Homoegonol', '[8]-gingerol', '4-Hydroxymellein', '5-hydroxymellein', 'fraxinellonone', 'Dibenzyl sulphide', 'Periconicin B', 'Phomopsilactone', ""(2S)-8-Isopentyl-2-methyl-2-(4'-methylpentyl)chroman-6-carboxylic acid"", '2,2-dimethyl-2H-chromene-6-carboxylic acid', '1,2-dihydro- 3β-hydroxy-7-deacetoxy-7-oxogedunin', 'Photogedunin', 'Casearin X; (1R*,3S*,5S*,6aR*,7S*,8S*,10R*,10aR*)-1-(Acetyloxy)-3,5,6,6a,7,8,9,10-octahydro-10-hydroxy-7,8-dimethyl-7-[(2Z)-3-methylpenta-2,4-dien-1-yl]naphtho[1,8a-c]furan-3,5-diyl Dibutanoate', 'urauchimycin A', 'p-Coumaric acid', '(-)-Epigallocatechin', 'Netzahualcoyonol', '1-[3-(3,7-dimethylocta-2,6-dien-1-yl)-2,4,6- trihydroxyphenyl]-3-(4-hydroxyphenyl)propan-1-one', '6α-malonyloxymanoyl oxide', 'Benzylhydroxymethyl sulphide', '1,6-di-O-caffeoyl-β-D-glucopyranoside', '2-methyl-5-[8(Z),11(Z),14-pentadecatrienyl]resorcinol', '3,12-Dihydroxycadalene', '7-hydroxy-3- (11-dimethylallyl)-8-methoxycoumarin', ""N-[7-(3',4'-methylenedioxyphenyl)-2(Z),4(Z)-heptadienoyl]pyrrolidine"", ""Acteoside; [β-3,4-dihydroxyphenyl)-ethyl]-(3'-O-α-L-rhamnopyranosyl)-(4'-O-cafeoyl)-β-D-glycopyranoside, verbascoside"", 'α-L-xylopyranosyl-(4""→20)-(3-O-β-D-glucopyranosyl)-1\'-O-E-caffeoyl-β-D-glucopyranoside', ""2-(R)-Methyl-6-(S)-(tetradecyl-13'-one)-3(R)-O-tert-butyldimethylsilyl-piperidine"", '(2S)-Methyl-2-methyl-8-(3""-methylbut-2""-enyl)-2-(4\'-methylpent-3\'-enyl)-2H-chromene-6-carboxylate', 'Casearin T', '3-Oxoursolic acid', 'Casearupestrin B', 'toonacilin', 'Pedalitin', '1-O-(E)-feruloyl-β-D-glucopyranoside', '19,20-Epoxycytochalasin C', 'n-Pentyl gallate', 'Orcinol', 'limonexic acid', 'Skimmianine', 'p-hydroxybenzoic acid-geranyl ester', 'Dibenzyl disulphide', 'Proanthocyanidin', 'neoisoastilbin', '(R)-7-Hydroxymellein', '6α-acetoxymanoyl oxide', 'Methyl-8-hydroxy-2,2-dimethylchroman-6-carboxylate', 'Di(benzyltrithio) methane', 'Netzahualcoyondiol', 'Pristimerin; 20α-3-hydroxy-2-oxo-24-nor-friedela-1-10,3,5,7-tetraen-carboxylic acid-29-methylester', '3,4,5-trimethoxyphenyl 1-O-β-D-apiofuranosyl-(1→6)-O-β-D-glucopyranoside', 'β-photogedunin', 'n-Butyl gallate', ""5-[3''-(β-D-glucopyranosyloxy)propyl]-7-methoxy-2-(3',4'-dimethoxyphenyl)benzofuran"", '24-methylene-3,22-dihydroxycholesterol', 'amorphispironone', 'Casearupestrin D', 'Chaetoglobosin B', ""2-(2'-O-benzoyl)-C-β-D-glucopyranosyl-1,3,6,7-tetrahydroxyxanthone"", 'Isoplumericin', 'N-[10-(13,14-methylenedioxyphenyl)-7(E),9(Z)-pentadienoyl]-pyrrolidine', '6-[8(Z)-pentadecenyl]salicylic acid', '(2S)-2-methyl-8-(3""-methylbut-2""-enyl)-2-(4\'-methylpent-3\'-enyl)-2H-chromene-6-carboxylic acid', 'Burchellin', '5-[8(Z)-pentadecenyl]resorcinol', 'Luteolin; 2-(3,4-dihydroxyphenyl)-5,7-dihydroxy-4H-chromen-4-one', 'Piperyline, N-[10-(13,14-methylenedioxyphenyl)-7(E),9(E)-pentadienoyl]-pyrrolidine', 'ω-fenil alcanoic acid', '2-butyl-D-fructofuranoside', ""Gaudichaudianic acid; (2S)-2-methyl-2-(4'methyl-3'-pentenyl)-8-(3''-methyl-2-butenyl)- 2H-1-benzopyran-6-carboxylic acid"", '19,20-Epoxycytochalasin R', 'Muraxanthone', '6α-acetoxy-14β,15β-epoxyazadirone', 'epoxy-fraxinellone', '12′-hydroxy-7′-multijuguinone', 'Kaempferitrin', 'Nitensidine C', 'Dipropyl disulphide', '2-methyl-5-[8(Z),11(Z)-pentadecadienyl]resorcinol', 'Methyl 6,7,8-trimethoxydihydrocinnamate', '2-Hexyl-3-methyl-butanodioic acid', 'fraxinellone', '6-[ 8(Z),11(Z) -pentadecadienyl] salicylic acid', '3,11,12-Trihydroxycadalene', 'Quercetin 3-O-sophoroside', '(3R,4R)-3,4-Dihydro-4,6-dihydroxy-3-methyl-1-oxo-1H-isochromene-5-carboxylic acid', 'Odoratone', 'Rel-6β-hydroxyzuelanin-2β-benzoate', 'shidasterone', '5-hydroxymethyl- 2-furancarboxaldehyde; 5-hydroxymethyl-2-furfuraldehyde', 'atalaphyllinine', 'N-[10- (13,14-methylenedioxyphenyl)-7(E)-pentaenoyl]-pyrrolidine', '2-Methyl-5-methoxy-benzopyran-4-one', '3,4-dihydroxybenzoic acid geranyl ester', 'Gedunin', 'Pedalin, pedalitin 6-O-β -glucopyranoside', 'Caseargrewiin F; (1R*,3S*,5S*,6aR*,7S*,8R*,10R*,10aR*)-1,3-Bis(acetyloxy)-3,5,6,6a,7,8,9,10-octahydro-10-hydroxy-7,8-dimethyl-7-[(2Z)-3-methylpenta-2,4-dien-1-yl]naphtho[1,8a-c]furan-5-yl Butanoate', 'Casearin L; (1R*,3S*,5S*,6aR*,7R*,8R*,9S*,10S*,10aR*)-1,10-Bis(acetyloxy)-3,5,6,6a,7,8,9,10-octahydro-9-hydroxy-5-methoxy-7,8-dimethyl-7-[(2Z)-3-methylpenta-2,4-dien-1-yl]naphtho[1,8a-c]-furan-3-yl Butanoate', 'Platydesmine', 'Leiokinine A', 'Sinapic acid', '19,20-Epoxycytochalasin Q', 'schaftoside', ""(2S)-Methyl-8-isopentyl-2-methyl-2-(4'-methylpentyl)chroman-6-carboxylate"", 'Casearupestrin A', '2-oxo-piperol B; (7S*, 8R*, 1R*, 3R*)-3,4,5-trimethoxy-3,7-cyclo-8,1-neolig-8-ene-2,4(3H)-dione', 'taxifolin', ""(2'S)-2-(propan-2'-ol)-5-hydroxy-benzopyran-4-one"", 'Rel-(+)-(7S,9R,10S)-3,9,12-trihydroxycalamenene', 'Casearin S', '11β-acetoxyobacunone', '1-(5,7-dihydroxy-2,2-dimethylchroman- 6-yl)-3-[4-hydroxy-3-(3-methylbut-2-en-1-yl)- phenyl]propan-1-one', '(3R,4R)-4,7-Dihydroxymellein', ""Nitensoside B; Pedalitin 6-O-α-rhamnopyranosyl(1'''→6'')-β-glucopyranoside"", 'Methyl gallate', '3-O-β-D-quinovopyranosyl cincholic acid', 'Afzelin, 3-O-α-rhamnosyl kaempferol', '3,4,5-Triacetoxybenzoic acid', 'Ethyl 2,4-dihydroxy-5,6-dimethylbenzoate', 'Amentoflavone 7”,4”’-dimethyl ether', 'Egonol', '4-Nerolidilcatechol', ""2-(2'-O-transcoumaroyl)-C-β-D-glucopyranosyl-1,3,6,7-tetrahydroxyxanthone"", 'Syringic acid', '(+)-3-O-feruloylcassine', 'Salacin', '6-pentadecylsalicylic acid', 'Methyl-2,2-dimethylchroman-6-carboxylate', ""Myrsinoic acid A, 3-Geranyl-4-hydroxy-5-(3'',3''-dimethylallyl)benzoic acid"", '20α-Hydroxymaytenin; 20-hydroxy-20-epi-tingenone', '(-)-Epigallocatechin-3-O-gallate', 'Casearin D; (1R*,3S*,5S*,6aR*,7R*,8R*,9S*,10S*,10aR*)-1-(Acetyloxy)-3,5,6,6a,7,8,9,10-octahydro-5,10-dihydroxy-7,8-dimethyl-7-[(2Z)-3-methylpenta-2,4-dien-1-yl]naphtho[1,8a-c]furan-3,9-diyl Dibutanoate', 'Rel. (+)-(7S,10S) 3,12-dihydroxycalamenene', 'Cabraleadiol', '(±)-Syringaresinol', 'Cyclo-(L-Pro-L-Val)', 'carlinoside', 'Methyl-8-(ethanoyloxy)-2,2-dimethyl-2H-chromene-6-carboxylate', 'Amentoflavone', '1-(5,7-dihydroxy-2,2-dimethylchroman-6-yl)-3-(1,1,4a-trimethyl-2,3,4,4a,9a-hexahydro-1H-xanthen-7-yl)propan-1-one', 'Methyl (E)-6,7,8-trimethoxycinnamate', '3,4,5-Trimethoxyphenyl-1-O-β-D-(5-O-syringoyl)-apiofuranosyl-(1→6)-β-D-glucopyranoside', '6-[8(Z),11(Z),14-pentadecatrienyl]salicylic acid', 'Sorbifolin', ""Nitensoside A; Sorbifolin 6-O-α-rhamnopyranosyl(1'''→6'')-β-glucopyranoside"", 'Casearin O; (1R*,3S*,5S*,6aR*,7R*,8R*,9S*,10S*,10aR*)-1,10-Bis(acetyloxy)-5-methoxy-7,8-dimethyl-7-[(2Z)-3-methylpenta-2,4-dien-1-yl]-3,5,6,6a,7,8,9,10-octahydronaphtho[1,8a-c]furan-3,9-diyl Dibutanoate', 'germacrene D', '2β-Hydroxyzuelanin-6β-cinnamate', 'arjunolic acid', 'stachysterone', 'Gallic acid; 3,4,5-trihydroxybenzoic acid', 'Quercitrin, 3-O-α-rhamnosylquercetin', 'Picramnioside F', 'Lauryl gallate', 'Syringaldehyde', '22-hydroxytirucalla-7,24-diene-2,3-dione', 'Trans-3’-methylsulphonylallyl trans-cinnamate', '(3-(2-(4-hydroxyphenyl)-2-oxoethyl)-5,6-dihydropyridin- 2(1H)-one)', 'Mangiferin', 'Viburgenin', ""Pterogynoside; Kaempferol-3-O-(3''-O-4'''-methylgallate-α-L-rhamnoside)"", 'Isobutyl gallate', '7′-multijuguinone', 'Griseofulvin', ""7-Hydroxy-4',6-dimethoxyisoflavone; Afrormosin; Afromosin"", '8-methoxymellein', 'Chalepin', 'Chlorogenic acid', '(4R)-4,8-dihydroxy-α-tetralone', 'Kaempferol', '3-O-β-D-quinovopyranosyl quinovic acid', '2-hydroxyphenylacetic acid', '2-methyl-5-[8(Z)-pentadecenyl]resorcinol']]",doi_name
"['10.1590/S0100-40422010001000006', '19,20-Epoxycytochalasin N']","['10.1590/S0100-40422010001000006', ['2α,3α-Dihydroxy-urs-12-en-28-oic acid', 'Haplotusine', '5-hydroxyflavone', 'β-Sitosterol benzoate', '2-phenyl-4H-chromen-4-one', 'Oleanolic acid 3-sophoroside', '3-O-β-D-(6’-methyl)-glucopyranosyl-28-O-β-D-glucopyranosyl-oleanate', 'N-acetylnonaine', 'Sinapyl 4-O-β-D-glucopyranoside alcohol', 'Liriodenine', 'Sinapyl 4-O-β-D-glucopyranoside aldehyde', 'Hinesol', 'guaiol', 'γ-eudesmol', 'α-eudesmol', 'Galioside aglicone', '11-O-trans-feruloylteucrein', 'Teucrein', 'Galioside', 'Apodanthoside', ""3,5,6,7,3',4',5'-heptamethoxyflavonol"", ""3',4',5',3,5,7,8-heptamethoxyflavone"", 'Anhydrofusarubin', 'Beauvericin', 'Procyanidin B-3', 'Kaempferol-3-O-α-L-rhamnopyranosyl-(1-6)-α-L-rhamnopyranosyl-(1-4)-β-D-glucopyranoside', 'Quercetin-3-O-α-L-rhamnopyranosyl-(1→6)-β-D-galactopyranoside', 'Catechin, Ent-catechin', 'Kaempferol-3-O-rutinoside', 'Kaempferol-3-O-α-L-rhamnopyranosyl-(1→6)-β-D-galactopyranoside', 'Kaempferol-3-O-D-galactopyranoside', '6-Hydroxy-rutin', 'Kaempferol-3-O-D-glucopyranoside', '5,7-dimethoxy-2,2-dimethyl-2H-1-benzopyran-6-propanoic acid', 'Methyl (3R,4R,5R)-3-{[(2Z)-3-(3,4-dihydroxyphenyl)-2-propenoyl]oxy}-1,4,5-trihydroxycyclohexanecarboxylate', 'Methyl (3R,4R,5R)-3-{[(2E)-3-(3,4-dihydroxyphenyl)-2-propenoyl]oxy}-1,4,5-trihydroxycyclohexanecarboxylate', 'Sargachromenol', '21´-(3,4-Methylenedioxyphenyl)-henicosanoic acid', ""Juruenolic acid; 2-(4'-Methylpentenyl-3)-10-oxoundecan-2,6-dienoic acid"", ""7,4'-Dimethoxyflavone"", 'Farnisine', 'Tithonine', '19´-(3,4-Methylenedioxyphenyl)-nonadecanoic acid', 'Fasciculiferin', '(+)-Guaiacin', 'Sargaquinoic acid', ""7,4'-Dihydroxyflavone"", '17-(3,4-Methylenedioxyphenyl)-heptadecanoic acid', 'Chlorogenic acid methyl ester, Methyl (1S,3R,4R,5R)-3-{[(2E)-3-(3,4-dihydroxyphenyl)-2-propenoyl]oxy}-1,4,5-trihydroxycyclohexanecarboxylate', '5,7-dimethoxy-2,2-dimethyl-2H-1-benzopyran-6-propanoate', 'Ergosterol peroxide', '8-hydroxy-6-methoxy-3-methylisocoumarin', 'Dimethyl terephthalate', 'Pimara-7,15-dien-3β-ol', '(22E,24R)-ergosta-4,6,8(14),22-tetraen-3-one', ""6'-Acetyl-β-D-glucopyranosyldiderroside"", '7-Methoxydiderroside', 'Diderroside', 'Secoxyloganin', '2-Episesalatin', ""Isoswertisin-2''α1-L-rhamnoside"", ""Isoswertisin-4'-methyl-ether-2''α-L-rhamnoside"", 'Clusifoliol', 'Sesartemin', 'Methacrylic acid', ""Isosakuranetin; 5,7-dihydroxy-4'-methoxyflavanone"", ""Sakuranetin; 5,4'-dihydroxy-7-methoxyflavanone"", ""1,4-Dihydroxy-2-(3',7'-dimethyl-1'-oxo-2'-E-6'-octadienyl)benzene"", ""4-Hydroxy-(3',7'-dimethyl-1'-oxo-octa-2'-E-6'-dienyl)benzoic acid"", ""4-Hydroxy-3-(3',7'-dimethyl-3'-hydroxy-1'-oxo-6'-octenyl)benzoic acid"", ""Hostmaniene; 4-Hydroxy-3-(2',3'-dihydroxy-3'-methylbutyl)benzoate"", ""4-Hydroxy-3-(3',7'-dimethylocta-2'-E-6'-dienyl)benzoic acid"", '3,4,5-Trimethoxydihydrocinnamic acid', 'Methyl 2,2-dimethyl-1-oxo-2H-1-benzopyran-6-carboxylate', ""4-Hydroxy-(3',7'-dimethyl-1'-oxo-octa-2'-Z-6'-dienyl)benzoic acid"", ""Methyl 4-hydroxy-3-(3'-methyl-2'-butenyl)benzoate"", ""Methyl 4-hydroxy-3-(3'-methyl-2'-hydroxy-3'-butenyl)benzoate"", ""Aduncumene; Methyl 2-methoxy-5-(3'-methyl-1'-oxo-2'-butenyl)benzoate"", ""Methyl taboganate; Methyl 4-hydroxy-3-(3'-methyl-1'-oxo-2'-butenyl)benzoate"", ""2',6'-Dihydroxy-4'-methoxydihydrochalcone"", 'Piperaduncine B', '(3Z,5Z)-N-isobutyl-8-(30,40-methylenedioxy-phenyl)-heptadienamide', 'Pellitorine', '(Z)-piplartine; 8(Z)-N-(12,13, 14-trimethoxycinnamoyl)- 3-pyridin-2-one', ""N-[3-(6'-methoxy-3',4'-methy-lenedioxyphenyl)-2(Z)-propenoyl]pyrrolidine"", '(E)-piplartine', '8,9-dihydropiplartine; N-(12,13,14-trimethoxydihydrocinnamoyl)-Δ3-pyridin-2-one', 'Piperine', '10,11-dihydropiperine; Δα,β-dihydropiperine', '4,5-dihydropiperlonguminine; Piperlonguminine', '4,5-dihydropiperyline', '(+)-α-Hydroxyerysotrine', '(+)-Erythravine', '(+)-11α-Hydroxyerythravine', 'Isopimpinellin', '9-hydroxyeugenin', 'Mycoleptone A', 'Eugenitin', 'Austdiol diacetate', '6-methoxyeugenin', 'Mycoleptone B', 'Mycoleptone A tetraacetate', 'Austdiol', '(-)-3-O-acetyl-spectaline', '1,3,5-trihydroxy- 2,8-bis(3-methylbut-2-enyl)-10-methyl-9-acridone', 'Pyranofoline', '1,3,5-trihydroxy-4-methoxy-10-methyl- 2,8-bis(3-methylbut-2-enyl)acridin-9(10H)-one', '3,4-dihydro-3,5,8-trihydroxy-6-methoxy-2,2,7-trimethyl-2Hpyrano[ 2,3-a]acridin-12(7H)-one', 'Glycocitrine-I', 'Citrusinine-I', 'Glycocitrine-IV', '5-hydroxynoracronycine; Atalaphyllidine', 'Citrusinine-II', 'cyclo (L)-Pro-Gly', '3,3-O-dimethylquercetin', 'penduletin 4-O-methyl ether', '2α,3α,19α- trihydroxyurs-12-en-28-oic acid', 'acacetin', 'Chrysoeriol', '3,7,4-O-trimethylkaempferol', '3-O-methylquercetin', 'p-hydroxybenzoic acid', '2α,3α-dihydroxyolean-12- en-28-oic acid', 'Taraxerol acetate', 'Aphidicolin', ""4-Methoxy-3-(3',7'-dimethylocta-2'-E-6'-dienyl)benzoic acid"", 'Methyl-8-hydroxy-2,2-dimethyl-2H-chromene-6-carboxylate', ""3-(3',7 '-dimethyl-2',6 '-octadienyl)-4-methoxy-benzoic acid"", ""3,4-dimethyl-2-(4'-hydroxy-3',5'-dimethoxyphenyl)-5-methoxy-tetrahydrofuran"", 'Stearic acid 4-pentoyloxyphenethyl ester', 'Pentaol', '3,11-dioxoolean-12-en-28- onic acid', 'Hispidol A', 'Oleanonic acid', 'cryptomeridiol', 'Piscidinol A', 'Nilocetin', 'Iso-odoratol', ""3',4'-methylenedioxy-5,5',6,7-tetramethoxyflavone"", ""2'-hydroxy-3,4,4'-trimethoxy-5',6'-(2'',2''-dimethylpyrano)-chalcone"", ""3',4'-methylenedioxy-5,6,7- trimethoxyflavone"", ""3',4'-methylenedioxy-5,7-dimethoxyflavone"", '4-metoxi-6-[2-(metilamino)fenil]- 2H-piran-2-ona', 'astilbin; Rel-(2R, 3R)-dihydroquercetin-3-O-±-L-rhamnoside', ""Rel-(7R,8S,7'S,8'S)-4-hydroxy-4',5'-methylenedioxy-3,5,3'-trimethoxy-7,7'-epoxylignan"", ""Rel-(7R,8S,7'S,8'S)-4,5,4',5'-dimethylenedioxy-3,3'-dimethoxy-7,7'-epoxylignan"", ""Rel-(7R,8S,7'S,8'S)-4'-hydroxy-3,4,5,3',5'-pentamethoxy-7,7'-epoxylignan"", ""Rel-(7R,8S,7'S,8'S)-4',5'-methylenedioxy-3,4,5,3'-tetramethoxy-7,7'-epoxylignan"", ""Rel-(7R,8S,7'S,8'S)-9-hydroxy-4',5'-methylenedioxy-3,4,5,3'-tetramethoxy-7,7'-epoxylignan"", 'Nitensidine D', 'Nitensidine E', 'Xanthyletin', '2-n-Propylquinoline', ""2-(1'-pentenyl)-Quinoline"", ""2-(3',4'-methylenedioxyphenylethyl)-Quinoline"", '2-n-Pentylquinoline', '1-methoxy-3-hydroxy-3,10b-4,5a-diepoxy-8b-isobutyroyloxygermacr-11(13)-en-6a,12-olide', 'Tagitinin C', 'Deoxycordifoline', '3,4-dehydrostrictosidine acid', 'Cordifoline', 'Strictosidine acid', 'Harman-3-carboxylic acid', 'Turbinatine', '5α-carboxystrictosidine', '3,4-dehydro-strictosidine', 'Ferulic acid', 'β-Gardiol', 'α-Gardiol', 'Nectandrin B', 'Epi-guaiacin', 'Verrucosin', '7-Methyl-sargachromenol; 2,7,8-Trimethyl-2-[(3-E,7-Z)-4,12-dimethyl-8-carboxyl-3,7,11-tridecatrienyl]-3-chromen-6-ol, β-caroteno', '21α,25-dimethylmelianodiol', '3,21-Di-epi-feroniellide B', '21β,25-dimethylmelianodiol', '2,3-dihydro-4,9-dihydroxy-2-(2-hydroxy-propan-2-yl)- 11-methoxy-10-methylfuro[3,2-b]acridin-5(10H)-one', 'bis-5-hydroxyacronycine', 'Citibrasine', 'β-caryophyllene, trans-caryophyllene', 'Cusculine; 1,2,3,5,6-pentamethoxy-9-acridone', 'Cuspanine; 1-hydroxy-2,3,5,6-tetramethoxy-9-acridone', '[10]-gingerol', ""2,4-Dihydroxy-6-[(1'E,3'E)-penta-1', 3'-dienyl]-benzaldehyde"", '2-methyl-5-[8(Z)-pentadecenyl]resorcinol', 'Kaempferol', '2-hydroxyphenylacetic acid', '3-O-β-D-quinovopyranosyl quinovic acid', '(4R)-4,8-dihydroxy-α-tetralone', 'scillascillin', 'Chlorogenic acid', 'Chalepin', 'Piperol B', '(-)-Hardwickiic acid', ""5-[3''-(β-D-glucopyranosyloxy)propyl]-7-methoxy-2-(3',4'-methylenedioxyphenyl)benzofuran"", '28-O-β-D-glucopyranosyl quinovic acid', '2-Methyl-4-hydroxy-butyl caffeoate', 'N-1,N-2,N-3-Triisopentenylguanidine', 'Odoratol', 'Leptomerine', '5-hydroxy-N-methylseverifoline', '19,20-Epoxycytochalasin N', 'ellagic acid 4-O-α-L-rhamnopyranoside; eschweilenol C', 'Mayoside C', 'Ourateacatechin', ""3',4',5',5,7-pentamethoxyflavone"", '2-methyl-5-pentadecylresorcinol', '3β-hydroxy-stigmast-5-en-7-one; 24-β-7-oxositosterol', 'Isobutyl gallate', '7′-multijuguinone', 'Griseofulvin', ""7-Hydroxy-4',6-dimethoxyisoflavone; Afrormosin; Afromosin"", '8-methoxymellein', '(±)-Syringaresinol', '(-) Cis-4-hydroxy-6-deoxyscytalone', 'Plumericin', '5-[8(Z),11(Z)-pentadecadienyl]resorcinol', '(-)-Spectalinine', 'Ocotillone', 'des-N-methylnoracronycine', 'Sorbifolin 6-O-β-glucopyranoside', 'Rel-2α-hydroxyzuelanin-6β-benzoate', '2,6-di-O-acetylcasearupestrin D', ""Methyl-2,2-dimethyl-8-(3'-methylbut-2'-enyl)chroman-6-carboxylate"", '2,7-Di-O-acetylcasearupestrin A', 'Nitensidine B', '1-methyl-2-n-nonyl-4-quinolone', '5-[8(Z),11(Z),14-pentadecatrienyl]resorcinol', 'Nitensidine A', ""8-hydroxy-3,5,7,3',4',5'-hexamethoxyflavonol"", 'Dibenzyl tetrasulphide', ""2',5-dihydroxy-3-methoxy-8-dimethylallyl-6, 7-(2' ',2''-dimethylpyrano)-dihydroflavonol"", '2-n-nonyl-4-quinolone', 'Maculosidine', 'Podocarpusflavone A', 'Casearupestrin C', '6α-malonyloxy-n-butyl ester manoyl oxide', 'citrusinine-I', 'Ricinine', 'Leptophyllin A', '5-pentadecylresorcinol', 'Netzahualcoyondiol', 'Pristimerin; 20α-3-hydroxy-2-oxo-24-nor-friedela-1-10,3,5,7-tetraen-carboxylic acid-29-methylester', '3,4,5-trimethoxyphenyl 1-O-β-D-apiofuranosyl-(1→6)-O-β-D-glucopyranoside', 'fraxinellonone', 'Dibenzyl sulphide', '1,6-di-O-caffeoyl-β-D-glucopyranoside', '2-methyl-5-[8(Z),11(Z),14-pentadecatrienyl]resorcinol', 'Skimmianine', 'p-hydroxybenzoic acid-geranyl ester', 'Dibenzyl disulphide', 'β-photogedunin', 'n-Butyl gallate', ""5-[3''-(β-D-glucopyranosyloxy)propyl]-7-methoxy-2-(3',4'-dimethoxyphenyl)benzofuran"", '3,12-Dihydroxycadalene', '7-hydroxy-3- (11-dimethylallyl)-8-methoxycoumarin', ""N-[7-(3',4'-methylenedioxyphenyl)-2(Z),4(Z)-heptadienoyl]pyrrolidine"", ""Acteoside; [β-3,4-dihydroxyphenyl)-ethyl]-(3'-O-α-L-rhamnopyranosyl)-(4'-O-cafeoyl)-β-D-glycopyranoside, verbascoside"", '19,20-Epoxycytochalasin D', 'fumiquinozoline F', 'Kaempferol 3-O-α-L-rhamnopyranosyl (1→6)-O-[β -D-glucopyranosyl (1→3)-O-α-L-rhamnopyranosyl-(1→2)]-O-β -D-glucopyranosyl', '3β-O-[α-L-rhamnopyranosyl-(1→2)-O-β-D-glucopyranosyl-(1→2)-O-β-D-glucopyranosyl]-28-O-β-D-glucopyranoside pomolate', ""2-(2'-O-trans-cinnamoyl)-C-β-D-glucopyranosyl-1,3,6,7-tetrahydroxyxanthone"", 'urauchimycin B', 'Homoegonol', '[8]-gingerol', '4-Hydroxymellein', '5-hydroxymellein', 'Cytochalasin D', 'Isoorientin', 'Uracil', 'urauchimycin A', 'p-Coumaric acid', '(-)-Epigallocatechin', 'Netzahualcoyonol', '1-[3-(3,7-dimethylocta-2,6-dien-1-yl)-2,4,6- trihydroxyphenyl]-3-(4-hydroxyphenyl)propan-1-one', '6α-malonyloxymanoyl oxide', 'Benzylhydroxymethyl sulphide', '20-hydroxyecdysone; polypodine A', '3-Acetyl aleuritolic acid', 'Alkenoic acid', 'Quercetin 3-O-α-L-rhamnopyranosyl (1→6)-O-[β -D-glucopyranosyl (1→3)-O-α-L-rhamnopyranosyl-(1→2)]-O-β -D-glucopyranosyl', 'Heveaflavone', 'Arboreumine', '3-Oxoursolic acid', 'Casearupestrin B', 'Caseobliquin A', 'Methyl angolensate', ""5-(3'' -Hydroxypropyl)-7-methoxy-2-(3',4' -methyl-enedioxyphenyl)benzofuran"", '22β-hydroxypristimerin', '1- (5,7-dihydroxy-2,2-dimethylchroman-6-yl)-3-(2,2-dimethylchroman- 6-yl)propan-1-one', 'Canavaline', 'Di-hydrodehydrodiconiferyl alcohol', 'Quercetin', 'Pedalitin', '1-O-(E)-feruloyl-β-D-glucopyranoside', '19,20-Epoxycytochalasin C', 'n-Pentyl gallate', 'Orcinol', 'Periconicin B', 'Phomopsilactone', ""(2S)-8-Isopentyl-2-methyl-2-(4'-methylpentyl)chroman-6-carboxylic acid"", '2,2-dimethyl-2H-chromene-6-carboxylic acid', '1,2-dihydro- 3β-hydroxy-7-deacetoxy-7-oxogedunin', 'Photogedunin', 'Proanthocyanidin', 'neoisoastilbin', '(R)-7-Hydroxymellein', '6α-acetoxymanoyl oxide', 'Methyl-8-hydroxy-2,2-dimethylchroman-6-carboxylate', 'Methyl 6,7,8-trimethoxydihydrocinnamate', 'Casearin X; (1R*,3S*,5S*,6aR*,7S*,8S*,10R*,10aR*)-1-(Acetyloxy)-3,5,6,6a,7,8,9,10-octahydro-10-hydroxy-7,8-dimethyl-7-[(2Z)-3-methylpenta-2,4-dien-1-yl]naphtho[1,8a-c]furan-3,5-diyl Dibutanoate', 'α-L-xylopyranosyl-(4""→20)-(3-O-β-D-glucopyranosyl)-1\'-O-E-caffeoyl-β-D-glucopyranoside', ""2-(R)-Methyl-6-(S)-(tetradecyl-13'-one)-3(R)-O-tert-butyldimethylsilyl-piperidine"", '(2S)-Methyl-2-methyl-8-(3""-methylbut-2""-enyl)-2-(4\'-methylpent-3\'-enyl)-2H-chromene-6-carboxylate', 'Casearin T', 'Piperyline, N-[10-(13,14-methylenedioxyphenyl)-7(E),9(E)-pentadienoyl]-pyrrolidine', 'ω-fenil alcanoic acid', '2-butyl-D-fructofuranoside', ""Gaudichaudianic acid; (2S)-2-methyl-2-(4'methyl-3'-pentenyl)-8-(3''-methyl-2-butenyl)- 2H-1-benzopyran-6-carboxylic acid"", 'limonexic acid', 'Di(benzyltrithio) methane', '3,11,12-Trihydroxycadalene', 'Quercetin 3-O-sophoroside', '(3R,4R)-3,4-Dihydro-4,6-dihydroxy-3-methyl-1-oxo-1H-isochromene-5-carboxylic acid', 'toonacilin', '1-O-(E)-caffeoyl-β-D-glucopyranoside', 'Gallic acid; 3,4,5-trihydroxybenzoic acid', 'Quercitrin, 3-O-α-rhamnosylquercetin', '24-methylene-3,22-dihydroxycholesterol', 'amorphispironone', 'Casearupestrin D', 'Chaetoglobosin B', ""2-(2'-O-benzoyl)-C-β-D-glucopyranosyl-1,3,6,7-tetrahydroxyxanthone"", 'Isoplumericin', '6α-acetoxy-14β,15β-epoxyazadirone', 'epoxy-fraxinellone', '12′-hydroxy-7′-multijuguinone', 'Kaempferitrin', 'Nitensidine C', 'Dipropyl disulphide', '2-methyl-5-[8(Z),11(Z)-pentadecadienyl]resorcinol', '(2S)-2-methyl-8-(3""-methylbut-2""-enyl)-2-(4\'-methylpent-3\'-enyl)-2H-chromene-6-carboxylic acid', 'Burchellin', '5-[8(Z)-pentadecenyl]resorcinol', 'Luteolin; 2-(3,4-dihydroxyphenyl)-5,7-dihydroxy-4H-chromen-4-one', 'Sinapic acid', '19,20-Epoxycytochalasin Q', '19,20-Epoxycytochalasin R', 'Muraxanthone', 'polypodine B', 'n-Propyl gallate', ""3',4',5',5,7,8-hexamethoxyflavone"", 'Isopropyl gallate', '6β-hydroxy-7-epigardoside methyl ester', 'Tetrahydropiperyline, N-[10-(13,14-methylenedioxyphenyl)-pentanoyl]-pyrrolidine', 'Piperovatine', '2,4,6-trimethoxybenzoic acid', 'Odoratone', 'Rel-6β-hydroxyzuelanin-2β-benzoate', 'shidasterone', '5-hydroxymethyl- 2-furancarboxaldehyde; 5-hydroxymethyl-2-furfuraldehyde', 'atalaphyllinine', 'N-[10- (13,14-methylenedioxyphenyl)-7(E)-pentaenoyl]-pyrrolidine', '2-Methyl-5-methoxy-benzopyran-4-one', '3,4-dihydroxybenzoic acid geranyl ester', 'Casearupestrin A', '2-oxo-piperol B; (7S*, 8R*, 1R*, 3R*)-3,4,5-trimethoxy-3,7-cyclo-8,1-neolig-8-ene-2,4(3H)-dione', 'taxifolin', '2-Hexyl-3-methyl-butanodioic acid', 'fraxinellone', '6-[ 8(Z),11(Z) -pentadecadienyl] salicylic acid', 'N-[10-(13,14-methylenedioxyphenyl)-7(E),9(Z)-pentadienoyl]-pyrrolidine', '6-[8(Z)-pentadecenyl]salicylic acid', '1-(5,7-dihydroxy-2,2-dimethylchroman-6-yl)-3-(1,1,4a-trimethyl-2,3,4,4a,9a-hexahydro-1H-xanthen-7-yl)propan-1-one', ""(2'S)-2-(propan-2'-ol)-5-hydroxy-benzopyran-4-one"", 'Rel-(+)-(7S,9R,10S)-3,9,12-trihydroxycalamenene', 'Casearin S', '11β-acetoxyobacunone', '1-(5,7-dihydroxy-2,2-dimethylchroman- 6-yl)-3-[4-hydroxy-3-(3-methylbut-2-en-1-yl)- phenyl]propan-1-one', '(3R,4R)-4,7-Dihydroxymellein', ""Nitensoside B; Pedalitin 6-O-α-rhamnopyranosyl(1'''→6'')-β-glucopyranoside"", 'Gedunin', 'Pedalin, pedalitin 6-O-β -glucopyranoside', 'Caseargrewiin F; (1R*,3S*,5S*,6aR*,7S*,8R*,10R*,10aR*)-1,3-Bis(acetyloxy)-3,5,6,6a,7,8,9,10-octahydro-10-hydroxy-7,8-dimethyl-7-[(2Z)-3-methylpenta-2,4-dien-1-yl]naphtho[1,8a-c]furan-5-yl Butanoate', 'Casearin L; (1R*,3S*,5S*,6aR*,7R*,8R*,9S*,10S*,10aR*)-1,10-Bis(acetyloxy)-3,5,6,6a,7,8,9,10-octahydro-9-hydroxy-5-methoxy-7,8-dimethyl-7-[(2Z)-3-methylpenta-2,4-dien-1-yl]naphtho[1,8a-c]-furan-3-yl Butanoate', 'Platydesmine', 'Leiokinine A', 'Cabraleadiol', '3,4,5-Triacetoxybenzoic acid', ""Myrsinoic acid A, 3-Geranyl-4-hydroxy-5-(3'',3''-dimethylallyl)benzoic acid"", '20α-Hydroxymaytenin; 20-hydroxy-20-epi-tingenone', '(-)-Epigallocatechin-3-O-gallate', 'Casearin D; (1R*,3S*,5S*,6aR*,7R*,8R*,9S*,10S*,10aR*)-1-(Acetyloxy)-3,5,6,6a,7,8,9,10-octahydro-5,10-dihydroxy-7,8-dimethyl-7-[(2Z)-3-methylpenta-2,4-dien-1-yl]naphtho[1,8a-c]furan-3,9-diyl Dibutanoate', 'Rel. (+)-(7S,10S) 3,12-dihydroxycalamenene', 'schaftoside', ""(2S)-Methyl-8-isopentyl-2-methyl-2-(4'-methylpentyl)chroman-6-carboxylate"", 'Methyl gallate', '3-O-β-D-quinovopyranosyl cincholic acid', 'Afzelin, 3-O-α-rhamnosyl kaempferol', 'Egonol', '4-Nerolidilcatechol', ""2-(2'-O-transcoumaroyl)-C-β-D-glucopyranosyl-1,3,6,7-tetrahydroxyxanthone"", 'Syringic acid', '(+)-3-O-feruloylcassine', 'Amentoflavone', '22-hydroxytirucalla-7,24-diene-2,3-dione', 'Trans-3’-methylsulphonylallyl trans-cinnamate', '(3-(2-(4-hydroxyphenyl)-2-oxoethyl)-5,6-dihydropyridin- 2(1H)-one)', 'Mangiferin', 'Viburgenin', ""Pterogynoside; Kaempferol-3-O-(3''-O-4'''-methylgallate-α-L-rhamnoside)"", 'Methyl (E)-6,7,8-trimethoxycinnamate', '3,4,5-Trimethoxyphenyl-1-O-β-D-(5-O-syringoyl)-apiofuranosyl-(1→6)-β-D-glucopyranoside', '6-[8(Z),11(Z),14-pentadecatrienyl]salicylic acid', 'Sorbifolin', ""Nitensoside A; Sorbifolin 6-O-α-rhamnopyranosyl(1'''→6'')-β-glucopyranoside"", 'Casearin O; (1R*,3S*,5S*,6aR*,7R*,8R*,9S*,10S*,10aR*)-1,10-Bis(acetyloxy)-5-methoxy-7,8-dimethyl-7-[(2Z)-3-methylpenta-2,4-dien-1-yl]-3,5,6,6a,7,8,9,10-octahydronaphtho[1,8a-c]furan-3,9-diyl Dibutanoate', 'germacrene D', 'Salacin', '6-pentadecylsalicylic acid', 'Methyl-2,2-dimethylchroman-6-carboxylate', 'Dibenzyl trisulphide', 'Maytenin, Tingenone', 'Kokusaginine', ""2-(2'-O-trans-caffeoyl)-C-β-D-glucopyranosyl-1,3,6,7-tetrahydroxyxanthone"", 'Netzahualcoyene', 'Casearin X Dialdehyde; (2R*,4aS*,5S*,7R*,8R*,8aS*)-4,4a-Diformyl-1,2,4a,5,6,7,8,8a-octahydro-5-hydroxy-7,8-dimethyl-8-[(2Z)-3-methylpenta-2,4-dien-1-yl]naphthalen-2-yl Butanoate', 'carlinoside', 'Methyl-8-(ethanoyloxy)-2,2-dimethyl-2H-chromene-6-carboxylate', '2β-Hydroxyzuelanin-6β-cinnamate', 'arjunolic acid', 'stachysterone', 'Ethyl 2,4-dihydroxy-5,6-dimethylbenzoate', 'Amentoflavone 7”,4”’-dimethyl ether', 'Picramnioside F', 'Lauryl gallate', 'Syringaldehyde', 'Cyclo-(L-Pro-L-Val)', 'Acetonide of odoratol', '(−)-Grandisin', '24-methylenecycloartan-3b-ol', 'Ixoside', 'Cognatine', 'Fagaramide']]",doi_name
"['10.2174/187152010794728620', '6α-acetoxy-14β,15β-epoxyazadirone']","['10.2174/187152010794728620', ['guaiol', 'γ-eudesmol', 'Hinesol', 'α-eudesmol', '2,3-dihydro-4,9-dihydroxy-2-(2-hydroxy-propan-2-yl)- 11-methoxy-10-methylfuro[3,2-b]acridin-5(10H)-one', 'Citibrasine', 'bis-5-hydroxyacronycine', '11-O-trans-feruloylteucrein', 'Teucrein', 'Galioside aglicone', 'Galioside', 'Apodanthoside', 'Chlorogenic acid methyl ester, Methyl (1S,3R,4R,5R)-3-{[(2E)-3-(3,4-dihydroxyphenyl)-2-propenoyl]oxy}-1,4,5-trihydroxycyclohexanecarboxylate', '21β,25-dimethylmelianodiol', '21α,25-dimethylmelianodiol', '3,21-Di-epi-feroniellide B', '5-hydroxynoracronycine; Atalaphyllidine', '3,4-dihydro-3,5,8-trihydroxy-6-methoxy-2,2,7-trimethyl-2Hpyrano[ 2,3-a]acridin-12(7H)-one', 'Glycocitrine-IV', 'Citrusinine-II', '1,3,5-trihydroxy- 2,8-bis(3-methylbut-2-enyl)-10-methyl-9-acridone', 'Citrusinine-I', 'Pyranofoline', '1,3,5-trihydroxy-4-methoxy-10-methyl- 2,8-bis(3-methylbut-2-enyl)acridin-9(10H)-one', 'Glycocitrine-I', 'astilbin; Rel-(2R, 3R)-dihydroquercetin-3-O-±-L-rhamnoside', 'Beauvericin', 'Anhydrofusarubin', 'Stearic acid 4-pentoyloxyphenethyl ester', '(-)-3-O-acetyl-spectaline', 'cryptomeridiol', '3,11-dioxoolean-12-en-28- onic acid', 'Piscidinol A', 'Oleanonic acid', 'Pentaol', 'Iso-odoratol', 'Nilocetin', 'Hispidol A', ""Isoswertisin-4'-methyl-ether-2''α-L-rhamnoside"", 'Clusifoliol', 'Sesartemin', ""Isoswertisin-2''α1-L-rhamnoside"", '2-Episesalatin', 'Aphidicolin', '5,7-dimethoxy-2,2-dimethyl-2H-1-benzopyran-6-propanoate', ""3,4-dimethyl-2-(4'-hydroxy-3',5'-dimethoxyphenyl)-5-methoxy-tetrahydrofuran"", 'Taraxerol acetate', '2α,3α,19α- trihydroxyurs-12-en-28-oic acid', 'penduletin 4-O-methyl ether', '3,3-O-dimethylquercetin', 'Chrysoeriol', 'acacetin', '3-O-methylquercetin', 'p-hydroxybenzoic acid', '2α,3α-dihydroxyolean-12- en-28-oic acid', '3,7,4-O-trimethylkaempferol', ""Aduncumene; Methyl 2-methoxy-5-(3'-methyl-1'-oxo-2'-butenyl)benzoate"", ""Methyl taboganate; Methyl 4-hydroxy-3-(3'-methyl-1'-oxo-2'-butenyl)benzoate"", 'Methyl 2,2-dimethyl-1-oxo-2H-1-benzopyran-6-carboxylate', ""2',6'-Dihydroxy-4'-methoxydihydrochalcone"", ""Methyl 4-hydroxy-3-(3'-methyl-2'-butenyl)benzoate"", '3,4,5-Trimethoxydihydrocinnamic acid', ""Methyl 4-hydroxy-3-(3'-methyl-2'-hydroxy-3'-butenyl)benzoate"", 'Piperaduncine B', ""4-Hydroxy-(3',7'-dimethyl-1'-oxo-octa-2'-Z-6'-dienyl)benzoic acid"", ""4-Hydroxy-3-(3',7'-dimethylocta-2'-E-6'-dienyl)benzoic acid"", ""Hostmaniene; 4-Hydroxy-3-(2',3'-dihydroxy-3'-methylbutyl)benzoate"", 'Xanthyletin', 'Secoxyloganin', '7-Methoxydiderroside', 'Diderroside', ""6'-Acetyl-β-D-glucopyranosyldiderroside"", '(+)-11α-Hydroxyerythravine', '(+)-Erythravine', '(+)-α-Hydroxyerysotrine', 'Strictosidine acid', 'Turbinatine', '3,4-dehydrostrictosidine acid', 'Harman-3-carboxylic acid', '3,4-dehydro-strictosidine', 'Cordifoline', '5α-carboxystrictosidine', 'Deoxycordifoline', ""2-(3',4'-methylenedioxyphenylethyl)-Quinoline"", '2-n-Propylquinoline', ""2-(1'-pentenyl)-Quinoline"", '2-n-Pentylquinoline', '4-metoxi-6-[2-(metilamino)fenil]- 2H-piran-2-ona', 'Methyl (3R,4R,5R)-3-{[(2Z)-3-(3,4-dihydroxyphenyl)-2-propenoyl]oxy}-1,4,5-trihydroxycyclohexanecarboxylate', 'Methyl (3R,4R,5R)-3-{[(2E)-3-(3,4-dihydroxyphenyl)-2-propenoyl]oxy}-1,4,5-trihydroxycyclohexanecarboxylate', ""2'-hydroxy-3,4,4'-trimethoxy-5',6'-(2'',2''-dimethylpyrano)-chalcone"", ""3',4'-methylenedioxy-5,6,7- trimethoxyflavone"", ""3',4'-methylenedioxy-5,5',6,7-tetramethoxyflavone"", ""3',4'-methylenedioxy-5,7-dimethoxyflavone"", '9-hydroxyeugenin', 'Mycoleptone A', 'Austdiol', 'Mycoleptone A tetraacetate', 'Mycoleptone B', 'Austdiol diacetate', '6-methoxyeugenin', 'Eugenitin', 'Nitensidine D', 'Nitensidine E', 'cyclo (L)-Pro-Gly', 'Pimara-7,15-dien-3β-ol', 'Ergosterol peroxide', '8-hydroxy-6-methoxy-3-methylisocoumarin', '(22E,24R)-ergosta-4,6,8(14),22-tetraen-3-one', 'Dimethyl terephthalate', ""4-Hydroxy-3-(3',7'-dimethyl-3'-hydroxy-1'-oxo-6'-octenyl)benzoic acid"", ""Sakuranetin; 5,4'-dihydroxy-7-methoxyflavanone"", ""1,4-Dihydroxy-2-(3',7'-dimethyl-1'-oxo-2'-E-6'-octadienyl)benzene"", ""4-Hydroxy-(3',7'-dimethyl-1'-oxo-octa-2'-E-6'-dienyl)benzoic acid"", ""Isosakuranetin; 5,7-dihydroxy-4'-methoxyflavanone"", ""4-Methoxy-3-(3',7'-dimethylocta-2'-E-6'-dienyl)benzoic acid"", ""3-(3',7 '-dimethyl-2',6 '-octadienyl)-4-methoxy-benzoic acid"", 'Methyl-8-hydroxy-2,2-dimethyl-2H-chromene-6-carboxylate', 'Methacrylic acid', 'Nectandrin B', 'Verrucosin', 'Epi-guaiacin', '7-Methyl-sargachromenol; 2,7,8-Trimethyl-2-[(3-E,7-Z)-4,12-dimethyl-8-carboxyl-3,7,11-tridecatrienyl]-3-chromen-6-ol, β-caroteno', 'α-Gardiol', 'β-Gardiol', 'Ferulic acid', 'Isopimpinellin', '1-methoxy-3-hydroxy-3,10b-4,5a-diepoxy-8b-isobutyroyloxygermacr-11(13)-en-6a,12-olide', 'Tagitinin C', '5,7-dimethoxy-2,2-dimethyl-2H-1-benzopyran-6-propanoic acid', ""Rel-(7R,8S,7'S,8'S)-4-hydroxy-4',5'-methylenedioxy-3,5,3'-trimethoxy-7,7'-epoxylignan"", ""Rel-(7R,8S,7'S,8'S)-4',5'-methylenedioxy-3,4,5,3'-tetramethoxy-7,7'-epoxylignan"", ""Rel-(7R,8S,7'S,8'S)-4,5,4',5'-dimethylenedioxy-3,3'-dimethoxy-7,7'-epoxylignan"", ""Rel-(7R,8S,7'S,8'S)-9-hydroxy-4',5'-methylenedioxy-3,4,5,3'-tetramethoxy-7,7'-epoxylignan"", ""Rel-(7R,8S,7'S,8'S)-4'-hydroxy-3,4,5,3',5'-pentamethoxy-7,7'-epoxylignan"", 'β-caryophyllene, trans-caryophyllene', ""3,5,6,7,3',4',5'-heptamethoxyflavonol"", ""3',4',5',3,5,7,8-heptamethoxyflavone"", '(+)-Guaiacin', 'Sargachromenol', ""7,4'-Dihydroxyflavone"", '21´-(3,4-Methylenedioxyphenyl)-henicosanoic acid', 'Sargaquinoic acid', ""7,4'-Dimethoxyflavone"", '17-(3,4-Methylenedioxyphenyl)-heptadecanoic acid', '19´-(3,4-Methylenedioxyphenyl)-nonadecanoic acid', 'Farnisine', 'Tithonine', ""Juruenolic acid; 2-(4'-Methylpentenyl-3)-10-oxoundecan-2,6-dienoic acid"", 'Fasciculiferin', 'Kaempferol-3-O-α-L-rhamnopyranosyl-(1→6)-β-D-galactopyranoside', 'Kaempferol-3-O-rutinoside', 'Catechin, Ent-catechin', 'Procyanidin B-3', '6-Hydroxy-rutin', 'Kaempferol-3-O-α-L-rhamnopyranosyl-(1-6)-α-L-rhamnopyranosyl-(1-4)-β-D-glucopyranoside', 'Kaempferol-3-O-D-glucopyranoside', 'Kaempferol-3-O-D-galactopyranoside', 'Quercetin-3-O-α-L-rhamnopyranosyl-(1→6)-β-D-galactopyranoside', ""N-[3-(6'-methoxy-3',4'-methy-lenedioxyphenyl)-2(Z)-propenoyl]pyrrolidine"", 'Piperine', '4,5-dihydropiperlonguminine; Piperlonguminine', '(Z)-piplartine; 8(Z)-N-(12,13, 14-trimethoxycinnamoyl)- 3-pyridin-2-one', '8,9-dihydropiplartine; N-(12,13,14-trimethoxydihydrocinnamoyl)-Δ3-pyridin-2-one', '4,5-dihydropiperyline', '(E)-piplartine', '10,11-dihydropiperine; Δα,β-dihydropiperine', '(3Z,5Z)-N-isobutyl-8-(30,40-methylenedioxy-phenyl)-heptadienamide', 'Pellitorine', 'Cuspanine; 1-hydroxy-2,3,5,6-tetramethoxy-9-acridone', 'Cusculine; 1,2,3,5,6-pentamethoxy-9-acridone', '2α,3α-Dihydroxy-urs-12-en-28-oic acid', 'Oleanolic acid 3-sophoroside', '3-O-β-D-(6’-methyl)-glucopyranosyl-28-O-β-D-glucopyranosyl-oleanate', 'Haplotusine', 'β-Sitosterol benzoate', '5-hydroxyflavone', '2-phenyl-4H-chromen-4-one', 'Sinapyl 4-O-β-D-glucopyranoside aldehyde', 'Sinapyl 4-O-β-D-glucopyranoside alcohol', 'Liriodenine', 'N-acetylnonaine', '[10]-gingerol', ""2,4-Dihydroxy-6-[(1'E,3'E)-penta-1', 3'-dienyl]-benzaldehyde"", '2-methyl-5-[8(Z)-pentadecenyl]resorcinol', '3β-hydroxy-stigmast-5-en-7-one; 24-β-7-oxositosterol', 'scillascillin', 'Piperol B', '(-)-Hardwickiic acid', ""5-[3''-(β-D-glucopyranosyloxy)propyl]-7-methoxy-2-(3',4'-methylenedioxyphenyl)benzofuran"", '28-O-β-D-glucopyranosyl quinovic acid', '2-Methyl-4-hydroxy-butyl caffeoate', 'N-1,N-2,N-3-Triisopentenylguanidine', 'Dibenzyl trisulphide', 'Maytenin, Tingenone', 'urauchimycin B', ""2-(2'-O-trans-caffeoyl)-C-β-D-glucopyranosyl-1,3,6,7-tetrahydroxyxanthone"", 'Netzahualcoyene', 'Nitensidine A', ""8-hydroxy-3,5,7,3',4',5'-hexamethoxyflavonol"", 'Odoratol', 'Leptomerine', '5-hydroxy-N-methylseverifoline', '19,20-Epoxycytochalasin N', 'ellagic acid 4-O-α-L-rhamnopyranoside; eschweilenol C', 'Mayoside C', 'Ourateacatechin', ""3',4',5',5,7-pentamethoxyflavone"", '2-methyl-5-pentadecylresorcinol', '(−)-Grandisin', '24-methylenecycloartan-3b-ol', 'Ixoside', '2β-Hydroxyzuelanin-6β-cinnamate', 'Cognatine', '5-[8(Z),11(Z)-pentadecadienyl]resorcinol', '(-)-Spectalinine', '1- (5,7-dihydroxy-2,2-dimethylchroman-6-yl)-3-(2,2-dimethylchroman- 6-yl)propan-1-one', 'Canavaline', 'Di-hydrodehydrodiconiferyl alcohol', 'Quercetin', ""2-(2'-O-trans-cinnamoyl)-C-β-D-glucopyranosyl-1,3,6,7-tetrahydroxyxanthone"", 'Kokusaginine', 'Ocotillone', 'des-N-methylnoracronycine', 'Sorbifolin 6-O-β-glucopyranoside', 'Rel-2α-hydroxyzuelanin-6β-benzoate', '2,6-di-O-acetylcasearupestrin D', ""Methyl-2,2-dimethyl-8-(3'-methylbut-2'-enyl)chroman-6-carboxylate"", '2,7-Di-O-acetylcasearupestrin A', 'Nitensidine B', '19,20-Epoxycytochalasin D', 'fumiquinozoline F', 'Kaempferol 3-O-α-L-rhamnopyranosyl (1→6)-O-[β -D-glucopyranosyl (1→3)-O-α-L-rhamnopyranosyl-(1→2)]-O-β -D-glucopyranosyl', '3β-O-[α-L-rhamnopyranosyl-(1→2)-O-β-D-glucopyranosyl-(1→2)-O-β-D-glucopyranosyl]-28-O-β-D-glucopyranoside pomolate', 'Dibenzyl tetrasulphide', '1-methyl-2-n-nonyl-4-quinolone', '5-[8(Z),11(Z),14-pentadecatrienyl]resorcinol', 'Gallic acid; 3,4,5-trihydroxybenzoic acid', 'Homoegonol', '[8]-gingerol', '4-Hydroxymellein', '5-hydroxymellein', 'fraxinellonone', 'Dibenzyl sulphide', '(-) Cis-4-hydroxy-6-deoxyscytalone', 'Plumericin', '(-)-Epigallocatechin', 'Netzahualcoyonol', '1-[3-(3,7-dimethylocta-2,6-dien-1-yl)-2,4,6- trihydroxyphenyl]-3-(4-hydroxyphenyl)propan-1-one', '6α-malonyloxymanoyl oxide', 'Benzylhydroxymethyl sulphide', '1,6-di-O-caffeoyl-β-D-glucopyranoside', '2-methyl-5-[8(Z),11(Z),14-pentadecatrienyl]resorcinol', 'Netzahualcoyondiol', 'Maculosidine', 'Podocarpusflavone A', 'Casearupestrin C', '6α-malonyloxy-n-butyl ester manoyl oxide', 'citrusinine-I', 'Ricinine', 'Leptophyllin A', '5-pentadecylresorcinol', '3,4,5-trimethoxyphenyl 1-O-β-D-apiofuranosyl-(1→6)-O-β-D-glucopyranoside', 'β-photogedunin', 'n-Butyl gallate', ""5-[3''-(β-D-glucopyranosyloxy)propyl]-7-methoxy-2-(3',4'-dimethoxyphenyl)benzofuran"", '3,12-Dihydroxycadalene', '7-hydroxy-3- (11-dimethylallyl)-8-methoxycoumarin', ""N-[7-(3',4'-methylenedioxyphenyl)-2(Z),4(Z)-heptadienoyl]pyrrolidine"", ""Acteoside; [β-3,4-dihydroxyphenyl)-ethyl]-(3'-O-α-L-rhamnopyranosyl)-(4'-O-cafeoyl)-β-D-glycopyranoside, verbascoside"", '20-hydroxyecdysone; polypodine A', '3-Acetyl aleuritolic acid', ""2',5-dihydroxy-3-methoxy-8-dimethylallyl-6, 7-(2' ',2''-dimethylpyrano)-dihydroflavonol"", '2-n-nonyl-4-quinolone', 'Cytochalasin D', 'Isoorientin', 'urauchimycin A', 'p-Coumaric acid', '22β-hydroxypristimerin', 'Alkenoic acid', 'Quercetin 3-O-α-L-rhamnopyranosyl (1→6)-O-[β -D-glucopyranosyl (1→3)-O-α-L-rhamnopyranosyl-(1→2)]-O-β -D-glucopyranosyl', 'Heveaflavone', 'Arboreumine', '3-Oxoursolic acid', 'Casearupestrin B', 'toonacilin', 'Uracil', '1-O-(E)-feruloyl-β-D-glucopyranoside', '19,20-Epoxycytochalasin C', 'n-Pentyl gallate', 'Orcinol', 'Periconicin B', 'Phomopsilactone', 'Pristimerin; 20α-3-hydroxy-2-oxo-24-nor-friedela-1-10,3,5,7-tetraen-carboxylic acid-29-methylester', 'limonexic acid', 'Pedalitin', 'Casearin X Dialdehyde; (2R*,4aS*,5S*,7R*,8R*,8aS*)-4,4a-Diformyl-1,2,4a,5,6,7,8,8a-octahydro-5-hydroxy-7,8-dimethyl-8-[(2Z)-3-methylpenta-2,4-dien-1-yl]naphthalen-2-yl Butanoate', 'polypodine B', 'n-Propyl gallate', ""3',4',5',5,7,8-hexamethoxyflavone"", 'Isopropyl gallate', '6β-hydroxy-7-epigardoside methyl ester', 'Tetrahydropiperyline, N-[10-(13,14-methylenedioxyphenyl)-pentanoyl]-pyrrolidine', 'Piperovatine', '2,4,6-trimethoxybenzoic acid', '1-O-(E)-caffeoyl-β-D-glucopyranoside', 'Quercitrin, 3-O-α-rhamnosylquercetin', 'Caseobliquin A', 'Methyl angolensate', ""5-(3'' -Hydroxypropyl)-7-methoxy-2-(3',4' -methyl-enedioxyphenyl)benzofuran"", 'Di(benzyltrithio) methane', '3,11,12-Trihydroxycadalene', 'Quercetin 3-O-sophoroside', '(3R,4R)-3,4-Dihydro-4,6-dihydroxy-3-methyl-1-oxo-1H-isochromene-5-carboxylic acid', ""(2S)-8-Isopentyl-2-methyl-2-(4'-methylpentyl)chroman-6-carboxylic acid"", '2,2-dimethyl-2H-chromene-6-carboxylic acid', '1,2-dihydro- 3β-hydroxy-7-deacetoxy-7-oxogedunin', 'Photogedunin', 'Casearin X; (1R*,3S*,5S*,6aR*,7S*,8S*,10R*,10aR*)-1-(Acetyloxy)-3,5,6,6a,7,8,9,10-octahydro-10-hydroxy-7,8-dimethyl-7-[(2Z)-3-methylpenta-2,4-dien-1-yl]naphtho[1,8a-c]furan-3,5-diyl Dibutanoate', ""2-(R)-Methyl-6-(S)-(tetradecyl-13'-one)-3(R)-O-tert-butyldimethylsilyl-piperidine"", '(2S)-Methyl-2-methyl-8-(3""-methylbut-2""-enyl)-2-(4\'-methylpent-3\'-enyl)-2H-chromene-6-carboxylate', 'Casearin T', 'Piperyline, N-[10-(13,14-methylenedioxyphenyl)-7(E),9(E)-pentadienoyl]-pyrrolidine', 'ω-fenil alcanoic acid', '2-butyl-D-fructofuranoside', ""Gaudichaudianic acid; (2S)-2-methyl-2-(4'methyl-3'-pentenyl)-8-(3''-methyl-2-butenyl)- 2H-1-benzopyran-6-carboxylic acid"", 'Kaempferitrin', 'Nitensidine C', 'Dipropyl disulphide', '2-methyl-5-[8(Z),11(Z)-pentadecadienyl]resorcinol', 'Methyl 6,7,8-trimethoxydihydrocinnamate', '2-Hexyl-3-methyl-butanodioic acid', 'fraxinellone', 'Skimmianine', 'p-hydroxybenzoic acid-geranyl ester', 'Dibenzyl disulphide', 'Proanthocyanidin', 'neoisoastilbin', '(R)-7-Hydroxymellein', '6α-acetoxymanoyl oxide', 'Methyl-8-hydroxy-2,2-dimethylchroman-6-carboxylate', '6α-acetoxy-14β,15β-epoxyazadirone', '19,20-Epoxycytochalasin R', 'Muraxanthone', 'Odoratone', 'Rel-6β-hydroxyzuelanin-2β-benzoate', 'shidasterone', '5-hydroxymethyl- 2-furancarboxaldehyde; 5-hydroxymethyl-2-furfuraldehyde', 'atalaphyllinine', '24-methylene-3,22-dihydroxycholesterol', 'amorphispironone', 'Casearupestrin D', 'Chaetoglobosin B', ""2-(2'-O-benzoyl)-C-β-D-glucopyranosyl-1,3,6,7-tetrahydroxyxanthone"", 'Isoplumericin', 'α-L-xylopyranosyl-(4""→20)-(3-O-β-D-glucopyranosyl)-1\'-O-E-caffeoyl-β-D-glucopyranoside', 'epoxy-fraxinellone', '12′-hydroxy-7′-multijuguinone', 'Caseargrewiin F; (1R*,3S*,5S*,6aR*,7S*,8R*,10R*,10aR*)-1,3-Bis(acetyloxy)-3,5,6,6a,7,8,9,10-octahydro-10-hydroxy-7,8-dimethyl-7-[(2Z)-3-methylpenta-2,4-dien-1-yl]naphtho[1,8a-c]furan-5-yl Butanoate', 'Casearin L; (1R*,3S*,5S*,6aR*,7R*,8R*,9S*,10S*,10aR*)-1,10-Bis(acetyloxy)-3,5,6,6a,7,8,9,10-octahydro-9-hydroxy-5-methoxy-7,8-dimethyl-7-[(2Z)-3-methylpenta-2,4-dien-1-yl]naphtho[1,8a-c]-furan-3-yl Butanoate', 'Platydesmine', 'Leiokinine A', 'Cabraleadiol', 'schaftoside', ""(2S)-Methyl-8-isopentyl-2-methyl-2-(4'-methylpentyl)chroman-6-carboxylate"", '3,4,5-Triacetoxybenzoic acid', '6-[ 8(Z),11(Z) -pentadecadienyl] salicylic acid', '6-[8(Z)-pentadecenyl]salicylic acid', '(2S)-2-methyl-8-(3""-methylbut-2""-enyl)-2-(4\'-methylpent-3\'-enyl)-2H-chromene-6-carboxylic acid', 'Burchellin', '5-[8(Z)-pentadecenyl]resorcinol', 'Luteolin; 2-(3,4-dihydroxyphenyl)-5,7-dihydroxy-4H-chromen-4-one', 'Sinapic acid', '19,20-Epoxycytochalasin Q', 'Casearin S', '11β-acetoxyobacunone', '1-(5,7-dihydroxy-2,2-dimethylchroman- 6-yl)-3-[4-hydroxy-3-(3-methylbut-2-en-1-yl)- phenyl]propan-1-one', '(3R,4R)-4,7-Dihydroxymellein', ""Nitensoside B; Pedalitin 6-O-α-rhamnopyranosyl(1'''→6'')-β-glucopyranoside"", 'Amentoflavone', 'Methyl gallate', '3-O-β-D-quinovopyranosyl cincholic acid', 'Afzelin, 3-O-α-rhamnosyl kaempferol', 'Egonol', 'N-[10- (13,14-methylenedioxyphenyl)-7(E)-pentaenoyl]-pyrrolidine', '2-Methyl-5-methoxy-benzopyran-4-one', '3,4-dihydroxybenzoic acid geranyl ester', 'N-[10-(13,14-methylenedioxyphenyl)-7(E),9(Z)-pentadienoyl]-pyrrolidine', 'Gedunin', 'Pedalin, pedalitin 6-O-β -glucopyranoside', 'Syringic acid', '(+)-3-O-feruloylcassine', '1-(5,7-dihydroxy-2,2-dimethylchroman-6-yl)-3-(1,1,4a-trimethyl-2,3,4,4a,9a-hexahydro-1H-xanthen-7-yl)propan-1-one', 'Methyl (E)-6,7,8-trimethoxycinnamate', '3,4,5-Trimethoxyphenyl-1-O-β-D-(5-O-syringoyl)-apiofuranosyl-(1→6)-β-D-glucopyranoside', '6-[8(Z),11(Z),14-pentadecatrienyl]salicylic acid', 'Sorbifolin', ""Nitensoside A; Sorbifolin 6-O-α-rhamnopyranosyl(1'''→6'')-β-glucopyranoside"", 'Casearin O; (1R*,3S*,5S*,6aR*,7R*,8R*,9S*,10S*,10aR*)-1,10-Bis(acetyloxy)-5-methoxy-7,8-dimethyl-7-[(2Z)-3-methylpenta-2,4-dien-1-yl]-3,5,6,6a,7,8,9,10-octahydronaphtho[1,8a-c]furan-3,9-diyl Dibutanoate', 'germacrene D', '6-pentadecylsalicylic acid', 'Casearupestrin A', '2-oxo-piperol B; (7S*, 8R*, 1R*, 3R*)-3,4,5-trimethoxy-3,7-cyclo-8,1-neolig-8-ene-2,4(3H)-dione', 'taxifolin', ""(2'S)-2-(propan-2'-ol)-5-hydroxy-benzopyran-4-one"", 'Rel-(+)-(7S,9R,10S)-3,9,12-trihydroxycalamenene', ""Myrsinoic acid A, 3-Geranyl-4-hydroxy-5-(3'',3''-dimethylallyl)benzoic acid"", '20α-Hydroxymaytenin; 20-hydroxy-20-epi-tingenone', '(-)-Epigallocatechin-3-O-gallate', 'Casearin D; (1R*,3S*,5S*,6aR*,7R*,8R*,9S*,10S*,10aR*)-1-(Acetyloxy)-3,5,6,6a,7,8,9,10-octahydro-5,10-dihydroxy-7,8-dimethyl-7-[(2Z)-3-methylpenta-2,4-dien-1-yl]naphtho[1,8a-c]furan-3,9-diyl Dibutanoate', 'Rel. (+)-(7S,10S) 3,12-dihydroxycalamenene', 'carlinoside', 'Methyl-8-(ethanoyloxy)-2,2-dimethyl-2H-chromene-6-carboxylate', 'arjunolic acid', 'stachysterone', 'Ethyl 2,4-dihydroxy-5,6-dimethylbenzoate', 'Amentoflavone 7”,4”’-dimethyl ether', 'Picramnioside F', 'Lauryl gallate', 'Syringaldehyde', '4-Nerolidilcatechol', ""2-(2'-O-transcoumaroyl)-C-β-D-glucopyranosyl-1,3,6,7-tetrahydroxyxanthone"", '22-hydroxytirucalla-7,24-diene-2,3-dione', 'Trans-3’-methylsulphonylallyl trans-cinnamate', '(3-(2-(4-hydroxyphenyl)-2-oxoethyl)-5,6-dihydropyridin- 2(1H)-one)', 'Mangiferin', 'Salacin', 'Viburgenin', ""Pterogynoside; Kaempferol-3-O-(3''-O-4'''-methylgallate-α-L-rhamnoside)"", 'Isobutyl gallate', '7′-multijuguinone', 'Griseofulvin', ""7-Hydroxy-4',6-dimethoxyisoflavone; Afrormosin; Afromosin"", '8-methoxymellein', '(±)-Syringaresinol', 'Cyclo-(L-Pro-L-Val)', 'Acetonide of odoratol', 'Methyl-2,2-dimethylchroman-6-carboxylate', 'Fagaramide', 'Chalepin', 'Chlorogenic acid', '(4R)-4,8-dihydroxy-α-tetralone', 'Kaempferol', '3-O-β-D-quinovopyranosyl quinovic acid', '2-hydroxyphenylacetic acid']]",doi_name
"['10.1021/np070312g', '(+)-3-O-feruloylcassine']","['10.1021/np070312g', ['Teucrein', 'Apodanthoside', 'Galioside', '11-O-trans-feruloylteucrein', 'Galioside aglicone', 'Hinesol', 'guaiol', 'γ-eudesmol', 'α-eudesmol', ""2-(1'-pentenyl)-Quinoline"", ""2-(3',4'-methylenedioxyphenylethyl)-Quinoline"", '2-n-Propylquinoline', '2-n-Pentylquinoline', 'Verrucosin', 'Epi-guaiacin', '7-Methyl-sargachromenol; 2,7,8-Trimethyl-2-[(3-E,7-Z)-4,12-dimethyl-8-carboxyl-3,7,11-tridecatrienyl]-3-chromen-6-ol, β-caroteno', 'Nectandrin B', '9-hydroxyeugenin', 'Mycoleptone A', 'Austdiol diacetate', 'Austdiol', 'Mycoleptone B', 'Eugenitin', '6-methoxyeugenin', 'Mycoleptone A tetraacetate', 'Secoxyloganin', '7-Methoxydiderroside', 'Diderroside', ""6'-Acetyl-β-D-glucopyranosyldiderroside"", 'Xanthyletin', '5,7-dimethoxy-2,2-dimethyl-2H-1-benzopyran-6-propanoate', ""3',4'-methylenedioxy-5,6,7- trimethoxyflavone"", ""2'-hydroxy-3,4,4'-trimethoxy-5',6'-(2'',2''-dimethylpyrano)-chalcone"", ""3',4'-methylenedioxy-5,5',6,7-tetramethoxyflavone"", ""3',4'-methylenedioxy-5,7-dimethoxyflavone"", 'Catechin, Ent-catechin', 'Kaempferol-3-O-rutinoside', 'Kaempferol-3-O-α-L-rhamnopyranosyl-(1→6)-β-D-galactopyranoside', 'Kaempferol-3-O-α-L-rhamnopyranosyl-(1-6)-α-L-rhamnopyranosyl-(1-4)-β-D-glucopyranoside', 'Quercetin-3-O-α-L-rhamnopyranosyl-(1→6)-β-D-galactopyranoside', 'Kaempferol-3-O-D-galactopyranoside', 'Procyanidin B-3', 'Kaempferol-3-O-D-glucopyranoside', '6-Hydroxy-rutin', ""Rel-(7R,8S,7'S,8'S)-9-hydroxy-4',5'-methylenedioxy-3,4,5,3'-tetramethoxy-7,7'-epoxylignan"", ""Rel-(7R,8S,7'S,8'S)-4',5'-methylenedioxy-3,4,5,3'-tetramethoxy-7,7'-epoxylignan"", ""Rel-(7R,8S,7'S,8'S)-4-hydroxy-4',5'-methylenedioxy-3,5,3'-trimethoxy-7,7'-epoxylignan"", ""Rel-(7R,8S,7'S,8'S)-4'-hydroxy-3,4,5,3',5'-pentamethoxy-7,7'-epoxylignan"", ""Rel-(7R,8S,7'S,8'S)-4,5,4',5'-dimethylenedioxy-3,3'-dimethoxy-7,7'-epoxylignan"", 'Chlorogenic acid methyl ester, Methyl (1S,3R,4R,5R)-3-{[(2E)-3-(3,4-dihydroxyphenyl)-2-propenoyl]oxy}-1,4,5-trihydroxycyclohexanecarboxylate', 'Taraxerol acetate', ""3,4-dimethyl-2-(4'-hydroxy-3',5'-dimethoxyphenyl)-5-methoxy-tetrahydrofuran"", 'β-Gardiol', 'α-Gardiol', 'Ferulic acid', 'cyclo (L)-Pro-Gly', 'Isopimpinellin', 'Tagitinin C', '1-methoxy-3-hydroxy-3,10b-4,5a-diepoxy-8b-isobutyroyloxygermacr-11(13)-en-6a,12-olide', '2,3-dihydro-4,9-dihydroxy-2-(2-hydroxy-propan-2-yl)- 11-methoxy-10-methylfuro[3,2-b]acridin-5(10H)-one', 'Citibrasine', 'bis-5-hydroxyacronycine', '17-(3,4-Methylenedioxyphenyl)-heptadecanoic acid', '21´-(3,4-Methylenedioxyphenyl)-henicosanoic acid', 'Sargaquinoic acid', '19´-(3,4-Methylenedioxyphenyl)-nonadecanoic acid', 'Sargachromenol', ""7,4'-Dihydroxyflavone"", '(+)-Guaiacin', 'Farnisine', ""7,4'-Dimethoxyflavone"", 'Tithonine', ""Juruenolic acid; 2-(4'-Methylpentenyl-3)-10-oxoundecan-2,6-dienoic acid"", 'Fasciculiferin', ""3',4',5',3,5,7,8-heptamethoxyflavone"", ""3,5,6,7,3',4',5'-heptamethoxyflavonol"", 'Pellitorine', '(3Z,5Z)-N-isobutyl-8-(30,40-methylenedioxy-phenyl)-heptadienamide', '4,5-dihydropiperlonguminine; Piperlonguminine', 'Piperine', '4,5-dihydropiperyline', '8,9-dihydropiplartine; N-(12,13,14-trimethoxydihydrocinnamoyl)-Δ3-pyridin-2-one', '(Z)-piplartine; 8(Z)-N-(12,13, 14-trimethoxycinnamoyl)- 3-pyridin-2-one', ""N-[3-(6'-methoxy-3',4'-methy-lenedioxyphenyl)-2(Z)-propenoyl]pyrrolidine"", '10,11-dihydropiperine; Δα,β-dihydropiperine', '(E)-piplartine', '(+)-α-Hydroxyerysotrine', '(+)-11α-Hydroxyerythravine', '(+)-Erythravine', '(-)-3-O-acetyl-spectaline', '21β,25-dimethylmelianodiol', '21α,25-dimethylmelianodiol', '3,21-Di-epi-feroniellide B', ""4-Methoxy-3-(3',7'-dimethylocta-2'-E-6'-dienyl)benzoic acid"", ""3-(3',7 '-dimethyl-2',6 '-octadienyl)-4-methoxy-benzoic acid"", 'Methyl-8-hydroxy-2,2-dimethyl-2H-chromene-6-carboxylate', 'Nitensidine E', 'Nitensidine D', 'Aphidicolin', 'acacetin', 'p-hydroxybenzoic acid', 'penduletin 4-O-methyl ether', '3,3-O-dimethylquercetin', 'Chrysoeriol', '3-O-methylquercetin', '3,7,4-O-trimethylkaempferol', '2α,3α-dihydroxyolean-12- en-28-oic acid', '2α,3α,19α- trihydroxyurs-12-en-28-oic acid', 'Methyl (3R,4R,5R)-3-{[(2Z)-3-(3,4-dihydroxyphenyl)-2-propenoyl]oxy}-1,4,5-trihydroxycyclohexanecarboxylate', 'Methyl (3R,4R,5R)-3-{[(2E)-3-(3,4-dihydroxyphenyl)-2-propenoyl]oxy}-1,4,5-trihydroxycyclohexanecarboxylate', '4-metoxi-6-[2-(metilamino)fenil]- 2H-piran-2-ona', ""Hostmaniene; 4-Hydroxy-3-(2',3'-dihydroxy-3'-methylbutyl)benzoate"", '3,4,5-Trimethoxydihydrocinnamic acid', ""Methyl 4-hydroxy-3-(3'-methyl-2'-butenyl)benzoate"", ""Methyl taboganate; Methyl 4-hydroxy-3-(3'-methyl-1'-oxo-2'-butenyl)benzoate"", 'Piperaduncine B', ""4-Hydroxy-3-(3',7'-dimethylocta-2'-E-6'-dienyl)benzoic acid"", 'Methyl 2,2-dimethyl-1-oxo-2H-1-benzopyran-6-carboxylate', ""2',6'-Dihydroxy-4'-methoxydihydrochalcone"", ""4-Hydroxy-(3',7'-dimethyl-1'-oxo-octa-2'-Z-6'-dienyl)benzoic acid"", ""Aduncumene; Methyl 2-methoxy-5-(3'-methyl-1'-oxo-2'-butenyl)benzoate"", ""Methyl 4-hydroxy-3-(3'-methyl-2'-hydroxy-3'-butenyl)benzoate"", 'Harman-3-carboxylic acid', 'Cordifoline', 'Turbinatine', '3,4-dehydrostrictosidine acid', '5α-carboxystrictosidine', '3,4-dehydro-strictosidine', 'Strictosidine acid', 'Deoxycordifoline', 'Beauvericin', 'Anhydrofusarubin', '5,7-dimethoxy-2,2-dimethyl-2H-1-benzopyran-6-propanoic acid', 'Stearic acid 4-pentoyloxyphenethyl ester', '5-hydroxynoracronycine; Atalaphyllidine', 'Citrusinine-I', 'Glycocitrine-IV', 'Glycocitrine-I', '1,3,5-trihydroxy-4-methoxy-10-methyl- 2,8-bis(3-methylbut-2-enyl)acridin-9(10H)-one', '3,4-dihydro-3,5,8-trihydroxy-6-methoxy-2,2,7-trimethyl-2Hpyrano[ 2,3-a]acridin-12(7H)-one', 'Pyranofoline', 'Citrusinine-II', '1,3,5-trihydroxy- 2,8-bis(3-methylbut-2-enyl)-10-methyl-9-acridone', 'astilbin; Rel-(2R, 3R)-dihydroquercetin-3-O-±-L-rhamnoside', ""4-Hydroxy-3-(3',7'-dimethyl-3'-hydroxy-1'-oxo-6'-octenyl)benzoic acid"", ""Sakuranetin; 5,4'-dihydroxy-7-methoxyflavanone"", ""1,4-Dihydroxy-2-(3',7'-dimethyl-1'-oxo-2'-E-6'-octadienyl)benzene"", ""4-Hydroxy-(3',7'-dimethyl-1'-oxo-octa-2'-E-6'-dienyl)benzoic acid"", ""Isosakuranetin; 5,7-dihydroxy-4'-methoxyflavanone"", ""Isoswertisin-2''α1-L-rhamnoside"", '2-Episesalatin', 'Clusifoliol', ""Isoswertisin-4'-methyl-ether-2''α-L-rhamnoside"", 'Sesartemin', 'Methacrylic acid', 'Pimara-7,15-dien-3β-ol', '8-hydroxy-6-methoxy-3-methylisocoumarin', 'Ergosterol peroxide', 'Dimethyl terephthalate', '(22E,24R)-ergosta-4,6,8(14),22-tetraen-3-one', 'Hispidol A', 'Nilocetin', 'Piscidinol A', 'Oleanonic acid', 'Iso-odoratol', '3,11-dioxoolean-12-en-28- onic acid', 'Pentaol', 'cryptomeridiol', 'β-caryophyllene, trans-caryophyllene', 'Cusculine; 1,2,3,5,6-pentamethoxy-9-acridone', 'Cuspanine; 1-hydroxy-2,3,5,6-tetramethoxy-9-acridone', '2α,3α-Dihydroxy-urs-12-en-28-oic acid', 'Oleanolic acid 3-sophoroside', '3-O-β-D-(6’-methyl)-glucopyranosyl-28-O-β-D-glucopyranosyl-oleanate', 'β-Sitosterol benzoate', '5-hydroxyflavone', '2-phenyl-4H-chromen-4-one', 'Haplotusine', 'Sinapyl 4-O-β-D-glucopyranoside aldehyde', 'N-acetylnonaine', 'Liriodenine', 'Sinapyl 4-O-β-D-glucopyranoside alcohol', '[10]-gingerol', ""2,4-Dihydroxy-6-[(1'E,3'E)-penta-1', 3'-dienyl]-benzaldehyde"", '2-methyl-5-[8(Z)-pentadecenyl]resorcinol', 'Kaempferol', '2-hydroxyphenylacetic acid', '3-O-β-D-quinovopyranosyl quinovic acid', '(4R)-4,8-dihydroxy-α-tetralone', 'scillascillin', 'Chlorogenic acid', 'Chalepin', 'Nitensidine A', 'Fagaramide', 'Quercitrin, 3-O-α-rhamnosylquercetin', 'Caseobliquin A', 'Methyl angolensate', ""5-(3'' -Hydroxypropyl)-7-methoxy-2-(3',4' -methyl-enedioxyphenyl)benzofuran"", '19,20-Epoxycytochalasin N', 'ellagic acid 4-O-α-L-rhamnopyranoside; eschweilenol C', 'Mayoside C', 'Ourateacatechin', ""3',4',5',5,7-pentamethoxyflavone"", '2-methyl-5-pentadecylresorcinol', '3β-hydroxy-stigmast-5-en-7-one; 24-β-7-oxositosterol', 'Gallic acid; 3,4,5-trihydroxybenzoic acid', '(3-(2-(4-hydroxyphenyl)-2-oxoethyl)-5,6-dihydropyridin- 2(1H)-one)', 'Mangiferin', 'Viburgenin', ""Pterogynoside; Kaempferol-3-O-(3''-O-4'''-methylgallate-α-L-rhamnoside)"", 'Isobutyl gallate', '7′-multijuguinone', 'Griseofulvin', ""7-Hydroxy-4',6-dimethoxyisoflavone; Afrormosin; Afromosin"", 'Tetrahydropiperyline, N-[10-(13,14-methylenedioxyphenyl)-pentanoyl]-pyrrolidine', 'Piperovatine', '2,4,6-trimethoxybenzoic acid', '1-O-(E)-caffeoyl-β-D-glucopyranoside', 'Ocotillone', 'des-N-methylnoracronycine', 'Sorbifolin 6-O-β-glucopyranoside', 'Rel-2α-hydroxyzuelanin-6β-benzoate', '2,6-di-O-acetylcasearupestrin D', ""Methyl-2,2-dimethyl-8-(3'-methylbut-2'-enyl)chroman-6-carboxylate"", '2,7-Di-O-acetylcasearupestrin A', 'Cognatine', ""8-hydroxy-3,5,7,3',4',5'-hexamethoxyflavonol"", 'Odoratol', 'Leptomerine', '5-hydroxy-N-methylseverifoline', '5-[8(Z),11(Z),14-pentadecatrienyl]resorcinol', 'Maculosidine', 'Podocarpusflavone A', 'Casearupestrin C', '6α-malonyloxy-n-butyl ester manoyl oxide', 'citrusinine-I', 'Ricinine', 'Leptophyllin A', '5-pentadecylresorcinol', 'Piperol B', '(-)-Hardwickiic acid', ""5-[3''-(β-D-glucopyranosyloxy)propyl]-7-methoxy-2-(3',4'-methylenedioxyphenyl)benzofuran"", 'n-Propyl gallate', ""3',4',5',5,7,8-hexamethoxyflavone"", 'Isopropyl gallate', '6β-hydroxy-7-epigardoside methyl ester', '28-O-β-D-glucopyranosyl quinovic acid', '2-Methyl-4-hydroxy-butyl caffeoate', 'N-1,N-2,N-3-Triisopentenylguanidine', 'Dibenzyl trisulphide', 'Maytenin, Tingenone', '19,20-Epoxycytochalasin D', 'fumiquinozoline F', 'Kaempferol 3-O-α-L-rhamnopyranosyl (1→6)-O-[β -D-glucopyranosyl (1→3)-O-α-L-rhamnopyranosyl-(1→2)]-O-β -D-glucopyranosyl', '3β-O-[α-L-rhamnopyranosyl-(1→2)-O-β-D-glucopyranosyl-(1→2)-O-β-D-glucopyranosyl]-28-O-β-D-glucopyranoside pomolate', 'Dibenzyl tetrasulphide', ""2',5-dihydroxy-3-methoxy-8-dimethylallyl-6, 7-(2' ',2''-dimethylpyrano)-dihydroflavonol"", '2-n-nonyl-4-quinolone', 'Cytochalasin D', 'Isoorientin', 'Nitensidine B', '1-methyl-2-n-nonyl-4-quinolone', 'toonacilin', 'Uracil', 'urauchimycin A', 'p-Coumaric acid', '(-)-Epigallocatechin', 'Netzahualcoyonol', '1-[3-(3,7-dimethylocta-2,6-dien-1-yl)-2,4,6- trihydroxyphenyl]-3-(4-hydroxyphenyl)propan-1-one', '6α-malonyloxymanoyl oxide', 'Benzylhydroxymethyl sulphide', '1,6-di-O-caffeoyl-β-D-glucopyranoside', '2-methyl-5-[8(Z),11(Z),14-pentadecatrienyl]resorcinol', 'urauchimycin B', 'Homoegonol', '[8]-gingerol', '4-Hydroxymellein', '5-hydroxymellein', 'Pristimerin; 20α-3-hydroxy-2-oxo-24-nor-friedela-1-10,3,5,7-tetraen-carboxylic acid-29-methylester', '3,4,5-trimethoxyphenyl 1-O-β-D-apiofuranosyl-(1→6)-O-β-D-glucopyranoside', 'fraxinellonone', 'Dibenzyl sulphide', '(-) Cis-4-hydroxy-6-deoxyscytalone', 'Plumericin', '5-[8(Z),11(Z)-pentadecadienyl]resorcinol', '(-)-Spectalinine', '20-hydroxyecdysone; polypodine A', '3-Acetyl aleuritolic acid', 'Alkenoic acid', 'Quercetin 3-O-α-L-rhamnopyranosyl (1→6)-O-[β -D-glucopyranosyl (1→3)-O-α-L-rhamnopyranosyl-(1→2)]-O-β -D-glucopyranosyl', 'Heveaflavone', 'Arboreumine', '3-Oxoursolic acid', 'Casearupestrin B', 'ω-fenil alcanoic acid', '2-butyl-D-fructofuranoside', ""Gaudichaudianic acid; (2S)-2-methyl-2-(4'methyl-3'-pentenyl)-8-(3''-methyl-2-butenyl)- 2H-1-benzopyran-6-carboxylic acid"", 'Pedalitin', '1-O-(E)-feruloyl-β-D-glucopyranoside', '19,20-Epoxycytochalasin C', 'n-Pentyl gallate', 'Orcinol', 'Periconicin B', 'Phomopsilactone', ""(2S)-8-Isopentyl-2-methyl-2-(4'-methylpentyl)chroman-6-carboxylic acid"", '2,2-dimethyl-2H-chromene-6-carboxylic acid', '1,2-dihydro- 3β-hydroxy-7-deacetoxy-7-oxogedunin', 'Photogedunin', 'Casearin X; (1R*,3S*,5S*,6aR*,7S*,8S*,10R*,10aR*)-1-(Acetyloxy)-3,5,6,6a,7,8,9,10-octahydro-10-hydroxy-7,8-dimethyl-7-[(2Z)-3-methylpenta-2,4-dien-1-yl]naphtho[1,8a-c]furan-3,5-diyl Dibutanoate', 'Netzahualcoyondiol', 'Isoplumericin', 'Skimmianine', 'p-hydroxybenzoic acid-geranyl ester', 'Dibenzyl disulphide', 'β-photogedunin', 'n-Butyl gallate', ""5-[3''-(β-D-glucopyranosyloxy)propyl]-7-methoxy-2-(3',4'-dimethoxyphenyl)benzofuran"", '3,12-Dihydroxycadalene', '7-hydroxy-3- (11-dimethylallyl)-8-methoxycoumarin', ""N-[7-(3',4'-methylenedioxyphenyl)-2(Z),4(Z)-heptadienoyl]pyrrolidine"", ""Acteoside; [β-3,4-dihydroxyphenyl)-ethyl]-(3'-O-α-L-rhamnopyranosyl)-(4'-O-cafeoyl)-β-D-glycopyranoside, verbascoside"", 'α-L-xylopyranosyl-(4""→20)-(3-O-β-D-glucopyranosyl)-1\'-O-E-caffeoyl-β-D-glucopyranoside', ""2-(R)-Methyl-6-(S)-(tetradecyl-13'-one)-3(R)-O-tert-butyldimethylsilyl-piperidine"", '(2S)-Methyl-2-methyl-8-(3""-methylbut-2""-enyl)-2-(4\'-methylpent-3\'-enyl)-2H-chromene-6-carboxylate', 'Casearin T', 'Piperyline, N-[10-(13,14-methylenedioxyphenyl)-7(E),9(E)-pentadienoyl]-pyrrolidine', '5-[8(Z)-pentadecenyl]resorcinol', 'Luteolin; 2-(3,4-dihydroxyphenyl)-5,7-dihydroxy-4H-chromen-4-one', 'Sinapic acid', '19,20-Epoxycytochalasin Q', '19,20-Epoxycytochalasin R', 'Muraxanthone', 'limonexic acid', 'Di(benzyltrithio) methane', '3,11,12-Trihydroxycadalene', 'Quercetin 3-O-sophoroside', '(3R,4R)-3,4-Dihydro-4,6-dihydroxy-3-methyl-1-oxo-1H-isochromene-5-carboxylic acid', '24-methylene-3,22-dihydroxycholesterol', 'amorphispironone', 'Casearupestrin D', 'Chaetoglobosin B', ""2-(2'-O-benzoyl)-C-β-D-glucopyranosyl-1,3,6,7-tetrahydroxyxanthone"", '2-Methyl-5-methoxy-benzopyran-4-one', '3,4-dihydroxybenzoic acid geranyl ester', '6α-acetoxy-14β,15β-epoxyazadirone', 'epoxy-fraxinellone', '12′-hydroxy-7′-multijuguinone', 'Kaempferitrin', 'Nitensidine C', 'Proanthocyanidin', 'neoisoastilbin', '(R)-7-Hydroxymellein', '6α-acetoxymanoyl oxide', 'Methyl-8-hydroxy-2,2-dimethylchroman-6-carboxylate', 'N-[10-(13,14-methylenedioxyphenyl)-7(E),9(Z)-pentadienoyl]-pyrrolidine', '6-[8(Z)-pentadecenyl]salicylic acid', '(2S)-2-methyl-8-(3""-methylbut-2""-enyl)-2-(4\'-methylpent-3\'-enyl)-2H-chromene-6-carboxylic acid', 'Burchellin', 'Gedunin', 'Pedalin, pedalitin 6-O-β -glucopyranoside', 'Caseargrewiin F; (1R*,3S*,5S*,6aR*,7S*,8R*,10R*,10aR*)-1,3-Bis(acetyloxy)-3,5,6,6a,7,8,9,10-octahydro-10-hydroxy-7,8-dimethyl-7-[(2Z)-3-methylpenta-2,4-dien-1-yl]naphtho[1,8a-c]furan-5-yl Butanoate', 'Casearin L; (1R*,3S*,5S*,6aR*,7R*,8R*,9S*,10S*,10aR*)-1,10-Bis(acetyloxy)-3,5,6,6a,7,8,9,10-octahydro-9-hydroxy-5-methoxy-7,8-dimethyl-7-[(2Z)-3-methylpenta-2,4-dien-1-yl]naphtho[1,8a-c]-furan-3-yl Butanoate', 'Platydesmine', 'Leiokinine A', 'Cabraleadiol', 'schaftoside', ""(2S)-Methyl-8-isopentyl-2-methyl-2-(4'-methylpentyl)chroman-6-carboxylate"", '3,4,5-Triacetoxybenzoic acid', 'Odoratone', 'Rel-6β-hydroxyzuelanin-2β-benzoate', 'shidasterone', '5-hydroxymethyl- 2-furancarboxaldehyde; 5-hydroxymethyl-2-furfuraldehyde', 'atalaphyllinine', 'N-[10- (13,14-methylenedioxyphenyl)-7(E)-pentaenoyl]-pyrrolidine', 'Casearin S', '11β-acetoxyobacunone', '1-(5,7-dihydroxy-2,2-dimethylchroman- 6-yl)-3-[4-hydroxy-3-(3-methylbut-2-en-1-yl)- phenyl]propan-1-one', '(3R,4R)-4,7-Dihydroxymellein', ""Nitensoside B; Pedalitin 6-O-α-rhamnopyranosyl(1'''→6'')-β-glucopyranoside"", 'Methyl gallate', '3-O-β-D-quinovopyranosyl cincholic acid', 'Afzelin, 3-O-α-rhamnosyl kaempferol', 'Egonol', '4-Nerolidilcatechol', 'Dipropyl disulphide', '2-methyl-5-[8(Z),11(Z)-pentadecadienyl]resorcinol', 'Methyl 6,7,8-trimethoxydihydrocinnamate', '2-Hexyl-3-methyl-butanodioic acid', 'fraxinellone', '6-[ 8(Z),11(Z) -pentadecadienyl] salicylic acid', 'Methyl-2,2-dimethylchroman-6-carboxylate', ""Myrsinoic acid A, 3-Geranyl-4-hydroxy-5-(3'',3''-dimethylallyl)benzoic acid"", '20α-Hydroxymaytenin; 20-hydroxy-20-epi-tingenone', '(-)-Epigallocatechin-3-O-gallate', 'Casearin D; (1R*,3S*,5S*,6aR*,7R*,8R*,9S*,10S*,10aR*)-1-(Acetyloxy)-3,5,6,6a,7,8,9,10-octahydro-5,10-dihydroxy-7,8-dimethyl-7-[(2Z)-3-methylpenta-2,4-dien-1-yl]naphtho[1,8a-c]furan-3,9-diyl Dibutanoate', 'Rel. (+)-(7S,10S) 3,12-dihydroxycalamenene', 'carlinoside', 'Methyl-8-(ethanoyloxy)-2,2-dimethyl-2H-chromene-6-carboxylate', 'Amentoflavone', '1-(5,7-dihydroxy-2,2-dimethylchroman-6-yl)-3-(1,1,4a-trimethyl-2,3,4,4a,9a-hexahydro-1H-xanthen-7-yl)propan-1-one', 'Methyl (E)-6,7,8-trimethoxycinnamate', 'Casearupestrin A', '2-oxo-piperol B; (7S*, 8R*, 1R*, 3R*)-3,4,5-trimethoxy-3,7-cyclo-8,1-neolig-8-ene-2,4(3H)-dione', 'taxifolin', ""(2'S)-2-(propan-2'-ol)-5-hydroxy-benzopyran-4-one"", 'Rel-(+)-(7S,9R,10S)-3,9,12-trihydroxycalamenene', 'germacrene D', '2β-Hydroxyzuelanin-6β-cinnamate', 'arjunolic acid', 'stachysterone', 'Ethyl 2,4-dihydroxy-5,6-dimethylbenzoate', 'Amentoflavone 7”,4”’-dimethyl ether', 'Picramnioside F', 'Lauryl gallate', 'Syringaldehyde', '22-hydroxytirucalla-7,24-diene-2,3-dione', 'Trans-3’-methylsulphonylallyl trans-cinnamate', ""2-(2'-O-transcoumaroyl)-C-β-D-glucopyranosyl-1,3,6,7-tetrahydroxyxanthone"", 'Syringic acid', '(+)-3-O-feruloylcassine', 'Salacin', '6-pentadecylsalicylic acid', '22β-hydroxypristimerin', '1- (5,7-dihydroxy-2,2-dimethylchroman-6-yl)-3-(2,2-dimethylchroman- 6-yl)propan-1-one', 'Canavaline', 'Di-hydrodehydrodiconiferyl alcohol', 'Quercetin', ""2-(2'-O-trans-cinnamoyl)-C-β-D-glucopyranosyl-1,3,6,7-tetrahydroxyxanthone"", 'Kokusaginine', ""2-(2'-O-trans-caffeoyl)-C-β-D-glucopyranosyl-1,3,6,7-tetrahydroxyxanthone"", 'Netzahualcoyene', 'Casearin X Dialdehyde; (2R*,4aS*,5S*,7R*,8R*,8aS*)-4,4a-Diformyl-1,2,4a,5,6,7,8,8a-octahydro-5-hydroxy-7,8-dimethyl-8-[(2Z)-3-methylpenta-2,4-dien-1-yl]naphthalen-2-yl Butanoate', 'polypodine B', '3,4,5-Trimethoxyphenyl-1-O-β-D-(5-O-syringoyl)-apiofuranosyl-(1→6)-β-D-glucopyranoside', '6-[8(Z),11(Z),14-pentadecatrienyl]salicylic acid', 'Sorbifolin', ""Nitensoside A; Sorbifolin 6-O-α-rhamnopyranosyl(1'''→6'')-β-glucopyranoside"", 'Casearin O; (1R*,3S*,5S*,6aR*,7R*,8R*,9S*,10S*,10aR*)-1,10-Bis(acetyloxy)-5-methoxy-7,8-dimethyl-7-[(2Z)-3-methylpenta-2,4-dien-1-yl]-3,5,6,6a,7,8,9,10-octahydronaphtho[1,8a-c]furan-3,9-diyl Dibutanoate', '8-methoxymellein', '(±)-Syringaresinol', 'Cyclo-(L-Pro-L-Val)', 'Acetonide of odoratol', '(−)-Grandisin', '24-methylenecycloartan-3b-ol', 'Ixoside']]",doi_name
"['10.2174/187152010794728620', 'Odoratol']","['10.2174/187152010794728620', ['guaiol', 'γ-eudesmol', 'Hinesol', 'α-eudesmol', '2,3-dihydro-4,9-dihydroxy-2-(2-hydroxy-propan-2-yl)- 11-methoxy-10-methylfuro[3,2-b]acridin-5(10H)-one', 'Citibrasine', 'bis-5-hydroxyacronycine', '11-O-trans-feruloylteucrein', 'Teucrein', 'Galioside aglicone', 'Galioside', 'Apodanthoside', 'Chlorogenic acid methyl ester, Methyl (1S,3R,4R,5R)-3-{[(2E)-3-(3,4-dihydroxyphenyl)-2-propenoyl]oxy}-1,4,5-trihydroxycyclohexanecarboxylate', '21β,25-dimethylmelianodiol', '21α,25-dimethylmelianodiol', '3,21-Di-epi-feroniellide B', '5-hydroxynoracronycine; Atalaphyllidine', '3,4-dihydro-3,5,8-trihydroxy-6-methoxy-2,2,7-trimethyl-2Hpyrano[ 2,3-a]acridin-12(7H)-one', 'Glycocitrine-IV', 'Citrusinine-II', '1,3,5-trihydroxy- 2,8-bis(3-methylbut-2-enyl)-10-methyl-9-acridone', 'Citrusinine-I', 'Pyranofoline', '1,3,5-trihydroxy-4-methoxy-10-methyl- 2,8-bis(3-methylbut-2-enyl)acridin-9(10H)-one', 'Glycocitrine-I', 'astilbin; Rel-(2R, 3R)-dihydroquercetin-3-O-±-L-rhamnoside', 'Beauvericin', 'Anhydrofusarubin', 'Stearic acid 4-pentoyloxyphenethyl ester', '(-)-3-O-acetyl-spectaline', 'cryptomeridiol', '3,11-dioxoolean-12-en-28- onic acid', 'Piscidinol A', 'Oleanonic acid', 'Pentaol', 'Iso-odoratol', 'Nilocetin', 'Hispidol A', ""Isoswertisin-4'-methyl-ether-2''α-L-rhamnoside"", 'Clusifoliol', 'Sesartemin', ""Isoswertisin-2''α1-L-rhamnoside"", '2-Episesalatin', 'Aphidicolin', '5,7-dimethoxy-2,2-dimethyl-2H-1-benzopyran-6-propanoate', ""3,4-dimethyl-2-(4'-hydroxy-3',5'-dimethoxyphenyl)-5-methoxy-tetrahydrofuran"", 'Taraxerol acetate', '2α,3α,19α- trihydroxyurs-12-en-28-oic acid', 'penduletin 4-O-methyl ether', '3,3-O-dimethylquercetin', 'Chrysoeriol', 'acacetin', '3-O-methylquercetin', 'p-hydroxybenzoic acid', '2α,3α-dihydroxyolean-12- en-28-oic acid', '3,7,4-O-trimethylkaempferol', ""Aduncumene; Methyl 2-methoxy-5-(3'-methyl-1'-oxo-2'-butenyl)benzoate"", ""Methyl taboganate; Methyl 4-hydroxy-3-(3'-methyl-1'-oxo-2'-butenyl)benzoate"", 'Methyl 2,2-dimethyl-1-oxo-2H-1-benzopyran-6-carboxylate', ""2',6'-Dihydroxy-4'-methoxydihydrochalcone"", ""Methyl 4-hydroxy-3-(3'-methyl-2'-butenyl)benzoate"", '3,4,5-Trimethoxydihydrocinnamic acid', ""Methyl 4-hydroxy-3-(3'-methyl-2'-hydroxy-3'-butenyl)benzoate"", 'Piperaduncine B', ""4-Hydroxy-(3',7'-dimethyl-1'-oxo-octa-2'-Z-6'-dienyl)benzoic acid"", ""4-Hydroxy-3-(3',7'-dimethylocta-2'-E-6'-dienyl)benzoic acid"", ""Hostmaniene; 4-Hydroxy-3-(2',3'-dihydroxy-3'-methylbutyl)benzoate"", 'Xanthyletin', 'Secoxyloganin', '7-Methoxydiderroside', 'Diderroside', ""6'-Acetyl-β-D-glucopyranosyldiderroside"", '(+)-11α-Hydroxyerythravine', '(+)-Erythravine', '(+)-α-Hydroxyerysotrine', 'Strictosidine acid', 'Turbinatine', '3,4-dehydrostrictosidine acid', 'Harman-3-carboxylic acid', '3,4-dehydro-strictosidine', 'Cordifoline', '5α-carboxystrictosidine', 'Deoxycordifoline', ""2-(3',4'-methylenedioxyphenylethyl)-Quinoline"", '2-n-Propylquinoline', ""2-(1'-pentenyl)-Quinoline"", '2-n-Pentylquinoline', '4-metoxi-6-[2-(metilamino)fenil]- 2H-piran-2-ona', 'Methyl (3R,4R,5R)-3-{[(2Z)-3-(3,4-dihydroxyphenyl)-2-propenoyl]oxy}-1,4,5-trihydroxycyclohexanecarboxylate', 'Methyl (3R,4R,5R)-3-{[(2E)-3-(3,4-dihydroxyphenyl)-2-propenoyl]oxy}-1,4,5-trihydroxycyclohexanecarboxylate', ""2'-hydroxy-3,4,4'-trimethoxy-5',6'-(2'',2''-dimethylpyrano)-chalcone"", ""3',4'-methylenedioxy-5,6,7- trimethoxyflavone"", ""3',4'-methylenedioxy-5,5',6,7-tetramethoxyflavone"", ""3',4'-methylenedioxy-5,7-dimethoxyflavone"", '9-hydroxyeugenin', 'Mycoleptone A', 'Austdiol', 'Mycoleptone A tetraacetate', 'Mycoleptone B', 'Austdiol diacetate', '6-methoxyeugenin', 'Eugenitin', 'Nitensidine D', 'Nitensidine E', 'cyclo (L)-Pro-Gly', 'Pimara-7,15-dien-3β-ol', 'Ergosterol peroxide', '8-hydroxy-6-methoxy-3-methylisocoumarin', '(22E,24R)-ergosta-4,6,8(14),22-tetraen-3-one', 'Dimethyl terephthalate', ""4-Hydroxy-3-(3',7'-dimethyl-3'-hydroxy-1'-oxo-6'-octenyl)benzoic acid"", ""Sakuranetin; 5,4'-dihydroxy-7-methoxyflavanone"", ""1,4-Dihydroxy-2-(3',7'-dimethyl-1'-oxo-2'-E-6'-octadienyl)benzene"", ""4-Hydroxy-(3',7'-dimethyl-1'-oxo-octa-2'-E-6'-dienyl)benzoic acid"", ""Isosakuranetin; 5,7-dihydroxy-4'-methoxyflavanone"", ""4-Methoxy-3-(3',7'-dimethylocta-2'-E-6'-dienyl)benzoic acid"", ""3-(3',7 '-dimethyl-2',6 '-octadienyl)-4-methoxy-benzoic acid"", 'Methyl-8-hydroxy-2,2-dimethyl-2H-chromene-6-carboxylate', 'Methacrylic acid', 'Nectandrin B', 'Verrucosin', 'Epi-guaiacin', '7-Methyl-sargachromenol; 2,7,8-Trimethyl-2-[(3-E,7-Z)-4,12-dimethyl-8-carboxyl-3,7,11-tridecatrienyl]-3-chromen-6-ol, β-caroteno', 'α-Gardiol', 'β-Gardiol', 'Ferulic acid', 'Isopimpinellin', '1-methoxy-3-hydroxy-3,10b-4,5a-diepoxy-8b-isobutyroyloxygermacr-11(13)-en-6a,12-olide', 'Tagitinin C', '5,7-dimethoxy-2,2-dimethyl-2H-1-benzopyran-6-propanoic acid', ""Rel-(7R,8S,7'S,8'S)-4-hydroxy-4',5'-methylenedioxy-3,5,3'-trimethoxy-7,7'-epoxylignan"", ""Rel-(7R,8S,7'S,8'S)-4',5'-methylenedioxy-3,4,5,3'-tetramethoxy-7,7'-epoxylignan"", ""Rel-(7R,8S,7'S,8'S)-4,5,4',5'-dimethylenedioxy-3,3'-dimethoxy-7,7'-epoxylignan"", ""Rel-(7R,8S,7'S,8'S)-9-hydroxy-4',5'-methylenedioxy-3,4,5,3'-tetramethoxy-7,7'-epoxylignan"", ""Rel-(7R,8S,7'S,8'S)-4'-hydroxy-3,4,5,3',5'-pentamethoxy-7,7'-epoxylignan"", 'β-caryophyllene, trans-caryophyllene', ""3,5,6,7,3',4',5'-heptamethoxyflavonol"", ""3',4',5',3,5,7,8-heptamethoxyflavone"", '(+)-Guaiacin', 'Sargachromenol', ""7,4'-Dihydroxyflavone"", '21´-(3,4-Methylenedioxyphenyl)-henicosanoic acid', 'Sargaquinoic acid', ""7,4'-Dimethoxyflavone"", '17-(3,4-Methylenedioxyphenyl)-heptadecanoic acid', '19´-(3,4-Methylenedioxyphenyl)-nonadecanoic acid', 'Farnisine', 'Tithonine', ""Juruenolic acid; 2-(4'-Methylpentenyl-3)-10-oxoundecan-2,6-dienoic acid"", 'Fasciculiferin', 'Kaempferol-3-O-α-L-rhamnopyranosyl-(1→6)-β-D-galactopyranoside', 'Kaempferol-3-O-rutinoside', 'Catechin, Ent-catechin', 'Procyanidin B-3', '6-Hydroxy-rutin', 'Kaempferol-3-O-α-L-rhamnopyranosyl-(1-6)-α-L-rhamnopyranosyl-(1-4)-β-D-glucopyranoside', 'Kaempferol-3-O-D-glucopyranoside', 'Kaempferol-3-O-D-galactopyranoside', 'Quercetin-3-O-α-L-rhamnopyranosyl-(1→6)-β-D-galactopyranoside', ""N-[3-(6'-methoxy-3',4'-methy-lenedioxyphenyl)-2(Z)-propenoyl]pyrrolidine"", 'Piperine', '4,5-dihydropiperlonguminine; Piperlonguminine', '(Z)-piplartine; 8(Z)-N-(12,13, 14-trimethoxycinnamoyl)- 3-pyridin-2-one', '8,9-dihydropiplartine; N-(12,13,14-trimethoxydihydrocinnamoyl)-Δ3-pyridin-2-one', '4,5-dihydropiperyline', '(E)-piplartine', '10,11-dihydropiperine; Δα,β-dihydropiperine', '(3Z,5Z)-N-isobutyl-8-(30,40-methylenedioxy-phenyl)-heptadienamide', 'Pellitorine', 'Cuspanine; 1-hydroxy-2,3,5,6-tetramethoxy-9-acridone', 'Cusculine; 1,2,3,5,6-pentamethoxy-9-acridone', '2α,3α-Dihydroxy-urs-12-en-28-oic acid', 'Oleanolic acid 3-sophoroside', '3-O-β-D-(6’-methyl)-glucopyranosyl-28-O-β-D-glucopyranosyl-oleanate', 'Haplotusine', 'β-Sitosterol benzoate', '5-hydroxyflavone', '2-phenyl-4H-chromen-4-one', 'Sinapyl 4-O-β-D-glucopyranoside aldehyde', 'Sinapyl 4-O-β-D-glucopyranoside alcohol', 'Liriodenine', 'N-acetylnonaine', '[10]-gingerol', ""2,4-Dihydroxy-6-[(1'E,3'E)-penta-1', 3'-dienyl]-benzaldehyde"", '2-methyl-5-[8(Z)-pentadecenyl]resorcinol', '3β-hydroxy-stigmast-5-en-7-one; 24-β-7-oxositosterol', 'scillascillin', 'Piperol B', '(-)-Hardwickiic acid', ""5-[3''-(β-D-glucopyranosyloxy)propyl]-7-methoxy-2-(3',4'-methylenedioxyphenyl)benzofuran"", '28-O-β-D-glucopyranosyl quinovic acid', '2-Methyl-4-hydroxy-butyl caffeoate', 'N-1,N-2,N-3-Triisopentenylguanidine', 'Dibenzyl trisulphide', 'Maytenin, Tingenone', 'urauchimycin B', ""2-(2'-O-trans-caffeoyl)-C-β-D-glucopyranosyl-1,3,6,7-tetrahydroxyxanthone"", 'Netzahualcoyene', 'Nitensidine A', ""8-hydroxy-3,5,7,3',4',5'-hexamethoxyflavonol"", 'Odoratol', 'Leptomerine', '5-hydroxy-N-methylseverifoline', '19,20-Epoxycytochalasin N', 'ellagic acid 4-O-α-L-rhamnopyranoside; eschweilenol C', 'Mayoside C', 'Ourateacatechin', ""3',4',5',5,7-pentamethoxyflavone"", '2-methyl-5-pentadecylresorcinol', '(−)-Grandisin', '24-methylenecycloartan-3b-ol', 'Ixoside', '2β-Hydroxyzuelanin-6β-cinnamate', 'Cognatine', '5-[8(Z),11(Z)-pentadecadienyl]resorcinol', '(-)-Spectalinine', '1- (5,7-dihydroxy-2,2-dimethylchroman-6-yl)-3-(2,2-dimethylchroman- 6-yl)propan-1-one', 'Canavaline', 'Di-hydrodehydrodiconiferyl alcohol', 'Quercetin', ""2-(2'-O-trans-cinnamoyl)-C-β-D-glucopyranosyl-1,3,6,7-tetrahydroxyxanthone"", 'Kokusaginine', 'Ocotillone', 'des-N-methylnoracronycine', 'Sorbifolin 6-O-β-glucopyranoside', 'Rel-2α-hydroxyzuelanin-6β-benzoate', '2,6-di-O-acetylcasearupestrin D', ""Methyl-2,2-dimethyl-8-(3'-methylbut-2'-enyl)chroman-6-carboxylate"", '2,7-Di-O-acetylcasearupestrin A', 'Nitensidine B', '19,20-Epoxycytochalasin D', 'fumiquinozoline F', 'Kaempferol 3-O-α-L-rhamnopyranosyl (1→6)-O-[β -D-glucopyranosyl (1→3)-O-α-L-rhamnopyranosyl-(1→2)]-O-β -D-glucopyranosyl', '3β-O-[α-L-rhamnopyranosyl-(1→2)-O-β-D-glucopyranosyl-(1→2)-O-β-D-glucopyranosyl]-28-O-β-D-glucopyranoside pomolate', 'Dibenzyl tetrasulphide', '1-methyl-2-n-nonyl-4-quinolone', '5-[8(Z),11(Z),14-pentadecatrienyl]resorcinol', 'Gallic acid; 3,4,5-trihydroxybenzoic acid', 'Homoegonol', '[8]-gingerol', '4-Hydroxymellein', '5-hydroxymellein', 'fraxinellonone', 'Dibenzyl sulphide', '(-) Cis-4-hydroxy-6-deoxyscytalone', 'Plumericin', '(-)-Epigallocatechin', 'Netzahualcoyonol', '1-[3-(3,7-dimethylocta-2,6-dien-1-yl)-2,4,6- trihydroxyphenyl]-3-(4-hydroxyphenyl)propan-1-one', '6α-malonyloxymanoyl oxide', 'Benzylhydroxymethyl sulphide', '1,6-di-O-caffeoyl-β-D-glucopyranoside', '2-methyl-5-[8(Z),11(Z),14-pentadecatrienyl]resorcinol', 'Netzahualcoyondiol', 'Maculosidine', 'Podocarpusflavone A', 'Casearupestrin C', '6α-malonyloxy-n-butyl ester manoyl oxide', 'citrusinine-I', 'Ricinine', 'Leptophyllin A', '5-pentadecylresorcinol', '3,4,5-trimethoxyphenyl 1-O-β-D-apiofuranosyl-(1→6)-O-β-D-glucopyranoside', 'β-photogedunin', 'n-Butyl gallate', ""5-[3''-(β-D-glucopyranosyloxy)propyl]-7-methoxy-2-(3',4'-dimethoxyphenyl)benzofuran"", '3,12-Dihydroxycadalene', '7-hydroxy-3- (11-dimethylallyl)-8-methoxycoumarin', ""N-[7-(3',4'-methylenedioxyphenyl)-2(Z),4(Z)-heptadienoyl]pyrrolidine"", ""Acteoside; [β-3,4-dihydroxyphenyl)-ethyl]-(3'-O-α-L-rhamnopyranosyl)-(4'-O-cafeoyl)-β-D-glycopyranoside, verbascoside"", '20-hydroxyecdysone; polypodine A', '3-Acetyl aleuritolic acid', ""2',5-dihydroxy-3-methoxy-8-dimethylallyl-6, 7-(2' ',2''-dimethylpyrano)-dihydroflavonol"", '2-n-nonyl-4-quinolone', 'Cytochalasin D', 'Isoorientin', 'urauchimycin A', 'p-Coumaric acid', '22β-hydroxypristimerin', 'Alkenoic acid', 'Quercetin 3-O-α-L-rhamnopyranosyl (1→6)-O-[β -D-glucopyranosyl (1→3)-O-α-L-rhamnopyranosyl-(1→2)]-O-β -D-glucopyranosyl', 'Heveaflavone', 'Arboreumine', '3-Oxoursolic acid', 'Casearupestrin B', 'toonacilin', 'Uracil', '1-O-(E)-feruloyl-β-D-glucopyranoside', '19,20-Epoxycytochalasin C', 'n-Pentyl gallate', 'Orcinol', 'Periconicin B', 'Phomopsilactone', 'Pristimerin; 20α-3-hydroxy-2-oxo-24-nor-friedela-1-10,3,5,7-tetraen-carboxylic acid-29-methylester', 'limonexic acid', 'Pedalitin', 'Casearin X Dialdehyde; (2R*,4aS*,5S*,7R*,8R*,8aS*)-4,4a-Diformyl-1,2,4a,5,6,7,8,8a-octahydro-5-hydroxy-7,8-dimethyl-8-[(2Z)-3-methylpenta-2,4-dien-1-yl]naphthalen-2-yl Butanoate', 'polypodine B', 'n-Propyl gallate', ""3',4',5',5,7,8-hexamethoxyflavone"", 'Isopropyl gallate', '6β-hydroxy-7-epigardoside methyl ester', 'Tetrahydropiperyline, N-[10-(13,14-methylenedioxyphenyl)-pentanoyl]-pyrrolidine', 'Piperovatine', '2,4,6-trimethoxybenzoic acid', '1-O-(E)-caffeoyl-β-D-glucopyranoside', 'Quercitrin, 3-O-α-rhamnosylquercetin', 'Caseobliquin A', 'Methyl angolensate', ""5-(3'' -Hydroxypropyl)-7-methoxy-2-(3',4' -methyl-enedioxyphenyl)benzofuran"", 'Di(benzyltrithio) methane', '3,11,12-Trihydroxycadalene', 'Quercetin 3-O-sophoroside', '(3R,4R)-3,4-Dihydro-4,6-dihydroxy-3-methyl-1-oxo-1H-isochromene-5-carboxylic acid', ""(2S)-8-Isopentyl-2-methyl-2-(4'-methylpentyl)chroman-6-carboxylic acid"", '2,2-dimethyl-2H-chromene-6-carboxylic acid', '1,2-dihydro- 3β-hydroxy-7-deacetoxy-7-oxogedunin', 'Photogedunin', 'Casearin X; (1R*,3S*,5S*,6aR*,7S*,8S*,10R*,10aR*)-1-(Acetyloxy)-3,5,6,6a,7,8,9,10-octahydro-10-hydroxy-7,8-dimethyl-7-[(2Z)-3-methylpenta-2,4-dien-1-yl]naphtho[1,8a-c]furan-3,5-diyl Dibutanoate', ""2-(R)-Methyl-6-(S)-(tetradecyl-13'-one)-3(R)-O-tert-butyldimethylsilyl-piperidine"", '(2S)-Methyl-2-methyl-8-(3""-methylbut-2""-enyl)-2-(4\'-methylpent-3\'-enyl)-2H-chromene-6-carboxylate', 'Casearin T', 'Piperyline, N-[10-(13,14-methylenedioxyphenyl)-7(E),9(E)-pentadienoyl]-pyrrolidine', 'ω-fenil alcanoic acid', '2-butyl-D-fructofuranoside', ""Gaudichaudianic acid; (2S)-2-methyl-2-(4'methyl-3'-pentenyl)-8-(3''-methyl-2-butenyl)- 2H-1-benzopyran-6-carboxylic acid"", 'Kaempferitrin', 'Nitensidine C', 'Dipropyl disulphide', '2-methyl-5-[8(Z),11(Z)-pentadecadienyl]resorcinol', 'Methyl 6,7,8-trimethoxydihydrocinnamate', '2-Hexyl-3-methyl-butanodioic acid', 'fraxinellone', 'Skimmianine', 'p-hydroxybenzoic acid-geranyl ester', 'Dibenzyl disulphide', 'Proanthocyanidin', 'neoisoastilbin', '(R)-7-Hydroxymellein', '6α-acetoxymanoyl oxide', 'Methyl-8-hydroxy-2,2-dimethylchroman-6-carboxylate', '6α-acetoxy-14β,15β-epoxyazadirone', '19,20-Epoxycytochalasin R', 'Muraxanthone', 'Odoratone', 'Rel-6β-hydroxyzuelanin-2β-benzoate', 'shidasterone', '5-hydroxymethyl- 2-furancarboxaldehyde; 5-hydroxymethyl-2-furfuraldehyde', 'atalaphyllinine', '24-methylene-3,22-dihydroxycholesterol', 'amorphispironone', 'Casearupestrin D', 'Chaetoglobosin B', ""2-(2'-O-benzoyl)-C-β-D-glucopyranosyl-1,3,6,7-tetrahydroxyxanthone"", 'Isoplumericin', 'α-L-xylopyranosyl-(4""→20)-(3-O-β-D-glucopyranosyl)-1\'-O-E-caffeoyl-β-D-glucopyranoside', 'epoxy-fraxinellone', '12′-hydroxy-7′-multijuguinone', 'Caseargrewiin F; (1R*,3S*,5S*,6aR*,7S*,8R*,10R*,10aR*)-1,3-Bis(acetyloxy)-3,5,6,6a,7,8,9,10-octahydro-10-hydroxy-7,8-dimethyl-7-[(2Z)-3-methylpenta-2,4-dien-1-yl]naphtho[1,8a-c]furan-5-yl Butanoate', 'Casearin L; (1R*,3S*,5S*,6aR*,7R*,8R*,9S*,10S*,10aR*)-1,10-Bis(acetyloxy)-3,5,6,6a,7,8,9,10-octahydro-9-hydroxy-5-methoxy-7,8-dimethyl-7-[(2Z)-3-methylpenta-2,4-dien-1-yl]naphtho[1,8a-c]-furan-3-yl Butanoate', 'Platydesmine', 'Leiokinine A', 'Cabraleadiol', 'schaftoside', ""(2S)-Methyl-8-isopentyl-2-methyl-2-(4'-methylpentyl)chroman-6-carboxylate"", '3,4,5-Triacetoxybenzoic acid', '6-[ 8(Z),11(Z) -pentadecadienyl] salicylic acid', '6-[8(Z)-pentadecenyl]salicylic acid', '(2S)-2-methyl-8-(3""-methylbut-2""-enyl)-2-(4\'-methylpent-3\'-enyl)-2H-chromene-6-carboxylic acid', 'Burchellin', '5-[8(Z)-pentadecenyl]resorcinol', 'Luteolin; 2-(3,4-dihydroxyphenyl)-5,7-dihydroxy-4H-chromen-4-one', 'Sinapic acid', '19,20-Epoxycytochalasin Q', 'Casearin S', '11β-acetoxyobacunone', '1-(5,7-dihydroxy-2,2-dimethylchroman- 6-yl)-3-[4-hydroxy-3-(3-methylbut-2-en-1-yl)- phenyl]propan-1-one', '(3R,4R)-4,7-Dihydroxymellein', ""Nitensoside B; Pedalitin 6-O-α-rhamnopyranosyl(1'''→6'')-β-glucopyranoside"", 'Amentoflavone', 'Methyl gallate', '3-O-β-D-quinovopyranosyl cincholic acid', 'Afzelin, 3-O-α-rhamnosyl kaempferol', 'Egonol', 'N-[10- (13,14-methylenedioxyphenyl)-7(E)-pentaenoyl]-pyrrolidine', '2-Methyl-5-methoxy-benzopyran-4-one', '3,4-dihydroxybenzoic acid geranyl ester', 'N-[10-(13,14-methylenedioxyphenyl)-7(E),9(Z)-pentadienoyl]-pyrrolidine', 'Gedunin', 'Pedalin, pedalitin 6-O-β -glucopyranoside', 'Syringic acid', '(+)-3-O-feruloylcassine', '1-(5,7-dihydroxy-2,2-dimethylchroman-6-yl)-3-(1,1,4a-trimethyl-2,3,4,4a,9a-hexahydro-1H-xanthen-7-yl)propan-1-one', 'Methyl (E)-6,7,8-trimethoxycinnamate', '3,4,5-Trimethoxyphenyl-1-O-β-D-(5-O-syringoyl)-apiofuranosyl-(1→6)-β-D-glucopyranoside', '6-[8(Z),11(Z),14-pentadecatrienyl]salicylic acid', 'Sorbifolin', ""Nitensoside A; Sorbifolin 6-O-α-rhamnopyranosyl(1'''→6'')-β-glucopyranoside"", 'Casearin O; (1R*,3S*,5S*,6aR*,7R*,8R*,9S*,10S*,10aR*)-1,10-Bis(acetyloxy)-5-methoxy-7,8-dimethyl-7-[(2Z)-3-methylpenta-2,4-dien-1-yl]-3,5,6,6a,7,8,9,10-octahydronaphtho[1,8a-c]furan-3,9-diyl Dibutanoate', 'germacrene D', '6-pentadecylsalicylic acid', 'Casearupestrin A', '2-oxo-piperol B; (7S*, 8R*, 1R*, 3R*)-3,4,5-trimethoxy-3,7-cyclo-8,1-neolig-8-ene-2,4(3H)-dione', 'taxifolin', ""(2'S)-2-(propan-2'-ol)-5-hydroxy-benzopyran-4-one"", 'Rel-(+)-(7S,9R,10S)-3,9,12-trihydroxycalamenene', ""Myrsinoic acid A, 3-Geranyl-4-hydroxy-5-(3'',3''-dimethylallyl)benzoic acid"", '20α-Hydroxymaytenin; 20-hydroxy-20-epi-tingenone', '(-)-Epigallocatechin-3-O-gallate', 'Casearin D; (1R*,3S*,5S*,6aR*,7R*,8R*,9S*,10S*,10aR*)-1-(Acetyloxy)-3,5,6,6a,7,8,9,10-octahydro-5,10-dihydroxy-7,8-dimethyl-7-[(2Z)-3-methylpenta-2,4-dien-1-yl]naphtho[1,8a-c]furan-3,9-diyl Dibutanoate', 'Rel. (+)-(7S,10S) 3,12-dihydroxycalamenene', 'carlinoside', 'Methyl-8-(ethanoyloxy)-2,2-dimethyl-2H-chromene-6-carboxylate', 'arjunolic acid', 'stachysterone', 'Ethyl 2,4-dihydroxy-5,6-dimethylbenzoate', 'Amentoflavone 7”,4”’-dimethyl ether', 'Picramnioside F', 'Lauryl gallate', 'Syringaldehyde', '4-Nerolidilcatechol', ""2-(2'-O-transcoumaroyl)-C-β-D-glucopyranosyl-1,3,6,7-tetrahydroxyxanthone"", '22-hydroxytirucalla-7,24-diene-2,3-dione', 'Trans-3’-methylsulphonylallyl trans-cinnamate', '(3-(2-(4-hydroxyphenyl)-2-oxoethyl)-5,6-dihydropyridin- 2(1H)-one)', 'Mangiferin', 'Salacin', 'Viburgenin', ""Pterogynoside; Kaempferol-3-O-(3''-O-4'''-methylgallate-α-L-rhamnoside)"", 'Isobutyl gallate', '7′-multijuguinone', 'Griseofulvin', ""7-Hydroxy-4',6-dimethoxyisoflavone; Afrormosin; Afromosin"", '8-methoxymellein', '(±)-Syringaresinol', 'Cyclo-(L-Pro-L-Val)', 'Acetonide of odoratol', 'Methyl-2,2-dimethylchroman-6-carboxylate', 'Fagaramide', 'Chalepin', 'Chlorogenic acid', '(4R)-4,8-dihydroxy-α-tetralone', 'Kaempferol', '3-O-β-D-quinovopyranosyl quinovic acid', '2-hydroxyphenylacetic acid']]",doi_name
"['10.1016/S0031-9422(01)00079-6', 'Dibenzyl sulphide']","['10.1016/S0031-9422(01)00079-6', ['guaiol', 'γ-eudesmol', 'Hinesol', 'α-eudesmol', 'Galioside aglicone', '11-O-trans-feruloylteucrein', 'Teucrein', 'Galioside', 'Apodanthoside', 'Mycoleptone A', '9-hydroxyeugenin', 'Eugenitin', 'Austdiol', '6-methoxyeugenin', 'Mycoleptone A tetraacetate', 'Austdiol diacetate', 'Mycoleptone B', ""3',4'-methylenedioxy-5,6,7- trimethoxyflavone"", ""3',4'-methylenedioxy-5,5',6,7-tetramethoxyflavone"", ""2'-hydroxy-3,4,4'-trimethoxy-5',6'-(2'',2''-dimethylpyrano)-chalcone"", ""3',4'-methylenedioxy-5,7-dimethoxyflavone"", 'Chlorogenic acid methyl ester, Methyl (1S,3R,4R,5R)-3-{[(2E)-3-(3,4-dihydroxyphenyl)-2-propenoyl]oxy}-1,4,5-trihydroxycyclohexanecarboxylate', '2α,3α,19α- trihydroxyurs-12-en-28-oic acid', 'penduletin 4-O-methyl ether', '3,3-O-dimethylquercetin', '3-O-methylquercetin', 'p-hydroxybenzoic acid', 'Chrysoeriol', 'acacetin', '3,7,4-O-trimethylkaempferol', '2α,3α-dihydroxyolean-12- en-28-oic acid', '5,7-dimethoxy-2,2-dimethyl-2H-1-benzopyran-6-propanoate', ""7,4'-Dihydroxyflavone"", '19´-(3,4-Methylenedioxyphenyl)-nonadecanoic acid', 'Tithonine', 'Farnisine', 'Sargaquinoic acid', 'Fasciculiferin', 'Sargachromenol', ""Juruenolic acid; 2-(4'-Methylpentenyl-3)-10-oxoundecan-2,6-dienoic acid"", '21´-(3,4-Methylenedioxyphenyl)-henicosanoic acid', '(+)-Guaiacin', ""7,4'-Dimethoxyflavone"", '17-(3,4-Methylenedioxyphenyl)-heptadecanoic acid', '(+)-11α-Hydroxyerythravine', '(+)-Erythravine', '(+)-α-Hydroxyerysotrine', 'Diderroside', '7-Methoxydiderroside', ""6'-Acetyl-β-D-glucopyranosyldiderroside"", 'Secoxyloganin', '(-)-3-O-acetyl-spectaline', ""3',4',5',3,5,7,8-heptamethoxyflavone"", ""3,5,6,7,3',4',5'-heptamethoxyflavonol"", 'Beauvericin', 'Anhydrofusarubin', ""3,4-dimethyl-2-(4'-hydroxy-3',5'-dimethoxyphenyl)-5-methoxy-tetrahydrofuran"", '21α,25-dimethylmelianodiol', '21β,25-dimethylmelianodiol', '3,21-Di-epi-feroniellide B', 'Citibrasine', '2,3-dihydro-4,9-dihydroxy-2-(2-hydroxy-propan-2-yl)- 11-methoxy-10-methylfuro[3,2-b]acridin-5(10H)-one', 'bis-5-hydroxyacronycine', 'Taraxerol acetate', 'Procyanidin B-3', '6-Hydroxy-rutin', 'Kaempferol-3-O-D-glucopyranoside', 'Kaempferol-3-O-α-L-rhamnopyranosyl-(1-6)-α-L-rhamnopyranosyl-(1-4)-β-D-glucopyranoside', 'Kaempferol-3-O-rutinoside', 'Catechin, Ent-catechin', 'Kaempferol-3-O-α-L-rhamnopyranosyl-(1→6)-β-D-galactopyranoside', 'Quercetin-3-O-α-L-rhamnopyranosyl-(1→6)-β-D-galactopyranoside', 'Kaempferol-3-O-D-galactopyranoside', 'Aphidicolin', 'Methyl (3R,4R,5R)-3-{[(2E)-3-(3,4-dihydroxyphenyl)-2-propenoyl]oxy}-1,4,5-trihydroxycyclohexanecarboxylate', 'Methyl (3R,4R,5R)-3-{[(2Z)-3-(3,4-dihydroxyphenyl)-2-propenoyl]oxy}-1,4,5-trihydroxycyclohexanecarboxylate', '1,3,5-trihydroxy-4-methoxy-10-methyl- 2,8-bis(3-methylbut-2-enyl)acridin-9(10H)-one', 'Citrusinine-II', '1,3,5-trihydroxy- 2,8-bis(3-methylbut-2-enyl)-10-methyl-9-acridone', 'Glycocitrine-IV', 'Pyranofoline', 'Citrusinine-I', '3,4-dihydro-3,5,8-trihydroxy-6-methoxy-2,2,7-trimethyl-2Hpyrano[ 2,3-a]acridin-12(7H)-one', '5-hydroxynoracronycine; Atalaphyllidine', 'Glycocitrine-I', ""3-(3',7 '-dimethyl-2',6 '-octadienyl)-4-methoxy-benzoic acid"", 'Methyl-8-hydroxy-2,2-dimethyl-2H-chromene-6-carboxylate', ""4-Methoxy-3-(3',7'-dimethylocta-2'-E-6'-dienyl)benzoic acid"", 'Ferulic acid', 'β-Gardiol', 'α-Gardiol', '5,7-dimethoxy-2,2-dimethyl-2H-1-benzopyran-6-propanoic acid', ""2-(3',4'-methylenedioxyphenylethyl)-Quinoline"", '2-n-Pentylquinoline', '2-n-Propylquinoline', ""2-(1'-pentenyl)-Quinoline"", ""Hostmaniene; 4-Hydroxy-3-(2',3'-dihydroxy-3'-methylbutyl)benzoate"", ""4-Hydroxy-3-(3',7'-dimethylocta-2'-E-6'-dienyl)benzoic acid"", 'Methyl 2,2-dimethyl-1-oxo-2H-1-benzopyran-6-carboxylate', ""Methyl taboganate; Methyl 4-hydroxy-3-(3'-methyl-1'-oxo-2'-butenyl)benzoate"", ""2',6'-Dihydroxy-4'-methoxydihydrochalcone"", 'Piperaduncine B', ""Methyl 4-hydroxy-3-(3'-methyl-2'-butenyl)benzoate"", '3,4,5-Trimethoxydihydrocinnamic acid', ""Methyl 4-hydroxy-3-(3'-methyl-2'-hydroxy-3'-butenyl)benzoate"", ""Aduncumene; Methyl 2-methoxy-5-(3'-methyl-1'-oxo-2'-butenyl)benzoate"", ""4-Hydroxy-(3',7'-dimethyl-1'-oxo-octa-2'-Z-6'-dienyl)benzoic acid"", 'Tagitinin C', '1-methoxy-3-hydroxy-3,10b-4,5a-diepoxy-8b-isobutyroyloxygermacr-11(13)-en-6a,12-olide', 'Iso-odoratol', 'Oleanonic acid', 'Pentaol', 'Piscidinol A', 'cryptomeridiol', '3,11-dioxoolean-12-en-28- onic acid', 'Nilocetin', 'Hispidol A', ""Rel-(7R,8S,7'S,8'S)-9-hydroxy-4',5'-methylenedioxy-3,4,5,3'-tetramethoxy-7,7'-epoxylignan"", ""Rel-(7R,8S,7'S,8'S)-4',5'-methylenedioxy-3,4,5,3'-tetramethoxy-7,7'-epoxylignan"", ""Rel-(7R,8S,7'S,8'S)-4-hydroxy-4',5'-methylenedioxy-3,5,3'-trimethoxy-7,7'-epoxylignan"", ""Rel-(7R,8S,7'S,8'S)-4'-hydroxy-3,4,5,3',5'-pentamethoxy-7,7'-epoxylignan"", ""Rel-(7R,8S,7'S,8'S)-4,5,4',5'-dimethylenedioxy-3,3'-dimethoxy-7,7'-epoxylignan"", '4,5-dihydropiperlonguminine; Piperlonguminine', '(Z)-piplartine; 8(Z)-N-(12,13, 14-trimethoxycinnamoyl)- 3-pyridin-2-one', 'Piperine', '8,9-dihydropiplartine; N-(12,13,14-trimethoxydihydrocinnamoyl)-Δ3-pyridin-2-one', ""N-[3-(6'-methoxy-3',4'-methy-lenedioxyphenyl)-2(Z)-propenoyl]pyrrolidine"", '4,5-dihydropiperyline', '10,11-dihydropiperine; Δα,β-dihydropiperine', '(E)-piplartine', 'Pellitorine', '(3Z,5Z)-N-isobutyl-8-(30,40-methylenedioxy-phenyl)-heptadienamide', 'Pimara-7,15-dien-3β-ol', 'Dimethyl terephthalate', '(22E,24R)-ergosta-4,6,8(14),22-tetraen-3-one', '8-hydroxy-6-methoxy-3-methylisocoumarin', 'Ergosterol peroxide', 'Epi-guaiacin', 'Verrucosin', '7-Methyl-sargachromenol; 2,7,8-Trimethyl-2-[(3-E,7-Z)-4,12-dimethyl-8-carboxyl-3,7,11-tridecatrienyl]-3-chromen-6-ol, β-caroteno', 'Nectandrin B', 'cyclo (L)-Pro-Gly', ""4-Hydroxy-3-(3',7'-dimethyl-3'-hydroxy-1'-oxo-6'-octenyl)benzoic acid"", ""1,4-Dihydroxy-2-(3',7'-dimethyl-1'-oxo-2'-E-6'-octadienyl)benzene"", ""Sakuranetin; 5,4'-dihydroxy-7-methoxyflavanone"", ""Isosakuranetin; 5,7-dihydroxy-4'-methoxyflavanone"", ""4-Hydroxy-(3',7'-dimethyl-1'-oxo-octa-2'-E-6'-dienyl)benzoic acid"", 'Nitensidine D', 'Nitensidine E', 'Xanthyletin', 'astilbin; Rel-(2R, 3R)-dihydroquercetin-3-O-±-L-rhamnoside', '3,4-dehydrostrictosidine acid', '3,4-dehydro-strictosidine', '5α-carboxystrictosidine', 'Cordifoline', 'Turbinatine', 'Harman-3-carboxylic acid', 'Strictosidine acid', 'Deoxycordifoline', 'Clusifoliol', ""Isoswertisin-4'-methyl-ether-2''α-L-rhamnoside"", '2-Episesalatin', ""Isoswertisin-2''α1-L-rhamnoside"", 'Sesartemin', 'Stearic acid 4-pentoyloxyphenethyl ester', 'Isopimpinellin', '4-metoxi-6-[2-(metilamino)fenil]- 2H-piran-2-ona', 'β-caryophyllene, trans-caryophyllene', 'Methacrylic acid', 'Cusculine; 1,2,3,5,6-pentamethoxy-9-acridone', 'Cuspanine; 1-hydroxy-2,3,5,6-tetramethoxy-9-acridone', '2α,3α-Dihydroxy-urs-12-en-28-oic acid', 'Oleanolic acid 3-sophoroside', '3-O-β-D-(6’-methyl)-glucopyranosyl-28-O-β-D-glucopyranosyl-oleanate', 'Haplotusine', 'β-Sitosterol benzoate', '5-hydroxyflavone', '2-phenyl-4H-chromen-4-one', 'Sinapyl 4-O-β-D-glucopyranoside aldehyde', 'Sinapyl 4-O-β-D-glucopyranoside alcohol', 'Liriodenine', 'N-acetylnonaine', '[10]-gingerol', ""2,4-Dihydroxy-6-[(1'E,3'E)-penta-1', 3'-dienyl]-benzaldehyde"", '2-methyl-5-[8(Z)-pentadecenyl]resorcinol', 'Nitensidine A', '2-hydroxyphenylacetic acid', '3-O-β-D-quinovopyranosyl quinovic acid', 'Kaempferol', ""8-hydroxy-3,5,7,3',4',5'-hexamethoxyflavonol"", 'scillascillin', 'Homoegonol', '[8]-gingerol', '4-Hydroxymellein', '5-hydroxymellein', 'fraxinellonone', 'Dibenzyl sulphide', '(-) Cis-4-hydroxy-6-deoxyscytalone', 'Gallic acid; 3,4,5-trihydroxybenzoic acid', 'Maculosidine', 'Podocarpusflavone A', '(4R)-4,8-dihydroxy-α-tetralone', 'Odoratol', 'Leptomerine', '5-hydroxy-N-methylseverifoline', '19,20-Epoxycytochalasin N', 'ellagic acid 4-O-α-L-rhamnopyranoside; eschweilenol C', 'Mayoside C', 'Ourateacatechin', ""3',4',5',5,7-pentamethoxyflavone"", '2-methyl-5-pentadecylresorcinol', '3β-hydroxy-stigmast-5-en-7-one; 24-β-7-oxositosterol', 'Acetonide of odoratol', '(−)-Grandisin', 'n-Butyl gallate', ""5-[3''-(β-D-glucopyranosyloxy)propyl]-7-methoxy-2-(3',4'-dimethoxyphenyl)benzofuran"", '3,12-Dihydroxycadalene', '7-hydroxy-3- (11-dimethylallyl)-8-methoxycoumarin', ""N-[7-(3',4'-methylenedioxyphenyl)-2(Z),4(Z)-heptadienoyl]pyrrolidine"", ""Acteoside; [β-3,4-dihydroxyphenyl)-ethyl]-(3'-O-α-L-rhamnopyranosyl)-(4'-O-cafeoyl)-β-D-glycopyranoside, verbascoside"", 'Ocotillone', 'des-N-methylnoracronycine', 'Sorbifolin 6-O-β-glucopyranoside', 'Rel-2α-hydroxyzuelanin-6β-benzoate', '2,6-di-O-acetylcasearupestrin D', ""Methyl-2,2-dimethyl-8-(3'-methylbut-2'-enyl)chroman-6-carboxylate"", '2,7-Di-O-acetylcasearupestrin A', 'Nitensidine B', '1-methyl-2-n-nonyl-4-quinolone', '5-[8(Z),11(Z),14-pentadecatrienyl]resorcinol', '5-pentadecylresorcinol', '19,20-Epoxycytochalasin D', 'fumiquinozoline F', 'Kaempferol 3-O-α-L-rhamnopyranosyl (1→6)-O-[β -D-glucopyranosyl (1→3)-O-α-L-rhamnopyranosyl-(1→2)]-O-β -D-glucopyranosyl', '3β-O-[α-L-rhamnopyranosyl-(1→2)-O-β-D-glucopyranosyl-(1→2)-O-β-D-glucopyranosyl]-28-O-β-D-glucopyranoside pomolate', 'Dibenzyl tetrasulphide', ""2',5-dihydroxy-3-methoxy-8-dimethylallyl-6, 7-(2' ',2''-dimethylpyrano)-dihydroflavonol"", '1- (5,7-dihydroxy-2,2-dimethylchroman-6-yl)-3-(2,2-dimethylchroman- 6-yl)propan-1-one', 'Canavaline', 'Di-hydrodehydrodiconiferyl alcohol', 'Quercetin', ""2-(2'-O-trans-cinnamoyl)-C-β-D-glucopyranosyl-1,3,6,7-tetrahydroxyxanthone"", 'Kokusaginine', 'Pristimerin; 20α-3-hydroxy-2-oxo-24-nor-friedela-1-10,3,5,7-tetraen-carboxylic acid-29-methylester', '3,4,5-trimethoxyphenyl 1-O-β-D-apiofuranosyl-(1→6)-O-β-D-glucopyranoside', 'β-photogedunin', '2-n-nonyl-4-quinolone', 'Cytochalasin D', 'Isoorientin', 'Skimmianine', 'p-hydroxybenzoic acid-geranyl ester', 'Dibenzyl disulphide', 'Proanthocyanidin', 'neoisoastilbin', '(R)-7-Hydroxymellein', '6α-acetoxymanoyl oxide', 'Methyl-8-hydroxy-2,2-dimethylchroman-6-carboxylate', 'Casearupestrin C', '6α-malonyloxy-n-butyl ester manoyl oxide', 'citrusinine-I', 'Ricinine', 'Leptophyllin A', 'Caseobliquin A', 'Methyl angolensate', ""5-(3'' -Hydroxypropyl)-7-methoxy-2-(3',4' -methyl-enedioxyphenyl)benzofuran"", '22β-hydroxypristimerin', '6α-acetoxy-14β,15β-epoxyazadirone', 'urauchimycin A', 'p-Coumaric acid', '(-)-Epigallocatechin', 'Netzahualcoyonol', '1-[3-(3,7-dimethylocta-2,6-dien-1-yl)-2,4,6- trihydroxyphenyl]-3-(4-hydroxyphenyl)propan-1-one', '6α-malonyloxymanoyl oxide', 'Benzylhydroxymethyl sulphide', '1,6-di-O-caffeoyl-β-D-glucopyranoside', '2-methyl-5-[8(Z),11(Z),14-pentadecatrienyl]resorcinol', '20-hydroxyecdysone; polypodine A', '3-Acetyl aleuritolic acid', 'Uracil', '1-O-(E)-feruloyl-β-D-glucopyranoside', '19,20-Epoxycytochalasin C', 'n-Pentyl gallate', 'Orcinol', 'Periconicin B', 'Phomopsilactone', 'n-Propyl gallate', ""3',4',5',5,7,8-hexamethoxyflavone"", 'Isopropyl gallate', '6β-hydroxy-7-epigardoside methyl ester', 'Tetrahydropiperyline, N-[10-(13,14-methylenedioxyphenyl)-pentanoyl]-pyrrolidine', 'Piperovatine', '2,4,6-trimethoxybenzoic acid', '1-O-(E)-caffeoyl-β-D-glucopyranoside', 'Quercitrin, 3-O-α-rhamnosylquercetin', 'epoxy-fraxinellone', '12′-hydroxy-7′-multijuguinone', 'Kaempferitrin', 'Nitensidine C', 'Dipropyl disulphide', '2-methyl-5-[8(Z),11(Z)-pentadecadienyl]resorcinol', 'Methyl 6,7,8-trimethoxydihydrocinnamate', '2-Hexyl-3-methyl-butanodioic acid', 'fraxinellone', 'Alkenoic acid', 'Quercetin 3-O-α-L-rhamnopyranosyl (1→6)-O-[β -D-glucopyranosyl (1→3)-O-α-L-rhamnopyranosyl-(1→2)]-O-β -D-glucopyranosyl', 'Heveaflavone', 'Arboreumine', '3-Oxoursolic acid', 'Casearupestrin B', 'toonacilin', ""2-(R)-Methyl-6-(S)-(tetradecyl-13'-one)-3(R)-O-tert-butyldimethylsilyl-piperidine"", '(2S)-Methyl-2-methyl-8-(3""-methylbut-2""-enyl)-2-(4\'-methylpent-3\'-enyl)-2H-chromene-6-carboxylate', 'Casearin T', 'Piperyline, N-[10-(13,14-methylenedioxyphenyl)-7(E),9(E)-pentadienoyl]-pyrrolidine', 'ω-fenil alcanoic acid', '2-butyl-D-fructofuranoside', ""Gaudichaudianic acid; (2S)-2-methyl-2-(4'methyl-3'-pentenyl)-8-(3''-methyl-2-butenyl)- 2H-1-benzopyran-6-carboxylic acid"", 'limonexic acid', 'Pedalitin', 'Di(benzyltrithio) methane', '3,11,12-Trihydroxycadalene', ""(2S)-8-Isopentyl-2-methyl-2-(4'-methylpentyl)chroman-6-carboxylic acid"", '2,2-dimethyl-2H-chromene-6-carboxylic acid', '1,2-dihydro- 3β-hydroxy-7-deacetoxy-7-oxogedunin', 'Photogedunin', 'Casearin X; (1R*,3S*,5S*,6aR*,7S*,8S*,10R*,10aR*)-1-(Acetyloxy)-3,5,6,6a,7,8,9,10-octahydro-10-hydroxy-7,8-dimethyl-7-[(2Z)-3-methylpenta-2,4-dien-1-yl]naphtho[1,8a-c]furan-3,5-diyl Dibutanoate', 'Quercetin 3-O-sophoroside', '(3R,4R)-3,4-Dihydro-4,6-dihydroxy-3-methyl-1-oxo-1H-isochromene-5-carboxylic acid', '24-methylene-3,22-dihydroxycholesterol', 'amorphispironone', 'Casearupestrin D', 'Chaetoglobosin B', ""2-(2'-O-benzoyl)-C-β-D-glucopyranosyl-1,3,6,7-tetrahydroxyxanthone"", 'Isoplumericin', 'α-L-xylopyranosyl-(4""→20)-(3-O-β-D-glucopyranosyl)-1\'-O-E-caffeoyl-β-D-glucopyranoside', '6-[8(Z)-pentadecenyl]salicylic acid', '(2S)-2-methyl-8-(3""-methylbut-2""-enyl)-2-(4\'-methylpent-3\'-enyl)-2H-chromene-6-carboxylic acid', 'Burchellin', '5-[8(Z)-pentadecenyl]resorcinol', 'Luteolin; 2-(3,4-dihydroxyphenyl)-5,7-dihydroxy-4H-chromen-4-one', 'Sinapic acid', '6-[ 8(Z),11(Z) -pentadecadienyl] salicylic acid', 'Netzahualcoyene', 'Casearin X Dialdehyde; (2R*,4aS*,5S*,7R*,8R*,8aS*)-4,4a-Diformyl-1,2,4a,5,6,7,8,8a-octahydro-5-hydroxy-7,8-dimethyl-8-[(2Z)-3-methylpenta-2,4-dien-1-yl]naphthalen-2-yl Butanoate', 'polypodine B', '19,20-Epoxycytochalasin Q', '19,20-Epoxycytochalasin R', 'Muraxanthone', 'Casearupestrin A', '2-oxo-piperol B; (7S*, 8R*, 1R*, 3R*)-3,4,5-trimethoxy-3,7-cyclo-8,1-neolig-8-ene-2,4(3H)-dione', 'taxifolin', ""(2'S)-2-(propan-2'-ol)-5-hydroxy-benzopyran-4-one"", 'Rel-(+)-(7S,9R,10S)-3,9,12-trihydroxycalamenene', 'Casearin S', '11β-acetoxyobacunone', '1-(5,7-dihydroxy-2,2-dimethylchroman- 6-yl)-3-[4-hydroxy-3-(3-methylbut-2-en-1-yl)- phenyl]propan-1-one', '(3R,4R)-4,7-Dihydroxymellein', ""Nitensoside B; Pedalitin 6-O-α-rhamnopyranosyl(1'''→6'')-β-glucopyranoside"", 'N-[10- (13,14-methylenedioxyphenyl)-7(E)-pentaenoyl]-pyrrolidine', '2-Methyl-5-methoxy-benzopyran-4-one', '3,4-dihydroxybenzoic acid geranyl ester', 'N-[10-(13,14-methylenedioxyphenyl)-7(E),9(Z)-pentadienoyl]-pyrrolidine', 'Gedunin', 'Pedalin, pedalitin 6-O-β -glucopyranoside', 'Piperol B', '(-)-Hardwickiic acid', ""5-[3''-(β-D-glucopyranosyloxy)propyl]-7-methoxy-2-(3',4'-methylenedioxyphenyl)benzofuran"", '28-O-β-D-glucopyranosyl quinovic acid', '2-Methyl-4-hydroxy-butyl caffeoate', 'N-1,N-2,N-3-Triisopentenylguanidine', 'Dibenzyl trisulphide', 'Maytenin, Tingenone', 'urauchimycin B', ""2-(2'-O-trans-caffeoyl)-C-β-D-glucopyranosyl-1,3,6,7-tetrahydroxyxanthone"", 'Cabraleadiol', 'schaftoside', ""(2S)-Methyl-8-isopentyl-2-methyl-2-(4'-methylpentyl)chroman-6-carboxylate"", '3,4,5-Triacetoxybenzoic acid', '1-(5,7-dihydroxy-2,2-dimethylchroman-6-yl)-3-(1,1,4a-trimethyl-2,3,4,4a,9a-hexahydro-1H-xanthen-7-yl)propan-1-one', 'Methyl (E)-6,7,8-trimethoxycinnamate', '3,4,5-Trimethoxyphenyl-1-O-β-D-(5-O-syringoyl)-apiofuranosyl-(1→6)-β-D-glucopyranoside', '6-[8(Z),11(Z),14-pentadecatrienyl]salicylic acid', 'Sorbifolin', ""Nitensoside A; Sorbifolin 6-O-α-rhamnopyranosyl(1'''→6'')-β-glucopyranoside"", 'Amentoflavone', 'Odoratone', 'Rel-6β-hydroxyzuelanin-2β-benzoate', 'shidasterone', '5-hydroxymethyl- 2-furancarboxaldehyde; 5-hydroxymethyl-2-furfuraldehyde', 'atalaphyllinine', 'Lauryl gallate', 'Casearin O; (1R*,3S*,5S*,6aR*,7R*,8R*,9S*,10S*,10aR*)-1,10-Bis(acetyloxy)-5-methoxy-7,8-dimethyl-7-[(2Z)-3-methylpenta-2,4-dien-1-yl]-3,5,6,6a,7,8,9,10-octahydronaphtho[1,8a-c]furan-3,9-diyl Dibutanoate', 'germacrene D', 'Methyl gallate', '3-O-β-D-quinovopyranosyl cincholic acid', 'Afzelin, 3-O-α-rhamnosyl kaempferol', 'Egonol', '4-Nerolidilcatechol', ""2-(2'-O-transcoumaroyl)-C-β-D-glucopyranosyl-1,3,6,7-tetrahydroxyxanthone"", 'Syringic acid', '(+)-3-O-feruloylcassine', '6-pentadecylsalicylic acid', 'Caseargrewiin F; (1R*,3S*,5S*,6aR*,7S*,8R*,10R*,10aR*)-1,3-Bis(acetyloxy)-3,5,6,6a,7,8,9,10-octahydro-10-hydroxy-7,8-dimethyl-7-[(2Z)-3-methylpenta-2,4-dien-1-yl]naphtho[1,8a-c]furan-5-yl Butanoate', 'Casearin L; (1R*,3S*,5S*,6aR*,7R*,8R*,9S*,10S*,10aR*)-1,10-Bis(acetyloxy)-3,5,6,6a,7,8,9,10-octahydro-9-hydroxy-5-methoxy-7,8-dimethyl-7-[(2Z)-3-methylpenta-2,4-dien-1-yl]naphtho[1,8a-c]-furan-3-yl Butanoate', 'Platydesmine', 'Leiokinine A', '8-methoxymellein', '(±)-Syringaresinol', 'Cyclo-(L-Pro-L-Val)', 'Methyl-2,2-dimethylchroman-6-carboxylate', ""Myrsinoic acid A, 3-Geranyl-4-hydroxy-5-(3'',3''-dimethylallyl)benzoic acid"", '20α-Hydroxymaytenin; 20-hydroxy-20-epi-tingenone', '(-)-Epigallocatechin-3-O-gallate', 'Casearin D; (1R*,3S*,5S*,6aR*,7R*,8R*,9S*,10S*,10aR*)-1-(Acetyloxy)-3,5,6,6a,7,8,9,10-octahydro-5,10-dihydroxy-7,8-dimethyl-7-[(2Z)-3-methylpenta-2,4-dien-1-yl]naphtho[1,8a-c]furan-3,9-diyl Dibutanoate', 'Rel. (+)-(7S,10S) 3,12-dihydroxycalamenene', 'carlinoside', 'Methyl-8-(ethanoyloxy)-2,2-dimethyl-2H-chromene-6-carboxylate', 'arjunolic acid', 'stachysterone', 'Ethyl 2,4-dihydroxy-5,6-dimethylbenzoate', 'Amentoflavone 7”,4”’-dimethyl ether', 'Picramnioside F', 'Plumericin', '5-[8(Z),11(Z)-pentadecadienyl]resorcinol', '(-)-Spectalinine', 'Netzahualcoyondiol', 'Syringaldehyde', '22-hydroxytirucalla-7,24-diene-2,3-dione', 'Trans-3’-methylsulphonylallyl trans-cinnamate', '(3-(2-(4-hydroxyphenyl)-2-oxoethyl)-5,6-dihydropyridin- 2(1H)-one)', 'Mangiferin', 'Salacin', 'Viburgenin', ""Pterogynoside; Kaempferol-3-O-(3''-O-4'''-methylgallate-α-L-rhamnoside)"", 'Isobutyl gallate', '7′-multijuguinone', 'Griseofulvin', ""7-Hydroxy-4',6-dimethoxyisoflavone; Afrormosin; Afromosin"", '24-methylenecycloartan-3b-ol', 'Ixoside', '2β-Hydroxyzuelanin-6β-cinnamate', 'Cognatine', 'Fagaramide', 'Chalepin', 'Chlorogenic acid']]",doi_name
"['10.1021/np100840w', '2,7-Di-O-acetylcasearupestrin A']","['10.1021/np100840w', ['guaiol', 'Hinesol', 'γ-eudesmol', 'α-eudesmol', '11-O-trans-feruloylteucrein', 'Teucrein', 'Galioside aglicone', 'Galioside', 'Apodanthoside', 'Mycoleptone A', '9-hydroxyeugenin', 'Austdiol', 'Austdiol diacetate', 'Mycoleptone A tetraacetate', '6-methoxyeugenin', 'Eugenitin', 'Mycoleptone B', 'Chlorogenic acid methyl ester, Methyl (1S,3R,4R,5R)-3-{[(2E)-3-(3,4-dihydroxyphenyl)-2-propenoyl]oxy}-1,4,5-trihydroxycyclohexanecarboxylate', '7-Methoxydiderroside', 'Secoxyloganin', 'Diderroside', ""6'-Acetyl-β-D-glucopyranosyldiderroside"", '5,7-dimethoxy-2,2-dimethyl-2H-1-benzopyran-6-propanoate', ""4-Methoxy-3-(3',7'-dimethylocta-2'-E-6'-dienyl)benzoic acid"", 'Methyl-8-hydroxy-2,2-dimethyl-2H-chromene-6-carboxylate', ""3-(3',7 '-dimethyl-2',6 '-octadienyl)-4-methoxy-benzoic acid"", ""2'-hydroxy-3,4,4'-trimethoxy-5',6'-(2'',2''-dimethylpyrano)-chalcone"", ""3',4'-methylenedioxy-5,5',6,7-tetramethoxyflavone"", ""3',4'-methylenedioxy-5,6,7- trimethoxyflavone"", ""3',4'-methylenedioxy-5,7-dimethoxyflavone"", 'cyclo (L)-Pro-Gly', 'Nectandrin B', 'Verrucosin', 'Epi-guaiacin', '7-Methyl-sargachromenol; 2,7,8-Trimethyl-2-[(3-E,7-Z)-4,12-dimethyl-8-carboxyl-3,7,11-tridecatrienyl]-3-chromen-6-ol, β-caroteno', ""2-(3',4'-methylenedioxyphenylethyl)-Quinoline"", '2-n-Pentylquinoline', '2-n-Propylquinoline', ""2-(1'-pentenyl)-Quinoline"", '2,3-dihydro-4,9-dihydroxy-2-(2-hydroxy-propan-2-yl)- 11-methoxy-10-methylfuro[3,2-b]acridin-5(10H)-one', 'bis-5-hydroxyacronycine', 'Citibrasine', '21β,25-dimethylmelianodiol', '3,21-Di-epi-feroniellide B', '21α,25-dimethylmelianodiol', '(-)-3-O-acetyl-spectaline', 'Xanthyletin', ""Rel-(7R,8S,7'S,8'S)-4-hydroxy-4',5'-methylenedioxy-3,5,3'-trimethoxy-7,7'-epoxylignan"", ""Rel-(7R,8S,7'S,8'S)-4'-hydroxy-3,4,5,3',5'-pentamethoxy-7,7'-epoxylignan"", ""Rel-(7R,8S,7'S,8'S)-4',5'-methylenedioxy-3,4,5,3'-tetramethoxy-7,7'-epoxylignan"", ""Rel-(7R,8S,7'S,8'S)-9-hydroxy-4',5'-methylenedioxy-3,4,5,3'-tetramethoxy-7,7'-epoxylignan"", ""Rel-(7R,8S,7'S,8'S)-4,5,4',5'-dimethylenedioxy-3,3'-dimethoxy-7,7'-epoxylignan"", 'Anhydrofusarubin', 'Beauvericin', 'Taraxerol acetate', 'Pentaol', '3,11-dioxoolean-12-en-28- onic acid', 'Iso-odoratol', 'Nilocetin', 'Hispidol A', 'Piscidinol A', 'cryptomeridiol', 'Oleanonic acid', 'Isopimpinellin', 'Methyl (3R,4R,5R)-3-{[(2Z)-3-(3,4-dihydroxyphenyl)-2-propenoyl]oxy}-1,4,5-trihydroxycyclohexanecarboxylate', 'Methyl (3R,4R,5R)-3-{[(2E)-3-(3,4-dihydroxyphenyl)-2-propenoyl]oxy}-1,4,5-trihydroxycyclohexanecarboxylate', ""Isoswertisin-4'-methyl-ether-2''α-L-rhamnoside"", 'Clusifoliol', ""Isoswertisin-2''α1-L-rhamnoside"", '2-Episesalatin', 'Sesartemin', 'Aphidicolin', ""3,4-dimethyl-2-(4'-hydroxy-3',5'-dimethoxyphenyl)-5-methoxy-tetrahydrofuran"", '3,3-O-dimethylquercetin', 'penduletin 4-O-methyl ether', '2α,3α,19α- trihydroxyurs-12-en-28-oic acid', 'acacetin', '2α,3α-dihydroxyolean-12- en-28-oic acid', 'p-hydroxybenzoic acid', '3-O-methylquercetin', 'Chrysoeriol', '3,7,4-O-trimethylkaempferol', 'Glycocitrine-IV', 'Glycocitrine-I', '3,4-dihydro-3,5,8-trihydroxy-6-methoxy-2,2,7-trimethyl-2Hpyrano[ 2,3-a]acridin-12(7H)-one', '5-hydroxynoracronycine; Atalaphyllidine', 'Citrusinine-I', 'Citrusinine-II', '1,3,5-trihydroxy-4-methoxy-10-methyl- 2,8-bis(3-methylbut-2-enyl)acridin-9(10H)-one', '1,3,5-trihydroxy- 2,8-bis(3-methylbut-2-enyl)-10-methyl-9-acridone', 'Pyranofoline', 'β-Gardiol', 'Ferulic acid', 'α-Gardiol', 'Stearic acid 4-pentoyloxyphenethyl ester', 'Sargaquinoic acid', '(+)-Guaiacin', '21´-(3,4-Methylenedioxyphenyl)-henicosanoic acid', 'Sargachromenol', ""Juruenolic acid; 2-(4'-Methylpentenyl-3)-10-oxoundecan-2,6-dienoic acid"", 'Fasciculiferin', ""7,4'-Dimethoxyflavone"", ""7,4'-Dihydroxyflavone"", '19´-(3,4-Methylenedioxyphenyl)-nonadecanoic acid', 'Tithonine', 'Farnisine', '17-(3,4-Methylenedioxyphenyl)-heptadecanoic acid', '(+)-Erythravine', '(+)-α-Hydroxyerysotrine', '(+)-11α-Hydroxyerythravine', 'astilbin; Rel-(2R, 3R)-dihydroquercetin-3-O-±-L-rhamnoside', ""Aduncumene; Methyl 2-methoxy-5-(3'-methyl-1'-oxo-2'-butenyl)benzoate"", ""Methyl 4-hydroxy-3-(3'-methyl-2'-hydroxy-3'-butenyl)benzoate"", ""4-Hydroxy-(3',7'-dimethyl-1'-oxo-octa-2'-Z-6'-dienyl)benzoic acid"", '3,4,5-Trimethoxydihydrocinnamic acid', ""4-Hydroxy-3-(3',7'-dimethylocta-2'-E-6'-dienyl)benzoic acid"", 'Methyl 2,2-dimethyl-1-oxo-2H-1-benzopyran-6-carboxylate', 'Piperaduncine B', ""Hostmaniene; 4-Hydroxy-3-(2',3'-dihydroxy-3'-methylbutyl)benzoate"", ""2',6'-Dihydroxy-4'-methoxydihydrochalcone"", ""Methyl taboganate; Methyl 4-hydroxy-3-(3'-methyl-1'-oxo-2'-butenyl)benzoate"", ""Methyl 4-hydroxy-3-(3'-methyl-2'-butenyl)benzoate"", 'Nitensidine D', 'Nitensidine E', 'Turbinatine', '3,4-dehydro-strictosidine', '5α-carboxystrictosidine', '3,4-dehydrostrictosidine acid', 'Strictosidine acid', 'Cordifoline', 'Harman-3-carboxylic acid', 'Deoxycordifoline', 'Kaempferol-3-O-α-L-rhamnopyranosyl-(1-6)-α-L-rhamnopyranosyl-(1-4)-β-D-glucopyranoside', 'Kaempferol-3-O-rutinoside', 'Kaempferol-3-O-D-galactopyranoside', '6-Hydroxy-rutin', 'Kaempferol-3-O-α-L-rhamnopyranosyl-(1→6)-β-D-galactopyranoside', 'Kaempferol-3-O-D-glucopyranoside', 'Procyanidin B-3', 'Quercetin-3-O-α-L-rhamnopyranosyl-(1→6)-β-D-galactopyranoside', 'Catechin, Ent-catechin', 'Ergosterol peroxide', 'Dimethyl terephthalate', '8-hydroxy-6-methoxy-3-methylisocoumarin', '(22E,24R)-ergosta-4,6,8(14),22-tetraen-3-one', 'Pimara-7,15-dien-3β-ol', ""Isosakuranetin; 5,7-dihydroxy-4'-methoxyflavanone"", ""1,4-Dihydroxy-2-(3',7'-dimethyl-1'-oxo-2'-E-6'-octadienyl)benzene"", ""Sakuranetin; 5,4'-dihydroxy-7-methoxyflavanone"", ""4-Hydroxy-3-(3',7'-dimethyl-3'-hydroxy-1'-oxo-6'-octenyl)benzoic acid"", ""4-Hydroxy-(3',7'-dimethyl-1'-oxo-octa-2'-E-6'-dienyl)benzoic acid"", '(3Z,5Z)-N-isobutyl-8-(30,40-methylenedioxy-phenyl)-heptadienamide', 'Pellitorine', '(E)-piplartine', '4,5-dihydropiperyline', '(Z)-piplartine; 8(Z)-N-(12,13, 14-trimethoxycinnamoyl)- 3-pyridin-2-one', 'Piperine', '8,9-dihydropiplartine; N-(12,13,14-trimethoxydihydrocinnamoyl)-Δ3-pyridin-2-one', '10,11-dihydropiperine; Δα,β-dihydropiperine', '4,5-dihydropiperlonguminine; Piperlonguminine', ""N-[3-(6'-methoxy-3',4'-methy-lenedioxyphenyl)-2(Z)-propenoyl]pyrrolidine"", '5,7-dimethoxy-2,2-dimethyl-2H-1-benzopyran-6-propanoic acid', ""3',4',5',3,5,7,8-heptamethoxyflavone"", ""3,5,6,7,3',4',5'-heptamethoxyflavonol"", 'Tagitinin C', '1-methoxy-3-hydroxy-3,10b-4,5a-diepoxy-8b-isobutyroyloxygermacr-11(13)-en-6a,12-olide', 'Methacrylic acid', '4-metoxi-6-[2-(metilamino)fenil]- 2H-piran-2-ona', 'β-caryophyllene, trans-caryophyllene', 'Cuspanine; 1-hydroxy-2,3,5,6-tetramethoxy-9-acridone', 'Cusculine; 1,2,3,5,6-pentamethoxy-9-acridone', '2α,3α-Dihydroxy-urs-12-en-28-oic acid', '3-O-β-D-(6’-methyl)-glucopyranosyl-28-O-β-D-glucopyranosyl-oleanate', 'Oleanolic acid 3-sophoroside', 'Haplotusine', 'β-Sitosterol benzoate', '5-hydroxyflavone', '2-phenyl-4H-chromen-4-one', 'Sinapyl 4-O-β-D-glucopyranoside aldehyde', 'Sinapyl 4-O-β-D-glucopyranoside alcohol', 'Liriodenine', 'N-acetylnonaine', '[10]-gingerol', ""2,4-Dihydroxy-6-[(1'E,3'E)-penta-1', 3'-dienyl]-benzaldehyde"", 'Nitensidine A', '2-methyl-5-[8(Z)-pentadecenyl]resorcinol', '2-hydroxyphenylacetic acid', '3-O-β-D-quinovopyranosyl quinovic acid', 'Kaempferol', '(4R)-4,8-dihydroxy-α-tetralone', 'Chlorogenic acid', 'Chalepin', 'Gallic acid; 3,4,5-trihydroxybenzoic acid', 'Quercitrin, 3-O-α-rhamnosylquercetin', 'Caseobliquin A', 'Methyl angolensate', ""5-(3'' -Hydroxypropyl)-7-methoxy-2-(3',4' -methyl-enedioxyphenyl)benzofuran"", '22β-hydroxypristimerin', '19,20-Epoxycytochalasin N', 'ellagic acid 4-O-α-L-rhamnopyranoside; eschweilenol C', 'Mayoside C', 'Ourateacatechin', ""3',4',5',5,7-pentamethoxyflavone"", '2-methyl-5-pentadecylresorcinol', '3β-hydroxy-stigmast-5-en-7-one; 24-β-7-oxositosterol', 'scillascillin', 'Viburgenin', ""Pterogynoside; Kaempferol-3-O-(3''-O-4'''-methylgallate-α-L-rhamnoside)"", 'Isobutyl gallate', '7′-multijuguinone', 'Griseofulvin', ""7-Hydroxy-4',6-dimethoxyisoflavone; Afrormosin; Afromosin"", '8-methoxymellein', '(±)-Syringaresinol', '2,7-Di-O-acetylcasearupestrin A', 'Nitensidine B', '1-methyl-2-n-nonyl-4-quinolone', '5-[8(Z),11(Z),14-pentadecatrienyl]resorcinol', 'Kokusaginine', ""2-(2'-O-trans-caffeoyl)-C-β-D-glucopyranosyl-1,3,6,7-tetrahydroxyxanthone"", 'Netzahualcoyene', 'Casearin X Dialdehyde; (2R*,4aS*,5S*,7R*,8R*,8aS*)-4,4a-Diformyl-1,2,4a,5,6,7,8,8a-octahydro-5-hydroxy-7,8-dimethyl-8-[(2Z)-3-methylpenta-2,4-dien-1-yl]naphthalen-2-yl Butanoate', 'polypodine B', 'n-Propyl gallate', ""3',4',5',5,7,8-hexamethoxyflavone"", 'Isopropyl gallate', ""8-hydroxy-3,5,7,3',4',5'-hexamethoxyflavonol"", 'Odoratol', 'Leptomerine', '5-hydroxy-N-methylseverifoline', '2,4,6-trimethoxybenzoic acid', '1-O-(E)-caffeoyl-β-D-glucopyranoside', 'Maculosidine', 'Podocarpusflavone A', 'Casearupestrin C', '6α-malonyloxy-n-butyl ester manoyl oxide', 'citrusinine-I', 'Ricinine', 'Leptophyllin A', '5-pentadecylresorcinol', 'Piperol B', '(-)-Hardwickiic acid', ""5-[3''-(β-D-glucopyranosyloxy)propyl]-7-methoxy-2-(3',4'-methylenedioxyphenyl)benzofuran"", 'Rel-2α-hydroxyzuelanin-6β-benzoate', '2,6-di-O-acetylcasearupestrin D', ""Methyl-2,2-dimethyl-8-(3'-methylbut-2'-enyl)chroman-6-carboxylate"", '2-Methyl-4-hydroxy-butyl caffeoate', 'N-1,N-2,N-3-Triisopentenylguanidine', 'Dibenzyl trisulphide', 'Maytenin, Tingenone', '19,20-Epoxycytochalasin D', 'fumiquinozoline F', 'Kaempferol 3-O-α-L-rhamnopyranosyl (1→6)-O-[β -D-glucopyranosyl (1→3)-O-α-L-rhamnopyranosyl-(1→2)]-O-β -D-glucopyranosyl', '3β-O-[α-L-rhamnopyranosyl-(1→2)-O-β-D-glucopyranosyl-(1→2)-O-β-D-glucopyranosyl]-28-O-β-D-glucopyranoside pomolate', 'Dibenzyl tetrasulphide', ""2',5-dihydroxy-3-methoxy-8-dimethylallyl-6, 7-(2' ',2''-dimethylpyrano)-dihydroflavonol"", '2-n-nonyl-4-quinolone', 'Cytochalasin D', 'Isoorientin', '6β-hydroxy-7-epigardoside methyl ester', 'Tetrahydropiperyline, N-[10-(13,14-methylenedioxyphenyl)-pentanoyl]-pyrrolidine', 'Piperovatine', 'Uracil', 'urauchimycin A', 'p-Coumaric acid', '(-)-Epigallocatechin', 'Netzahualcoyonol', '1-[3-(3,7-dimethylocta-2,6-dien-1-yl)-2,4,6- trihydroxyphenyl]-3-(4-hydroxyphenyl)propan-1-one', '6α-malonyloxymanoyl oxide', 'Benzylhydroxymethyl sulphide', '1,6-di-O-caffeoyl-β-D-glucopyranoside', '2-methyl-5-[8(Z),11(Z),14-pentadecatrienyl]resorcinol', 'urauchimycin B', 'Homoegonol', '[8]-gingerol', '4-Hydroxymellein', '5-hydroxymellein', '28-O-β-D-glucopyranosyl quinovic acid', 'Pristimerin; 20α-3-hydroxy-2-oxo-24-nor-friedela-1-10,3,5,7-tetraen-carboxylic acid-29-methylester', 'fraxinellonone', 'Dibenzyl sulphide', '(-) Cis-4-hydroxy-6-deoxyscytalone', 'Plumericin', '5-[8(Z),11(Z)-pentadecadienyl]resorcinol', '(-)-Spectalinine', '20-hydroxyecdysone; polypodine A', '3-Acetyl aleuritolic acid', 'Alkenoic acid', 'Quercetin 3-O-α-L-rhamnopyranosyl (1→6)-O-[β -D-glucopyranosyl (1→3)-O-α-L-rhamnopyranosyl-(1→2)]-O-β -D-glucopyranosyl', 'Heveaflavone', 'Arboreumine', '3-Oxoursolic acid', 'Casearupestrin B', 'toonacilin', 'Piperyline, N-[10-(13,14-methylenedioxyphenyl)-7(E),9(E)-pentadienoyl]-pyrrolidine', 'ω-fenil alcanoic acid', '2-butyl-D-fructofuranoside', 'Pedalitin', '1-O-(E)-feruloyl-β-D-glucopyranoside', '19,20-Epoxycytochalasin C', 'n-Pentyl gallate', 'Orcinol', 'Periconicin B', 'Phomopsilactone', ""(2S)-8-Isopentyl-2-methyl-2-(4'-methylpentyl)chroman-6-carboxylic acid"", '2,2-dimethyl-2H-chromene-6-carboxylic acid', '1,2-dihydro- 3β-hydroxy-7-deacetoxy-7-oxogedunin', 'Photogedunin', 'Casearin X; (1R*,3S*,5S*,6aR*,7S*,8S*,10R*,10aR*)-1-(Acetyloxy)-3,5,6,6a,7,8,9,10-octahydro-10-hydroxy-7,8-dimethyl-7-[(2Z)-3-methylpenta-2,4-dien-1-yl]naphtho[1,8a-c]furan-3,5-diyl Dibutanoate', 'Netzahualcoyondiol', ""2-(2'-O-benzoyl)-C-β-D-glucopyranosyl-1,3,6,7-tetrahydroxyxanthone"", 'Isoplumericin', 'Skimmianine', 'p-hydroxybenzoic acid-geranyl ester', '3,4,5-trimethoxyphenyl 1-O-β-D-apiofuranosyl-(1→6)-O-β-D-glucopyranoside', 'β-photogedunin', 'n-Butyl gallate', ""5-[3''-(β-D-glucopyranosyloxy)propyl]-7-methoxy-2-(3',4'-dimethoxyphenyl)benzofuran"", '3,12-Dihydroxycadalene', '7-hydroxy-3- (11-dimethylallyl)-8-methoxycoumarin', ""N-[7-(3',4'-methylenedioxyphenyl)-2(Z),4(Z)-heptadienoyl]pyrrolidine"", ""Acteoside; [β-3,4-dihydroxyphenyl)-ethyl]-(3'-O-α-L-rhamnopyranosyl)-(4'-O-cafeoyl)-β-D-glycopyranoside, verbascoside"", 'α-L-xylopyranosyl-(4""→20)-(3-O-β-D-glucopyranosyl)-1\'-O-E-caffeoyl-β-D-glucopyranoside', ""2-(R)-Methyl-6-(S)-(tetradecyl-13'-one)-3(R)-O-tert-butyldimethylsilyl-piperidine"", '(2S)-Methyl-2-methyl-8-(3""-methylbut-2""-enyl)-2-(4\'-methylpent-3\'-enyl)-2H-chromene-6-carboxylate', 'Casearin T', '5-[8(Z)-pentadecenyl]resorcinol', 'Luteolin; 2-(3,4-dihydroxyphenyl)-5,7-dihydroxy-4H-chromen-4-one', 'Sinapic acid', '19,20-Epoxycytochalasin Q', '19,20-Epoxycytochalasin R', 'Muraxanthone', ""Gaudichaudianic acid; (2S)-2-methyl-2-(4'methyl-3'-pentenyl)-8-(3''-methyl-2-butenyl)- 2H-1-benzopyran-6-carboxylic acid"", 'limonexic acid', 'Di(benzyltrithio) methane', '3,11,12-Trihydroxycadalene', 'Quercetin 3-O-sophoroside', '(3R,4R)-3,4-Dihydro-4,6-dihydroxy-3-methyl-1-oxo-1H-isochromene-5-carboxylic acid', '24-methylene-3,22-dihydroxycholesterol', 'amorphispironone', 'Casearupestrin D', 'Chaetoglobosin B', '6α-acetoxy-14β,15β-epoxyazadirone', 'epoxy-fraxinellone', '12′-hydroxy-7′-multijuguinone', 'Kaempferitrin', 'Nitensidine C', 'Dipropyl disulphide', 'Dibenzyl disulphide', 'Proanthocyanidin', 'neoisoastilbin', '(R)-7-Hydroxymellein', '6α-acetoxymanoyl oxide', 'Methyl-8-hydroxy-2,2-dimethylchroman-6-carboxylate', 'N-[10-(13,14-methylenedioxyphenyl)-7(E),9(Z)-pentadienoyl]-pyrrolidine', '6-[8(Z)-pentadecenyl]salicylic acid', '(2S)-2-methyl-8-(3""-methylbut-2""-enyl)-2-(4\'-methylpent-3\'-enyl)-2H-chromene-6-carboxylic acid', 'Burchellin', 'Platydesmine', 'Leiokinine A', 'Cabraleadiol', 'schaftoside', ""(2S)-Methyl-8-isopentyl-2-methyl-2-(4'-methylpentyl)chroman-6-carboxylate"", 'Casearupestrin A', '2-oxo-piperol B; (7S*, 8R*, 1R*, 3R*)-3,4,5-trimethoxy-3,7-cyclo-8,1-neolig-8-ene-2,4(3H)-dione', '3,4,5-Triacetoxybenzoic acid', 'Odoratone', 'Rel-6β-hydroxyzuelanin-2β-benzoate', 'shidasterone', '5-hydroxymethyl- 2-furancarboxaldehyde; 5-hydroxymethyl-2-furfuraldehyde', 'atalaphyllinine', 'N-[10- (13,14-methylenedioxyphenyl)-7(E)-pentaenoyl]-pyrrolidine', '2-Methyl-5-methoxy-benzopyran-4-one', '3,4-dihydroxybenzoic acid geranyl ester', '3-O-β-D-quinovopyranosyl cincholic acid', 'Afzelin, 3-O-α-rhamnosyl kaempferol', 'Egonol', '4-Nerolidilcatechol', ""2-(2'-O-transcoumaroyl)-C-β-D-glucopyranosyl-1,3,6,7-tetrahydroxyxanthone"", 'Syringic acid', '(+)-3-O-feruloylcassine', '2-methyl-5-[8(Z),11(Z)-pentadecadienyl]resorcinol', 'Methyl 6,7,8-trimethoxydihydrocinnamate', '2-Hexyl-3-methyl-butanodioic acid', 'fraxinellone', '6-[ 8(Z),11(Z) -pentadecadienyl] salicylic acid', 'Gedunin', 'Pedalin, pedalitin 6-O-β -glucopyranoside', 'Caseargrewiin F; (1R*,3S*,5S*,6aR*,7S*,8R*,10R*,10aR*)-1,3-Bis(acetyloxy)-3,5,6,6a,7,8,9,10-octahydro-10-hydroxy-7,8-dimethyl-7-[(2Z)-3-methylpenta-2,4-dien-1-yl]naphtho[1,8a-c]furan-5-yl Butanoate', 'Casearin L; (1R*,3S*,5S*,6aR*,7R*,8R*,9S*,10S*,10aR*)-1,10-Bis(acetyloxy)-3,5,6,6a,7,8,9,10-octahydro-9-hydroxy-5-methoxy-7,8-dimethyl-7-[(2Z)-3-methylpenta-2,4-dien-1-yl]naphtho[1,8a-c]-furan-3-yl Butanoate', 'carlinoside', 'Methyl-8-(ethanoyloxy)-2,2-dimethyl-2H-chromene-6-carboxylate', 'Amentoflavone', '1-(5,7-dihydroxy-2,2-dimethylchroman-6-yl)-3-(1,1,4a-trimethyl-2,3,4,4a,9a-hexahydro-1H-xanthen-7-yl)propan-1-one', 'Methyl (E)-6,7,8-trimethoxycinnamate', '3,4,5-Trimethoxyphenyl-1-O-β-D-(5-O-syringoyl)-apiofuranosyl-(1→6)-β-D-glucopyranoside', '6-[8(Z),11(Z),14-pentadecatrienyl]salicylic acid', 'taxifolin', ""(2'S)-2-(propan-2'-ol)-5-hydroxy-benzopyran-4-one"", 'Rel-(+)-(7S,9R,10S)-3,9,12-trihydroxycalamenene', 'Casearin S', '11β-acetoxyobacunone', '1-(5,7-dihydroxy-2,2-dimethylchroman- 6-yl)-3-[4-hydroxy-3-(3-methylbut-2-en-1-yl)- phenyl]propan-1-one', '(3R,4R)-4,7-Dihydroxymellein', ""Nitensoside B; Pedalitin 6-O-α-rhamnopyranosyl(1'''→6'')-β-glucopyranoside"", 'Methyl gallate', 'Amentoflavone 7”,4”’-dimethyl ether', 'Picramnioside F', 'Lauryl gallate', 'Syringaldehyde', '22-hydroxytirucalla-7,24-diene-2,3-dione', 'Trans-3’-methylsulphonylallyl trans-cinnamate', '(3-(2-(4-hydroxyphenyl)-2-oxoethyl)-5,6-dihydropyridin- 2(1H)-one)', 'Mangiferin', 'Salacin', '6-pentadecylsalicylic acid', 'Methyl-2,2-dimethylchroman-6-carboxylate', ""Myrsinoic acid A, 3-Geranyl-4-hydroxy-5-(3'',3''-dimethylallyl)benzoic acid"", '20α-Hydroxymaytenin; 20-hydroxy-20-epi-tingenone', '(-)-Epigallocatechin-3-O-gallate', 'Casearin D; (1R*,3S*,5S*,6aR*,7R*,8R*,9S*,10S*,10aR*)-1-(Acetyloxy)-3,5,6,6a,7,8,9,10-octahydro-5,10-dihydroxy-7,8-dimethyl-7-[(2Z)-3-methylpenta-2,4-dien-1-yl]naphtho[1,8a-c]furan-3,9-diyl Dibutanoate', 'Rel. (+)-(7S,10S) 3,12-dihydroxycalamenene', '1- (5,7-dihydroxy-2,2-dimethylchroman-6-yl)-3-(2,2-dimethylchroman- 6-yl)propan-1-one', 'Canavaline', 'Di-hydrodehydrodiconiferyl alcohol', 'Quercetin', ""2-(2'-O-trans-cinnamoyl)-C-β-D-glucopyranosyl-1,3,6,7-tetrahydroxyxanthone"", 'Ocotillone', 'des-N-methylnoracronycine', 'Sorbifolin 6-O-β-glucopyranoside', 'Sorbifolin', ""Nitensoside A; Sorbifolin 6-O-α-rhamnopyranosyl(1'''→6'')-β-glucopyranoside"", 'Casearin O; (1R*,3S*,5S*,6aR*,7R*,8R*,9S*,10S*,10aR*)-1,10-Bis(acetyloxy)-5-methoxy-7,8-dimethyl-7-[(2Z)-3-methylpenta-2,4-dien-1-yl]-3,5,6,6a,7,8,9,10-octahydronaphtho[1,8a-c]furan-3,9-diyl Dibutanoate', 'germacrene D', '2β-Hydroxyzuelanin-6β-cinnamate', 'arjunolic acid', 'stachysterone', 'Ethyl 2,4-dihydroxy-5,6-dimethylbenzoate', 'Cyclo-(L-Pro-L-Val)', 'Acetonide of odoratol', '(−)-Grandisin', '24-methylenecycloartan-3b-ol', 'Ixoside', 'Cognatine', 'Fagaramide']]",doi_name
"['10.1080/14786410412331271979', 'Egonol']","['10.1080/14786410412331271979', ['guaiol', 'Hinesol', 'γ-eudesmol', 'α-eudesmol', 'Chlorogenic acid methyl ester, Methyl (1S,3R,4R,5R)-3-{[(2E)-3-(3,4-dihydroxyphenyl)-2-propenoyl]oxy}-1,4,5-trihydroxycyclohexanecarboxylate', 'Methacrylic acid', 'Galioside aglicone', 'Teucrein', '11-O-trans-feruloylteucrein', 'Apodanthoside', 'Galioside', 'Glycocitrine-IV', '3,4-dihydro-3,5,8-trihydroxy-6-methoxy-2,2,7-trimethyl-2Hpyrano[ 2,3-a]acridin-12(7H)-one', 'Citrusinine-II', 'Citrusinine-I', 'Pyranofoline', '1,3,5-trihydroxy- 2,8-bis(3-methylbut-2-enyl)-10-methyl-9-acridone', '1,3,5-trihydroxy-4-methoxy-10-methyl- 2,8-bis(3-methylbut-2-enyl)acridin-9(10H)-one', 'Glycocitrine-I', '5-hydroxynoracronycine; Atalaphyllidine', ""3',4'-methylenedioxy-5,6,7- trimethoxyflavone"", ""2'-hydroxy-3,4,4'-trimethoxy-5',6'-(2'',2''-dimethylpyrano)-chalcone"", ""3',4'-methylenedioxy-5,5',6,7-tetramethoxyflavone"", ""3',4'-methylenedioxy-5,7-dimethoxyflavone"", 'Xanthyletin', 'Austdiol diacetate', 'Mycoleptone A', 'Mycoleptone B', '6-methoxyeugenin', '9-hydroxyeugenin', 'Eugenitin', 'Austdiol', 'Mycoleptone A tetraacetate', 'Nectandrin B', 'Verrucosin', '7-Methyl-sargachromenol; 2,7,8-Trimethyl-2-[(3-E,7-Z)-4,12-dimethyl-8-carboxyl-3,7,11-tridecatrienyl]-3-chromen-6-ol, β-caroteno', 'Epi-guaiacin', '2,3-dihydro-4,9-dihydroxy-2-(2-hydroxy-propan-2-yl)- 11-methoxy-10-methylfuro[3,2-b]acridin-5(10H)-one', 'Citibrasine', 'bis-5-hydroxyacronycine', ""Isoswertisin-2''α1-L-rhamnoside"", '2-Episesalatin', 'Sesartemin', 'Clusifoliol', ""Isoswertisin-4'-methyl-ether-2''α-L-rhamnoside"", '3,11-dioxoolean-12-en-28- onic acid', 'Iso-odoratol', 'Nilocetin', 'Piscidinol A', 'cryptomeridiol', 'Hispidol A', 'Pentaol', 'Oleanonic acid', ""4-Methoxy-3-(3',7'-dimethylocta-2'-E-6'-dienyl)benzoic acid"", 'Methyl-8-hydroxy-2,2-dimethyl-2H-chromene-6-carboxylate', ""3-(3',7 '-dimethyl-2',6 '-octadienyl)-4-methoxy-benzoic acid"", '21α,25-dimethylmelianodiol', '21β,25-dimethylmelianodiol', '3,21-Di-epi-feroniellide B', '5,7-dimethoxy-2,2-dimethyl-2H-1-benzopyran-6-propanoate', ""4-Hydroxy-3-(3',7'-dimethylocta-2'-E-6'-dienyl)benzoic acid"", 'Methyl 2,2-dimethyl-1-oxo-2H-1-benzopyran-6-carboxylate', ""2',6'-Dihydroxy-4'-methoxydihydrochalcone"", ""Methyl taboganate; Methyl 4-hydroxy-3-(3'-methyl-1'-oxo-2'-butenyl)benzoate"", '3,4,5-Trimethoxydihydrocinnamic acid', ""Methyl 4-hydroxy-3-(3'-methyl-2'-butenyl)benzoate"", 'Piperaduncine B', ""Hostmaniene; 4-Hydroxy-3-(2',3'-dihydroxy-3'-methylbutyl)benzoate"", ""4-Hydroxy-(3',7'-dimethyl-1'-oxo-octa-2'-Z-6'-dienyl)benzoic acid"", ""Aduncumene; Methyl 2-methoxy-5-(3'-methyl-1'-oxo-2'-butenyl)benzoate"", ""Methyl 4-hydroxy-3-(3'-methyl-2'-hydroxy-3'-butenyl)benzoate"", 'Secoxyloganin', '7-Methoxydiderroside', 'Diderroside', ""6'-Acetyl-β-D-glucopyranosyldiderroside"", '(+)-11α-Hydroxyerythravine', '(+)-Erythravine', '(+)-α-Hydroxyerysotrine', 'astilbin; Rel-(2R, 3R)-dihydroquercetin-3-O-±-L-rhamnoside', '(-)-3-O-acetyl-spectaline', 'Anhydrofusarubin', 'Beauvericin', ""Isosakuranetin; 5,7-dihydroxy-4'-methoxyflavanone"", ""Sakuranetin; 5,4'-dihydroxy-7-methoxyflavanone"", ""4-Hydroxy-(3',7'-dimethyl-1'-oxo-octa-2'-E-6'-dienyl)benzoic acid"", ""1,4-Dihydroxy-2-(3',7'-dimethyl-1'-oxo-2'-E-6'-octadienyl)benzene"", ""4-Hydroxy-3-(3',7'-dimethyl-3'-hydroxy-1'-oxo-6'-octenyl)benzoic acid"", 'cyclo (L)-Pro-Gly', 'Taraxerol acetate', 'Isopimpinellin', ""2-(1'-pentenyl)-Quinoline"", '2-n-Propylquinoline', '2-n-Pentylquinoline', ""2-(3',4'-methylenedioxyphenylethyl)-Quinoline"", '2α,3α,19α- trihydroxyurs-12-en-28-oic acid', '3,3-O-dimethylquercetin', 'penduletin 4-O-methyl ether', 'p-hydroxybenzoic acid', '2α,3α-dihydroxyolean-12- en-28-oic acid', '3-O-methylquercetin', 'Chrysoeriol', 'acacetin', '3,7,4-O-trimethylkaempferol', 'β-caryophyllene, trans-caryophyllene', 'Sargaquinoic acid', ""7,4'-Dihydroxyflavone"", 'Sargachromenol', '19´-(3,4-Methylenedioxyphenyl)-nonadecanoic acid', '21´-(3,4-Methylenedioxyphenyl)-henicosanoic acid', '(+)-Guaiacin', ""7,4'-Dimethoxyflavone"", 'Farnisine', ""Juruenolic acid; 2-(4'-Methylpentenyl-3)-10-oxoundecan-2,6-dienoic acid"", 'Fasciculiferin', 'Tithonine', '17-(3,4-Methylenedioxyphenyl)-heptadecanoic acid', 'Stearic acid 4-pentoyloxyphenethyl ester', 'Tagitinin C', '1-methoxy-3-hydroxy-3,10b-4,5a-diepoxy-8b-isobutyroyloxygermacr-11(13)-en-6a,12-olide', '5,7-dimethoxy-2,2-dimethyl-2H-1-benzopyran-6-propanoic acid', 'Quercetin-3-O-α-L-rhamnopyranosyl-(1→6)-β-D-galactopyranoside', 'Kaempferol-3-O-D-glucopyranoside', '6-Hydroxy-rutin', 'Kaempferol-3-O-α-L-rhamnopyranosyl-(1-6)-α-L-rhamnopyranosyl-(1-4)-β-D-glucopyranoside', 'Procyanidin B-3', 'Kaempferol-3-O-α-L-rhamnopyranosyl-(1→6)-β-D-galactopyranoside', 'Kaempferol-3-O-rutinoside', 'Kaempferol-3-O-D-galactopyranoside', 'Catechin, Ent-catechin', 'Methyl (3R,4R,5R)-3-{[(2E)-3-(3,4-dihydroxyphenyl)-2-propenoyl]oxy}-1,4,5-trihydroxycyclohexanecarboxylate', 'Methyl (3R,4R,5R)-3-{[(2Z)-3-(3,4-dihydroxyphenyl)-2-propenoyl]oxy}-1,4,5-trihydroxycyclohexanecarboxylate', 'Nitensidine D', 'Nitensidine E', 'Dimethyl terephthalate', '8-hydroxy-6-methoxy-3-methylisocoumarin', 'Ergosterol peroxide', '(22E,24R)-ergosta-4,6,8(14),22-tetraen-3-one', 'Pimara-7,15-dien-3β-ol', 'Aphidicolin', 'β-Gardiol', 'α-Gardiol', 'Ferulic acid', ""3,4-dimethyl-2-(4'-hydroxy-3',5'-dimethoxyphenyl)-5-methoxy-tetrahydrofuran"", ""Rel-(7R,8S,7'S,8'S)-4'-hydroxy-3,4,5,3',5'-pentamethoxy-7,7'-epoxylignan"", ""Rel-(7R,8S,7'S,8'S)-4-hydroxy-4',5'-methylenedioxy-3,5,3'-trimethoxy-7,7'-epoxylignan"", ""Rel-(7R,8S,7'S,8'S)-9-hydroxy-4',5'-methylenedioxy-3,4,5,3'-tetramethoxy-7,7'-epoxylignan"", ""Rel-(7R,8S,7'S,8'S)-4',5'-methylenedioxy-3,4,5,3'-tetramethoxy-7,7'-epoxylignan"", ""Rel-(7R,8S,7'S,8'S)-4,5,4',5'-dimethylenedioxy-3,3'-dimethoxy-7,7'-epoxylignan"", '(3Z,5Z)-N-isobutyl-8-(30,40-methylenedioxy-phenyl)-heptadienamide', 'Pellitorine', ""N-[3-(6'-methoxy-3',4'-methy-lenedioxyphenyl)-2(Z)-propenoyl]pyrrolidine"", '8,9-dihydropiplartine; N-(12,13,14-trimethoxydihydrocinnamoyl)-Δ3-pyridin-2-one', 'Piperine', '4,5-dihydropiperlonguminine; Piperlonguminine', '10,11-dihydropiperine; Δα,β-dihydropiperine', '(E)-piplartine', '4,5-dihydropiperyline', '(Z)-piplartine; 8(Z)-N-(12,13, 14-trimethoxycinnamoyl)- 3-pyridin-2-one', '3,4-dehydrostrictosidine acid', 'Turbinatine', 'Cordifoline', '5α-carboxystrictosidine', 'Harman-3-carboxylic acid', '3,4-dehydro-strictosidine', 'Strictosidine acid', 'Deoxycordifoline', ""3',4',5',3,5,7,8-heptamethoxyflavone"", ""3,5,6,7,3',4',5'-heptamethoxyflavonol"", '4-metoxi-6-[2-(metilamino)fenil]- 2H-piran-2-ona', 'Cusculine; 1,2,3,5,6-pentamethoxy-9-acridone', 'Cuspanine; 1-hydroxy-2,3,5,6-tetramethoxy-9-acridone', '2α,3α-Dihydroxy-urs-12-en-28-oic acid', '3-O-β-D-(6’-methyl)-glucopyranosyl-28-O-β-D-glucopyranosyl-oleanate', 'Oleanolic acid 3-sophoroside', '5-hydroxyflavone', 'β-Sitosterol benzoate', '2-phenyl-4H-chromen-4-one', 'Haplotusine', 'Sinapyl 4-O-β-D-glucopyranoside aldehyde', 'Sinapyl 4-O-β-D-glucopyranoside alcohol', 'N-acetylnonaine', 'Liriodenine', '[10]-gingerol', ""2,4-Dihydroxy-6-[(1'E,3'E)-penta-1', 3'-dienyl]-benzaldehyde"", 'Nitensidine A', '2-methyl-5-[8(Z)-pentadecenyl]resorcinol', '2-hydroxyphenylacetic acid', '3-O-β-D-quinovopyranosyl quinovic acid', 'Gallic acid; 3,4,5-trihydroxybenzoic acid', 'Quercitrin, 3-O-α-rhamnosylquercetin', 'Caseobliquin A', 'Methyl angolensate', ""5-(3'' -Hydroxypropyl)-7-methoxy-2-(3',4' -methyl-enedioxyphenyl)benzofuran"", '22β-hydroxypristimerin', '1- (5,7-dihydroxy-2,2-dimethylchroman-6-yl)-3-(2,2-dimethylchroman- 6-yl)propan-1-one', 'Canavaline', 'Di-hydrodehydrodiconiferyl alcohol', 'Quercetin', '5-hydroxy-N-methylseverifoline', '19,20-Epoxycytochalasin N', 'ellagic acid 4-O-α-L-rhamnopyranoside; eschweilenol C', 'Mayoside C', 'Ourateacatechin', ""3',4',5',5,7-pentamethoxyflavone"", '2-methyl-5-pentadecylresorcinol', '3β-hydroxy-stigmast-5-en-7-one; 24-β-7-oxositosterol', 'scillascillin', 'Griseofulvin', ""7-Hydroxy-4',6-dimethoxyisoflavone; Afrormosin; Afromosin"", '8-methoxymellein', '(±)-Syringaresinol', 'Cyclo-(L-Pro-L-Val)', 'Acetonide of odoratol', '(−)-Grandisin', '2,7-Di-O-acetylcasearupestrin A', 'Nitensidine B', '1-methyl-2-n-nonyl-4-quinolone', '5-[8(Z),11(Z),14-pentadecatrienyl]resorcinol', 'Kokusaginine', ""2-(2'-O-trans-caffeoyl)-C-β-D-glucopyranosyl-1,3,6,7-tetrahydroxyxanthone"", 'Netzahualcoyene', 'Casearin X Dialdehyde; (2R*,4aS*,5S*,7R*,8R*,8aS*)-4,4a-Diformyl-1,2,4a,5,6,7,8,8a-octahydro-5-hydroxy-7,8-dimethyl-8-[(2Z)-3-methylpenta-2,4-dien-1-yl]naphthalen-2-yl Butanoate', 'polypodine B', 'n-Propyl gallate', ""3',4',5',5,7,8-hexamethoxyflavone"", 'Isopropyl gallate', 'Kaempferol', ""8-hydroxy-3,5,7,3',4',5'-hexamethoxyflavonol"", 'Odoratol', 'Leptomerine', '2,4,6-trimethoxybenzoic acid', '1-O-(E)-caffeoyl-β-D-glucopyranoside', 'Maculosidine', 'Podocarpusflavone A', 'Casearupestrin C', '6α-malonyloxy-n-butyl ester manoyl oxide', 'citrusinine-I', 'Ricinine', 'Leptophyllin A', '5-pentadecylresorcinol', '19,20-Epoxycytochalasin D', 'fumiquinozoline F', 'Kaempferol 3-O-α-L-rhamnopyranosyl (1→6)-O-[β -D-glucopyranosyl (1→3)-O-α-L-rhamnopyranosyl-(1→2)]-O-β -D-glucopyranosyl', 'Rel-2α-hydroxyzuelanin-6β-benzoate', '2,6-di-O-acetylcasearupestrin D', ""Methyl-2,2-dimethyl-8-(3'-methylbut-2'-enyl)chroman-6-carboxylate"", ""2',5-dihydroxy-3-methoxy-8-dimethylallyl-6, 7-(2' ',2''-dimethylpyrano)-dihydroflavonol"", '2-n-nonyl-4-quinolone', 'Cytochalasin D', 'Isoorientin', 'Piperol B', '(-)-Hardwickiic acid', ""5-[3''-(β-D-glucopyranosyloxy)propyl]-7-methoxy-2-(3',4'-methylenedioxyphenyl)benzofuran"", '28-O-β-D-glucopyranosyl quinovic acid', '2-Methyl-4-hydroxy-butyl caffeoate', 'N-1,N-2,N-3-Triisopentenylguanidine', 'Dibenzyl trisulphide', 'Maytenin, Tingenone', 'Uracil', '6β-hydroxy-7-epigardoside methyl ester', 'Tetrahydropiperyline, N-[10-(13,14-methylenedioxyphenyl)-pentanoyl]-pyrrolidine', 'Piperovatine', 'urauchimycin A', 'p-Coumaric acid', '(-)-Epigallocatechin', 'Netzahualcoyonol', '1-[3-(3,7-dimethylocta-2,6-dien-1-yl)-2,4,6- trihydroxyphenyl]-3-(4-hydroxyphenyl)propan-1-one', '6α-malonyloxymanoyl oxide', 'Benzylhydroxymethyl sulphide', '1,6-di-O-caffeoyl-β-D-glucopyranoside', '2-methyl-5-[8(Z),11(Z),14-pentadecatrienyl]resorcinol', '20-hydroxyecdysone; polypodine A', '3-Acetyl aleuritolic acid', 'Alkenoic acid', 'Quercetin 3-O-α-L-rhamnopyranosyl (1→6)-O-[β -D-glucopyranosyl (1→3)-O-α-L-rhamnopyranosyl-(1→2)]-O-β -D-glucopyranosyl', 'Heveaflavone', '3β-O-[α-L-rhamnopyranosyl-(1→2)-O-β-D-glucopyranosyl-(1→2)-O-β-D-glucopyranosyl]-28-O-β-D-glucopyranoside pomolate', 'Dibenzyl tetrasulphide', 'Arboreumine', '3-Oxoursolic acid', 'Casearupestrin B', 'toonacilin', 'urauchimycin B', 'Homoegonol', '[8]-gingerol', '4-Hydroxymellein', '5-hydroxymellein', 'fraxinellonone', 'Dibenzyl sulphide', '(-) Cis-4-hydroxy-6-deoxyscytalone', 'Plumericin', '5-[8(Z),11(Z)-pentadecadienyl]resorcinol', '(-)-Spectalinine', 'Pedalitin', ""Acteoside; [β-3,4-dihydroxyphenyl)-ethyl]-(3'-O-α-L-rhamnopyranosyl)-(4'-O-cafeoyl)-β-D-glycopyranoside, verbascoside"", '1-O-(E)-feruloyl-β-D-glucopyranoside', '19,20-Epoxycytochalasin C', 'n-Pentyl gallate', 'Orcinol', 'Periconicin B', 'Phomopsilactone', ""(2S)-8-Isopentyl-2-methyl-2-(4'-methylpentyl)chroman-6-carboxylic acid"", '2,2-dimethyl-2H-chromene-6-carboxylic acid', '1,2-dihydro- 3β-hydroxy-7-deacetoxy-7-oxogedunin', 'Photogedunin', 'Casearin X; (1R*,3S*,5S*,6aR*,7S*,8S*,10R*,10aR*)-1-(Acetyloxy)-3,5,6,6a,7,8,9,10-octahydro-10-hydroxy-7,8-dimethyl-7-[(2Z)-3-methylpenta-2,4-dien-1-yl]naphtho[1,8a-c]furan-3,5-diyl Dibutanoate', 'α-L-xylopyranosyl-(4""→20)-(3-O-β-D-glucopyranosyl)-1\'-O-E-caffeoyl-β-D-glucopyranoside', ""2-(R)-Methyl-6-(S)-(tetradecyl-13'-one)-3(R)-O-tert-butyldimethylsilyl-piperidine"", '(2S)-Methyl-2-methyl-8-(3""-methylbut-2""-enyl)-2-(4\'-methylpent-3\'-enyl)-2H-chromene-6-carboxylate', 'Casearin T', 'Dibenzyl disulphide', 'Proanthocyanidin', 'Piperyline, N-[10-(13,14-methylenedioxyphenyl)-7(E),9(E)-pentadienoyl]-pyrrolidine', 'ω-fenil alcanoic acid', '2-butyl-D-fructofuranoside', ""Gaudichaudianic acid; (2S)-2-methyl-2-(4'methyl-3'-pentenyl)-8-(3''-methyl-2-butenyl)- 2H-1-benzopyran-6-carboxylic acid"", 'limonexic acid', 'Netzahualcoyondiol', 'Pristimerin; 20α-3-hydroxy-2-oxo-24-nor-friedela-1-10,3,5,7-tetraen-carboxylic acid-29-methylester', '3,4,5-trimethoxyphenyl 1-O-β-D-apiofuranosyl-(1→6)-O-β-D-glucopyranoside', 'β-photogedunin', 'n-Butyl gallate', ""5-[3''-(β-D-glucopyranosyloxy)propyl]-7-methoxy-2-(3',4'-dimethoxyphenyl)benzofuran"", '3,12-Dihydroxycadalene', '7-hydroxy-3- (11-dimethylallyl)-8-methoxycoumarin', ""N-[7-(3',4'-methylenedioxyphenyl)-2(Z),4(Z)-heptadienoyl]pyrrolidine"", '19,20-Epoxycytochalasin R', 'Muraxanthone', '3,4,5-Triacetoxybenzoic acid', 'Odoratone', 'Di(benzyltrithio) methane', '3,11,12-Trihydroxycadalene', 'Quercetin 3-O-sophoroside', '(3R,4R)-3,4-Dihydro-4,6-dihydroxy-3-methyl-1-oxo-1H-isochromene-5-carboxylic acid', '24-methylene-3,22-dihydroxycholesterol', 'amorphispironone', 'Casearupestrin D', 'Chaetoglobosin B', ""2-(2'-O-benzoyl)-C-β-D-glucopyranosyl-1,3,6,7-tetrahydroxyxanthone"", 'Isoplumericin', 'Skimmianine', 'p-hydroxybenzoic acid-geranyl ester', 'Dipropyl disulphide', '2-methyl-5-[8(Z),11(Z)-pentadecadienyl]resorcinol', 'Methyl 6,7,8-trimethoxydihydrocinnamate', '2-Hexyl-3-methyl-butanodioic acid', 'neoisoastilbin', '(R)-7-Hydroxymellein', '6α-acetoxymanoyl oxide', 'Methyl-8-hydroxy-2,2-dimethylchroman-6-carboxylate', 'N-[10-(13,14-methylenedioxyphenyl)-7(E),9(Z)-pentadienoyl]-pyrrolidine', '6-[8(Z)-pentadecenyl]salicylic acid', '(2S)-2-methyl-8-(3""-methylbut-2""-enyl)-2-(4\'-methylpent-3\'-enyl)-2H-chromene-6-carboxylic acid', 'Burchellin', '5-[8(Z)-pentadecenyl]resorcinol', 'Luteolin; 2-(3,4-dihydroxyphenyl)-5,7-dihydroxy-4H-chromen-4-one', 'Sinapic acid', '19,20-Epoxycytochalasin Q', '2-oxo-piperol B; (7S*, 8R*, 1R*, 3R*)-3,4,5-trimethoxy-3,7-cyclo-8,1-neolig-8-ene-2,4(3H)-dione', 'taxifolin', ""(2'S)-2-(propan-2'-ol)-5-hydroxy-benzopyran-4-one"", 'Rel-(+)-(7S,9R,10S)-3,9,12-trihydroxycalamenene', 'Rel-6β-hydroxyzuelanin-2β-benzoate', 'shidasterone', '5-hydroxymethyl- 2-furancarboxaldehyde; 5-hydroxymethyl-2-furfuraldehyde', 'atalaphyllinine', 'N-[10- (13,14-methylenedioxyphenyl)-7(E)-pentaenoyl]-pyrrolidine', '2-Methyl-5-methoxy-benzopyran-4-one', '3,4-dihydroxybenzoic acid geranyl ester', '6α-acetoxy-14β,15β-epoxyazadirone', 'epoxy-fraxinellone', '12′-hydroxy-7′-multijuguinone', 'Kaempferitrin', 'Nitensidine C', '(+)-3-O-feruloylcassine', 'Salacin', '6-pentadecylsalicylic acid', 'Methyl-2,2-dimethylchroman-6-carboxylate', 'fraxinellone', '6-[ 8(Z),11(Z) -pentadecadienyl] salicylic acid', 'Gedunin', 'Pedalin, pedalitin 6-O-β -glucopyranoside', 'Caseargrewiin F; (1R*,3S*,5S*,6aR*,7S*,8R*,10R*,10aR*)-1,3-Bis(acetyloxy)-3,5,6,6a,7,8,9,10-octahydro-10-hydroxy-7,8-dimethyl-7-[(2Z)-3-methylpenta-2,4-dien-1-yl]naphtho[1,8a-c]furan-5-yl Butanoate', 'Casearin L; (1R*,3S*,5S*,6aR*,7R*,8R*,9S*,10S*,10aR*)-1,10-Bis(acetyloxy)-3,5,6,6a,7,8,9,10-octahydro-9-hydroxy-5-methoxy-7,8-dimethyl-7-[(2Z)-3-methylpenta-2,4-dien-1-yl]naphtho[1,8a-c]-furan-3-yl Butanoate', 'Platydesmine', 'Leiokinine A', 'Cabraleadiol', 'schaftoside', ""(2S)-Methyl-8-isopentyl-2-methyl-2-(4'-methylpentyl)chroman-6-carboxylate"", 'Casearupestrin A', 'Sorbifolin', ""Nitensoside A; Sorbifolin 6-O-α-rhamnopyranosyl(1'''→6'')-β-glucopyranoside"", 'Casearin O; (1R*,3S*,5S*,6aR*,7R*,8R*,9S*,10S*,10aR*)-1,10-Bis(acetyloxy)-5-methoxy-7,8-dimethyl-7-[(2Z)-3-methylpenta-2,4-dien-1-yl]-3,5,6,6a,7,8,9,10-octahydronaphtho[1,8a-c]furan-3,9-diyl Dibutanoate', 'germacrene D', 'Casearin S', '11β-acetoxyobacunone', '1-(5,7-dihydroxy-2,2-dimethylchroman- 6-yl)-3-[4-hydroxy-3-(3-methylbut-2-en-1-yl)- phenyl]propan-1-one', '(3R,4R)-4,7-Dihydroxymellein', ""Nitensoside B; Pedalitin 6-O-α-rhamnopyranosyl(1'''→6'')-β-glucopyranoside"", 'Methyl gallate', '3-O-β-D-quinovopyranosyl cincholic acid', 'Afzelin, 3-O-α-rhamnosyl kaempferol', 'Egonol', '4-Nerolidilcatechol', ""2-(2'-O-transcoumaroyl)-C-β-D-glucopyranosyl-1,3,6,7-tetrahydroxyxanthone"", 'Syringic acid', 'Viburgenin', ""Pterogynoside; Kaempferol-3-O-(3''-O-4'''-methylgallate-α-L-rhamnoside)"", 'Isobutyl gallate', '7′-multijuguinone', ""Myrsinoic acid A, 3-Geranyl-4-hydroxy-5-(3'',3''-dimethylallyl)benzoic acid"", '20α-Hydroxymaytenin; 20-hydroxy-20-epi-tingenone', '(-)-Epigallocatechin-3-O-gallate', 'Casearin D; (1R*,3S*,5S*,6aR*,7R*,8R*,9S*,10S*,10aR*)-1-(Acetyloxy)-3,5,6,6a,7,8,9,10-octahydro-5,10-dihydroxy-7,8-dimethyl-7-[(2Z)-3-methylpenta-2,4-dien-1-yl]naphtho[1,8a-c]furan-3,9-diyl Dibutanoate', 'Rel. (+)-(7S,10S) 3,12-dihydroxycalamenene', 'carlinoside', 'Methyl-8-(ethanoyloxy)-2,2-dimethyl-2H-chromene-6-carboxylate', 'Amentoflavone', '1-(5,7-dihydroxy-2,2-dimethylchroman-6-yl)-3-(1,1,4a-trimethyl-2,3,4,4a,9a-hexahydro-1H-xanthen-7-yl)propan-1-one', 'Methyl (E)-6,7,8-trimethoxycinnamate', '3,4,5-Trimethoxyphenyl-1-O-β-D-(5-O-syringoyl)-apiofuranosyl-(1→6)-β-D-glucopyranoside', '6-[8(Z),11(Z),14-pentadecatrienyl]salicylic acid', ""2-(2'-O-trans-cinnamoyl)-C-β-D-glucopyranosyl-1,3,6,7-tetrahydroxyxanthone"", 'Ocotillone', 'des-N-methylnoracronycine', 'Sorbifolin 6-O-β-glucopyranoside', '2β-Hydroxyzuelanin-6β-cinnamate', 'arjunolic acid', 'stachysterone', 'Ethyl 2,4-dihydroxy-5,6-dimethylbenzoate', 'Amentoflavone 7”,4”’-dimethyl ether', 'Picramnioside F', 'Lauryl gallate', 'Syringaldehyde', '22-hydroxytirucalla-7,24-diene-2,3-dione', 'Trans-3’-methylsulphonylallyl trans-cinnamate', '(3-(2-(4-hydroxyphenyl)-2-oxoethyl)-5,6-dihydropyridin- 2(1H)-one)', 'Mangiferin', '24-methylenecycloartan-3b-ol', 'Ixoside', 'Cognatine', 'Fagaramide', 'Chalepin', 'Chlorogenic acid', '(4R)-4,8-dihydroxy-α-tetralone']]",doi_name
"['10.1248/bpb.31.538', 'Methyl-2,2-dimethylchroman-6-carboxylate']","['10.1248/bpb.31.538', ['guaiol', 'γ-eudesmol', 'Hinesol', 'α-eudesmol', '11-O-trans-feruloylteucrein', 'Teucrein', 'Galioside aglicone', 'Apodanthoside', 'Galioside', '2,3-dihydro-4,9-dihydroxy-2-(2-hydroxy-propan-2-yl)- 11-methoxy-10-methylfuro[3,2-b]acridin-5(10H)-one', 'bis-5-hydroxyacronycine', 'Citibrasine', 'Chlorogenic acid methyl ester, Methyl (1S,3R,4R,5R)-3-{[(2E)-3-(3,4-dihydroxyphenyl)-2-propenoyl]oxy}-1,4,5-trihydroxycyclohexanecarboxylate', '(-)-3-O-acetyl-spectaline', '5,7-dimethoxy-2,2-dimethyl-2H-1-benzopyran-6-propanoate', 'Clusifoliol', ""Isoswertisin-4'-methyl-ether-2''α-L-rhamnoside"", '2-Episesalatin', 'Sesartemin', ""Isoswertisin-2''α1-L-rhamnoside"", 'Piscidinol A', 'cryptomeridiol', '3,11-dioxoolean-12-en-28- onic acid', 'Iso-odoratol', 'Oleanonic acid', 'Pentaol', 'Nilocetin', 'Hispidol A', 'Stearic acid 4-pentoyloxyphenethyl ester', '21β,25-dimethylmelianodiol', '3,21-Di-epi-feroniellide B', '21α,25-dimethylmelianodiol', 'astilbin; Rel-(2R, 3R)-dihydroquercetin-3-O-±-L-rhamnoside', '9-hydroxyeugenin', 'Mycoleptone A', 'Mycoleptone B', 'Eugenitin', 'Austdiol diacetate', '6-methoxyeugenin', 'Austdiol', 'Mycoleptone A tetraacetate', 'Taraxerol acetate', 'Methyl (3R,4R,5R)-3-{[(2Z)-3-(3,4-dihydroxyphenyl)-2-propenoyl]oxy}-1,4,5-trihydroxycyclohexanecarboxylate', 'Methyl (3R,4R,5R)-3-{[(2E)-3-(3,4-dihydroxyphenyl)-2-propenoyl]oxy}-1,4,5-trihydroxycyclohexanecarboxylate', '3,3-O-dimethylquercetin', 'penduletin 4-O-methyl ether', '2α,3α,19α- trihydroxyurs-12-en-28-oic acid', 'p-hydroxybenzoic acid', 'Chrysoeriol', 'acacetin', '2α,3α-dihydroxyolean-12- en-28-oic acid', '3,7,4-O-trimethylkaempferol', '3-O-methylquercetin', 'Anhydrofusarubin', 'Beauvericin', ""4-Methoxy-3-(3',7'-dimethylocta-2'-E-6'-dienyl)benzoic acid"", 'Methyl-8-hydroxy-2,2-dimethyl-2H-chromene-6-carboxylate', ""3-(3',7 '-dimethyl-2',6 '-octadienyl)-4-methoxy-benzoic acid"", 'cyclo (L)-Pro-Gly', ""Methyl 4-hydroxy-3-(3'-methyl-2'-butenyl)benzoate"", 'Methyl 2,2-dimethyl-1-oxo-2H-1-benzopyran-6-carboxylate', '3,4,5-Trimethoxydihydrocinnamic acid', ""Methyl taboganate; Methyl 4-hydroxy-3-(3'-methyl-1'-oxo-2'-butenyl)benzoate"", 'Piperaduncine B', ""4-Hydroxy-3-(3',7'-dimethylocta-2'-E-6'-dienyl)benzoic acid"", ""Hostmaniene; 4-Hydroxy-3-(2',3'-dihydroxy-3'-methylbutyl)benzoate"", ""2',6'-Dihydroxy-4'-methoxydihydrochalcone"", ""Methyl 4-hydroxy-3-(3'-methyl-2'-hydroxy-3'-butenyl)benzoate"", ""Aduncumene; Methyl 2-methoxy-5-(3'-methyl-1'-oxo-2'-butenyl)benzoate"", ""4-Hydroxy-(3',7'-dimethyl-1'-oxo-octa-2'-Z-6'-dienyl)benzoic acid"", ""3,4-dimethyl-2-(4'-hydroxy-3',5'-dimethoxyphenyl)-5-methoxy-tetrahydrofuran"", 'Xanthyletin', 'Aphidicolin', '(+)-Erythravine', '(+)-α-Hydroxyerysotrine', '(+)-11α-Hydroxyerythravine', 'Secoxyloganin', '7-Methoxydiderroside', ""6'-Acetyl-β-D-glucopyranosyldiderroside"", 'Diderroside', 'Deoxycordifoline', '3,4-dehydro-strictosidine', '3,4-dehydrostrictosidine acid', 'Turbinatine', 'Cordifoline', 'Strictosidine acid', '5α-carboxystrictosidine', 'Harman-3-carboxylic acid', ""3',4'-methylenedioxy-5,6,7- trimethoxyflavone"", ""3',4'-methylenedioxy-5,5',6,7-tetramethoxyflavone"", ""2'-hydroxy-3,4,4'-trimethoxy-5',6'-(2'',2''-dimethylpyrano)-chalcone"", ""3',4'-methylenedioxy-5,7-dimethoxyflavone"", '1,3,5-trihydroxy- 2,8-bis(3-methylbut-2-enyl)-10-methyl-9-acridone', '5-hydroxynoracronycine; Atalaphyllidine', '3,4-dihydro-3,5,8-trihydroxy-6-methoxy-2,2,7-trimethyl-2Hpyrano[ 2,3-a]acridin-12(7H)-one', 'Glycocitrine-IV', 'Pyranofoline', 'Glycocitrine-I', 'Citrusinine-I', '1,3,5-trihydroxy-4-methoxy-10-methyl- 2,8-bis(3-methylbut-2-enyl)acridin-9(10H)-one', 'Citrusinine-II', ""2-(1'-pentenyl)-Quinoline"", '2-n-Pentylquinoline', '2-n-Propylquinoline', ""2-(3',4'-methylenedioxyphenylethyl)-Quinoline"", 'Nitensidine E', 'Nitensidine D', ""4-Hydroxy-3-(3',7'-dimethyl-3'-hydroxy-1'-oxo-6'-octenyl)benzoic acid"", ""Sakuranetin; 5,4'-dihydroxy-7-methoxyflavanone"", ""1,4-Dihydroxy-2-(3',7'-dimethyl-1'-oxo-2'-E-6'-octadienyl)benzene"", ""4-Hydroxy-(3',7'-dimethyl-1'-oxo-octa-2'-E-6'-dienyl)benzoic acid"", ""Isosakuranetin; 5,7-dihydroxy-4'-methoxyflavanone"", 'Nectandrin B', 'Verrucosin', 'Epi-guaiacin', '7-Methyl-sargachromenol; 2,7,8-Trimethyl-2-[(3-E,7-Z)-4,12-dimethyl-8-carboxyl-3,7,11-tridecatrienyl]-3-chromen-6-ol, β-caroteno', ""Rel-(7R,8S,7'S,8'S)-4,5,4',5'-dimethylenedioxy-3,3'-dimethoxy-7,7'-epoxylignan"", ""Rel-(7R,8S,7'S,8'S)-4'-hydroxy-3,4,5,3',5'-pentamethoxy-7,7'-epoxylignan"", ""Rel-(7R,8S,7'S,8'S)-4',5'-methylenedioxy-3,4,5,3'-tetramethoxy-7,7'-epoxylignan"", ""Rel-(7R,8S,7'S,8'S)-4-hydroxy-4',5'-methylenedioxy-3,5,3'-trimethoxy-7,7'-epoxylignan"", ""Rel-(7R,8S,7'S,8'S)-9-hydroxy-4',5'-methylenedioxy-3,4,5,3'-tetramethoxy-7,7'-epoxylignan"", 'Ergosterol peroxide', 'Dimethyl terephthalate', 'Pimara-7,15-dien-3β-ol', '8-hydroxy-6-methoxy-3-methylisocoumarin', '(22E,24R)-ergosta-4,6,8(14),22-tetraen-3-one', '4-metoxi-6-[2-(metilamino)fenil]- 2H-piran-2-ona', ""Juruenolic acid; 2-(4'-Methylpentenyl-3)-10-oxoundecan-2,6-dienoic acid"", ""7,4'-Dihydroxyflavone"", '19´-(3,4-Methylenedioxyphenyl)-nonadecanoic acid', 'Sargachromenol', 'Sargaquinoic acid', '21´-(3,4-Methylenedioxyphenyl)-henicosanoic acid', ""7,4'-Dimethoxyflavone"", 'Farnisine', 'Tithonine', 'Fasciculiferin', '(+)-Guaiacin', '17-(3,4-Methylenedioxyphenyl)-heptadecanoic acid', 'Isopimpinellin', ""3',4',5',3,5,7,8-heptamethoxyflavone"", ""3,5,6,7,3',4',5'-heptamethoxyflavonol"", 'Methacrylic acid', 'Tagitinin C', '1-methoxy-3-hydroxy-3,10b-4,5a-diepoxy-8b-isobutyroyloxygermacr-11(13)-en-6a,12-olide', '5,7-dimethoxy-2,2-dimethyl-2H-1-benzopyran-6-propanoic acid', 'Ferulic acid', 'α-Gardiol', 'β-Gardiol', 'Kaempferol-3-O-D-galactopyranoside', '6-Hydroxy-rutin', 'Kaempferol-3-O-α-L-rhamnopyranosyl-(1-6)-α-L-rhamnopyranosyl-(1-4)-β-D-glucopyranoside', 'Kaempferol-3-O-D-glucopyranoside', 'Quercetin-3-O-α-L-rhamnopyranosyl-(1→6)-β-D-galactopyranoside', 'Procyanidin B-3', 'Kaempferol-3-O-α-L-rhamnopyranosyl-(1→6)-β-D-galactopyranoside', 'Kaempferol-3-O-rutinoside', 'Catechin, Ent-catechin', 'β-caryophyllene, trans-caryophyllene', ""N-[3-(6'-methoxy-3',4'-methy-lenedioxyphenyl)-2(Z)-propenoyl]pyrrolidine"", '4,5-dihydropiperlonguminine; Piperlonguminine', '10,11-dihydropiperine; Δα,β-dihydropiperine', '8,9-dihydropiplartine; N-(12,13,14-trimethoxydihydrocinnamoyl)-Δ3-pyridin-2-one', '4,5-dihydropiperyline', '(E)-piplartine', 'Piperine', '(Z)-piplartine; 8(Z)-N-(12,13, 14-trimethoxycinnamoyl)- 3-pyridin-2-one', 'Pellitorine', '(3Z,5Z)-N-isobutyl-8-(30,40-methylenedioxy-phenyl)-heptadienamide', 'Cusculine; 1,2,3,5,6-pentamethoxy-9-acridone', 'Cuspanine; 1-hydroxy-2,3,5,6-tetramethoxy-9-acridone', '2α,3α-Dihydroxy-urs-12-en-28-oic acid', '3-O-β-D-(6’-methyl)-glucopyranosyl-28-O-β-D-glucopyranosyl-oleanate', 'Oleanolic acid 3-sophoroside', '2-phenyl-4H-chromen-4-one', '5-hydroxyflavone', 'β-Sitosterol benzoate', 'Haplotusine', 'Sinapyl 4-O-β-D-glucopyranoside aldehyde', 'N-acetylnonaine', 'Liriodenine', 'Sinapyl 4-O-β-D-glucopyranoside alcohol', '[10]-gingerol', '3β-hydroxy-stigmast-5-en-7-one; 24-β-7-oxositosterol', 'scillascillin', ""2-(2'-O-trans-caffeoyl)-C-β-D-glucopyranosyl-1,3,6,7-tetrahydroxyxanthone"", 'Netzahualcoyene', 'Casearin X Dialdehyde; (2R*,4aS*,5S*,7R*,8R*,8aS*)-4,4a-Diformyl-1,2,4a,5,6,7,8,8a-octahydro-5-hydroxy-7,8-dimethyl-8-[(2Z)-3-methylpenta-2,4-dien-1-yl]naphthalen-2-yl Butanoate', 'polypodine B', 'n-Propyl gallate', ""3',4',5',5,7,8-hexamethoxyflavone"", 'Isopropyl gallate', '6β-hydroxy-7-epigardoside methyl ester', 'Tetrahydropiperyline, N-[10-(13,14-methylenedioxyphenyl)-pentanoyl]-pyrrolidine', 'Piperovatine', '2,4,6-trimethoxybenzoic acid', '1-O-(E)-caffeoyl-β-D-glucopyranoside', 'Piperol B', ""2,4-Dihydroxy-6-[(1'E,3'E)-penta-1', 3'-dienyl]-benzaldehyde"", 'Nitensidine A', ""8-hydroxy-3,5,7,3',4',5'-hexamethoxyflavonol"", 'Odoratol', 'Leptomerine', '5-hydroxy-N-methylseverifoline', '19,20-Epoxycytochalasin N', 'ellagic acid 4-O-α-L-rhamnopyranoside; eschweilenol C', 'Mayoside C', 'Ourateacatechin', ""3',4',5',5,7-pentamethoxyflavone"", '2-methyl-5-pentadecylresorcinol', 'Ixoside', '2β-Hydroxyzuelanin-6β-cinnamate', 'Cognatine', 'Fagaramide', '5-hydroxymellein', '22β-hydroxypristimerin', '1- (5,7-dihydroxy-2,2-dimethylchroman-6-yl)-3-(2,2-dimethylchroman- 6-yl)propan-1-one', 'Canavaline', 'Di-hydrodehydrodiconiferyl alcohol', 'Quercetin', ""2-(2'-O-trans-cinnamoyl)-C-β-D-glucopyranosyl-1,3,6,7-tetrahydroxyxanthone"", 'Kokusaginine', 'Ocotillone', 'des-N-methylnoracronycine', 'Sorbifolin 6-O-β-glucopyranoside', 'Rel-2α-hydroxyzuelanin-6β-benzoate', '2,6-di-O-acetylcasearupestrin D', ""Methyl-2,2-dimethyl-8-(3'-methylbut-2'-enyl)chroman-6-carboxylate"", '2,7-Di-O-acetylcasearupestrin A', 'Nitensidine B', 'Dibenzyl tetrasulphide', ""2',5-dihydroxy-3-methoxy-8-dimethylallyl-6, 7-(2' ',2''-dimethylpyrano)-dihydroflavonol"", '1-methyl-2-n-nonyl-4-quinolone', '5-[8(Z),11(Z),14-pentadecatrienyl]resorcinol', 'Gallic acid; 3,4,5-trihydroxybenzoic acid', 'Maculosidine', 'Podocarpusflavone A', 'Casearupestrin C', '6α-malonyloxy-n-butyl ester manoyl oxide', 'citrusinine-I', 'Ricinine', 'Leptophyllin A', '5-pentadecylresorcinol', 'Homoegonol', '[8]-gingerol', '4-Hydroxymellein', '1-[3-(3,7-dimethylocta-2,6-dien-1-yl)-2,4,6- trihydroxyphenyl]-3-(4-hydroxyphenyl)propan-1-one', '6α-malonyloxymanoyl oxide', 'Benzylhydroxymethyl sulphide', '1,6-di-O-caffeoyl-β-D-glucopyranoside', '2-methyl-5-[8(Z),11(Z),14-pentadecatrienyl]resorcinol', 'fraxinellonone', 'Dibenzyl sulphide', '(-) Cis-4-hydroxy-6-deoxyscytalone', 'Plumericin', '5-[8(Z),11(Z)-pentadecadienyl]resorcinol', '(-)-Spectalinine', 'Netzahualcoyondiol', '19,20-Epoxycytochalasin D', 'fumiquinozoline F', 'Kaempferol 3-O-α-L-rhamnopyranosyl (1→6)-O-[β -D-glucopyranosyl (1→3)-O-α-L-rhamnopyranosyl-(1→2)]-O-β -D-glucopyranosyl', '3β-O-[α-L-rhamnopyranosyl-(1→2)-O-β-D-glucopyranosyl-(1→2)-O-β-D-glucopyranosyl]-28-O-β-D-glucopyranoside pomolate', ""5-[3''-(β-D-glucopyranosyloxy)propyl]-7-methoxy-2-(3',4'-dimethoxyphenyl)benzofuran"", '3,12-Dihydroxycadalene', '7-hydroxy-3- (11-dimethylallyl)-8-methoxycoumarin', ""N-[7-(3',4'-methylenedioxyphenyl)-2(Z),4(Z)-heptadienoyl]pyrrolidine"", ""Acteoside; [β-3,4-dihydroxyphenyl)-ethyl]-(3'-O-α-L-rhamnopyranosyl)-(4'-O-cafeoyl)-β-D-glycopyranoside, verbascoside"", '20-hydroxyecdysone; polypodine A', '3-Acetyl aleuritolic acid', 'Alkenoic acid', 'Quercetin 3-O-α-L-rhamnopyranosyl (1→6)-O-[β -D-glucopyranosyl (1→3)-O-α-L-rhamnopyranosyl-(1→2)]-O-β -D-glucopyranosyl', '2-n-nonyl-4-quinolone', 'Cytochalasin D', 'Isoorientin', 'urauchimycin A', 'p-Coumaric acid', '(-)-Epigallocatechin', 'Netzahualcoyonol', '1,2-dihydro- 3β-hydroxy-7-deacetoxy-7-oxogedunin', ""5-[3''-(β-D-glucopyranosyloxy)propyl]-7-methoxy-2-(3',4'-methylenedioxyphenyl)benzofuran"", '28-O-β-D-glucopyranosyl quinovic acid', '2-Methyl-4-hydroxy-butyl caffeoate', 'N-1,N-2,N-3-Triisopentenylguanidine', 'Dibenzyl trisulphide', 'Maytenin, Tingenone', 'urauchimycin B', 'Quercitrin, 3-O-α-rhamnosylquercetin', 'Caseobliquin A', 'Methyl angolensate', ""5-(3'' -Hydroxypropyl)-7-methoxy-2-(3',4' -methyl-enedioxyphenyl)benzofuran"", 'Pristimerin; 20α-3-hydroxy-2-oxo-24-nor-friedela-1-10,3,5,7-tetraen-carboxylic acid-29-methylester', '3,4,5-trimethoxyphenyl 1-O-β-D-apiofuranosyl-(1→6)-O-β-D-glucopyranoside', 'β-photogedunin', 'n-Butyl gallate', '6α-acetoxy-14β,15β-epoxyazadirone', ""2-(R)-Methyl-6-(S)-(tetradecyl-13'-one)-3(R)-O-tert-butyldimethylsilyl-piperidine"", 'Heveaflavone', 'Arboreumine', '3-Oxoursolic acid', 'Casearupestrin B', 'toonacilin', 'Uracil', '1-O-(E)-feruloyl-β-D-glucopyranoside', '19,20-Epoxycytochalasin C', 'n-Pentyl gallate', 'Orcinol', 'Periconicin B', 'Phomopsilactone', ""(2S)-8-Isopentyl-2-methyl-2-(4'-methylpentyl)chroman-6-carboxylic acid"", '2,2-dimethyl-2H-chromene-6-carboxylic acid', '3,11,12-Trihydroxycadalene', 'Quercetin 3-O-sophoroside', '(3R,4R)-3,4-Dihydro-4,6-dihydroxy-3-methyl-1-oxo-1H-isochromene-5-carboxylic acid', '24-methylene-3,22-dihydroxycholesterol', 'amorphispironone', 'Casearupestrin D', 'Photogedunin', 'Casearin X; (1R*,3S*,5S*,6aR*,7S*,8S*,10R*,10aR*)-1-(Acetyloxy)-3,5,6,6a,7,8,9,10-octahydro-10-hydroxy-7,8-dimethyl-7-[(2Z)-3-methylpenta-2,4-dien-1-yl]naphtho[1,8a-c]furan-3,5-diyl Dibutanoate', 'Skimmianine', 'p-hydroxybenzoic acid-geranyl ester', 'Dibenzyl disulphide', 'Proanthocyanidin', 'neoisoastilbin', '(R)-7-Hydroxymellein', '6α-acetoxymanoyl oxide', 'Methyl-8-hydroxy-2,2-dimethylchroman-6-carboxylate', 'Dipropyl disulphide', '2-methyl-5-[8(Z),11(Z)-pentadecadienyl]resorcinol', 'Methyl 6,7,8-trimethoxydihydrocinnamate', '2-Hexyl-3-methyl-butanodioic acid', 'fraxinellone', '6-[ 8(Z),11(Z) -pentadecadienyl] salicylic acid', '6-[8(Z)-pentadecenyl]salicylic acid', '(2S)-Methyl-2-methyl-8-(3""-methylbut-2""-enyl)-2-(4\'-methylpent-3\'-enyl)-2H-chromene-6-carboxylate', 'Casearin T', 'Piperyline, N-[10-(13,14-methylenedioxyphenyl)-7(E),9(E)-pentadienoyl]-pyrrolidine', 'ω-fenil alcanoic acid', '2-butyl-D-fructofuranoside', ""Gaudichaudianic acid; (2S)-2-methyl-2-(4'methyl-3'-pentenyl)-8-(3''-methyl-2-butenyl)- 2H-1-benzopyran-6-carboxylic acid"", 'limonexic acid', 'Pedalitin', 'Di(benzyltrithio) methane', 'Muraxanthone', 'Odoratone', 'Rel-6β-hydroxyzuelanin-2β-benzoate', 'shidasterone', '5-hydroxymethyl- 2-furancarboxaldehyde; 5-hydroxymethyl-2-furfuraldehyde', 'atalaphyllinine', 'N-[10- (13,14-methylenedioxyphenyl)-7(E)-pentaenoyl]-pyrrolidine', '2-Methyl-5-methoxy-benzopyran-4-one', 'Chaetoglobosin B', ""2-(2'-O-benzoyl)-C-β-D-glucopyranosyl-1,3,6,7-tetrahydroxyxanthone"", 'Isoplumericin', 'α-L-xylopyranosyl-(4""→20)-(3-O-β-D-glucopyranosyl)-1\'-O-E-caffeoyl-β-D-glucopyranoside', 'epoxy-fraxinellone', '12′-hydroxy-7′-multijuguinone', 'Kaempferitrin', 'Nitensidine C', 'Caseargrewiin F; (1R*,3S*,5S*,6aR*,7S*,8R*,10R*,10aR*)-1,3-Bis(acetyloxy)-3,5,6,6a,7,8,9,10-octahydro-10-hydroxy-7,8-dimethyl-7-[(2Z)-3-methylpenta-2,4-dien-1-yl]naphtho[1,8a-c]furan-5-yl Butanoate', 'Casearin L; (1R*,3S*,5S*,6aR*,7R*,8R*,9S*,10S*,10aR*)-1,10-Bis(acetyloxy)-3,5,6,6a,7,8,9,10-octahydro-9-hydroxy-5-methoxy-7,8-dimethyl-7-[(2Z)-3-methylpenta-2,4-dien-1-yl]naphtho[1,8a-c]-furan-3-yl Butanoate', 'Platydesmine', 'Leiokinine A', 'Cabraleadiol', 'schaftoside', ""(2S)-Methyl-8-isopentyl-2-methyl-2-(4'-methylpentyl)chroman-6-carboxylate"", '3,4,5-Triacetoxybenzoic acid', 'Casearupestrin A', '(2S)-2-methyl-8-(3""-methylbut-2""-enyl)-2-(4\'-methylpent-3\'-enyl)-2H-chromene-6-carboxylic acid', 'Burchellin', '5-[8(Z)-pentadecenyl]resorcinol', 'Luteolin; 2-(3,4-dihydroxyphenyl)-5,7-dihydroxy-4H-chromen-4-one', 'Sinapic acid', '19,20-Epoxycytochalasin Q', '19,20-Epoxycytochalasin R', 'Casearin S', '11β-acetoxyobacunone', '1-(5,7-dihydroxy-2,2-dimethylchroman- 6-yl)-3-[4-hydroxy-3-(3-methylbut-2-en-1-yl)- phenyl]propan-1-one', '(3R,4R)-4,7-Dihydroxymellein', ""Nitensoside B; Pedalitin 6-O-α-rhamnopyranosyl(1'''→6'')-β-glucopyranoside"", 'Amentoflavone', 'Methyl gallate', '3-O-β-D-quinovopyranosyl cincholic acid', 'Afzelin, 3-O-α-rhamnosyl kaempferol', 'Egonol', '4-Nerolidilcatechol', ""2-(2'-O-transcoumaroyl)-C-β-D-glucopyranosyl-1,3,6,7-tetrahydroxyxanthone"", '3,4-dihydroxybenzoic acid geranyl ester', 'N-[10-(13,14-methylenedioxyphenyl)-7(E),9(Z)-pentadienoyl]-pyrrolidine', 'Gedunin', 'Pedalin, pedalitin 6-O-β -glucopyranoside', '1-(5,7-dihydroxy-2,2-dimethylchroman-6-yl)-3-(1,1,4a-trimethyl-2,3,4,4a,9a-hexahydro-1H-xanthen-7-yl)propan-1-one', 'Methyl (E)-6,7,8-trimethoxycinnamate', '3,4,5-Trimethoxyphenyl-1-O-β-D-(5-O-syringoyl)-apiofuranosyl-(1→6)-β-D-glucopyranoside', '6-[8(Z),11(Z),14-pentadecatrienyl]salicylic acid', 'Sorbifolin', ""Nitensoside A; Sorbifolin 6-O-α-rhamnopyranosyl(1'''→6'')-β-glucopyranoside"", 'Casearin O; (1R*,3S*,5S*,6aR*,7R*,8R*,9S*,10S*,10aR*)-1,10-Bis(acetyloxy)-5-methoxy-7,8-dimethyl-7-[(2Z)-3-methylpenta-2,4-dien-1-yl]-3,5,6,6a,7,8,9,10-octahydronaphtho[1,8a-c]furan-3,9-diyl Dibutanoate', 'germacrene D', '6-pentadecylsalicylic acid', 'Methyl-2,2-dimethylchroman-6-carboxylate', ""Myrsinoic acid A, 3-Geranyl-4-hydroxy-5-(3'',3''-dimethylallyl)benzoic acid"", '20α-Hydroxymaytenin; 20-hydroxy-20-epi-tingenone', '2-oxo-piperol B; (7S*, 8R*, 1R*, 3R*)-3,4,5-trimethoxy-3,7-cyclo-8,1-neolig-8-ene-2,4(3H)-dione', 'taxifolin', ""(2'S)-2-(propan-2'-ol)-5-hydroxy-benzopyran-4-one"", 'Rel-(+)-(7S,9R,10S)-3,9,12-trihydroxycalamenene', '(-)-Epigallocatechin-3-O-gallate', 'Casearin D; (1R*,3S*,5S*,6aR*,7R*,8R*,9S*,10S*,10aR*)-1-(Acetyloxy)-3,5,6,6a,7,8,9,10-octahydro-5,10-dihydroxy-7,8-dimethyl-7-[(2Z)-3-methylpenta-2,4-dien-1-yl]naphtho[1,8a-c]furan-3,9-diyl Dibutanoate', 'Rel. (+)-(7S,10S) 3,12-dihydroxycalamenene', 'carlinoside', 'Methyl-8-(ethanoyloxy)-2,2-dimethyl-2H-chromene-6-carboxylate', 'arjunolic acid', 'stachysterone', 'Ethyl 2,4-dihydroxy-5,6-dimethylbenzoate', 'Amentoflavone 7”,4”’-dimethyl ether', 'Picramnioside F', 'Lauryl gallate', 'Syringaldehyde', '22-hydroxytirucalla-7,24-diene-2,3-dione', 'Trans-3’-methylsulphonylallyl trans-cinnamate', 'Syringic acid', '(+)-3-O-feruloylcassine', '(-)-Hardwickiic acid', '(3-(2-(4-hydroxyphenyl)-2-oxoethyl)-5,6-dihydropyridin- 2(1H)-one)', 'Mangiferin', 'Salacin', 'Viburgenin', ""Pterogynoside; Kaempferol-3-O-(3''-O-4'''-methylgallate-α-L-rhamnoside)"", 'Isobutyl gallate', '7′-multijuguinone', 'Griseofulvin', ""7-Hydroxy-4',6-dimethoxyisoflavone; Afrormosin; Afromosin"", '8-methoxymellein', '(±)-Syringaresinol', 'Cyclo-(L-Pro-L-Val)', 'Acetonide of odoratol', '(−)-Grandisin', '24-methylenecycloartan-3b-ol', 'Chalepin', 'Chlorogenic acid', '(4R)-4,8-dihydroxy-α-tetralone', 'Kaempferol', '3-O-β-D-quinovopyranosyl quinovic acid', '2-hydroxyphenylacetic acid', '2-methyl-5-[8(Z)-pentadecenyl]resorcinol']]",doi_name
"['10.5935/0100-4042.20140049', '3-Oxoursolic acid']","['10.5935/0100-4042.20140049', ['2α,3α-Dihydroxy-urs-12-en-28-oic acid', 'Haplotusine', '5-hydroxyflavone', 'β-Sitosterol benzoate', '2-phenyl-4H-chromen-4-one', 'Oleanolic acid 3-sophoroside', '3-O-β-D-(6’-methyl)-glucopyranosyl-28-O-β-D-glucopyranosyl-oleanate', 'Sinapyl 4-O-β-D-glucopyranoside aldehyde', 'N-acetylnonaine', 'Sinapyl 4-O-β-D-glucopyranoside alcohol', 'Liriodenine', 'γ-eudesmol', 'guaiol', 'Hinesol', 'α-eudesmol', ""3',4',5',3,5,7,8-heptamethoxyflavone"", ""3,5,6,7,3',4',5'-heptamethoxyflavonol"", 'Galioside aglicone', '11-O-trans-feruloylteucrein', 'Teucrein', 'Apodanthoside', 'Galioside', 'Anhydrofusarubin', 'Beauvericin', 'Kaempferol-3-O-D-galactopyranoside', 'Kaempferol-3-O-D-glucopyranoside', 'Kaempferol-3-O-α-L-rhamnopyranosyl-(1-6)-α-L-rhamnopyranosyl-(1-4)-β-D-glucopyranoside', 'Quercetin-3-O-α-L-rhamnopyranosyl-(1→6)-β-D-galactopyranoside', '6-Hydroxy-rutin', 'Kaempferol-3-O-α-L-rhamnopyranosyl-(1→6)-β-D-galactopyranoside', 'Kaempferol-3-O-rutinoside', 'Procyanidin B-3', 'Catechin, Ent-catechin', '5,7-dimethoxy-2,2-dimethyl-2H-1-benzopyran-6-propanoic acid', 'Pimara-7,15-dien-3β-ol', 'Dimethyl terephthalate', '8-hydroxy-6-methoxy-3-methylisocoumarin', 'Ergosterol peroxide', '(22E,24R)-ergosta-4,6,8(14),22-tetraen-3-one', 'Chlorogenic acid methyl ester, Methyl (1S,3R,4R,5R)-3-{[(2E)-3-(3,4-dihydroxyphenyl)-2-propenoyl]oxy}-1,4,5-trihydroxycyclohexanecarboxylate', 'Methyl (3R,4R,5R)-3-{[(2E)-3-(3,4-dihydroxyphenyl)-2-propenoyl]oxy}-1,4,5-trihydroxycyclohexanecarboxylate', 'Methyl (3R,4R,5R)-3-{[(2Z)-3-(3,4-dihydroxyphenyl)-2-propenoyl]oxy}-1,4,5-trihydroxycyclohexanecarboxylate', ""Isoswertisin-4'-methyl-ether-2''α-L-rhamnoside"", '2-Episesalatin', 'Clusifoliol', ""Isoswertisin-2''α1-L-rhamnoside"", 'Sesartemin', 'Methacrylic acid', ""4-Hydroxy-3-(3',7'-dimethyl-3'-hydroxy-1'-oxo-6'-octenyl)benzoic acid"", ""Isosakuranetin; 5,7-dihydroxy-4'-methoxyflavanone"", ""4-Hydroxy-(3',7'-dimethyl-1'-oxo-octa-2'-E-6'-dienyl)benzoic acid"", ""Sakuranetin; 5,4'-dihydroxy-7-methoxyflavanone"", ""1,4-Dihydroxy-2-(3',7'-dimethyl-1'-oxo-2'-E-6'-octadienyl)benzene"", '(+)-11α-Hydroxyerythravine', '(+)-Erythravine', '(+)-α-Hydroxyerysotrine', ""7,4'-Dihydroxyflavone"", ""7,4'-Dimethoxyflavone"", 'Farnisine', '(+)-Guaiacin', '21´-(3,4-Methylenedioxyphenyl)-henicosanoic acid', '19´-(3,4-Methylenedioxyphenyl)-nonadecanoic acid', 'Sargachromenol', 'Sargaquinoic acid', '17-(3,4-Methylenedioxyphenyl)-heptadecanoic acid', ""Juruenolic acid; 2-(4'-Methylpentenyl-3)-10-oxoundecan-2,6-dienoic acid"", 'Tithonine', 'Fasciculiferin', '5,7-dimethoxy-2,2-dimethyl-2H-1-benzopyran-6-propanoate', ""Methyl 4-hydroxy-3-(3'-methyl-2'-hydroxy-3'-butenyl)benzoate"", ""4-Hydroxy-(3',7'-dimethyl-1'-oxo-octa-2'-Z-6'-dienyl)benzoic acid"", ""Aduncumene; Methyl 2-methoxy-5-(3'-methyl-1'-oxo-2'-butenyl)benzoate"", 'Piperaduncine B', ""4-Hydroxy-3-(3',7'-dimethylocta-2'-E-6'-dienyl)benzoic acid"", ""Hostmaniene; 4-Hydroxy-3-(2',3'-dihydroxy-3'-methylbutyl)benzoate"", ""Methyl 4-hydroxy-3-(3'-methyl-2'-butenyl)benzoate"", 'Methyl 2,2-dimethyl-1-oxo-2H-1-benzopyran-6-carboxylate', '3,4,5-Trimethoxydihydrocinnamic acid', ""2',6'-Dihydroxy-4'-methoxydihydrochalcone"", ""Methyl taboganate; Methyl 4-hydroxy-3-(3'-methyl-1'-oxo-2'-butenyl)benzoate"", '4-metoxi-6-[2-(metilamino)fenil]- 2H-piran-2-ona', ""3,4-dimethyl-2-(4'-hydroxy-3',5'-dimethoxyphenyl)-5-methoxy-tetrahydrofuran"", 'Piscidinol A', 'Pentaol', 'Iso-odoratol', '3,11-dioxoolean-12-en-28- onic acid', 'cryptomeridiol', 'Oleanonic acid', 'Nilocetin', 'Hispidol A', '7-Methoxydiderroside', 'Secoxyloganin', 'Diderroside', ""6'-Acetyl-β-D-glucopyranosyldiderroside"", '(-)-3-O-acetyl-spectaline', 'Taraxerol acetate', 'astilbin; Rel-(2R, 3R)-dihydroquercetin-3-O-±-L-rhamnoside', 'Stearic acid 4-pentoyloxyphenethyl ester', 'Aphidicolin', 'penduletin 4-O-methyl ether', '2α,3α,19α- trihydroxyurs-12-en-28-oic acid', '3,3-O-dimethylquercetin', 'acacetin', 'Chrysoeriol', '3-O-methylquercetin', '2α,3α-dihydroxyolean-12- en-28-oic acid', 'p-hydroxybenzoic acid', '3,7,4-O-trimethylkaempferol', 'Isopimpinellin', 'Strictosidine acid', 'Deoxycordifoline', '3,4-dehydrostrictosidine acid', 'Cordifoline', 'Harman-3-carboxylic acid', '3,4-dehydro-strictosidine', '5α-carboxystrictosidine', 'Turbinatine', 'cyclo (L)-Pro-Gly', 'Nitensidine D', 'Nitensidine E', 'Citrusinine-II', '3,4-dihydro-3,5,8-trihydroxy-6-methoxy-2,2,7-trimethyl-2Hpyrano[ 2,3-a]acridin-12(7H)-one', 'Glycocitrine-IV', '1,3,5-trihydroxy- 2,8-bis(3-methylbut-2-enyl)-10-methyl-9-acridone', '5-hydroxynoracronycine; Atalaphyllidine', 'Glycocitrine-I', 'Citrusinine-I', 'Pyranofoline', '1,3,5-trihydroxy-4-methoxy-10-methyl- 2,8-bis(3-methylbut-2-enyl)acridin-9(10H)-one', '9-hydroxyeugenin', 'Mycoleptone A', 'Eugenitin', 'Mycoleptone B', 'Austdiol', 'Mycoleptone A tetraacetate', '6-methoxyeugenin', 'Austdiol diacetate', '2-n-Pentylquinoline', ""2-(3',4'-methylenedioxyphenylethyl)-Quinoline"", ""2-(1'-pentenyl)-Quinoline"", '2-n-Propylquinoline', 'Tagitinin C', '1-methoxy-3-hydroxy-3,10b-4,5a-diepoxy-8b-isobutyroyloxygermacr-11(13)-en-6a,12-olide', ""2'-hydroxy-3,4,4'-trimethoxy-5',6'-(2'',2''-dimethylpyrano)-chalcone"", ""3',4'-methylenedioxy-5,5',6,7-tetramethoxyflavone"", ""3',4'-methylenedioxy-5,6,7- trimethoxyflavone"", ""3',4'-methylenedioxy-5,7-dimethoxyflavone"", 'Xanthyletin', ""4-Methoxy-3-(3',7'-dimethylocta-2'-E-6'-dienyl)benzoic acid"", 'Methyl-8-hydroxy-2,2-dimethyl-2H-chromene-6-carboxylate', ""3-(3',7 '-dimethyl-2',6 '-octadienyl)-4-methoxy-benzoic acid"", ""Rel-(7R,8S,7'S,8'S)-4,5,4',5'-dimethylenedioxy-3,3'-dimethoxy-7,7'-epoxylignan"", ""Rel-(7R,8S,7'S,8'S)-4',5'-methylenedioxy-3,4,5,3'-tetramethoxy-7,7'-epoxylignan"", ""Rel-(7R,8S,7'S,8'S)-4'-hydroxy-3,4,5,3',5'-pentamethoxy-7,7'-epoxylignan"", ""Rel-(7R,8S,7'S,8'S)-4-hydroxy-4',5'-methylenedioxy-3,5,3'-trimethoxy-7,7'-epoxylignan"", ""Rel-(7R,8S,7'S,8'S)-9-hydroxy-4',5'-methylenedioxy-3,4,5,3'-tetramethoxy-7,7'-epoxylignan"", '(3Z,5Z)-N-isobutyl-8-(30,40-methylenedioxy-phenyl)-heptadienamide', 'Piperine', '4,5-dihydropiperlonguminine; Piperlonguminine', ""N-[3-(6'-methoxy-3',4'-methy-lenedioxyphenyl)-2(Z)-propenoyl]pyrrolidine"", '4,5-dihydropiperyline', '(Z)-piplartine; 8(Z)-N-(12,13, 14-trimethoxycinnamoyl)- 3-pyridin-2-one', '(E)-piplartine', '8,9-dihydropiplartine; N-(12,13,14-trimethoxydihydrocinnamoyl)-Δ3-pyridin-2-one', '10,11-dihydropiperine; Δα,β-dihydropiperine', 'Pellitorine', '3,21-Di-epi-feroniellide B', '21α,25-dimethylmelianodiol', '21β,25-dimethylmelianodiol', 'α-Gardiol', 'Ferulic acid', 'β-Gardiol', 'Nectandrin B', '7-Methyl-sargachromenol; 2,7,8-Trimethyl-2-[(3-E,7-Z)-4,12-dimethyl-8-carboxyl-3,7,11-tridecatrienyl]-3-chromen-6-ol, β-caroteno', 'Epi-guaiacin', 'Verrucosin', 'Citibrasine', 'bis-5-hydroxyacronycine', '2,3-dihydro-4,9-dihydroxy-2-(2-hydroxy-propan-2-yl)- 11-methoxy-10-methylfuro[3,2-b]acridin-5(10H)-one', 'β-caryophyllene, trans-caryophyllene', 'Cusculine; 1,2,3,5,6-pentamethoxy-9-acridone', 'Cuspanine; 1-hydroxy-2,3,5,6-tetramethoxy-9-acridone', '[10]-gingerol', ""2,4-Dihydroxy-6-[(1'E,3'E)-penta-1', 3'-dienyl]-benzaldehyde"", '2-methyl-5-[8(Z)-pentadecenyl]resorcinol', 'Nitensidine A', '2-methyl-5-pentadecylresorcinol', '3β-hydroxy-stigmast-5-en-7-one; 24-β-7-oxositosterol', 'scillascillin', '(4R)-4,8-dihydroxy-α-tetralone', 'Pristimerin; 20α-3-hydroxy-2-oxo-24-nor-friedela-1-10,3,5,7-tetraen-carboxylic acid-29-methylester', '3,4,5-trimethoxyphenyl 1-O-β-D-apiofuranosyl-(1→6)-O-β-D-glucopyranoside', 'β-photogedunin', 'n-Butyl gallate', ""5-[3''-(β-D-glucopyranosyloxy)propyl]-7-methoxy-2-(3',4'-dimethoxyphenyl)benzofuran"", '3,12-Dihydroxycadalene', '7-hydroxy-3- (11-dimethylallyl)-8-methoxycoumarin', '(3-(2-(4-hydroxyphenyl)-2-oxoethyl)-5,6-dihydropyridin- 2(1H)-one)', 'Ocotillone', 'des-N-methylnoracronycine', 'Sorbifolin 6-O-β-glucopyranoside', 'Rel-2α-hydroxyzuelanin-6β-benzoate', '2,6-di-O-acetylcasearupestrin D', '2-hydroxyphenylacetic acid', ""8-hydroxy-3,5,7,3',4',5'-hexamethoxyflavonol"", 'Odoratol', 'Leptomerine', '5-hydroxy-N-methylseverifoline', '19,20-Epoxycytochalasin N', 'ellagic acid 4-O-α-L-rhamnopyranoside; eschweilenol C', 'Mayoside C', 'Ourateacatechin', ""3',4',5',5,7-pentamethoxyflavone"", 'Ixoside', 'Maculosidine', 'Podocarpusflavone A', 'Casearupestrin C', '6α-malonyloxy-n-butyl ester manoyl oxide', 'citrusinine-I', 'Ricinine', 'Caseobliquin A', 'Methyl angolensate', ""5-(3'' -Hydroxypropyl)-7-methoxy-2-(3',4' -methyl-enedioxyphenyl)benzofuran"", '22β-hydroxypristimerin', '1- (5,7-dihydroxy-2,2-dimethylchroman-6-yl)-3-(2,2-dimethylchroman- 6-yl)propan-1-one', 'Canavaline', 'Di-hydrodehydrodiconiferyl alcohol', 'Quercetin', ""2-(2'-O-trans-cinnamoyl)-C-β-D-glucopyranosyl-1,3,6,7-tetrahydroxyxanthone"", 'Kokusaginine', 'Isoorientin', 'n-Propyl gallate', ""3',4',5',5,7,8-hexamethoxyflavone"", 'Isopropyl gallate', '6β-hydroxy-7-epigardoside methyl ester', 'Tetrahydropiperyline, N-[10-(13,14-methylenedioxyphenyl)-pentanoyl]-pyrrolidine', 'Piperovatine', '2,4,6-trimethoxybenzoic acid', '1-O-(E)-caffeoyl-β-D-glucopyranoside', 'Quercitrin, 3-O-α-rhamnosylquercetin', ""Methyl-2,2-dimethyl-8-(3'-methylbut-2'-enyl)chroman-6-carboxylate"", '2,7-Di-O-acetylcasearupestrin A', 'Nitensidine B', '1-methyl-2-n-nonyl-4-quinolone', '5-[8(Z),11(Z),14-pentadecatrienyl]resorcinol', 'Gallic acid; 3,4,5-trihydroxybenzoic acid', '1-[3-(3,7-dimethylocta-2,6-dien-1-yl)-2,4,6- trihydroxyphenyl]-3-(4-hydroxyphenyl)propan-1-one', '6α-malonyloxymanoyl oxide', 'Benzylhydroxymethyl sulphide', '1,6-di-O-caffeoyl-β-D-glucopyranoside', '2-methyl-5-[8(Z),11(Z),14-pentadecatrienyl]resorcinol', 'epoxy-fraxinellone', 'Leptophyllin A', '5-pentadecylresorcinol', '19,20-Epoxycytochalasin D', 'fumiquinozoline F', 'Kaempferol 3-O-α-L-rhamnopyranosyl (1→6)-O-[β -D-glucopyranosyl (1→3)-O-α-L-rhamnopyranosyl-(1→2)]-O-β -D-glucopyranosyl', '3β-O-[α-L-rhamnopyranosyl-(1→2)-O-β-D-glucopyranosyl-(1→2)-O-β-D-glucopyranosyl]-28-O-β-D-glucopyranoside pomolate', 'Dibenzyl tetrasulphide', ""2',5-dihydroxy-3-methoxy-8-dimethylallyl-6, 7-(2' ',2''-dimethylpyrano)-dihydroflavonol"", '2-n-nonyl-4-quinolone', 'Cytochalasin D', 'Alkenoic acid', ""5-[3''-(β-D-glucopyranosyloxy)propyl]-7-methoxy-2-(3',4'-methylenedioxyphenyl)benzofuran"", '28-O-β-D-glucopyranosyl quinovic acid', '2-Methyl-4-hydroxy-butyl caffeoate', 'N-1,N-2,N-3-Triisopentenylguanidine', 'Dibenzyl trisulphide', 'Maytenin, Tingenone', 'urauchimycin B', ""2-(2'-O-trans-caffeoyl)-C-β-D-glucopyranosyl-1,3,6,7-tetrahydroxyxanthone"", 'Netzahualcoyene', 'Casearin X Dialdehyde; (2R*,4aS*,5S*,7R*,8R*,8aS*)-4,4a-Diformyl-1,2,4a,5,6,7,8,8a-octahydro-5-hydroxy-7,8-dimethyl-8-[(2Z)-3-methylpenta-2,4-dien-1-yl]naphthalen-2-yl Butanoate', 'polypodine B', 'urauchimycin A', 'p-Coumaric acid', '(-)-Epigallocatechin', 'Netzahualcoyonol', 'Uracil', '1-O-(E)-feruloyl-β-D-glucopyranoside', '19,20-Epoxycytochalasin C', 'n-Pentyl gallate', 'Orcinol', '12′-hydroxy-7′-multijuguinone', 'Kaempferitrin', 'Nitensidine C', 'Dipropyl disulphide', '2-methyl-5-[8(Z),11(Z)-pentadecadienyl]resorcinol', 'Methyl 6,7,8-trimethoxydihydrocinnamate', '2-Hexyl-3-methyl-butanodioic acid', 'fraxinellone', '6-[ 8(Z),11(Z) -pentadecadienyl] salicylic acid', '20-hydroxyecdysone; polypodine A', '3-Acetyl aleuritolic acid', ""(2S)-8-Isopentyl-2-methyl-2-(4'-methylpentyl)chroman-6-carboxylic acid"", '2,2-dimethyl-2H-chromene-6-carboxylic acid', '1,2-dihydro- 3β-hydroxy-7-deacetoxy-7-oxogedunin', 'Photogedunin', 'Casearin X; (1R*,3S*,5S*,6aR*,7S*,8S*,10R*,10aR*)-1-(Acetyloxy)-3,5,6,6a,7,8,9,10-octahydro-10-hydroxy-7,8-dimethyl-7-[(2Z)-3-methylpenta-2,4-dien-1-yl]naphtho[1,8a-c]furan-3,5-diyl Dibutanoate', ""2-(R)-Methyl-6-(S)-(tetradecyl-13'-one)-3(R)-O-tert-butyldimethylsilyl-piperidine"", '(2S)-Methyl-2-methyl-8-(3""-methylbut-2""-enyl)-2-(4\'-methylpent-3\'-enyl)-2H-chromene-6-carboxylate', 'Casearin T', 'Piperyline, N-[10-(13,14-methylenedioxyphenyl)-7(E),9(E)-pentadienoyl]-pyrrolidine', 'ω-fenil alcanoic acid', 'Quercetin 3-O-α-L-rhamnopyranosyl (1→6)-O-[β -D-glucopyranosyl (1→3)-O-α-L-rhamnopyranosyl-(1→2)]-O-β -D-glucopyranosyl', 'Heveaflavone', 'Arboreumine', '3-Oxoursolic acid', 'Casearupestrin B', 'toonacilin', ""Gaudichaudianic acid; (2S)-2-methyl-2-(4'methyl-3'-pentenyl)-8-(3''-methyl-2-butenyl)- 2H-1-benzopyran-6-carboxylic acid"", 'limonexic acid', 'Pedalitin', 'Di(benzyltrithio) methane', '3,11,12-Trihydroxycadalene', 'Quercetin 3-O-sophoroside', '(3R,4R)-3,4-Dihydro-4,6-dihydroxy-3-methyl-1-oxo-1H-isochromene-5-carboxylic acid', '24-methylene-3,22-dihydroxycholesterol', 'amorphispironone', 'Casearupestrin D', 'Chaetoglobosin B', ""2-(2'-O-benzoyl)-C-β-D-glucopyranosyl-1,3,6,7-tetrahydroxyxanthone"", 'Isoplumericin', 'α-L-xylopyranosyl-(4""→20)-(3-O-β-D-glucopyranosyl)-1\'-O-E-caffeoyl-β-D-glucopyranoside', 'Periconicin B', 'Phomopsilactone', '19,20-Epoxycytochalasin Q', '19,20-Epoxycytochalasin R', 'Muraxanthone', 'Casearupestrin A', 'Skimmianine', 'p-hydroxybenzoic acid-geranyl ester', 'Dibenzyl disulphide', 'Proanthocyanidin', 'neoisoastilbin', '(R)-7-Hydroxymellein', '6α-acetoxymanoyl oxide', 'Methyl-8-hydroxy-2,2-dimethylchroman-6-carboxylate', '6α-acetoxy-14β,15β-epoxyazadirone', 'Piperol B', '(-)-Hardwickiic acid', '2-butyl-D-fructofuranoside', 'Casearin S', '11β-acetoxyobacunone', '1-(5,7-dihydroxy-2,2-dimethylchroman- 6-yl)-3-[4-hydroxy-3-(3-methylbut-2-en-1-yl)- phenyl]propan-1-one', '(3R,4R)-4,7-Dihydroxymellein', ""Nitensoside B; Pedalitin 6-O-α-rhamnopyranosyl(1'''→6'')-β-glucopyranoside"", 'Amentoflavone', 'Odoratone', 'Rel-6β-hydroxyzuelanin-2β-benzoate', 'shidasterone', '5-hydroxymethyl- 2-furancarboxaldehyde; 5-hydroxymethyl-2-furfuraldehyde', '6-[8(Z)-pentadecenyl]salicylic acid', '(2S)-2-methyl-8-(3""-methylbut-2""-enyl)-2-(4\'-methylpent-3\'-enyl)-2H-chromene-6-carboxylic acid', 'Burchellin', '5-[8(Z)-pentadecenyl]resorcinol', 'Luteolin; 2-(3,4-dihydroxyphenyl)-5,7-dihydroxy-4H-chromen-4-one', 'Sinapic acid', 'atalaphyllinine', 'N-[10- (13,14-methylenedioxyphenyl)-7(E)-pentaenoyl]-pyrrolidine', '2-Methyl-5-methoxy-benzopyran-4-one', '3,4-dihydroxybenzoic acid geranyl ester', 'N-[10-(13,14-methylenedioxyphenyl)-7(E),9(Z)-pentadienoyl]-pyrrolidine', 'Gedunin', 'Pedalin, pedalitin 6-O-β -glucopyranoside', 'Caseargrewiin F; (1R*,3S*,5S*,6aR*,7S*,8R*,10R*,10aR*)-1,3-Bis(acetyloxy)-3,5,6,6a,7,8,9,10-octahydro-10-hydroxy-7,8-dimethyl-7-[(2Z)-3-methylpenta-2,4-dien-1-yl]naphtho[1,8a-c]furan-5-yl Butanoate', 'Casearin L; (1R*,3S*,5S*,6aR*,7R*,8R*,9S*,10S*,10aR*)-1,10-Bis(acetyloxy)-3,5,6,6a,7,8,9,10-octahydro-9-hydroxy-5-methoxy-7,8-dimethyl-7-[(2Z)-3-methylpenta-2,4-dien-1-yl]naphtho[1,8a-c]-furan-3-yl Butanoate', 'Platydesmine', 'Leiokinine A', 'Cabraleadiol', '2-oxo-piperol B; (7S*, 8R*, 1R*, 3R*)-3,4,5-trimethoxy-3,7-cyclo-8,1-neolig-8-ene-2,4(3H)-dione', 'taxifolin', ""(2'S)-2-(propan-2'-ol)-5-hydroxy-benzopyran-4-one"", 'Rel-(+)-(7S,9R,10S)-3,9,12-trihydroxycalamenene', 'Methyl gallate', '3-O-β-D-quinovopyranosyl cincholic acid', 'Afzelin, 3-O-α-rhamnosyl kaempferol', ""N-[7-(3',4'-methylenedioxyphenyl)-2(Z),4(Z)-heptadienoyl]pyrrolidine"", ""Acteoside; [β-3,4-dihydroxyphenyl)-ethyl]-(3'-O-α-L-rhamnopyranosyl)-(4'-O-cafeoyl)-β-D-glycopyranoside, verbascoside"", 'Homoegonol', '[8]-gingerol', '4-Hydroxymellein', '5-hydroxymellein', 'fraxinellonone', 'Dibenzyl sulphide', '(-) Cis-4-hydroxy-6-deoxyscytalone', 'Plumericin', '5-[8(Z),11(Z)-pentadecadienyl]resorcinol', '(-)-Spectalinine', 'Netzahualcoyondiol', '(+)-3-O-feruloylcassine', '6-pentadecylsalicylic acid', 'Methyl-2,2-dimethylchroman-6-carboxylate', ""Myrsinoic acid A, 3-Geranyl-4-hydroxy-5-(3'',3''-dimethylallyl)benzoic acid"", '20α-Hydroxymaytenin; 20-hydroxy-20-epi-tingenone', 'schaftoside', ""(2S)-Methyl-8-isopentyl-2-methyl-2-(4'-methylpentyl)chroman-6-carboxylate"", '3,4,5-Triacetoxybenzoic acid', '1-(5,7-dihydroxy-2,2-dimethylchroman-6-yl)-3-(1,1,4a-trimethyl-2,3,4,4a,9a-hexahydro-1H-xanthen-7-yl)propan-1-one', 'Methyl (E)-6,7,8-trimethoxycinnamate', '3,4,5-Trimethoxyphenyl-1-O-β-D-(5-O-syringoyl)-apiofuranosyl-(1→6)-β-D-glucopyranoside', '6-[8(Z),11(Z),14-pentadecatrienyl]salicylic acid', 'Sorbifolin', ""Nitensoside A; Sorbifolin 6-O-α-rhamnopyranosyl(1'''→6'')-β-glucopyranoside"", 'Casearin O; (1R*,3S*,5S*,6aR*,7R*,8R*,9S*,10S*,10aR*)-1,10-Bis(acetyloxy)-5-methoxy-7,8-dimethyl-7-[(2Z)-3-methylpenta-2,4-dien-1-yl]-3,5,6,6a,7,8,9,10-octahydronaphtho[1,8a-c]furan-3,9-diyl Dibutanoate', 'germacrene D', 'Rel. (+)-(7S,10S) 3,12-dihydroxycalamenene', 'carlinoside', 'Methyl-8-(ethanoyloxy)-2,2-dimethyl-2H-chromene-6-carboxylate', 'arjunolic acid', 'stachysterone', 'Ethyl 2,4-dihydroxy-5,6-dimethylbenzoate', 'Amentoflavone 7”,4”’-dimethyl ether', 'Picramnioside F', 'Lauryl gallate', 'Syringaldehyde', '22-hydroxytirucalla-7,24-diene-2,3-dione', 'Trans-3’-methylsulphonylallyl trans-cinnamate', 'Egonol', '4-Nerolidilcatechol', ""2-(2'-O-transcoumaroyl)-C-β-D-glucopyranosyl-1,3,6,7-tetrahydroxyxanthone"", 'Syringic acid', 'Mangiferin', 'Salacin', 'Viburgenin', ""Pterogynoside; Kaempferol-3-O-(3''-O-4'''-methylgallate-α-L-rhamnoside)"", 'Isobutyl gallate', '7′-multijuguinone', 'Griseofulvin', ""7-Hydroxy-4',6-dimethoxyisoflavone; Afrormosin; Afromosin"", '8-methoxymellein', '(±)-Syringaresinol', 'Cyclo-(L-Pro-L-Val)', 'Acetonide of odoratol', '(−)-Grandisin', '24-methylenecycloartan-3b-ol', '(-)-Epigallocatechin-3-O-gallate', 'Casearin D; (1R*,3S*,5S*,6aR*,7R*,8R*,9S*,10S*,10aR*)-1-(Acetyloxy)-3,5,6,6a,7,8,9,10-octahydro-5,10-dihydroxy-7,8-dimethyl-7-[(2Z)-3-methylpenta-2,4-dien-1-yl]naphtho[1,8a-c]furan-3,9-diyl Dibutanoate', '2β-Hydroxyzuelanin-6β-cinnamate', 'Cognatine', 'Fagaramide', 'Chalepin', 'Chlorogenic acid', 'Kaempferol', '3-O-β-D-quinovopyranosyl quinovic acid']]",doi_name
"['10.1515/znb-2005-0715', 'Platydesmine']","['10.1515/znb-2005-0715', ['guaiol', 'Hinesol', 'γ-eudesmol', 'α-eudesmol', 'Galioside aglicone', 'Teucrein', '11-O-trans-feruloylteucrein', 'Galioside', 'Apodanthoside', ""3,4-dimethyl-2-(4'-hydroxy-3',5'-dimethoxyphenyl)-5-methoxy-tetrahydrofuran"", '2α,3α,19α- trihydroxyurs-12-en-28-oic acid', 'penduletin 4-O-methyl ether', '3,3-O-dimethylquercetin', '3-O-methylquercetin', '3,7,4-O-trimethylkaempferol', 'p-hydroxybenzoic acid', 'acacetin', '2α,3α-dihydroxyolean-12- en-28-oic acid', 'Chrysoeriol', 'Kaempferol-3-O-rutinoside', 'Catechin, Ent-catechin', 'Kaempferol-3-O-α-L-rhamnopyranosyl-(1→6)-β-D-galactopyranoside', 'Kaempferol-3-O-D-glucopyranoside', 'Kaempferol-3-O-D-galactopyranoside', '6-Hydroxy-rutin', 'Quercetin-3-O-α-L-rhamnopyranosyl-(1→6)-β-D-galactopyranoside', 'Procyanidin B-3', 'Kaempferol-3-O-α-L-rhamnopyranosyl-(1-6)-α-L-rhamnopyranosyl-(1-4)-β-D-glucopyranoside', ""3,5,6,7,3',4',5'-heptamethoxyflavonol"", ""3',4',5',3,5,7,8-heptamethoxyflavone"", 'Nitensidine D', 'Nitensidine E', 'Anhydrofusarubin', 'Beauvericin', '(+)-α-Hydroxyerysotrine', '(+)-11α-Hydroxyerythravine', '(+)-Erythravine', '21β,25-dimethylmelianodiol', '3,21-Di-epi-feroniellide B', '21α,25-dimethylmelianodiol', 'Turbinatine', 'Harman-3-carboxylic acid', 'Cordifoline', '3,4-dehydrostrictosidine acid', '3,4-dehydro-strictosidine', '5α-carboxystrictosidine', 'Strictosidine acid', 'Deoxycordifoline', '8-hydroxy-6-methoxy-3-methylisocoumarin', 'Dimethyl terephthalate', '(22E,24R)-ergosta-4,6,8(14),22-tetraen-3-one', 'Ergosterol peroxide', 'Pimara-7,15-dien-3β-ol', 'Taraxerol acetate', 'Aphidicolin', '1-methoxy-3-hydroxy-3,10b-4,5a-diepoxy-8b-isobutyroyloxygermacr-11(13)-en-6a,12-olide', 'Tagitinin C', '2-Episesalatin', ""Isoswertisin-2''α1-L-rhamnoside"", ""Isoswertisin-4'-methyl-ether-2''α-L-rhamnoside"", 'Sesartemin', 'Clusifoliol', '4-metoxi-6-[2-(metilamino)fenil]- 2H-piran-2-ona', ""2-(3',4'-methylenedioxyphenylethyl)-Quinoline"", ""2-(1'-pentenyl)-Quinoline"", '2-n-Propylquinoline', '2-n-Pentylquinoline', 'Mycoleptone A', '9-hydroxyeugenin', 'Austdiol diacetate', '6-methoxyeugenin', 'Eugenitin', 'Mycoleptone B', 'Mycoleptone A tetraacetate', 'Austdiol', 'Methyl (3R,4R,5R)-3-{[(2Z)-3-(3,4-dihydroxyphenyl)-2-propenoyl]oxy}-1,4,5-trihydroxycyclohexanecarboxylate', 'Methyl (3R,4R,5R)-3-{[(2E)-3-(3,4-dihydroxyphenyl)-2-propenoyl]oxy}-1,4,5-trihydroxycyclohexanecarboxylate', '(-)-3-O-acetyl-spectaline', 'Secoxyloganin', '7-Methoxydiderroside', ""6'-Acetyl-β-D-glucopyranosyldiderroside"", 'Diderroside', 'Chlorogenic acid methyl ester, Methyl (1S,3R,4R,5R)-3-{[(2E)-3-(3,4-dihydroxyphenyl)-2-propenoyl]oxy}-1,4,5-trihydroxycyclohexanecarboxylate', '5,7-dimethoxy-2,2-dimethyl-2H-1-benzopyran-6-propanoate', '(3Z,5Z)-N-isobutyl-8-(30,40-methylenedioxy-phenyl)-heptadienamide', 'Pellitorine', '10,11-dihydropiperine; Δα,β-dihydropiperine', '(Z)-piplartine; 8(Z)-N-(12,13, 14-trimethoxycinnamoyl)- 3-pyridin-2-one', '4,5-dihydropiperlonguminine; Piperlonguminine', 'Piperine', ""N-[3-(6'-methoxy-3',4'-methy-lenedioxyphenyl)-2(Z)-propenoyl]pyrrolidine"", '8,9-dihydropiplartine; N-(12,13,14-trimethoxydihydrocinnamoyl)-Δ3-pyridin-2-one', '4,5-dihydropiperyline', '(E)-piplartine', ""3',4'-methylenedioxy-5,5',6,7-tetramethoxyflavone"", ""2'-hydroxy-3,4,4'-trimethoxy-5',6'-(2'',2''-dimethylpyrano)-chalcone"", ""3',4'-methylenedioxy-5,6,7- trimethoxyflavone"", ""3',4'-methylenedioxy-5,7-dimethoxyflavone"", ""4-Hydroxy-3-(3',7'-dimethyl-3'-hydroxy-1'-oxo-6'-octenyl)benzoic acid"", ""4-Hydroxy-(3',7'-dimethyl-1'-oxo-octa-2'-E-6'-dienyl)benzoic acid"", ""Sakuranetin; 5,4'-dihydroxy-7-methoxyflavanone"", ""Isosakuranetin; 5,7-dihydroxy-4'-methoxyflavanone"", ""1,4-Dihydroxy-2-(3',7'-dimethyl-1'-oxo-2'-E-6'-octadienyl)benzene"", 'α-Gardiol', 'β-Gardiol', 'Ferulic acid', ""Aduncumene; Methyl 2-methoxy-5-(3'-methyl-1'-oxo-2'-butenyl)benzoate"", ""4-Hydroxy-(3',7'-dimethyl-1'-oxo-octa-2'-Z-6'-dienyl)benzoic acid"", ""Methyl 4-hydroxy-3-(3'-methyl-2'-hydroxy-3'-butenyl)benzoate"", ""Methyl taboganate; Methyl 4-hydroxy-3-(3'-methyl-1'-oxo-2'-butenyl)benzoate"", 'Piperaduncine B', ""Hostmaniene; 4-Hydroxy-3-(2',3'-dihydroxy-3'-methylbutyl)benzoate"", '3,4,5-Trimethoxydihydrocinnamic acid', ""Methyl 4-hydroxy-3-(3'-methyl-2'-butenyl)benzoate"", ""2',6'-Dihydroxy-4'-methoxydihydrochalcone"", 'Methyl 2,2-dimethyl-1-oxo-2H-1-benzopyran-6-carboxylate', ""4-Hydroxy-3-(3',7'-dimethylocta-2'-E-6'-dienyl)benzoic acid"", '5,7-dimethoxy-2,2-dimethyl-2H-1-benzopyran-6-propanoic acid', 'Nectandrin B', 'Epi-guaiacin', 'Verrucosin', '7-Methyl-sargachromenol; 2,7,8-Trimethyl-2-[(3-E,7-Z)-4,12-dimethyl-8-carboxyl-3,7,11-tridecatrienyl]-3-chromen-6-ol, β-caroteno', ""Rel-(7R,8S,7'S,8'S)-9-hydroxy-4',5'-methylenedioxy-3,4,5,3'-tetramethoxy-7,7'-epoxylignan"", ""Rel-(7R,8S,7'S,8'S)-4-hydroxy-4',5'-methylenedioxy-3,5,3'-trimethoxy-7,7'-epoxylignan"", ""Rel-(7R,8S,7'S,8'S)-4,5,4',5'-dimethylenedioxy-3,3'-dimethoxy-7,7'-epoxylignan"", ""Rel-(7R,8S,7'S,8'S)-4'-hydroxy-3,4,5,3',5'-pentamethoxy-7,7'-epoxylignan"", ""Rel-(7R,8S,7'S,8'S)-4',5'-methylenedioxy-3,4,5,3'-tetramethoxy-7,7'-epoxylignan"", 'astilbin; Rel-(2R, 3R)-dihydroquercetin-3-O-±-L-rhamnoside', '19´-(3,4-Methylenedioxyphenyl)-nonadecanoic acid', 'Sargaquinoic acid', 'Sargachromenol', ""7,4'-Dihydroxyflavone"", 'Farnisine', '21´-(3,4-Methylenedioxyphenyl)-henicosanoic acid', '(+)-Guaiacin', ""7,4'-Dimethoxyflavone"", 'Fasciculiferin', 'Tithonine', ""Juruenolic acid; 2-(4'-Methylpentenyl-3)-10-oxoundecan-2,6-dienoic acid"", '17-(3,4-Methylenedioxyphenyl)-heptadecanoic acid', 'Citrusinine-II', 'Citrusinine-I', '1,3,5-trihydroxy- 2,8-bis(3-methylbut-2-enyl)-10-methyl-9-acridone', 'Pyranofoline', '3,4-dihydro-3,5,8-trihydroxy-6-methoxy-2,2,7-trimethyl-2Hpyrano[ 2,3-a]acridin-12(7H)-one', '5-hydroxynoracronycine; Atalaphyllidine', 'Glycocitrine-I', 'Glycocitrine-IV', '1,3,5-trihydroxy-4-methoxy-10-methyl- 2,8-bis(3-methylbut-2-enyl)acridin-9(10H)-one', 'Xanthyletin', 'Stearic acid 4-pentoyloxyphenethyl ester', '2,3-dihydro-4,9-dihydroxy-2-(2-hydroxy-propan-2-yl)- 11-methoxy-10-methylfuro[3,2-b]acridin-5(10H)-one', 'bis-5-hydroxyacronycine', 'Citibrasine', 'Piscidinol A', '3,11-dioxoolean-12-en-28- onic acid', 'Pentaol', 'cryptomeridiol', 'Iso-odoratol', 'Oleanonic acid', 'Hispidol A', 'Nilocetin', 'Isopimpinellin', 'cyclo (L)-Pro-Gly', ""3-(3',7 '-dimethyl-2',6 '-octadienyl)-4-methoxy-benzoic acid"", ""4-Methoxy-3-(3',7'-dimethylocta-2'-E-6'-dienyl)benzoic acid"", 'Methyl-8-hydroxy-2,2-dimethyl-2H-chromene-6-carboxylate', 'Methacrylic acid', 'β-caryophyllene, trans-caryophyllene', 'Cuspanine; 1-hydroxy-2,3,5,6-tetramethoxy-9-acridone', 'Cusculine; 1,2,3,5,6-pentamethoxy-9-acridone', '2α,3α-Dihydroxy-urs-12-en-28-oic acid', '3-O-β-D-(6’-methyl)-glucopyranosyl-28-O-β-D-glucopyranosyl-oleanate', 'Oleanolic acid 3-sophoroside', '5-hydroxyflavone', 'β-Sitosterol benzoate', '2-phenyl-4H-chromen-4-one', 'Haplotusine', 'Sinapyl 4-O-β-D-glucopyranoside aldehyde', 'Sinapyl 4-O-β-D-glucopyranoside alcohol', 'N-acetylnonaine', 'Liriodenine', '[10]-gingerol', ""2,4-Dihydroxy-6-[(1'E,3'E)-penta-1', 3'-dienyl]-benzaldehyde"", '2-methyl-5-[8(Z)-pentadecenyl]resorcinol', 'Kaempferol', '2-hydroxyphenylacetic acid', '3-O-β-D-quinovopyranosyl quinovic acid', '(4R)-4,8-dihydroxy-α-tetralone', 'scillascillin', 'Chlorogenic acid', 'Chalepin', 'Nitensidine A', 'Fagaramide', 'Quercitrin, 3-O-α-rhamnosylquercetin', 'Caseobliquin A', 'Methyl angolensate', ""5-(3'' -Hydroxypropyl)-7-methoxy-2-(3',4' -methyl-enedioxyphenyl)benzofuran"", '19,20-Epoxycytochalasin N', 'ellagic acid 4-O-α-L-rhamnopyranoside; eschweilenol C', 'Mayoside C', 'Ourateacatechin', ""3',4',5',5,7-pentamethoxyflavone"", '2-methyl-5-pentadecylresorcinol', '3β-hydroxy-stigmast-5-en-7-one; 24-β-7-oxositosterol', 'Gallic acid; 3,4,5-trihydroxybenzoic acid', '(3-(2-(4-hydroxyphenyl)-2-oxoethyl)-5,6-dihydropyridin- 2(1H)-one)', 'Mangiferin', 'Viburgenin', ""Pterogynoside; Kaempferol-3-O-(3''-O-4'''-methylgallate-α-L-rhamnoside)"", 'Isobutyl gallate', '7′-multijuguinone', 'Griseofulvin', ""7-Hydroxy-4',6-dimethoxyisoflavone; Afrormosin; Afromosin"", 'Tetrahydropiperyline, N-[10-(13,14-methylenedioxyphenyl)-pentanoyl]-pyrrolidine', 'Piperovatine', '2,4,6-trimethoxybenzoic acid', '1-O-(E)-caffeoyl-β-D-glucopyranoside', 'Ocotillone', 'des-N-methylnoracronycine', 'Sorbifolin 6-O-β-glucopyranoside', 'Rel-2α-hydroxyzuelanin-6β-benzoate', '2,6-di-O-acetylcasearupestrin D', ""Methyl-2,2-dimethyl-8-(3'-methylbut-2'-enyl)chroman-6-carboxylate"", '2,7-Di-O-acetylcasearupestrin A', 'Cognatine', ""8-hydroxy-3,5,7,3',4',5'-hexamethoxyflavonol"", 'Odoratol', 'Leptomerine', '5-hydroxy-N-methylseverifoline', 'Maculosidine', 'Podocarpusflavone A', 'Casearupestrin C', '6α-malonyloxy-n-butyl ester manoyl oxide', 'citrusinine-I', 'Ricinine', 'Leptophyllin A', '5-pentadecylresorcinol', 'Piperol B', '(-)-Hardwickiic acid', ""5-[3''-(β-D-glucopyranosyloxy)propyl]-7-methoxy-2-(3',4'-methylenedioxyphenyl)benzofuran"", '28-O-β-D-glucopyranosyl quinovic acid', 'n-Propyl gallate', ""3',4',5',5,7,8-hexamethoxyflavone"", 'Isopropyl gallate', '6β-hydroxy-7-epigardoside methyl ester', 'N-1,N-2,N-3-Triisopentenylguanidine', 'Dibenzyl trisulphide', 'Maytenin, Tingenone', '19,20-Epoxycytochalasin D', 'fumiquinozoline F', 'Kaempferol 3-O-α-L-rhamnopyranosyl (1→6)-O-[β -D-glucopyranosyl (1→3)-O-α-L-rhamnopyranosyl-(1→2)]-O-β -D-glucopyranosyl', '3β-O-[α-L-rhamnopyranosyl-(1→2)-O-β-D-glucopyranosyl-(1→2)-O-β-D-glucopyranosyl]-28-O-β-D-glucopyranoside pomolate', 'Dibenzyl tetrasulphide', ""2',5-dihydroxy-3-methoxy-8-dimethylallyl-6, 7-(2' ',2''-dimethylpyrano)-dihydroflavonol"", '2-n-nonyl-4-quinolone', 'Cytochalasin D', 'Isoorientin', 'Uracil', 'Nitensidine B', '1-methyl-2-n-nonyl-4-quinolone', '5-[8(Z),11(Z),14-pentadecatrienyl]resorcinol', 'Arboreumine', '3-Oxoursolic acid', 'urauchimycin A', 'p-Coumaric acid', '(-)-Epigallocatechin', 'Netzahualcoyonol', '1-[3-(3,7-dimethylocta-2,6-dien-1-yl)-2,4,6- trihydroxyphenyl]-3-(4-hydroxyphenyl)propan-1-one', '6α-malonyloxymanoyl oxide', 'Benzylhydroxymethyl sulphide', '1,6-di-O-caffeoyl-β-D-glucopyranoside', '2-methyl-5-[8(Z),11(Z),14-pentadecatrienyl]resorcinol', 'urauchimycin B', 'Homoegonol', '[8]-gingerol', '4-Hydroxymellein', '2-Methyl-4-hydroxy-butyl caffeoate', '1,2-dihydro- 3β-hydroxy-7-deacetoxy-7-oxogedunin', 'Photogedunin', 'Casearin X; (1R*,3S*,5S*,6aR*,7S*,8S*,10R*,10aR*)-1-(Acetyloxy)-3,5,6,6a,7,8,9,10-octahydro-10-hydroxy-7,8-dimethyl-7-[(2Z)-3-methylpenta-2,4-dien-1-yl]naphtho[1,8a-c]furan-3,5-diyl Dibutanoate', 'Netzahualcoyondiol', '5-hydroxymellein', 'fraxinellonone', 'Dibenzyl sulphide', '(-) Cis-4-hydroxy-6-deoxyscytalone', 'Plumericin', '5-[8(Z),11(Z)-pentadecadienyl]resorcinol', '(-)-Spectalinine', '20-hydroxyecdysone; polypodine A', '3-Acetyl aleuritolic acid', 'Alkenoic acid', 'Quercetin 3-O-α-L-rhamnopyranosyl (1→6)-O-[β -D-glucopyranosyl (1→3)-O-α-L-rhamnopyranosyl-(1→2)]-O-β -D-glucopyranosyl', 'Heveaflavone', ""2-(R)-Methyl-6-(S)-(tetradecyl-13'-one)-3(R)-O-tert-butyldimethylsilyl-piperidine"", '(2S)-Methyl-2-methyl-8-(3""-methylbut-2""-enyl)-2-(4\'-methylpent-3\'-enyl)-2H-chromene-6-carboxylate', 'Casearin T', 'Piperyline, N-[10-(13,14-methylenedioxyphenyl)-7(E),9(E)-pentadienoyl]-pyrrolidine', 'ω-fenil alcanoic acid', 'Casearupestrin B', 'toonacilin', 'Pedalitin', '1-O-(E)-feruloyl-β-D-glucopyranoside', '19,20-Epoxycytochalasin C', 'n-Pentyl gallate', 'Orcinol', 'Periconicin B', 'Phomopsilactone', ""(2S)-8-Isopentyl-2-methyl-2-(4'-methylpentyl)chroman-6-carboxylic acid"", '2,2-dimethyl-2H-chromene-6-carboxylic acid', 'Casearupestrin D', 'Chaetoglobosin B', ""2-(2'-O-benzoyl)-C-β-D-glucopyranosyl-1,3,6,7-tetrahydroxyxanthone"", 'Isoplumericin', 'Skimmianine', 'p-hydroxybenzoic acid-geranyl ester', 'Pristimerin; 20α-3-hydroxy-2-oxo-24-nor-friedela-1-10,3,5,7-tetraen-carboxylic acid-29-methylester', '3,4,5-trimethoxyphenyl 1-O-β-D-apiofuranosyl-(1→6)-O-β-D-glucopyranoside', 'β-photogedunin', 'n-Butyl gallate', ""5-[3''-(β-D-glucopyranosyloxy)propyl]-7-methoxy-2-(3',4'-dimethoxyphenyl)benzofuran"", '3,12-Dihydroxycadalene', '7-hydroxy-3- (11-dimethylallyl)-8-methoxycoumarin', ""N-[7-(3',4'-methylenedioxyphenyl)-2(Z),4(Z)-heptadienoyl]pyrrolidine"", ""Acteoside; [β-3,4-dihydroxyphenyl)-ethyl]-(3'-O-α-L-rhamnopyranosyl)-(4'-O-cafeoyl)-β-D-glycopyranoside, verbascoside"", 'α-L-xylopyranosyl-(4""→20)-(3-O-β-D-glucopyranosyl)-1\'-O-E-caffeoyl-β-D-glucopyranoside', 'Burchellin', '5-[8(Z)-pentadecenyl]resorcinol', 'Luteolin; 2-(3,4-dihydroxyphenyl)-5,7-dihydroxy-4H-chromen-4-one', 'Sinapic acid', '19,20-Epoxycytochalasin Q', '19,20-Epoxycytochalasin R', 'Muraxanthone', '2-butyl-D-fructofuranoside', ""Gaudichaudianic acid; (2S)-2-methyl-2-(4'methyl-3'-pentenyl)-8-(3''-methyl-2-butenyl)- 2H-1-benzopyran-6-carboxylic acid"", 'limonexic acid', 'Di(benzyltrithio) methane', '3,11,12-Trihydroxycadalene', 'Quercetin 3-O-sophoroside', '(3R,4R)-3,4-Dihydro-4,6-dihydroxy-3-methyl-1-oxo-1H-isochromene-5-carboxylic acid', '24-methylene-3,22-dihydroxycholesterol', 'amorphispironone', '2-Methyl-5-methoxy-benzopyran-4-one', '3,4-dihydroxybenzoic acid geranyl ester', '6α-acetoxy-14β,15β-epoxyazadirone', 'epoxy-fraxinellone', '12′-hydroxy-7′-multijuguinone', 'Kaempferitrin', 'Nitensidine C', 'Dibenzyl disulphide', 'Proanthocyanidin', 'neoisoastilbin', '(R)-7-Hydroxymellein', '6α-acetoxymanoyl oxide', 'Methyl-8-hydroxy-2,2-dimethylchroman-6-carboxylate', 'N-[10-(13,14-methylenedioxyphenyl)-7(E),9(Z)-pentadienoyl]-pyrrolidine', '6-[8(Z)-pentadecenyl]salicylic acid', '(2S)-2-methyl-8-(3""-methylbut-2""-enyl)-2-(4\'-methylpent-3\'-enyl)-2H-chromene-6-carboxylic acid', 'Gedunin', 'Pedalin, pedalitin 6-O-β -glucopyranoside', 'Caseargrewiin F; (1R*,3S*,5S*,6aR*,7S*,8R*,10R*,10aR*)-1,3-Bis(acetyloxy)-3,5,6,6a,7,8,9,10-octahydro-10-hydroxy-7,8-dimethyl-7-[(2Z)-3-methylpenta-2,4-dien-1-yl]naphtho[1,8a-c]furan-5-yl Butanoate', 'Casearin L; (1R*,3S*,5S*,6aR*,7R*,8R*,9S*,10S*,10aR*)-1,10-Bis(acetyloxy)-3,5,6,6a,7,8,9,10-octahydro-9-hydroxy-5-methoxy-7,8-dimethyl-7-[(2Z)-3-methylpenta-2,4-dien-1-yl]naphtho[1,8a-c]-furan-3-yl Butanoate', 'Platydesmine', 'Leiokinine A', 'Cabraleadiol', 'schaftoside', ""(2S)-Methyl-8-isopentyl-2-methyl-2-(4'-methylpentyl)chroman-6-carboxylate"", '3,4,5-Triacetoxybenzoic acid', 'Odoratone', 'Rel-6β-hydroxyzuelanin-2β-benzoate', 'shidasterone', '5-hydroxymethyl- 2-furancarboxaldehyde; 5-hydroxymethyl-2-furfuraldehyde', 'atalaphyllinine', 'N-[10- (13,14-methylenedioxyphenyl)-7(E)-pentaenoyl]-pyrrolidine', '11β-acetoxyobacunone', '1-(5,7-dihydroxy-2,2-dimethylchroman- 6-yl)-3-[4-hydroxy-3-(3-methylbut-2-en-1-yl)- phenyl]propan-1-one', '(3R,4R)-4,7-Dihydroxymellein', ""Nitensoside B; Pedalitin 6-O-α-rhamnopyranosyl(1'''→6'')-β-glucopyranoside"", 'Methyl gallate', '3-O-β-D-quinovopyranosyl cincholic acid', 'Afzelin, 3-O-α-rhamnosyl kaempferol', 'Egonol', '4-Nerolidilcatechol', ""2-(2'-O-transcoumaroyl)-C-β-D-glucopyranosyl-1,3,6,7-tetrahydroxyxanthone"", 'Dipropyl disulphide', '2-methyl-5-[8(Z),11(Z)-pentadecadienyl]resorcinol', 'Methyl 6,7,8-trimethoxydihydrocinnamate', '2-Hexyl-3-methyl-butanodioic acid', 'fraxinellone', '6-[ 8(Z),11(Z) -pentadecadienyl] salicylic acid', ""Myrsinoic acid A, 3-Geranyl-4-hydroxy-5-(3'',3''-dimethylallyl)benzoic acid"", '20α-Hydroxymaytenin; 20-hydroxy-20-epi-tingenone', '(-)-Epigallocatechin-3-O-gallate', 'Casearin D; (1R*,3S*,5S*,6aR*,7R*,8R*,9S*,10S*,10aR*)-1-(Acetyloxy)-3,5,6,6a,7,8,9,10-octahydro-5,10-dihydroxy-7,8-dimethyl-7-[(2Z)-3-methylpenta-2,4-dien-1-yl]naphtho[1,8a-c]furan-3,9-diyl Dibutanoate', 'Rel. (+)-(7S,10S) 3,12-dihydroxycalamenene', 'carlinoside', 'Methyl-8-(ethanoyloxy)-2,2-dimethyl-2H-chromene-6-carboxylate', 'Amentoflavone', '1-(5,7-dihydroxy-2,2-dimethylchroman-6-yl)-3-(1,1,4a-trimethyl-2,3,4,4a,9a-hexahydro-1H-xanthen-7-yl)propan-1-one', 'Methyl (E)-6,7,8-trimethoxycinnamate', 'Casearupestrin A', '2-oxo-piperol B; (7S*, 8R*, 1R*, 3R*)-3,4,5-trimethoxy-3,7-cyclo-8,1-neolig-8-ene-2,4(3H)-dione', 'taxifolin', ""(2'S)-2-(propan-2'-ol)-5-hydroxy-benzopyran-4-one"", 'Rel-(+)-(7S,9R,10S)-3,9,12-trihydroxycalamenene', 'Casearin S', 'germacrene D', '2β-Hydroxyzuelanin-6β-cinnamate', 'arjunolic acid', 'stachysterone', 'Ethyl 2,4-dihydroxy-5,6-dimethylbenzoate', 'Amentoflavone 7”,4”’-dimethyl ether', 'Picramnioside F', 'Lauryl gallate', 'Syringaldehyde', '22-hydroxytirucalla-7,24-diene-2,3-dione', 'Trans-3’-methylsulphonylallyl trans-cinnamate', 'Syringic acid', '(+)-3-O-feruloylcassine', 'Salacin', '6-pentadecylsalicylic acid', 'Methyl-2,2-dimethylchroman-6-carboxylate', '22β-hydroxypristimerin', '1- (5,7-dihydroxy-2,2-dimethylchroman-6-yl)-3-(2,2-dimethylchroman- 6-yl)propan-1-one', 'Canavaline', 'Di-hydrodehydrodiconiferyl alcohol', 'Quercetin', ""2-(2'-O-trans-cinnamoyl)-C-β-D-glucopyranosyl-1,3,6,7-tetrahydroxyxanthone"", 'Kokusaginine', ""2-(2'-O-trans-caffeoyl)-C-β-D-glucopyranosyl-1,3,6,7-tetrahydroxyxanthone"", 'Netzahualcoyene', 'Casearin X Dialdehyde; (2R*,4aS*,5S*,7R*,8R*,8aS*)-4,4a-Diformyl-1,2,4a,5,6,7,8,8a-octahydro-5-hydroxy-7,8-dimethyl-8-[(2Z)-3-methylpenta-2,4-dien-1-yl]naphthalen-2-yl Butanoate', 'polypodine B', '3,4,5-Trimethoxyphenyl-1-O-β-D-(5-O-syringoyl)-apiofuranosyl-(1→6)-β-D-glucopyranoside', '6-[8(Z),11(Z),14-pentadecatrienyl]salicylic acid', 'Sorbifolin', ""Nitensoside A; Sorbifolin 6-O-α-rhamnopyranosyl(1'''→6'')-β-glucopyranoside"", 'Casearin O; (1R*,3S*,5S*,6aR*,7R*,8R*,9S*,10S*,10aR*)-1,10-Bis(acetyloxy)-5-methoxy-7,8-dimethyl-7-[(2Z)-3-methylpenta-2,4-dien-1-yl]-3,5,6,6a,7,8,9,10-octahydronaphtho[1,8a-c]furan-3,9-diyl Dibutanoate', '8-methoxymellein', '(±)-Syringaresinol', 'Cyclo-(L-Pro-L-Val)', 'Acetonide of odoratol', '(−)-Grandisin', '24-methylenecycloartan-3b-ol', 'Ixoside']]",doi_name
"['10.1021/jf00030a035', '2-methyl-5-[8(Z),11(Z)-pentadecadienyl]resorcinol']","['10.1021/jf00030a035', ['4-metoxi-6-[2-(metilamino)fenil]- 2H-piran-2-ona', 'Tagitinin C', '1-methoxy-3-hydroxy-3,10b-4,5a-diepoxy-8b-isobutyroyloxygermacr-11(13)-en-6a,12-olide', ""3,4-dimethyl-2-(4'-hydroxy-3',5'-dimethoxyphenyl)-5-methoxy-tetrahydrofuran"", ""3',4',5',3,5,7,8-heptamethoxyflavone"", ""3,5,6,7,3',4',5'-heptamethoxyflavonol"", 'Hinesol', 'γ-eudesmol', 'α-eudesmol', 'guaiol', 'Kaempferol-3-O-D-galactopyranoside', 'Kaempferol-3-O-D-glucopyranoside', 'Quercetin-3-O-α-L-rhamnopyranosyl-(1→6)-β-D-galactopyranoside', 'Kaempferol-3-O-rutinoside', 'Kaempferol-3-O-α-L-rhamnopyranosyl-(1-6)-α-L-rhamnopyranosyl-(1-4)-β-D-glucopyranoside', '6-Hydroxy-rutin', 'Kaempferol-3-O-α-L-rhamnopyranosyl-(1→6)-β-D-galactopyranoside', 'Catechin, Ent-catechin', 'Procyanidin B-3', 'Pimara-7,15-dien-3β-ol', '(22E,24R)-ergosta-4,6,8(14),22-tetraen-3-one', '8-hydroxy-6-methoxy-3-methylisocoumarin', 'Ergosterol peroxide', 'Dimethyl terephthalate', 'Taraxerol acetate', 'α-Gardiol', 'Ferulic acid', 'β-Gardiol', 'Teucrein', '11-O-trans-feruloylteucrein', 'Apodanthoside', 'Galioside', 'Galioside aglicone', '(+)-α-Hydroxyerysotrine', '(+)-Erythravine', '(+)-11α-Hydroxyerythravine', '5,7-dimethoxy-2,2-dimethyl-2H-1-benzopyran-6-propanoic acid', 'Aphidicolin', 'Anhydrofusarubin', 'Beauvericin', 'Nitensidine D', 'Nitensidine E', ""4-Hydroxy-3-(3',7'-dimethyl-3'-hydroxy-1'-oxo-6'-octenyl)benzoic acid"", ""Sakuranetin; 5,4'-dihydroxy-7-methoxyflavanone"", ""4-Hydroxy-(3',7'-dimethyl-1'-oxo-octa-2'-E-6'-dienyl)benzoic acid"", ""Isosakuranetin; 5,7-dihydroxy-4'-methoxyflavanone"", ""1,4-Dihydroxy-2-(3',7'-dimethyl-1'-oxo-2'-E-6'-octadienyl)benzene"", ""2-(1'-pentenyl)-Quinoline"", '2-n-Pentylquinoline', '2-n-Propylquinoline', ""2-(3',4'-methylenedioxyphenylethyl)-Quinoline"", 'Farnisine', '19´-(3,4-Methylenedioxyphenyl)-nonadecanoic acid', 'Sargachromenol', ""7,4'-Dihydroxyflavone"", 'Sargaquinoic acid', '(+)-Guaiacin', '21´-(3,4-Methylenedioxyphenyl)-henicosanoic acid', ""7,4'-Dimethoxyflavone"", 'Fasciculiferin', ""Juruenolic acid; 2-(4'-Methylpentenyl-3)-10-oxoundecan-2,6-dienoic acid"", 'Tithonine', '17-(3,4-Methylenedioxyphenyl)-heptadecanoic acid', 'penduletin 4-O-methyl ether', '2α,3α,19α- trihydroxyurs-12-en-28-oic acid', '3,3-O-dimethylquercetin', '3,7,4-O-trimethylkaempferol', '3-O-methylquercetin', 'Chrysoeriol', 'acacetin', 'p-hydroxybenzoic acid', '2α,3α-dihydroxyolean-12- en-28-oic acid', 'Deoxycordifoline', '3,4-dehydro-strictosidine', '5α-carboxystrictosidine', 'Harman-3-carboxylic acid', 'Cordifoline', 'Strictosidine acid', '3,4-dehydrostrictosidine acid', 'Turbinatine', 'Methyl (3R,4R,5R)-3-{[(2E)-3-(3,4-dihydroxyphenyl)-2-propenoyl]oxy}-1,4,5-trihydroxycyclohexanecarboxylate', 'Methyl (3R,4R,5R)-3-{[(2Z)-3-(3,4-dihydroxyphenyl)-2-propenoyl]oxy}-1,4,5-trihydroxycyclohexanecarboxylate', '9-hydroxyeugenin', 'Mycoleptone A', 'Mycoleptone A tetraacetate', 'Austdiol diacetate', 'Eugenitin', 'Austdiol', 'Mycoleptone B', '6-methoxyeugenin', 'β-caryophyllene, trans-caryophyllene', 'astilbin; Rel-(2R, 3R)-dihydroquercetin-3-O-±-L-rhamnoside', 'Nectandrin B', 'Verrucosin', 'Epi-guaiacin', '7-Methyl-sargachromenol; 2,7,8-Trimethyl-2-[(3-E,7-Z)-4,12-dimethyl-8-carboxyl-3,7,11-tridecatrienyl]-3-chromen-6-ol, β-caroteno', ""2'-hydroxy-3,4,4'-trimethoxy-5',6'-(2'',2''-dimethylpyrano)-chalcone"", ""3',4'-methylenedioxy-5,5',6,7-tetramethoxyflavone"", ""3',4'-methylenedioxy-5,6,7- trimethoxyflavone"", ""3',4'-methylenedioxy-5,7-dimethoxyflavone"", '5,7-dimethoxy-2,2-dimethyl-2H-1-benzopyran-6-propanoate', 'Chlorogenic acid methyl ester, Methyl (1S,3R,4R,5R)-3-{[(2E)-3-(3,4-dihydroxyphenyl)-2-propenoyl]oxy}-1,4,5-trihydroxycyclohexanecarboxylate', '3,21-Di-epi-feroniellide B', '21β,25-dimethylmelianodiol', '21α,25-dimethylmelianodiol', ""Rel-(7R,8S,7'S,8'S)-4',5'-methylenedioxy-3,4,5,3'-tetramethoxy-7,7'-epoxylignan"", ""Rel-(7R,8S,7'S,8'S)-4-hydroxy-4',5'-methylenedioxy-3,5,3'-trimethoxy-7,7'-epoxylignan"", ""Rel-(7R,8S,7'S,8'S)-4,5,4',5'-dimethylenedioxy-3,3'-dimethoxy-7,7'-epoxylignan"", ""Rel-(7R,8S,7'S,8'S)-4'-hydroxy-3,4,5,3',5'-pentamethoxy-7,7'-epoxylignan"", ""Rel-(7R,8S,7'S,8'S)-9-hydroxy-4',5'-methylenedioxy-3,4,5,3'-tetramethoxy-7,7'-epoxylignan"", 'Pellitorine', '(3Z,5Z)-N-isobutyl-8-(30,40-methylenedioxy-phenyl)-heptadienamide', '4,5-dihydropiperlonguminine; Piperlonguminine', 'Piperine', ""N-[3-(6'-methoxy-3',4'-methy-lenedioxyphenyl)-2(Z)-propenoyl]pyrrolidine"", '4,5-dihydropiperyline', '(E)-piplartine', '(Z)-piplartine; 8(Z)-N-(12,13, 14-trimethoxycinnamoyl)- 3-pyridin-2-one', '8,9-dihydropiplartine; N-(12,13,14-trimethoxydihydrocinnamoyl)-Δ3-pyridin-2-one', '10,11-dihydropiperine; Δα,β-dihydropiperine', ""Isoswertisin-2''α1-L-rhamnoside"", '2-Episesalatin', 'Sesartemin', 'Clusifoliol', ""Isoswertisin-4'-methyl-ether-2''α-L-rhamnoside"", 'bis-5-hydroxyacronycine', '2,3-dihydro-4,9-dihydroxy-2-(2-hydroxy-propan-2-yl)- 11-methoxy-10-methylfuro[3,2-b]acridin-5(10H)-one', 'Citibrasine', ""4-Hydroxy-(3',7'-dimethyl-1'-oxo-octa-2'-Z-6'-dienyl)benzoic acid"", ""Aduncumene; Methyl 2-methoxy-5-(3'-methyl-1'-oxo-2'-butenyl)benzoate"", ""Methyl 4-hydroxy-3-(3'-methyl-2'-hydroxy-3'-butenyl)benzoate"", 'Piperaduncine B', 'Methyl 2,2-dimethyl-1-oxo-2H-1-benzopyran-6-carboxylate', ""4-Hydroxy-3-(3',7'-dimethylocta-2'-E-6'-dienyl)benzoic acid"", ""Hostmaniene; 4-Hydroxy-3-(2',3'-dihydroxy-3'-methylbutyl)benzoate"", ""Methyl 4-hydroxy-3-(3'-methyl-2'-butenyl)benzoate"", ""Methyl taboganate; Methyl 4-hydroxy-3-(3'-methyl-1'-oxo-2'-butenyl)benzoate"", ""2',6'-Dihydroxy-4'-methoxydihydrochalcone"", '3,4,5-Trimethoxydihydrocinnamic acid', '(-)-3-O-acetyl-spectaline', 'Secoxyloganin', '7-Methoxydiderroside', ""6'-Acetyl-β-D-glucopyranosyldiderroside"", 'Diderroside', 'Piscidinol A', 'Iso-odoratol', '3,11-dioxoolean-12-en-28- onic acid', 'cryptomeridiol', 'Pentaol', 'Oleanonic acid', 'Nilocetin', 'Hispidol A', 'Methacrylic acid', 'Cusculine; 1,2,3,5,6-pentamethoxy-9-acridone', 'Cuspanine; 1-hydroxy-2,3,5,6-tetramethoxy-9-acridone', 'Xanthyletin', 'Stearic acid 4-pentoyloxyphenethyl ester', '3,4-dihydro-3,5,8-trihydroxy-6-methoxy-2,2,7-trimethyl-2Hpyrano[ 2,3-a]acridin-12(7H)-one', '5-hydroxynoracronycine; Atalaphyllidine', 'Citrusinine-I', 'Glycocitrine-I', '1,3,5-trihydroxy-4-methoxy-10-methyl- 2,8-bis(3-methylbut-2-enyl)acridin-9(10H)-one', 'Pyranofoline', '1,3,5-trihydroxy- 2,8-bis(3-methylbut-2-enyl)-10-methyl-9-acridone', 'Citrusinine-II', 'Glycocitrine-IV', 'Isopimpinellin', 'cyclo (L)-Pro-Gly', ""4-Methoxy-3-(3',7'-dimethylocta-2'-E-6'-dienyl)benzoic acid"", 'Methyl-8-hydroxy-2,2-dimethyl-2H-chromene-6-carboxylate', ""3-(3',7 '-dimethyl-2',6 '-octadienyl)-4-methoxy-benzoic acid"", '2α,3α-Dihydroxy-urs-12-en-28-oic acid', 'Haplotusine', '2-phenyl-4H-chromen-4-one', 'β-Sitosterol benzoate', '5-hydroxyflavone', '3-O-β-D-(6’-methyl)-glucopyranosyl-28-O-β-D-glucopyranosyl-oleanate', 'Oleanolic acid 3-sophoroside', 'Sinapyl 4-O-β-D-glucopyranoside aldehyde', 'Sinapyl 4-O-β-D-glucopyranoside alcohol', 'N-acetylnonaine', 'Liriodenine', '[10]-gingerol', ""2,4-Dihydroxy-6-[(1'E,3'E)-penta-1', 3'-dienyl]-benzaldehyde"", '2-methyl-5-[8(Z)-pentadecenyl]resorcinol', 'Nitensidine A', '2-hydroxyphenylacetic acid', '3-O-β-D-quinovopyranosyl quinovic acid', 'scillascillin', 'Kokusaginine', ""2-(2'-O-trans-caffeoyl)-C-β-D-glucopyranosyl-1,3,6,7-tetrahydroxyxanthone"", 'Netzahualcoyene', 'Casearin X Dialdehyde; (2R*,4aS*,5S*,7R*,8R*,8aS*)-4,4a-Diformyl-1,2,4a,5,6,7,8,8a-octahydro-5-hydroxy-7,8-dimethyl-8-[(2Z)-3-methylpenta-2,4-dien-1-yl]naphthalen-2-yl Butanoate', 'polypodine B', 'n-Propyl gallate', ""3',4',5',5,7,8-hexamethoxyflavone"", 'Isopropyl gallate', '6β-hydroxy-7-epigardoside methyl ester', 'Leptomerine', '5-hydroxy-N-methylseverifoline', '19,20-Epoxycytochalasin N', 'ellagic acid 4-O-α-L-rhamnopyranoside; eschweilenol C', 'Mayoside C', 'Ourateacatechin', ""3',4',5',5,7-pentamethoxyflavone"", '2-methyl-5-pentadecylresorcinol', '3β-hydroxy-stigmast-5-en-7-one; 24-β-7-oxositosterol', 'Griseofulvin', ""7-Hydroxy-4',6-dimethoxyisoflavone; Afrormosin; Afromosin"", '8-methoxymellein', '(±)-Syringaresinol', 'Cyclo-(L-Pro-L-Val)', 'Acetonide of odoratol', '(−)-Grandisin', '2,7-Di-O-acetylcasearupestrin A', 'Nitensidine B', '1-methyl-2-n-nonyl-4-quinolone', '5-[8(Z),11(Z),14-pentadecatrienyl]resorcinol', 'Piperol B', '(-)-Hardwickiic acid', ""5-[3''-(β-D-glucopyranosyloxy)propyl]-7-methoxy-2-(3',4'-methylenedioxyphenyl)benzofuran"", '28-O-β-D-glucopyranosyl quinovic acid', '2-Methyl-4-hydroxy-butyl caffeoate', 'N-1,N-2,N-3-Triisopentenylguanidine', 'Dibenzyl trisulphide', 'Maytenin, Tingenone', 'Maculosidine', 'Kaempferol', ""8-hydroxy-3,5,7,3',4',5'-hexamethoxyflavonol"", 'Odoratol', 'Podocarpusflavone A', 'Casearupestrin C', '6α-malonyloxy-n-butyl ester manoyl oxide', 'citrusinine-I', 'Ricinine', 'Leptophyllin A', '5-pentadecylresorcinol', 'urauchimycin B', 'Homoegonol', '[8]-gingerol', '4-Hydroxymellein', '5-hydroxymellein', 'fraxinellonone', 'Dibenzyl sulphide', '(-) Cis-4-hydroxy-6-deoxyscytalone', ""Methyl-2,2-dimethyl-8-(3'-methylbut-2'-enyl)chroman-6-carboxylate"", 'Rel-2α-hydroxyzuelanin-6β-benzoate', '2,6-di-O-acetylcasearupestrin D', 'Plumericin', '5-[8(Z),11(Z)-pentadecadienyl]resorcinol', '(-)-Spectalinine', '19,20-Epoxycytochalasin D', 'fumiquinozoline F', 'Kaempferol 3-O-α-L-rhamnopyranosyl (1→6)-O-[β -D-glucopyranosyl (1→3)-O-α-L-rhamnopyranosyl-(1→2)]-O-β -D-glucopyranosyl', '3β-O-[α-L-rhamnopyranosyl-(1→2)-O-β-D-glucopyranosyl-(1→2)-O-β-D-glucopyranosyl]-28-O-β-D-glucopyranoside pomolate', 'Dibenzyl tetrasulphide', ""2',5-dihydroxy-3-methoxy-8-dimethylallyl-6, 7-(2' ',2''-dimethylpyrano)-dihydroflavonol"", '2-n-nonyl-4-quinolone', 'Cytochalasin D', 'Isoorientin', 'Uracil', 'urauchimycin A', '2-methyl-5-[8(Z),11(Z),14-pentadecatrienyl]resorcinol', '20-hydroxyecdysone; polypodine A', '3-Acetyl aleuritolic acid', 'Alkenoic acid', 'Caseobliquin A', 'Methyl angolensate', ""5-(3'' -Hydroxypropyl)-7-methoxy-2-(3',4' -methyl-enedioxyphenyl)benzofuran"", '22β-hydroxypristimerin', '1- (5,7-dihydroxy-2,2-dimethylchroman-6-yl)-3-(2,2-dimethylchroman- 6-yl)propan-1-one', 'Canavaline', 'Di-hydrodehydrodiconiferyl alcohol', 'Quercetin', ""2-(2'-O-trans-cinnamoyl)-C-β-D-glucopyranosyl-1,3,6,7-tetrahydroxyxanthone"", 'Ocotillone', 'des-N-methylnoracronycine', 'Sorbifolin 6-O-β-glucopyranoside', 'toonacilin', 'Netzahualcoyondiol', 'Pristimerin; 20α-3-hydroxy-2-oxo-24-nor-friedela-1-10,3,5,7-tetraen-carboxylic acid-29-methylester', '3,4,5-trimethoxyphenyl 1-O-β-D-apiofuranosyl-(1→6)-O-β-D-glucopyranoside', 'β-photogedunin', 'n-Butyl gallate', ""5-[3''-(β-D-glucopyranosyloxy)propyl]-7-methoxy-2-(3',4'-dimethoxyphenyl)benzofuran"", '3,12-Dihydroxycadalene', '7-hydroxy-3- (11-dimethylallyl)-8-methoxycoumarin', 'p-Coumaric acid', '(-)-Epigallocatechin', 'Netzahualcoyonol', '1-[3-(3,7-dimethylocta-2,6-dien-1-yl)-2,4,6- trihydroxyphenyl]-3-(4-hydroxyphenyl)propan-1-one', '6α-malonyloxymanoyl oxide', 'Benzylhydroxymethyl sulphide', '1,6-di-O-caffeoyl-β-D-glucopyranoside', 'n-Pentyl gallate', 'Orcinol', 'Periconicin B', 'Phomopsilactone', ""(2S)-8-Isopentyl-2-methyl-2-(4'-methylpentyl)chroman-6-carboxylic acid"", '2,2-dimethyl-2H-chromene-6-carboxylic acid', '1,2-dihydro- 3β-hydroxy-7-deacetoxy-7-oxogedunin', 'Photogedunin', 'Casearin X; (1R*,3S*,5S*,6aR*,7S*,8S*,10R*,10aR*)-1-(Acetyloxy)-3,5,6,6a,7,8,9,10-octahydro-10-hydroxy-7,8-dimethyl-7-[(2Z)-3-methylpenta-2,4-dien-1-yl]naphtho[1,8a-c]furan-3,5-diyl Dibutanoate', 'α-L-xylopyranosyl-(4""→20)-(3-O-β-D-glucopyranosyl)-1\'-O-E-caffeoyl-β-D-glucopyranoside', ""2-(R)-Methyl-6-(S)-(tetradecyl-13'-one)-3(R)-O-tert-butyldimethylsilyl-piperidine"", 'Quercetin 3-O-α-L-rhamnopyranosyl (1→6)-O-[β -D-glucopyranosyl (1→3)-O-α-L-rhamnopyranosyl-(1→2)]-O-β -D-glucopyranosyl', 'Heveaflavone', 'Arboreumine', '3-Oxoursolic acid', 'Casearupestrin B', 'Piperyline, N-[10-(13,14-methylenedioxyphenyl)-7(E),9(E)-pentadienoyl]-pyrrolidine', 'ω-fenil alcanoic acid', '2-butyl-D-fructofuranoside', ""Gaudichaudianic acid; (2S)-2-methyl-2-(4'methyl-3'-pentenyl)-8-(3''-methyl-2-butenyl)- 2H-1-benzopyran-6-carboxylic acid"", 'limonexic acid', 'Skimmianine', 'p-hydroxybenzoic acid-geranyl ester', 'Dibenzyl disulphide', 'Proanthocyanidin', 'neoisoastilbin', '(R)-7-Hydroxymellein', ""N-[7-(3',4'-methylenedioxyphenyl)-2(Z),4(Z)-heptadienoyl]pyrrolidine"", ""Acteoside; [β-3,4-dihydroxyphenyl)-ethyl]-(3'-O-α-L-rhamnopyranosyl)-(4'-O-cafeoyl)-β-D-glycopyranoside, verbascoside"", 'Pedalitin', '1-O-(E)-feruloyl-β-D-glucopyranoside', '19,20-Epoxycytochalasin C', 'Methyl-8-hydroxy-2,2-dimethylchroman-6-carboxylate', 'Di(benzyltrithio) methane', '3,11,12-Trihydroxycadalene', 'Quercetin 3-O-sophoroside', '(3R,4R)-3,4-Dihydro-4,6-dihydroxy-3-methyl-1-oxo-1H-isochromene-5-carboxylic acid', '24-methylene-3,22-dihydroxycholesterol', 'amorphispironone', 'Casearupestrin D', 'Chaetoglobosin B', ""2-(2'-O-benzoyl)-C-β-D-glucopyranosyl-1,3,6,7-tetrahydroxyxanthone"", 'Isoplumericin', 'N-[10-(13,14-methylenedioxyphenyl)-7(E),9(Z)-pentadienoyl]-pyrrolidine', '6-[8(Z)-pentadecenyl]salicylic acid', '(2S)-2-methyl-8-(3""-methylbut-2""-enyl)-2-(4\'-methylpent-3\'-enyl)-2H-chromene-6-carboxylic acid', '(2S)-Methyl-2-methyl-8-(3""-methylbut-2""-enyl)-2-(4\'-methylpent-3\'-enyl)-2H-chromene-6-carboxylate', 'Casearin T', 'Gedunin', 'Burchellin', '5-[8(Z)-pentadecenyl]resorcinol', 'Luteolin; 2-(3,4-dihydroxyphenyl)-5,7-dihydroxy-4H-chromen-4-one', 'Sinapic acid', '19,20-Epoxycytochalasin Q', '19,20-Epoxycytochalasin R', 'Muraxanthone', '3,4,5-Triacetoxybenzoic acid', 'Odoratone', 'Rel-6β-hydroxyzuelanin-2β-benzoate', 'shidasterone', '5-hydroxymethyl- 2-furancarboxaldehyde; 5-hydroxymethyl-2-furfuraldehyde', 'atalaphyllinine', 'N-[10- (13,14-methylenedioxyphenyl)-7(E)-pentaenoyl]-pyrrolidine', '6α-acetoxymanoyl oxide', 'Rel-(+)-(7S,9R,10S)-3,9,12-trihydroxycalamenene', 'Casearin S', '11β-acetoxyobacunone', '2-Methyl-5-methoxy-benzopyran-4-one', '3,4-dihydroxybenzoic acid geranyl ester', '6α-acetoxy-14β,15β-epoxyazadirone', 'epoxy-fraxinellone', '12′-hydroxy-7′-multijuguinone', 'Kaempferitrin', 'Nitensidine C', 'Dipropyl disulphide', '2-methyl-5-[8(Z),11(Z)-pentadecadienyl]resorcinol', 'Methyl 6,7,8-trimethoxydihydrocinnamate', '2-Hexyl-3-methyl-butanodioic acid', 'fraxinellone', '6-[ 8(Z),11(Z) -pentadecadienyl] salicylic acid', 'Salacin', '6-pentadecylsalicylic acid', 'Methyl-2,2-dimethylchroman-6-carboxylate', ""Myrsinoic acid A, 3-Geranyl-4-hydroxy-5-(3'',3''-dimethylallyl)benzoic acid"", 'Pedalin, pedalitin 6-O-β -glucopyranoside', 'Caseargrewiin F; (1R*,3S*,5S*,6aR*,7S*,8R*,10R*,10aR*)-1,3-Bis(acetyloxy)-3,5,6,6a,7,8,9,10-octahydro-10-hydroxy-7,8-dimethyl-7-[(2Z)-3-methylpenta-2,4-dien-1-yl]naphtho[1,8a-c]furan-5-yl Butanoate', 'Casearin L; (1R*,3S*,5S*,6aR*,7R*,8R*,9S*,10S*,10aR*)-1,10-Bis(acetyloxy)-3,5,6,6a,7,8,9,10-octahydro-9-hydroxy-5-methoxy-7,8-dimethyl-7-[(2Z)-3-methylpenta-2,4-dien-1-yl]naphtho[1,8a-c]-furan-3-yl Butanoate', 'Platydesmine', 'Leiokinine A', 'Cabraleadiol', 'schaftoside', ""(2S)-Methyl-8-isopentyl-2-methyl-2-(4'-methylpentyl)chroman-6-carboxylate"", 'Casearupestrin A', '2-oxo-piperol B; (7S*, 8R*, 1R*, 3R*)-3,4,5-trimethoxy-3,7-cyclo-8,1-neolig-8-ene-2,4(3H)-dione', 'taxifolin', ""(2'S)-2-(propan-2'-ol)-5-hydroxy-benzopyran-4-one"", '6-[8(Z),11(Z),14-pentadecatrienyl]salicylic acid', 'Sorbifolin', ""Nitensoside A; Sorbifolin 6-O-α-rhamnopyranosyl(1'''→6'')-β-glucopyranoside"", 'Casearin O; (1R*,3S*,5S*,6aR*,7R*,8R*,9S*,10S*,10aR*)-1,10-Bis(acetyloxy)-5-methoxy-7,8-dimethyl-7-[(2Z)-3-methylpenta-2,4-dien-1-yl]-3,5,6,6a,7,8,9,10-octahydronaphtho[1,8a-c]furan-3,9-diyl Dibutanoate', 'germacrene D', '1-(5,7-dihydroxy-2,2-dimethylchroman- 6-yl)-3-[4-hydroxy-3-(3-methylbut-2-en-1-yl)- phenyl]propan-1-one', '(3R,4R)-4,7-Dihydroxymellein', ""Nitensoside B; Pedalitin 6-O-α-rhamnopyranosyl(1'''→6'')-β-glucopyranoside"", 'Methyl gallate', '3-O-β-D-quinovopyranosyl cincholic acid', 'Afzelin, 3-O-α-rhamnosyl kaempferol', 'Egonol', '4-Nerolidilcatechol', ""2-(2'-O-transcoumaroyl)-C-β-D-glucopyranosyl-1,3,6,7-tetrahydroxyxanthone"", 'Syringic acid', '(+)-3-O-feruloylcassine', '(3-(2-(4-hydroxyphenyl)-2-oxoethyl)-5,6-dihydropyridin- 2(1H)-one)', 'Mangiferin', 'Viburgenin', ""Pterogynoside; Kaempferol-3-O-(3''-O-4'''-methylgallate-α-L-rhamnoside)"", 'Isobutyl gallate', '7′-multijuguinone', '20α-Hydroxymaytenin; 20-hydroxy-20-epi-tingenone', '(-)-Epigallocatechin-3-O-gallate', 'Casearin D; (1R*,3S*,5S*,6aR*,7R*,8R*,9S*,10S*,10aR*)-1-(Acetyloxy)-3,5,6,6a,7,8,9,10-octahydro-5,10-dihydroxy-7,8-dimethyl-7-[(2Z)-3-methylpenta-2,4-dien-1-yl]naphtho[1,8a-c]furan-3,9-diyl Dibutanoate', 'Rel. (+)-(7S,10S) 3,12-dihydroxycalamenene', 'carlinoside', 'Methyl-8-(ethanoyloxy)-2,2-dimethyl-2H-chromene-6-carboxylate', 'Amentoflavone', '1-(5,7-dihydroxy-2,2-dimethylchroman-6-yl)-3-(1,1,4a-trimethyl-2,3,4,4a,9a-hexahydro-1H-xanthen-7-yl)propan-1-one', 'Methyl (E)-6,7,8-trimethoxycinnamate', '3,4,5-Trimethoxyphenyl-1-O-β-D-(5-O-syringoyl)-apiofuranosyl-(1→6)-β-D-glucopyranoside', 'Tetrahydropiperyline, N-[10-(13,14-methylenedioxyphenyl)-pentanoyl]-pyrrolidine', 'Piperovatine', '2,4,6-trimethoxybenzoic acid', '1-O-(E)-caffeoyl-β-D-glucopyranoside', 'Gallic acid; 3,4,5-trihydroxybenzoic acid', 'Quercitrin, 3-O-α-rhamnosylquercetin', '2β-Hydroxyzuelanin-6β-cinnamate', 'arjunolic acid', 'stachysterone', 'Ethyl 2,4-dihydroxy-5,6-dimethylbenzoate', 'Amentoflavone 7”,4”’-dimethyl ether', 'Picramnioside F', 'Lauryl gallate', 'Syringaldehyde', '22-hydroxytirucalla-7,24-diene-2,3-dione', 'Trans-3’-methylsulphonylallyl trans-cinnamate', '24-methylenecycloartan-3b-ol', 'Ixoside', 'Cognatine', 'Fagaramide', 'Chalepin', 'Chlorogenic acid', '(4R)-4,8-dihydroxy-α-tetralone']]",doi_name
"['10.1016/j.phytol.2010.11.003', '(3R,4R)-3,4-Dihydro-4,6-dihydroxy-3-methyl-1-oxo-1H-isochromene-5-carboxylic acid']","['10.1016/j.phytol.2010.11.003', ['Galioside aglicone', 'Teucrein', '11-O-trans-feruloylteucrein', 'Apodanthoside', 'Galioside', 'Hinesol', 'guaiol', 'γ-eudesmol', 'α-eudesmol', 'Mycoleptone A', '9-hydroxyeugenin', 'Eugenitin', 'Austdiol diacetate', 'Mycoleptone B', '6-methoxyeugenin', 'Austdiol', 'Mycoleptone A tetraacetate', '7-Methoxydiderroside', ""6'-Acetyl-β-D-glucopyranosyldiderroside"", 'Diderroside', 'Secoxyloganin', '5,7-dimethoxy-2,2-dimethyl-2H-1-benzopyran-6-propanoate', ""3',4'-methylenedioxy-5,5',6,7-tetramethoxyflavone"", ""3',4'-methylenedioxy-5,6,7- trimethoxyflavone"", ""3',4'-methylenedioxy-5,7-dimethoxyflavone"", ""2'-hydroxy-3,4,4'-trimethoxy-5',6'-(2'',2''-dimethylpyrano)-chalcone"", '7-Methyl-sargachromenol; 2,7,8-Trimethyl-2-[(3-E,7-Z)-4,12-dimethyl-8-carboxyl-3,7,11-tridecatrienyl]-3-chromen-6-ol, β-caroteno', 'Verrucosin', 'Epi-guaiacin', 'Nectandrin B', ""4-Methoxy-3-(3',7'-dimethylocta-2'-E-6'-dienyl)benzoic acid"", ""3-(3',7 '-dimethyl-2',6 '-octadienyl)-4-methoxy-benzoic acid"", 'Methyl-8-hydroxy-2,2-dimethyl-2H-chromene-6-carboxylate', 'β-Gardiol', 'Ferulic acid', 'α-Gardiol', 'Chlorogenic acid methyl ester, Methyl (1S,3R,4R,5R)-3-{[(2E)-3-(3,4-dihydroxyphenyl)-2-propenoyl]oxy}-1,4,5-trihydroxycyclohexanecarboxylate', 'Xanthyletin', '2,3-dihydro-4,9-dihydroxy-2-(2-hydroxy-propan-2-yl)- 11-methoxy-10-methylfuro[3,2-b]acridin-5(10H)-one', 'bis-5-hydroxyacronycine', 'Citibrasine', ""2-(3',4'-methylenedioxyphenylethyl)-Quinoline"", ""2-(1'-pentenyl)-Quinoline"", '2-n-Pentylquinoline', '2-n-Propylquinoline', '21β,25-dimethylmelianodiol', '21α,25-dimethylmelianodiol', '3,21-Di-epi-feroniellide B', '(3Z,5Z)-N-isobutyl-8-(30,40-methylenedioxy-phenyl)-heptadienamide', 'Pellitorine', 'Piperine', '10,11-dihydropiperine; Δα,β-dihydropiperine', '8,9-dihydropiplartine; N-(12,13,14-trimethoxydihydrocinnamoyl)-Δ3-pyridin-2-one', '4,5-dihydropiperyline', '(Z)-piplartine; 8(Z)-N-(12,13, 14-trimethoxycinnamoyl)- 3-pyridin-2-one', '(E)-piplartine', ""N-[3-(6'-methoxy-3',4'-methy-lenedioxyphenyl)-2(Z)-propenoyl]pyrrolidine"", '4,5-dihydropiperlonguminine; Piperlonguminine', ""Rel-(7R,8S,7'S,8'S)-4'-hydroxy-3,4,5,3',5'-pentamethoxy-7,7'-epoxylignan"", ""Rel-(7R,8S,7'S,8'S)-9-hydroxy-4',5'-methylenedioxy-3,4,5,3'-tetramethoxy-7,7'-epoxylignan"", ""Rel-(7R,8S,7'S,8'S)-4',5'-methylenedioxy-3,4,5,3'-tetramethoxy-7,7'-epoxylignan"", ""Rel-(7R,8S,7'S,8'S)-4-hydroxy-4',5'-methylenedioxy-3,5,3'-trimethoxy-7,7'-epoxylignan"", ""Rel-(7R,8S,7'S,8'S)-4,5,4',5'-dimethylenedioxy-3,3'-dimethoxy-7,7'-epoxylignan"", 'cyclo (L)-Pro-Gly', '(+)-Guaiacin', '21´-(3,4-Methylenedioxyphenyl)-henicosanoic acid', ""7,4'-Dimethoxyflavone"", '19´-(3,4-Methylenedioxyphenyl)-nonadecanoic acid', ""7,4'-Dihydroxyflavone"", 'Farnisine', 'Sargachromenol', 'Sargaquinoic acid', 'Tithonine', ""Juruenolic acid; 2-(4'-Methylpentenyl-3)-10-oxoundecan-2,6-dienoic acid"", 'Fasciculiferin', '17-(3,4-Methylenedioxyphenyl)-heptadecanoic acid', 'Citrusinine-I', '3,4-dihydro-3,5,8-trihydroxy-6-methoxy-2,2,7-trimethyl-2Hpyrano[ 2,3-a]acridin-12(7H)-one', 'Glycocitrine-I', '5-hydroxynoracronycine; Atalaphyllidine', '1,3,5-trihydroxy- 2,8-bis(3-methylbut-2-enyl)-10-methyl-9-acridone', 'Pyranofoline', 'Glycocitrine-IV', '1,3,5-trihydroxy-4-methoxy-10-methyl- 2,8-bis(3-methylbut-2-enyl)acridin-9(10H)-one', 'Citrusinine-II', '(-)-3-O-acetyl-spectaline', '3,3-O-dimethylquercetin', 'penduletin 4-O-methyl ether', '2α,3α,19α- trihydroxyurs-12-en-28-oic acid', 'acacetin', '3-O-methylquercetin', 'p-hydroxybenzoic acid', '2α,3α-dihydroxyolean-12- en-28-oic acid', '3,7,4-O-trimethylkaempferol', 'Chrysoeriol', 'Kaempferol-3-O-rutinoside', 'Catechin, Ent-catechin', 'Kaempferol-3-O-α-L-rhamnopyranosyl-(1→6)-β-D-galactopyranoside', 'Quercetin-3-O-α-L-rhamnopyranosyl-(1→6)-β-D-galactopyranoside', '6-Hydroxy-rutin', 'Kaempferol-3-O-D-glucopyranoside', 'Kaempferol-3-O-D-galactopyranoside', 'Procyanidin B-3', 'Kaempferol-3-O-α-L-rhamnopyranosyl-(1-6)-α-L-rhamnopyranosyl-(1-4)-β-D-glucopyranoside', '3,4,5-Trimethoxydihydrocinnamic acid', ""Aduncumene; Methyl 2-methoxy-5-(3'-methyl-1'-oxo-2'-butenyl)benzoate"", ""Methyl 4-hydroxy-3-(3'-methyl-2'-butenyl)benzoate"", ""Methyl taboganate; Methyl 4-hydroxy-3-(3'-methyl-1'-oxo-2'-butenyl)benzoate"", ""2',6'-Dihydroxy-4'-methoxydihydrochalcone"", ""4-Hydroxy-3-(3',7'-dimethylocta-2'-E-6'-dienyl)benzoic acid"", ""Hostmaniene; 4-Hydroxy-3-(2',3'-dihydroxy-3'-methylbutyl)benzoate"", 'Piperaduncine B', ""Methyl 4-hydroxy-3-(3'-methyl-2'-hydroxy-3'-butenyl)benzoate"", ""4-Hydroxy-(3',7'-dimethyl-1'-oxo-octa-2'-Z-6'-dienyl)benzoic acid"", 'Methyl 2,2-dimethyl-1-oxo-2H-1-benzopyran-6-carboxylate', 'Isopimpinellin', 'Aphidicolin', 'Taraxerol acetate', 'Anhydrofusarubin', 'Beauvericin', '(+)-Erythravine', '(+)-11α-Hydroxyerythravine', '(+)-α-Hydroxyerysotrine', '5,7-dimethoxy-2,2-dimethyl-2H-1-benzopyran-6-propanoic acid', ""3,4-dimethyl-2-(4'-hydroxy-3',5'-dimethoxyphenyl)-5-methoxy-tetrahydrofuran"", 'Methyl (3R,4R,5R)-3-{[(2E)-3-(3,4-dihydroxyphenyl)-2-propenoyl]oxy}-1,4,5-trihydroxycyclohexanecarboxylate', 'Methyl (3R,4R,5R)-3-{[(2Z)-3-(3,4-dihydroxyphenyl)-2-propenoyl]oxy}-1,4,5-trihydroxycyclohexanecarboxylate', ""4-Hydroxy-3-(3',7'-dimethyl-3'-hydroxy-1'-oxo-6'-octenyl)benzoic acid"", ""Sakuranetin; 5,4'-dihydroxy-7-methoxyflavanone"", ""1,4-Dihydroxy-2-(3',7'-dimethyl-1'-oxo-2'-E-6'-octadienyl)benzene"", ""4-Hydroxy-(3',7'-dimethyl-1'-oxo-octa-2'-E-6'-dienyl)benzoic acid"", ""Isosakuranetin; 5,7-dihydroxy-4'-methoxyflavanone"", 'Nilocetin', 'Hispidol A', 'Oleanonic acid', 'Pentaol', 'Piscidinol A', 'cryptomeridiol', 'Iso-odoratol', '3,11-dioxoolean-12-en-28- onic acid', '1-methoxy-3-hydroxy-3,10b-4,5a-diepoxy-8b-isobutyroyloxygermacr-11(13)-en-6a,12-olide', 'Tagitinin C', 'astilbin; Rel-(2R, 3R)-dihydroquercetin-3-O-±-L-rhamnoside', '2-Episesalatin', ""Isoswertisin-2''α1-L-rhamnoside"", 'Sesartemin', 'Clusifoliol', ""Isoswertisin-4'-methyl-ether-2''α-L-rhamnoside"", 'Stearic acid 4-pentoyloxyphenethyl ester', 'β-caryophyllene, trans-caryophyllene', 'Nitensidine D', 'Nitensidine E', ""3,5,6,7,3',4',5'-heptamethoxyflavonol"", ""3',4',5',3,5,7,8-heptamethoxyflavone"", 'Pimara-7,15-dien-3β-ol', '(22E,24R)-ergosta-4,6,8(14),22-tetraen-3-one', 'Dimethyl terephthalate', '8-hydroxy-6-methoxy-3-methylisocoumarin', 'Ergosterol peroxide', 'Methacrylic acid', '3,4-dehydrostrictosidine acid', 'Turbinatine', 'Strictosidine acid', '3,4-dehydro-strictosidine', 'Harman-3-carboxylic acid', '5α-carboxystrictosidine', 'Cordifoline', 'Deoxycordifoline', '4-metoxi-6-[2-(metilamino)fenil]- 2H-piran-2-ona', 'Cusculine; 1,2,3,5,6-pentamethoxy-9-acridone', 'Cuspanine; 1-hydroxy-2,3,5,6-tetramethoxy-9-acridone', '2α,3α-Dihydroxy-urs-12-en-28-oic acid', 'Oleanolic acid 3-sophoroside', '3-O-β-D-(6’-methyl)-glucopyranosyl-28-O-β-D-glucopyranosyl-oleanate', 'Haplotusine', '5-hydroxyflavone', '2-phenyl-4H-chromen-4-one', 'β-Sitosterol benzoate', 'Sinapyl 4-O-β-D-glucopyranoside aldehyde', 'Sinapyl 4-O-β-D-glucopyranoside alcohol', 'N-acetylnonaine', 'Liriodenine', '[10]-gingerol', ""2,4-Dihydroxy-6-[(1'E,3'E)-penta-1', 3'-dienyl]-benzaldehyde"", 'Nitensidine A', 'scillascillin', 'Kokusaginine', ""2-(2'-O-trans-caffeoyl)-C-β-D-glucopyranosyl-1,3,6,7-tetrahydroxyxanthone"", 'Netzahualcoyene', 'Casearin X Dialdehyde; (2R*,4aS*,5S*,7R*,8R*,8aS*)-4,4a-Diformyl-1,2,4a,5,6,7,8,8a-octahydro-5-hydroxy-7,8-dimethyl-8-[(2Z)-3-methylpenta-2,4-dien-1-yl]naphthalen-2-yl Butanoate', 'polypodine B', 'n-Propyl gallate', ""3',4',5',5,7,8-hexamethoxyflavone"", 'Isopropyl gallate', '6β-hydroxy-7-epigardoside methyl ester', 'Tetrahydropiperyline, N-[10-(13,14-methylenedioxyphenyl)-pentanoyl]-pyrrolidine', 'Piperovatine', '2,4,6-trimethoxybenzoic acid', 'Odoratol', 'Leptomerine', '5-hydroxy-N-methylseverifoline', '19,20-Epoxycytochalasin N', 'ellagic acid 4-O-α-L-rhamnopyranoside; eschweilenol C', 'Mayoside C', 'Ourateacatechin', ""3',4',5',5,7-pentamethoxyflavone"", '2-methyl-5-pentadecylresorcinol', '3β-hydroxy-stigmast-5-en-7-one; 24-β-7-oxositosterol', 'Cyclo-(L-Pro-L-Val)', 'Acetonide of odoratol', '(−)-Grandisin', '24-methylenecycloartan-3b-ol', 'Ixoside', 'Cognatine', 'Cytochalasin D', ""Methyl-2,2-dimethyl-8-(3'-methylbut-2'-enyl)chroman-6-carboxylate"", '2,7-Di-O-acetylcasearupestrin A', 'Nitensidine B', '1-methyl-2-n-nonyl-4-quinolone', '5-[8(Z),11(Z),14-pentadecatrienyl]resorcinol', 'Piperol B', '(-)-Hardwickiic acid', ""5-[3''-(β-D-glucopyranosyloxy)propyl]-7-methoxy-2-(3',4'-methylenedioxyphenyl)benzofuran"", '28-O-β-D-glucopyranosyl quinovic acid', '2-Methyl-4-hydroxy-butyl caffeoate', 'N-1,N-2,N-3-Triisopentenylguanidine', 'Dibenzyl trisulphide', 'Maytenin, Tingenone', '2-methyl-5-[8(Z)-pentadecenyl]resorcinol', ""8-hydroxy-3,5,7,3',4',5'-hexamethoxyflavonol"", '2,6-di-O-acetylcasearupestrin D', 'Maculosidine', 'Podocarpusflavone A', 'Casearupestrin C', '6α-malonyloxy-n-butyl ester manoyl oxide', 'citrusinine-I', 'Ricinine', 'Leptophyllin A', '5-pentadecylresorcinol', '19,20-Epoxycytochalasin D', 'fumiquinozoline F', 'Kaempferol 3-O-α-L-rhamnopyranosyl (1→6)-O-[β -D-glucopyranosyl (1→3)-O-α-L-rhamnopyranosyl-(1→2)]-O-β -D-glucopyranosyl', '3β-O-[α-L-rhamnopyranosyl-(1→2)-O-β-D-glucopyranosyl-(1→2)-O-β-D-glucopyranosyl]-28-O-β-D-glucopyranoside pomolate', 'Dibenzyl tetrasulphide', ""2',5-dihydroxy-3-methoxy-8-dimethylallyl-6, 7-(2' ',2''-dimethylpyrano)-dihydroflavonol"", '2-n-nonyl-4-quinolone', '(-)-Spectalinine', 'Uracil', 'urauchimycin A', 'Caseobliquin A', 'Methyl angolensate', ""5-(3'' -Hydroxypropyl)-7-methoxy-2-(3',4' -methyl-enedioxyphenyl)benzofuran"", '22β-hydroxypristimerin', '1- (5,7-dihydroxy-2,2-dimethylchroman-6-yl)-3-(2,2-dimethylchroman- 6-yl)propan-1-one', 'Canavaline', 'Di-hydrodehydrodiconiferyl alcohol', 'Quercetin', ""2-(2'-O-trans-cinnamoyl)-C-β-D-glucopyranosyl-1,3,6,7-tetrahydroxyxanthone"", 'Ocotillone', 'des-N-methylnoracronycine', 'Sorbifolin 6-O-β-glucopyranoside', 'Rel-2α-hydroxyzuelanin-6β-benzoate', 'Alkenoic acid', 'Quercetin 3-O-α-L-rhamnopyranosyl (1→6)-O-[β -D-glucopyranosyl (1→3)-O-α-L-rhamnopyranosyl-(1→2)]-O-β -D-glucopyranosyl', 'Heveaflavone', 'Arboreumine', '3-Oxoursolic acid', 'Isoorientin', 'urauchimycin B', 'Homoegonol', '[8]-gingerol', '4-Hydroxymellein', '5-hydroxymellein', 'fraxinellonone', 'Dibenzyl sulphide', '(-) Cis-4-hydroxy-6-deoxyscytalone', 'Plumericin', '5-[8(Z),11(Z)-pentadecadienyl]resorcinol', '7-hydroxy-3- (11-dimethylallyl)-8-methoxycoumarin', ""N-[7-(3',4'-methylenedioxyphenyl)-2(Z),4(Z)-heptadienoyl]pyrrolidine"", ""Acteoside; [β-3,4-dihydroxyphenyl)-ethyl]-(3'-O-α-L-rhamnopyranosyl)-(4'-O-cafeoyl)-β-D-glycopyranoside, verbascoside"", 'Pedalitin', '1-O-(E)-feruloyl-β-D-glucopyranoside', '19,20-Epoxycytochalasin C', 'p-Coumaric acid', '(-)-Epigallocatechin', 'Netzahualcoyonol', '1-[3-(3,7-dimethylocta-2,6-dien-1-yl)-2,4,6- trihydroxyphenyl]-3-(4-hydroxyphenyl)propan-1-one', '6α-malonyloxymanoyl oxide', 'Benzylhydroxymethyl sulphide', '1,6-di-O-caffeoyl-β-D-glucopyranoside', '2-methyl-5-[8(Z),11(Z),14-pentadecatrienyl]resorcinol', '20-hydroxyecdysone; polypodine A', '3-Acetyl aleuritolic acid', 'Photogedunin', 'Casearin X; (1R*,3S*,5S*,6aR*,7S*,8S*,10R*,10aR*)-1-(Acetyloxy)-3,5,6,6a,7,8,9,10-octahydro-10-hydroxy-7,8-dimethyl-7-[(2Z)-3-methylpenta-2,4-dien-1-yl]naphtho[1,8a-c]furan-3,5-diyl Dibutanoate', 'α-L-xylopyranosyl-(4""→20)-(3-O-β-D-glucopyranosyl)-1\'-O-E-caffeoyl-β-D-glucopyranoside', ""2-(R)-Methyl-6-(S)-(tetradecyl-13'-one)-3(R)-O-tert-butyldimethylsilyl-piperidine"", '(2S)-Methyl-2-methyl-8-(3""-methylbut-2""-enyl)-2-(4\'-methylpent-3\'-enyl)-2H-chromene-6-carboxylate', 'Casearin T', 'Piperyline, N-[10-(13,14-methylenedioxyphenyl)-7(E),9(E)-pentadienoyl]-pyrrolidine', 'Casearupestrin B', 'toonacilin', 'Netzahualcoyondiol', 'Pristimerin; 20α-3-hydroxy-2-oxo-24-nor-friedela-1-10,3,5,7-tetraen-carboxylic acid-29-methylester', '3,4,5-trimethoxyphenyl 1-O-β-D-apiofuranosyl-(1→6)-O-β-D-glucopyranoside', 'β-photogedunin', 'n-Butyl gallate', ""5-[3''-(β-D-glucopyranosyloxy)propyl]-7-methoxy-2-(3',4'-dimethoxyphenyl)benzofuran"", '3,12-Dihydroxycadalene', 'Skimmianine', 'p-hydroxybenzoic acid-geranyl ester', 'Dibenzyl disulphide', 'Proanthocyanidin', 'neoisoastilbin', '(R)-7-Hydroxymellein', '6α-acetoxymanoyl oxide', 'Methyl-8-hydroxy-2,2-dimethylchroman-6-carboxylate', 'Di(benzyltrithio) methane', 'n-Pentyl gallate', 'Orcinol', 'Periconicin B', 'Phomopsilactone', ""(2S)-8-Isopentyl-2-methyl-2-(4'-methylpentyl)chroman-6-carboxylic acid"", '2,2-dimethyl-2H-chromene-6-carboxylic acid', '1,2-dihydro- 3β-hydroxy-7-deacetoxy-7-oxogedunin', '24-methylene-3,22-dihydroxycholesterol', 'amorphispironone', 'Casearupestrin D', 'Chaetoglobosin B', ""2-(2'-O-benzoyl)-C-β-D-glucopyranosyl-1,3,6,7-tetrahydroxyxanthone"", 'Isoplumericin', 'N-[10-(13,14-methylenedioxyphenyl)-7(E),9(Z)-pentadienoyl]-pyrrolidine', '6-[8(Z)-pentadecenyl]salicylic acid', '(2S)-2-methyl-8-(3""-methylbut-2""-enyl)-2-(4\'-methylpent-3\'-enyl)-2H-chromene-6-carboxylic acid', 'Burchellin', '5-[8(Z)-pentadecenyl]resorcinol', 'Luteolin; 2-(3,4-dihydroxyphenyl)-5,7-dihydroxy-4H-chromen-4-one', 'ω-fenil alcanoic acid', '2-butyl-D-fructofuranoside', ""Gaudichaudianic acid; (2S)-2-methyl-2-(4'methyl-3'-pentenyl)-8-(3''-methyl-2-butenyl)- 2H-1-benzopyran-6-carboxylic acid"", 'limonexic acid', '19,20-Epoxycytochalasin Q', '19,20-Epoxycytochalasin R', 'Muraxanthone', '6α-acetoxy-14β,15β-epoxyazadirone', 'epoxy-fraxinellone', '12′-hydroxy-7′-multijuguinone', 'Kaempferitrin', 'Nitensidine C', 'Dipropyl disulphide', '2-methyl-5-[8(Z),11(Z)-pentadecadienyl]resorcinol', 'Methyl 6,7,8-trimethoxydihydrocinnamate', '2-Hexyl-3-methyl-butanodioic acid', 'fraxinellone', '3,11,12-Trihydroxycadalene', 'Quercetin 3-O-sophoroside', '(3R,4R)-3,4-Dihydro-4,6-dihydroxy-3-methyl-1-oxo-1H-isochromene-5-carboxylic acid', '3,4,5-Triacetoxybenzoic acid', 'Odoratone', 'Rel-6β-hydroxyzuelanin-2β-benzoate', 'shidasterone', '5-hydroxymethyl- 2-furancarboxaldehyde; 5-hydroxymethyl-2-furfuraldehyde', 'atalaphyllinine', 'N-[10- (13,14-methylenedioxyphenyl)-7(E)-pentaenoyl]-pyrrolidine', '2-Methyl-5-methoxy-benzopyran-4-one', '3,4-dihydroxybenzoic acid geranyl ester', 'Gedunin', 'Pedalin, pedalitin 6-O-β -glucopyranoside', 'Caseargrewiin F; (1R*,3S*,5S*,6aR*,7S*,8R*,10R*,10aR*)-1,3-Bis(acetyloxy)-3,5,6,6a,7,8,9,10-octahydro-10-hydroxy-7,8-dimethyl-7-[(2Z)-3-methylpenta-2,4-dien-1-yl]naphtho[1,8a-c]furan-5-yl Butanoate', 'Casearin L; (1R*,3S*,5S*,6aR*,7R*,8R*,9S*,10S*,10aR*)-1,10-Bis(acetyloxy)-3,5,6,6a,7,8,9,10-octahydro-9-hydroxy-5-methoxy-7,8-dimethyl-7-[(2Z)-3-methylpenta-2,4-dien-1-yl]naphtho[1,8a-c]-furan-3-yl Butanoate', 'Platydesmine', 'Leiokinine A', 'Sinapic acid', 'schaftoside', ""(2S)-Methyl-8-isopentyl-2-methyl-2-(4'-methylpentyl)chroman-6-carboxylate"", 'Casearupestrin A', '2-oxo-piperol B; (7S*, 8R*, 1R*, 3R*)-3,4,5-trimethoxy-3,7-cyclo-8,1-neolig-8-ene-2,4(3H)-dione', 'taxifolin', ""(2'S)-2-(propan-2'-ol)-5-hydroxy-benzopyran-4-one"", 'Rel-(+)-(7S,9R,10S)-3,9,12-trihydroxycalamenene', 'Casearin S', '11β-acetoxyobacunone', '1-(5,7-dihydroxy-2,2-dimethylchroman- 6-yl)-3-[4-hydroxy-3-(3-methylbut-2-en-1-yl)- phenyl]propan-1-one', '(3R,4R)-4,7-Dihydroxymellein', ""Nitensoside B; Pedalitin 6-O-α-rhamnopyranosyl(1'''→6'')-β-glucopyranoside"", 'Methyl gallate', '3-O-β-D-quinovopyranosyl cincholic acid', 'Afzelin, 3-O-α-rhamnosyl kaempferol', '6-[ 8(Z),11(Z) -pentadecadienyl] salicylic acid', 'stachysterone', 'Ethyl 2,4-dihydroxy-5,6-dimethylbenzoate', 'Egonol', '4-Nerolidilcatechol', ""2-(2'-O-transcoumaroyl)-C-β-D-glucopyranosyl-1,3,6,7-tetrahydroxyxanthone"", 'Syringic acid', '(+)-3-O-feruloylcassine', 'Salacin', '6-pentadecylsalicylic acid', 'Methyl-2,2-dimethylchroman-6-carboxylate', ""Myrsinoic acid A, 3-Geranyl-4-hydroxy-5-(3'',3''-dimethylallyl)benzoic acid"", '20α-Hydroxymaytenin; 20-hydroxy-20-epi-tingenone', '(-)-Epigallocatechin-3-O-gallate', 'Casearin D; (1R*,3S*,5S*,6aR*,7R*,8R*,9S*,10S*,10aR*)-1-(Acetyloxy)-3,5,6,6a,7,8,9,10-octahydro-5,10-dihydroxy-7,8-dimethyl-7-[(2Z)-3-methylpenta-2,4-dien-1-yl]naphtho[1,8a-c]furan-3,9-diyl Dibutanoate', 'Rel. (+)-(7S,10S) 3,12-dihydroxycalamenene', 'Cabraleadiol', ""7-Hydroxy-4',6-dimethoxyisoflavone; Afrormosin; Afromosin"", '8-methoxymellein', '(±)-Syringaresinol', 'carlinoside', 'Methyl-8-(ethanoyloxy)-2,2-dimethyl-2H-chromene-6-carboxylate', 'Amentoflavone', '1-(5,7-dihydroxy-2,2-dimethylchroman-6-yl)-3-(1,1,4a-trimethyl-2,3,4,4a,9a-hexahydro-1H-xanthen-7-yl)propan-1-one', 'Methyl (E)-6,7,8-trimethoxycinnamate', '3,4,5-Trimethoxyphenyl-1-O-β-D-(5-O-syringoyl)-apiofuranosyl-(1→6)-β-D-glucopyranoside', '6-[8(Z),11(Z),14-pentadecatrienyl]salicylic acid', 'Sorbifolin', ""Nitensoside A; Sorbifolin 6-O-α-rhamnopyranosyl(1'''→6'')-β-glucopyranoside"", 'Casearin O; (1R*,3S*,5S*,6aR*,7R*,8R*,9S*,10S*,10aR*)-1,10-Bis(acetyloxy)-5-methoxy-7,8-dimethyl-7-[(2Z)-3-methylpenta-2,4-dien-1-yl]-3,5,6,6a,7,8,9,10-octahydronaphtho[1,8a-c]furan-3,9-diyl Dibutanoate', 'germacrene D', '2β-Hydroxyzuelanin-6β-cinnamate', 'arjunolic acid', '1-O-(E)-caffeoyl-β-D-glucopyranoside', 'Gallic acid; 3,4,5-trihydroxybenzoic acid', 'Quercitrin, 3-O-α-rhamnosylquercetin', 'Amentoflavone 7”,4”’-dimethyl ether', 'Picramnioside F', 'Lauryl gallate', 'Syringaldehyde', '22-hydroxytirucalla-7,24-diene-2,3-dione', 'Trans-3’-methylsulphonylallyl trans-cinnamate', '(3-(2-(4-hydroxyphenyl)-2-oxoethyl)-5,6-dihydropyridin- 2(1H)-one)', 'Mangiferin', 'Viburgenin', ""Pterogynoside; Kaempferol-3-O-(3''-O-4'''-methylgallate-α-L-rhamnoside)"", 'Isobutyl gallate', '7′-multijuguinone', 'Griseofulvin', 'Fagaramide', 'Chalepin', 'Chlorogenic acid', '(4R)-4,8-dihydroxy-α-tetralone', 'Kaempferol', '3-O-β-D-quinovopyranosyl quinovic acid', '2-hydroxyphenylacetic acid']]",doi_name
"['10.1590/S0100-40422008000400018', 'Sinapic acid']","['10.1590/S0100-40422008000400018', ['N-acetylnonaine', 'Sinapyl 4-O-β-D-glucopyranoside alcohol', 'Liriodenine', 'Sinapyl 4-O-β-D-glucopyranoside aldehyde', '2α,3α-Dihydroxy-urs-12-en-28-oic acid', 'Haplotusine', 'β-Sitosterol benzoate', '5-hydroxyflavone', '2-phenyl-4H-chromen-4-one', '3-O-β-D-(6’-methyl)-glucopyranosyl-28-O-β-D-glucopyranosyl-oleanate', 'Oleanolic acid 3-sophoroside', 'Procyanidin B-3', 'Kaempferol-3-O-D-galactopyranoside', 'Kaempferol-3-O-D-glucopyranoside', 'Quercetin-3-O-α-L-rhamnopyranosyl-(1→6)-β-D-galactopyranoside', '6-Hydroxy-rutin', 'Kaempferol-3-O-α-L-rhamnopyranosyl-(1-6)-α-L-rhamnopyranosyl-(1-4)-β-D-glucopyranoside', 'Catechin, Ent-catechin', 'Kaempferol-3-O-α-L-rhamnopyranosyl-(1→6)-β-D-galactopyranoside', 'Kaempferol-3-O-rutinoside', 'α-eudesmol', 'guaiol', 'γ-eudesmol', 'Hinesol', 'Galioside aglicone', 'Teucrein', '11-O-trans-feruloylteucrein', 'Apodanthoside', 'Galioside', ""3',4',5',3,5,7,8-heptamethoxyflavone"", ""3,5,6,7,3',4',5'-heptamethoxyflavonol"", '5,7-dimethoxy-2,2-dimethyl-2H-1-benzopyran-6-propanoic acid', 'Anhydrofusarubin', 'Beauvericin', '4,5-dihydropiperlonguminine; Piperlonguminine', '(E)-piplartine', '8,9-dihydropiplartine; N-(12,13,14-trimethoxydihydrocinnamoyl)-Δ3-pyridin-2-one', 'Piperine', '10,11-dihydropiperine; Δα,β-dihydropiperine', 'Pellitorine', ""N-[3-(6'-methoxy-3',4'-methy-lenedioxyphenyl)-2(Z)-propenoyl]pyrrolidine"", '4,5-dihydropiperyline', '(Z)-piplartine; 8(Z)-N-(12,13, 14-trimethoxycinnamoyl)- 3-pyridin-2-one', '(3Z,5Z)-N-isobutyl-8-(30,40-methylenedioxy-phenyl)-heptadienamide', 'Methyl (3R,4R,5R)-3-{[(2Z)-3-(3,4-dihydroxyphenyl)-2-propenoyl]oxy}-1,4,5-trihydroxycyclohexanecarboxylate', 'Methyl (3R,4R,5R)-3-{[(2E)-3-(3,4-dihydroxyphenyl)-2-propenoyl]oxy}-1,4,5-trihydroxycyclohexanecarboxylate', ""7,4'-Dimethoxyflavone"", '(+)-Guaiacin', 'Fasciculiferin', 'Farnisine', '17-(3,4-Methylenedioxyphenyl)-heptadecanoic acid', 'Sargaquinoic acid', ""7,4'-Dihydroxyflavone"", '21´-(3,4-Methylenedioxyphenyl)-henicosanoic acid', 'Sargachromenol', 'Tithonine', '19´-(3,4-Methylenedioxyphenyl)-nonadecanoic acid', ""Juruenolic acid; 2-(4'-Methylpentenyl-3)-10-oxoundecan-2,6-dienoic acid"", 'Chlorogenic acid methyl ester, Methyl (1S,3R,4R,5R)-3-{[(2E)-3-(3,4-dihydroxyphenyl)-2-propenoyl]oxy}-1,4,5-trihydroxycyclohexanecarboxylate', '7-Methoxydiderroside', 'Diderroside', ""6'-Acetyl-β-D-glucopyranosyldiderroside"", 'Secoxyloganin', '5,7-dimethoxy-2,2-dimethyl-2H-1-benzopyran-6-propanoate', 'Dimethyl terephthalate', '(22E,24R)-ergosta-4,6,8(14),22-tetraen-3-one', '8-hydroxy-6-methoxy-3-methylisocoumarin', 'Ergosterol peroxide', 'Pimara-7,15-dien-3β-ol', 'Methacrylic acid', 'Isopimpinellin', '(+)-α-Hydroxyerysotrine', '(+)-Erythravine', '(+)-11α-Hydroxyerythravine', 'Clusifoliol', ""Isoswertisin-4'-methyl-ether-2''α-L-rhamnoside"", ""Isoswertisin-2''α1-L-rhamnoside"", '2-Episesalatin', 'Sesartemin', '9-hydroxyeugenin', 'Mycoleptone A', 'Mycoleptone A tetraacetate', 'Eugenitin', 'Austdiol', '6-methoxyeugenin', 'Austdiol diacetate', 'Mycoleptone B', ""4-Hydroxy-(3',7'-dimethyl-1'-oxo-octa-2'-E-6'-dienyl)benzoic acid"", ""Sakuranetin; 5,4'-dihydroxy-7-methoxyflavanone"", ""Isosakuranetin; 5,7-dihydroxy-4'-methoxyflavanone"", ""1,4-Dihydroxy-2-(3',7'-dimethyl-1'-oxo-2'-E-6'-octadienyl)benzene"", ""4-Hydroxy-3-(3',7'-dimethyl-3'-hydroxy-1'-oxo-6'-octenyl)benzoic acid"", ""Aduncumene; Methyl 2-methoxy-5-(3'-methyl-1'-oxo-2'-butenyl)benzoate"", ""Methyl 4-hydroxy-3-(3'-methyl-2'-butenyl)benzoate"", ""Methyl 4-hydroxy-3-(3'-methyl-2'-hydroxy-3'-butenyl)benzoate"", '3,4,5-Trimethoxydihydrocinnamic acid', ""Methyl taboganate; Methyl 4-hydroxy-3-(3'-methyl-1'-oxo-2'-butenyl)benzoate"", ""4-Hydroxy-(3',7'-dimethyl-1'-oxo-octa-2'-Z-6'-dienyl)benzoic acid"", 'Methyl 2,2-dimethyl-1-oxo-2H-1-benzopyran-6-carboxylate', ""4-Hydroxy-3-(3',7'-dimethylocta-2'-E-6'-dienyl)benzoic acid"", ""2',6'-Dihydroxy-4'-methoxydihydrochalcone"", ""Hostmaniene; 4-Hydroxy-3-(2',3'-dihydroxy-3'-methylbutyl)benzoate"", 'Piperaduncine B', 'Taraxerol acetate', '5-hydroxynoracronycine; Atalaphyllidine', 'Citrusinine-I', 'Glycocitrine-I', 'Pyranofoline', '1,3,5-trihydroxy- 2,8-bis(3-methylbut-2-enyl)-10-methyl-9-acridone', '1,3,5-trihydroxy-4-methoxy-10-methyl- 2,8-bis(3-methylbut-2-enyl)acridin-9(10H)-one', 'Citrusinine-II', 'Glycocitrine-IV', '3,4-dihydro-3,5,8-trihydroxy-6-methoxy-2,2,7-trimethyl-2Hpyrano[ 2,3-a]acridin-12(7H)-one', 'Aphidicolin', 'cyclo (L)-Pro-Gly', '(-)-3-O-acetyl-spectaline', '1-methoxy-3-hydroxy-3,10b-4,5a-diepoxy-8b-isobutyroyloxygermacr-11(13)-en-6a,12-olide', 'Tagitinin C', ""2-(3',4'-methylenedioxyphenylethyl)-Quinoline"", ""2-(1'-pentenyl)-Quinoline"", '2-n-Propylquinoline', '2-n-Pentylquinoline', ""Rel-(7R,8S,7'S,8'S)-4,5,4',5'-dimethylenedioxy-3,3'-dimethoxy-7,7'-epoxylignan"", ""Rel-(7R,8S,7'S,8'S)-4'-hydroxy-3,4,5,3',5'-pentamethoxy-7,7'-epoxylignan"", ""Rel-(7R,8S,7'S,8'S)-4-hydroxy-4',5'-methylenedioxy-3,5,3'-trimethoxy-7,7'-epoxylignan"", ""Rel-(7R,8S,7'S,8'S)-9-hydroxy-4',5'-methylenedioxy-3,4,5,3'-tetramethoxy-7,7'-epoxylignan"", ""Rel-(7R,8S,7'S,8'S)-4',5'-methylenedioxy-3,4,5,3'-tetramethoxy-7,7'-epoxylignan"", 'Nitensidine E', 'Nitensidine D', 'α-Gardiol', 'β-Gardiol', 'Ferulic acid', ""4-Methoxy-3-(3',7'-dimethylocta-2'-E-6'-dienyl)benzoic acid"", 'Methyl-8-hydroxy-2,2-dimethyl-2H-chromene-6-carboxylate', ""3-(3',7 '-dimethyl-2',6 '-octadienyl)-4-methoxy-benzoic acid"", ""3,4-dimethyl-2-(4'-hydroxy-3',5'-dimethoxyphenyl)-5-methoxy-tetrahydrofuran"", '2α,3α,19α- trihydroxyurs-12-en-28-oic acid', '3,3-O-dimethylquercetin', 'penduletin 4-O-methyl ether', '3,7,4-O-trimethylkaempferol', 'p-hydroxybenzoic acid', '3-O-methylquercetin', 'acacetin', 'Chrysoeriol', '2α,3α-dihydroxyolean-12- en-28-oic acid', 'astilbin; Rel-(2R, 3R)-dihydroquercetin-3-O-±-L-rhamnoside', '4-metoxi-6-[2-(metilamino)fenil]- 2H-piran-2-ona', 'Xanthyletin', 'Stearic acid 4-pentoyloxyphenethyl ester', ""2'-hydroxy-3,4,4'-trimethoxy-5',6'-(2'',2''-dimethylpyrano)-chalcone"", ""3',4'-methylenedioxy-5,6,7- trimethoxyflavone"", ""3',4'-methylenedioxy-5,5',6,7-tetramethoxyflavone"", ""3',4'-methylenedioxy-5,7-dimethoxyflavone"", 'Nilocetin', 'Hispidol A', 'Pentaol', '3,11-dioxoolean-12-en-28- onic acid', 'cryptomeridiol', 'Iso-odoratol', 'Oleanonic acid', 'Piscidinol A', '5α-carboxystrictosidine', '3,4-dehydrostrictosidine acid', 'Strictosidine acid', 'Turbinatine', 'Harman-3-carboxylic acid', '3,4-dehydro-strictosidine', 'Deoxycordifoline', 'Cordifoline', 'Verrucosin', '7-Methyl-sargachromenol; 2,7,8-Trimethyl-2-[(3-E,7-Z)-4,12-dimethyl-8-carboxyl-3,7,11-tridecatrienyl]-3-chromen-6-ol, β-caroteno', 'Epi-guaiacin', 'Nectandrin B', '21α,25-dimethylmelianodiol', '21β,25-dimethylmelianodiol', '3,21-Di-epi-feroniellide B', '2,3-dihydro-4,9-dihydroxy-2-(2-hydroxy-propan-2-yl)- 11-methoxy-10-methylfuro[3,2-b]acridin-5(10H)-one', 'Citibrasine', 'bis-5-hydroxyacronycine', 'β-caryophyllene, trans-caryophyllene', 'Cusculine; 1,2,3,5,6-pentamethoxy-9-acridone', 'Cuspanine; 1-hydroxy-2,3,5,6-tetramethoxy-9-acridone', '[10]-gingerol', ""2,4-Dihydroxy-6-[(1'E,3'E)-penta-1', 3'-dienyl]-benzaldehyde"", '2-methyl-5-[8(Z)-pentadecenyl]resorcinol', 'Kaempferol', ""2-(2'-O-trans-caffeoyl)-C-β-D-glucopyranosyl-1,3,6,7-tetrahydroxyxanthone"", 'Netzahualcoyene', 'Casearin X Dialdehyde; (2R*,4aS*,5S*,7R*,8R*,8aS*)-4,4a-Diformyl-1,2,4a,5,6,7,8,8a-octahydro-5-hydroxy-7,8-dimethyl-8-[(2Z)-3-methylpenta-2,4-dien-1-yl]naphthalen-2-yl Butanoate', 'polypodine B', 'n-Propyl gallate', ""3',4',5',5,7,8-hexamethoxyflavone"", 'Isopropyl gallate', '6β-hydroxy-7-epigardoside methyl ester', 'Tetrahydropiperyline, N-[10-(13,14-methylenedioxyphenyl)-pentanoyl]-pyrrolidine', 'Piperovatine', '2,4,6-trimethoxybenzoic acid', '1-O-(E)-caffeoyl-β-D-glucopyranoside', '19,20-Epoxycytochalasin N', 'ellagic acid 4-O-α-L-rhamnopyranoside; eschweilenol C', 'Mayoside C', 'Ourateacatechin', ""3',4',5',5,7-pentamethoxyflavone"", '2-methyl-5-pentadecylresorcinol', '3β-hydroxy-stigmast-5-en-7-one; 24-β-7-oxositosterol', 'Kokusaginine', ""7-Hydroxy-4',6-dimethoxyisoflavone; Afrormosin; Afromosin"", '8-methoxymellein', '(±)-Syringaresinol', 'Cyclo-(L-Pro-L-Val)', 'Acetonide of odoratol', '(−)-Grandisin', '24-methylenecycloartan-3b-ol', 'Ixoside', 'Piperol B', '(-)-Hardwickiic acid', ""5-[3''-(β-D-glucopyranosyloxy)propyl]-7-methoxy-2-(3',4'-methylenedioxyphenyl)benzofuran"", '28-O-β-D-glucopyranosyl quinovic acid', '2-Methyl-4-hydroxy-butyl caffeoate', 'N-1,N-2,N-3-Triisopentenylguanidine', 'Dibenzyl trisulphide', 'Maytenin, Tingenone', 'Maculosidine', 'Podocarpusflavone A', '2-hydroxyphenylacetic acid', 'Nitensidine A', ""8-hydroxy-3,5,7,3',4',5'-hexamethoxyflavonol"", 'Odoratol', 'Leptomerine', '5-hydroxy-N-methylseverifoline', 'Uracil', 'Casearupestrin C', '6α-malonyloxy-n-butyl ester manoyl oxide', 'citrusinine-I', 'Ricinine', 'Leptophyllin A', '5-pentadecylresorcinol', '19,20-Epoxycytochalasin D', 'fumiquinozoline F', 'Kaempferol 3-O-α-L-rhamnopyranosyl (1→6)-O-[β -D-glucopyranosyl (1→3)-O-α-L-rhamnopyranosyl-(1→2)]-O-β -D-glucopyranosyl', '3β-O-[α-L-rhamnopyranosyl-(1→2)-O-β-D-glucopyranosyl-(1→2)-O-β-D-glucopyranosyl]-28-O-β-D-glucopyranoside pomolate', 'Dibenzyl tetrasulphide', '2,7-Di-O-acetylcasearupestrin A', 'Nitensidine B', '1-methyl-2-n-nonyl-4-quinolone', '5-[8(Z),11(Z),14-pentadecatrienyl]resorcinol', 'Arboreumine', ""2',5-dihydroxy-3-methoxy-8-dimethylallyl-6, 7-(2' ',2''-dimethylpyrano)-dihydroflavonol"", '2-n-nonyl-4-quinolone', 'Cytochalasin D', 'Isoorientin', 'urauchimycin B', 'Homoegonol', '[8]-gingerol', '4-Hydroxymellein', '5-hydroxymellein', 'fraxinellonone', 'Dibenzyl sulphide', '(-) Cis-4-hydroxy-6-deoxyscytalone', 'Plumericin', '5-[8(Z),11(Z)-pentadecadienyl]resorcinol', '(-)-Spectalinine', 'Pedalitin', '1-O-(E)-feruloyl-β-D-glucopyranoside', 'urauchimycin A', 'p-Coumaric acid', '(-)-Epigallocatechin', 'Netzahualcoyonol', '1-[3-(3,7-dimethylocta-2,6-dien-1-yl)-2,4,6- trihydroxyphenyl]-3-(4-hydroxyphenyl)propan-1-one', '6α-malonyloxymanoyl oxide', 'Benzylhydroxymethyl sulphide', '1,6-di-O-caffeoyl-β-D-glucopyranoside', '2-methyl-5-[8(Z),11(Z),14-pentadecatrienyl]resorcinol', '20-hydroxyecdysone; polypodine A', '3-Acetyl aleuritolic acid', 'Alkenoic acid', 'Quercetin 3-O-α-L-rhamnopyranosyl (1→6)-O-[β -D-glucopyranosyl (1→3)-O-α-L-rhamnopyranosyl-(1→2)]-O-β -D-glucopyranosyl', 'Heveaflavone', 'Rel-2α-hydroxyzuelanin-6β-benzoate', '2,6-di-O-acetylcasearupestrin D', ""Methyl-2,2-dimethyl-8-(3'-methylbut-2'-enyl)chroman-6-carboxylate"", '3-Oxoursolic acid', 'Casearupestrin B', 'toonacilin', 'Netzahualcoyondiol', 'Pristimerin; 20α-3-hydroxy-2-oxo-24-nor-friedela-1-10,3,5,7-tetraen-carboxylic acid-29-methylester', '3,4,5-trimethoxyphenyl 1-O-β-D-apiofuranosyl-(1→6)-O-β-D-glucopyranoside', 'β-photogedunin', 'n-Butyl gallate', ""5-[3''-(β-D-glucopyranosyloxy)propyl]-7-methoxy-2-(3',4'-dimethoxyphenyl)benzofuran"", '3,12-Dihydroxycadalene', '7-hydroxy-3- (11-dimethylallyl)-8-methoxycoumarin', ""N-[7-(3',4'-methylenedioxyphenyl)-2(Z),4(Z)-heptadienoyl]pyrrolidine"", ""Acteoside; [β-3,4-dihydroxyphenyl)-ethyl]-(3'-O-α-L-rhamnopyranosyl)-(4'-O-cafeoyl)-β-D-glycopyranoside, verbascoside"", ""2-(R)-Methyl-6-(S)-(tetradecyl-13'-one)-3(R)-O-tert-butyldimethylsilyl-piperidine"", '(2S)-Methyl-2-methyl-8-(3""-methylbut-2""-enyl)-2-(4\'-methylpent-3\'-enyl)-2H-chromene-6-carboxylate', 'Casearin T', 'Piperyline, N-[10-(13,14-methylenedioxyphenyl)-7(E),9(E)-pentadienoyl]-pyrrolidine', 'Caseobliquin A', 'Methyl angolensate', ""5-(3'' -Hydroxypropyl)-7-methoxy-2-(3',4' -methyl-enedioxyphenyl)benzofuran"", '22β-hydroxypristimerin', '1- (5,7-dihydroxy-2,2-dimethylchroman-6-yl)-3-(2,2-dimethylchroman- 6-yl)propan-1-one', 'Canavaline', 'Di-hydrodehydrodiconiferyl alcohol', 'Quercetin', ""2-(2'-O-trans-cinnamoyl)-C-β-D-glucopyranosyl-1,3,6,7-tetrahydroxyxanthone"", 'Ocotillone', 'des-N-methylnoracronycine', 'Sorbifolin 6-O-β-glucopyranoside', '6α-acetoxymanoyl oxide', 'Methyl-8-hydroxy-2,2-dimethylchroman-6-carboxylate', 'Di(benzyltrithio) methane', '3,11,12-Trihydroxycadalene', 'Quercetin 3-O-sophoroside', '19,20-Epoxycytochalasin C', 'n-Pentyl gallate', 'Orcinol', 'Periconicin B', 'Phomopsilactone', ""(2S)-8-Isopentyl-2-methyl-2-(4'-methylpentyl)chroman-6-carboxylic acid"", '2,2-dimethyl-2H-chromene-6-carboxylic acid', '1,2-dihydro- 3β-hydroxy-7-deacetoxy-7-oxogedunin', 'Photogedunin', 'Casearin X; (1R*,3S*,5S*,6aR*,7S*,8S*,10R*,10aR*)-1-(Acetyloxy)-3,5,6,6a,7,8,9,10-octahydro-10-hydroxy-7,8-dimethyl-7-[(2Z)-3-methylpenta-2,4-dien-1-yl]naphtho[1,8a-c]furan-3,5-diyl Dibutanoate', 'α-L-xylopyranosyl-(4""→20)-(3-O-β-D-glucopyranosyl)-1\'-O-E-caffeoyl-β-D-glucopyranoside', '6-[8(Z)-pentadecenyl]salicylic acid', '(2S)-2-methyl-8-(3""-methylbut-2""-enyl)-2-(4\'-methylpent-3\'-enyl)-2H-chromene-6-carboxylic acid', 'Burchellin', '5-[8(Z)-pentadecenyl]resorcinol', 'Luteolin; 2-(3,4-dihydroxyphenyl)-5,7-dihydroxy-4H-chromen-4-one', 'Sinapic acid', 'ω-fenil alcanoic acid', '2-butyl-D-fructofuranoside', ""Gaudichaudianic acid; (2S)-2-methyl-2-(4'methyl-3'-pentenyl)-8-(3''-methyl-2-butenyl)- 2H-1-benzopyran-6-carboxylic acid"", 'limonexic acid', 'Skimmianine', 'p-hydroxybenzoic acid-geranyl ester', 'Dibenzyl disulphide', 'Proanthocyanidin', 'neoisoastilbin', '(R)-7-Hydroxymellein', 'Kaempferitrin', 'Nitensidine C', 'Dipropyl disulphide', '2-methyl-5-[8(Z),11(Z)-pentadecadienyl]resorcinol', 'Methyl 6,7,8-trimethoxydihydrocinnamate', '2-Hexyl-3-methyl-butanodioic acid', 'fraxinellone', '6-[ 8(Z),11(Z) -pentadecadienyl] salicylic acid', '(3R,4R)-3,4-Dihydro-4,6-dihydroxy-3-methyl-1-oxo-1H-isochromene-5-carboxylic acid', '24-methylene-3,22-dihydroxycholesterol', 'amorphispironone', 'Casearupestrin D', 'Chaetoglobosin B', ""2-(2'-O-benzoyl)-C-β-D-glucopyranosyl-1,3,6,7-tetrahydroxyxanthone"", 'Isoplumericin', 'N-[10-(13,14-methylenedioxyphenyl)-7(E),9(Z)-pentadienoyl]-pyrrolidine', 'shidasterone', '5-hydroxymethyl- 2-furancarboxaldehyde; 5-hydroxymethyl-2-furfuraldehyde', 'atalaphyllinine', 'N-[10- (13,14-methylenedioxyphenyl)-7(E)-pentaenoyl]-pyrrolidine', '2-Methyl-5-methoxy-benzopyran-4-one', '3,4-dihydroxybenzoic acid geranyl ester', 'Gedunin', 'Pedalin, pedalitin 6-O-β -glucopyranoside', 'Caseargrewiin F; (1R*,3S*,5S*,6aR*,7S*,8R*,10R*,10aR*)-1,3-Bis(acetyloxy)-3,5,6,6a,7,8,9,10-octahydro-10-hydroxy-7,8-dimethyl-7-[(2Z)-3-methylpenta-2,4-dien-1-yl]naphtho[1,8a-c]furan-5-yl Butanoate', 'Casearin L; (1R*,3S*,5S*,6aR*,7R*,8R*,9S*,10S*,10aR*)-1,10-Bis(acetyloxy)-3,5,6,6a,7,8,9,10-octahydro-9-hydroxy-5-methoxy-7,8-dimethyl-7-[(2Z)-3-methylpenta-2,4-dien-1-yl]naphtho[1,8a-c]-furan-3-yl Butanoate', '19,20-Epoxycytochalasin Q', '19,20-Epoxycytochalasin R', 'Muraxanthone', '6α-acetoxy-14β,15β-epoxyazadirone', 'epoxy-fraxinellone', '12′-hydroxy-7′-multijuguinone', 'Cabraleadiol', 'schaftoside', ""(2S)-Methyl-8-isopentyl-2-methyl-2-(4'-methylpentyl)chroman-6-carboxylate"", 'Casearupestrin A', '2-oxo-piperol B; (7S*, 8R*, 1R*, 3R*)-3,4,5-trimethoxy-3,7-cyclo-8,1-neolig-8-ene-2,4(3H)-dione', 'taxifolin', ""(2'S)-2-(propan-2'-ol)-5-hydroxy-benzopyran-4-one"", 'Rel-(+)-(7S,9R,10S)-3,9,12-trihydroxycalamenene', 'Casearin S', '11β-acetoxyobacunone', '1-(5,7-dihydroxy-2,2-dimethylchroman- 6-yl)-3-[4-hydroxy-3-(3-methylbut-2-en-1-yl)- phenyl]propan-1-one', '(3R,4R)-4,7-Dihydroxymellein', ""Nitensoside B; Pedalitin 6-O-α-rhamnopyranosyl(1'''→6'')-β-glucopyranoside"", '3,4,5-Triacetoxybenzoic acid', 'Odoratone', 'Rel-6β-hydroxyzuelanin-2β-benzoate', 'arjunolic acid', 'Methyl gallate', '3-O-β-D-quinovopyranosyl cincholic acid', 'Afzelin, 3-O-α-rhamnosyl kaempferol', 'Egonol', '4-Nerolidilcatechol', ""2-(2'-O-transcoumaroyl)-C-β-D-glucopyranosyl-1,3,6,7-tetrahydroxyxanthone"", 'Syringic acid', '(+)-3-O-feruloylcassine', 'Salacin', '6-pentadecylsalicylic acid', 'Methyl-2,2-dimethylchroman-6-carboxylate', ""Myrsinoic acid A, 3-Geranyl-4-hydroxy-5-(3'',3''-dimethylallyl)benzoic acid"", '20α-Hydroxymaytenin; 20-hydroxy-20-epi-tingenone', 'Platydesmine', 'Leiokinine A', 'Griseofulvin', '(-)-Epigallocatechin-3-O-gallate', 'Casearin D; (1R*,3S*,5S*,6aR*,7R*,8R*,9S*,10S*,10aR*)-1-(Acetyloxy)-3,5,6,6a,7,8,9,10-octahydro-5,10-dihydroxy-7,8-dimethyl-7-[(2Z)-3-methylpenta-2,4-dien-1-yl]naphtho[1,8a-c]furan-3,9-diyl Dibutanoate', 'Rel. (+)-(7S,10S) 3,12-dihydroxycalamenene', 'carlinoside', 'Methyl-8-(ethanoyloxy)-2,2-dimethyl-2H-chromene-6-carboxylate', 'Amentoflavone', '1-(5,7-dihydroxy-2,2-dimethylchroman-6-yl)-3-(1,1,4a-trimethyl-2,3,4,4a,9a-hexahydro-1H-xanthen-7-yl)propan-1-one', 'Methyl (E)-6,7,8-trimethoxycinnamate', '3,4,5-Trimethoxyphenyl-1-O-β-D-(5-O-syringoyl)-apiofuranosyl-(1→6)-β-D-glucopyranoside', '6-[8(Z),11(Z),14-pentadecatrienyl]salicylic acid', 'Sorbifolin', ""Nitensoside A; Sorbifolin 6-O-α-rhamnopyranosyl(1'''→6'')-β-glucopyranoside"", 'Casearin O; (1R*,3S*,5S*,6aR*,7R*,8R*,9S*,10S*,10aR*)-1,10-Bis(acetyloxy)-5-methoxy-7,8-dimethyl-7-[(2Z)-3-methylpenta-2,4-dien-1-yl]-3,5,6,6a,7,8,9,10-octahydronaphtho[1,8a-c]furan-3,9-diyl Dibutanoate', 'germacrene D', '2β-Hydroxyzuelanin-6β-cinnamate', 'Gallic acid; 3,4,5-trihydroxybenzoic acid', 'Quercitrin, 3-O-α-rhamnosylquercetin', 'stachysterone', 'Ethyl 2,4-dihydroxy-5,6-dimethylbenzoate', 'Amentoflavone 7”,4”’-dimethyl ether', 'Picramnioside F', 'Lauryl gallate', 'Syringaldehyde', '22-hydroxytirucalla-7,24-diene-2,3-dione', 'Trans-3’-methylsulphonylallyl trans-cinnamate', '(3-(2-(4-hydroxyphenyl)-2-oxoethyl)-5,6-dihydropyridin- 2(1H)-one)', 'Mangiferin', 'Viburgenin', ""Pterogynoside; Kaempferol-3-O-(3''-O-4'''-methylgallate-α-L-rhamnoside)"", 'Isobutyl gallate', '7′-multijuguinone', 'Cognatine', 'Fagaramide', 'Chalepin', 'Chlorogenic acid', 'scillascillin', '(4R)-4,8-dihydroxy-α-tetralone', '3-O-β-D-quinovopyranosyl quinovic acid']]",doi_name
"['10.1002/ps.1278', '5-hydroxymethyl- 2-furancarboxaldehyde; 5-hydroxymethyl-2-furfuraldehyde']","['10.1002/ps.1278', ['guaiol', 'γ-eudesmol', 'Hinesol', 'α-eudesmol', 'Pimara-7,15-dien-3β-ol', 'Ergosterol peroxide', '8-hydroxy-6-methoxy-3-methylisocoumarin', '(22E,24R)-ergosta-4,6,8(14),22-tetraen-3-one', 'Dimethyl terephthalate', '11-O-trans-feruloylteucrein', 'Teucrein', 'Galioside aglicone', 'Apodanthoside', 'Galioside', ""3,4-dimethyl-2-(4'-hydroxy-3',5'-dimethoxyphenyl)-5-methoxy-tetrahydrofuran"", ""3',4',5',3,5,7,8-heptamethoxyflavone"", ""3,5,6,7,3',4',5'-heptamethoxyflavonol"", '3,3-O-dimethylquercetin', 'penduletin 4-O-methyl ether', '2α,3α,19α- trihydroxyurs-12-en-28-oic acid', '2α,3α-dihydroxyolean-12- en-28-oic acid', '3,7,4-O-trimethylkaempferol', 'p-hydroxybenzoic acid', '3-O-methylquercetin', 'Chrysoeriol', 'acacetin', 'Tagitinin C', '1-methoxy-3-hydroxy-3,10b-4,5a-diepoxy-8b-isobutyroyloxygermacr-11(13)-en-6a,12-olide', ""4-Hydroxy-3-(3',7'-dimethyl-3'-hydroxy-1'-oxo-6'-octenyl)benzoic acid"", ""4-Hydroxy-(3',7'-dimethyl-1'-oxo-octa-2'-E-6'-dienyl)benzoic acid"", ""Isosakuranetin; 5,7-dihydroxy-4'-methoxyflavanone"", ""1,4-Dihydroxy-2-(3',7'-dimethyl-1'-oxo-2'-E-6'-octadienyl)benzene"", ""Sakuranetin; 5,4'-dihydroxy-7-methoxyflavanone"", ""3',4'-methylenedioxy-5,6,7- trimethoxyflavone"", ""2'-hydroxy-3,4,4'-trimethoxy-5',6'-(2'',2''-dimethylpyrano)-chalcone"", ""3',4'-methylenedioxy-5,5',6,7-tetramethoxyflavone"", ""3',4'-methylenedioxy-5,7-dimethoxyflavone"", 'Aphidicolin', '21β,25-dimethylmelianodiol', '3,21-Di-epi-feroniellide B', '21α,25-dimethylmelianodiol', 'Cordifoline', 'Turbinatine', '3,4-dehydro-strictosidine', '3,4-dehydrostrictosidine acid', 'Strictosidine acid', '5α-carboxystrictosidine', 'Harman-3-carboxylic acid', 'Deoxycordifoline', '(+)-11α-Hydroxyerythravine', '(+)-Erythravine', '(+)-α-Hydroxyerysotrine', '4-metoxi-6-[2-(metilamino)fenil]- 2H-piran-2-ona', 'Kaempferol-3-O-rutinoside', 'Kaempferol-3-O-α-L-rhamnopyranosyl-(1→6)-β-D-galactopyranoside', 'Catechin, Ent-catechin', 'Procyanidin B-3', 'Kaempferol-3-O-D-galactopyranoside', '6-Hydroxy-rutin', 'Kaempferol-3-O-α-L-rhamnopyranosyl-(1-6)-α-L-rhamnopyranosyl-(1-4)-β-D-glucopyranoside', 'Quercetin-3-O-α-L-rhamnopyranosyl-(1→6)-β-D-galactopyranoside', 'Kaempferol-3-O-D-glucopyranoside', 'Taraxerol acetate', 'Nitensidine E', 'Nitensidine D', 'Beauvericin', 'Anhydrofusarubin', 'Hispidol A', 'Nilocetin', 'Oleanonic acid', 'Pentaol', 'cryptomeridiol', 'Iso-odoratol', 'Piscidinol A', '3,11-dioxoolean-12-en-28- onic acid', ""Isoswertisin-4'-methyl-ether-2''α-L-rhamnoside"", 'Clusifoliol', '2-Episesalatin', ""Isoswertisin-2''α1-L-rhamnoside"", 'Sesartemin', 'Citibrasine', '2,3-dihydro-4,9-dihydroxy-2-(2-hydroxy-propan-2-yl)- 11-methoxy-10-methylfuro[3,2-b]acridin-5(10H)-one', 'bis-5-hydroxyacronycine', 'astilbin; Rel-(2R, 3R)-dihydroquercetin-3-O-±-L-rhamnoside', 'Methyl (3R,4R,5R)-3-{[(2Z)-3-(3,4-dihydroxyphenyl)-2-propenoyl]oxy}-1,4,5-trihydroxycyclohexanecarboxylate', 'Methyl (3R,4R,5R)-3-{[(2E)-3-(3,4-dihydroxyphenyl)-2-propenoyl]oxy}-1,4,5-trihydroxycyclohexanecarboxylate', 'Chlorogenic acid methyl ester, Methyl (1S,3R,4R,5R)-3-{[(2E)-3-(3,4-dihydroxyphenyl)-2-propenoyl]oxy}-1,4,5-trihydroxycyclohexanecarboxylate', 'Mycoleptone A', '9-hydroxyeugenin', 'Mycoleptone A tetraacetate', 'Eugenitin', 'Mycoleptone B', 'Austdiol', 'Austdiol diacetate', '6-methoxyeugenin', 'α-Gardiol', 'β-Gardiol', 'Ferulic acid', 'Xanthyletin', '5,7-dimethoxy-2,2-dimethyl-2H-1-benzopyran-6-propanoic acid', '17-(3,4-Methylenedioxyphenyl)-heptadecanoic acid', ""7,4'-Dimethoxyflavone"", '21´-(3,4-Methylenedioxyphenyl)-henicosanoic acid', ""7,4'-Dihydroxyflavone"", '(+)-Guaiacin', '19´-(3,4-Methylenedioxyphenyl)-nonadecanoic acid', 'Sargachromenol', 'Sargaquinoic acid', 'Farnisine', ""Juruenolic acid; 2-(4'-Methylpentenyl-3)-10-oxoundecan-2,6-dienoic acid"", 'Fasciculiferin', 'Tithonine', '(-)-3-O-acetyl-spectaline', 'Stearic acid 4-pentoyloxyphenethyl ester', ""Rel-(7R,8S,7'S,8'S)-4',5'-methylenedioxy-3,4,5,3'-tetramethoxy-7,7'-epoxylignan"", ""Rel-(7R,8S,7'S,8'S)-4'-hydroxy-3,4,5,3',5'-pentamethoxy-7,7'-epoxylignan"", ""Rel-(7R,8S,7'S,8'S)-9-hydroxy-4',5'-methylenedioxy-3,4,5,3'-tetramethoxy-7,7'-epoxylignan"", ""Rel-(7R,8S,7'S,8'S)-4,5,4',5'-dimethylenedioxy-3,3'-dimethoxy-7,7'-epoxylignan"", ""Rel-(7R,8S,7'S,8'S)-4-hydroxy-4',5'-methylenedioxy-3,5,3'-trimethoxy-7,7'-epoxylignan"", '2-n-Propylquinoline', ""2-(1'-pentenyl)-Quinoline"", '2-n-Pentylquinoline', ""2-(3',4'-methylenedioxyphenylethyl)-Quinoline"", 'Epi-guaiacin', 'Verrucosin', '7-Methyl-sargachromenol; 2,7,8-Trimethyl-2-[(3-E,7-Z)-4,12-dimethyl-8-carboxyl-3,7,11-tridecatrienyl]-3-chromen-6-ol, β-caroteno', 'Nectandrin B', '1,3,5-trihydroxy- 2,8-bis(3-methylbut-2-enyl)-10-methyl-9-acridone', '5-hydroxynoracronycine; Atalaphyllidine', '3,4-dihydro-3,5,8-trihydroxy-6-methoxy-2,2,7-trimethyl-2Hpyrano[ 2,3-a]acridin-12(7H)-one', 'Citrusinine-I', 'Pyranofoline', 'Citrusinine-II', '1,3,5-trihydroxy-4-methoxy-10-methyl- 2,8-bis(3-methylbut-2-enyl)acridin-9(10H)-one', 'Glycocitrine-IV', 'Glycocitrine-I', '5,7-dimethoxy-2,2-dimethyl-2H-1-benzopyran-6-propanoate', 'β-caryophyllene, trans-caryophyllene', '3,4,5-Trimethoxydihydrocinnamic acid', ""4-Hydroxy-3-(3',7'-dimethylocta-2'-E-6'-dienyl)benzoic acid"", 'Methyl 2,2-dimethyl-1-oxo-2H-1-benzopyran-6-carboxylate', ""2',6'-Dihydroxy-4'-methoxydihydrochalcone"", ""Methyl 4-hydroxy-3-(3'-methyl-2'-butenyl)benzoate"", ""Methyl taboganate; Methyl 4-hydroxy-3-(3'-methyl-1'-oxo-2'-butenyl)benzoate"", ""Hostmaniene; 4-Hydroxy-3-(2',3'-dihydroxy-3'-methylbutyl)benzoate"", 'Piperaduncine B', ""4-Hydroxy-(3',7'-dimethyl-1'-oxo-octa-2'-Z-6'-dienyl)benzoic acid"", ""Aduncumene; Methyl 2-methoxy-5-(3'-methyl-1'-oxo-2'-butenyl)benzoate"", ""Methyl 4-hydroxy-3-(3'-methyl-2'-hydroxy-3'-butenyl)benzoate"", '7-Methoxydiderroside', 'Secoxyloganin', 'Diderroside', ""6'-Acetyl-β-D-glucopyranosyldiderroside"", 'Methacrylic acid', ""4-Methoxy-3-(3',7'-dimethylocta-2'-E-6'-dienyl)benzoic acid"", 'Methyl-8-hydroxy-2,2-dimethyl-2H-chromene-6-carboxylate', ""3-(3',7 '-dimethyl-2',6 '-octadienyl)-4-methoxy-benzoic acid"", 'cyclo (L)-Pro-Gly', 'Isopimpinellin', ""N-[3-(6'-methoxy-3',4'-methy-lenedioxyphenyl)-2(Z)-propenoyl]pyrrolidine"", '8,9-dihydropiplartine; N-(12,13,14-trimethoxydihydrocinnamoyl)-Δ3-pyridin-2-one', '(E)-piplartine', '10,11-dihydropiperine; Δα,β-dihydropiperine', 'Piperine', '4,5-dihydropiperlonguminine; Piperlonguminine', '4,5-dihydropiperyline', '(Z)-piplartine; 8(Z)-N-(12,13, 14-trimethoxycinnamoyl)- 3-pyridin-2-one', '(3Z,5Z)-N-isobutyl-8-(30,40-methylenedioxy-phenyl)-heptadienamide', 'Pellitorine', 'Cusculine; 1,2,3,5,6-pentamethoxy-9-acridone', 'Cuspanine; 1-hydroxy-2,3,5,6-tetramethoxy-9-acridone', '2α,3α-Dihydroxy-urs-12-en-28-oic acid', '3-O-β-D-(6’-methyl)-glucopyranosyl-28-O-β-D-glucopyranosyl-oleanate', 'Oleanolic acid 3-sophoroside', '5-hydroxyflavone', '2-phenyl-4H-chromen-4-one', 'β-Sitosterol benzoate', 'Haplotusine', 'Sinapyl 4-O-β-D-glucopyranoside aldehyde', 'N-acetylnonaine', 'Liriodenine', 'Sinapyl 4-O-β-D-glucopyranoside alcohol', '[10]-gingerol', ""2,4-Dihydroxy-6-[(1'E,3'E)-penta-1', 3'-dienyl]-benzaldehyde"", '2-methyl-5-[8(Z)-pentadecenyl]resorcinol', 'Nitensidine A', '2-hydroxyphenylacetic acid', '3-O-β-D-quinovopyranosyl quinovic acid', ""8-hydroxy-3,5,7,3',4',5'-hexamethoxyflavonol"", '2-methyl-5-pentadecylresorcinol', '3β-hydroxy-stigmast-5-en-7-one; 24-β-7-oxositosterol', 'scillascillin', '(4R)-4,8-dihydroxy-α-tetralone', 'Homoegonol', '[8]-gingerol', '4-Hydroxymellein', '5-hydroxymellein', 'fraxinellonone', 'Sorbifolin 6-O-β-glucopyranoside', 'Rel-2α-hydroxyzuelanin-6β-benzoate', '2,6-di-O-acetylcasearupestrin D', ""Methyl-2,2-dimethyl-8-(3'-methylbut-2'-enyl)chroman-6-carboxylate"", '2,7-Di-O-acetylcasearupestrin A', 'Odoratol', 'Leptomerine', '5-hydroxy-N-methylseverifoline', '19,20-Epoxycytochalasin N', 'ellagic acid 4-O-α-L-rhamnopyranoside; eschweilenol C', 'Mayoside C', 'Ourateacatechin', ""3',4',5',5,7-pentamethoxyflavone"", 'Acetonide of odoratol', '(−)-Grandisin', '24-methylenecycloartan-3b-ol', 'Skimmianine', 'p-hydroxybenzoic acid-geranyl ester', 'Dibenzyl disulphide', 'Proanthocyanidin', 'neoisoastilbin', '(R)-7-Hydroxymellein', ""5-(3'' -Hydroxypropyl)-7-methoxy-2-(3',4' -methyl-enedioxyphenyl)benzofuran"", '22β-hydroxypristimerin', '1- (5,7-dihydroxy-2,2-dimethylchroman-6-yl)-3-(2,2-dimethylchroman- 6-yl)propan-1-one', 'Canavaline', 'Di-hydrodehydrodiconiferyl alcohol', 'Quercetin', ""2-(2'-O-trans-cinnamoyl)-C-β-D-glucopyranosyl-1,3,6,7-tetrahydroxyxanthone"", 'Kokusaginine', 'Ocotillone', 'des-N-methylnoracronycine', '6α-acetoxy-14β,15β-epoxyazadirone', 'Maculosidine', 'Podocarpusflavone A', 'Casearupestrin C', '6α-malonyloxy-n-butyl ester manoyl oxide', 'citrusinine-I', 'Ricinine', 'Leptophyllin A', '5-pentadecylresorcinol', '19,20-Epoxycytochalasin D', 'fumiquinozoline F', 'Kaempferol 3-O-α-L-rhamnopyranosyl (1→6)-O-[β -D-glucopyranosyl (1→3)-O-α-L-rhamnopyranosyl-(1→2)]-O-β -D-glucopyranosyl', 'Nitensidine B', '1-methyl-2-n-nonyl-4-quinolone', '5-[8(Z),11(Z),14-pentadecatrienyl]resorcinol', 'Gallic acid; 3,4,5-trihydroxybenzoic acid', 'Caseobliquin A', 'Methyl angolensate', '3β-O-[α-L-rhamnopyranosyl-(1→2)-O-β-D-glucopyranosyl-(1→2)-O-β-D-glucopyranosyl]-28-O-β-D-glucopyranoside pomolate', 'Dibenzyl tetrasulphide', ""2',5-dihydroxy-3-methoxy-8-dimethylallyl-6, 7-(2' ',2''-dimethylpyrano)-dihydroflavonol"", '2-n-nonyl-4-quinolone', 'Cytochalasin D', 'Isoorientin', 'urauchimycin A', 'p-Coumaric acid', '(-)-Epigallocatechin', 'Netzahualcoyonol', '1-[3-(3,7-dimethylocta-2,6-dien-1-yl)-2,4,6- trihydroxyphenyl]-3-(4-hydroxyphenyl)propan-1-one', '6α-malonyloxymanoyl oxide', '6α-acetoxymanoyl oxide', 'Methyl-8-hydroxy-2,2-dimethylchroman-6-carboxylate', 'Dipropyl disulphide', '2-methyl-5-[8(Z),11(Z)-pentadecadienyl]resorcinol', 'Methyl 6,7,8-trimethoxydihydrocinnamate', '2-Hexyl-3-methyl-butanodioic acid', 'fraxinellone', '6-[ 8(Z),11(Z) -pentadecadienyl] salicylic acid', 'polypodine B', 'n-Propyl gallate', ""3',4',5',5,7,8-hexamethoxyflavone"", 'Isopropyl gallate', '6β-hydroxy-7-epigardoside methyl ester', 'Tetrahydropiperyline, N-[10-(13,14-methylenedioxyphenyl)-pentanoyl]-pyrrolidine', 'Piperovatine', '2,4,6-trimethoxybenzoic acid', '1-O-(E)-caffeoyl-β-D-glucopyranoside', 'Quercitrin, 3-O-α-rhamnosylquercetin', 'Quercetin 3-O-α-L-rhamnopyranosyl (1→6)-O-[β -D-glucopyranosyl (1→3)-O-α-L-rhamnopyranosyl-(1→2)]-O-β -D-glucopyranosyl', 'Heveaflavone', 'Arboreumine', '3-Oxoursolic acid', 'Casearupestrin B', 'toonacilin', 'Uracil', '1-O-(E)-feruloyl-β-D-glucopyranoside', '19,20-Epoxycytochalasin C', 'Benzylhydroxymethyl sulphide', '1,6-di-O-caffeoyl-β-D-glucopyranoside', '2-methyl-5-[8(Z),11(Z),14-pentadecatrienyl]resorcinol', 'epoxy-fraxinellone', '12′-hydroxy-7′-multijuguinone', 'Kaempferitrin', 'Nitensidine C', 'Casearupestrin D', 'Chaetoglobosin B', 'n-Pentyl gallate', 'Orcinol', 'Periconicin B', 'Phomopsilactone', ""(2S)-8-Isopentyl-2-methyl-2-(4'-methylpentyl)chroman-6-carboxylic acid"", '2,2-dimethyl-2H-chromene-6-carboxylic acid', '1,2-dihydro- 3β-hydroxy-7-deacetoxy-7-oxogedunin', 'Photogedunin', 'Casearin X; (1R*,3S*,5S*,6aR*,7S*,8S*,10R*,10aR*)-1-(Acetyloxy)-3,5,6,6a,7,8,9,10-octahydro-10-hydroxy-7,8-dimethyl-7-[(2Z)-3-methylpenta-2,4-dien-1-yl]naphtho[1,8a-c]furan-3,5-diyl Dibutanoate', ""2-(R)-Methyl-6-(S)-(tetradecyl-13'-one)-3(R)-O-tert-butyldimethylsilyl-piperidine"", '(2S)-Methyl-2-methyl-8-(3""-methylbut-2""-enyl)-2-(4\'-methylpent-3\'-enyl)-2H-chromene-6-carboxylate', '20-hydroxyecdysone; polypodine A', '3-Acetyl aleuritolic acid', 'Alkenoic acid', ""2-(2'-O-trans-caffeoyl)-C-β-D-glucopyranosyl-1,3,6,7-tetrahydroxyxanthone"", 'Netzahualcoyene', 'Casearin X Dialdehyde; (2R*,4aS*,5S*,7R*,8R*,8aS*)-4,4a-Diformyl-1,2,4a,5,6,7,8,8a-octahydro-5-hydroxy-7,8-dimethyl-8-[(2Z)-3-methylpenta-2,4-dien-1-yl]naphthalen-2-yl Butanoate', 'Casearin T', 'Piperyline, N-[10-(13,14-methylenedioxyphenyl)-7(E),9(E)-pentadienoyl]-pyrrolidine', 'ω-fenil alcanoic acid', '2-butyl-D-fructofuranoside', ""Gaudichaudianic acid; (2S)-2-methyl-2-(4'methyl-3'-pentenyl)-8-(3''-methyl-2-butenyl)- 2H-1-benzopyran-6-carboxylic acid"", 'limonexic acid', 'Pedalitin', 'Di(benzyltrithio) methane', '3,11,12-Trihydroxycadalene', 'Quercetin 3-O-sophoroside', '(3R,4R)-3,4-Dihydro-4,6-dihydroxy-3-methyl-1-oxo-1H-isochromene-5-carboxylic acid', '24-methylene-3,22-dihydroxycholesterol', 'amorphispironone', 'taxifolin', ""(2'S)-2-(propan-2'-ol)-5-hydroxy-benzopyran-4-one"", 'Rel-(+)-(7S,9R,10S)-3,9,12-trihydroxycalamenene', 'Casearin S', '11β-acetoxyobacunone', '1-(5,7-dihydroxy-2,2-dimethylchroman- 6-yl)-3-[4-hydroxy-3-(3-methylbut-2-en-1-yl)- phenyl]propan-1-one', '(3R,4R)-4,7-Dihydroxymellein', 'Piperol B', '(-)-Hardwickiic acid', ""5-[3''-(β-D-glucopyranosyloxy)propyl]-7-methoxy-2-(3',4'-methylenedioxyphenyl)benzofuran"", '28-O-β-D-glucopyranosyl quinovic acid', '2-Methyl-4-hydroxy-butyl caffeoate', 'N-1,N-2,N-3-Triisopentenylguanidine', 'Dibenzyl trisulphide', 'Maytenin, Tingenone', 'urauchimycin B', '6-[8(Z)-pentadecenyl]salicylic acid', '(2S)-2-methyl-8-(3""-methylbut-2""-enyl)-2-(4\'-methylpent-3\'-enyl)-2H-chromene-6-carboxylic acid', 'Burchellin', '5-[8(Z)-pentadecenyl]resorcinol', 'Luteolin; 2-(3,4-dihydroxyphenyl)-5,7-dihydroxy-4H-chromen-4-one', 'Sinapic acid', '19,20-Epoxycytochalasin Q', '19,20-Epoxycytochalasin R', 'Muraxanthone', 'Odoratone', 'Rel-6β-hydroxyzuelanin-2β-benzoate', ""2-(2'-O-benzoyl)-C-β-D-glucopyranosyl-1,3,6,7-tetrahydroxyxanthone"", 'Isoplumericin', 'α-L-xylopyranosyl-(4""→20)-(3-O-β-D-glucopyranosyl)-1\'-O-E-caffeoyl-β-D-glucopyranoside', 'Casearupestrin A', '2-oxo-piperol B; (7S*, 8R*, 1R*, 3R*)-3,4,5-trimethoxy-3,7-cyclo-8,1-neolig-8-ene-2,4(3H)-dione', ""N-[7-(3',4'-methylenedioxyphenyl)-2(Z),4(Z)-heptadienoyl]pyrrolidine"", ""Acteoside; [β-3,4-dihydroxyphenyl)-ethyl]-(3'-O-α-L-rhamnopyranosyl)-(4'-O-cafeoyl)-β-D-glycopyranoside, verbascoside"", 'shidasterone', '5-hydroxymethyl- 2-furancarboxaldehyde; 5-hydroxymethyl-2-furfuraldehyde', 'atalaphyllinine', 'N-[10- (13,14-methylenedioxyphenyl)-7(E)-pentaenoyl]-pyrrolidine', '2-Methyl-5-methoxy-benzopyran-4-one', '3,4-dihydroxybenzoic acid geranyl ester', 'N-[10-(13,14-methylenedioxyphenyl)-7(E),9(Z)-pentadienoyl]-pyrrolidine', 'Gedunin', 'Pedalin, pedalitin 6-O-β -glucopyranoside', 'Caseargrewiin F; (1R*,3S*,5S*,6aR*,7S*,8R*,10R*,10aR*)-1,3-Bis(acetyloxy)-3,5,6,6a,7,8,9,10-octahydro-10-hydroxy-7,8-dimethyl-7-[(2Z)-3-methylpenta-2,4-dien-1-yl]naphtho[1,8a-c]furan-5-yl Butanoate', 'Casearin L; (1R*,3S*,5S*,6aR*,7R*,8R*,9S*,10S*,10aR*)-1,10-Bis(acetyloxy)-3,5,6,6a,7,8,9,10-octahydro-9-hydroxy-5-methoxy-7,8-dimethyl-7-[(2Z)-3-methylpenta-2,4-dien-1-yl]naphtho[1,8a-c]-furan-3-yl Butanoate', 'Platydesmine', ""Nitensoside B; Pedalitin 6-O-α-rhamnopyranosyl(1'''→6'')-β-glucopyranoside"", 'Amentoflavone', 'Methyl (E)-6,7,8-trimethoxycinnamate', '3,4,5-Trimethoxyphenyl-1-O-β-D-(5-O-syringoyl)-apiofuranosyl-(1→6)-β-D-glucopyranoside', '6-[8(Z),11(Z),14-pentadecatrienyl]salicylic acid', 'Sorbifolin', ""Nitensoside A; Sorbifolin 6-O-α-rhamnopyranosyl(1'''→6'')-β-glucopyranoside"", 'Casearin O; (1R*,3S*,5S*,6aR*,7R*,8R*,9S*,10S*,10aR*)-1,10-Bis(acetyloxy)-5-methoxy-7,8-dimethyl-7-[(2Z)-3-methylpenta-2,4-dien-1-yl]-3,5,6,6a,7,8,9,10-octahydronaphtho[1,8a-c]furan-3,9-diyl Dibutanoate', 'germacrene D', '(-)-Spectalinine', 'Netzahualcoyondiol', 'Pristimerin; 20α-3-hydroxy-2-oxo-24-nor-friedela-1-10,3,5,7-tetraen-carboxylic acid-29-methylester', '3,4,5-trimethoxyphenyl 1-O-β-D-apiofuranosyl-(1→6)-O-β-D-glucopyranoside', 'β-photogedunin', 'n-Butyl gallate', ""5-[3''-(β-D-glucopyranosyloxy)propyl]-7-methoxy-2-(3',4'-dimethoxyphenyl)benzofuran"", '3,12-Dihydroxycadalene', '7-hydroxy-3- (11-dimethylallyl)-8-methoxycoumarin', 'Afzelin, 3-O-α-rhamnosyl kaempferol', 'Egonol', '4-Nerolidilcatechol', ""2-(2'-O-transcoumaroyl)-C-β-D-glucopyranosyl-1,3,6,7-tetrahydroxyxanthone"", 'Syringic acid', '(+)-3-O-feruloylcassine', '6-pentadecylsalicylic acid', 'Methyl-2,2-dimethylchroman-6-carboxylate', ""Myrsinoic acid A, 3-Geranyl-4-hydroxy-5-(3'',3''-dimethylallyl)benzoic acid"", '20α-Hydroxymaytenin; 20-hydroxy-20-epi-tingenone', 'Leiokinine A', 'Cabraleadiol', 'schaftoside', ""(2S)-Methyl-8-isopentyl-2-methyl-2-(4'-methylpentyl)chroman-6-carboxylate"", '3,4,5-Triacetoxybenzoic acid', '1-(5,7-dihydroxy-2,2-dimethylchroman-6-yl)-3-(1,1,4a-trimethyl-2,3,4,4a,9a-hexahydro-1H-xanthen-7-yl)propan-1-one', '(±)-Syringaresinol', 'Cyclo-(L-Pro-L-Val)', '(-)-Epigallocatechin-3-O-gallate', 'Casearin D; (1R*,3S*,5S*,6aR*,7R*,8R*,9S*,10S*,10aR*)-1-(Acetyloxy)-3,5,6,6a,7,8,9,10-octahydro-5,10-dihydroxy-7,8-dimethyl-7-[(2Z)-3-methylpenta-2,4-dien-1-yl]naphtho[1,8a-c]furan-3,9-diyl Dibutanoate', 'Rel. (+)-(7S,10S) 3,12-dihydroxycalamenene', 'carlinoside', 'Methyl-8-(ethanoyloxy)-2,2-dimethyl-2H-chromene-6-carboxylate', 'arjunolic acid', 'stachysterone', 'Ethyl 2,4-dihydroxy-5,6-dimethylbenzoate', 'Amentoflavone 7”,4”’-dimethyl ether', 'Picramnioside F', 'Lauryl gallate', 'Syringaldehyde', 'Methyl gallate', '3-O-β-D-quinovopyranosyl cincholic acid', 'Dibenzyl sulphide', '(-) Cis-4-hydroxy-6-deoxyscytalone', 'Plumericin', '5-[8(Z),11(Z)-pentadecadienyl]resorcinol', '22-hydroxytirucalla-7,24-diene-2,3-dione', 'Trans-3’-methylsulphonylallyl trans-cinnamate', '(3-(2-(4-hydroxyphenyl)-2-oxoethyl)-5,6-dihydropyridin- 2(1H)-one)', 'Mangiferin', 'Salacin', 'Viburgenin', ""Pterogynoside; Kaempferol-3-O-(3''-O-4'''-methylgallate-α-L-rhamnoside)"", 'Isobutyl gallate', '7′-multijuguinone', 'Griseofulvin', ""7-Hydroxy-4',6-dimethoxyisoflavone; Afrormosin; Afromosin"", '8-methoxymellein', 'Ixoside', '2β-Hydroxyzuelanin-6β-cinnamate', 'Cognatine', 'Fagaramide', 'Chalepin', 'Chlorogenic acid', 'Kaempferol']]",doi_name
"['10.1590/S0100-40422010001000006', '19,20-Epoxycytochalasin Q']","['10.1590/S0100-40422010001000006', ['2α,3α-Dihydroxy-urs-12-en-28-oic acid', 'Haplotusine', '5-hydroxyflavone', 'β-Sitosterol benzoate', '2-phenyl-4H-chromen-4-one', 'Oleanolic acid 3-sophoroside', '3-O-β-D-(6’-methyl)-glucopyranosyl-28-O-β-D-glucopyranosyl-oleanate', 'N-acetylnonaine', 'Sinapyl 4-O-β-D-glucopyranoside alcohol', 'Liriodenine', 'Sinapyl 4-O-β-D-glucopyranoside aldehyde', 'Hinesol', 'guaiol', 'γ-eudesmol', 'α-eudesmol', 'Galioside aglicone', '11-O-trans-feruloylteucrein', 'Teucrein', 'Galioside', 'Apodanthoside', ""3,5,6,7,3',4',5'-heptamethoxyflavonol"", ""3',4',5',3,5,7,8-heptamethoxyflavone"", 'Anhydrofusarubin', 'Beauvericin', 'Procyanidin B-3', 'Kaempferol-3-O-α-L-rhamnopyranosyl-(1-6)-α-L-rhamnopyranosyl-(1-4)-β-D-glucopyranoside', 'Quercetin-3-O-α-L-rhamnopyranosyl-(1→6)-β-D-galactopyranoside', 'Catechin, Ent-catechin', 'Kaempferol-3-O-rutinoside', 'Kaempferol-3-O-α-L-rhamnopyranosyl-(1→6)-β-D-galactopyranoside', 'Kaempferol-3-O-D-galactopyranoside', '6-Hydroxy-rutin', 'Kaempferol-3-O-D-glucopyranoside', '5,7-dimethoxy-2,2-dimethyl-2H-1-benzopyran-6-propanoic acid', 'Methyl (3R,4R,5R)-3-{[(2Z)-3-(3,4-dihydroxyphenyl)-2-propenoyl]oxy}-1,4,5-trihydroxycyclohexanecarboxylate', 'Methyl (3R,4R,5R)-3-{[(2E)-3-(3,4-dihydroxyphenyl)-2-propenoyl]oxy}-1,4,5-trihydroxycyclohexanecarboxylate', 'Sargachromenol', '21´-(3,4-Methylenedioxyphenyl)-henicosanoic acid', ""Juruenolic acid; 2-(4'-Methylpentenyl-3)-10-oxoundecan-2,6-dienoic acid"", ""7,4'-Dimethoxyflavone"", 'Farnisine', 'Tithonine', '19´-(3,4-Methylenedioxyphenyl)-nonadecanoic acid', 'Fasciculiferin', '(+)-Guaiacin', 'Sargaquinoic acid', ""7,4'-Dihydroxyflavone"", '17-(3,4-Methylenedioxyphenyl)-heptadecanoic acid', 'Chlorogenic acid methyl ester, Methyl (1S,3R,4R,5R)-3-{[(2E)-3-(3,4-dihydroxyphenyl)-2-propenoyl]oxy}-1,4,5-trihydroxycyclohexanecarboxylate', '5,7-dimethoxy-2,2-dimethyl-2H-1-benzopyran-6-propanoate', 'Ergosterol peroxide', '8-hydroxy-6-methoxy-3-methylisocoumarin', 'Dimethyl terephthalate', 'Pimara-7,15-dien-3β-ol', '(22E,24R)-ergosta-4,6,8(14),22-tetraen-3-one', ""6'-Acetyl-β-D-glucopyranosyldiderroside"", '7-Methoxydiderroside', 'Diderroside', 'Secoxyloganin', '2-Episesalatin', ""Isoswertisin-2''α1-L-rhamnoside"", ""Isoswertisin-4'-methyl-ether-2''α-L-rhamnoside"", 'Clusifoliol', 'Sesartemin', 'Methacrylic acid', ""Isosakuranetin; 5,7-dihydroxy-4'-methoxyflavanone"", ""Sakuranetin; 5,4'-dihydroxy-7-methoxyflavanone"", ""1,4-Dihydroxy-2-(3',7'-dimethyl-1'-oxo-2'-E-6'-octadienyl)benzene"", ""4-Hydroxy-(3',7'-dimethyl-1'-oxo-octa-2'-E-6'-dienyl)benzoic acid"", ""4-Hydroxy-3-(3',7'-dimethyl-3'-hydroxy-1'-oxo-6'-octenyl)benzoic acid"", ""Hostmaniene; 4-Hydroxy-3-(2',3'-dihydroxy-3'-methylbutyl)benzoate"", ""4-Hydroxy-3-(3',7'-dimethylocta-2'-E-6'-dienyl)benzoic acid"", '3,4,5-Trimethoxydihydrocinnamic acid', 'Methyl 2,2-dimethyl-1-oxo-2H-1-benzopyran-6-carboxylate', ""4-Hydroxy-(3',7'-dimethyl-1'-oxo-octa-2'-Z-6'-dienyl)benzoic acid"", ""Methyl 4-hydroxy-3-(3'-methyl-2'-butenyl)benzoate"", ""Methyl 4-hydroxy-3-(3'-methyl-2'-hydroxy-3'-butenyl)benzoate"", ""Aduncumene; Methyl 2-methoxy-5-(3'-methyl-1'-oxo-2'-butenyl)benzoate"", ""Methyl taboganate; Methyl 4-hydroxy-3-(3'-methyl-1'-oxo-2'-butenyl)benzoate"", ""2',6'-Dihydroxy-4'-methoxydihydrochalcone"", 'Piperaduncine B', '(3Z,5Z)-N-isobutyl-8-(30,40-methylenedioxy-phenyl)-heptadienamide', 'Pellitorine', '(Z)-piplartine; 8(Z)-N-(12,13, 14-trimethoxycinnamoyl)- 3-pyridin-2-one', ""N-[3-(6'-methoxy-3',4'-methy-lenedioxyphenyl)-2(Z)-propenoyl]pyrrolidine"", '(E)-piplartine', '8,9-dihydropiplartine; N-(12,13,14-trimethoxydihydrocinnamoyl)-Δ3-pyridin-2-one', 'Piperine', '10,11-dihydropiperine; Δα,β-dihydropiperine', '4,5-dihydropiperlonguminine; Piperlonguminine', '4,5-dihydropiperyline', '(+)-α-Hydroxyerysotrine', '(+)-Erythravine', '(+)-11α-Hydroxyerythravine', 'Isopimpinellin', '9-hydroxyeugenin', 'Mycoleptone A', 'Eugenitin', 'Austdiol diacetate', '6-methoxyeugenin', 'Mycoleptone B', 'Mycoleptone A tetraacetate', 'Austdiol', '(-)-3-O-acetyl-spectaline', '1,3,5-trihydroxy- 2,8-bis(3-methylbut-2-enyl)-10-methyl-9-acridone', 'Pyranofoline', '1,3,5-trihydroxy-4-methoxy-10-methyl- 2,8-bis(3-methylbut-2-enyl)acridin-9(10H)-one', '3,4-dihydro-3,5,8-trihydroxy-6-methoxy-2,2,7-trimethyl-2Hpyrano[ 2,3-a]acridin-12(7H)-one', 'Glycocitrine-I', 'Citrusinine-I', 'Glycocitrine-IV', '5-hydroxynoracronycine; Atalaphyllidine', 'Citrusinine-II', 'cyclo (L)-Pro-Gly', '3,3-O-dimethylquercetin', 'penduletin 4-O-methyl ether', '2α,3α,19α- trihydroxyurs-12-en-28-oic acid', 'acacetin', 'Chrysoeriol', '3,7,4-O-trimethylkaempferol', '3-O-methylquercetin', 'p-hydroxybenzoic acid', '2α,3α-dihydroxyolean-12- en-28-oic acid', 'Taraxerol acetate', 'Aphidicolin', ""4-Methoxy-3-(3',7'-dimethylocta-2'-E-6'-dienyl)benzoic acid"", 'Methyl-8-hydroxy-2,2-dimethyl-2H-chromene-6-carboxylate', ""3-(3',7 '-dimethyl-2',6 '-octadienyl)-4-methoxy-benzoic acid"", ""3,4-dimethyl-2-(4'-hydroxy-3',5'-dimethoxyphenyl)-5-methoxy-tetrahydrofuran"", 'Stearic acid 4-pentoyloxyphenethyl ester', 'Pentaol', '3,11-dioxoolean-12-en-28- onic acid', 'Hispidol A', 'Oleanonic acid', 'cryptomeridiol', 'Piscidinol A', 'Nilocetin', 'Iso-odoratol', ""3',4'-methylenedioxy-5,5',6,7-tetramethoxyflavone"", ""2'-hydroxy-3,4,4'-trimethoxy-5',6'-(2'',2''-dimethylpyrano)-chalcone"", ""3',4'-methylenedioxy-5,6,7- trimethoxyflavone"", ""3',4'-methylenedioxy-5,7-dimethoxyflavone"", '4-metoxi-6-[2-(metilamino)fenil]- 2H-piran-2-ona', 'astilbin; Rel-(2R, 3R)-dihydroquercetin-3-O-±-L-rhamnoside', ""Rel-(7R,8S,7'S,8'S)-4-hydroxy-4',5'-methylenedioxy-3,5,3'-trimethoxy-7,7'-epoxylignan"", ""Rel-(7R,8S,7'S,8'S)-4,5,4',5'-dimethylenedioxy-3,3'-dimethoxy-7,7'-epoxylignan"", ""Rel-(7R,8S,7'S,8'S)-4'-hydroxy-3,4,5,3',5'-pentamethoxy-7,7'-epoxylignan"", ""Rel-(7R,8S,7'S,8'S)-4',5'-methylenedioxy-3,4,5,3'-tetramethoxy-7,7'-epoxylignan"", ""Rel-(7R,8S,7'S,8'S)-9-hydroxy-4',5'-methylenedioxy-3,4,5,3'-tetramethoxy-7,7'-epoxylignan"", 'Nitensidine D', 'Nitensidine E', 'Xanthyletin', '2-n-Propylquinoline', ""2-(1'-pentenyl)-Quinoline"", ""2-(3',4'-methylenedioxyphenylethyl)-Quinoline"", '2-n-Pentylquinoline', '1-methoxy-3-hydroxy-3,10b-4,5a-diepoxy-8b-isobutyroyloxygermacr-11(13)-en-6a,12-olide', 'Tagitinin C', 'Deoxycordifoline', '3,4-dehydrostrictosidine acid', 'Cordifoline', 'Strictosidine acid', 'Harman-3-carboxylic acid', 'Turbinatine', '5α-carboxystrictosidine', '3,4-dehydro-strictosidine', 'Ferulic acid', 'β-Gardiol', 'α-Gardiol', 'Nectandrin B', 'Epi-guaiacin', 'Verrucosin', '7-Methyl-sargachromenol; 2,7,8-Trimethyl-2-[(3-E,7-Z)-4,12-dimethyl-8-carboxyl-3,7,11-tridecatrienyl]-3-chromen-6-ol, β-caroteno', '21α,25-dimethylmelianodiol', '3,21-Di-epi-feroniellide B', '21β,25-dimethylmelianodiol', '2,3-dihydro-4,9-dihydroxy-2-(2-hydroxy-propan-2-yl)- 11-methoxy-10-methylfuro[3,2-b]acridin-5(10H)-one', 'bis-5-hydroxyacronycine', 'Citibrasine', 'β-caryophyllene, trans-caryophyllene', 'Cusculine; 1,2,3,5,6-pentamethoxy-9-acridone', 'Cuspanine; 1-hydroxy-2,3,5,6-tetramethoxy-9-acridone', '[10]-gingerol', ""2,4-Dihydroxy-6-[(1'E,3'E)-penta-1', 3'-dienyl]-benzaldehyde"", '2-methyl-5-[8(Z)-pentadecenyl]resorcinol', 'Kaempferol', '2-hydroxyphenylacetic acid', '3-O-β-D-quinovopyranosyl quinovic acid', '(4R)-4,8-dihydroxy-α-tetralone', 'scillascillin', 'Chlorogenic acid', 'Chalepin', 'Piperol B', '(-)-Hardwickiic acid', ""5-[3''-(β-D-glucopyranosyloxy)propyl]-7-methoxy-2-(3',4'-methylenedioxyphenyl)benzofuran"", '28-O-β-D-glucopyranosyl quinovic acid', '2-Methyl-4-hydroxy-butyl caffeoate', 'N-1,N-2,N-3-Triisopentenylguanidine', 'Odoratol', 'Leptomerine', '5-hydroxy-N-methylseverifoline', '19,20-Epoxycytochalasin N', 'ellagic acid 4-O-α-L-rhamnopyranoside; eschweilenol C', 'Mayoside C', 'Ourateacatechin', ""3',4',5',5,7-pentamethoxyflavone"", '2-methyl-5-pentadecylresorcinol', '3β-hydroxy-stigmast-5-en-7-one; 24-β-7-oxositosterol', 'Isobutyl gallate', '7′-multijuguinone', 'Griseofulvin', ""7-Hydroxy-4',6-dimethoxyisoflavone; Afrormosin; Afromosin"", '8-methoxymellein', '(±)-Syringaresinol', '(-) Cis-4-hydroxy-6-deoxyscytalone', 'Plumericin', '5-[8(Z),11(Z)-pentadecadienyl]resorcinol', '(-)-Spectalinine', 'Ocotillone', 'des-N-methylnoracronycine', 'Sorbifolin 6-O-β-glucopyranoside', 'Rel-2α-hydroxyzuelanin-6β-benzoate', '2,6-di-O-acetylcasearupestrin D', ""Methyl-2,2-dimethyl-8-(3'-methylbut-2'-enyl)chroman-6-carboxylate"", '2,7-Di-O-acetylcasearupestrin A', 'Nitensidine B', '1-methyl-2-n-nonyl-4-quinolone', '5-[8(Z),11(Z),14-pentadecatrienyl]resorcinol', 'Nitensidine A', ""8-hydroxy-3,5,7,3',4',5'-hexamethoxyflavonol"", 'Dibenzyl tetrasulphide', ""2',5-dihydroxy-3-methoxy-8-dimethylallyl-6, 7-(2' ',2''-dimethylpyrano)-dihydroflavonol"", '2-n-nonyl-4-quinolone', 'Maculosidine', 'Podocarpusflavone A', 'Casearupestrin C', '6α-malonyloxy-n-butyl ester manoyl oxide', 'citrusinine-I', 'Ricinine', 'Leptophyllin A', '5-pentadecylresorcinol', 'Netzahualcoyondiol', 'Pristimerin; 20α-3-hydroxy-2-oxo-24-nor-friedela-1-10,3,5,7-tetraen-carboxylic acid-29-methylester', '3,4,5-trimethoxyphenyl 1-O-β-D-apiofuranosyl-(1→6)-O-β-D-glucopyranoside', 'fraxinellonone', 'Dibenzyl sulphide', '1,6-di-O-caffeoyl-β-D-glucopyranoside', '2-methyl-5-[8(Z),11(Z),14-pentadecatrienyl]resorcinol', 'Skimmianine', 'p-hydroxybenzoic acid-geranyl ester', 'Dibenzyl disulphide', 'β-photogedunin', 'n-Butyl gallate', ""5-[3''-(β-D-glucopyranosyloxy)propyl]-7-methoxy-2-(3',4'-dimethoxyphenyl)benzofuran"", '3,12-Dihydroxycadalene', '7-hydroxy-3- (11-dimethylallyl)-8-methoxycoumarin', ""N-[7-(3',4'-methylenedioxyphenyl)-2(Z),4(Z)-heptadienoyl]pyrrolidine"", ""Acteoside; [β-3,4-dihydroxyphenyl)-ethyl]-(3'-O-α-L-rhamnopyranosyl)-(4'-O-cafeoyl)-β-D-glycopyranoside, verbascoside"", '19,20-Epoxycytochalasin D', 'fumiquinozoline F', 'Kaempferol 3-O-α-L-rhamnopyranosyl (1→6)-O-[β -D-glucopyranosyl (1→3)-O-α-L-rhamnopyranosyl-(1→2)]-O-β -D-glucopyranosyl', '3β-O-[α-L-rhamnopyranosyl-(1→2)-O-β-D-glucopyranosyl-(1→2)-O-β-D-glucopyranosyl]-28-O-β-D-glucopyranoside pomolate', ""2-(2'-O-trans-cinnamoyl)-C-β-D-glucopyranosyl-1,3,6,7-tetrahydroxyxanthone"", 'urauchimycin B', 'Homoegonol', '[8]-gingerol', '4-Hydroxymellein', '5-hydroxymellein', 'Cytochalasin D', 'Isoorientin', 'Uracil', 'urauchimycin A', 'p-Coumaric acid', '(-)-Epigallocatechin', 'Netzahualcoyonol', '1-[3-(3,7-dimethylocta-2,6-dien-1-yl)-2,4,6- trihydroxyphenyl]-3-(4-hydroxyphenyl)propan-1-one', '6α-malonyloxymanoyl oxide', 'Benzylhydroxymethyl sulphide', '20-hydroxyecdysone; polypodine A', '3-Acetyl aleuritolic acid', 'Alkenoic acid', 'Quercetin 3-O-α-L-rhamnopyranosyl (1→6)-O-[β -D-glucopyranosyl (1→3)-O-α-L-rhamnopyranosyl-(1→2)]-O-β -D-glucopyranosyl', 'Heveaflavone', 'Arboreumine', '3-Oxoursolic acid', 'Casearupestrin B', 'Caseobliquin A', 'Methyl angolensate', ""5-(3'' -Hydroxypropyl)-7-methoxy-2-(3',4' -methyl-enedioxyphenyl)benzofuran"", '22β-hydroxypristimerin', '1- (5,7-dihydroxy-2,2-dimethylchroman-6-yl)-3-(2,2-dimethylchroman- 6-yl)propan-1-one', 'Canavaline', 'Di-hydrodehydrodiconiferyl alcohol', 'Quercetin', 'Pedalitin', '1-O-(E)-feruloyl-β-D-glucopyranoside', '19,20-Epoxycytochalasin C', 'n-Pentyl gallate', 'Orcinol', 'Periconicin B', 'Phomopsilactone', ""(2S)-8-Isopentyl-2-methyl-2-(4'-methylpentyl)chroman-6-carboxylic acid"", '2,2-dimethyl-2H-chromene-6-carboxylic acid', '1,2-dihydro- 3β-hydroxy-7-deacetoxy-7-oxogedunin', 'Photogedunin', 'Proanthocyanidin', 'neoisoastilbin', '(R)-7-Hydroxymellein', '6α-acetoxymanoyl oxide', 'Methyl-8-hydroxy-2,2-dimethylchroman-6-carboxylate', 'Methyl 6,7,8-trimethoxydihydrocinnamate', 'Casearin X; (1R*,3S*,5S*,6aR*,7S*,8S*,10R*,10aR*)-1-(Acetyloxy)-3,5,6,6a,7,8,9,10-octahydro-10-hydroxy-7,8-dimethyl-7-[(2Z)-3-methylpenta-2,4-dien-1-yl]naphtho[1,8a-c]furan-3,5-diyl Dibutanoate', 'α-L-xylopyranosyl-(4""→20)-(3-O-β-D-glucopyranosyl)-1\'-O-E-caffeoyl-β-D-glucopyranoside', ""2-(R)-Methyl-6-(S)-(tetradecyl-13'-one)-3(R)-O-tert-butyldimethylsilyl-piperidine"", '(2S)-Methyl-2-methyl-8-(3""-methylbut-2""-enyl)-2-(4\'-methylpent-3\'-enyl)-2H-chromene-6-carboxylate', 'Casearin T', 'Piperyline, N-[10-(13,14-methylenedioxyphenyl)-7(E),9(E)-pentadienoyl]-pyrrolidine', 'ω-fenil alcanoic acid', '2-butyl-D-fructofuranoside', ""Gaudichaudianic acid; (2S)-2-methyl-2-(4'methyl-3'-pentenyl)-8-(3''-methyl-2-butenyl)- 2H-1-benzopyran-6-carboxylic acid"", 'limonexic acid', 'Di(benzyltrithio) methane', '3,11,12-Trihydroxycadalene', 'Quercetin 3-O-sophoroside', '(3R,4R)-3,4-Dihydro-4,6-dihydroxy-3-methyl-1-oxo-1H-isochromene-5-carboxylic acid', 'toonacilin', '1-O-(E)-caffeoyl-β-D-glucopyranoside', 'Gallic acid; 3,4,5-trihydroxybenzoic acid', 'Quercitrin, 3-O-α-rhamnosylquercetin', '24-methylene-3,22-dihydroxycholesterol', 'amorphispironone', 'Casearupestrin D', 'Chaetoglobosin B', ""2-(2'-O-benzoyl)-C-β-D-glucopyranosyl-1,3,6,7-tetrahydroxyxanthone"", 'Isoplumericin', '6α-acetoxy-14β,15β-epoxyazadirone', 'epoxy-fraxinellone', '12′-hydroxy-7′-multijuguinone', 'Kaempferitrin', 'Nitensidine C', 'Dipropyl disulphide', '2-methyl-5-[8(Z),11(Z)-pentadecadienyl]resorcinol', '(2S)-2-methyl-8-(3""-methylbut-2""-enyl)-2-(4\'-methylpent-3\'-enyl)-2H-chromene-6-carboxylic acid', 'Burchellin', '5-[8(Z)-pentadecenyl]resorcinol', 'Luteolin; 2-(3,4-dihydroxyphenyl)-5,7-dihydroxy-4H-chromen-4-one', 'Sinapic acid', '19,20-Epoxycytochalasin Q', '19,20-Epoxycytochalasin R', 'Muraxanthone', 'polypodine B', 'n-Propyl gallate', ""3',4',5',5,7,8-hexamethoxyflavone"", 'Isopropyl gallate', '6β-hydroxy-7-epigardoside methyl ester', 'Tetrahydropiperyline, N-[10-(13,14-methylenedioxyphenyl)-pentanoyl]-pyrrolidine', 'Piperovatine', '2,4,6-trimethoxybenzoic acid', 'Odoratone', 'Rel-6β-hydroxyzuelanin-2β-benzoate', 'shidasterone', '5-hydroxymethyl- 2-furancarboxaldehyde; 5-hydroxymethyl-2-furfuraldehyde', 'atalaphyllinine', 'N-[10- (13,14-methylenedioxyphenyl)-7(E)-pentaenoyl]-pyrrolidine', '2-Methyl-5-methoxy-benzopyran-4-one', '3,4-dihydroxybenzoic acid geranyl ester', 'Casearupestrin A', '2-oxo-piperol B; (7S*, 8R*, 1R*, 3R*)-3,4,5-trimethoxy-3,7-cyclo-8,1-neolig-8-ene-2,4(3H)-dione', 'taxifolin', '2-Hexyl-3-methyl-butanodioic acid', 'fraxinellone', '6-[ 8(Z),11(Z) -pentadecadienyl] salicylic acid', 'N-[10-(13,14-methylenedioxyphenyl)-7(E),9(Z)-pentadienoyl]-pyrrolidine', '6-[8(Z)-pentadecenyl]salicylic acid', '1-(5,7-dihydroxy-2,2-dimethylchroman-6-yl)-3-(1,1,4a-trimethyl-2,3,4,4a,9a-hexahydro-1H-xanthen-7-yl)propan-1-one', ""(2'S)-2-(propan-2'-ol)-5-hydroxy-benzopyran-4-one"", 'Rel-(+)-(7S,9R,10S)-3,9,12-trihydroxycalamenene', 'Casearin S', '11β-acetoxyobacunone', '1-(5,7-dihydroxy-2,2-dimethylchroman- 6-yl)-3-[4-hydroxy-3-(3-methylbut-2-en-1-yl)- phenyl]propan-1-one', '(3R,4R)-4,7-Dihydroxymellein', ""Nitensoside B; Pedalitin 6-O-α-rhamnopyranosyl(1'''→6'')-β-glucopyranoside"", 'Gedunin', 'Pedalin, pedalitin 6-O-β -glucopyranoside', 'Caseargrewiin F; (1R*,3S*,5S*,6aR*,7S*,8R*,10R*,10aR*)-1,3-Bis(acetyloxy)-3,5,6,6a,7,8,9,10-octahydro-10-hydroxy-7,8-dimethyl-7-[(2Z)-3-methylpenta-2,4-dien-1-yl]naphtho[1,8a-c]furan-5-yl Butanoate', 'Casearin L; (1R*,3S*,5S*,6aR*,7R*,8R*,9S*,10S*,10aR*)-1,10-Bis(acetyloxy)-3,5,6,6a,7,8,9,10-octahydro-9-hydroxy-5-methoxy-7,8-dimethyl-7-[(2Z)-3-methylpenta-2,4-dien-1-yl]naphtho[1,8a-c]-furan-3-yl Butanoate', 'Platydesmine', 'Leiokinine A', 'Cabraleadiol', '3,4,5-Triacetoxybenzoic acid', ""Myrsinoic acid A, 3-Geranyl-4-hydroxy-5-(3'',3''-dimethylallyl)benzoic acid"", '20α-Hydroxymaytenin; 20-hydroxy-20-epi-tingenone', '(-)-Epigallocatechin-3-O-gallate', 'Casearin D; (1R*,3S*,5S*,6aR*,7R*,8R*,9S*,10S*,10aR*)-1-(Acetyloxy)-3,5,6,6a,7,8,9,10-octahydro-5,10-dihydroxy-7,8-dimethyl-7-[(2Z)-3-methylpenta-2,4-dien-1-yl]naphtho[1,8a-c]furan-3,9-diyl Dibutanoate', 'Rel. (+)-(7S,10S) 3,12-dihydroxycalamenene', 'schaftoside', ""(2S)-Methyl-8-isopentyl-2-methyl-2-(4'-methylpentyl)chroman-6-carboxylate"", 'Methyl gallate', '3-O-β-D-quinovopyranosyl cincholic acid', 'Afzelin, 3-O-α-rhamnosyl kaempferol', 'Egonol', '4-Nerolidilcatechol', ""2-(2'-O-transcoumaroyl)-C-β-D-glucopyranosyl-1,3,6,7-tetrahydroxyxanthone"", 'Syringic acid', '(+)-3-O-feruloylcassine', 'Amentoflavone', '22-hydroxytirucalla-7,24-diene-2,3-dione', 'Trans-3’-methylsulphonylallyl trans-cinnamate', '(3-(2-(4-hydroxyphenyl)-2-oxoethyl)-5,6-dihydropyridin- 2(1H)-one)', 'Mangiferin', 'Viburgenin', ""Pterogynoside; Kaempferol-3-O-(3''-O-4'''-methylgallate-α-L-rhamnoside)"", 'Methyl (E)-6,7,8-trimethoxycinnamate', '3,4,5-Trimethoxyphenyl-1-O-β-D-(5-O-syringoyl)-apiofuranosyl-(1→6)-β-D-glucopyranoside', '6-[8(Z),11(Z),14-pentadecatrienyl]salicylic acid', 'Sorbifolin', ""Nitensoside A; Sorbifolin 6-O-α-rhamnopyranosyl(1'''→6'')-β-glucopyranoside"", 'Casearin O; (1R*,3S*,5S*,6aR*,7R*,8R*,9S*,10S*,10aR*)-1,10-Bis(acetyloxy)-5-methoxy-7,8-dimethyl-7-[(2Z)-3-methylpenta-2,4-dien-1-yl]-3,5,6,6a,7,8,9,10-octahydronaphtho[1,8a-c]furan-3,9-diyl Dibutanoate', 'germacrene D', 'Salacin', '6-pentadecylsalicylic acid', 'Methyl-2,2-dimethylchroman-6-carboxylate', 'Dibenzyl trisulphide', 'Maytenin, Tingenone', 'Kokusaginine', ""2-(2'-O-trans-caffeoyl)-C-β-D-glucopyranosyl-1,3,6,7-tetrahydroxyxanthone"", 'Netzahualcoyene', 'Casearin X Dialdehyde; (2R*,4aS*,5S*,7R*,8R*,8aS*)-4,4a-Diformyl-1,2,4a,5,6,7,8,8a-octahydro-5-hydroxy-7,8-dimethyl-8-[(2Z)-3-methylpenta-2,4-dien-1-yl]naphthalen-2-yl Butanoate', 'carlinoside', 'Methyl-8-(ethanoyloxy)-2,2-dimethyl-2H-chromene-6-carboxylate', '2β-Hydroxyzuelanin-6β-cinnamate', 'arjunolic acid', 'stachysterone', 'Ethyl 2,4-dihydroxy-5,6-dimethylbenzoate', 'Amentoflavone 7”,4”’-dimethyl ether', 'Picramnioside F', 'Lauryl gallate', 'Syringaldehyde', 'Cyclo-(L-Pro-L-Val)', 'Acetonide of odoratol', '(−)-Grandisin', '24-methylenecycloartan-3b-ol', 'Ixoside', 'Cognatine', 'Fagaramide']]",doi_name
"['10.1590/S0103-50532005000800029', 'Ethyl 2,4-dihydroxy-5,6-dimethylbenzoate']","['10.1590/S0103-50532005000800029', [""3',4',5',3,5,7,8-heptamethoxyflavone"", ""3,5,6,7,3',4',5'-heptamethoxyflavonol"", 'guaiol', 'Hinesol', 'γ-eudesmol', 'α-eudesmol', 'Kaempferol-3-O-rutinoside', 'Kaempferol-3-O-α-L-rhamnopyranosyl-(1→6)-β-D-galactopyranoside', 'Catechin, Ent-catechin', 'Kaempferol-3-O-α-L-rhamnopyranosyl-(1-6)-α-L-rhamnopyranosyl-(1-4)-β-D-glucopyranoside', 'Kaempferol-3-O-D-glucopyranoside', 'Procyanidin B-3', 'Quercetin-3-O-α-L-rhamnopyranosyl-(1→6)-β-D-galactopyranoside', 'Kaempferol-3-O-D-galactopyranoside', '6-Hydroxy-rutin', 'Galioside aglicone', 'Teucrein', '11-O-trans-feruloylteucrein', 'Galioside', 'Apodanthoside', ""3,4-dimethyl-2-(4'-hydroxy-3',5'-dimethoxyphenyl)-5-methoxy-tetrahydrofuran"", '(+)-α-Hydroxyerysotrine', '(+)-Erythravine', '(+)-11α-Hydroxyerythravine', '4-metoxi-6-[2-(metilamino)fenil]- 2H-piran-2-ona', 'Tagitinin C', '1-methoxy-3-hydroxy-3,10b-4,5a-diepoxy-8b-isobutyroyloxygermacr-11(13)-en-6a,12-olide', 'Nitensidine E', 'Nitensidine D', 'Dimethyl terephthalate', 'Ergosterol peroxide', 'Pimara-7,15-dien-3β-ol', '8-hydroxy-6-methoxy-3-methylisocoumarin', '(22E,24R)-ergosta-4,6,8(14),22-tetraen-3-one', 'Methyl (3R,4R,5R)-3-{[(2E)-3-(3,4-dihydroxyphenyl)-2-propenoyl]oxy}-1,4,5-trihydroxycyclohexanecarboxylate', 'Methyl (3R,4R,5R)-3-{[(2Z)-3-(3,4-dihydroxyphenyl)-2-propenoyl]oxy}-1,4,5-trihydroxycyclohexanecarboxylate', 'Beauvericin', 'Anhydrofusarubin', 'Aphidicolin', 'Chlorogenic acid methyl ester, Methyl (1S,3R,4R,5R)-3-{[(2E)-3-(3,4-dihydroxyphenyl)-2-propenoyl]oxy}-1,4,5-trihydroxycyclohexanecarboxylate', '17-(3,4-Methylenedioxyphenyl)-heptadecanoic acid', '(+)-Guaiacin', '21´-(3,4-Methylenedioxyphenyl)-henicosanoic acid', 'Sargaquinoic acid', ""7,4'-Dihydroxyflavone"", '19´-(3,4-Methylenedioxyphenyl)-nonadecanoic acid', 'Sargachromenol', ""7,4'-Dimethoxyflavone"", 'Farnisine', 'Tithonine', 'Fasciculiferin', ""Juruenolic acid; 2-(4'-Methylpentenyl-3)-10-oxoundecan-2,6-dienoic acid"", 'Taraxerol acetate', 'Cordifoline', 'Strictosidine acid', '3,4-dehydro-strictosidine', 'Turbinatine', 'Harman-3-carboxylic acid', '5α-carboxystrictosidine', '3,4-dehydrostrictosidine acid', 'Deoxycordifoline', '5,7-dimethoxy-2,2-dimethyl-2H-1-benzopyran-6-propanoic acid', '5,7-dimethoxy-2,2-dimethyl-2H-1-benzopyran-6-propanoate', '9-hydroxyeugenin', 'Mycoleptone A', 'Mycoleptone A tetraacetate', 'Eugenitin', 'Austdiol diacetate', '6-methoxyeugenin', 'Austdiol', 'Mycoleptone B', ""4-Hydroxy-3-(3',7'-dimethyl-3'-hydroxy-1'-oxo-6'-octenyl)benzoic acid"", ""4-Hydroxy-(3',7'-dimethyl-1'-oxo-octa-2'-E-6'-dienyl)benzoic acid"", ""Sakuranetin; 5,4'-dihydroxy-7-methoxyflavanone"", ""1,4-Dihydroxy-2-(3',7'-dimethyl-1'-oxo-2'-E-6'-octadienyl)benzene"", ""Isosakuranetin; 5,7-dihydroxy-4'-methoxyflavanone"", ""2-(1'-pentenyl)-Quinoline"", '2-n-Propylquinoline', ""2-(3',4'-methylenedioxyphenylethyl)-Quinoline"", '2-n-Pentylquinoline', '2-Episesalatin', ""Isoswertisin-2''α1-L-rhamnoside"", 'Sesartemin', 'Clusifoliol', ""Isoswertisin-4'-methyl-ether-2''α-L-rhamnoside"", '21β,25-dimethylmelianodiol', '21α,25-dimethylmelianodiol', '3,21-Di-epi-feroniellide B', ""Methyl 4-hydroxy-3-(3'-methyl-2'-hydroxy-3'-butenyl)benzoate"", ""4-Hydroxy-(3',7'-dimethyl-1'-oxo-octa-2'-Z-6'-dienyl)benzoic acid"", ""Aduncumene; Methyl 2-methoxy-5-(3'-methyl-1'-oxo-2'-butenyl)benzoate"", 'Methyl 2,2-dimethyl-1-oxo-2H-1-benzopyran-6-carboxylate', ""Methyl taboganate; Methyl 4-hydroxy-3-(3'-methyl-1'-oxo-2'-butenyl)benzoate"", '3,4,5-Trimethoxydihydrocinnamic acid', ""Methyl 4-hydroxy-3-(3'-methyl-2'-butenyl)benzoate"", ""2',6'-Dihydroxy-4'-methoxydihydrochalcone"", ""Hostmaniene; 4-Hydroxy-3-(2',3'-dihydroxy-3'-methylbutyl)benzoate"", 'Piperaduncine B', ""4-Hydroxy-3-(3',7'-dimethylocta-2'-E-6'-dienyl)benzoic acid"", '(-)-3-O-acetyl-spectaline', 'Secoxyloganin', '7-Methoxydiderroside', 'Diderroside', ""6'-Acetyl-β-D-glucopyranosyldiderroside"", 'Verrucosin', 'Epi-guaiacin', '7-Methyl-sargachromenol; 2,7,8-Trimethyl-2-[(3-E,7-Z)-4,12-dimethyl-8-carboxyl-3,7,11-tridecatrienyl]-3-chromen-6-ol, β-caroteno', 'Nectandrin B', 'penduletin 4-O-methyl ether', '2α,3α,19α- trihydroxyurs-12-en-28-oic acid', '3,3-O-dimethylquercetin', '2α,3α-dihydroxyolean-12- en-28-oic acid', '3-O-methylquercetin', 'p-hydroxybenzoic acid', '3,7,4-O-trimethylkaempferol', 'Chrysoeriol', 'acacetin', ""Rel-(7R,8S,7'S,8'S)-4,5,4',5'-dimethylenedioxy-3,3'-dimethoxy-7,7'-epoxylignan"", ""Rel-(7R,8S,7'S,8'S)-4'-hydroxy-3,4,5,3',5'-pentamethoxy-7,7'-epoxylignan"", ""Rel-(7R,8S,7'S,8'S)-4-hydroxy-4',5'-methylenedioxy-3,5,3'-trimethoxy-7,7'-epoxylignan"", ""Rel-(7R,8S,7'S,8'S)-9-hydroxy-4',5'-methylenedioxy-3,4,5,3'-tetramethoxy-7,7'-epoxylignan"", ""Rel-(7R,8S,7'S,8'S)-4',5'-methylenedioxy-3,4,5,3'-tetramethoxy-7,7'-epoxylignan"", ""2'-hydroxy-3,4,4'-trimethoxy-5',6'-(2'',2''-dimethylpyrano)-chalcone"", ""3',4'-methylenedioxy-5,5',6,7-tetramethoxyflavone"", ""3',4'-methylenedioxy-5,6,7- trimethoxyflavone"", ""3',4'-methylenedioxy-5,7-dimethoxyflavone"", 'astilbin; Rel-(2R, 3R)-dihydroquercetin-3-O-±-L-rhamnoside', 'Pellitorine', '(3Z,5Z)-N-isobutyl-8-(30,40-methylenedioxy-phenyl)-heptadienamide', '(E)-piplartine', '4,5-dihydropiperyline', '(Z)-piplartine; 8(Z)-N-(12,13, 14-trimethoxycinnamoyl)- 3-pyridin-2-one', '10,11-dihydropiperine; Δα,β-dihydropiperine', '8,9-dihydropiplartine; N-(12,13,14-trimethoxydihydrocinnamoyl)-Δ3-pyridin-2-one', '4,5-dihydropiperlonguminine; Piperlonguminine', 'Piperine', ""N-[3-(6'-methoxy-3',4'-methy-lenedioxyphenyl)-2(Z)-propenoyl]pyrrolidine"", 'Methacrylic acid', 'α-Gardiol', 'β-Gardiol', 'Ferulic acid', 'Pyranofoline', '1,3,5-trihydroxy- 2,8-bis(3-methylbut-2-enyl)-10-methyl-9-acridone', 'Citrusinine-I', '5-hydroxynoracronycine; Atalaphyllidine', 'Glycocitrine-I', 'Citrusinine-II', 'Glycocitrine-IV', '3,4-dihydro-3,5,8-trihydroxy-6-methoxy-2,2,7-trimethyl-2Hpyrano[ 2,3-a]acridin-12(7H)-one', '1,3,5-trihydroxy-4-methoxy-10-methyl- 2,8-bis(3-methylbut-2-enyl)acridin-9(10H)-one', 'Xanthyletin', 'cyclo (L)-Pro-Gly', 'Isopimpinellin', 'Stearic acid 4-pentoyloxyphenethyl ester', 'Piscidinol A', '3,11-dioxoolean-12-en-28- onic acid', 'Iso-odoratol', 'cryptomeridiol', 'Pentaol', 'Oleanonic acid', 'Hispidol A', 'Nilocetin', '2,3-dihydro-4,9-dihydroxy-2-(2-hydroxy-propan-2-yl)- 11-methoxy-10-methylfuro[3,2-b]acridin-5(10H)-one', 'Citibrasine', 'bis-5-hydroxyacronycine', ""4-Methoxy-3-(3',7'-dimethylocta-2'-E-6'-dienyl)benzoic acid"", 'Methyl-8-hydroxy-2,2-dimethyl-2H-chromene-6-carboxylate', ""3-(3',7 '-dimethyl-2',6 '-octadienyl)-4-methoxy-benzoic acid"", 'β-caryophyllene, trans-caryophyllene', 'Cuspanine; 1-hydroxy-2,3,5,6-tetramethoxy-9-acridone', 'Cusculine; 1,2,3,5,6-pentamethoxy-9-acridone', '2α,3α-Dihydroxy-urs-12-en-28-oic acid', 'Oleanolic acid 3-sophoroside', '3-O-β-D-(6’-methyl)-glucopyranosyl-28-O-β-D-glucopyranosyl-oleanate', 'Haplotusine', 'β-Sitosterol benzoate', '5-hydroxyflavone', '2-phenyl-4H-chromen-4-one', 'Sinapyl 4-O-β-D-glucopyranoside aldehyde', 'Sinapyl 4-O-β-D-glucopyranoside alcohol', 'Liriodenine', 'N-acetylnonaine', '[10]-gingerol', ""2,4-Dihydroxy-6-[(1'E,3'E)-penta-1', 3'-dienyl]-benzaldehyde"", '2-methyl-5-[8(Z)-pentadecenyl]resorcinol', 'Kaempferol', '2-hydroxyphenylacetic acid', '3-O-β-D-quinovopyranosyl quinovic acid', '(4R)-4,8-dihydroxy-α-tetralone', 'scillascillin', 'Chlorogenic acid', 'Chalepin', 'Nitensidine A', 'Fagaramide', 'Quercitrin, 3-O-α-rhamnosylquercetin', 'Caseobliquin A', 'Methyl angolensate', ""5-(3'' -Hydroxypropyl)-7-methoxy-2-(3',4' -methyl-enedioxyphenyl)benzofuran"", 'ellagic acid 4-O-α-L-rhamnopyranoside; eschweilenol C', 'Mayoside C', 'Ourateacatechin', ""3',4',5',5,7-pentamethoxyflavone"", '2-methyl-5-pentadecylresorcinol', '3β-hydroxy-stigmast-5-en-7-one; 24-β-7-oxositosterol', 'Gallic acid; 3,4,5-trihydroxybenzoic acid', 'Trans-3’-methylsulphonylallyl trans-cinnamate', '(3-(2-(4-hydroxyphenyl)-2-oxoethyl)-5,6-dihydropyridin- 2(1H)-one)', 'Mangiferin', 'Viburgenin', ""Pterogynoside; Kaempferol-3-O-(3''-O-4'''-methylgallate-α-L-rhamnoside)"", 'Isobutyl gallate', '7′-multijuguinone', 'Griseofulvin', ""7-Hydroxy-4',6-dimethoxyisoflavone; Afrormosin; Afromosin"", 'Maculosidine', 'Podocarpusflavone A', 'Casearupestrin C', '6α-malonyloxy-n-butyl ester manoyl oxide', 'citrusinine-I', 'Ricinine', 'Leptophyllin A', '5-pentadecylresorcinol', 'Piperol B', '(-)-Hardwickiic acid', 'Cognatine', ""8-hydroxy-3,5,7,3',4',5'-hexamethoxyflavonol"", 'Odoratol', 'Leptomerine', '5-hydroxy-N-methylseverifoline', '19,20-Epoxycytochalasin N', 'Nitensidine B', '1-methyl-2-n-nonyl-4-quinolone', '5-[8(Z),11(Z),14-pentadecatrienyl]resorcinol', 'Kokusaginine', ""2-(2'-O-trans-caffeoyl)-C-β-D-glucopyranosyl-1,3,6,7-tetrahydroxyxanthone"", 'Netzahualcoyene', 'Casearin X Dialdehyde; (2R*,4aS*,5S*,7R*,8R*,8aS*)-4,4a-Diformyl-1,2,4a,5,6,7,8,8a-octahydro-5-hydroxy-7,8-dimethyl-8-[(2Z)-3-methylpenta-2,4-dien-1-yl]naphthalen-2-yl Butanoate', 'polypodine B', 'n-Propyl gallate', ""3',4',5',5,7,8-hexamethoxyflavone"", 'Isopropyl gallate', '6β-hydroxy-7-epigardoside methyl ester', 'Tetrahydropiperyline, N-[10-(13,14-methylenedioxyphenyl)-pentanoyl]-pyrrolidine', 'Piperovatine', '2,4,6-trimethoxybenzoic acid', '1-O-(E)-caffeoyl-β-D-glucopyranoside', '2-Methyl-4-hydroxy-butyl caffeoate', 'N-1,N-2,N-3-Triisopentenylguanidine', 'Dibenzyl trisulphide', 'Maytenin, Tingenone', '19,20-Epoxycytochalasin D', 'fumiquinozoline F', 'Kaempferol 3-O-α-L-rhamnopyranosyl (1→6)-O-[β -D-glucopyranosyl (1→3)-O-α-L-rhamnopyranosyl-(1→2)]-O-β -D-glucopyranosyl', '3β-O-[α-L-rhamnopyranosyl-(1→2)-O-β-D-glucopyranosyl-(1→2)-O-β-D-glucopyranosyl]-28-O-β-D-glucopyranoside pomolate', 'Dibenzyl tetrasulphide', ""2',5-dihydroxy-3-methoxy-8-dimethylallyl-6, 7-(2' ',2''-dimethylpyrano)-dihydroflavonol"", '2-n-nonyl-4-quinolone', 'Cytochalasin D', 'Rel-2α-hydroxyzuelanin-6β-benzoate', '2,6-di-O-acetylcasearupestrin D', ""Methyl-2,2-dimethyl-8-(3'-methylbut-2'-enyl)chroman-6-carboxylate"", '2,7-Di-O-acetylcasearupestrin A', 'Isoorientin', 'Uracil', 'urauchimycin A', 'p-Coumaric acid', '(-)-Epigallocatechin', 'Netzahualcoyonol', '1-[3-(3,7-dimethylocta-2,6-dien-1-yl)-2,4,6- trihydroxyphenyl]-3-(4-hydroxyphenyl)propan-1-one', '6α-malonyloxymanoyl oxide', 'Benzylhydroxymethyl sulphide', '1,6-di-O-caffeoyl-β-D-glucopyranoside', '2-methyl-5-[8(Z),11(Z),14-pentadecatrienyl]resorcinol', 'urauchimycin B', 'Homoegonol', '[8]-gingerol', ""5-[3''-(β-D-glucopyranosyloxy)propyl]-7-methoxy-2-(3',4'-methylenedioxyphenyl)benzofuran"", '28-O-β-D-glucopyranosyl quinovic acid', 'Photogedunin', 'Casearin X; (1R*,3S*,5S*,6aR*,7S*,8S*,10R*,10aR*)-1-(Acetyloxy)-3,5,6,6a,7,8,9,10-octahydro-10-hydroxy-7,8-dimethyl-7-[(2Z)-3-methylpenta-2,4-dien-1-yl]naphtho[1,8a-c]furan-3,5-diyl Dibutanoate', '4-Hydroxymellein', '5-hydroxymellein', 'fraxinellonone', 'Dibenzyl sulphide', '(-) Cis-4-hydroxy-6-deoxyscytalone', 'Plumericin', '5-[8(Z),11(Z)-pentadecadienyl]resorcinol', '(-)-Spectalinine', '20-hydroxyecdysone; polypodine A', '3-Acetyl aleuritolic acid', 'Alkenoic acid', 'Quercetin 3-O-α-L-rhamnopyranosyl (1→6)-O-[β -D-glucopyranosyl (1→3)-O-α-L-rhamnopyranosyl-(1→2)]-O-β -D-glucopyranosyl', 'Heveaflavone', 'Arboreumine', '3,4,5-trimethoxyphenyl 1-O-β-D-apiofuranosyl-(1→6)-O-β-D-glucopyranoside', 'β-photogedunin', 'n-Butyl gallate', '3-Oxoursolic acid', 'Casearupestrin B', 'toonacilin', 'Pedalitin', '1-O-(E)-feruloyl-β-D-glucopyranoside', '19,20-Epoxycytochalasin C', 'n-Pentyl gallate', 'Orcinol', 'Periconicin B', 'Phomopsilactone', ""(2S)-8-Isopentyl-2-methyl-2-(4'-methylpentyl)chroman-6-carboxylic acid"", '2,2-dimethyl-2H-chromene-6-carboxylic acid', '1,2-dihydro- 3β-hydroxy-7-deacetoxy-7-oxogedunin', 'Casearupestrin D', 'Chaetoglobosin B', ""2-(2'-O-benzoyl)-C-β-D-glucopyranosyl-1,3,6,7-tetrahydroxyxanthone"", 'Isoplumericin', 'Skimmianine', 'α-L-xylopyranosyl-(4""→20)-(3-O-β-D-glucopyranosyl)-1\'-O-E-caffeoyl-β-D-glucopyranoside', ""2-(R)-Methyl-6-(S)-(tetradecyl-13'-one)-3(R)-O-tert-butyldimethylsilyl-piperidine"", '(2S)-Methyl-2-methyl-8-(3""-methylbut-2""-enyl)-2-(4\'-methylpent-3\'-enyl)-2H-chromene-6-carboxylate', 'Casearin T', 'Piperyline, N-[10-(13,14-methylenedioxyphenyl)-7(E),9(E)-pentadienoyl]-pyrrolidine', 'ω-fenil alcanoic acid', '2-butyl-D-fructofuranoside', ""Gaudichaudianic acid; (2S)-2-methyl-2-(4'methyl-3'-pentenyl)-8-(3''-methyl-2-butenyl)- 2H-1-benzopyran-6-carboxylic acid"", 'limonexic acid', 'Netzahualcoyondiol', 'Pristimerin; 20α-3-hydroxy-2-oxo-24-nor-friedela-1-10,3,5,7-tetraen-carboxylic acid-29-methylester', 'Burchellin', '5-[8(Z)-pentadecenyl]resorcinol', 'Luteolin; 2-(3,4-dihydroxyphenyl)-5,7-dihydroxy-4H-chromen-4-one', 'Sinapic acid', '19,20-Epoxycytochalasin Q', ""5-[3''-(β-D-glucopyranosyloxy)propyl]-7-methoxy-2-(3',4'-dimethoxyphenyl)benzofuran"", '3,12-Dihydroxycadalene', '7-hydroxy-3- (11-dimethylallyl)-8-methoxycoumarin', ""N-[7-(3',4'-methylenedioxyphenyl)-2(Z),4(Z)-heptadienoyl]pyrrolidine"", ""Acteoside; [β-3,4-dihydroxyphenyl)-ethyl]-(3'-O-α-L-rhamnopyranosyl)-(4'-O-cafeoyl)-β-D-glycopyranoside, verbascoside"", 'Di(benzyltrithio) methane', '3,11,12-Trihydroxycadalene', 'Quercetin 3-O-sophoroside', '(3R,4R)-3,4-Dihydro-4,6-dihydroxy-3-methyl-1-oxo-1H-isochromene-5-carboxylic acid', '24-methylene-3,22-dihydroxycholesterol', 'amorphispironone', 'N-[10- (13,14-methylenedioxyphenyl)-7(E)-pentaenoyl]-pyrrolidine', '2-Methyl-5-methoxy-benzopyran-4-one', '3,4-dihydroxybenzoic acid geranyl ester', '6α-acetoxy-14β,15β-epoxyazadirone', 'epoxy-fraxinellone', '12′-hydroxy-7′-multijuguinone', 'p-hydroxybenzoic acid-geranyl ester', 'Dibenzyl disulphide', 'Proanthocyanidin', 'neoisoastilbin', '(R)-7-Hydroxymellein', '6α-acetoxymanoyl oxide', 'Methyl-8-hydroxy-2,2-dimethylchroman-6-carboxylate', 'N-[10-(13,14-methylenedioxyphenyl)-7(E),9(Z)-pentadienoyl]-pyrrolidine', '6-[8(Z)-pentadecenyl]salicylic acid', '(2S)-2-methyl-8-(3""-methylbut-2""-enyl)-2-(4\'-methylpent-3\'-enyl)-2H-chromene-6-carboxylic acid', '6-[ 8(Z),11(Z) -pentadecadienyl] salicylic acid', 'Gedunin', 'Pedalin, pedalitin 6-O-β -glucopyranoside', 'Caseargrewiin F; (1R*,3S*,5S*,6aR*,7S*,8R*,10R*,10aR*)-1,3-Bis(acetyloxy)-3,5,6,6a,7,8,9,10-octahydro-10-hydroxy-7,8-dimethyl-7-[(2Z)-3-methylpenta-2,4-dien-1-yl]naphtho[1,8a-c]furan-5-yl Butanoate', 'Casearin L; (1R*,3S*,5S*,6aR*,7R*,8R*,9S*,10S*,10aR*)-1,10-Bis(acetyloxy)-3,5,6,6a,7,8,9,10-octahydro-9-hydroxy-5-methoxy-7,8-dimethyl-7-[(2Z)-3-methylpenta-2,4-dien-1-yl]naphtho[1,8a-c]-furan-3-yl Butanoate', 'Platydesmine', 'Leiokinine A', 'Cabraleadiol', '19,20-Epoxycytochalasin R', 'Muraxanthone', '3,4,5-Triacetoxybenzoic acid', 'Odoratone', 'Rel-6β-hydroxyzuelanin-2β-benzoate', 'shidasterone', '5-hydroxymethyl- 2-furancarboxaldehyde; 5-hydroxymethyl-2-furfuraldehyde', 'atalaphyllinine', 'Casearin S', '11β-acetoxyobacunone', '1-(5,7-dihydroxy-2,2-dimethylchroman- 6-yl)-3-[4-hydroxy-3-(3-methylbut-2-en-1-yl)- phenyl]propan-1-one', '(3R,4R)-4,7-Dihydroxymellein', ""Nitensoside B; Pedalitin 6-O-α-rhamnopyranosyl(1'''→6'')-β-glucopyranoside"", 'Methyl gallate', '3-O-β-D-quinovopyranosyl cincholic acid', 'Afzelin, 3-O-α-rhamnosyl kaempferol', 'Egonol', 'Kaempferitrin', 'Nitensidine C', 'Dipropyl disulphide', '2-methyl-5-[8(Z),11(Z)-pentadecadienyl]resorcinol', 'Methyl 6,7,8-trimethoxydihydrocinnamate', '2-Hexyl-3-methyl-butanodioic acid', 'fraxinellone', ""Myrsinoic acid A, 3-Geranyl-4-hydroxy-5-(3'',3''-dimethylallyl)benzoic acid"", '20α-Hydroxymaytenin; 20-hydroxy-20-epi-tingenone', '(-)-Epigallocatechin-3-O-gallate', 'Casearin D; (1R*,3S*,5S*,6aR*,7R*,8R*,9S*,10S*,10aR*)-1-(Acetyloxy)-3,5,6,6a,7,8,9,10-octahydro-5,10-dihydroxy-7,8-dimethyl-7-[(2Z)-3-methylpenta-2,4-dien-1-yl]naphtho[1,8a-c]furan-3,9-diyl Dibutanoate', 'Rel. (+)-(7S,10S) 3,12-dihydroxycalamenene', 'carlinoside', 'Methyl-8-(ethanoyloxy)-2,2-dimethyl-2H-chromene-6-carboxylate', 'Amentoflavone', '1-(5,7-dihydroxy-2,2-dimethylchroman-6-yl)-3-(1,1,4a-trimethyl-2,3,4,4a,9a-hexahydro-1H-xanthen-7-yl)propan-1-one', 'schaftoside', ""(2S)-Methyl-8-isopentyl-2-methyl-2-(4'-methylpentyl)chroman-6-carboxylate"", 'Casearupestrin A', '2-oxo-piperol B; (7S*, 8R*, 1R*, 3R*)-3,4,5-trimethoxy-3,7-cyclo-8,1-neolig-8-ene-2,4(3H)-dione', 'taxifolin', ""(2'S)-2-(propan-2'-ol)-5-hydroxy-benzopyran-4-one"", 'Rel-(+)-(7S,9R,10S)-3,9,12-trihydroxycalamenene', '2β-Hydroxyzuelanin-6β-cinnamate', 'arjunolic acid', 'stachysterone', 'Ethyl 2,4-dihydroxy-5,6-dimethylbenzoate', 'Amentoflavone 7”,4”’-dimethyl ether', 'Picramnioside F', 'Lauryl gallate', 'Syringaldehyde', '22-hydroxytirucalla-7,24-diene-2,3-dione', '4-Nerolidilcatechol', ""2-(2'-O-transcoumaroyl)-C-β-D-glucopyranosyl-1,3,6,7-tetrahydroxyxanthone"", 'Syringic acid', '(+)-3-O-feruloylcassine', 'Salacin', '6-pentadecylsalicylic acid', 'Methyl-2,2-dimethylchroman-6-carboxylate', '22β-hydroxypristimerin', '1- (5,7-dihydroxy-2,2-dimethylchroman-6-yl)-3-(2,2-dimethylchroman- 6-yl)propan-1-one', 'Canavaline', 'Di-hydrodehydrodiconiferyl alcohol', 'Quercetin', ""2-(2'-O-trans-cinnamoyl)-C-β-D-glucopyranosyl-1,3,6,7-tetrahydroxyxanthone"", 'Ocotillone', 'des-N-methylnoracronycine', 'Sorbifolin 6-O-β-glucopyranoside', 'Methyl (E)-6,7,8-trimethoxycinnamate', '3,4,5-Trimethoxyphenyl-1-O-β-D-(5-O-syringoyl)-apiofuranosyl-(1→6)-β-D-glucopyranoside', '6-[8(Z),11(Z),14-pentadecatrienyl]salicylic acid', 'Sorbifolin', ""Nitensoside A; Sorbifolin 6-O-α-rhamnopyranosyl(1'''→6'')-β-glucopyranoside"", 'Casearin O; (1R*,3S*,5S*,6aR*,7R*,8R*,9S*,10S*,10aR*)-1,10-Bis(acetyloxy)-5-methoxy-7,8-dimethyl-7-[(2Z)-3-methylpenta-2,4-dien-1-yl]-3,5,6,6a,7,8,9,10-octahydronaphtho[1,8a-c]furan-3,9-diyl Dibutanoate', 'germacrene D', '8-methoxymellein', '(±)-Syringaresinol', 'Cyclo-(L-Pro-L-Val)', 'Acetonide of odoratol', '(−)-Grandisin', '24-methylenecycloartan-3b-ol', 'Ixoside']]",doi_name
"['10.1515/znc-2002-5-602', 'scillascillin']","['10.1515/znc-2002-5-602', ['21β,25-dimethylmelianodiol', '3,21-Di-epi-feroniellide B', '21α,25-dimethylmelianodiol', 'guaiol', 'Hinesol', 'γ-eudesmol', 'α-eudesmol', ""3',4'-methylenedioxy-5,6,7- trimethoxyflavone"", ""3',4'-methylenedioxy-5,5',6,7-tetramethoxyflavone"", ""2'-hydroxy-3,4,4'-trimethoxy-5',6'-(2'',2''-dimethylpyrano)-chalcone"", ""3',4'-methylenedioxy-5,7-dimethoxyflavone"", '2α,3α,19α- trihydroxyurs-12-en-28-oic acid', 'penduletin 4-O-methyl ether', '3,3-O-dimethylquercetin', '3,7,4-O-trimethylkaempferol', '2α,3α-dihydroxyolean-12- en-28-oic acid', 'Chrysoeriol', 'acacetin', 'p-hydroxybenzoic acid', '3-O-methylquercetin', 'Teucrein', '11-O-trans-feruloylteucrein', 'Apodanthoside', 'Galioside aglicone', 'Galioside', '2,3-dihydro-4,9-dihydroxy-2-(2-hydroxy-propan-2-yl)- 11-methoxy-10-methylfuro[3,2-b]acridin-5(10H)-one', 'bis-5-hydroxyacronycine', 'Citibrasine', '9-hydroxyeugenin', 'Mycoleptone A', 'Austdiol', 'Eugenitin', 'Austdiol diacetate', '6-methoxyeugenin', 'Mycoleptone A tetraacetate', 'Mycoleptone B', ""4-Methoxy-3-(3',7'-dimethylocta-2'-E-6'-dienyl)benzoic acid"", ""3-(3',7 '-dimethyl-2',6 '-octadienyl)-4-methoxy-benzoic acid"", 'Methyl-8-hydroxy-2,2-dimethyl-2H-chromene-6-carboxylate', '(-)-3-O-acetyl-spectaline', ""3,4-dimethyl-2-(4'-hydroxy-3',5'-dimethoxyphenyl)-5-methoxy-tetrahydrofuran"", 'Methyl (3R,4R,5R)-3-{[(2E)-3-(3,4-dihydroxyphenyl)-2-propenoyl]oxy}-1,4,5-trihydroxycyclohexanecarboxylate', 'Methyl (3R,4R,5R)-3-{[(2Z)-3-(3,4-dihydroxyphenyl)-2-propenoyl]oxy}-1,4,5-trihydroxycyclohexanecarboxylate', 'Iso-odoratol', 'Piscidinol A', 'cryptomeridiol', '3,11-dioxoolean-12-en-28- onic acid', 'Pentaol', 'Oleanonic acid', 'Hispidol A', 'Nilocetin', 'Pimara-7,15-dien-3β-ol', '(22E,24R)-ergosta-4,6,8(14),22-tetraen-3-one', 'Dimethyl terephthalate', '8-hydroxy-6-methoxy-3-methylisocoumarin', 'Ergosterol peroxide', ""Rel-(7R,8S,7'S,8'S)-4-hydroxy-4',5'-methylenedioxy-3,5,3'-trimethoxy-7,7'-epoxylignan"", ""Rel-(7R,8S,7'S,8'S)-4,5,4',5'-dimethylenedioxy-3,3'-dimethoxy-7,7'-epoxylignan"", ""Rel-(7R,8S,7'S,8'S)-4'-hydroxy-3,4,5,3',5'-pentamethoxy-7,7'-epoxylignan"", ""Rel-(7R,8S,7'S,8'S)-9-hydroxy-4',5'-methylenedioxy-3,4,5,3'-tetramethoxy-7,7'-epoxylignan"", ""Rel-(7R,8S,7'S,8'S)-4',5'-methylenedioxy-3,4,5,3'-tetramethoxy-7,7'-epoxylignan"", ""1,4-Dihydroxy-2-(3',7'-dimethyl-1'-oxo-2'-E-6'-octadienyl)benzene"", ""4-Hydroxy-3-(3',7'-dimethyl-3'-hydroxy-1'-oxo-6'-octenyl)benzoic acid"", ""4-Hydroxy-(3',7'-dimethyl-1'-oxo-octa-2'-E-6'-dienyl)benzoic acid"", ""Isosakuranetin; 5,7-dihydroxy-4'-methoxyflavanone"", ""Sakuranetin; 5,4'-dihydroxy-7-methoxyflavanone"", '5α-carboxystrictosidine', 'Harman-3-carboxylic acid', '3,4-dehydro-strictosidine', 'Cordifoline', '3,4-dehydrostrictosidine acid', 'Strictosidine acid', 'Turbinatine', 'Deoxycordifoline', '17-(3,4-Methylenedioxyphenyl)-heptadecanoic acid', ""7,4'-Dimethoxyflavone"", 'Farnisine', 'Sargachromenol', '19´-(3,4-Methylenedioxyphenyl)-nonadecanoic acid', ""7,4'-Dihydroxyflavone"", '21´-(3,4-Methylenedioxyphenyl)-henicosanoic acid', '(+)-Guaiacin', 'Sargaquinoic acid', 'Fasciculiferin', ""Juruenolic acid; 2-(4'-Methylpentenyl-3)-10-oxoundecan-2,6-dienoic acid"", 'Tithonine', 'Xanthyletin', 'Glycocitrine-I', '3,4-dihydro-3,5,8-trihydroxy-6-methoxy-2,2,7-trimethyl-2Hpyrano[ 2,3-a]acridin-12(7H)-one', '5-hydroxynoracronycine; Atalaphyllidine', 'Pyranofoline', 'Citrusinine-II', '1,3,5-trihydroxy-4-methoxy-10-methyl- 2,8-bis(3-methylbut-2-enyl)acridin-9(10H)-one', 'Glycocitrine-IV', '1,3,5-trihydroxy- 2,8-bis(3-methylbut-2-enyl)-10-methyl-9-acridone', 'Citrusinine-I', 'Aphidicolin', '1-methoxy-3-hydroxy-3,10b-4,5a-diepoxy-8b-isobutyroyloxygermacr-11(13)-en-6a,12-olide', 'Tagitinin C', 'Secoxyloganin', 'Diderroside', ""6'-Acetyl-β-D-glucopyranosyldiderroside"", '7-Methoxydiderroside', '(+)-11α-Hydroxyerythravine', '(+)-Erythravine', '(+)-α-Hydroxyerysotrine', '5,7-dimethoxy-2,2-dimethyl-2H-1-benzopyran-6-propanoic acid', ""3,5,6,7,3',4',5'-heptamethoxyflavonol"", ""3',4',5',3,5,7,8-heptamethoxyflavone"", 'Nitensidine E', 'Nitensidine D', 'cyclo (L)-Pro-Gly', 'Ferulic acid', 'β-Gardiol', 'α-Gardiol', 'β-caryophyllene, trans-caryophyllene', 'Clusifoliol', ""Isoswertisin-4'-methyl-ether-2''α-L-rhamnoside"", '2-Episesalatin', ""Isoswertisin-2''α1-L-rhamnoside"", 'Sesartemin', 'Chlorogenic acid methyl ester, Methyl (1S,3R,4R,5R)-3-{[(2E)-3-(3,4-dihydroxyphenyl)-2-propenoyl]oxy}-1,4,5-trihydroxycyclohexanecarboxylate', 'Kaempferol-3-O-rutinoside', 'Catechin, Ent-catechin', 'Kaempferol-3-O-α-L-rhamnopyranosyl-(1→6)-β-D-galactopyranoside', 'Procyanidin B-3', 'Quercetin-3-O-α-L-rhamnopyranosyl-(1→6)-β-D-galactopyranoside', 'Kaempferol-3-O-D-galactopyranoside', '6-Hydroxy-rutin', 'Kaempferol-3-O-D-glucopyranoside', 'Kaempferol-3-O-α-L-rhamnopyranosyl-(1-6)-α-L-rhamnopyranosyl-(1-4)-β-D-glucopyranoside', '2-n-Pentylquinoline', ""2-(3',4'-methylenedioxyphenylethyl)-Quinoline"", ""2-(1'-pentenyl)-Quinoline"", '2-n-Propylquinoline', ""4-Hydroxy-(3',7'-dimethyl-1'-oxo-octa-2'-Z-6'-dienyl)benzoic acid"", ""Methyl 4-hydroxy-3-(3'-methyl-2'-hydroxy-3'-butenyl)benzoate"", ""Aduncumene; Methyl 2-methoxy-5-(3'-methyl-1'-oxo-2'-butenyl)benzoate"", ""2',6'-Dihydroxy-4'-methoxydihydrochalcone"", ""Methyl taboganate; Methyl 4-hydroxy-3-(3'-methyl-1'-oxo-2'-butenyl)benzoate"", '3,4,5-Trimethoxydihydrocinnamic acid', ""Methyl 4-hydroxy-3-(3'-methyl-2'-butenyl)benzoate"", ""Hostmaniene; 4-Hydroxy-3-(2',3'-dihydroxy-3'-methylbutyl)benzoate"", ""4-Hydroxy-3-(3',7'-dimethylocta-2'-E-6'-dienyl)benzoic acid"", 'Methyl 2,2-dimethyl-1-oxo-2H-1-benzopyran-6-carboxylate', 'Piperaduncine B', 'Nectandrin B', 'Verrucosin', '7-Methyl-sargachromenol; 2,7,8-Trimethyl-2-[(3-E,7-Z)-4,12-dimethyl-8-carboxyl-3,7,11-tridecatrienyl]-3-chromen-6-ol, β-caroteno', 'Epi-guaiacin', 'Isopimpinellin', 'Taraxerol acetate', '5,7-dimethoxy-2,2-dimethyl-2H-1-benzopyran-6-propanoate', 'Beauvericin', 'Anhydrofusarubin', '4-metoxi-6-[2-(metilamino)fenil]- 2H-piran-2-ona', 'Stearic acid 4-pentoyloxyphenethyl ester', 'Pellitorine', '(3Z,5Z)-N-isobutyl-8-(30,40-methylenedioxy-phenyl)-heptadienamide', ""N-[3-(6'-methoxy-3',4'-methy-lenedioxyphenyl)-2(Z)-propenoyl]pyrrolidine"", '10,11-dihydropiperine; Δα,β-dihydropiperine', '8,9-dihydropiplartine; N-(12,13,14-trimethoxydihydrocinnamoyl)-Δ3-pyridin-2-one', '(E)-piplartine', '4,5-dihydropiperlonguminine; Piperlonguminine', '(Z)-piplartine; 8(Z)-N-(12,13, 14-trimethoxycinnamoyl)- 3-pyridin-2-one', '4,5-dihydropiperyline', 'Piperine', 'astilbin; Rel-(2R, 3R)-dihydroquercetin-3-O-±-L-rhamnoside', 'Methacrylic acid', 'Cusculine; 1,2,3,5,6-pentamethoxy-9-acridone', 'Cuspanine; 1-hydroxy-2,3,5,6-tetramethoxy-9-acridone', '2α,3α-Dihydroxy-urs-12-en-28-oic acid', '3-O-β-D-(6’-methyl)-glucopyranosyl-28-O-β-D-glucopyranosyl-oleanate', 'Oleanolic acid 3-sophoroside', '5-hydroxyflavone', '2-phenyl-4H-chromen-4-one', 'β-Sitosterol benzoate', 'Haplotusine', 'Sinapyl 4-O-β-D-glucopyranoside aldehyde', 'Sinapyl 4-O-β-D-glucopyranoside alcohol', 'Liriodenine', 'N-acetylnonaine', '[10]-gingerol', ""2,4-Dihydroxy-6-[(1'E,3'E)-penta-1', 3'-dienyl]-benzaldehyde"", '2-methyl-5-pentadecylresorcinol', '3β-hydroxy-stigmast-5-en-7-one; 24-β-7-oxositosterol', 'scillascillin', 'Homoegonol', '[8]-gingerol', '4-Hydroxymellein', '5-hydroxymellein', 'fraxinellonone', 'Dibenzyl sulphide', '(-) Cis-4-hydroxy-6-deoxyscytalone', 'Plumericin', '5-[8(Z),11(Z)-pentadecadienyl]resorcinol', 'Salacin', 'Viburgenin', '2,6-di-O-acetylcasearupestrin D', ""Methyl-2,2-dimethyl-8-(3'-methylbut-2'-enyl)chroman-6-carboxylate"", '2,7-Di-O-acetylcasearupestrin A', 'Nitensidine B', 'Nitensidine A', ""8-hydroxy-3,5,7,3',4',5'-hexamethoxyflavonol"", 'Odoratol', 'Leptomerine', '5-hydroxy-N-methylseverifoline', '19,20-Epoxycytochalasin N', 'ellagic acid 4-O-α-L-rhamnopyranoside; eschweilenol C', 'Mayoside C', 'Ourateacatechin', ""3',4',5',5,7-pentamethoxyflavone"", 'Cognatine', 'Fagaramide', 'Dibenzyl disulphide', 'Proanthocyanidin', 'neoisoastilbin', '(R)-7-Hydroxymellein', '6α-acetoxymanoyl oxide', 'Methyl-8-hydroxy-2,2-dimethylchroman-6-carboxylate', '1- (5,7-dihydroxy-2,2-dimethylchroman-6-yl)-3-(2,2-dimethylchroman- 6-yl)propan-1-one', 'Canavaline', 'Di-hydrodehydrodiconiferyl alcohol', 'Quercetin', ""2-(2'-O-trans-cinnamoyl)-C-β-D-glucopyranosyl-1,3,6,7-tetrahydroxyxanthone"", 'Kokusaginine', 'Ocotillone', 'des-N-methylnoracronycine', 'Sorbifolin 6-O-β-glucopyranoside', 'Rel-2α-hydroxyzuelanin-6β-benzoate', 'Casearupestrin C', '6α-malonyloxy-n-butyl ester manoyl oxide', 'citrusinine-I', 'Ricinine', 'Leptophyllin A', '5-pentadecylresorcinol', '19,20-Epoxycytochalasin D', 'fumiquinozoline F', 'Kaempferol 3-O-α-L-rhamnopyranosyl (1→6)-O-[β -D-glucopyranosyl (1→3)-O-α-L-rhamnopyranosyl-(1→2)]-O-β -D-glucopyranosyl', '3β-O-[α-L-rhamnopyranosyl-(1→2)-O-β-D-glucopyranosyl-(1→2)-O-β-D-glucopyranosyl]-28-O-β-D-glucopyranoside pomolate', 'Dibenzyl tetrasulphide', '1-methyl-2-n-nonyl-4-quinolone', '5-[8(Z),11(Z),14-pentadecatrienyl]resorcinol', 'Gallic acid; 3,4,5-trihydroxybenzoic acid', 'Skimmianine', 'p-hydroxybenzoic acid-geranyl ester', 'n-Propyl gallate', ""3',4',5',5,7,8-hexamethoxyflavone"", 'Isopropyl gallate', '6β-hydroxy-7-epigardoside methyl ester', 'Tetrahydropiperyline, N-[10-(13,14-methylenedioxyphenyl)-pentanoyl]-pyrrolidine', 'Piperovatine', '2,4,6-trimethoxybenzoic acid', '1-O-(E)-caffeoyl-β-D-glucopyranoside', 'Quercitrin, 3-O-α-rhamnosylquercetin', 'Caseobliquin A', 'Methyl angolensate', ""5-(3'' -Hydroxypropyl)-7-methoxy-2-(3',4' -methyl-enedioxyphenyl)benzofuran"", '22β-hydroxypristimerin', '6α-acetoxy-14β,15β-epoxyazadirone', 'Maculosidine', 'Podocarpusflavone A', 'toonacilin', 'Uracil', 'epoxy-fraxinellone', '12′-hydroxy-7′-multijuguinone', ""2',5-dihydroxy-3-methoxy-8-dimethylallyl-6, 7-(2' ',2''-dimethylpyrano)-dihydroflavonol"", '2-n-nonyl-4-quinolone', 'Cytochalasin D', 'Isoorientin', 'urauchimycin A', 'p-Coumaric acid', '(-)-Epigallocatechin', 'Netzahualcoyonol', '1-[3-(3,7-dimethylocta-2,6-dien-1-yl)-2,4,6- trihydroxyphenyl]-3-(4-hydroxyphenyl)propan-1-one', '6α-malonyloxymanoyl oxide', 'Benzylhydroxymethyl sulphide', '1,6-di-O-caffeoyl-β-D-glucopyranoside', 'fraxinellone', '6-[ 8(Z),11(Z) -pentadecadienyl] salicylic acid', '1-O-(E)-feruloyl-β-D-glucopyranoside', '19,20-Epoxycytochalasin C', 'n-Pentyl gallate', 'Orcinol', 'Periconicin B', '2-methyl-5-[8(Z),11(Z),14-pentadecatrienyl]resorcinol', '20-hydroxyecdysone; polypodine A', '3-Acetyl aleuritolic acid', 'Alkenoic acid', 'Quercetin 3-O-α-L-rhamnopyranosyl (1→6)-O-[β -D-glucopyranosyl (1→3)-O-α-L-rhamnopyranosyl-(1→2)]-O-β -D-glucopyranosyl', 'Heveaflavone', 'Arboreumine', '3-Oxoursolic acid', 'Casearupestrin B', '1,2-dihydro- 3β-hydroxy-7-deacetoxy-7-oxogedunin', 'Photogedunin', 'Casearin X; (1R*,3S*,5S*,6aR*,7S*,8S*,10R*,10aR*)-1-(Acetyloxy)-3,5,6,6a,7,8,9,10-octahydro-10-hydroxy-7,8-dimethyl-7-[(2Z)-3-methylpenta-2,4-dien-1-yl]naphtho[1,8a-c]furan-3,5-diyl Dibutanoate', ""2-(R)-Methyl-6-(S)-(tetradecyl-13'-one)-3(R)-O-tert-butyldimethylsilyl-piperidine"", '(2S)-Methyl-2-methyl-8-(3""-methylbut-2""-enyl)-2-(4\'-methylpent-3\'-enyl)-2H-chromene-6-carboxylate', 'Casearin T', 'Piperyline, N-[10-(13,14-methylenedioxyphenyl)-7(E),9(E)-pentadienoyl]-pyrrolidine', 'ω-fenil alcanoic acid', '2-butyl-D-fructofuranoside', ""Gaudichaudianic acid; (2S)-2-methyl-2-(4'methyl-3'-pentenyl)-8-(3''-methyl-2-butenyl)- 2H-1-benzopyran-6-carboxylic acid"", 'Kaempferitrin', 'Nitensidine C', 'Dipropyl disulphide', '2-methyl-5-[8(Z),11(Z)-pentadecadienyl]resorcinol', 'Methyl 6,7,8-trimethoxydihydrocinnamate', '2-Hexyl-3-methyl-butanodioic acid', 'Pedalitin', 'Di(benzyltrithio) methane', '3,11,12-Trihydroxycadalene', 'Quercetin 3-O-sophoroside', '(3R,4R)-3,4-Dihydro-4,6-dihydroxy-3-methyl-1-oxo-1H-isochromene-5-carboxylic acid', '24-methylene-3,22-dihydroxycholesterol', 'amorphispironone', 'Casearupestrin D', 'Chaetoglobosin B', ""2-(2'-O-benzoyl)-C-β-D-glucopyranosyl-1,3,6,7-tetrahydroxyxanthone"", 'Isoplumericin', 'α-L-xylopyranosyl-(4""→20)-(3-O-β-D-glucopyranosyl)-1\'-O-E-caffeoyl-β-D-glucopyranoside', 'Casearupestrin A', 'Phomopsilactone', ""(2S)-8-Isopentyl-2-methyl-2-(4'-methylpentyl)chroman-6-carboxylic acid"", '2,2-dimethyl-2H-chromene-6-carboxylic acid', '(2S)-2-methyl-8-(3""-methylbut-2""-enyl)-2-(4\'-methylpent-3\'-enyl)-2H-chromene-6-carboxylic acid', 'urauchimycin B', 'Pristimerin; 20α-3-hydroxy-2-oxo-24-nor-friedela-1-10,3,5,7-tetraen-carboxylic acid-29-methylester', '3,4,5-trimethoxyphenyl 1-O-β-D-apiofuranosyl-(1→6)-O-β-D-glucopyranoside', 'β-photogedunin', 'n-Butyl gallate', ""5-[3''-(β-D-glucopyranosyloxy)propyl]-7-methoxy-2-(3',4'-dimethoxyphenyl)benzofuran"", '3,12-Dihydroxycadalene', '7-hydroxy-3- (11-dimethylallyl)-8-methoxycoumarin', ""N-[7-(3',4'-methylenedioxyphenyl)-2(Z),4(Z)-heptadienoyl]pyrrolidine"", ""Acteoside; [β-3,4-dihydroxyphenyl)-ethyl]-(3'-O-α-L-rhamnopyranosyl)-(4'-O-cafeoyl)-β-D-glycopyranoside, verbascoside"", ""2-(2'-O-trans-caffeoyl)-C-β-D-glucopyranosyl-1,3,6,7-tetrahydroxyxanthone"", 'Netzahualcoyene', 'Casearin X Dialdehyde; (2R*,4aS*,5S*,7R*,8R*,8aS*)-4,4a-Diformyl-1,2,4a,5,6,7,8,8a-octahydro-5-hydroxy-7,8-dimethyl-8-[(2Z)-3-methylpenta-2,4-dien-1-yl]naphthalen-2-yl Butanoate', 'polypodine B', 'limonexic acid', 'shidasterone', '5-hydroxymethyl- 2-furancarboxaldehyde; 5-hydroxymethyl-2-furfuraldehyde', 'atalaphyllinine', 'N-[10- (13,14-methylenedioxyphenyl)-7(E)-pentaenoyl]-pyrrolidine', '2-Methyl-5-methoxy-benzopyran-4-one', '2-oxo-piperol B; (7S*, 8R*, 1R*, 3R*)-3,4,5-trimethoxy-3,7-cyclo-8,1-neolig-8-ene-2,4(3H)-dione', 'taxifolin', ""(2'S)-2-(propan-2'-ol)-5-hydroxy-benzopyran-4-one"", 'Rel-(+)-(7S,9R,10S)-3,9,12-trihydroxycalamenene', 'Casearin S', '11β-acetoxyobacunone', '1-(5,7-dihydroxy-2,2-dimethylchroman- 6-yl)-3-[4-hydroxy-3-(3-methylbut-2-en-1-yl)- phenyl]propan-1-one', '(3R,4R)-4,7-Dihydroxymellein', ""Nitensoside B; Pedalitin 6-O-α-rhamnopyranosyl(1'''→6'')-β-glucopyranoside"", 'Amentoflavone', '6-[8(Z)-pentadecenyl]salicylic acid', 'Platydesmine', 'Leiokinine A', 'Cabraleadiol', 'schaftoside', ""(2S)-Methyl-8-isopentyl-2-methyl-2-(4'-methylpentyl)chroman-6-carboxylate"", '3,4,5-Triacetoxybenzoic acid', '1-(5,7-dihydroxy-2,2-dimethylchroman-6-yl)-3-(1,1,4a-trimethyl-2,3,4,4a,9a-hexahydro-1H-xanthen-7-yl)propan-1-one', 'Burchellin', '5-[8(Z)-pentadecenyl]resorcinol', 'Luteolin; 2-(3,4-dihydroxyphenyl)-5,7-dihydroxy-4H-chromen-4-one', 'Sinapic acid', '19,20-Epoxycytochalasin Q', '19,20-Epoxycytochalasin R', 'Muraxanthone', 'Odoratone', 'Rel-6β-hydroxyzuelanin-2β-benzoate', '(-)-Spectalinine', 'Netzahualcoyondiol', 'Piperol B', '(-)-Hardwickiic acid', ""5-[3''-(β-D-glucopyranosyloxy)propyl]-7-methoxy-2-(3',4'-methylenedioxyphenyl)benzofuran"", '28-O-β-D-glucopyranosyl quinovic acid', '2-Methyl-4-hydroxy-butyl caffeoate', 'N-1,N-2,N-3-Triisopentenylguanidine', 'Dibenzyl trisulphide', 'Maytenin, Tingenone', '3,4-dihydroxybenzoic acid geranyl ester', 'N-[10-(13,14-methylenedioxyphenyl)-7(E),9(Z)-pentadienoyl]-pyrrolidine', 'Gedunin', 'Pedalin, pedalitin 6-O-β -glucopyranoside', 'Caseargrewiin F; (1R*,3S*,5S*,6aR*,7S*,8R*,10R*,10aR*)-1,3-Bis(acetyloxy)-3,5,6,6a,7,8,9,10-octahydro-10-hydroxy-7,8-dimethyl-7-[(2Z)-3-methylpenta-2,4-dien-1-yl]naphtho[1,8a-c]furan-5-yl Butanoate', 'Casearin L; (1R*,3S*,5S*,6aR*,7R*,8R*,9S*,10S*,10aR*)-1,10-Bis(acetyloxy)-3,5,6,6a,7,8,9,10-octahydro-9-hydroxy-5-methoxy-7,8-dimethyl-7-[(2Z)-3-methylpenta-2,4-dien-1-yl]naphtho[1,8a-c]-furan-3-yl Butanoate', ""Myrsinoic acid A, 3-Geranyl-4-hydroxy-5-(3'',3''-dimethylallyl)benzoic acid"", '20α-Hydroxymaytenin; 20-hydroxy-20-epi-tingenone', '(-)-Epigallocatechin-3-O-gallate', 'Casearin D; (1R*,3S*,5S*,6aR*,7R*,8R*,9S*,10S*,10aR*)-1-(Acetyloxy)-3,5,6,6a,7,8,9,10-octahydro-5,10-dihydroxy-7,8-dimethyl-7-[(2Z)-3-methylpenta-2,4-dien-1-yl]naphtho[1,8a-c]furan-3,9-diyl Dibutanoate', 'Rel. (+)-(7S,10S) 3,12-dihydroxycalamenene', 'Methyl (E)-6,7,8-trimethoxycinnamate', '3,4,5-Trimethoxyphenyl-1-O-β-D-(5-O-syringoyl)-apiofuranosyl-(1→6)-β-D-glucopyranoside', '6-[8(Z),11(Z),14-pentadecatrienyl]salicylic acid', 'Sorbifolin', ""Nitensoside A; Sorbifolin 6-O-α-rhamnopyranosyl(1'''→6'')-β-glucopyranoside"", 'Casearin O; (1R*,3S*,5S*,6aR*,7R*,8R*,9S*,10S*,10aR*)-1,10-Bis(acetyloxy)-5-methoxy-7,8-dimethyl-7-[(2Z)-3-methylpenta-2,4-dien-1-yl]-3,5,6,6a,7,8,9,10-octahydronaphtho[1,8a-c]furan-3,9-diyl Dibutanoate', 'germacrene D', 'Methyl gallate', '3-O-β-D-quinovopyranosyl cincholic acid', 'Afzelin, 3-O-α-rhamnosyl kaempferol', 'Egonol', 'stachysterone', 'Ethyl 2,4-dihydroxy-5,6-dimethylbenzoate', 'Amentoflavone 7”,4”’-dimethyl ether', 'Picramnioside F', 'Lauryl gallate', 'Syringaldehyde', '22-hydroxytirucalla-7,24-diene-2,3-dione', 'Trans-3’-methylsulphonylallyl trans-cinnamate', '(3-(2-(4-hydroxyphenyl)-2-oxoethyl)-5,6-dihydropyridin- 2(1H)-one)', 'Mangiferin', '4-Nerolidilcatechol', ""2-(2'-O-transcoumaroyl)-C-β-D-glucopyranosyl-1,3,6,7-tetrahydroxyxanthone"", 'Syringic acid', '(+)-3-O-feruloylcassine', '6-pentadecylsalicylic acid', 'Methyl-2,2-dimethylchroman-6-carboxylate', ""Pterogynoside; Kaempferol-3-O-(3''-O-4'''-methylgallate-α-L-rhamnoside)"", 'Isobutyl gallate', '7′-multijuguinone', 'Griseofulvin', ""7-Hydroxy-4',6-dimethoxyisoflavone; Afrormosin; Afromosin"", '8-methoxymellein', '(±)-Syringaresinol', 'Cyclo-(L-Pro-L-Val)', 'Acetonide of odoratol', '(−)-Grandisin', '24-methylenecycloartan-3b-ol', 'Ixoside', '2β-Hydroxyzuelanin-6β-cinnamate', 'carlinoside', 'Methyl-8-(ethanoyloxy)-2,2-dimethyl-2H-chromene-6-carboxylate', 'arjunolic acid', 'Chalepin', 'Chlorogenic acid', '(4R)-4,8-dihydroxy-α-tetralone', 'Kaempferol', '3-O-β-D-quinovopyranosyl quinovic acid', '2-hydroxyphenylacetic acid', '2-methyl-5-[8(Z)-pentadecenyl]resorcinol']]",doi_name
"['10.1021/jf00030a035', '5-[8(Z)-pentadecenyl]resorcinol']","['10.1021/jf00030a035', ['4-metoxi-6-[2-(metilamino)fenil]- 2H-piran-2-ona', 'Tagitinin C', '1-methoxy-3-hydroxy-3,10b-4,5a-diepoxy-8b-isobutyroyloxygermacr-11(13)-en-6a,12-olide', ""3,4-dimethyl-2-(4'-hydroxy-3',5'-dimethoxyphenyl)-5-methoxy-tetrahydrofuran"", ""3',4',5',3,5,7,8-heptamethoxyflavone"", ""3,5,6,7,3',4',5'-heptamethoxyflavonol"", 'Hinesol', 'γ-eudesmol', 'α-eudesmol', 'guaiol', 'Kaempferol-3-O-D-galactopyranoside', 'Kaempferol-3-O-D-glucopyranoside', 'Quercetin-3-O-α-L-rhamnopyranosyl-(1→6)-β-D-galactopyranoside', 'Kaempferol-3-O-rutinoside', 'Kaempferol-3-O-α-L-rhamnopyranosyl-(1-6)-α-L-rhamnopyranosyl-(1-4)-β-D-glucopyranoside', '6-Hydroxy-rutin', 'Kaempferol-3-O-α-L-rhamnopyranosyl-(1→6)-β-D-galactopyranoside', 'Catechin, Ent-catechin', 'Procyanidin B-3', 'Pimara-7,15-dien-3β-ol', '(22E,24R)-ergosta-4,6,8(14),22-tetraen-3-one', '8-hydroxy-6-methoxy-3-methylisocoumarin', 'Ergosterol peroxide', 'Dimethyl terephthalate', 'Taraxerol acetate', 'α-Gardiol', 'Ferulic acid', 'β-Gardiol', 'Teucrein', '11-O-trans-feruloylteucrein', 'Apodanthoside', 'Galioside', 'Galioside aglicone', '(+)-α-Hydroxyerysotrine', '(+)-Erythravine', '(+)-11α-Hydroxyerythravine', '5,7-dimethoxy-2,2-dimethyl-2H-1-benzopyran-6-propanoic acid', 'Aphidicolin', 'Anhydrofusarubin', 'Beauvericin', 'Nitensidine D', 'Nitensidine E', ""4-Hydroxy-3-(3',7'-dimethyl-3'-hydroxy-1'-oxo-6'-octenyl)benzoic acid"", ""Sakuranetin; 5,4'-dihydroxy-7-methoxyflavanone"", ""4-Hydroxy-(3',7'-dimethyl-1'-oxo-octa-2'-E-6'-dienyl)benzoic acid"", ""Isosakuranetin; 5,7-dihydroxy-4'-methoxyflavanone"", ""1,4-Dihydroxy-2-(3',7'-dimethyl-1'-oxo-2'-E-6'-octadienyl)benzene"", ""2-(1'-pentenyl)-Quinoline"", '2-n-Pentylquinoline', '2-n-Propylquinoline', ""2-(3',4'-methylenedioxyphenylethyl)-Quinoline"", 'Farnisine', '19´-(3,4-Methylenedioxyphenyl)-nonadecanoic acid', 'Sargachromenol', ""7,4'-Dihydroxyflavone"", 'Sargaquinoic acid', '(+)-Guaiacin', '21´-(3,4-Methylenedioxyphenyl)-henicosanoic acid', ""7,4'-Dimethoxyflavone"", 'Fasciculiferin', ""Juruenolic acid; 2-(4'-Methylpentenyl-3)-10-oxoundecan-2,6-dienoic acid"", 'Tithonine', '17-(3,4-Methylenedioxyphenyl)-heptadecanoic acid', 'penduletin 4-O-methyl ether', '2α,3α,19α- trihydroxyurs-12-en-28-oic acid', '3,3-O-dimethylquercetin', '3,7,4-O-trimethylkaempferol', '3-O-methylquercetin', 'Chrysoeriol', 'acacetin', 'p-hydroxybenzoic acid', '2α,3α-dihydroxyolean-12- en-28-oic acid', 'Deoxycordifoline', '3,4-dehydro-strictosidine', '5α-carboxystrictosidine', 'Harman-3-carboxylic acid', 'Cordifoline', 'Strictosidine acid', '3,4-dehydrostrictosidine acid', 'Turbinatine', 'Methyl (3R,4R,5R)-3-{[(2E)-3-(3,4-dihydroxyphenyl)-2-propenoyl]oxy}-1,4,5-trihydroxycyclohexanecarboxylate', 'Methyl (3R,4R,5R)-3-{[(2Z)-3-(3,4-dihydroxyphenyl)-2-propenoyl]oxy}-1,4,5-trihydroxycyclohexanecarboxylate', '9-hydroxyeugenin', 'Mycoleptone A', 'Mycoleptone A tetraacetate', 'Austdiol diacetate', 'Eugenitin', 'Austdiol', 'Mycoleptone B', '6-methoxyeugenin', 'β-caryophyllene, trans-caryophyllene', 'astilbin; Rel-(2R, 3R)-dihydroquercetin-3-O-±-L-rhamnoside', 'Nectandrin B', 'Verrucosin', 'Epi-guaiacin', '7-Methyl-sargachromenol; 2,7,8-Trimethyl-2-[(3-E,7-Z)-4,12-dimethyl-8-carboxyl-3,7,11-tridecatrienyl]-3-chromen-6-ol, β-caroteno', ""2'-hydroxy-3,4,4'-trimethoxy-5',6'-(2'',2''-dimethylpyrano)-chalcone"", ""3',4'-methylenedioxy-5,5',6,7-tetramethoxyflavone"", ""3',4'-methylenedioxy-5,6,7- trimethoxyflavone"", ""3',4'-methylenedioxy-5,7-dimethoxyflavone"", '5,7-dimethoxy-2,2-dimethyl-2H-1-benzopyran-6-propanoate', 'Chlorogenic acid methyl ester, Methyl (1S,3R,4R,5R)-3-{[(2E)-3-(3,4-dihydroxyphenyl)-2-propenoyl]oxy}-1,4,5-trihydroxycyclohexanecarboxylate', '3,21-Di-epi-feroniellide B', '21β,25-dimethylmelianodiol', '21α,25-dimethylmelianodiol', ""Rel-(7R,8S,7'S,8'S)-4',5'-methylenedioxy-3,4,5,3'-tetramethoxy-7,7'-epoxylignan"", ""Rel-(7R,8S,7'S,8'S)-4-hydroxy-4',5'-methylenedioxy-3,5,3'-trimethoxy-7,7'-epoxylignan"", ""Rel-(7R,8S,7'S,8'S)-4,5,4',5'-dimethylenedioxy-3,3'-dimethoxy-7,7'-epoxylignan"", ""Rel-(7R,8S,7'S,8'S)-4'-hydroxy-3,4,5,3',5'-pentamethoxy-7,7'-epoxylignan"", ""Rel-(7R,8S,7'S,8'S)-9-hydroxy-4',5'-methylenedioxy-3,4,5,3'-tetramethoxy-7,7'-epoxylignan"", 'Pellitorine', '(3Z,5Z)-N-isobutyl-8-(30,40-methylenedioxy-phenyl)-heptadienamide', '4,5-dihydropiperlonguminine; Piperlonguminine', 'Piperine', ""N-[3-(6'-methoxy-3',4'-methy-lenedioxyphenyl)-2(Z)-propenoyl]pyrrolidine"", '4,5-dihydropiperyline', '(E)-piplartine', '(Z)-piplartine; 8(Z)-N-(12,13, 14-trimethoxycinnamoyl)- 3-pyridin-2-one', '8,9-dihydropiplartine; N-(12,13,14-trimethoxydihydrocinnamoyl)-Δ3-pyridin-2-one', '10,11-dihydropiperine; Δα,β-dihydropiperine', ""Isoswertisin-2''α1-L-rhamnoside"", '2-Episesalatin', 'Sesartemin', 'Clusifoliol', ""Isoswertisin-4'-methyl-ether-2''α-L-rhamnoside"", 'bis-5-hydroxyacronycine', '2,3-dihydro-4,9-dihydroxy-2-(2-hydroxy-propan-2-yl)- 11-methoxy-10-methylfuro[3,2-b]acridin-5(10H)-one', 'Citibrasine', ""4-Hydroxy-(3',7'-dimethyl-1'-oxo-octa-2'-Z-6'-dienyl)benzoic acid"", ""Aduncumene; Methyl 2-methoxy-5-(3'-methyl-1'-oxo-2'-butenyl)benzoate"", ""Methyl 4-hydroxy-3-(3'-methyl-2'-hydroxy-3'-butenyl)benzoate"", 'Piperaduncine B', 'Methyl 2,2-dimethyl-1-oxo-2H-1-benzopyran-6-carboxylate', ""4-Hydroxy-3-(3',7'-dimethylocta-2'-E-6'-dienyl)benzoic acid"", ""Hostmaniene; 4-Hydroxy-3-(2',3'-dihydroxy-3'-methylbutyl)benzoate"", ""Methyl 4-hydroxy-3-(3'-methyl-2'-butenyl)benzoate"", ""Methyl taboganate; Methyl 4-hydroxy-3-(3'-methyl-1'-oxo-2'-butenyl)benzoate"", ""2',6'-Dihydroxy-4'-methoxydihydrochalcone"", '3,4,5-Trimethoxydihydrocinnamic acid', '(-)-3-O-acetyl-spectaline', 'Secoxyloganin', '7-Methoxydiderroside', ""6'-Acetyl-β-D-glucopyranosyldiderroside"", 'Diderroside', 'Piscidinol A', 'Iso-odoratol', '3,11-dioxoolean-12-en-28- onic acid', 'cryptomeridiol', 'Pentaol', 'Oleanonic acid', 'Nilocetin', 'Hispidol A', 'Methacrylic acid', 'Cusculine; 1,2,3,5,6-pentamethoxy-9-acridone', 'Cuspanine; 1-hydroxy-2,3,5,6-tetramethoxy-9-acridone', 'Xanthyletin', 'Stearic acid 4-pentoyloxyphenethyl ester', '3,4-dihydro-3,5,8-trihydroxy-6-methoxy-2,2,7-trimethyl-2Hpyrano[ 2,3-a]acridin-12(7H)-one', '5-hydroxynoracronycine; Atalaphyllidine', 'Citrusinine-I', 'Glycocitrine-I', '1,3,5-trihydroxy-4-methoxy-10-methyl- 2,8-bis(3-methylbut-2-enyl)acridin-9(10H)-one', 'Pyranofoline', '1,3,5-trihydroxy- 2,8-bis(3-methylbut-2-enyl)-10-methyl-9-acridone', 'Citrusinine-II', 'Glycocitrine-IV', 'Isopimpinellin', 'cyclo (L)-Pro-Gly', ""4-Methoxy-3-(3',7'-dimethylocta-2'-E-6'-dienyl)benzoic acid"", 'Methyl-8-hydroxy-2,2-dimethyl-2H-chromene-6-carboxylate', ""3-(3',7 '-dimethyl-2',6 '-octadienyl)-4-methoxy-benzoic acid"", '2α,3α-Dihydroxy-urs-12-en-28-oic acid', 'Haplotusine', '2-phenyl-4H-chromen-4-one', 'β-Sitosterol benzoate', '5-hydroxyflavone', '3-O-β-D-(6’-methyl)-glucopyranosyl-28-O-β-D-glucopyranosyl-oleanate', 'Oleanolic acid 3-sophoroside', 'Sinapyl 4-O-β-D-glucopyranoside aldehyde', 'Sinapyl 4-O-β-D-glucopyranoside alcohol', 'N-acetylnonaine', 'Liriodenine', '[10]-gingerol', ""2,4-Dihydroxy-6-[(1'E,3'E)-penta-1', 3'-dienyl]-benzaldehyde"", '2-methyl-5-[8(Z)-pentadecenyl]resorcinol', 'Nitensidine A', '2-hydroxyphenylacetic acid', '3-O-β-D-quinovopyranosyl quinovic acid', 'scillascillin', 'Kokusaginine', ""2-(2'-O-trans-caffeoyl)-C-β-D-glucopyranosyl-1,3,6,7-tetrahydroxyxanthone"", 'Netzahualcoyene', 'Casearin X Dialdehyde; (2R*,4aS*,5S*,7R*,8R*,8aS*)-4,4a-Diformyl-1,2,4a,5,6,7,8,8a-octahydro-5-hydroxy-7,8-dimethyl-8-[(2Z)-3-methylpenta-2,4-dien-1-yl]naphthalen-2-yl Butanoate', 'polypodine B', 'n-Propyl gallate', ""3',4',5',5,7,8-hexamethoxyflavone"", 'Isopropyl gallate', '6β-hydroxy-7-epigardoside methyl ester', 'Leptomerine', '5-hydroxy-N-methylseverifoline', '19,20-Epoxycytochalasin N', 'ellagic acid 4-O-α-L-rhamnopyranoside; eschweilenol C', 'Mayoside C', 'Ourateacatechin', ""3',4',5',5,7-pentamethoxyflavone"", '2-methyl-5-pentadecylresorcinol', '3β-hydroxy-stigmast-5-en-7-one; 24-β-7-oxositosterol', 'Griseofulvin', ""7-Hydroxy-4',6-dimethoxyisoflavone; Afrormosin; Afromosin"", '8-methoxymellein', '(±)-Syringaresinol', 'Cyclo-(L-Pro-L-Val)', 'Acetonide of odoratol', '(−)-Grandisin', '2,7-Di-O-acetylcasearupestrin A', 'Nitensidine B', '1-methyl-2-n-nonyl-4-quinolone', '5-[8(Z),11(Z),14-pentadecatrienyl]resorcinol', 'Piperol B', '(-)-Hardwickiic acid', ""5-[3''-(β-D-glucopyranosyloxy)propyl]-7-methoxy-2-(3',4'-methylenedioxyphenyl)benzofuran"", '28-O-β-D-glucopyranosyl quinovic acid', '2-Methyl-4-hydroxy-butyl caffeoate', 'N-1,N-2,N-3-Triisopentenylguanidine', 'Dibenzyl trisulphide', 'Maytenin, Tingenone', 'Maculosidine', 'Kaempferol', ""8-hydroxy-3,5,7,3',4',5'-hexamethoxyflavonol"", 'Odoratol', 'Podocarpusflavone A', 'Casearupestrin C', '6α-malonyloxy-n-butyl ester manoyl oxide', 'citrusinine-I', 'Ricinine', 'Leptophyllin A', '5-pentadecylresorcinol', 'urauchimycin B', 'Homoegonol', '[8]-gingerol', '4-Hydroxymellein', '5-hydroxymellein', 'fraxinellonone', 'Dibenzyl sulphide', '(-) Cis-4-hydroxy-6-deoxyscytalone', ""Methyl-2,2-dimethyl-8-(3'-methylbut-2'-enyl)chroman-6-carboxylate"", 'Rel-2α-hydroxyzuelanin-6β-benzoate', '2,6-di-O-acetylcasearupestrin D', 'Plumericin', '5-[8(Z),11(Z)-pentadecadienyl]resorcinol', '(-)-Spectalinine', '19,20-Epoxycytochalasin D', 'fumiquinozoline F', 'Kaempferol 3-O-α-L-rhamnopyranosyl (1→6)-O-[β -D-glucopyranosyl (1→3)-O-α-L-rhamnopyranosyl-(1→2)]-O-β -D-glucopyranosyl', '3β-O-[α-L-rhamnopyranosyl-(1→2)-O-β-D-glucopyranosyl-(1→2)-O-β-D-glucopyranosyl]-28-O-β-D-glucopyranoside pomolate', 'Dibenzyl tetrasulphide', ""2',5-dihydroxy-3-methoxy-8-dimethylallyl-6, 7-(2' ',2''-dimethylpyrano)-dihydroflavonol"", '2-n-nonyl-4-quinolone', 'Cytochalasin D', 'Isoorientin', 'Uracil', 'urauchimycin A', '2-methyl-5-[8(Z),11(Z),14-pentadecatrienyl]resorcinol', '20-hydroxyecdysone; polypodine A', '3-Acetyl aleuritolic acid', 'Alkenoic acid', 'Caseobliquin A', 'Methyl angolensate', ""5-(3'' -Hydroxypropyl)-7-methoxy-2-(3',4' -methyl-enedioxyphenyl)benzofuran"", '22β-hydroxypristimerin', '1- (5,7-dihydroxy-2,2-dimethylchroman-6-yl)-3-(2,2-dimethylchroman- 6-yl)propan-1-one', 'Canavaline', 'Di-hydrodehydrodiconiferyl alcohol', 'Quercetin', ""2-(2'-O-trans-cinnamoyl)-C-β-D-glucopyranosyl-1,3,6,7-tetrahydroxyxanthone"", 'Ocotillone', 'des-N-methylnoracronycine', 'Sorbifolin 6-O-β-glucopyranoside', 'toonacilin', 'Netzahualcoyondiol', 'Pristimerin; 20α-3-hydroxy-2-oxo-24-nor-friedela-1-10,3,5,7-tetraen-carboxylic acid-29-methylester', '3,4,5-trimethoxyphenyl 1-O-β-D-apiofuranosyl-(1→6)-O-β-D-glucopyranoside', 'β-photogedunin', 'n-Butyl gallate', ""5-[3''-(β-D-glucopyranosyloxy)propyl]-7-methoxy-2-(3',4'-dimethoxyphenyl)benzofuran"", '3,12-Dihydroxycadalene', '7-hydroxy-3- (11-dimethylallyl)-8-methoxycoumarin', 'p-Coumaric acid', '(-)-Epigallocatechin', 'Netzahualcoyonol', '1-[3-(3,7-dimethylocta-2,6-dien-1-yl)-2,4,6- trihydroxyphenyl]-3-(4-hydroxyphenyl)propan-1-one', '6α-malonyloxymanoyl oxide', 'Benzylhydroxymethyl sulphide', '1,6-di-O-caffeoyl-β-D-glucopyranoside', 'n-Pentyl gallate', 'Orcinol', 'Periconicin B', 'Phomopsilactone', ""(2S)-8-Isopentyl-2-methyl-2-(4'-methylpentyl)chroman-6-carboxylic acid"", '2,2-dimethyl-2H-chromene-6-carboxylic acid', '1,2-dihydro- 3β-hydroxy-7-deacetoxy-7-oxogedunin', 'Photogedunin', 'Casearin X; (1R*,3S*,5S*,6aR*,7S*,8S*,10R*,10aR*)-1-(Acetyloxy)-3,5,6,6a,7,8,9,10-octahydro-10-hydroxy-7,8-dimethyl-7-[(2Z)-3-methylpenta-2,4-dien-1-yl]naphtho[1,8a-c]furan-3,5-diyl Dibutanoate', 'α-L-xylopyranosyl-(4""→20)-(3-O-β-D-glucopyranosyl)-1\'-O-E-caffeoyl-β-D-glucopyranoside', ""2-(R)-Methyl-6-(S)-(tetradecyl-13'-one)-3(R)-O-tert-butyldimethylsilyl-piperidine"", 'Quercetin 3-O-α-L-rhamnopyranosyl (1→6)-O-[β -D-glucopyranosyl (1→3)-O-α-L-rhamnopyranosyl-(1→2)]-O-β -D-glucopyranosyl', 'Heveaflavone', 'Arboreumine', '3-Oxoursolic acid', 'Casearupestrin B', 'Piperyline, N-[10-(13,14-methylenedioxyphenyl)-7(E),9(E)-pentadienoyl]-pyrrolidine', 'ω-fenil alcanoic acid', '2-butyl-D-fructofuranoside', ""Gaudichaudianic acid; (2S)-2-methyl-2-(4'methyl-3'-pentenyl)-8-(3''-methyl-2-butenyl)- 2H-1-benzopyran-6-carboxylic acid"", 'limonexic acid', 'Skimmianine', 'p-hydroxybenzoic acid-geranyl ester', 'Dibenzyl disulphide', 'Proanthocyanidin', 'neoisoastilbin', '(R)-7-Hydroxymellein', ""N-[7-(3',4'-methylenedioxyphenyl)-2(Z),4(Z)-heptadienoyl]pyrrolidine"", ""Acteoside; [β-3,4-dihydroxyphenyl)-ethyl]-(3'-O-α-L-rhamnopyranosyl)-(4'-O-cafeoyl)-β-D-glycopyranoside, verbascoside"", 'Pedalitin', '1-O-(E)-feruloyl-β-D-glucopyranoside', '19,20-Epoxycytochalasin C', 'Methyl-8-hydroxy-2,2-dimethylchroman-6-carboxylate', 'Di(benzyltrithio) methane', '3,11,12-Trihydroxycadalene', 'Quercetin 3-O-sophoroside', '(3R,4R)-3,4-Dihydro-4,6-dihydroxy-3-methyl-1-oxo-1H-isochromene-5-carboxylic acid', '24-methylene-3,22-dihydroxycholesterol', 'amorphispironone', 'Casearupestrin D', 'Chaetoglobosin B', ""2-(2'-O-benzoyl)-C-β-D-glucopyranosyl-1,3,6,7-tetrahydroxyxanthone"", 'Isoplumericin', 'N-[10-(13,14-methylenedioxyphenyl)-7(E),9(Z)-pentadienoyl]-pyrrolidine', '6-[8(Z)-pentadecenyl]salicylic acid', '(2S)-2-methyl-8-(3""-methylbut-2""-enyl)-2-(4\'-methylpent-3\'-enyl)-2H-chromene-6-carboxylic acid', '(2S)-Methyl-2-methyl-8-(3""-methylbut-2""-enyl)-2-(4\'-methylpent-3\'-enyl)-2H-chromene-6-carboxylate', 'Casearin T', 'Gedunin', 'Burchellin', '5-[8(Z)-pentadecenyl]resorcinol', 'Luteolin; 2-(3,4-dihydroxyphenyl)-5,7-dihydroxy-4H-chromen-4-one', 'Sinapic acid', '19,20-Epoxycytochalasin Q', '19,20-Epoxycytochalasin R', 'Muraxanthone', '3,4,5-Triacetoxybenzoic acid', 'Odoratone', 'Rel-6β-hydroxyzuelanin-2β-benzoate', 'shidasterone', '5-hydroxymethyl- 2-furancarboxaldehyde; 5-hydroxymethyl-2-furfuraldehyde', 'atalaphyllinine', 'N-[10- (13,14-methylenedioxyphenyl)-7(E)-pentaenoyl]-pyrrolidine', '6α-acetoxymanoyl oxide', 'Rel-(+)-(7S,9R,10S)-3,9,12-trihydroxycalamenene', 'Casearin S', '11β-acetoxyobacunone', '2-Methyl-5-methoxy-benzopyran-4-one', '3,4-dihydroxybenzoic acid geranyl ester', '6α-acetoxy-14β,15β-epoxyazadirone', 'epoxy-fraxinellone', '12′-hydroxy-7′-multijuguinone', 'Kaempferitrin', 'Nitensidine C', 'Dipropyl disulphide', '2-methyl-5-[8(Z),11(Z)-pentadecadienyl]resorcinol', 'Methyl 6,7,8-trimethoxydihydrocinnamate', '2-Hexyl-3-methyl-butanodioic acid', 'fraxinellone', '6-[ 8(Z),11(Z) -pentadecadienyl] salicylic acid', 'Salacin', '6-pentadecylsalicylic acid', 'Methyl-2,2-dimethylchroman-6-carboxylate', ""Myrsinoic acid A, 3-Geranyl-4-hydroxy-5-(3'',3''-dimethylallyl)benzoic acid"", 'Pedalin, pedalitin 6-O-β -glucopyranoside', 'Caseargrewiin F; (1R*,3S*,5S*,6aR*,7S*,8R*,10R*,10aR*)-1,3-Bis(acetyloxy)-3,5,6,6a,7,8,9,10-octahydro-10-hydroxy-7,8-dimethyl-7-[(2Z)-3-methylpenta-2,4-dien-1-yl]naphtho[1,8a-c]furan-5-yl Butanoate', 'Casearin L; (1R*,3S*,5S*,6aR*,7R*,8R*,9S*,10S*,10aR*)-1,10-Bis(acetyloxy)-3,5,6,6a,7,8,9,10-octahydro-9-hydroxy-5-methoxy-7,8-dimethyl-7-[(2Z)-3-methylpenta-2,4-dien-1-yl]naphtho[1,8a-c]-furan-3-yl Butanoate', 'Platydesmine', 'Leiokinine A', 'Cabraleadiol', 'schaftoside', ""(2S)-Methyl-8-isopentyl-2-methyl-2-(4'-methylpentyl)chroman-6-carboxylate"", 'Casearupestrin A', '2-oxo-piperol B; (7S*, 8R*, 1R*, 3R*)-3,4,5-trimethoxy-3,7-cyclo-8,1-neolig-8-ene-2,4(3H)-dione', 'taxifolin', ""(2'S)-2-(propan-2'-ol)-5-hydroxy-benzopyran-4-one"", '6-[8(Z),11(Z),14-pentadecatrienyl]salicylic acid', 'Sorbifolin', ""Nitensoside A; Sorbifolin 6-O-α-rhamnopyranosyl(1'''→6'')-β-glucopyranoside"", 'Casearin O; (1R*,3S*,5S*,6aR*,7R*,8R*,9S*,10S*,10aR*)-1,10-Bis(acetyloxy)-5-methoxy-7,8-dimethyl-7-[(2Z)-3-methylpenta-2,4-dien-1-yl]-3,5,6,6a,7,8,9,10-octahydronaphtho[1,8a-c]furan-3,9-diyl Dibutanoate', 'germacrene D', '1-(5,7-dihydroxy-2,2-dimethylchroman- 6-yl)-3-[4-hydroxy-3-(3-methylbut-2-en-1-yl)- phenyl]propan-1-one', '(3R,4R)-4,7-Dihydroxymellein', ""Nitensoside B; Pedalitin 6-O-α-rhamnopyranosyl(1'''→6'')-β-glucopyranoside"", 'Methyl gallate', '3-O-β-D-quinovopyranosyl cincholic acid', 'Afzelin, 3-O-α-rhamnosyl kaempferol', 'Egonol', '4-Nerolidilcatechol', ""2-(2'-O-transcoumaroyl)-C-β-D-glucopyranosyl-1,3,6,7-tetrahydroxyxanthone"", 'Syringic acid', '(+)-3-O-feruloylcassine', '(3-(2-(4-hydroxyphenyl)-2-oxoethyl)-5,6-dihydropyridin- 2(1H)-one)', 'Mangiferin', 'Viburgenin', ""Pterogynoside; Kaempferol-3-O-(3''-O-4'''-methylgallate-α-L-rhamnoside)"", 'Isobutyl gallate', '7′-multijuguinone', '20α-Hydroxymaytenin; 20-hydroxy-20-epi-tingenone', '(-)-Epigallocatechin-3-O-gallate', 'Casearin D; (1R*,3S*,5S*,6aR*,7R*,8R*,9S*,10S*,10aR*)-1-(Acetyloxy)-3,5,6,6a,7,8,9,10-octahydro-5,10-dihydroxy-7,8-dimethyl-7-[(2Z)-3-methylpenta-2,4-dien-1-yl]naphtho[1,8a-c]furan-3,9-diyl Dibutanoate', 'Rel. (+)-(7S,10S) 3,12-dihydroxycalamenene', 'carlinoside', 'Methyl-8-(ethanoyloxy)-2,2-dimethyl-2H-chromene-6-carboxylate', 'Amentoflavone', '1-(5,7-dihydroxy-2,2-dimethylchroman-6-yl)-3-(1,1,4a-trimethyl-2,3,4,4a,9a-hexahydro-1H-xanthen-7-yl)propan-1-one', 'Methyl (E)-6,7,8-trimethoxycinnamate', '3,4,5-Trimethoxyphenyl-1-O-β-D-(5-O-syringoyl)-apiofuranosyl-(1→6)-β-D-glucopyranoside', 'Tetrahydropiperyline, N-[10-(13,14-methylenedioxyphenyl)-pentanoyl]-pyrrolidine', 'Piperovatine', '2,4,6-trimethoxybenzoic acid', '1-O-(E)-caffeoyl-β-D-glucopyranoside', 'Gallic acid; 3,4,5-trihydroxybenzoic acid', 'Quercitrin, 3-O-α-rhamnosylquercetin', '2β-Hydroxyzuelanin-6β-cinnamate', 'arjunolic acid', 'stachysterone', 'Ethyl 2,4-dihydroxy-5,6-dimethylbenzoate', 'Amentoflavone 7”,4”’-dimethyl ether', 'Picramnioside F', 'Lauryl gallate', 'Syringaldehyde', '22-hydroxytirucalla-7,24-diene-2,3-dione', 'Trans-3’-methylsulphonylallyl trans-cinnamate', '24-methylenecycloartan-3b-ol', 'Ixoside', 'Cognatine', 'Fagaramide', 'Chalepin', 'Chlorogenic acid', '(4R)-4,8-dihydroxy-α-tetralone']]",doi_name
"['10.1016/j.phytochem.2005.06.019', '1-O-(E)-caffeoyl-β-D-glucopyranoside']","['10.1016/j.phytochem.2005.06.019', ['Galioside aglicone', 'Teucrein', '11-O-trans-feruloylteucrein', 'Apodanthoside', 'Galioside', 'guaiol', 'Hinesol', 'γ-eudesmol', 'α-eudesmol', ""3',4'-methylenedioxy-5,7-dimethoxyflavone"", ""3',4'-methylenedioxy-5,6,7- trimethoxyflavone"", ""3',4'-methylenedioxy-5,5',6,7-tetramethoxyflavone"", ""2'-hydroxy-3,4,4'-trimethoxy-5',6'-(2'',2''-dimethylpyrano)-chalcone"", 'Mycoleptone A', '9-hydroxyeugenin', '6-methoxyeugenin', 'Eugenitin', 'Austdiol', 'Mycoleptone B', 'Mycoleptone A tetraacetate', 'Austdiol diacetate', ""Rel-(7R,8S,7'S,8'S)-4,5,4',5'-dimethylenedioxy-3,3'-dimethoxy-7,7'-epoxylignan"", ""Rel-(7R,8S,7'S,8'S)-9-hydroxy-4',5'-methylenedioxy-3,4,5,3'-tetramethoxy-7,7'-epoxylignan"", ""Rel-(7R,8S,7'S,8'S)-4'-hydroxy-3,4,5,3',5'-pentamethoxy-7,7'-epoxylignan"", ""Rel-(7R,8S,7'S,8'S)-4-hydroxy-4',5'-methylenedioxy-3,5,3'-trimethoxy-7,7'-epoxylignan"", ""Rel-(7R,8S,7'S,8'S)-4',5'-methylenedioxy-3,4,5,3'-tetramethoxy-7,7'-epoxylignan"", '7-Methoxydiderroside', ""6'-Acetyl-β-D-glucopyranosyldiderroside"", 'Diderroside', 'Secoxyloganin', ""4-Methoxy-3-(3',7'-dimethylocta-2'-E-6'-dienyl)benzoic acid"", ""3-(3',7 '-dimethyl-2',6 '-octadienyl)-4-methoxy-benzoic acid"", 'Methyl-8-hydroxy-2,2-dimethyl-2H-chromene-6-carboxylate', 'Ferulic acid', 'β-Gardiol', 'α-Gardiol', 'Citrusinine-II', '5-hydroxynoracronycine; Atalaphyllidine', 'Glycocitrine-I', '3,4-dihydro-3,5,8-trihydroxy-6-methoxy-2,2,7-trimethyl-2Hpyrano[ 2,3-a]acridin-12(7H)-one', '1,3,5-trihydroxy- 2,8-bis(3-methylbut-2-enyl)-10-methyl-9-acridone', '1,3,5-trihydroxy-4-methoxy-10-methyl- 2,8-bis(3-methylbut-2-enyl)acridin-9(10H)-one', 'Pyranofoline', 'Citrusinine-I', 'Glycocitrine-IV', '2,3-dihydro-4,9-dihydroxy-2-(2-hydroxy-propan-2-yl)- 11-methoxy-10-methylfuro[3,2-b]acridin-5(10H)-one', 'bis-5-hydroxyacronycine', 'Citibrasine', 'Pellitorine', '(3Z,5Z)-N-isobutyl-8-(30,40-methylenedioxy-phenyl)-heptadienamide', '10,11-dihydropiperine; Δα,β-dihydropiperine', '8,9-dihydropiplartine; N-(12,13,14-trimethoxydihydrocinnamoyl)-Δ3-pyridin-2-one', '4,5-dihydropiperyline', '(Z)-piplartine; 8(Z)-N-(12,13, 14-trimethoxycinnamoyl)- 3-pyridin-2-one', '4,5-dihydropiperlonguminine; Piperlonguminine', 'Piperine', '(E)-piplartine', ""N-[3-(6'-methoxy-3',4'-methy-lenedioxyphenyl)-2(Z)-propenoyl]pyrrolidine"", '5,7-dimethoxy-2,2-dimethyl-2H-1-benzopyran-6-propanoate', '21α,25-dimethylmelianodiol', '21β,25-dimethylmelianodiol', '3,21-Di-epi-feroniellide B', 'Nectandrin B', '7-Methyl-sargachromenol; 2,7,8-Trimethyl-2-[(3-E,7-Z)-4,12-dimethyl-8-carboxyl-3,7,11-tridecatrienyl]-3-chromen-6-ol, β-caroteno', 'Epi-guaiacin', 'Verrucosin', 'Chlorogenic acid methyl ester, Methyl (1S,3R,4R,5R)-3-{[(2E)-3-(3,4-dihydroxyphenyl)-2-propenoyl]oxy}-1,4,5-trihydroxycyclohexanecarboxylate', 'Xanthyletin', '2α,3α,19α- trihydroxyurs-12-en-28-oic acid', 'penduletin 4-O-methyl ether', '3,3-O-dimethylquercetin', '2α,3α-dihydroxyolean-12- en-28-oic acid', 'p-hydroxybenzoic acid', '3-O-methylquercetin', 'Chrysoeriol', 'acacetin', '3,7,4-O-trimethylkaempferol', 'cyclo (L)-Pro-Gly', '17-(3,4-Methylenedioxyphenyl)-heptadecanoic acid', 'Sargaquinoic acid', '(+)-Guaiacin', '19´-(3,4-Methylenedioxyphenyl)-nonadecanoic acid', ""7,4'-Dihydroxyflavone"", 'Sargachromenol', '21´-(3,4-Methylenedioxyphenyl)-henicosanoic acid', ""7,4'-Dimethoxyflavone"", 'Farnisine', 'Tithonine', 'Fasciculiferin', ""Juruenolic acid; 2-(4'-Methylpentenyl-3)-10-oxoundecan-2,6-dienoic acid"", ""2-(3',4'-methylenedioxyphenylethyl)-Quinoline"", '2-n-Pentylquinoline', ""2-(1'-pentenyl)-Quinoline"", '2-n-Propylquinoline', 'Aphidicolin', '5,7-dimethoxy-2,2-dimethyl-2H-1-benzopyran-6-propanoic acid', '(-)-3-O-acetyl-spectaline', 'Isopimpinellin', 'Anhydrofusarubin', 'Beauvericin', 'Catechin, Ent-catechin', 'Kaempferol-3-O-α-L-rhamnopyranosyl-(1→6)-β-D-galactopyranoside', 'Kaempferol-3-O-rutinoside', '6-Hydroxy-rutin', 'Kaempferol-3-O-D-glucopyranoside', 'Kaempferol-3-O-D-galactopyranoside', 'Procyanidin B-3', 'Kaempferol-3-O-α-L-rhamnopyranosyl-(1-6)-α-L-rhamnopyranosyl-(1-4)-β-D-glucopyranoside', 'Quercetin-3-O-α-L-rhamnopyranosyl-(1→6)-β-D-galactopyranoside', ""3,4-dimethyl-2-(4'-hydroxy-3',5'-dimethoxyphenyl)-5-methoxy-tetrahydrofuran"", 'Methyl (3R,4R,5R)-3-{[(2E)-3-(3,4-dihydroxyphenyl)-2-propenoyl]oxy}-1,4,5-trihydroxycyclohexanecarboxylate', 'Methyl (3R,4R,5R)-3-{[(2Z)-3-(3,4-dihydroxyphenyl)-2-propenoyl]oxy}-1,4,5-trihydroxycyclohexanecarboxylate', ""Methyl taboganate; Methyl 4-hydroxy-3-(3'-methyl-1'-oxo-2'-butenyl)benzoate"", ""4-Hydroxy-3-(3',7'-dimethylocta-2'-E-6'-dienyl)benzoic acid"", 'Piperaduncine B', ""Hostmaniene; 4-Hydroxy-3-(2',3'-dihydroxy-3'-methylbutyl)benzoate"", 'Methyl 2,2-dimethyl-1-oxo-2H-1-benzopyran-6-carboxylate', ""Methyl 4-hydroxy-3-(3'-methyl-2'-butenyl)benzoate"", '3,4,5-Trimethoxydihydrocinnamic acid', ""2',6'-Dihydroxy-4'-methoxydihydrochalcone"", ""Methyl 4-hydroxy-3-(3'-methyl-2'-hydroxy-3'-butenyl)benzoate"", ""4-Hydroxy-(3',7'-dimethyl-1'-oxo-octa-2'-Z-6'-dienyl)benzoic acid"", ""Aduncumene; Methyl 2-methoxy-5-(3'-methyl-1'-oxo-2'-butenyl)benzoate"", '(+)-Erythravine', '(+)-α-Hydroxyerysotrine', '(+)-11α-Hydroxyerythravine', 'Taraxerol acetate', ""4-Hydroxy-3-(3',7'-dimethyl-3'-hydroxy-1'-oxo-6'-octenyl)benzoic acid"", ""1,4-Dihydroxy-2-(3',7'-dimethyl-1'-oxo-2'-E-6'-octadienyl)benzene"", ""4-Hydroxy-(3',7'-dimethyl-1'-oxo-octa-2'-E-6'-dienyl)benzoic acid"", ""Sakuranetin; 5,4'-dihydroxy-7-methoxyflavanone"", ""Isosakuranetin; 5,7-dihydroxy-4'-methoxyflavanone"", '3,11-dioxoolean-12-en-28- onic acid', 'Iso-odoratol', 'Pentaol', 'cryptomeridiol', 'Piscidinol A', 'Oleanonic acid', 'Nilocetin', 'Hispidol A', 'Tagitinin C', '1-methoxy-3-hydroxy-3,10b-4,5a-diepoxy-8b-isobutyroyloxygermacr-11(13)-en-6a,12-olide', ""3',4',5',3,5,7,8-heptamethoxyflavone"", ""3,5,6,7,3',4',5'-heptamethoxyflavonol"", 'β-caryophyllene, trans-caryophyllene', 'Nitensidine D', 'Nitensidine E', 'Stearic acid 4-pentoyloxyphenethyl ester', '2-Episesalatin', ""Isoswertisin-2''α1-L-rhamnoside"", 'Sesartemin', ""Isoswertisin-4'-methyl-ether-2''α-L-rhamnoside"", 'Clusifoliol', 'astilbin; Rel-(2R, 3R)-dihydroquercetin-3-O-±-L-rhamnoside', 'Pimara-7,15-dien-3β-ol', '(22E,24R)-ergosta-4,6,8(14),22-tetraen-3-one', 'Ergosterol peroxide', 'Dimethyl terephthalate', '8-hydroxy-6-methoxy-3-methylisocoumarin', 'Deoxycordifoline', '3,4-dehydrostrictosidine acid', 'Strictosidine acid', '5α-carboxystrictosidine', 'Harman-3-carboxylic acid', 'Cordifoline', '3,4-dehydro-strictosidine', 'Turbinatine', 'Methacrylic acid', '4-metoxi-6-[2-(metilamino)fenil]- 2H-piran-2-ona', 'Cusculine; 1,2,3,5,6-pentamethoxy-9-acridone', 'Cuspanine; 1-hydroxy-2,3,5,6-tetramethoxy-9-acridone', '2α,3α-Dihydroxy-urs-12-en-28-oic acid', 'Oleanolic acid 3-sophoroside', '3-O-β-D-(6’-methyl)-glucopyranosyl-28-O-β-D-glucopyranosyl-oleanate', 'β-Sitosterol benzoate', '5-hydroxyflavone', '2-phenyl-4H-chromen-4-one', 'Haplotusine', 'Sinapyl 4-O-β-D-glucopyranoside aldehyde', 'N-acetylnonaine', 'Sinapyl 4-O-β-D-glucopyranoside alcohol', 'Liriodenine', '[10]-gingerol', ""2,4-Dihydroxy-6-[(1'E,3'E)-penta-1', 3'-dienyl]-benzaldehyde"", 'Nitensidine A', '2-methyl-5-[8(Z)-pentadecenyl]resorcinol', '2-hydroxyphenylacetic acid', '3-O-β-D-quinovopyranosyl quinovic acid', 'Kaempferol', '(4R)-4,8-dihydroxy-α-tetralone', 'Chlorogenic acid', 'Chalepin', ""8-hydroxy-3,5,7,3',4',5'-hexamethoxyflavonol"", ""2-(2'-O-trans-caffeoyl)-C-β-D-glucopyranosyl-1,3,6,7-tetrahydroxyxanthone"", 'Netzahualcoyene', 'Casearin X Dialdehyde; (2R*,4aS*,5S*,7R*,8R*,8aS*)-4,4a-Diformyl-1,2,4a,5,6,7,8,8a-octahydro-5-hydroxy-7,8-dimethyl-8-[(2Z)-3-methylpenta-2,4-dien-1-yl]naphthalen-2-yl Butanoate', 'polypodine B', 'n-Propyl gallate', '19,20-Epoxycytochalasin N', 'ellagic acid 4-O-α-L-rhamnopyranoside; eschweilenol C', 'Mayoside C', 'Ourateacatechin', ""3',4',5',5,7-pentamethoxyflavone"", '2-methyl-5-pentadecylresorcinol', '3β-hydroxy-stigmast-5-en-7-one; 24-β-7-oxositosterol', 'scillascillin', 'Kokusaginine', ""Pterogynoside; Kaempferol-3-O-(3''-O-4'''-methylgallate-α-L-rhamnoside)"", 'Isobutyl gallate', '7′-multijuguinone', 'Griseofulvin', ""7-Hydroxy-4',6-dimethoxyisoflavone; Afrormosin; Afromosin"", '8-methoxymellein', '(±)-Syringaresinol', 'Dibenzyl sulphide', 'Quercetin', ""2-(2'-O-trans-cinnamoyl)-C-β-D-glucopyranosyl-1,3,6,7-tetrahydroxyxanthone"", 'Ocotillone', 'des-N-methylnoracronycine', 'Sorbifolin 6-O-β-glucopyranoside', 'Rel-2α-hydroxyzuelanin-6β-benzoate', '2,6-di-O-acetylcasearupestrin D', ""Methyl-2,2-dimethyl-8-(3'-methylbut-2'-enyl)chroman-6-carboxylate"", '2,7-Di-O-acetylcasearupestrin A', 'Nitensidine B', '1-methyl-2-n-nonyl-4-quinolone', '5-[8(Z),11(Z),14-pentadecatrienyl]resorcinol', 'Odoratol', 'Leptomerine', '5-hydroxy-N-methylseverifoline', 'Netzahualcoyondiol', 'Pristimerin; 20α-3-hydroxy-2-oxo-24-nor-friedela-1-10,3,5,7-tetraen-carboxylic acid-29-methylester', 'Maculosidine', 'Podocarpusflavone A', 'Casearupestrin C', '6α-malonyloxy-n-butyl ester manoyl oxide', 'citrusinine-I', 'Ricinine', 'Leptophyllin A', '5-pentadecylresorcinol', 'urauchimycin B', 'Homoegonol', '[8]-gingerol', '4-Hydroxymellein', '5-hydroxymellein', 'fraxinellonone', 'Netzahualcoyonol', '1-[3-(3,7-dimethylocta-2,6-dien-1-yl)-2,4,6- trihydroxyphenyl]-3-(4-hydroxyphenyl)propan-1-one', '6α-malonyloxymanoyl oxide', '(-) Cis-4-hydroxy-6-deoxyscytalone', 'Plumericin', '5-[8(Z),11(Z)-pentadecadienyl]resorcinol', '(-)-Spectalinine', '19,20-Epoxycytochalasin D', 'fumiquinozoline F', 'Kaempferol 3-O-α-L-rhamnopyranosyl (1→6)-O-[β -D-glucopyranosyl (1→3)-O-α-L-rhamnopyranosyl-(1→2)]-O-β -D-glucopyranosyl', '3β-O-[α-L-rhamnopyranosyl-(1→2)-O-β-D-glucopyranosyl-(1→2)-O-β-D-glucopyranosyl]-28-O-β-D-glucopyranoside pomolate', 'Dibenzyl tetrasulphide', ""2',5-dihydroxy-3-methoxy-8-dimethylallyl-6, 7-(2' ',2''-dimethylpyrano)-dihydroflavonol"", '2-n-nonyl-4-quinolone', 'Cytochalasin D', 'Isoorientin', 'toonacilin', 'Pedalitin', '1-O-(E)-feruloyl-β-D-glucopyranoside', '19,20-Epoxycytochalasin C', '3,4,5-trimethoxyphenyl 1-O-β-D-apiofuranosyl-(1→6)-O-β-D-glucopyranoside', 'β-photogedunin', 'n-Butyl gallate', ""5-[3''-(β-D-glucopyranosyloxy)propyl]-7-methoxy-2-(3',4'-dimethoxyphenyl)benzofuran"", '3,12-Dihydroxycadalene', '7-hydroxy-3- (11-dimethylallyl)-8-methoxycoumarin', ""N-[7-(3',4'-methylenedioxyphenyl)-2(Z),4(Z)-heptadienoyl]pyrrolidine"", ""Acteoside; [β-3,4-dihydroxyphenyl)-ethyl]-(3'-O-α-L-rhamnopyranosyl)-(4'-O-cafeoyl)-β-D-glycopyranoside, verbascoside"", 'Uracil', 'urauchimycin A', 'p-Coumaric acid', '(-)-Epigallocatechin', 'Skimmianine', 'p-hydroxybenzoic acid-geranyl ester', 'Dibenzyl disulphide', 'Proanthocyanidin', 'neoisoastilbin', 'Benzylhydroxymethyl sulphide', '1,6-di-O-caffeoyl-β-D-glucopyranoside', '2-methyl-5-[8(Z),11(Z),14-pentadecatrienyl]resorcinol', '20-hydroxyecdysone; polypodine A', '3-Acetyl aleuritolic acid', 'Alkenoic acid', 'Quercetin 3-O-α-L-rhamnopyranosyl (1→6)-O-[β -D-glucopyranosyl (1→3)-O-α-L-rhamnopyranosyl-(1→2)]-O-β -D-glucopyranosyl', 'Heveaflavone', 'Arboreumine', '3-Oxoursolic acid', 'Casearupestrin B', 'Caseobliquin A', 'Methyl angolensate', ""5-(3'' -Hydroxypropyl)-7-methoxy-2-(3',4' -methyl-enedioxyphenyl)benzofuran"", '22β-hydroxypristimerin', '1- (5,7-dihydroxy-2,2-dimethylchroman-6-yl)-3-(2,2-dimethylchroman- 6-yl)propan-1-one', 'Canavaline', 'Di-hydrodehydrodiconiferyl alcohol', 'n-Pentyl gallate', 'Orcinol', 'Periconicin B', 'Phomopsilactone', ""(2S)-8-Isopentyl-2-methyl-2-(4'-methylpentyl)chroman-6-carboxylic acid"", '2,2-dimethyl-2H-chromene-6-carboxylic acid', '1,2-dihydro- 3β-hydroxy-7-deacetoxy-7-oxogedunin', 'Photogedunin', 'Casearin X; (1R*,3S*,5S*,6aR*,7S*,8S*,10R*,10aR*)-1-(Acetyloxy)-3,5,6,6a,7,8,9,10-octahydro-10-hydroxy-7,8-dimethyl-7-[(2Z)-3-methylpenta-2,4-dien-1-yl]naphtho[1,8a-c]furan-3,5-diyl Dibutanoate', 'α-L-xylopyranosyl-(4""→20)-(3-O-β-D-glucopyranosyl)-1\'-O-E-caffeoyl-β-D-glucopyranoside', ""2-(R)-Methyl-6-(S)-(tetradecyl-13'-one)-3(R)-O-tert-butyldimethylsilyl-piperidine"", '(2S)-Methyl-2-methyl-8-(3""-methylbut-2""-enyl)-2-(4\'-methylpent-3\'-enyl)-2H-chromene-6-carboxylate', 'Casearin T', 'Piperyline, N-[10-(13,14-methylenedioxyphenyl)-7(E),9(E)-pentadienoyl]-pyrrolidine', 'ω-fenil alcanoic acid', '2-butyl-D-fructofuranoside', ""Gaudichaudianic acid; (2S)-2-methyl-2-(4'methyl-3'-pentenyl)-8-(3''-methyl-2-butenyl)- 2H-1-benzopyran-6-carboxylic acid"", 'limonexic acid', 'Di(benzyltrithio) methane', '2-Methyl-4-hydroxy-butyl caffeoate', 'N-1,N-2,N-3-Triisopentenylguanidine', 'Dibenzyl trisulphide', 'Maytenin, Tingenone', 'Gallic acid; 3,4,5-trihydroxybenzoic acid', 'Quercitrin, 3-O-α-rhamnosylquercetin', 'Quercetin 3-O-sophoroside', '(3R,4R)-3,4-Dihydro-4,6-dihydroxy-3-methyl-1-oxo-1H-isochromene-5-carboxylic acid', '24-methylene-3,22-dihydroxycholesterol', 'amorphispironone', 'Casearupestrin D', 'Chaetoglobosin B', ""2-(2'-O-benzoyl)-C-β-D-glucopyranosyl-1,3,6,7-tetrahydroxyxanthone"", 'Isoplumericin', '6α-acetoxy-14β,15β-epoxyazadirone', 'epoxy-fraxinellone', '12′-hydroxy-7′-multijuguinone', 'Kaempferitrin', 'Nitensidine C', '(R)-7-Hydroxymellein', '6α-acetoxymanoyl oxide', 'Methyl-8-hydroxy-2,2-dimethylchroman-6-carboxylate', 'Dipropyl disulphide', '2-methyl-5-[8(Z),11(Z)-pentadecadienyl]resorcinol', 'Methyl 6,7,8-trimethoxydihydrocinnamate', '2-Hexyl-3-methyl-butanodioic acid', 'fraxinellone', '6-[ 8(Z),11(Z) -pentadecadienyl] salicylic acid', 'N-[10-(13,14-methylenedioxyphenyl)-7(E),9(Z)-pentadienoyl]-pyrrolidine', '6-[8(Z)-pentadecenyl]salicylic acid', '(2S)-2-methyl-8-(3""-methylbut-2""-enyl)-2-(4\'-methylpent-3\'-enyl)-2H-chromene-6-carboxylic acid', 'Burchellin', '5-[8(Z)-pentadecenyl]resorcinol', 'Luteolin; 2-(3,4-dihydroxyphenyl)-5,7-dihydroxy-4H-chromen-4-one', 'Sinapic acid', '19,20-Epoxycytochalasin Q', '19,20-Epoxycytochalasin R', '3,11,12-Trihydroxycadalene', 'Leiokinine A', 'Cabraleadiol', 'schaftoside', 'Muraxanthone', '3,4,5-Triacetoxybenzoic acid', 'Odoratone', 'Rel-6β-hydroxyzuelanin-2β-benzoate', 'shidasterone', '5-hydroxymethyl- 2-furancarboxaldehyde; 5-hydroxymethyl-2-furfuraldehyde', 'atalaphyllinine', 'N-[10- (13,14-methylenedioxyphenyl)-7(E)-pentaenoyl]-pyrrolidine', '2-Methyl-5-methoxy-benzopyran-4-one', '3,4-dihydroxybenzoic acid geranyl ester', 'Casearupestrin A', '2-oxo-piperol B; (7S*, 8R*, 1R*, 3R*)-3,4,5-trimethoxy-3,7-cyclo-8,1-neolig-8-ene-2,4(3H)-dione', 'taxifolin', '1-(5,7-dihydroxy-2,2-dimethylchroman-6-yl)-3-(1,1,4a-trimethyl-2,3,4,4a,9a-hexahydro-1H-xanthen-7-yl)propan-1-one', 'Methyl (E)-6,7,8-trimethoxycinnamate', '3,4,5-Trimethoxyphenyl-1-O-β-D-(5-O-syringoyl)-apiofuranosyl-(1→6)-β-D-glucopyranoside', '6-[8(Z),11(Z),14-pentadecatrienyl]salicylic acid', ""(2'S)-2-(propan-2'-ol)-5-hydroxy-benzopyran-4-one"", 'Rel-(+)-(7S,9R,10S)-3,9,12-trihydroxycalamenene', 'Casearin S', '11β-acetoxyobacunone', '1-(5,7-dihydroxy-2,2-dimethylchroman- 6-yl)-3-[4-hydroxy-3-(3-methylbut-2-en-1-yl)- phenyl]propan-1-one', '(3R,4R)-4,7-Dihydroxymellein', ""Nitensoside B; Pedalitin 6-O-α-rhamnopyranosyl(1'''→6'')-β-glucopyranoside"", 'Gedunin', 'Pedalin, pedalitin 6-O-β -glucopyranoside', 'Caseargrewiin F; (1R*,3S*,5S*,6aR*,7S*,8R*,10R*,10aR*)-1,3-Bis(acetyloxy)-3,5,6,6a,7,8,9,10-octahydro-10-hydroxy-7,8-dimethyl-7-[(2Z)-3-methylpenta-2,4-dien-1-yl]naphtho[1,8a-c]furan-5-yl Butanoate', 'Casearin L; (1R*,3S*,5S*,6aR*,7R*,8R*,9S*,10S*,10aR*)-1,10-Bis(acetyloxy)-3,5,6,6a,7,8,9,10-octahydro-9-hydroxy-5-methoxy-7,8-dimethyl-7-[(2Z)-3-methylpenta-2,4-dien-1-yl]naphtho[1,8a-c]-furan-3-yl Butanoate', 'Platydesmine', 'Methyl-2,2-dimethylchroman-6-carboxylate', ""Myrsinoic acid A, 3-Geranyl-4-hydroxy-5-(3'',3''-dimethylallyl)benzoic acid"", '20α-Hydroxymaytenin; 20-hydroxy-20-epi-tingenone', '(-)-Epigallocatechin-3-O-gallate', 'Casearin D; (1R*,3S*,5S*,6aR*,7R*,8R*,9S*,10S*,10aR*)-1-(Acetyloxy)-3,5,6,6a,7,8,9,10-octahydro-5,10-dihydroxy-7,8-dimethyl-7-[(2Z)-3-methylpenta-2,4-dien-1-yl]naphtho[1,8a-c]furan-3,9-diyl Dibutanoate', 'Rel. (+)-(7S,10S) 3,12-dihydroxycalamenene', ""(2S)-Methyl-8-isopentyl-2-methyl-2-(4'-methylpentyl)chroman-6-carboxylate"", 'Methyl gallate', '3-O-β-D-quinovopyranosyl cincholic acid', 'Afzelin, 3-O-α-rhamnosyl kaempferol', 'Egonol', '4-Nerolidilcatechol', ""2-(2'-O-transcoumaroyl)-C-β-D-glucopyranosyl-1,3,6,7-tetrahydroxyxanthone"", 'Syringic acid', '(+)-3-O-feruloylcassine', 'Amentoflavone', 'Ethyl 2,4-dihydroxy-5,6-dimethylbenzoate', 'Amentoflavone 7”,4”’-dimethyl ether', 'Picramnioside F', 'Lauryl gallate', 'Syringaldehyde', '22-hydroxytirucalla-7,24-diene-2,3-dione', 'Trans-3’-methylsulphonylallyl trans-cinnamate', '(3-(2-(4-hydroxyphenyl)-2-oxoethyl)-5,6-dihydropyridin- 2(1H)-one)', 'Mangiferin', 'Viburgenin', 'Sorbifolin', ""Nitensoside A; Sorbifolin 6-O-α-rhamnopyranosyl(1'''→6'')-β-glucopyranoside"", 'Casearin O; (1R*,3S*,5S*,6aR*,7R*,8R*,9S*,10S*,10aR*)-1,10-Bis(acetyloxy)-5-methoxy-7,8-dimethyl-7-[(2Z)-3-methylpenta-2,4-dien-1-yl]-3,5,6,6a,7,8,9,10-octahydronaphtho[1,8a-c]furan-3,9-diyl Dibutanoate', 'germacrene D', 'Salacin', '6-pentadecylsalicylic acid', ""3',4',5',5,7,8-hexamethoxyflavone"", 'Isopropyl gallate', '6β-hydroxy-7-epigardoside methyl ester', 'Tetrahydropiperyline, N-[10-(13,14-methylenedioxyphenyl)-pentanoyl]-pyrrolidine', 'Piperovatine', '2,4,6-trimethoxybenzoic acid', '1-O-(E)-caffeoyl-β-D-glucopyranoside', 'Piperol B', '(-)-Hardwickiic acid', ""5-[3''-(β-D-glucopyranosyloxy)propyl]-7-methoxy-2-(3',4'-methylenedioxyphenyl)benzofuran"", '28-O-β-D-glucopyranosyl quinovic acid', 'carlinoside', 'Methyl-8-(ethanoyloxy)-2,2-dimethyl-2H-chromene-6-carboxylate', '2β-Hydroxyzuelanin-6β-cinnamate', 'arjunolic acid', 'stachysterone', 'Cyclo-(L-Pro-L-Val)', 'Acetonide of odoratol', '(−)-Grandisin', '24-methylenecycloartan-3b-ol', 'Ixoside', 'Cognatine', 'Fagaramide']]",doi_name
"['10.1002/ptr.1249', '(-)-Epigallocatechin']","['10.1002/ptr.1249', ['guaiol', 'γ-eudesmol', 'Hinesol', 'α-eudesmol', 'Galioside aglicone', '11-O-trans-feruloylteucrein', 'Teucrein', 'Apodanthoside', 'Galioside', 'Verrucosin', 'Epi-guaiacin', '7-Methyl-sargachromenol; 2,7,8-Trimethyl-2-[(3-E,7-Z)-4,12-dimethyl-8-carboxyl-3,7,11-tridecatrienyl]-3-chromen-6-ol, β-caroteno', 'Nectandrin B', 'Chlorogenic acid methyl ester, Methyl (1S,3R,4R,5R)-3-{[(2E)-3-(3,4-dihydroxyphenyl)-2-propenoyl]oxy}-1,4,5-trihydroxycyclohexanecarboxylate', 'Xanthyletin', '5,7-dimethoxy-2,2-dimethyl-2H-1-benzopyran-6-propanoate', 'bis-5-hydroxyacronycine', 'Citibrasine', '2,3-dihydro-4,9-dihydroxy-2-(2-hydroxy-propan-2-yl)- 11-methoxy-10-methylfuro[3,2-b]acridin-5(10H)-one', ""2'-hydroxy-3,4,4'-trimethoxy-5',6'-(2'',2''-dimethylpyrano)-chalcone"", ""3',4'-methylenedioxy-5,5',6,7-tetramethoxyflavone"", ""3',4'-methylenedioxy-5,6,7- trimethoxyflavone"", ""3',4'-methylenedioxy-5,7-dimethoxyflavone"", '2-n-Pentylquinoline', ""2-(3',4'-methylenedioxyphenylethyl)-Quinoline"", '2-n-Propylquinoline', ""2-(1'-pentenyl)-Quinoline"", 'Mycoleptone A', '9-hydroxyeugenin', 'Mycoleptone A tetraacetate', 'Austdiol diacetate', 'Mycoleptone B', 'Austdiol', 'Eugenitin', '6-methoxyeugenin', 'Secoxyloganin', '7-Methoxydiderroside', 'Diderroside', ""6'-Acetyl-β-D-glucopyranosyldiderroside"", 'Taraxerol acetate', '3,21-Di-epi-feroniellide B', '21α,25-dimethylmelianodiol', '21β,25-dimethylmelianodiol', 'Stearic acid 4-pentoyloxyphenethyl ester', 'astilbin; Rel-(2R, 3R)-dihydroquercetin-3-O-±-L-rhamnoside', ""Methyl 4-hydroxy-3-(3'-methyl-2'-hydroxy-3'-butenyl)benzoate"", ""Aduncumene; Methyl 2-methoxy-5-(3'-methyl-1'-oxo-2'-butenyl)benzoate"", ""4-Hydroxy-(3',7'-dimethyl-1'-oxo-octa-2'-Z-6'-dienyl)benzoic acid"", ""2',6'-Dihydroxy-4'-methoxydihydrochalcone"", ""Hostmaniene; 4-Hydroxy-3-(2',3'-dihydroxy-3'-methylbutyl)benzoate"", ""4-Hydroxy-3-(3',7'-dimethylocta-2'-E-6'-dienyl)benzoic acid"", ""Methyl taboganate; Methyl 4-hydroxy-3-(3'-methyl-1'-oxo-2'-butenyl)benzoate"", 'Methyl 2,2-dimethyl-1-oxo-2H-1-benzopyran-6-carboxylate', '3,4,5-Trimethoxydihydrocinnamic acid', 'Piperaduncine B', ""Methyl 4-hydroxy-3-(3'-methyl-2'-butenyl)benzoate"", '(+)-α-Hydroxyerysotrine', '(+)-11α-Hydroxyerythravine', '(+)-Erythravine', '2-Episesalatin', ""Isoswertisin-4'-methyl-ether-2''α-L-rhamnoside"", 'Clusifoliol', ""Isoswertisin-2''α1-L-rhamnoside"", 'Sesartemin', '(-)-3-O-acetyl-spectaline', 'cyclo (L)-Pro-Gly', 'Methacrylic acid', ""3,4-dimethyl-2-(4'-hydroxy-3',5'-dimethoxyphenyl)-5-methoxy-tetrahydrofuran"", ""3-(3',7 '-dimethyl-2',6 '-octadienyl)-4-methoxy-benzoic acid"", 'Methyl-8-hydroxy-2,2-dimethyl-2H-chromene-6-carboxylate', ""4-Methoxy-3-(3',7'-dimethylocta-2'-E-6'-dienyl)benzoic acid"", 'Catechin, Ent-catechin', 'Kaempferol-3-O-α-L-rhamnopyranosyl-(1-6)-α-L-rhamnopyranosyl-(1-4)-β-D-glucopyranoside', '6-Hydroxy-rutin', 'Procyanidin B-3', 'Kaempferol-3-O-α-L-rhamnopyranosyl-(1→6)-β-D-galactopyranoside', 'Kaempferol-3-O-rutinoside', 'Kaempferol-3-O-D-glucopyranoside', 'Quercetin-3-O-α-L-rhamnopyranosyl-(1→6)-β-D-galactopyranoside', 'Kaempferol-3-O-D-galactopyranoside', 'Beauvericin', 'Anhydrofusarubin', 'Piscidinol A', 'Pentaol', 'Oleanonic acid', '3,11-dioxoolean-12-en-28- onic acid', 'Iso-odoratol', 'cryptomeridiol', 'Hispidol A', 'Nilocetin', ""4-Hydroxy-3-(3',7'-dimethyl-3'-hydroxy-1'-oxo-6'-octenyl)benzoic acid"", ""4-Hydroxy-(3',7'-dimethyl-1'-oxo-octa-2'-E-6'-dienyl)benzoic acid"", ""Sakuranetin; 5,4'-dihydroxy-7-methoxyflavanone"", ""Isosakuranetin; 5,7-dihydroxy-4'-methoxyflavanone"", ""1,4-Dihydroxy-2-(3',7'-dimethyl-1'-oxo-2'-E-6'-octadienyl)benzene"", 'Isopimpinellin', ""Juruenolic acid; 2-(4'-Methylpentenyl-3)-10-oxoundecan-2,6-dienoic acid"", 'Fasciculiferin', '(+)-Guaiacin', 'Tithonine', '19´-(3,4-Methylenedioxyphenyl)-nonadecanoic acid', 'Sargachromenol', 'Farnisine', ""7,4'-Dihydroxyflavone"", '21´-(3,4-Methylenedioxyphenyl)-henicosanoic acid', ""7,4'-Dimethoxyflavone"", 'Sargaquinoic acid', '17-(3,4-Methylenedioxyphenyl)-heptadecanoic acid', ""Rel-(7R,8S,7'S,8'S)-4,5,4',5'-dimethylenedioxy-3,3'-dimethoxy-7,7'-epoxylignan"", ""Rel-(7R,8S,7'S,8'S)-4'-hydroxy-3,4,5,3',5'-pentamethoxy-7,7'-epoxylignan"", ""Rel-(7R,8S,7'S,8'S)-4-hydroxy-4',5'-methylenedioxy-3,5,3'-trimethoxy-7,7'-epoxylignan"", ""Rel-(7R,8S,7'S,8'S)-4',5'-methylenedioxy-3,4,5,3'-tetramethoxy-7,7'-epoxylignan"", ""Rel-(7R,8S,7'S,8'S)-9-hydroxy-4',5'-methylenedioxy-3,4,5,3'-tetramethoxy-7,7'-epoxylignan"", '2α,3α,19α- trihydroxyurs-12-en-28-oic acid', '3,3-O-dimethylquercetin', 'penduletin 4-O-methyl ether', 'acacetin', 'Chrysoeriol', '3-O-methylquercetin', '3,7,4-O-trimethylkaempferol', '2α,3α-dihydroxyolean-12- en-28-oic acid', 'p-hydroxybenzoic acid', '1-methoxy-3-hydroxy-3,10b-4,5a-diepoxy-8b-isobutyroyloxygermacr-11(13)-en-6a,12-olide', 'Tagitinin C', 'Nitensidine E', 'Nitensidine D', ""3,5,6,7,3',4',5'-heptamethoxyflavonol"", ""3',4',5',3,5,7,8-heptamethoxyflavone"", 'Strictosidine acid', 'Cordifoline', 'Harman-3-carboxylic acid', '3,4-dehydro-strictosidine', '3,4-dehydrostrictosidine acid', 'Turbinatine', '5α-carboxystrictosidine', 'Deoxycordifoline', '4-metoxi-6-[2-(metilamino)fenil]- 2H-piran-2-ona', 'Pyranofoline', 'Glycocitrine-I', 'Citrusinine-I', 'Citrusinine-II', '1,3,5-trihydroxy- 2,8-bis(3-methylbut-2-enyl)-10-methyl-9-acridone', 'Glycocitrine-IV', '3,4-dihydro-3,5,8-trihydroxy-6-methoxy-2,2,7-trimethyl-2Hpyrano[ 2,3-a]acridin-12(7H)-one', '1,3,5-trihydroxy-4-methoxy-10-methyl- 2,8-bis(3-methylbut-2-enyl)acridin-9(10H)-one', '5-hydroxynoracronycine; Atalaphyllidine', 'β-Gardiol', 'Ferulic acid', 'α-Gardiol', 'Aphidicolin', 'β-caryophyllene, trans-caryophyllene', '5,7-dimethoxy-2,2-dimethyl-2H-1-benzopyran-6-propanoic acid', 'Methyl (3R,4R,5R)-3-{[(2Z)-3-(3,4-dihydroxyphenyl)-2-propenoyl]oxy}-1,4,5-trihydroxycyclohexanecarboxylate', 'Methyl (3R,4R,5R)-3-{[(2E)-3-(3,4-dihydroxyphenyl)-2-propenoyl]oxy}-1,4,5-trihydroxycyclohexanecarboxylate', 'Pimara-7,15-dien-3β-ol', '8-hydroxy-6-methoxy-3-methylisocoumarin', 'Dimethyl terephthalate', '(22E,24R)-ergosta-4,6,8(14),22-tetraen-3-one', 'Ergosterol peroxide', '8,9-dihydropiplartine; N-(12,13,14-trimethoxydihydrocinnamoyl)-Δ3-pyridin-2-one', 'Piperine', '4,5-dihydropiperlonguminine; Piperlonguminine', '(Z)-piplartine; 8(Z)-N-(12,13, 14-trimethoxycinnamoyl)- 3-pyridin-2-one', ""N-[3-(6'-methoxy-3',4'-methy-lenedioxyphenyl)-2(Z)-propenoyl]pyrrolidine"", '10,11-dihydropiperine; Δα,β-dihydropiperine', '4,5-dihydropiperyline', '(E)-piplartine', '(3Z,5Z)-N-isobutyl-8-(30,40-methylenedioxy-phenyl)-heptadienamide', 'Pellitorine', 'Cusculine; 1,2,3,5,6-pentamethoxy-9-acridone', 'Cuspanine; 1-hydroxy-2,3,5,6-tetramethoxy-9-acridone', '2α,3α-Dihydroxy-urs-12-en-28-oic acid', 'Oleanolic acid 3-sophoroside', '3-O-β-D-(6’-methyl)-glucopyranosyl-28-O-β-D-glucopyranosyl-oleanate', 'Haplotusine', '5-hydroxyflavone', 'β-Sitosterol benzoate', '2-phenyl-4H-chromen-4-one', 'Sinapyl 4-O-β-D-glucopyranoside aldehyde', 'Sinapyl 4-O-β-D-glucopyranoside alcohol', 'N-acetylnonaine', 'Liriodenine', 'Nitensidine A', ""2,4-Dihydroxy-6-[(1'E,3'E)-penta-1', 3'-dienyl]-benzaldehyde"", ""8-hydroxy-3,5,7,3',4',5'-hexamethoxyflavonol"", '2-methyl-5-[8(Z)-pentadecenyl]resorcinol', '2-hydroxyphenylacetic acid', '3-O-β-D-quinovopyranosyl quinovic acid', 'Odoratol', 'Leptomerine', 'Kaempferol', ""5-[3''-(β-D-glucopyranosyloxy)propyl]-7-methoxy-2-(3',4'-methylenedioxyphenyl)benzofuran"", '28-O-β-D-glucopyranosyl quinovic acid', '2-Methyl-4-hydroxy-butyl caffeoate', 'N-1,N-2,N-3-Triisopentenylguanidine', 'Dibenzyl trisulphide', 'Maytenin, Tingenone', 'urauchimycin B', '5-hydroxy-N-methylseverifoline', '19,20-Epoxycytochalasin N', 'ellagic acid 4-O-α-L-rhamnopyranoside; eschweilenol C', 'Viburgenin', 'Mayoside C', 'Ourateacatechin', ""3',4',5',5,7-pentamethoxyflavone"", '2-methyl-5-pentadecylresorcinol', '3β-hydroxy-stigmast-5-en-7-one; 24-β-7-oxositosterol', 'scillascillin', '(4R)-4,8-dihydroxy-α-tetralone', '[10]-gingerol', '(-)-Hardwickiic acid', 'Acetonide of odoratol', '(−)-Grandisin', '24-methylenecycloartan-3b-ol', '7-hydroxy-3- (11-dimethylallyl)-8-methoxycoumarin', ""N-[7-(3',4'-methylenedioxyphenyl)-2(Z),4(Z)-heptadienoyl]pyrrolidine"", 'Ocotillone', 'des-N-methylnoracronycine', 'Sorbifolin 6-O-β-glucopyranoside', 'Rel-2α-hydroxyzuelanin-6β-benzoate', '2,6-di-O-acetylcasearupestrin D', ""Methyl-2,2-dimethyl-8-(3'-methylbut-2'-enyl)chroman-6-carboxylate"", '2,7-Di-O-acetylcasearupestrin A', 'Nitensidine B', '1-methyl-2-n-nonyl-4-quinolone', '5-[8(Z),11(Z),14-pentadecatrienyl]resorcinol', 'Gallic acid; 3,4,5-trihydroxybenzoic acid', 'Quercitrin, 3-O-α-rhamnosylquercetin', 'Maculosidine', 'Podocarpusflavone A', '(-)-Epigallocatechin', 'Netzahualcoyonol', '1-[3-(3,7-dimethylocta-2,6-dien-1-yl)-2,4,6- trihydroxyphenyl]-3-(4-hydroxyphenyl)propan-1-one', '6α-malonyloxymanoyl oxide', 'Casearupestrin C', '6α-malonyloxy-n-butyl ester manoyl oxide', 'citrusinine-I', 'Ricinine', 'Leptophyllin A', '5-pentadecylresorcinol', 'Pristimerin; 20α-3-hydroxy-2-oxo-24-nor-friedela-1-10,3,5,7-tetraen-carboxylic acid-29-methylester', '3,4,5-trimethoxyphenyl 1-O-β-D-apiofuranosyl-(1→6)-O-β-D-glucopyranoside', 'β-photogedunin', 'n-Butyl gallate', ""5-[3''-(β-D-glucopyranosyloxy)propyl]-7-methoxy-2-(3',4'-dimethoxyphenyl)benzofuran"", '3,12-Dihydroxycadalene', '(-) Cis-4-hydroxy-6-deoxyscytalone', 'Plumericin', '5-[8(Z),11(Z)-pentadecadienyl]resorcinol', '(-)-Spectalinine', 'Netzahualcoyondiol', ""Acteoside; [β-3,4-dihydroxyphenyl)-ethyl]-(3'-O-α-L-rhamnopyranosyl)-(4'-O-cafeoyl)-β-D-glycopyranoside, verbascoside"", 'fumiquinozoline F', 'Kaempferol 3-O-α-L-rhamnopyranosyl (1→6)-O-[β -D-glucopyranosyl (1→3)-O-α-L-rhamnopyranosyl-(1→2)]-O-β -D-glucopyranosyl', '3β-O-[α-L-rhamnopyranosyl-(1→2)-O-β-D-glucopyranosyl-(1→2)-O-β-D-glucopyranosyl]-28-O-β-D-glucopyranoside pomolate', 'Dibenzyl tetrasulphide', ""2',5-dihydroxy-3-methoxy-8-dimethylallyl-6, 7-(2' ',2''-dimethylpyrano)-dihydroflavonol"", '2-n-nonyl-4-quinolone', 'Cytochalasin D', 'Isoorientin', 'urauchimycin A', 'p-Coumaric acid', 'Skimmianine', 'p-hydroxybenzoic acid-geranyl ester', 'Dibenzyl disulphide', 'Proanthocyanidin', 'neoisoastilbin', '(R)-7-Hydroxymellein', '6α-acetoxymanoyl oxide', ""2-(2'-O-trans-cinnamoyl)-C-β-D-glucopyranosyl-1,3,6,7-tetrahydroxyxanthone"", 'Kokusaginine', ""2-(2'-O-trans-caffeoyl)-C-β-D-glucopyranosyl-1,3,6,7-tetrahydroxyxanthone"", 'Homoegonol', '[8]-gingerol', '4-Hydroxymellein', '5-hydroxymellein', 'fraxinellonone', 'Dibenzyl sulphide', '3-Acetyl aleuritolic acid', 'Alkenoic acid', 'Quercetin 3-O-α-L-rhamnopyranosyl (1→6)-O-[β -D-glucopyranosyl (1→3)-O-α-L-rhamnopyranosyl-(1→2)]-O-β -D-glucopyranosyl', 'Heveaflavone', 'Arboreumine', '3-Oxoursolic acid', 'Casearupestrin B', 'toonacilin', 'Uracil', '19,20-Epoxycytochalasin C', 'n-Pentyl gallate', 'Orcinol', 'Benzylhydroxymethyl sulphide', '1,6-di-O-caffeoyl-β-D-glucopyranoside', '2-methyl-5-[8(Z),11(Z),14-pentadecatrienyl]resorcinol', '19,20-Epoxycytochalasin D', '6-[ 8(Z),11(Z) -pentadecadienyl] salicylic acid', 'Periconicin B', 'Phomopsilactone', ""(2S)-8-Isopentyl-2-methyl-2-(4'-methylpentyl)chroman-6-carboxylic acid"", '2,2-dimethyl-2H-chromene-6-carboxylic acid', '1,2-dihydro- 3β-hydroxy-7-deacetoxy-7-oxogedunin', 'Photogedunin', 'Casearin X; (1R*,3S*,5S*,6aR*,7S*,8S*,10R*,10aR*)-1-(Acetyloxy)-3,5,6,6a,7,8,9,10-octahydro-10-hydroxy-7,8-dimethyl-7-[(2Z)-3-methylpenta-2,4-dien-1-yl]naphtho[1,8a-c]furan-3,5-diyl Dibutanoate', '20-hydroxyecdysone; polypodine A', ""2-(R)-Methyl-6-(S)-(tetradecyl-13'-one)-3(R)-O-tert-butyldimethylsilyl-piperidine"", '(2S)-Methyl-2-methyl-8-(3""-methylbut-2""-enyl)-2-(4\'-methylpent-3\'-enyl)-2H-chromene-6-carboxylate', 'Casearin T', 'Piperyline, N-[10-(13,14-methylenedioxyphenyl)-7(E),9(E)-pentadienoyl]-pyrrolidine', 'ω-fenil alcanoic acid', 'Methyl-8-hydroxy-2,2-dimethylchroman-6-carboxylate', '6α-acetoxy-14β,15β-epoxyazadirone', 'α-L-xylopyranosyl-(4""→20)-(3-O-β-D-glucopyranosyl)-1\'-O-E-caffeoyl-β-D-glucopyranoside', '6-[8(Z)-pentadecenyl]salicylic acid', '2-butyl-D-fructofuranoside', ""Gaudichaudianic acid; (2S)-2-methyl-2-(4'methyl-3'-pentenyl)-8-(3''-methyl-2-butenyl)- 2H-1-benzopyran-6-carboxylic acid"", 'limonexic acid', 'Pedalitin', '1-O-(E)-feruloyl-β-D-glucopyranoside', 'epoxy-fraxinellone', '12′-hydroxy-7′-multijuguinone', 'Kaempferitrin', 'Nitensidine C', 'Dipropyl disulphide', '2-methyl-5-[8(Z),11(Z)-pentadecadienyl]resorcinol', 'Methyl 6,7,8-trimethoxydihydrocinnamate', '2-Hexyl-3-methyl-butanodioic acid', 'fraxinellone', ""5-(3'' -Hydroxypropyl)-7-methoxy-2-(3',4' -methyl-enedioxyphenyl)benzofuran"", '22β-hydroxypristimerin', '1- (5,7-dihydroxy-2,2-dimethylchroman-6-yl)-3-(2,2-dimethylchroman- 6-yl)propan-1-one', 'Canavaline', 'Di-hydrodehydrodiconiferyl alcohol', 'Quercetin', 'Casearupestrin A', '3,11,12-Trihydroxycadalene', 'Quercetin 3-O-sophoroside', '(3R,4R)-3,4-Dihydro-4,6-dihydroxy-3-methyl-1-oxo-1H-isochromene-5-carboxylic acid', '24-methylene-3,22-dihydroxycholesterol', 'amorphispironone', 'Casearupestrin D', 'Chaetoglobosin B', ""2-(2'-O-benzoyl)-C-β-D-glucopyranosyl-1,3,6,7-tetrahydroxyxanthone"", 'Isoplumericin', '19,20-Epoxycytochalasin Q', '19,20-Epoxycytochalasin R', 'Muraxanthone', 'Di(benzyltrithio) methane', 'Odoratone', 'Rel-6β-hydroxyzuelanin-2β-benzoate', 'shidasterone', '5-hydroxymethyl- 2-furancarboxaldehyde; 5-hydroxymethyl-2-furfuraldehyde', '6β-hydroxy-7-epigardoside methyl ester', 'Tetrahydropiperyline, N-[10-(13,14-methylenedioxyphenyl)-pentanoyl]-pyrrolidine', 'Piperovatine', '2,4,6-trimethoxybenzoic acid', '1-O-(E)-caffeoyl-β-D-glucopyranoside', 'Piperol B', 'Caseobliquin A', 'Methyl angolensate', 'N-[10- (13,14-methylenedioxyphenyl)-7(E)-pentaenoyl]-pyrrolidine', '2-Methyl-5-methoxy-benzopyran-4-one', '3,4-dihydroxybenzoic acid geranyl ester', 'N-[10-(13,14-methylenedioxyphenyl)-7(E),9(Z)-pentadienoyl]-pyrrolidine', '2-oxo-piperol B; (7S*, 8R*, 1R*, 3R*)-3,4,5-trimethoxy-3,7-cyclo-8,1-neolig-8-ene-2,4(3H)-dione', 'taxifolin', ""(2'S)-2-(propan-2'-ol)-5-hydroxy-benzopyran-4-one"", 'Rel-(+)-(7S,9R,10S)-3,9,12-trihydroxycalamenene', 'Casearin S', '11β-acetoxyobacunone', '1-(5,7-dihydroxy-2,2-dimethylchroman- 6-yl)-3-[4-hydroxy-3-(3-methylbut-2-en-1-yl)- phenyl]propan-1-one', '(2S)-2-methyl-8-(3""-methylbut-2""-enyl)-2-(4\'-methylpent-3\'-enyl)-2H-chromene-6-carboxylic acid', 'Burchellin', '5-[8(Z)-pentadecenyl]resorcinol', 'Luteolin; 2-(3,4-dihydroxyphenyl)-5,7-dihydroxy-4H-chromen-4-one', 'Sinapic acid', ""Nitensoside B; Pedalitin 6-O-α-rhamnopyranosyl(1'''→6'')-β-glucopyranoside"", 'Amentoflavone', '1-(5,7-dihydroxy-2,2-dimethylchroman-6-yl)-3-(1,1,4a-trimethyl-2,3,4,4a,9a-hexahydro-1H-xanthen-7-yl)propan-1-one', 'Gedunin', 'Pedalin, pedalitin 6-O-β -glucopyranoside', 'Caseargrewiin F; (1R*,3S*,5S*,6aR*,7S*,8R*,10R*,10aR*)-1,3-Bis(acetyloxy)-3,5,6,6a,7,8,9,10-octahydro-10-hydroxy-7,8-dimethyl-7-[(2Z)-3-methylpenta-2,4-dien-1-yl]naphtho[1,8a-c]furan-5-yl Butanoate', 'Casearin L; (1R*,3S*,5S*,6aR*,7R*,8R*,9S*,10S*,10aR*)-1,10-Bis(acetyloxy)-3,5,6,6a,7,8,9,10-octahydro-9-hydroxy-5-methoxy-7,8-dimethyl-7-[(2Z)-3-methylpenta-2,4-dien-1-yl]naphtho[1,8a-c]-furan-3-yl Butanoate', 'Platydesmine', 'Leiokinine A', 'Cabraleadiol', 'schaftoside', ""(2S)-Methyl-8-isopentyl-2-methyl-2-(4'-methylpentyl)chroman-6-carboxylate"", '3,4,5-Triacetoxybenzoic acid', 'Methyl gallate', '3-O-β-D-quinovopyranosyl cincholic acid', 'atalaphyllinine', 'Lauryl gallate', 'Syringaldehyde', 'Afzelin, 3-O-α-rhamnosyl kaempferol', 'Egonol', '4-Nerolidilcatechol', ""2-(2'-O-transcoumaroyl)-C-β-D-glucopyranosyl-1,3,6,7-tetrahydroxyxanthone"", 'Syringic acid', '(+)-3-O-feruloylcassine', 'Methyl (E)-6,7,8-trimethoxycinnamate', '3,4,5-Trimethoxyphenyl-1-O-β-D-(5-O-syringoyl)-apiofuranosyl-(1→6)-β-D-glucopyranoside', '6-[8(Z),11(Z),14-pentadecatrienyl]salicylic acid', 'Sorbifolin', ""Nitensoside A; Sorbifolin 6-O-α-rhamnopyranosyl(1'''→6'')-β-glucopyranoside"", 'Casearin O; (1R*,3S*,5S*,6aR*,7R*,8R*,9S*,10S*,10aR*)-1,10-Bis(acetyloxy)-5-methoxy-7,8-dimethyl-7-[(2Z)-3-methylpenta-2,4-dien-1-yl]-3,5,6,6a,7,8,9,10-octahydronaphtho[1,8a-c]furan-3,9-diyl Dibutanoate', 'germacrene D', '(3R,4R)-4,7-Dihydroxymellein', ""7-Hydroxy-4',6-dimethoxyisoflavone; Afrormosin; Afromosin"", '8-methoxymellein', '(±)-Syringaresinol', 'Cyclo-(L-Pro-L-Val)', 'Methyl-2,2-dimethylchroman-6-carboxylate', ""Myrsinoic acid A, 3-Geranyl-4-hydroxy-5-(3'',3''-dimethylallyl)benzoic acid"", '20α-Hydroxymaytenin; 20-hydroxy-20-epi-tingenone', '(-)-Epigallocatechin-3-O-gallate', 'Casearin D; (1R*,3S*,5S*,6aR*,7R*,8R*,9S*,10S*,10aR*)-1-(Acetyloxy)-3,5,6,6a,7,8,9,10-octahydro-5,10-dihydroxy-7,8-dimethyl-7-[(2Z)-3-methylpenta-2,4-dien-1-yl]naphtho[1,8a-c]furan-3,9-diyl Dibutanoate', 'Rel. (+)-(7S,10S) 3,12-dihydroxycalamenene', 'carlinoside', 'Methyl-8-(ethanoyloxy)-2,2-dimethyl-2H-chromene-6-carboxylate', 'stachysterone', 'Ethyl 2,4-dihydroxy-5,6-dimethylbenzoate', 'Amentoflavone 7”,4”’-dimethyl ether', 'Picramnioside F', 'Netzahualcoyene', 'Casearin X Dialdehyde; (2R*,4aS*,5S*,7R*,8R*,8aS*)-4,4a-Diformyl-1,2,4a,5,6,7,8,8a-octahydro-5-hydroxy-7,8-dimethyl-8-[(2Z)-3-methylpenta-2,4-dien-1-yl]naphthalen-2-yl Butanoate', 'polypodine B', 'n-Propyl gallate', ""3',4',5',5,7,8-hexamethoxyflavone"", 'Isopropyl gallate', '22-hydroxytirucalla-7,24-diene-2,3-dione', 'Trans-3’-methylsulphonylallyl trans-cinnamate', '(3-(2-(4-hydroxyphenyl)-2-oxoethyl)-5,6-dihydropyridin- 2(1H)-one)', 'Mangiferin', 'Salacin', '6-pentadecylsalicylic acid', ""Pterogynoside; Kaempferol-3-O-(3''-O-4'''-methylgallate-α-L-rhamnoside)"", 'Isobutyl gallate', '7′-multijuguinone', 'Griseofulvin', 'Ixoside', '2β-Hydroxyzuelanin-6β-cinnamate', 'arjunolic acid', 'Cognatine', 'Fagaramide', 'Chalepin', 'Chlorogenic acid']]",doi_name
"['10.1016/j.cbi.2010.08.008', '(-)-Hardwickiic acid']","['10.1016/j.cbi.2010.08.008', ['guaiol', 'γ-eudesmol', 'Hinesol', 'α-eudesmol', 'Chlorogenic acid methyl ester, Methyl (1S,3R,4R,5R)-3-{[(2E)-3-(3,4-dihydroxyphenyl)-2-propenoyl]oxy}-1,4,5-trihydroxycyclohexanecarboxylate', 'astilbin; Rel-(2R, 3R)-dihydroquercetin-3-O-±-L-rhamnoside', 'Nilocetin', 'Hispidol A', 'Oleanonic acid', 'cryptomeridiol', '3,11-dioxoolean-12-en-28- onic acid', 'Piscidinol A', 'Iso-odoratol', 'Pentaol', 'Clusifoliol', ""Isoswertisin-4'-methyl-ether-2''α-L-rhamnoside"", '2-Episesalatin', 'Sesartemin', ""Isoswertisin-2''α1-L-rhamnoside"", 'Anhydrofusarubin', 'Beauvericin', '11-O-trans-feruloylteucrein', 'Teucrein', 'Galioside aglicone', 'Galioside', 'Apodanthoside', 'Citrusinine-II', '1,3,5-trihydroxy- 2,8-bis(3-methylbut-2-enyl)-10-methyl-9-acridone', 'Glycocitrine-IV', '1,3,5-trihydroxy-4-methoxy-10-methyl- 2,8-bis(3-methylbut-2-enyl)acridin-9(10H)-one', 'Pyranofoline', 'Citrusinine-I', 'Glycocitrine-I', '5-hydroxynoracronycine; Atalaphyllidine', '3,4-dihydro-3,5,8-trihydroxy-6-methoxy-2,2,7-trimethyl-2Hpyrano[ 2,3-a]acridin-12(7H)-one', '5,7-dimethoxy-2,2-dimethyl-2H-1-benzopyran-6-propanoate', 'Methyl (3R,4R,5R)-3-{[(2Z)-3-(3,4-dihydroxyphenyl)-2-propenoyl]oxy}-1,4,5-trihydroxycyclohexanecarboxylate', 'Methyl (3R,4R,5R)-3-{[(2E)-3-(3,4-dihydroxyphenyl)-2-propenoyl]oxy}-1,4,5-trihydroxycyclohexanecarboxylate', 'Taraxerol acetate', '(-)-3-O-acetyl-spectaline', '2,3-dihydro-4,9-dihydroxy-2-(2-hydroxy-propan-2-yl)- 11-methoxy-10-methylfuro[3,2-b]acridin-5(10H)-one', 'Citibrasine', 'bis-5-hydroxyacronycine', 'Methacrylic acid', 'Pimara-7,15-dien-3β-ol', 'Ergosterol peroxide', '(22E,24R)-ergosta-4,6,8(14),22-tetraen-3-one', '8-hydroxy-6-methoxy-3-methylisocoumarin', 'Dimethyl terephthalate', 'Aphidicolin', '(+)-Erythravine', '(+)-11α-Hydroxyerythravine', '(+)-α-Hydroxyerysotrine', 'Xanthyletin', 'Stearic acid 4-pentoyloxyphenethyl ester', '3,21-Di-epi-feroniellide B', '21β,25-dimethylmelianodiol', '21α,25-dimethylmelianodiol', ""4-Hydroxy-3-(3',7'-dimethyl-3'-hydroxy-1'-oxo-6'-octenyl)benzoic acid"", ""1,4-Dihydroxy-2-(3',7'-dimethyl-1'-oxo-2'-E-6'-octadienyl)benzene"", ""Isosakuranetin; 5,7-dihydroxy-4'-methoxyflavanone"", ""Sakuranetin; 5,4'-dihydroxy-7-methoxyflavanone"", ""4-Hydroxy-(3',7'-dimethyl-1'-oxo-octa-2'-E-6'-dienyl)benzoic acid"", '9-hydroxyeugenin', 'Mycoleptone A', 'Eugenitin', '6-methoxyeugenin', 'Austdiol', 'Mycoleptone A tetraacetate', 'Austdiol diacetate', 'Mycoleptone B', '3,3-O-dimethylquercetin', 'penduletin 4-O-methyl ether', '2α,3α,19α- trihydroxyurs-12-en-28-oic acid', 'acacetin', '3-O-methylquercetin', '2α,3α-dihydroxyolean-12- en-28-oic acid', 'p-hydroxybenzoic acid', '3,7,4-O-trimethylkaempferol', 'Chrysoeriol', 'Piperaduncine B', 'Methyl 2,2-dimethyl-1-oxo-2H-1-benzopyran-6-carboxylate', '3,4,5-Trimethoxydihydrocinnamic acid', ""Methyl 4-hydroxy-3-(3'-methyl-2'-butenyl)benzoate"", ""Methyl taboganate; Methyl 4-hydroxy-3-(3'-methyl-1'-oxo-2'-butenyl)benzoate"", ""Hostmaniene; 4-Hydroxy-3-(2',3'-dihydroxy-3'-methylbutyl)benzoate"", ""4-Hydroxy-3-(3',7'-dimethylocta-2'-E-6'-dienyl)benzoic acid"", ""2',6'-Dihydroxy-4'-methoxydihydrochalcone"", ""Methyl 4-hydroxy-3-(3'-methyl-2'-hydroxy-3'-butenyl)benzoate"", ""Aduncumene; Methyl 2-methoxy-5-(3'-methyl-1'-oxo-2'-butenyl)benzoate"", ""4-Hydroxy-(3',7'-dimethyl-1'-oxo-octa-2'-Z-6'-dienyl)benzoic acid"", 'Nitensidine E', 'Nitensidine D', ""3,4-dimethyl-2-(4'-hydroxy-3',5'-dimethoxyphenyl)-5-methoxy-tetrahydrofuran"", '4-metoxi-6-[2-(metilamino)fenil]- 2H-piran-2-ona', 'Diderroside', ""6'-Acetyl-β-D-glucopyranosyldiderroside"", '7-Methoxydiderroside', 'Secoxyloganin', ""3',4'-methylenedioxy-5,5',6,7-tetramethoxyflavone"", ""3',4'-methylenedioxy-5,6,7- trimethoxyflavone"", ""2'-hydroxy-3,4,4'-trimethoxy-5',6'-(2'',2''-dimethylpyrano)-chalcone"", ""3',4'-methylenedioxy-5,7-dimethoxyflavone"", 'Deoxycordifoline', 'Strictosidine acid', '5α-carboxystrictosidine', '3,4-dehydro-strictosidine', 'Cordifoline', '3,4-dehydrostrictosidine acid', 'Turbinatine', 'Harman-3-carboxylic acid', ""4-Methoxy-3-(3',7'-dimethylocta-2'-E-6'-dienyl)benzoic acid"", ""3-(3',7 '-dimethyl-2',6 '-octadienyl)-4-methoxy-benzoic acid"", 'Methyl-8-hydroxy-2,2-dimethyl-2H-chromene-6-carboxylate', 'cyclo (L)-Pro-Gly', '2-n-Propylquinoline', ""2-(1'-pentenyl)-Quinoline"", '2-n-Pentylquinoline', ""2-(3',4'-methylenedioxyphenylethyl)-Quinoline"", '1-methoxy-3-hydroxy-3,10b-4,5a-diepoxy-8b-isobutyroyloxygermacr-11(13)-en-6a,12-olide', 'Tagitinin C', ""3',4',5',3,5,7,8-heptamethoxyflavone"", ""3,5,6,7,3',4',5'-heptamethoxyflavonol"", '5,7-dimethoxy-2,2-dimethyl-2H-1-benzopyran-6-propanoic acid', '21´-(3,4-Methylenedioxyphenyl)-henicosanoic acid', 'Fasciculiferin', '(+)-Guaiacin', ""Juruenolic acid; 2-(4'-Methylpentenyl-3)-10-oxoundecan-2,6-dienoic acid"", ""7,4'-Dimethoxyflavone"", ""7,4'-Dihydroxyflavone"", 'Sargachromenol', 'Sargaquinoic acid', '19´-(3,4-Methylenedioxyphenyl)-nonadecanoic acid', 'Tithonine', '17-(3,4-Methylenedioxyphenyl)-heptadecanoic acid', 'Farnisine', 'Nectandrin B', 'Verrucosin', 'Epi-guaiacin', '7-Methyl-sargachromenol; 2,7,8-Trimethyl-2-[(3-E,7-Z)-4,12-dimethyl-8-carboxyl-3,7,11-tridecatrienyl]-3-chromen-6-ol, β-caroteno', 'Isopimpinellin', ""Rel-(7R,8S,7'S,8'S)-4'-hydroxy-3,4,5,3',5'-pentamethoxy-7,7'-epoxylignan"", ""Rel-(7R,8S,7'S,8'S)-9-hydroxy-4',5'-methylenedioxy-3,4,5,3'-tetramethoxy-7,7'-epoxylignan"", ""Rel-(7R,8S,7'S,8'S)-4-hydroxy-4',5'-methylenedioxy-3,5,3'-trimethoxy-7,7'-epoxylignan"", ""Rel-(7R,8S,7'S,8'S)-4',5'-methylenedioxy-3,4,5,3'-tetramethoxy-7,7'-epoxylignan"", ""Rel-(7R,8S,7'S,8'S)-4,5,4',5'-dimethylenedioxy-3,3'-dimethoxy-7,7'-epoxylignan"", 'Kaempferol-3-O-D-glucopyranoside', 'Kaempferol-3-O-α-L-rhamnopyranosyl-(1-6)-α-L-rhamnopyranosyl-(1-4)-β-D-glucopyranoside', 'Kaempferol-3-O-D-galactopyranoside', '6-Hydroxy-rutin', 'Catechin, Ent-catechin', 'Procyanidin B-3', 'Kaempferol-3-O-α-L-rhamnopyranosyl-(1→6)-β-D-galactopyranoside', 'Kaempferol-3-O-rutinoside', 'Quercetin-3-O-α-L-rhamnopyranosyl-(1→6)-β-D-galactopyranoside', 'β-Gardiol', 'Ferulic acid', 'α-Gardiol', 'β-caryophyllene, trans-caryophyllene', 'Piperine', '(E)-piplartine', '4,5-dihydropiperyline', '8,9-dihydropiplartine; N-(12,13,14-trimethoxydihydrocinnamoyl)-Δ3-pyridin-2-one', '10,11-dihydropiperine; Δα,β-dihydropiperine', '(Z)-piplartine; 8(Z)-N-(12,13, 14-trimethoxycinnamoyl)- 3-pyridin-2-one', ""N-[3-(6'-methoxy-3',4'-methy-lenedioxyphenyl)-2(Z)-propenoyl]pyrrolidine"", '4,5-dihydropiperlonguminine; Piperlonguminine', '(3Z,5Z)-N-isobutyl-8-(30,40-methylenedioxy-phenyl)-heptadienamide', 'Pellitorine', 'Cuspanine; 1-hydroxy-2,3,5,6-tetramethoxy-9-acridone', 'Cusculine; 1,2,3,5,6-pentamethoxy-9-acridone', '2α,3α-Dihydroxy-urs-12-en-28-oic acid', 'Oleanolic acid 3-sophoroside', '3-O-β-D-(6’-methyl)-glucopyranosyl-28-O-β-D-glucopyranosyl-oleanate', 'Haplotusine', 'β-Sitosterol benzoate', '5-hydroxyflavone', '2-phenyl-4H-chromen-4-one', 'Sinapyl 4-O-β-D-glucopyranoside aldehyde', 'N-acetylnonaine', 'Liriodenine', 'Sinapyl 4-O-β-D-glucopyranoside alcohol', '[10]-gingerol', ""3',4',5',5,7-pentamethoxyflavone"", '2-methyl-5-pentadecylresorcinol', '3β-hydroxy-stigmast-5-en-7-one; 24-β-7-oxositosterol', 'scillascillin', 'Piperol B', '(-)-Hardwickiic acid', ""5-[3''-(β-D-glucopyranosyloxy)propyl]-7-methoxy-2-(3',4'-methylenedioxyphenyl)benzofuran"", '28-O-β-D-glucopyranosyl quinovic acid', '2-Methyl-4-hydroxy-butyl caffeoate', 'N-1,N-2,N-3-Triisopentenylguanidine', 'Dibenzyl trisulphide', 'Maytenin, Tingenone', 'urauchimycin B', '(3-(2-(4-hydroxyphenyl)-2-oxoethyl)-5,6-dihydropyridin- 2(1H)-one)', 'Mangiferin', 'Rel-2α-hydroxyzuelanin-6β-benzoate', '2,6-di-O-acetylcasearupestrin D', ""2,4-Dihydroxy-6-[(1'E,3'E)-penta-1', 3'-dienyl]-benzaldehyde"", 'Nitensidine A', ""8-hydroxy-3,5,7,3',4',5'-hexamethoxyflavonol"", 'Odoratol', 'Leptomerine', '5-hydroxy-N-methylseverifoline', '19,20-Epoxycytochalasin N', 'ellagic acid 4-O-α-L-rhamnopyranoside; eschweilenol C', 'Mayoside C', 'Ourateacatechin', 'Ixoside', '2β-Hydroxyzuelanin-6β-cinnamate', 'Cognatine', 'Fagaramide', '6α-malonyloxy-n-butyl ester manoyl oxide', 'citrusinine-I', 'Ricinine', 'Leptophyllin A', '5-pentadecylresorcinol', '5-hydroxymellein', 'fraxinellonone', 'Dibenzyl sulphide', '(-) Cis-4-hydroxy-6-deoxyscytalone', 'Plumericin', '5-[8(Z),11(Z)-pentadecadienyl]resorcinol', '(-)-Spectalinine', 'Netzahualcoyondiol', 'Ocotillone', 'des-N-methylnoracronycine', 'Sorbifolin 6-O-β-glucopyranoside', ""5-[3''-(β-D-glucopyranosyloxy)propyl]-7-methoxy-2-(3',4'-dimethoxyphenyl)benzofuran"", '3,12-Dihydroxycadalene', '7-hydroxy-3- (11-dimethylallyl)-8-methoxycoumarin', ""N-[7-(3',4'-methylenedioxyphenyl)-2(Z),4(Z)-heptadienoyl]pyrrolidine"", ""Acteoside; [β-3,4-dihydroxyphenyl)-ethyl]-(3'-O-α-L-rhamnopyranosyl)-(4'-O-cafeoyl)-β-D-glycopyranoside, verbascoside"", '19,20-Epoxycytochalasin D', 'fumiquinozoline F', ""Methyl-2,2-dimethyl-8-(3'-methylbut-2'-enyl)chroman-6-carboxylate"", '2,7-Di-O-acetylcasearupestrin A', 'Nitensidine B', '1-methyl-2-n-nonyl-4-quinolone', '5-[8(Z),11(Z),14-pentadecatrienyl]resorcinol', 'Gallic acid; 3,4,5-trihydroxybenzoic acid', 'Maculosidine', 'Podocarpusflavone A', 'Casearupestrin C', 'Methyl angolensate', ""5-(3'' -Hydroxypropyl)-7-methoxy-2-(3',4' -methyl-enedioxyphenyl)benzofuran"", '22β-hydroxypristimerin', '1- (5,7-dihydroxy-2,2-dimethylchroman-6-yl)-3-(2,2-dimethylchroman- 6-yl)propan-1-one', 'Canavaline', 'Di-hydrodehydrodiconiferyl alcohol', 'Quercetin', ""2-(2'-O-trans-cinnamoyl)-C-β-D-glucopyranosyl-1,3,6,7-tetrahydroxyxanthone"", 'Kokusaginine', 'Homoegonol', '[8]-gingerol', '4-Hydroxymellein', 'Pristimerin; 20α-3-hydroxy-2-oxo-24-nor-friedela-1-10,3,5,7-tetraen-carboxylic acid-29-methylester', '3,4,5-trimethoxyphenyl 1-O-β-D-apiofuranosyl-(1→6)-O-β-D-glucopyranoside', 'β-photogedunin', 'n-Butyl gallate', 'Arboreumine', '3-Oxoursolic acid', 'Kaempferol 3-O-α-L-rhamnopyranosyl (1→6)-O-[β -D-glucopyranosyl (1→3)-O-α-L-rhamnopyranosyl-(1→2)]-O-β -D-glucopyranosyl', '3β-O-[α-L-rhamnopyranosyl-(1→2)-O-β-D-glucopyranosyl-(1→2)-O-β-D-glucopyranosyl]-28-O-β-D-glucopyranoside pomolate', 'Dibenzyl tetrasulphide', ""2',5-dihydroxy-3-methoxy-8-dimethylallyl-6, 7-(2' ',2''-dimethylpyrano)-dihydroflavonol"", '2-n-nonyl-4-quinolone', 'Cytochalasin D', 'Isoorientin', 'urauchimycin A', 'p-Coumaric acid', '(-)-Epigallocatechin', 'Netzahualcoyonol', '1-[3-(3,7-dimethylocta-2,6-dien-1-yl)-2,4,6- trihydroxyphenyl]-3-(4-hydroxyphenyl)propan-1-one', '6α-malonyloxymanoyl oxide', 'Caseobliquin A', 'Periconicin B', 'Phomopsilactone', ""(2S)-8-Isopentyl-2-methyl-2-(4'-methylpentyl)chroman-6-carboxylic acid"", '2,2-dimethyl-2H-chromene-6-carboxylic acid', '1,2-dihydro- 3β-hydroxy-7-deacetoxy-7-oxogedunin', 'Photogedunin', 'Casearin X; (1R*,3S*,5S*,6aR*,7S*,8S*,10R*,10aR*)-1-(Acetyloxy)-3,5,6,6a,7,8,9,10-octahydro-10-hydroxy-7,8-dimethyl-7-[(2Z)-3-methylpenta-2,4-dien-1-yl]naphtho[1,8a-c]furan-3,5-diyl Dibutanoate', 'Skimmianine', 'Benzylhydroxymethyl sulphide', '1,6-di-O-caffeoyl-β-D-glucopyranoside', '2-methyl-5-[8(Z),11(Z),14-pentadecatrienyl]resorcinol', '20-hydroxyecdysone; polypodine A', '3-Acetyl aleuritolic acid', 'Alkenoic acid', 'Quercetin 3-O-α-L-rhamnopyranosyl (1→6)-O-[β -D-glucopyranosyl (1→3)-O-α-L-rhamnopyranosyl-(1→2)]-O-β -D-glucopyranosyl', 'Heveaflavone', 'Proanthocyanidin', 'neoisoastilbin', '(R)-7-Hydroxymellein', '6α-acetoxymanoyl oxide', 'Methyl-8-hydroxy-2,2-dimethylchroman-6-carboxylate', '6α-acetoxy-14β,15β-epoxyazadirone', ""2-(R)-Methyl-6-(S)-(tetradecyl-13'-one)-3(R)-O-tert-butyldimethylsilyl-piperidine"", '(2S)-Methyl-2-methyl-8-(3""-methylbut-2""-enyl)-2-(4\'-methylpent-3\'-enyl)-2H-chromene-6-carboxylate', 'Casearin T', 'Casearupestrin B', 'toonacilin', 'Uracil', '1-O-(E)-feruloyl-β-D-glucopyranoside', '19,20-Epoxycytochalasin C', 'n-Pentyl gallate', 'Orcinol', ""2-(2'-O-benzoyl)-C-β-D-glucopyranosyl-1,3,6,7-tetrahydroxyxanthone"", ""2-(2'-O-trans-caffeoyl)-C-β-D-glucopyranosyl-1,3,6,7-tetrahydroxyxanthone"", 'Netzahualcoyene', 'Casearin X Dialdehyde; (2R*,4aS*,5S*,7R*,8R*,8aS*)-4,4a-Diformyl-1,2,4a,5,6,7,8,8a-octahydro-5-hydroxy-7,8-dimethyl-8-[(2Z)-3-methylpenta-2,4-dien-1-yl]naphthalen-2-yl Butanoate', 'polypodine B', 'n-Propyl gallate', ""3',4',5',5,7,8-hexamethoxyflavone"", 'Isopropyl gallate', '6β-hydroxy-7-epigardoside methyl ester', 'Tetrahydropiperyline, N-[10-(13,14-methylenedioxyphenyl)-pentanoyl]-pyrrolidine', 'Piperovatine', '2,4,6-trimethoxybenzoic acid', '1-O-(E)-caffeoyl-β-D-glucopyranoside', 'Quercitrin, 3-O-α-rhamnosylquercetin', 'p-hydroxybenzoic acid-geranyl ester', 'Dibenzyl disulphide', '(2S)-2-methyl-8-(3""-methylbut-2""-enyl)-2-(4\'-methylpent-3\'-enyl)-2H-chromene-6-carboxylic acid', 'Burchellin', 'Piperyline, N-[10-(13,14-methylenedioxyphenyl)-7(E),9(E)-pentadienoyl]-pyrrolidine', 'ω-fenil alcanoic acid', '2-butyl-D-fructofuranoside', ""Gaudichaudianic acid; (2S)-2-methyl-2-(4'methyl-3'-pentenyl)-8-(3''-methyl-2-butenyl)- 2H-1-benzopyran-6-carboxylic acid"", 'limonexic acid', 'Pedalitin', 'Di(benzyltrithio) methane', '3,11,12-Trihydroxycadalene', 'Quercetin 3-O-sophoroside', '(3R,4R)-3,4-Dihydro-4,6-dihydroxy-3-methyl-1-oxo-1H-isochromene-5-carboxylic acid', '24-methylene-3,22-dihydroxycholesterol', 'amorphispironone', 'Casearupestrin D', 'Chaetoglobosin B', 'atalaphyllinine', 'N-[10- (13,14-methylenedioxyphenyl)-7(E)-pentaenoyl]-pyrrolidine', '2-Methyl-5-methoxy-benzopyran-4-one', 'Isoplumericin', 'α-L-xylopyranosyl-(4""→20)-(3-O-β-D-glucopyranosyl)-1\'-O-E-caffeoyl-β-D-glucopyranoside', 'epoxy-fraxinellone', '12′-hydroxy-7′-multijuguinone', 'Kaempferitrin', 'Nitensidine C', 'Dipropyl disulphide', '2-methyl-5-[8(Z),11(Z)-pentadecadienyl]resorcinol', 'Methyl 6,7,8-trimethoxydihydrocinnamate', '2-Hexyl-3-methyl-butanodioic acid', 'fraxinellone', '6-[ 8(Z),11(Z) -pentadecadienyl] salicylic acid', '6-[8(Z)-pentadecenyl]salicylic acid', 'Cabraleadiol', 'schaftoside', ""(2S)-Methyl-8-isopentyl-2-methyl-2-(4'-methylpentyl)chroman-6-carboxylate"", '3,4,5-Triacetoxybenzoic acid', 'Casearupestrin A', '2-oxo-piperol B; (7S*, 8R*, 1R*, 3R*)-3,4,5-trimethoxy-3,7-cyclo-8,1-neolig-8-ene-2,4(3H)-dione', '5-[8(Z)-pentadecenyl]resorcinol', 'Luteolin; 2-(3,4-dihydroxyphenyl)-5,7-dihydroxy-4H-chromen-4-one', 'Sinapic acid', '19,20-Epoxycytochalasin Q', '19,20-Epoxycytochalasin R', 'Muraxanthone', 'Odoratone', 'Rel-6β-hydroxyzuelanin-2β-benzoate', 'shidasterone', '5-hydroxymethyl- 2-furancarboxaldehyde; 5-hydroxymethyl-2-furfuraldehyde', ""Nitensoside B; Pedalitin 6-O-α-rhamnopyranosyl(1'''→6'')-β-glucopyranoside"", 'Amentoflavone', 'Methyl gallate', '3-O-β-D-quinovopyranosyl cincholic acid', 'Afzelin, 3-O-α-rhamnosyl kaempferol', 'Egonol', '4-Nerolidilcatechol', ""2-(2'-O-transcoumaroyl)-C-β-D-glucopyranosyl-1,3,6,7-tetrahydroxyxanthone"", '3,4-dihydroxybenzoic acid geranyl ester', 'N-[10-(13,14-methylenedioxyphenyl)-7(E),9(Z)-pentadienoyl]-pyrrolidine', 'Gedunin', 'Pedalin, pedalitin 6-O-β -glucopyranoside', 'Caseargrewiin F; (1R*,3S*,5S*,6aR*,7S*,8R*,10R*,10aR*)-1,3-Bis(acetyloxy)-3,5,6,6a,7,8,9,10-octahydro-10-hydroxy-7,8-dimethyl-7-[(2Z)-3-methylpenta-2,4-dien-1-yl]naphtho[1,8a-c]furan-5-yl Butanoate', 'Casearin L; (1R*,3S*,5S*,6aR*,7R*,8R*,9S*,10S*,10aR*)-1,10-Bis(acetyloxy)-3,5,6,6a,7,8,9,10-octahydro-9-hydroxy-5-methoxy-7,8-dimethyl-7-[(2Z)-3-methylpenta-2,4-dien-1-yl]naphtho[1,8a-c]-furan-3-yl Butanoate', 'Platydesmine', 'Leiokinine A', '3,4,5-Trimethoxyphenyl-1-O-β-D-(5-O-syringoyl)-apiofuranosyl-(1→6)-β-D-glucopyranoside', '6-[8(Z),11(Z),14-pentadecatrienyl]salicylic acid', 'Sorbifolin', ""Nitensoside A; Sorbifolin 6-O-α-rhamnopyranosyl(1'''→6'')-β-glucopyranoside"", 'Casearin O; (1R*,3S*,5S*,6aR*,7R*,8R*,9S*,10S*,10aR*)-1,10-Bis(acetyloxy)-5-methoxy-7,8-dimethyl-7-[(2Z)-3-methylpenta-2,4-dien-1-yl]-3,5,6,6a,7,8,9,10-octahydronaphtho[1,8a-c]furan-3,9-diyl Dibutanoate', 'germacrene D', '6-pentadecylsalicylic acid', 'Methyl-2,2-dimethylchroman-6-carboxylate', ""Myrsinoic acid A, 3-Geranyl-4-hydroxy-5-(3'',3''-dimethylallyl)benzoic acid"", 'taxifolin', ""(2'S)-2-(propan-2'-ol)-5-hydroxy-benzopyran-4-one"", 'Rel-(+)-(7S,9R,10S)-3,9,12-trihydroxycalamenene', 'Casearin S', '11β-acetoxyobacunone', '1-(5,7-dihydroxy-2,2-dimethylchroman- 6-yl)-3-[4-hydroxy-3-(3-methylbut-2-en-1-yl)- phenyl]propan-1-one', '(3R,4R)-4,7-Dihydroxymellein', 'Rel. (+)-(7S,10S) 3,12-dihydroxycalamenene', 'carlinoside', 'Methyl-8-(ethanoyloxy)-2,2-dimethyl-2H-chromene-6-carboxylate', 'arjunolic acid', 'stachysterone', 'Ethyl 2,4-dihydroxy-5,6-dimethylbenzoate', 'Amentoflavone 7”,4”’-dimethyl ether', 'Picramnioside F', 'Lauryl gallate', 'Syringaldehyde', '22-hydroxytirucalla-7,24-diene-2,3-dione', 'Trans-3’-methylsulphonylallyl trans-cinnamate', 'Syringic acid', '(+)-3-O-feruloylcassine', '1-(5,7-dihydroxy-2,2-dimethylchroman-6-yl)-3-(1,1,4a-trimethyl-2,3,4,4a,9a-hexahydro-1H-xanthen-7-yl)propan-1-one', 'Methyl (E)-6,7,8-trimethoxycinnamate', 'Salacin', 'Viburgenin', ""Pterogynoside; Kaempferol-3-O-(3''-O-4'''-methylgallate-α-L-rhamnoside)"", 'Isobutyl gallate', '7′-multijuguinone', 'Griseofulvin', ""7-Hydroxy-4',6-dimethoxyisoflavone; Afrormosin; Afromosin"", '8-methoxymellein', '(±)-Syringaresinol', 'Cyclo-(L-Pro-L-Val)', 'Acetonide of odoratol', '(−)-Grandisin', '24-methylenecycloartan-3b-ol', '20α-Hydroxymaytenin; 20-hydroxy-20-epi-tingenone', '(-)-Epigallocatechin-3-O-gallate', 'Casearin D; (1R*,3S*,5S*,6aR*,7R*,8R*,9S*,10S*,10aR*)-1-(Acetyloxy)-3,5,6,6a,7,8,9,10-octahydro-5,10-dihydroxy-7,8-dimethyl-7-[(2Z)-3-methylpenta-2,4-dien-1-yl]naphtho[1,8a-c]furan-3,9-diyl Dibutanoate', 'Chalepin', 'Chlorogenic acid', '(4R)-4,8-dihydroxy-α-tetralone', 'Kaempferol', '3-O-β-D-quinovopyranosyl quinovic acid', '2-hydroxyphenylacetic acid', '2-methyl-5-[8(Z)-pentadecenyl]resorcinol']]",doi_name
"['10.1590/S0100-40422005000600011', 'Griseofulvin']","['10.1590/S0100-40422005000600011', ['2α,3α-Dihydroxy-urs-12-en-28-oic acid', 'Haplotusine', '5-hydroxyflavone', 'β-Sitosterol benzoate', '2-phenyl-4H-chromen-4-one', 'Oleanolic acid 3-sophoroside', '3-O-β-D-(6’-methyl)-glucopyranosyl-28-O-β-D-glucopyranosyl-oleanate', 'N-acetylnonaine', 'Sinapyl 4-O-β-D-glucopyranoside alcohol', 'Liriodenine', 'Sinapyl 4-O-β-D-glucopyranoside aldehyde', 'Hinesol', 'guaiol', 'γ-eudesmol', 'α-eudesmol', 'Galioside aglicone', '11-O-trans-feruloylteucrein', 'Teucrein', 'Galioside', 'Apodanthoside', ""3',4',5',3,5,7,8-heptamethoxyflavone"", ""3,5,6,7,3',4',5'-heptamethoxyflavonol"", 'Anhydrofusarubin', 'Beauvericin', 'Procyanidin B-3', 'Kaempferol-3-O-D-glucopyranoside', 'Kaempferol-3-O-rutinoside', 'Quercetin-3-O-α-L-rhamnopyranosyl-(1→6)-β-D-galactopyranoside', 'Kaempferol-3-O-α-L-rhamnopyranosyl-(1→6)-β-D-galactopyranoside', '6-Hydroxy-rutin', 'Kaempferol-3-O-D-galactopyranoside', 'Kaempferol-3-O-α-L-rhamnopyranosyl-(1-6)-α-L-rhamnopyranosyl-(1-4)-β-D-glucopyranoside', 'Catechin, Ent-catechin', '5,7-dimethoxy-2,2-dimethyl-2H-1-benzopyran-6-propanoic acid', 'Methyl (3R,4R,5R)-3-{[(2Z)-3-(3,4-dihydroxyphenyl)-2-propenoyl]oxy}-1,4,5-trihydroxycyclohexanecarboxylate', 'Methyl (3R,4R,5R)-3-{[(2E)-3-(3,4-dihydroxyphenyl)-2-propenoyl]oxy}-1,4,5-trihydroxycyclohexanecarboxylate', 'Pimara-7,15-dien-3β-ol', 'Ergosterol peroxide', '8-hydroxy-6-methoxy-3-methylisocoumarin', '(22E,24R)-ergosta-4,6,8(14),22-tetraen-3-one', 'Dimethyl terephthalate', '5,7-dimethoxy-2,2-dimethyl-2H-1-benzopyran-6-propanoate', 'Chlorogenic acid methyl ester, Methyl (1S,3R,4R,5R)-3-{[(2E)-3-(3,4-dihydroxyphenyl)-2-propenoyl]oxy}-1,4,5-trihydroxycyclohexanecarboxylate', '17-(3,4-Methylenedioxyphenyl)-heptadecanoic acid', 'Farnisine', '19´-(3,4-Methylenedioxyphenyl)-nonadecanoic acid', 'Sargaquinoic acid', '(+)-Guaiacin', '21´-(3,4-Methylenedioxyphenyl)-henicosanoic acid', ""7,4'-Dimethoxyflavone"", 'Sargachromenol', ""7,4'-Dihydroxyflavone"", 'Fasciculiferin', ""Juruenolic acid; 2-(4'-Methylpentenyl-3)-10-oxoundecan-2,6-dienoic acid"", 'Tithonine', ""1,4-Dihydroxy-2-(3',7'-dimethyl-1'-oxo-2'-E-6'-octadienyl)benzene"", ""4-Hydroxy-3-(3',7'-dimethyl-3'-hydroxy-1'-oxo-6'-octenyl)benzoic acid"", ""Isosakuranetin; 5,7-dihydroxy-4'-methoxyflavanone"", ""4-Hydroxy-(3',7'-dimethyl-1'-oxo-octa-2'-E-6'-dienyl)benzoic acid"", ""Sakuranetin; 5,4'-dihydroxy-7-methoxyflavanone"", ""Isoswertisin-4'-methyl-ether-2''α-L-rhamnoside"", 'Clusifoliol', '2-Episesalatin', ""Isoswertisin-2''α1-L-rhamnoside"", 'Sesartemin', '4,5-dihydropiperlonguminine; Piperlonguminine', '10,11-dihydropiperine; Δα,β-dihydropiperine', '(E)-piplartine', '4,5-dihydropiperyline', '(Z)-piplartine; 8(Z)-N-(12,13, 14-trimethoxycinnamoyl)- 3-pyridin-2-one', 'Piperine', ""N-[3-(6'-methoxy-3',4'-methy-lenedioxyphenyl)-2(Z)-propenoyl]pyrrolidine"", '8,9-dihydropiplartine; N-(12,13,14-trimethoxydihydrocinnamoyl)-Δ3-pyridin-2-one', '(3Z,5Z)-N-isobutyl-8-(30,40-methylenedioxy-phenyl)-heptadienamide', 'Pellitorine', '(+)-Erythravine', '(+)-α-Hydroxyerysotrine', '(+)-11α-Hydroxyerythravine', '7-Methoxydiderroside', 'Diderroside', 'Secoxyloganin', ""6'-Acetyl-β-D-glucopyranosyldiderroside"", ""3,4-dimethyl-2-(4'-hydroxy-3',5'-dimethoxyphenyl)-5-methoxy-tetrahydrofuran"", ""4-Hydroxy-(3',7'-dimethyl-1'-oxo-octa-2'-Z-6'-dienyl)benzoic acid"", ""Methyl 4-hydroxy-3-(3'-methyl-2'-hydroxy-3'-butenyl)benzoate"", ""Aduncumene; Methyl 2-methoxy-5-(3'-methyl-1'-oxo-2'-butenyl)benzoate"", 'Piperaduncine B', ""Hostmaniene; 4-Hydroxy-3-(2',3'-dihydroxy-3'-methylbutyl)benzoate"", ""Methyl taboganate; Methyl 4-hydroxy-3-(3'-methyl-1'-oxo-2'-butenyl)benzoate"", ""2',6'-Dihydroxy-4'-methoxydihydrochalcone"", ""Methyl 4-hydroxy-3-(3'-methyl-2'-butenyl)benzoate"", ""4-Hydroxy-3-(3',7'-dimethylocta-2'-E-6'-dienyl)benzoic acid"", 'Methyl 2,2-dimethyl-1-oxo-2H-1-benzopyran-6-carboxylate', '3,4,5-Trimethoxydihydrocinnamic acid', 'Aphidicolin', 'Methacrylic acid', 'Taraxerol acetate', 'penduletin 4-O-methyl ether', '3,3-O-dimethylquercetin', '2α,3α,19α- trihydroxyurs-12-en-28-oic acid', '2α,3α-dihydroxyolean-12- en-28-oic acid', 'Chrysoeriol', '3-O-methylquercetin', 'acacetin', '3,7,4-O-trimethylkaempferol', 'p-hydroxybenzoic acid', 'Mycoleptone A', '9-hydroxyeugenin', 'Austdiol diacetate', 'Eugenitin', 'Mycoleptone A tetraacetate', '6-methoxyeugenin', 'Austdiol', 'Mycoleptone B', '(-)-3-O-acetyl-spectaline', 'Isopimpinellin', '4-metoxi-6-[2-(metilamino)fenil]- 2H-piran-2-ona', 'astilbin; Rel-(2R, 3R)-dihydroquercetin-3-O-±-L-rhamnoside', '1,3,5-trihydroxy-4-methoxy-10-methyl- 2,8-bis(3-methylbut-2-enyl)acridin-9(10H)-one', '1,3,5-trihydroxy- 2,8-bis(3-methylbut-2-enyl)-10-methyl-9-acridone', 'Pyranofoline', 'Glycocitrine-I', 'Glycocitrine-IV', 'Citrusinine-II', 'Citrusinine-I', '3,4-dihydro-3,5,8-trihydroxy-6-methoxy-2,2,7-trimethyl-2Hpyrano[ 2,3-a]acridin-12(7H)-one', '5-hydroxynoracronycine; Atalaphyllidine', 'Nitensidine D', 'Nitensidine E', 'cyclo (L)-Pro-Gly', '3,11-dioxoolean-12-en-28- onic acid', 'cryptomeridiol', 'Oleanonic acid', 'Nilocetin', 'Hispidol A', 'Piscidinol A', 'Pentaol', 'Iso-odoratol', 'Stearic acid 4-pentoyloxyphenethyl ester', ""Rel-(7R,8S,7'S,8'S)-4'-hydroxy-3,4,5,3',5'-pentamethoxy-7,7'-epoxylignan"", ""Rel-(7R,8S,7'S,8'S)-4-hydroxy-4',5'-methylenedioxy-3,5,3'-trimethoxy-7,7'-epoxylignan"", ""Rel-(7R,8S,7'S,8'S)-4,5,4',5'-dimethylenedioxy-3,3'-dimethoxy-7,7'-epoxylignan"", ""Rel-(7R,8S,7'S,8'S)-9-hydroxy-4',5'-methylenedioxy-3,4,5,3'-tetramethoxy-7,7'-epoxylignan"", ""Rel-(7R,8S,7'S,8'S)-4',5'-methylenedioxy-3,4,5,3'-tetramethoxy-7,7'-epoxylignan"", ""4-Methoxy-3-(3',7'-dimethylocta-2'-E-6'-dienyl)benzoic acid"", 'Methyl-8-hydroxy-2,2-dimethyl-2H-chromene-6-carboxylate', ""3-(3',7 '-dimethyl-2',6 '-octadienyl)-4-methoxy-benzoic acid"", 'α-Gardiol', 'Ferulic acid', 'β-Gardiol', '1-methoxy-3-hydroxy-3,10b-4,5a-diepoxy-8b-isobutyroyloxygermacr-11(13)-en-6a,12-olide', 'Tagitinin C', '2-n-Pentylquinoline', '2-n-Propylquinoline', ""2-(1'-pentenyl)-Quinoline"", ""2-(3',4'-methylenedioxyphenylethyl)-Quinoline"", '5α-carboxystrictosidine', 'Strictosidine acid', 'Turbinatine', '3,4-dehydrostrictosidine acid', 'Harman-3-carboxylic acid', 'Cordifoline', '3,4-dehydro-strictosidine', 'Deoxycordifoline', ""2'-hydroxy-3,4,4'-trimethoxy-5',6'-(2'',2''-dimethylpyrano)-chalcone"", ""3',4'-methylenedioxy-5,6,7- trimethoxyflavone"", ""3',4'-methylenedioxy-5,5',6,7-tetramethoxyflavone"", ""3',4'-methylenedioxy-5,7-dimethoxyflavone"", 'Xanthyletin', 'Nectandrin B', '7-Methyl-sargachromenol; 2,7,8-Trimethyl-2-[(3-E,7-Z)-4,12-dimethyl-8-carboxyl-3,7,11-tridecatrienyl]-3-chromen-6-ol, β-caroteno', 'Epi-guaiacin', 'Verrucosin', '21α,25-dimethylmelianodiol', '3,21-Di-epi-feroniellide B', '21β,25-dimethylmelianodiol', 'bis-5-hydroxyacronycine', 'Citibrasine', '2,3-dihydro-4,9-dihydroxy-2-(2-hydroxy-propan-2-yl)- 11-methoxy-10-methylfuro[3,2-b]acridin-5(10H)-one', 'β-caryophyllene, trans-caryophyllene', 'Cusculine; 1,2,3,5,6-pentamethoxy-9-acridone', 'Cuspanine; 1-hydroxy-2,3,5,6-tetramethoxy-9-acridone', '[10]-gingerol', ""2,4-Dihydroxy-6-[(1'E,3'E)-penta-1', 3'-dienyl]-benzaldehyde"", '2-methyl-5-[8(Z)-pentadecenyl]resorcinol', 'Kaempferol', '2-hydroxyphenylacetic acid', '3-O-β-D-quinovopyranosyl quinovic acid', '(4R)-4,8-dihydroxy-α-tetralone', 'scillascillin', 'Chlorogenic acid', 'Chalepin', 'Piperol B', '(-)-Hardwickiic acid', ""5-[3''-(β-D-glucopyranosyloxy)propyl]-7-methoxy-2-(3',4'-methylenedioxyphenyl)benzofuran"", '28-O-β-D-glucopyranosyl quinovic acid', '2-Methyl-4-hydroxy-butyl caffeoate', 'N-1,N-2,N-3-Triisopentenylguanidine', '5-hydroxy-N-methylseverifoline', '19,20-Epoxycytochalasin N', 'ellagic acid 4-O-α-L-rhamnopyranoside; eschweilenol C', 'Mayoside C', 'Ourateacatechin', ""3',4',5',5,7-pentamethoxyflavone"", '2-methyl-5-pentadecylresorcinol', '3β-hydroxy-stigmast-5-en-7-one; 24-β-7-oxositosterol', 'Viburgenin', ""Pterogynoside; Kaempferol-3-O-(3''-O-4'''-methylgallate-α-L-rhamnoside)"", 'Isobutyl gallate', '7′-multijuguinone', 'Griseofulvin', ""7-Hydroxy-4',6-dimethoxyisoflavone; Afrormosin; Afromosin"", '8-methoxymellein', '(±)-Syringaresinol', '5-[8(Z),11(Z)-pentadecadienyl]resorcinol', '(-)-Spectalinine', 'Ocotillone', 'des-N-methylnoracronycine', 'Sorbifolin 6-O-β-glucopyranoside', 'Rel-2α-hydroxyzuelanin-6β-benzoate', '2,6-di-O-acetylcasearupestrin D', ""Methyl-2,2-dimethyl-8-(3'-methylbut-2'-enyl)chroman-6-carboxylate"", '2,7-Di-O-acetylcasearupestrin A', 'Nitensidine B', '1-methyl-2-n-nonyl-4-quinolone', '5-[8(Z),11(Z),14-pentadecatrienyl]resorcinol', 'Nitensidine A', ""8-hydroxy-3,5,7,3',4',5'-hexamethoxyflavonol"", 'Odoratol', 'Leptomerine', 'Maculosidine', 'Podocarpusflavone A', 'Casearupestrin C', '6α-malonyloxy-n-butyl ester manoyl oxide', 'citrusinine-I', 'Ricinine', 'Leptophyllin A', '5-pentadecylresorcinol', 'Netzahualcoyondiol', 'Pristimerin; 20α-3-hydroxy-2-oxo-24-nor-friedela-1-10,3,5,7-tetraen-carboxylic acid-29-methylester', '3,4,5-trimethoxyphenyl 1-O-β-D-apiofuranosyl-(1→6)-O-β-D-glucopyranoside', 'β-photogedunin', 'fraxinellonone', 'Dibenzyl sulphide', '(-) Cis-4-hydroxy-6-deoxyscytalone', 'Plumericin', '20-hydroxyecdysone; polypodine A', '3-Acetyl aleuritolic acid', 'n-Butyl gallate', ""5-[3''-(β-D-glucopyranosyloxy)propyl]-7-methoxy-2-(3',4'-dimethoxyphenyl)benzofuran"", '3,12-Dihydroxycadalene', '7-hydroxy-3- (11-dimethylallyl)-8-methoxycoumarin', ""N-[7-(3',4'-methylenedioxyphenyl)-2(Z),4(Z)-heptadienoyl]pyrrolidine"", ""Acteoside; [β-3,4-dihydroxyphenyl)-ethyl]-(3'-O-α-L-rhamnopyranosyl)-(4'-O-cafeoyl)-β-D-glycopyranoside, verbascoside"", '19,20-Epoxycytochalasin D', 'fumiquinozoline F', 'Kaempferol 3-O-α-L-rhamnopyranosyl (1→6)-O-[β -D-glucopyranosyl (1→3)-O-α-L-rhamnopyranosyl-(1→2)]-O-β -D-glucopyranosyl', '3β-O-[α-L-rhamnopyranosyl-(1→2)-O-β-D-glucopyranosyl-(1→2)-O-β-D-glucopyranosyl]-28-O-β-D-glucopyranoside pomolate', 'Dibenzyl tetrasulphide', ""2',5-dihydroxy-3-methoxy-8-dimethylallyl-6, 7-(2' ',2''-dimethylpyrano)-dihydroflavonol"", '2-n-nonyl-4-quinolone', 'Cytochalasin D', 'p-hydroxybenzoic acid-geranyl ester', 'Dibenzyl disulphide', 'Proanthocyanidin', 'neoisoastilbin', '(R)-7-Hydroxymellein', 'Isoorientin', 'Uracil', 'urauchimycin A', 'p-Coumaric acid', '(-)-Epigallocatechin', 'Netzahualcoyonol', '1-[3-(3,7-dimethylocta-2,6-dien-1-yl)-2,4,6- trihydroxyphenyl]-3-(4-hydroxyphenyl)propan-1-one', '6α-malonyloxymanoyl oxide', 'Benzylhydroxymethyl sulphide', '1,6-di-O-caffeoyl-β-D-glucopyranoside', '2-methyl-5-[8(Z),11(Z),14-pentadecatrienyl]resorcinol', 'Di-hydrodehydrodiconiferyl alcohol', 'Quercetin', ""2-(2'-O-trans-cinnamoyl)-C-β-D-glucopyranosyl-1,3,6,7-tetrahydroxyxanthone"", 'urauchimycin B', 'Homoegonol', '[8]-gingerol', '4-Hydroxymellein', '5-hydroxymellein', 'Alkenoic acid', 'Quercetin 3-O-α-L-rhamnopyranosyl (1→6)-O-[β -D-glucopyranosyl (1→3)-O-α-L-rhamnopyranosyl-(1→2)]-O-β -D-glucopyranosyl', 'Heveaflavone', 'Arboreumine', '3-Oxoursolic acid', 'Casearupestrin B', 'toonacilin', 'Skimmianine', '1-O-(E)-feruloyl-β-D-glucopyranoside', '19,20-Epoxycytochalasin C', 'n-Pentyl gallate', 'Orcinol', 'Periconicin B', 'Phomopsilactone', ""(2S)-8-Isopentyl-2-methyl-2-(4'-methylpentyl)chroman-6-carboxylic acid"", '2,2-dimethyl-2H-chromene-6-carboxylic acid', '1,2-dihydro- 3β-hydroxy-7-deacetoxy-7-oxogedunin', 'Photogedunin', 'Caseobliquin A', 'Methyl angolensate', ""5-(3'' -Hydroxypropyl)-7-methoxy-2-(3',4' -methyl-enedioxyphenyl)benzofuran"", '22β-hydroxypristimerin', '1- (5,7-dihydroxy-2,2-dimethylchroman-6-yl)-3-(2,2-dimethylchroman- 6-yl)propan-1-one', 'Canavaline', 'Casearin X; (1R*,3S*,5S*,6aR*,7S*,8S*,10R*,10aR*)-1-(Acetyloxy)-3,5,6,6a,7,8,9,10-octahydro-10-hydroxy-7,8-dimethyl-7-[(2Z)-3-methylpenta-2,4-dien-1-yl]naphtho[1,8a-c]furan-3,5-diyl Dibutanoate', 'α-L-xylopyranosyl-(4""→20)-(3-O-β-D-glucopyranosyl)-1\'-O-E-caffeoyl-β-D-glucopyranoside', ""2-(R)-Methyl-6-(S)-(tetradecyl-13'-one)-3(R)-O-tert-butyldimethylsilyl-piperidine"", '(2S)-Methyl-2-methyl-8-(3""-methylbut-2""-enyl)-2-(4\'-methylpent-3\'-enyl)-2H-chromene-6-carboxylate', 'Casearin T', 'Piperyline, N-[10-(13,14-methylenedioxyphenyl)-7(E),9(E)-pentadienoyl]-pyrrolidine', 'ω-fenil alcanoic acid', '2-butyl-D-fructofuranoside', ""Gaudichaudianic acid; (2S)-2-methyl-2-(4'methyl-3'-pentenyl)-8-(3''-methyl-2-butenyl)- 2H-1-benzopyran-6-carboxylic acid"", 'limonexic acid', 'Di(benzyltrithio) methane', '3,11,12-Trihydroxycadalene', 'Quercetin 3-O-sophoroside', '6α-acetoxymanoyl oxide', 'Methyl-8-hydroxy-2,2-dimethylchroman-6-carboxylate', 'Pedalitin', '1-O-(E)-caffeoyl-β-D-glucopyranoside', 'Gallic acid; 3,4,5-trihydroxybenzoic acid', 'Quercitrin, 3-O-α-rhamnosylquercetin', '(3R,4R)-3,4-Dihydro-4,6-dihydroxy-3-methyl-1-oxo-1H-isochromene-5-carboxylic acid', '24-methylene-3,22-dihydroxycholesterol', 'amorphispironone', 'Casearupestrin D', 'Chaetoglobosin B', ""2-(2'-O-benzoyl)-C-β-D-glucopyranosyl-1,3,6,7-tetrahydroxyxanthone"", 'Isoplumericin', 'N-[10-(13,14-methylenedioxyphenyl)-7(E),9(Z)-pentadienoyl]-pyrrolidine', '6-[8(Z)-pentadecenyl]salicylic acid', '(2S)-2-methyl-8-(3""-methylbut-2""-enyl)-2-(4\'-methylpent-3\'-enyl)-2H-chromene-6-carboxylic acid', 'Burchellin', '5-[8(Z)-pentadecenyl]resorcinol', 'Luteolin; 2-(3,4-dihydroxyphenyl)-5,7-dihydroxy-4H-chromen-4-one', '6α-acetoxy-14β,15β-epoxyazadirone', 'epoxy-fraxinellone', '12′-hydroxy-7′-multijuguinone', 'Kaempferitrin', 'Nitensidine C', 'Dipropyl disulphide', '2-methyl-5-[8(Z),11(Z)-pentadecadienyl]resorcinol', 'Methyl 6,7,8-trimethoxydihydrocinnamate', 'polypodine B', 'n-Propyl gallate', ""3',4',5',5,7,8-hexamethoxyflavone"", 'Isopropyl gallate', '6β-hydroxy-7-epigardoside methyl ester', 'Tetrahydropiperyline, N-[10-(13,14-methylenedioxyphenyl)-pentanoyl]-pyrrolidine', 'Piperovatine', '2,4,6-trimethoxybenzoic acid', 'fraxinellone', '6-[ 8(Z),11(Z) -pentadecadienyl] salicylic acid', '3,4,5-Triacetoxybenzoic acid', 'Odoratone', 'Rel-6β-hydroxyzuelanin-2β-benzoate', 'shidasterone', '5-hydroxymethyl- 2-furancarboxaldehyde; 5-hydroxymethyl-2-furfuraldehyde', 'atalaphyllinine', 'N-[10- (13,14-methylenedioxyphenyl)-7(E)-pentaenoyl]-pyrrolidine', '2-Methyl-5-methoxy-benzopyran-4-one', '3,4-dihydroxybenzoic acid geranyl ester', 'Gedunin', 'Sinapic acid', '19,20-Epoxycytochalasin Q', '19,20-Epoxycytochalasin R', 'Muraxanthone', '(+)-3-O-feruloylcassine', 'Pedalin, pedalitin 6-O-β -glucopyranoside', 'Caseargrewiin F; (1R*,3S*,5S*,6aR*,7S*,8R*,10R*,10aR*)-1,3-Bis(acetyloxy)-3,5,6,6a,7,8,9,10-octahydro-10-hydroxy-7,8-dimethyl-7-[(2Z)-3-methylpenta-2,4-dien-1-yl]naphtho[1,8a-c]furan-5-yl Butanoate', 'Casearin L; (1R*,3S*,5S*,6aR*,7R*,8R*,9S*,10S*,10aR*)-1,10-Bis(acetyloxy)-3,5,6,6a,7,8,9,10-octahydro-9-hydroxy-5-methoxy-7,8-dimethyl-7-[(2Z)-3-methylpenta-2,4-dien-1-yl]naphtho[1,8a-c]-furan-3-yl Butanoate', 'Platydesmine', 'Leiokinine A', 'Cabraleadiol', 'schaftoside', ""(2S)-Methyl-8-isopentyl-2-methyl-2-(4'-methylpentyl)chroman-6-carboxylate"", 'Casearupestrin A', '2-oxo-piperol B; (7S*, 8R*, 1R*, 3R*)-3,4,5-trimethoxy-3,7-cyclo-8,1-neolig-8-ene-2,4(3H)-dione', 'taxifolin', ""(2'S)-2-(propan-2'-ol)-5-hydroxy-benzopyran-4-one"", 'Rel-(+)-(7S,9R,10S)-3,9,12-trihydroxycalamenene', 'Casearin S', '2-Hexyl-3-methyl-butanodioic acid', 'Amentoflavone', '1-(5,7-dihydroxy-2,2-dimethylchroman-6-yl)-3-(1,1,4a-trimethyl-2,3,4,4a,9a-hexahydro-1H-xanthen-7-yl)propan-1-one', 'Methyl (E)-6,7,8-trimethoxycinnamate', '3,4,5-Trimethoxyphenyl-1-O-β-D-(5-O-syringoyl)-apiofuranosyl-(1→6)-β-D-glucopyranoside', '6-[8(Z),11(Z),14-pentadecatrienyl]salicylic acid', '11β-acetoxyobacunone', '1-(5,7-dihydroxy-2,2-dimethylchroman- 6-yl)-3-[4-hydroxy-3-(3-methylbut-2-en-1-yl)- phenyl]propan-1-one', '(3R,4R)-4,7-Dihydroxymellein', ""Nitensoside B; Pedalitin 6-O-α-rhamnopyranosyl(1'''→6'')-β-glucopyranoside"", 'Methyl gallate', '3-O-β-D-quinovopyranosyl cincholic acid', 'Afzelin, 3-O-α-rhamnosyl kaempferol', 'Egonol', '4-Nerolidilcatechol', ""2-(2'-O-transcoumaroyl)-C-β-D-glucopyranosyl-1,3,6,7-tetrahydroxyxanthone"", 'Syringic acid', 'Lauryl gallate', 'Syringaldehyde', '22-hydroxytirucalla-7,24-diene-2,3-dione', 'Trans-3’-methylsulphonylallyl trans-cinnamate', '(3-(2-(4-hydroxyphenyl)-2-oxoethyl)-5,6-dihydropyridin- 2(1H)-one)', 'Mangiferin', 'Salacin', '6-pentadecylsalicylic acid', 'Methyl-2,2-dimethylchroman-6-carboxylate', ""Myrsinoic acid A, 3-Geranyl-4-hydroxy-5-(3'',3''-dimethylallyl)benzoic acid"", '20α-Hydroxymaytenin; 20-hydroxy-20-epi-tingenone', '(-)-Epigallocatechin-3-O-gallate', 'Casearin D; (1R*,3S*,5S*,6aR*,7R*,8R*,9S*,10S*,10aR*)-1-(Acetyloxy)-3,5,6,6a,7,8,9,10-octahydro-5,10-dihydroxy-7,8-dimethyl-7-[(2Z)-3-methylpenta-2,4-dien-1-yl]naphtho[1,8a-c]furan-3,9-diyl Dibutanoate', 'Rel. (+)-(7S,10S) 3,12-dihydroxycalamenene', 'carlinoside', 'Methyl-8-(ethanoyloxy)-2,2-dimethyl-2H-chromene-6-carboxylate', 'Dibenzyl trisulphide', 'Maytenin, Tingenone', 'Kokusaginine', ""2-(2'-O-trans-caffeoyl)-C-β-D-glucopyranosyl-1,3,6,7-tetrahydroxyxanthone"", 'Netzahualcoyene', 'Casearin X Dialdehyde; (2R*,4aS*,5S*,7R*,8R*,8aS*)-4,4a-Diformyl-1,2,4a,5,6,7,8,8a-octahydro-5-hydroxy-7,8-dimethyl-8-[(2Z)-3-methylpenta-2,4-dien-1-yl]naphthalen-2-yl Butanoate', 'Sorbifolin', ""Nitensoside A; Sorbifolin 6-O-α-rhamnopyranosyl(1'''→6'')-β-glucopyranoside"", 'Casearin O; (1R*,3S*,5S*,6aR*,7R*,8R*,9S*,10S*,10aR*)-1,10-Bis(acetyloxy)-5-methoxy-7,8-dimethyl-7-[(2Z)-3-methylpenta-2,4-dien-1-yl]-3,5,6,6a,7,8,9,10-octahydronaphtho[1,8a-c]furan-3,9-diyl Dibutanoate', 'germacrene D', '2β-Hydroxyzuelanin-6β-cinnamate', 'arjunolic acid', 'stachysterone', 'Ethyl 2,4-dihydroxy-5,6-dimethylbenzoate', 'Amentoflavone 7”,4”’-dimethyl ether', 'Picramnioside F', 'Cyclo-(L-Pro-L-Val)', 'Acetonide of odoratol', '(−)-Grandisin', '24-methylenecycloartan-3b-ol', 'Ixoside', 'Cognatine', 'Fagaramide']]",doi_name
"['10.1021/np9004079', 'Caseobliquin A']","['10.1021/np9004079', ['Teucrein', '11-O-trans-feruloylteucrein', 'Galioside', 'Apodanthoside', 'Galioside aglicone', 'Hinesol', 'guaiol', 'γ-eudesmol', 'α-eudesmol', 'Mycoleptone A', '9-hydroxyeugenin', 'Eugenitin', 'Austdiol diacetate', 'Austdiol', '6-methoxyeugenin', 'Mycoleptone B', 'Mycoleptone A tetraacetate', ""2'-hydroxy-3,4,4'-trimethoxy-5',6'-(2'',2''-dimethylpyrano)-chalcone"", ""3',4'-methylenedioxy-5,6,7- trimethoxyflavone"", ""3',4'-methylenedioxy-5,5',6,7-tetramethoxyflavone"", ""3',4'-methylenedioxy-5,7-dimethoxyflavone"", 'Farnisine', '21´-(3,4-Methylenedioxyphenyl)-henicosanoic acid', 'Sargachromenol', ""7,4'-Dimethoxyflavone"", '19´-(3,4-Methylenedioxyphenyl)-nonadecanoic acid', ""7,4'-Dihydroxyflavone"", 'Sargaquinoic acid', '(+)-Guaiacin', 'Tithonine', ""Juruenolic acid; 2-(4'-Methylpentenyl-3)-10-oxoundecan-2,6-dienoic acid"", 'Fasciculiferin', '17-(3,4-Methylenedioxyphenyl)-heptadecanoic acid', '7-Methoxydiderroside', 'Diderroside', 'Secoxyloganin', ""6'-Acetyl-β-D-glucopyranosyldiderroside"", 'Kaempferol-3-O-rutinoside', 'Catechin, Ent-catechin', 'Kaempferol-3-O-α-L-rhamnopyranosyl-(1→6)-β-D-galactopyranoside', 'Kaempferol-3-O-D-galactopyranoside', 'Kaempferol-3-O-α-L-rhamnopyranosyl-(1-6)-α-L-rhamnopyranosyl-(1-4)-β-D-glucopyranoside', 'Quercetin-3-O-α-L-rhamnopyranosyl-(1→6)-β-D-galactopyranoside', 'Procyanidin B-3', '6-Hydroxy-rutin', 'Kaempferol-3-O-D-glucopyranoside', 'β-Gardiol', 'α-Gardiol', 'Ferulic acid', '(3Z,5Z)-N-isobutyl-8-(30,40-methylenedioxy-phenyl)-heptadienamide', 'Pellitorine', 'Piperine', '10,11-dihydropiperine; Δα,β-dihydropiperine', '4,5-dihydropiperyline', '(E)-piplartine', '(Z)-piplartine; 8(Z)-N-(12,13, 14-trimethoxycinnamoyl)- 3-pyridin-2-one', ""N-[3-(6'-methoxy-3',4'-methy-lenedioxyphenyl)-2(Z)-propenoyl]pyrrolidine"", '4,5-dihydropiperlonguminine; Piperlonguminine', '8,9-dihydropiplartine; N-(12,13,14-trimethoxydihydrocinnamoyl)-Δ3-pyridin-2-one', ""4-Methoxy-3-(3',7'-dimethylocta-2'-E-6'-dienyl)benzoic acid"", ""3-(3',7 '-dimethyl-2',6 '-octadienyl)-4-methoxy-benzoic acid"", 'Methyl-8-hydroxy-2,2-dimethyl-2H-chromene-6-carboxylate', '(+)-α-Hydroxyerysotrine', '(+)-Erythravine', '(+)-11α-Hydroxyerythravine', ""Rel-(7R,8S,7'S,8'S)-4',5'-methylenedioxy-3,4,5,3'-tetramethoxy-7,7'-epoxylignan"", ""Rel-(7R,8S,7'S,8'S)-9-hydroxy-4',5'-methylenedioxy-3,4,5,3'-tetramethoxy-7,7'-epoxylignan"", ""Rel-(7R,8S,7'S,8'S)-4-hydroxy-4',5'-methylenedioxy-3,5,3'-trimethoxy-7,7'-epoxylignan"", ""Rel-(7R,8S,7'S,8'S)-4'-hydroxy-3,4,5,3',5'-pentamethoxy-7,7'-epoxylignan"", ""Rel-(7R,8S,7'S,8'S)-4,5,4',5'-dimethylenedioxy-3,3'-dimethoxy-7,7'-epoxylignan"", 'Isopimpinellin', 'Epi-guaiacin', 'Verrucosin', 'Nectandrin B', '7-Methyl-sargachromenol; 2,7,8-Trimethyl-2-[(3-E,7-Z)-4,12-dimethyl-8-carboxyl-3,7,11-tridecatrienyl]-3-chromen-6-ol, β-caroteno', '2α,3α,19α- trihydroxyurs-12-en-28-oic acid', 'penduletin 4-O-methyl ether', '3,3-O-dimethylquercetin', '3-O-methylquercetin', '2α,3α-dihydroxyolean-12- en-28-oic acid', 'p-hydroxybenzoic acid', 'Chrysoeriol', 'acacetin', '3,7,4-O-trimethylkaempferol', '5,7-dimethoxy-2,2-dimethyl-2H-1-benzopyran-6-propanoate', 'Chlorogenic acid methyl ester, Methyl (1S,3R,4R,5R)-3-{[(2E)-3-(3,4-dihydroxyphenyl)-2-propenoyl]oxy}-1,4,5-trihydroxycyclohexanecarboxylate', '3,21-Di-epi-feroniellide B', '21β,25-dimethylmelianodiol', '21α,25-dimethylmelianodiol', 'Xanthyletin', 'Citibrasine', 'bis-5-hydroxyacronycine', '2,3-dihydro-4,9-dihydroxy-2-(2-hydroxy-propan-2-yl)- 11-methoxy-10-methylfuro[3,2-b]acridin-5(10H)-one', ""4-Hydroxy-(3',7'-dimethyl-1'-oxo-octa-2'-Z-6'-dienyl)benzoic acid"", ""Aduncumene; Methyl 2-methoxy-5-(3'-methyl-1'-oxo-2'-butenyl)benzoate"", ""Methyl 4-hydroxy-3-(3'-methyl-2'-hydroxy-3'-butenyl)benzoate"", 'Methyl 2,2-dimethyl-1-oxo-2H-1-benzopyran-6-carboxylate', ""2',6'-Dihydroxy-4'-methoxydihydrochalcone"", ""Hostmaniene; 4-Hydroxy-3-(2',3'-dihydroxy-3'-methylbutyl)benzoate"", ""4-Hydroxy-3-(3',7'-dimethylocta-2'-E-6'-dienyl)benzoic acid"", 'Piperaduncine B', ""Methyl taboganate; Methyl 4-hydroxy-3-(3'-methyl-1'-oxo-2'-butenyl)benzoate"", '3,4,5-Trimethoxydihydrocinnamic acid', ""Methyl 4-hydroxy-3-(3'-methyl-2'-butenyl)benzoate"", '1,3,5-trihydroxy-4-methoxy-10-methyl- 2,8-bis(3-methylbut-2-enyl)acridin-9(10H)-one', '1,3,5-trihydroxy- 2,8-bis(3-methylbut-2-enyl)-10-methyl-9-acridone', '3,4-dihydro-3,5,8-trihydroxy-6-methoxy-2,2,7-trimethyl-2Hpyrano[ 2,3-a]acridin-12(7H)-one', 'Citrusinine-II', 'Glycocitrine-IV', 'Citrusinine-I', '5-hydroxynoracronycine; Atalaphyllidine', 'Glycocitrine-I', 'Pyranofoline', ""3',4',5',3,5,7,8-heptamethoxyflavone"", ""3,5,6,7,3',4',5'-heptamethoxyflavonol"", 'cyclo (L)-Pro-Gly', 'Aphidicolin', '5,7-dimethoxy-2,2-dimethyl-2H-1-benzopyran-6-propanoic acid', '2-n-Pentylquinoline', ""2-(1'-pentenyl)-Quinoline"", ""2-(3',4'-methylenedioxyphenylethyl)-Quinoline"", '2-n-Propylquinoline', '(-)-3-O-acetyl-spectaline', 'Tagitinin C', '1-methoxy-3-hydroxy-3,10b-4,5a-diepoxy-8b-isobutyroyloxygermacr-11(13)-en-6a,12-olide', ""4-Hydroxy-3-(3',7'-dimethyl-3'-hydroxy-1'-oxo-6'-octenyl)benzoic acid"", ""Isosakuranetin; 5,7-dihydroxy-4'-methoxyflavanone"", ""1,4-Dihydroxy-2-(3',7'-dimethyl-1'-oxo-2'-E-6'-octadienyl)benzene"", ""4-Hydroxy-(3',7'-dimethyl-1'-oxo-octa-2'-E-6'-dienyl)benzoic acid"", ""Sakuranetin; 5,4'-dihydroxy-7-methoxyflavanone"", 'Methyl (3R,4R,5R)-3-{[(2E)-3-(3,4-dihydroxyphenyl)-2-propenoyl]oxy}-1,4,5-trihydroxycyclohexanecarboxylate', 'Methyl (3R,4R,5R)-3-{[(2Z)-3-(3,4-dihydroxyphenyl)-2-propenoyl]oxy}-1,4,5-trihydroxycyclohexanecarboxylate', ""3,4-dimethyl-2-(4'-hydroxy-3',5'-dimethoxyphenyl)-5-methoxy-tetrahydrofuran"", 'Anhydrofusarubin', 'Beauvericin', 'Nitensidine D', 'Nitensidine E', 'Taraxerol acetate', 'Pimara-7,15-dien-3β-ol', '(22E,24R)-ergosta-4,6,8(14),22-tetraen-3-one', 'Dimethyl terephthalate', '8-hydroxy-6-methoxy-3-methylisocoumarin', 'Ergosterol peroxide', 'Pentaol', 'Piscidinol A', 'Iso-odoratol', '3,11-dioxoolean-12-en-28- onic acid', 'cryptomeridiol', 'Oleanonic acid', 'Nilocetin', 'Hispidol A', 'astilbin; Rel-(2R, 3R)-dihydroquercetin-3-O-±-L-rhamnoside', 'Clusifoliol', ""Isoswertisin-4'-methyl-ether-2''α-L-rhamnoside"", ""Isoswertisin-2''α1-L-rhamnoside"", '2-Episesalatin', 'Sesartemin', 'β-caryophyllene, trans-caryophyllene', 'Deoxycordifoline', 'Cordifoline', '3,4-dehydrostrictosidine acid', 'Turbinatine', 'Harman-3-carboxylic acid', 'Strictosidine acid', '3,4-dehydro-strictosidine', '5α-carboxystrictosidine', 'Stearic acid 4-pentoyloxyphenethyl ester', 'Methacrylic acid', '4-metoxi-6-[2-(metilamino)fenil]- 2H-piran-2-ona', 'Cusculine; 1,2,3,5,6-pentamethoxy-9-acridone', 'Cuspanine; 1-hydroxy-2,3,5,6-tetramethoxy-9-acridone', '2α,3α-Dihydroxy-urs-12-en-28-oic acid', 'Oleanolic acid 3-sophoroside', '3-O-β-D-(6’-methyl)-glucopyranosyl-28-O-β-D-glucopyranosyl-oleanate', 'β-Sitosterol benzoate', '5-hydroxyflavone', 'Haplotusine', '2-phenyl-4H-chromen-4-one', 'Sinapyl 4-O-β-D-glucopyranoside aldehyde', 'Sinapyl 4-O-β-D-glucopyranoside alcohol', 'N-acetylnonaine', 'Liriodenine', '[10]-gingerol', ""2,4-Dihydroxy-6-[(1'E,3'E)-penta-1', 3'-dienyl]-benzaldehyde"", '2-methyl-5-[8(Z)-pentadecenyl]resorcinol', 'Kaempferol', '2-hydroxyphenylacetic acid', '3-O-β-D-quinovopyranosyl quinovic acid', '(4R)-4,8-dihydroxy-α-tetralone', 'scillascillin', '3β-hydroxy-stigmast-5-en-7-one; 24-β-7-oxositosterol', 'Kokusaginine', ""2-(2'-O-trans-caffeoyl)-C-β-D-glucopyranosyl-1,3,6,7-tetrahydroxyxanthone"", 'Netzahualcoyene', 'Casearin X Dialdehyde; (2R*,4aS*,5S*,7R*,8R*,8aS*)-4,4a-Diformyl-1,2,4a,5,6,7,8,8a-octahydro-5-hydroxy-7,8-dimethyl-8-[(2Z)-3-methylpenta-2,4-dien-1-yl]naphthalen-2-yl Butanoate', 'polypodine B', 'n-Propyl gallate', ""3',4',5',5,7,8-hexamethoxyflavone"", ""8-hydroxy-3,5,7,3',4',5'-hexamethoxyflavonol"", 'Odoratol', 'Leptomerine', '5-hydroxy-N-methylseverifoline', '19,20-Epoxycytochalasin N', 'ellagic acid 4-O-α-L-rhamnopyranoside; eschweilenol C', 'Mayoside C', 'Ourateacatechin', ""3',4',5',5,7-pentamethoxyflavone"", '2-methyl-5-pentadecylresorcinol', '7′-multijuguinone', 'Griseofulvin', ""7-Hydroxy-4',6-dimethoxyisoflavone; Afrormosin; Afromosin"", '8-methoxymellein', '(±)-Syringaresinol', 'Cyclo-(L-Pro-L-Val)', 'fraxinellonone', ""Methyl-2,2-dimethyl-8-(3'-methylbut-2'-enyl)chroman-6-carboxylate"", '2,7-Di-O-acetylcasearupestrin A', 'Nitensidine B', '1-methyl-2-n-nonyl-4-quinolone', '5-[8(Z),11(Z),14-pentadecatrienyl]resorcinol', 'Piperol B', '(-)-Hardwickiic acid', ""5-[3''-(β-D-glucopyranosyloxy)propyl]-7-methoxy-2-(3',4'-methylenedioxyphenyl)benzofuran"", '28-O-β-D-glucopyranosyl quinovic acid', '2-Methyl-4-hydroxy-butyl caffeoate', 'N-1,N-2,N-3-Triisopentenylguanidine', 'Dibenzyl trisulphide', 'Maytenin, Tingenone', 'Chlorogenic acid', 'Nitensidine A', 'Cytochalasin D', 'Isoorientin', 'Uracil', 'Maculosidine', 'Podocarpusflavone A', 'Casearupestrin C', '6α-malonyloxy-n-butyl ester manoyl oxide', 'citrusinine-I', 'Ricinine', 'Leptophyllin A', '5-pentadecylresorcinol', 'urauchimycin B', 'Homoegonol', '[8]-gingerol', '4-Hydroxymellein', '5-hydroxymellein', 'Pristimerin; 20α-3-hydroxy-2-oxo-24-nor-friedela-1-10,3,5,7-tetraen-carboxylic acid-29-methylester', '3,4,5-trimethoxyphenyl 1-O-β-D-apiofuranosyl-(1→6)-O-β-D-glucopyranoside', 'β-photogedunin', 'n-Butyl gallate', 'Dibenzyl sulphide', '(-) Cis-4-hydroxy-6-deoxyscytalone', 'Plumericin', '5-[8(Z),11(Z)-pentadecadienyl]resorcinol', '(-)-Spectalinine', '19,20-Epoxycytochalasin D', 'fumiquinozoline F', 'Kaempferol 3-O-α-L-rhamnopyranosyl (1→6)-O-[β -D-glucopyranosyl (1→3)-O-α-L-rhamnopyranosyl-(1→2)]-O-β -D-glucopyranosyl', '3β-O-[α-L-rhamnopyranosyl-(1→2)-O-β-D-glucopyranosyl-(1→2)-O-β-D-glucopyranosyl]-28-O-β-D-glucopyranoside pomolate', 'Dibenzyl tetrasulphide', ""2',5-dihydroxy-3-methoxy-8-dimethylallyl-6, 7-(2' ',2''-dimethylpyrano)-dihydroflavonol"", '2-n-nonyl-4-quinolone', ""2-(2'-O-trans-cinnamoyl)-C-β-D-glucopyranosyl-1,3,6,7-tetrahydroxyxanthone"", 'Ocotillone', 'des-N-methylnoracronycine', 'Sorbifolin 6-O-β-glucopyranoside', 'Rel-2α-hydroxyzuelanin-6β-benzoate', '2,6-di-O-acetylcasearupestrin D', 'urauchimycin A', 'p-Coumaric acid', '(-)-Epigallocatechin', 'Netzahualcoyonol', '1-[3-(3,7-dimethylocta-2,6-dien-1-yl)-2,4,6- trihydroxyphenyl]-3-(4-hydroxyphenyl)propan-1-one', '6α-malonyloxymanoyl oxide', 'Benzylhydroxymethyl sulphide', '1,6-di-O-caffeoyl-β-D-glucopyranoside', '2-methyl-5-[8(Z),11(Z),14-pentadecatrienyl]resorcinol', 'Netzahualcoyondiol', 'Alkenoic acid', 'Quercetin 3-O-α-L-rhamnopyranosyl (1→6)-O-[β -D-glucopyranosyl (1→3)-O-α-L-rhamnopyranosyl-(1→2)]-O-β -D-glucopyranosyl', 'Heveaflavone', 'Arboreumine', '3-Oxoursolic acid', 'Casearupestrin B', 'toonacilin', 'Pedalitin', 'Caseobliquin A', 'Methyl angolensate', ""5-(3'' -Hydroxypropyl)-7-methoxy-2-(3',4' -methyl-enedioxyphenyl)benzofuran"", '22β-hydroxypristimerin', '1- (5,7-dihydroxy-2,2-dimethylchroman-6-yl)-3-(2,2-dimethylchroman- 6-yl)propan-1-one', 'Canavaline', 'Di-hydrodehydrodiconiferyl alcohol', 'Quercetin', ""(2S)-8-Isopentyl-2-methyl-2-(4'-methylpentyl)chroman-6-carboxylic acid"", '2,2-dimethyl-2H-chromene-6-carboxylic acid', '1,2-dihydro- 3β-hydroxy-7-deacetoxy-7-oxogedunin', 'Photogedunin', 'Casearin X; (1R*,3S*,5S*,6aR*,7S*,8S*,10R*,10aR*)-1-(Acetyloxy)-3,5,6,6a,7,8,9,10-octahydro-10-hydroxy-7,8-dimethyl-7-[(2Z)-3-methylpenta-2,4-dien-1-yl]naphtho[1,8a-c]furan-3,5-diyl Dibutanoate', 'Skimmianine', 'p-hydroxybenzoic acid-geranyl ester', 'Dibenzyl disulphide', 'Proanthocyanidin', ""5-[3''-(β-D-glucopyranosyloxy)propyl]-7-methoxy-2-(3',4'-dimethoxyphenyl)benzofuran"", '3,12-Dihydroxycadalene', '7-hydroxy-3- (11-dimethylallyl)-8-methoxycoumarin', ""N-[7-(3',4'-methylenedioxyphenyl)-2(Z),4(Z)-heptadienoyl]pyrrolidine"", ""Acteoside; [β-3,4-dihydroxyphenyl)-ethyl]-(3'-O-α-L-rhamnopyranosyl)-(4'-O-cafeoyl)-β-D-glycopyranoside, verbascoside"", '20-hydroxyecdysone; polypodine A', '3-Acetyl aleuritolic acid', 'α-L-xylopyranosyl-(4""→20)-(3-O-β-D-glucopyranosyl)-1\'-O-E-caffeoyl-β-D-glucopyranoside', ""2-(R)-Methyl-6-(S)-(tetradecyl-13'-one)-3(R)-O-tert-butyldimethylsilyl-piperidine"", '(2S)-Methyl-2-methyl-8-(3""-methylbut-2""-enyl)-2-(4\'-methylpent-3\'-enyl)-2H-chromene-6-carboxylate', 'Casearin T', 'Piperyline, N-[10-(13,14-methylenedioxyphenyl)-7(E),9(E)-pentadienoyl]-pyrrolidine', 'ω-fenil alcanoic acid', '2-butyl-D-fructofuranoside', ""Gaudichaudianic acid; (2S)-2-methyl-2-(4'methyl-3'-pentenyl)-8-(3''-methyl-2-butenyl)- 2H-1-benzopyran-6-carboxylic acid"", 'limonexic acid', 'Di(benzyltrithio) methane', '1-O-(E)-feruloyl-β-D-glucopyranoside', '19,20-Epoxycytochalasin C', 'n-Pentyl gallate', 'Orcinol', 'Periconicin B', 'Phomopsilactone', '24-methylene-3,22-dihydroxycholesterol', 'amorphispironone', 'Casearupestrin D', 'Chaetoglobosin B', ""2-(2'-O-benzoyl)-C-β-D-glucopyranosyl-1,3,6,7-tetrahydroxyxanthone"", 'Isoplumericin', 'N-[10-(13,14-methylenedioxyphenyl)-7(E),9(Z)-pentadienoyl]-pyrrolidine', '6-[8(Z)-pentadecenyl]salicylic acid', '(2S)-2-methyl-8-(3""-methylbut-2""-enyl)-2-(4\'-methylpent-3\'-enyl)-2H-chromene-6-carboxylic acid', 'Burchellin', '5-[8(Z)-pentadecenyl]resorcinol', 'Luteolin; 2-(3,4-dihydroxyphenyl)-5,7-dihydroxy-4H-chromen-4-one', 'neoisoastilbin', '(R)-7-Hydroxymellein', '6α-acetoxymanoyl oxide', 'Methyl-8-hydroxy-2,2-dimethylchroman-6-carboxylate', '19,20-Epoxycytochalasin Q', '19,20-Epoxycytochalasin R', 'Muraxanthone', '6α-acetoxy-14β,15β-epoxyazadirone', 'epoxy-fraxinellone', '12′-hydroxy-7′-multijuguinone', 'Kaempferitrin', 'Nitensidine C', 'Dipropyl disulphide', '2-methyl-5-[8(Z),11(Z)-pentadecadienyl]resorcinol', 'Methyl 6,7,8-trimethoxydihydrocinnamate', '2-Hexyl-3-methyl-butanodioic acid', 'fraxinellone', '3,11,12-Trihydroxycadalene', 'Quercetin 3-O-sophoroside', '(3R,4R)-3,4-Dihydro-4,6-dihydroxy-3-methyl-1-oxo-1H-isochromene-5-carboxylic acid', ""(2S)-Methyl-8-isopentyl-2-methyl-2-(4'-methylpentyl)chroman-6-carboxylate"", '6-[ 8(Z),11(Z) -pentadecadienyl] salicylic acid', '3,4,5-Triacetoxybenzoic acid', 'Odoratone', 'Rel-6β-hydroxyzuelanin-2β-benzoate', 'shidasterone', '5-hydroxymethyl- 2-furancarboxaldehyde; 5-hydroxymethyl-2-furfuraldehyde', 'atalaphyllinine', 'N-[10- (13,14-methylenedioxyphenyl)-7(E)-pentaenoyl]-pyrrolidine', '2-Methyl-5-methoxy-benzopyran-4-one', '3,4-dihydroxybenzoic acid geranyl ester', 'Casearupestrin A', '2-oxo-piperol B; (7S*, 8R*, 1R*, 3R*)-3,4,5-trimethoxy-3,7-cyclo-8,1-neolig-8-ene-2,4(3H)-dione', 'taxifolin', ""(2'S)-2-(propan-2'-ol)-5-hydroxy-benzopyran-4-one"", 'Sinapic acid', '6-[8(Z),11(Z),14-pentadecatrienyl]salicylic acid', 'Sorbifolin', 'Rel-(+)-(7S,9R,10S)-3,9,12-trihydroxycalamenene', 'Casearin S', '11β-acetoxyobacunone', '1-(5,7-dihydroxy-2,2-dimethylchroman- 6-yl)-3-[4-hydroxy-3-(3-methylbut-2-en-1-yl)- phenyl]propan-1-one', '(3R,4R)-4,7-Dihydroxymellein', ""Nitensoside B; Pedalitin 6-O-α-rhamnopyranosyl(1'''→6'')-β-glucopyranoside"", 'Gedunin', 'Pedalin, pedalitin 6-O-β -glucopyranoside', 'Caseargrewiin F; (1R*,3S*,5S*,6aR*,7S*,8R*,10R*,10aR*)-1,3-Bis(acetyloxy)-3,5,6,6a,7,8,9,10-octahydro-10-hydroxy-7,8-dimethyl-7-[(2Z)-3-methylpenta-2,4-dien-1-yl]naphtho[1,8a-c]furan-5-yl Butanoate', 'Casearin L; (1R*,3S*,5S*,6aR*,7R*,8R*,9S*,10S*,10aR*)-1,10-Bis(acetyloxy)-3,5,6,6a,7,8,9,10-octahydro-9-hydroxy-5-methoxy-7,8-dimethyl-7-[(2Z)-3-methylpenta-2,4-dien-1-yl]naphtho[1,8a-c]-furan-3-yl Butanoate', 'Platydesmine', 'Leiokinine A', 'Cabraleadiol', 'schaftoside', 'Casearin D; (1R*,3S*,5S*,6aR*,7R*,8R*,9S*,10S*,10aR*)-1-(Acetyloxy)-3,5,6,6a,7,8,9,10-octahydro-5,10-dihydroxy-7,8-dimethyl-7-[(2Z)-3-methylpenta-2,4-dien-1-yl]naphtho[1,8a-c]furan-3,9-diyl Dibutanoate', 'Rel. (+)-(7S,10S) 3,12-dihydroxycalamenene', 'carlinoside', 'Methyl-8-(ethanoyloxy)-2,2-dimethyl-2H-chromene-6-carboxylate', 'Methyl gallate', '3-O-β-D-quinovopyranosyl cincholic acid', 'Afzelin, 3-O-α-rhamnosyl kaempferol', 'Egonol', '4-Nerolidilcatechol', ""2-(2'-O-transcoumaroyl)-C-β-D-glucopyranosyl-1,3,6,7-tetrahydroxyxanthone"", 'Syringic acid', '(+)-3-O-feruloylcassine', 'Amentoflavone', '1-(5,7-dihydroxy-2,2-dimethylchroman-6-yl)-3-(1,1,4a-trimethyl-2,3,4,4a,9a-hexahydro-1H-xanthen-7-yl)propan-1-one', 'Methyl (E)-6,7,8-trimethoxycinnamate', '3,4,5-Trimethoxyphenyl-1-O-β-D-(5-O-syringoyl)-apiofuranosyl-(1→6)-β-D-glucopyranoside', '22-hydroxytirucalla-7,24-diene-2,3-dione', 'Trans-3’-methylsulphonylallyl trans-cinnamate', '(3-(2-(4-hydroxyphenyl)-2-oxoethyl)-5,6-dihydropyridin- 2(1H)-one)', 'Mangiferin', 'Viburgenin', ""Pterogynoside; Kaempferol-3-O-(3''-O-4'''-methylgallate-α-L-rhamnoside)"", 'Isobutyl gallate', ""Nitensoside A; Sorbifolin 6-O-α-rhamnopyranosyl(1'''→6'')-β-glucopyranoside"", 'Casearin O; (1R*,3S*,5S*,6aR*,7R*,8R*,9S*,10S*,10aR*)-1,10-Bis(acetyloxy)-5-methoxy-7,8-dimethyl-7-[(2Z)-3-methylpenta-2,4-dien-1-yl]-3,5,6,6a,7,8,9,10-octahydronaphtho[1,8a-c]furan-3,9-diyl Dibutanoate', 'germacrene D', 'Salacin', '6-pentadecylsalicylic acid', 'Methyl-2,2-dimethylchroman-6-carboxylate', ""Myrsinoic acid A, 3-Geranyl-4-hydroxy-5-(3'',3''-dimethylallyl)benzoic acid"", '20α-Hydroxymaytenin; 20-hydroxy-20-epi-tingenone', '(-)-Epigallocatechin-3-O-gallate', 'Isopropyl gallate', '6β-hydroxy-7-epigardoside methyl ester', 'Tetrahydropiperyline, N-[10-(13,14-methylenedioxyphenyl)-pentanoyl]-pyrrolidine', 'Piperovatine', '2,4,6-trimethoxybenzoic acid', '1-O-(E)-caffeoyl-β-D-glucopyranoside', 'Gallic acid; 3,4,5-trihydroxybenzoic acid', 'Quercitrin, 3-O-α-rhamnosylquercetin', '2β-Hydroxyzuelanin-6β-cinnamate', 'arjunolic acid', 'stachysterone', 'Ethyl 2,4-dihydroxy-5,6-dimethylbenzoate', 'Amentoflavone 7”,4”’-dimethyl ether', 'Picramnioside F', 'Lauryl gallate', 'Syringaldehyde', 'Acetonide of odoratol', '(−)-Grandisin', '24-methylenecycloartan-3b-ol', 'Ixoside', 'Cognatine', 'Fagaramide', 'Chalepin']]",doi_name
"['10.1248/bpb.31.538', ""Methyl-2,2-dimethyl-8-(3'-methylbut-2'-enyl)chroman-6-carboxylate""]","['10.1248/bpb.31.538', ['guaiol', 'γ-eudesmol', 'Hinesol', 'α-eudesmol', '11-O-trans-feruloylteucrein', 'Teucrein', 'Galioside aglicone', 'Apodanthoside', 'Galioside', '2,3-dihydro-4,9-dihydroxy-2-(2-hydroxy-propan-2-yl)- 11-methoxy-10-methylfuro[3,2-b]acridin-5(10H)-one', 'bis-5-hydroxyacronycine', 'Citibrasine', 'Chlorogenic acid methyl ester, Methyl (1S,3R,4R,5R)-3-{[(2E)-3-(3,4-dihydroxyphenyl)-2-propenoyl]oxy}-1,4,5-trihydroxycyclohexanecarboxylate', '(-)-3-O-acetyl-spectaline', '5,7-dimethoxy-2,2-dimethyl-2H-1-benzopyran-6-propanoate', 'Clusifoliol', ""Isoswertisin-4'-methyl-ether-2''α-L-rhamnoside"", '2-Episesalatin', 'Sesartemin', ""Isoswertisin-2''α1-L-rhamnoside"", 'Piscidinol A', 'cryptomeridiol', '3,11-dioxoolean-12-en-28- onic acid', 'Iso-odoratol', 'Oleanonic acid', 'Pentaol', 'Nilocetin', 'Hispidol A', 'Stearic acid 4-pentoyloxyphenethyl ester', '21β,25-dimethylmelianodiol', '3,21-Di-epi-feroniellide B', '21α,25-dimethylmelianodiol', 'astilbin; Rel-(2R, 3R)-dihydroquercetin-3-O-±-L-rhamnoside', '9-hydroxyeugenin', 'Mycoleptone A', 'Mycoleptone B', 'Eugenitin', 'Austdiol diacetate', '6-methoxyeugenin', 'Austdiol', 'Mycoleptone A tetraacetate', 'Taraxerol acetate', 'Methyl (3R,4R,5R)-3-{[(2Z)-3-(3,4-dihydroxyphenyl)-2-propenoyl]oxy}-1,4,5-trihydroxycyclohexanecarboxylate', 'Methyl (3R,4R,5R)-3-{[(2E)-3-(3,4-dihydroxyphenyl)-2-propenoyl]oxy}-1,4,5-trihydroxycyclohexanecarboxylate', '3,3-O-dimethylquercetin', 'penduletin 4-O-methyl ether', '2α,3α,19α- trihydroxyurs-12-en-28-oic acid', 'p-hydroxybenzoic acid', 'Chrysoeriol', 'acacetin', '2α,3α-dihydroxyolean-12- en-28-oic acid', '3,7,4-O-trimethylkaempferol', '3-O-methylquercetin', 'Anhydrofusarubin', 'Beauvericin', ""4-Methoxy-3-(3',7'-dimethylocta-2'-E-6'-dienyl)benzoic acid"", 'Methyl-8-hydroxy-2,2-dimethyl-2H-chromene-6-carboxylate', ""3-(3',7 '-dimethyl-2',6 '-octadienyl)-4-methoxy-benzoic acid"", 'cyclo (L)-Pro-Gly', ""Methyl 4-hydroxy-3-(3'-methyl-2'-butenyl)benzoate"", 'Methyl 2,2-dimethyl-1-oxo-2H-1-benzopyran-6-carboxylate', '3,4,5-Trimethoxydihydrocinnamic acid', ""Methyl taboganate; Methyl 4-hydroxy-3-(3'-methyl-1'-oxo-2'-butenyl)benzoate"", 'Piperaduncine B', ""4-Hydroxy-3-(3',7'-dimethylocta-2'-E-6'-dienyl)benzoic acid"", ""Hostmaniene; 4-Hydroxy-3-(2',3'-dihydroxy-3'-methylbutyl)benzoate"", ""2',6'-Dihydroxy-4'-methoxydihydrochalcone"", ""Methyl 4-hydroxy-3-(3'-methyl-2'-hydroxy-3'-butenyl)benzoate"", ""Aduncumene; Methyl 2-methoxy-5-(3'-methyl-1'-oxo-2'-butenyl)benzoate"", ""4-Hydroxy-(3',7'-dimethyl-1'-oxo-octa-2'-Z-6'-dienyl)benzoic acid"", ""3,4-dimethyl-2-(4'-hydroxy-3',5'-dimethoxyphenyl)-5-methoxy-tetrahydrofuran"", 'Xanthyletin', 'Aphidicolin', '(+)-Erythravine', '(+)-α-Hydroxyerysotrine', '(+)-11α-Hydroxyerythravine', 'Secoxyloganin', '7-Methoxydiderroside', ""6'-Acetyl-β-D-glucopyranosyldiderroside"", 'Diderroside', 'Deoxycordifoline', '3,4-dehydro-strictosidine', '3,4-dehydrostrictosidine acid', 'Turbinatine', 'Cordifoline', 'Strictosidine acid', '5α-carboxystrictosidine', 'Harman-3-carboxylic acid', ""3',4'-methylenedioxy-5,6,7- trimethoxyflavone"", ""3',4'-methylenedioxy-5,5',6,7-tetramethoxyflavone"", ""2'-hydroxy-3,4,4'-trimethoxy-5',6'-(2'',2''-dimethylpyrano)-chalcone"", ""3',4'-methylenedioxy-5,7-dimethoxyflavone"", '1,3,5-trihydroxy- 2,8-bis(3-methylbut-2-enyl)-10-methyl-9-acridone', '5-hydroxynoracronycine; Atalaphyllidine', '3,4-dihydro-3,5,8-trihydroxy-6-methoxy-2,2,7-trimethyl-2Hpyrano[ 2,3-a]acridin-12(7H)-one', 'Glycocitrine-IV', 'Pyranofoline', 'Glycocitrine-I', 'Citrusinine-I', '1,3,5-trihydroxy-4-methoxy-10-methyl- 2,8-bis(3-methylbut-2-enyl)acridin-9(10H)-one', 'Citrusinine-II', ""2-(1'-pentenyl)-Quinoline"", '2-n-Pentylquinoline', '2-n-Propylquinoline', ""2-(3',4'-methylenedioxyphenylethyl)-Quinoline"", 'Nitensidine E', 'Nitensidine D', ""4-Hydroxy-3-(3',7'-dimethyl-3'-hydroxy-1'-oxo-6'-octenyl)benzoic acid"", ""Sakuranetin; 5,4'-dihydroxy-7-methoxyflavanone"", ""1,4-Dihydroxy-2-(3',7'-dimethyl-1'-oxo-2'-E-6'-octadienyl)benzene"", ""4-Hydroxy-(3',7'-dimethyl-1'-oxo-octa-2'-E-6'-dienyl)benzoic acid"", ""Isosakuranetin; 5,7-dihydroxy-4'-methoxyflavanone"", 'Nectandrin B', 'Verrucosin', 'Epi-guaiacin', '7-Methyl-sargachromenol; 2,7,8-Trimethyl-2-[(3-E,7-Z)-4,12-dimethyl-8-carboxyl-3,7,11-tridecatrienyl]-3-chromen-6-ol, β-caroteno', ""Rel-(7R,8S,7'S,8'S)-4,5,4',5'-dimethylenedioxy-3,3'-dimethoxy-7,7'-epoxylignan"", ""Rel-(7R,8S,7'S,8'S)-4'-hydroxy-3,4,5,3',5'-pentamethoxy-7,7'-epoxylignan"", ""Rel-(7R,8S,7'S,8'S)-4',5'-methylenedioxy-3,4,5,3'-tetramethoxy-7,7'-epoxylignan"", ""Rel-(7R,8S,7'S,8'S)-4-hydroxy-4',5'-methylenedioxy-3,5,3'-trimethoxy-7,7'-epoxylignan"", ""Rel-(7R,8S,7'S,8'S)-9-hydroxy-4',5'-methylenedioxy-3,4,5,3'-tetramethoxy-7,7'-epoxylignan"", 'Ergosterol peroxide', 'Dimethyl terephthalate', 'Pimara-7,15-dien-3β-ol', '8-hydroxy-6-methoxy-3-methylisocoumarin', '(22E,24R)-ergosta-4,6,8(14),22-tetraen-3-one', '4-metoxi-6-[2-(metilamino)fenil]- 2H-piran-2-ona', ""Juruenolic acid; 2-(4'-Methylpentenyl-3)-10-oxoundecan-2,6-dienoic acid"", ""7,4'-Dihydroxyflavone"", '19´-(3,4-Methylenedioxyphenyl)-nonadecanoic acid', 'Sargachromenol', 'Sargaquinoic acid', '21´-(3,4-Methylenedioxyphenyl)-henicosanoic acid', ""7,4'-Dimethoxyflavone"", 'Farnisine', 'Tithonine', 'Fasciculiferin', '(+)-Guaiacin', '17-(3,4-Methylenedioxyphenyl)-heptadecanoic acid', 'Isopimpinellin', ""3',4',5',3,5,7,8-heptamethoxyflavone"", ""3,5,6,7,3',4',5'-heptamethoxyflavonol"", 'Methacrylic acid', 'Tagitinin C', '1-methoxy-3-hydroxy-3,10b-4,5a-diepoxy-8b-isobutyroyloxygermacr-11(13)-en-6a,12-olide', '5,7-dimethoxy-2,2-dimethyl-2H-1-benzopyran-6-propanoic acid', 'Ferulic acid', 'α-Gardiol', 'β-Gardiol', 'Kaempferol-3-O-D-galactopyranoside', '6-Hydroxy-rutin', 'Kaempferol-3-O-α-L-rhamnopyranosyl-(1-6)-α-L-rhamnopyranosyl-(1-4)-β-D-glucopyranoside', 'Kaempferol-3-O-D-glucopyranoside', 'Quercetin-3-O-α-L-rhamnopyranosyl-(1→6)-β-D-galactopyranoside', 'Procyanidin B-3', 'Kaempferol-3-O-α-L-rhamnopyranosyl-(1→6)-β-D-galactopyranoside', 'Kaempferol-3-O-rutinoside', 'Catechin, Ent-catechin', 'β-caryophyllene, trans-caryophyllene', ""N-[3-(6'-methoxy-3',4'-methy-lenedioxyphenyl)-2(Z)-propenoyl]pyrrolidine"", '4,5-dihydropiperlonguminine; Piperlonguminine', '10,11-dihydropiperine; Δα,β-dihydropiperine', '8,9-dihydropiplartine; N-(12,13,14-trimethoxydihydrocinnamoyl)-Δ3-pyridin-2-one', '4,5-dihydropiperyline', '(E)-piplartine', 'Piperine', '(Z)-piplartine; 8(Z)-N-(12,13, 14-trimethoxycinnamoyl)- 3-pyridin-2-one', 'Pellitorine', '(3Z,5Z)-N-isobutyl-8-(30,40-methylenedioxy-phenyl)-heptadienamide', 'Cusculine; 1,2,3,5,6-pentamethoxy-9-acridone', 'Cuspanine; 1-hydroxy-2,3,5,6-tetramethoxy-9-acridone', '2α,3α-Dihydroxy-urs-12-en-28-oic acid', '3-O-β-D-(6’-methyl)-glucopyranosyl-28-O-β-D-glucopyranosyl-oleanate', 'Oleanolic acid 3-sophoroside', '2-phenyl-4H-chromen-4-one', '5-hydroxyflavone', 'β-Sitosterol benzoate', 'Haplotusine', 'Sinapyl 4-O-β-D-glucopyranoside aldehyde', 'N-acetylnonaine', 'Liriodenine', 'Sinapyl 4-O-β-D-glucopyranoside alcohol', '[10]-gingerol', '3β-hydroxy-stigmast-5-en-7-one; 24-β-7-oxositosterol', 'scillascillin', ""2-(2'-O-trans-caffeoyl)-C-β-D-glucopyranosyl-1,3,6,7-tetrahydroxyxanthone"", 'Netzahualcoyene', 'Casearin X Dialdehyde; (2R*,4aS*,5S*,7R*,8R*,8aS*)-4,4a-Diformyl-1,2,4a,5,6,7,8,8a-octahydro-5-hydroxy-7,8-dimethyl-8-[(2Z)-3-methylpenta-2,4-dien-1-yl]naphthalen-2-yl Butanoate', 'polypodine B', 'n-Propyl gallate', ""3',4',5',5,7,8-hexamethoxyflavone"", 'Isopropyl gallate', '6β-hydroxy-7-epigardoside methyl ester', 'Tetrahydropiperyline, N-[10-(13,14-methylenedioxyphenyl)-pentanoyl]-pyrrolidine', 'Piperovatine', '2,4,6-trimethoxybenzoic acid', '1-O-(E)-caffeoyl-β-D-glucopyranoside', 'Piperol B', ""2,4-Dihydroxy-6-[(1'E,3'E)-penta-1', 3'-dienyl]-benzaldehyde"", 'Nitensidine A', ""8-hydroxy-3,5,7,3',4',5'-hexamethoxyflavonol"", 'Odoratol', 'Leptomerine', '5-hydroxy-N-methylseverifoline', '19,20-Epoxycytochalasin N', 'ellagic acid 4-O-α-L-rhamnopyranoside; eschweilenol C', 'Mayoside C', 'Ourateacatechin', ""3',4',5',5,7-pentamethoxyflavone"", '2-methyl-5-pentadecylresorcinol', 'Ixoside', '2β-Hydroxyzuelanin-6β-cinnamate', 'Cognatine', 'Fagaramide', '5-hydroxymellein', '22β-hydroxypristimerin', '1- (5,7-dihydroxy-2,2-dimethylchroman-6-yl)-3-(2,2-dimethylchroman- 6-yl)propan-1-one', 'Canavaline', 'Di-hydrodehydrodiconiferyl alcohol', 'Quercetin', ""2-(2'-O-trans-cinnamoyl)-C-β-D-glucopyranosyl-1,3,6,7-tetrahydroxyxanthone"", 'Kokusaginine', 'Ocotillone', 'des-N-methylnoracronycine', 'Sorbifolin 6-O-β-glucopyranoside', 'Rel-2α-hydroxyzuelanin-6β-benzoate', '2,6-di-O-acetylcasearupestrin D', ""Methyl-2,2-dimethyl-8-(3'-methylbut-2'-enyl)chroman-6-carboxylate"", '2,7-Di-O-acetylcasearupestrin A', 'Nitensidine B', 'Dibenzyl tetrasulphide', ""2',5-dihydroxy-3-methoxy-8-dimethylallyl-6, 7-(2' ',2''-dimethylpyrano)-dihydroflavonol"", '1-methyl-2-n-nonyl-4-quinolone', '5-[8(Z),11(Z),14-pentadecatrienyl]resorcinol', 'Gallic acid; 3,4,5-trihydroxybenzoic acid', 'Maculosidine', 'Podocarpusflavone A', 'Casearupestrin C', '6α-malonyloxy-n-butyl ester manoyl oxide', 'citrusinine-I', 'Ricinine', 'Leptophyllin A', '5-pentadecylresorcinol', 'Homoegonol', '[8]-gingerol', '4-Hydroxymellein', '1-[3-(3,7-dimethylocta-2,6-dien-1-yl)-2,4,6- trihydroxyphenyl]-3-(4-hydroxyphenyl)propan-1-one', '6α-malonyloxymanoyl oxide', 'Benzylhydroxymethyl sulphide', '1,6-di-O-caffeoyl-β-D-glucopyranoside', '2-methyl-5-[8(Z),11(Z),14-pentadecatrienyl]resorcinol', 'fraxinellonone', 'Dibenzyl sulphide', '(-) Cis-4-hydroxy-6-deoxyscytalone', 'Plumericin', '5-[8(Z),11(Z)-pentadecadienyl]resorcinol', '(-)-Spectalinine', 'Netzahualcoyondiol', '19,20-Epoxycytochalasin D', 'fumiquinozoline F', 'Kaempferol 3-O-α-L-rhamnopyranosyl (1→6)-O-[β -D-glucopyranosyl (1→3)-O-α-L-rhamnopyranosyl-(1→2)]-O-β -D-glucopyranosyl', '3β-O-[α-L-rhamnopyranosyl-(1→2)-O-β-D-glucopyranosyl-(1→2)-O-β-D-glucopyranosyl]-28-O-β-D-glucopyranoside pomolate', ""5-[3''-(β-D-glucopyranosyloxy)propyl]-7-methoxy-2-(3',4'-dimethoxyphenyl)benzofuran"", '3,12-Dihydroxycadalene', '7-hydroxy-3- (11-dimethylallyl)-8-methoxycoumarin', ""N-[7-(3',4'-methylenedioxyphenyl)-2(Z),4(Z)-heptadienoyl]pyrrolidine"", ""Acteoside; [β-3,4-dihydroxyphenyl)-ethyl]-(3'-O-α-L-rhamnopyranosyl)-(4'-O-cafeoyl)-β-D-glycopyranoside, verbascoside"", '20-hydroxyecdysone; polypodine A', '3-Acetyl aleuritolic acid', 'Alkenoic acid', 'Quercetin 3-O-α-L-rhamnopyranosyl (1→6)-O-[β -D-glucopyranosyl (1→3)-O-α-L-rhamnopyranosyl-(1→2)]-O-β -D-glucopyranosyl', '2-n-nonyl-4-quinolone', 'Cytochalasin D', 'Isoorientin', 'urauchimycin A', 'p-Coumaric acid', '(-)-Epigallocatechin', 'Netzahualcoyonol', '1,2-dihydro- 3β-hydroxy-7-deacetoxy-7-oxogedunin', ""5-[3''-(β-D-glucopyranosyloxy)propyl]-7-methoxy-2-(3',4'-methylenedioxyphenyl)benzofuran"", '28-O-β-D-glucopyranosyl quinovic acid', '2-Methyl-4-hydroxy-butyl caffeoate', 'N-1,N-2,N-3-Triisopentenylguanidine', 'Dibenzyl trisulphide', 'Maytenin, Tingenone', 'urauchimycin B', 'Quercitrin, 3-O-α-rhamnosylquercetin', 'Caseobliquin A', 'Methyl angolensate', ""5-(3'' -Hydroxypropyl)-7-methoxy-2-(3',4' -methyl-enedioxyphenyl)benzofuran"", 'Pristimerin; 20α-3-hydroxy-2-oxo-24-nor-friedela-1-10,3,5,7-tetraen-carboxylic acid-29-methylester', '3,4,5-trimethoxyphenyl 1-O-β-D-apiofuranosyl-(1→6)-O-β-D-glucopyranoside', 'β-photogedunin', 'n-Butyl gallate', '6α-acetoxy-14β,15β-epoxyazadirone', ""2-(R)-Methyl-6-(S)-(tetradecyl-13'-one)-3(R)-O-tert-butyldimethylsilyl-piperidine"", 'Heveaflavone', 'Arboreumine', '3-Oxoursolic acid', 'Casearupestrin B', 'toonacilin', 'Uracil', '1-O-(E)-feruloyl-β-D-glucopyranoside', '19,20-Epoxycytochalasin C', 'n-Pentyl gallate', 'Orcinol', 'Periconicin B', 'Phomopsilactone', ""(2S)-8-Isopentyl-2-methyl-2-(4'-methylpentyl)chroman-6-carboxylic acid"", '2,2-dimethyl-2H-chromene-6-carboxylic acid', '3,11,12-Trihydroxycadalene', 'Quercetin 3-O-sophoroside', '(3R,4R)-3,4-Dihydro-4,6-dihydroxy-3-methyl-1-oxo-1H-isochromene-5-carboxylic acid', '24-methylene-3,22-dihydroxycholesterol', 'amorphispironone', 'Casearupestrin D', 'Photogedunin', 'Casearin X; (1R*,3S*,5S*,6aR*,7S*,8S*,10R*,10aR*)-1-(Acetyloxy)-3,5,6,6a,7,8,9,10-octahydro-10-hydroxy-7,8-dimethyl-7-[(2Z)-3-methylpenta-2,4-dien-1-yl]naphtho[1,8a-c]furan-3,5-diyl Dibutanoate', 'Skimmianine', 'p-hydroxybenzoic acid-geranyl ester', 'Dibenzyl disulphide', 'Proanthocyanidin', 'neoisoastilbin', '(R)-7-Hydroxymellein', '6α-acetoxymanoyl oxide', 'Methyl-8-hydroxy-2,2-dimethylchroman-6-carboxylate', 'Dipropyl disulphide', '2-methyl-5-[8(Z),11(Z)-pentadecadienyl]resorcinol', 'Methyl 6,7,8-trimethoxydihydrocinnamate', '2-Hexyl-3-methyl-butanodioic acid', 'fraxinellone', '6-[ 8(Z),11(Z) -pentadecadienyl] salicylic acid', '6-[8(Z)-pentadecenyl]salicylic acid', '(2S)-Methyl-2-methyl-8-(3""-methylbut-2""-enyl)-2-(4\'-methylpent-3\'-enyl)-2H-chromene-6-carboxylate', 'Casearin T', 'Piperyline, N-[10-(13,14-methylenedioxyphenyl)-7(E),9(E)-pentadienoyl]-pyrrolidine', 'ω-fenil alcanoic acid', '2-butyl-D-fructofuranoside', ""Gaudichaudianic acid; (2S)-2-methyl-2-(4'methyl-3'-pentenyl)-8-(3''-methyl-2-butenyl)- 2H-1-benzopyran-6-carboxylic acid"", 'limonexic acid', 'Pedalitin', 'Di(benzyltrithio) methane', 'Muraxanthone', 'Odoratone', 'Rel-6β-hydroxyzuelanin-2β-benzoate', 'shidasterone', '5-hydroxymethyl- 2-furancarboxaldehyde; 5-hydroxymethyl-2-furfuraldehyde', 'atalaphyllinine', 'N-[10- (13,14-methylenedioxyphenyl)-7(E)-pentaenoyl]-pyrrolidine', '2-Methyl-5-methoxy-benzopyran-4-one', 'Chaetoglobosin B', ""2-(2'-O-benzoyl)-C-β-D-glucopyranosyl-1,3,6,7-tetrahydroxyxanthone"", 'Isoplumericin', 'α-L-xylopyranosyl-(4""→20)-(3-O-β-D-glucopyranosyl)-1\'-O-E-caffeoyl-β-D-glucopyranoside', 'epoxy-fraxinellone', '12′-hydroxy-7′-multijuguinone', 'Kaempferitrin', 'Nitensidine C', 'Caseargrewiin F; (1R*,3S*,5S*,6aR*,7S*,8R*,10R*,10aR*)-1,3-Bis(acetyloxy)-3,5,6,6a,7,8,9,10-octahydro-10-hydroxy-7,8-dimethyl-7-[(2Z)-3-methylpenta-2,4-dien-1-yl]naphtho[1,8a-c]furan-5-yl Butanoate', 'Casearin L; (1R*,3S*,5S*,6aR*,7R*,8R*,9S*,10S*,10aR*)-1,10-Bis(acetyloxy)-3,5,6,6a,7,8,9,10-octahydro-9-hydroxy-5-methoxy-7,8-dimethyl-7-[(2Z)-3-methylpenta-2,4-dien-1-yl]naphtho[1,8a-c]-furan-3-yl Butanoate', 'Platydesmine', 'Leiokinine A', 'Cabraleadiol', 'schaftoside', ""(2S)-Methyl-8-isopentyl-2-methyl-2-(4'-methylpentyl)chroman-6-carboxylate"", '3,4,5-Triacetoxybenzoic acid', 'Casearupestrin A', '(2S)-2-methyl-8-(3""-methylbut-2""-enyl)-2-(4\'-methylpent-3\'-enyl)-2H-chromene-6-carboxylic acid', 'Burchellin', '5-[8(Z)-pentadecenyl]resorcinol', 'Luteolin; 2-(3,4-dihydroxyphenyl)-5,7-dihydroxy-4H-chromen-4-one', 'Sinapic acid', '19,20-Epoxycytochalasin Q', '19,20-Epoxycytochalasin R', 'Casearin S', '11β-acetoxyobacunone', '1-(5,7-dihydroxy-2,2-dimethylchroman- 6-yl)-3-[4-hydroxy-3-(3-methylbut-2-en-1-yl)- phenyl]propan-1-one', '(3R,4R)-4,7-Dihydroxymellein', ""Nitensoside B; Pedalitin 6-O-α-rhamnopyranosyl(1'''→6'')-β-glucopyranoside"", 'Amentoflavone', 'Methyl gallate', '3-O-β-D-quinovopyranosyl cincholic acid', 'Afzelin, 3-O-α-rhamnosyl kaempferol', 'Egonol', '4-Nerolidilcatechol', ""2-(2'-O-transcoumaroyl)-C-β-D-glucopyranosyl-1,3,6,7-tetrahydroxyxanthone"", '3,4-dihydroxybenzoic acid geranyl ester', 'N-[10-(13,14-methylenedioxyphenyl)-7(E),9(Z)-pentadienoyl]-pyrrolidine', 'Gedunin', 'Pedalin, pedalitin 6-O-β -glucopyranoside', '1-(5,7-dihydroxy-2,2-dimethylchroman-6-yl)-3-(1,1,4a-trimethyl-2,3,4,4a,9a-hexahydro-1H-xanthen-7-yl)propan-1-one', 'Methyl (E)-6,7,8-trimethoxycinnamate', '3,4,5-Trimethoxyphenyl-1-O-β-D-(5-O-syringoyl)-apiofuranosyl-(1→6)-β-D-glucopyranoside', '6-[8(Z),11(Z),14-pentadecatrienyl]salicylic acid', 'Sorbifolin', ""Nitensoside A; Sorbifolin 6-O-α-rhamnopyranosyl(1'''→6'')-β-glucopyranoside"", 'Casearin O; (1R*,3S*,5S*,6aR*,7R*,8R*,9S*,10S*,10aR*)-1,10-Bis(acetyloxy)-5-methoxy-7,8-dimethyl-7-[(2Z)-3-methylpenta-2,4-dien-1-yl]-3,5,6,6a,7,8,9,10-octahydronaphtho[1,8a-c]furan-3,9-diyl Dibutanoate', 'germacrene D', '6-pentadecylsalicylic acid', 'Methyl-2,2-dimethylchroman-6-carboxylate', ""Myrsinoic acid A, 3-Geranyl-4-hydroxy-5-(3'',3''-dimethylallyl)benzoic acid"", '20α-Hydroxymaytenin; 20-hydroxy-20-epi-tingenone', '2-oxo-piperol B; (7S*, 8R*, 1R*, 3R*)-3,4,5-trimethoxy-3,7-cyclo-8,1-neolig-8-ene-2,4(3H)-dione', 'taxifolin', ""(2'S)-2-(propan-2'-ol)-5-hydroxy-benzopyran-4-one"", 'Rel-(+)-(7S,9R,10S)-3,9,12-trihydroxycalamenene', '(-)-Epigallocatechin-3-O-gallate', 'Casearin D; (1R*,3S*,5S*,6aR*,7R*,8R*,9S*,10S*,10aR*)-1-(Acetyloxy)-3,5,6,6a,7,8,9,10-octahydro-5,10-dihydroxy-7,8-dimethyl-7-[(2Z)-3-methylpenta-2,4-dien-1-yl]naphtho[1,8a-c]furan-3,9-diyl Dibutanoate', 'Rel. (+)-(7S,10S) 3,12-dihydroxycalamenene', 'carlinoside', 'Methyl-8-(ethanoyloxy)-2,2-dimethyl-2H-chromene-6-carboxylate', 'arjunolic acid', 'stachysterone', 'Ethyl 2,4-dihydroxy-5,6-dimethylbenzoate', 'Amentoflavone 7”,4”’-dimethyl ether', 'Picramnioside F', 'Lauryl gallate', 'Syringaldehyde', '22-hydroxytirucalla-7,24-diene-2,3-dione', 'Trans-3’-methylsulphonylallyl trans-cinnamate', 'Syringic acid', '(+)-3-O-feruloylcassine', '(-)-Hardwickiic acid', '(3-(2-(4-hydroxyphenyl)-2-oxoethyl)-5,6-dihydropyridin- 2(1H)-one)', 'Mangiferin', 'Salacin', 'Viburgenin', ""Pterogynoside; Kaempferol-3-O-(3''-O-4'''-methylgallate-α-L-rhamnoside)"", 'Isobutyl gallate', '7′-multijuguinone', 'Griseofulvin', ""7-Hydroxy-4',6-dimethoxyisoflavone; Afrormosin; Afromosin"", '8-methoxymellein', '(±)-Syringaresinol', 'Cyclo-(L-Pro-L-Val)', 'Acetonide of odoratol', '(−)-Grandisin', '24-methylenecycloartan-3b-ol', 'Chalepin', 'Chlorogenic acid', '(4R)-4,8-dihydroxy-α-tetralone', 'Kaempferol', '3-O-β-D-quinovopyranosyl quinovic acid', '2-hydroxyphenylacetic acid', '2-methyl-5-[8(Z)-pentadecenyl]resorcinol']]",doi_name
"['10.1016/j.phytochem.2005.04.043', ""(2'S)-2-(propan-2'-ol)-5-hydroxy-benzopyran-4-one""]","['10.1016/j.phytochem.2005.04.043', ['Galioside aglicone', 'Teucrein', '11-O-trans-feruloylteucrein', 'Apodanthoside', 'Galioside', 'guaiol', 'Hinesol', 'γ-eudesmol', 'α-eudesmol', '7-Methoxydiderroside', 'Diderroside', ""6'-Acetyl-β-D-glucopyranosyldiderroside"", 'Secoxyloganin', 'Mycoleptone A', '9-hydroxyeugenin', 'Austdiol diacetate', 'Eugenitin', 'Mycoleptone B', '6-methoxyeugenin', 'Austdiol', 'Mycoleptone A tetraacetate', '5,7-dimethoxy-2,2-dimethyl-2H-1-benzopyran-6-propanoate', ""2'-hydroxy-3,4,4'-trimethoxy-5',6'-(2'',2''-dimethylpyrano)-chalcone"", ""3',4'-methylenedioxy-5,5',6,7-tetramethoxyflavone"", ""3',4'-methylenedioxy-5,6,7- trimethoxyflavone"", ""3',4'-methylenedioxy-5,7-dimethoxyflavone"", 'Chlorogenic acid methyl ester, Methyl (1S,3R,4R,5R)-3-{[(2E)-3-(3,4-dihydroxyphenyl)-2-propenoyl]oxy}-1,4,5-trihydroxycyclohexanecarboxylate', ""Rel-(7R,8S,7'S,8'S)-4'-hydroxy-3,4,5,3',5'-pentamethoxy-7,7'-epoxylignan"", ""Rel-(7R,8S,7'S,8'S)-4-hydroxy-4',5'-methylenedioxy-3,5,3'-trimethoxy-7,7'-epoxylignan"", ""Rel-(7R,8S,7'S,8'S)-4,5,4',5'-dimethylenedioxy-3,3'-dimethoxy-7,7'-epoxylignan"", ""Rel-(7R,8S,7'S,8'S)-4',5'-methylenedioxy-3,4,5,3'-tetramethoxy-7,7'-epoxylignan"", ""Rel-(7R,8S,7'S,8'S)-9-hydroxy-4',5'-methylenedioxy-3,4,5,3'-tetramethoxy-7,7'-epoxylignan"", 'Pyranofoline', '3,4-dihydro-3,5,8-trihydroxy-6-methoxy-2,2,7-trimethyl-2Hpyrano[ 2,3-a]acridin-12(7H)-one', 'Citrusinine-I', '5-hydroxynoracronycine; Atalaphyllidine', 'Citrusinine-II', '1,3,5-trihydroxy- 2,8-bis(3-methylbut-2-enyl)-10-methyl-9-acridone', 'Glycocitrine-I', '1,3,5-trihydroxy-4-methoxy-10-methyl- 2,8-bis(3-methylbut-2-enyl)acridin-9(10H)-one', 'Glycocitrine-IV', '2,3-dihydro-4,9-dihydroxy-2-(2-hydroxy-propan-2-yl)- 11-methoxy-10-methylfuro[3,2-b]acridin-5(10H)-one', 'bis-5-hydroxyacronycine', 'Citibrasine', '21β,25-dimethylmelianodiol', '3,21-Di-epi-feroniellide B', '21α,25-dimethylmelianodiol', ""2-(1'-pentenyl)-Quinoline"", '2-n-Propylquinoline', '2-n-Pentylquinoline', ""2-(3',4'-methylenedioxyphenylethyl)-Quinoline"", '4,5-dihydropiperlonguminine; Piperlonguminine', '(E)-piplartine', 'Piperine', '8,9-dihydropiplartine; N-(12,13,14-trimethoxydihydrocinnamoyl)-Δ3-pyridin-2-one', '(Z)-piplartine; 8(Z)-N-(12,13, 14-trimethoxycinnamoyl)- 3-pyridin-2-one', '10,11-dihydropiperine; Δα,β-dihydropiperine', '4,5-dihydropiperyline', ""N-[3-(6'-methoxy-3',4'-methy-lenedioxyphenyl)-2(Z)-propenoyl]pyrrolidine"", '(3Z,5Z)-N-isobutyl-8-(30,40-methylenedioxy-phenyl)-heptadienamide', 'Pellitorine', ""4-Methoxy-3-(3',7'-dimethylocta-2'-E-6'-dienyl)benzoic acid"", ""3-(3',7 '-dimethyl-2',6 '-octadienyl)-4-methoxy-benzoic acid"", 'Methyl-8-hydroxy-2,2-dimethyl-2H-chromene-6-carboxylate', '(-)-3-O-acetyl-spectaline', 'Nectandrin B', 'Epi-guaiacin', 'Verrucosin', '7-Methyl-sargachromenol; 2,7,8-Trimethyl-2-[(3-E,7-Z)-4,12-dimethyl-8-carboxyl-3,7,11-tridecatrienyl]-3-chromen-6-ol, β-caroteno', 'cyclo (L)-Pro-Gly', '17-(3,4-Methylenedioxyphenyl)-heptadecanoic acid', 'Tithonine', 'Fasciculiferin', 'Farnisine', 'Sargaquinoic acid', '19´-(3,4-Methylenedioxyphenyl)-nonadecanoic acid', ""7,4'-Dihydroxyflavone"", ""Juruenolic acid; 2-(4'-Methylpentenyl-3)-10-oxoundecan-2,6-dienoic acid"", '21´-(3,4-Methylenedioxyphenyl)-henicosanoic acid', 'Sargachromenol', '(+)-Guaiacin', ""7,4'-Dimethoxyflavone"", 'Aphidicolin', 'Xanthyletin', ""3,4-dimethyl-2-(4'-hydroxy-3',5'-dimethoxyphenyl)-5-methoxy-tetrahydrofuran"", 'Anhydrofusarubin', 'Beauvericin', 'Ferulic acid', 'β-Gardiol', 'α-Gardiol', '(+)-α-Hydroxyerysotrine', '(+)-11α-Hydroxyerythravine', '(+)-Erythravine', '2α,3α,19α- trihydroxyurs-12-en-28-oic acid', '3,3-O-dimethylquercetin', 'penduletin 4-O-methyl ether', '2α,3α-dihydroxyolean-12- en-28-oic acid', 'p-hydroxybenzoic acid', '3,7,4-O-trimethylkaempferol', '3-O-methylquercetin', 'Chrysoeriol', 'acacetin', 'Taraxerol acetate', ""4-Hydroxy-(3',7'-dimethyl-1'-oxo-octa-2'-Z-6'-dienyl)benzoic acid"", ""Aduncumene; Methyl 2-methoxy-5-(3'-methyl-1'-oxo-2'-butenyl)benzoate"", ""Methyl 4-hydroxy-3-(3'-methyl-2'-hydroxy-3'-butenyl)benzoate"", ""Methyl 4-hydroxy-3-(3'-methyl-2'-butenyl)benzoate"", '3,4,5-Trimethoxydihydrocinnamic acid', 'Methyl 2,2-dimethyl-1-oxo-2H-1-benzopyran-6-carboxylate', 'Piperaduncine B', ""Methyl taboganate; Methyl 4-hydroxy-3-(3'-methyl-1'-oxo-2'-butenyl)benzoate"", ""2',6'-Dihydroxy-4'-methoxydihydrochalcone"", ""4-Hydroxy-3-(3',7'-dimethylocta-2'-E-6'-dienyl)benzoic acid"", ""Hostmaniene; 4-Hydroxy-3-(2',3'-dihydroxy-3'-methylbutyl)benzoate"", 'Methyl (3R,4R,5R)-3-{[(2E)-3-(3,4-dihydroxyphenyl)-2-propenoyl]oxy}-1,4,5-trihydroxycyclohexanecarboxylate', 'Methyl (3R,4R,5R)-3-{[(2Z)-3-(3,4-dihydroxyphenyl)-2-propenoyl]oxy}-1,4,5-trihydroxycyclohexanecarboxylate', 'Isopimpinellin', '5,7-dimethoxy-2,2-dimethyl-2H-1-benzopyran-6-propanoic acid', ""Isoswertisin-4'-methyl-ether-2''α-L-rhamnoside"", 'Sesartemin', ""Isoswertisin-2''α1-L-rhamnoside"", 'Clusifoliol', '2-Episesalatin', 'Nitensidine E', 'Nitensidine D', 'Stearic acid 4-pentoyloxyphenethyl ester', 'astilbin; Rel-(2R, 3R)-dihydroquercetin-3-O-±-L-rhamnoside', 'Catechin, Ent-catechin', 'Kaempferol-3-O-rutinoside', 'Kaempferol-3-O-α-L-rhamnopyranosyl-(1→6)-β-D-galactopyranoside', 'Procyanidin B-3', 'Quercetin-3-O-α-L-rhamnopyranosyl-(1→6)-β-D-galactopyranoside', '6-Hydroxy-rutin', 'Kaempferol-3-O-D-glucopyranoside', 'Kaempferol-3-O-D-galactopyranoside', 'Kaempferol-3-O-α-L-rhamnopyranosyl-(1-6)-α-L-rhamnopyranosyl-(1-4)-β-D-glucopyranoside', 'Iso-odoratol', 'Pentaol', 'Oleanonic acid', 'Piscidinol A', 'cryptomeridiol', '3,11-dioxoolean-12-en-28- onic acid', 'Nilocetin', 'Hispidol A', '1-methoxy-3-hydroxy-3,10b-4,5a-diepoxy-8b-isobutyroyloxygermacr-11(13)-en-6a,12-olide', 'Tagitinin C', ""3',4',5',3,5,7,8-heptamethoxyflavone"", ""3,5,6,7,3',4',5'-heptamethoxyflavonol"", ""4-Hydroxy-3-(3',7'-dimethyl-3'-hydroxy-1'-oxo-6'-octenyl)benzoic acid"", ""1,4-Dihydroxy-2-(3',7'-dimethyl-1'-oxo-2'-E-6'-octadienyl)benzene"", ""4-Hydroxy-(3',7'-dimethyl-1'-oxo-octa-2'-E-6'-dienyl)benzoic acid"", ""Isosakuranetin; 5,7-dihydroxy-4'-methoxyflavanone"", ""Sakuranetin; 5,4'-dihydroxy-7-methoxyflavanone"", 'Turbinatine', 'Strictosidine acid', 'Harman-3-carboxylic acid', '3,4-dehydro-strictosidine', 'Cordifoline', 'Deoxycordifoline', '5α-carboxystrictosidine', '3,4-dehydrostrictosidine acid', '4-metoxi-6-[2-(metilamino)fenil]- 2H-piran-2-ona', 'Ergosterol peroxide', 'Pimara-7,15-dien-3β-ol', 'Dimethyl terephthalate', '8-hydroxy-6-methoxy-3-methylisocoumarin', '(22E,24R)-ergosta-4,6,8(14),22-tetraen-3-one', 'Methacrylic acid', 'β-caryophyllene, trans-caryophyllene', 'Cusculine; 1,2,3,5,6-pentamethoxy-9-acridone', 'Cuspanine; 1-hydroxy-2,3,5,6-tetramethoxy-9-acridone', '2α,3α-Dihydroxy-urs-12-en-28-oic acid', 'Oleanolic acid 3-sophoroside', '3-O-β-D-(6’-methyl)-glucopyranosyl-28-O-β-D-glucopyranosyl-oleanate', 'β-Sitosterol benzoate', '5-hydroxyflavone', '2-phenyl-4H-chromen-4-one', 'Haplotusine', 'Sinapyl 4-O-β-D-glucopyranoside aldehyde', 'Sinapyl 4-O-β-D-glucopyranoside alcohol', 'N-acetylnonaine', 'Liriodenine', '[10]-gingerol', ""2,4-Dihydroxy-6-[(1'E,3'E)-penta-1', 3'-dienyl]-benzaldehyde"", 'Nitensidine A', '2-methyl-5-[8(Z)-pentadecenyl]resorcinol', '2-hydroxyphenylacetic acid', '3-O-β-D-quinovopyranosyl quinovic acid', 'Kaempferol', ""8-hydroxy-3,5,7,3',4',5'-hexamethoxyflavonol"", ""2-(2'-O-trans-caffeoyl)-C-β-D-glucopyranosyl-1,3,6,7-tetrahydroxyxanthone"", 'Netzahualcoyene', 'Casearin X Dialdehyde; (2R*,4aS*,5S*,7R*,8R*,8aS*)-4,4a-Diformyl-1,2,4a,5,6,7,8,8a-octahydro-5-hydroxy-7,8-dimethyl-8-[(2Z)-3-methylpenta-2,4-dien-1-yl]naphthalen-2-yl Butanoate', 'polypodine B', 'n-Propyl gallate', ""3',4',5',5,7,8-hexamethoxyflavone"", 'Isopropyl gallate', '6β-hydroxy-7-epigardoside methyl ester', 'Leptomerine', '5-hydroxy-N-methylseverifoline', '19,20-Epoxycytochalasin N', 'ellagic acid 4-O-α-L-rhamnopyranoside; eschweilenol C', 'Mayoside C', 'Ourateacatechin', ""3',4',5',5,7-pentamethoxyflavone"", '2-methyl-5-pentadecylresorcinol', '3β-hydroxy-stigmast-5-en-7-one; 24-β-7-oxositosterol', 'scillascillin', ""7-Hydroxy-4',6-dimethoxyisoflavone; Afrormosin; Afromosin"", '8-methoxymellein', '(±)-Syringaresinol', 'Cyclo-(L-Pro-L-Val)', 'Acetonide of odoratol', '(−)-Grandisin', 'fraxinellonone', '2,7-Di-O-acetylcasearupestrin A', 'Nitensidine B', '1-methyl-2-n-nonyl-4-quinolone', '5-[8(Z),11(Z),14-pentadecatrienyl]resorcinol', 'Gallic acid; 3,4,5-trihydroxybenzoic acid', 'Piperol B', '(-)-Hardwickiic acid', ""5-[3''-(β-D-glucopyranosyloxy)propyl]-7-methoxy-2-(3',4'-methylenedioxyphenyl)benzofuran"", '28-O-β-D-glucopyranosyl quinovic acid', '2-Methyl-4-hydroxy-butyl caffeoate', 'N-1,N-2,N-3-Triisopentenylguanidine', 'Dibenzyl trisulphide', 'Maytenin, Tingenone', '(4R)-4,8-dihydroxy-α-tetralone', 'Odoratol', '2-n-nonyl-4-quinolone', 'Cytochalasin D', 'Isoorientin', 'urauchimycin B', 'Maculosidine', 'Podocarpusflavone A', 'Casearupestrin C', '6α-malonyloxy-n-butyl ester manoyl oxide', 'citrusinine-I', 'Ricinine', 'Leptophyllin A', '5-pentadecylresorcinol', 'Homoegonol', '[8]-gingerol', '4-Hydroxymellein', '5-hydroxymellein', 'β-photogedunin', 'n-Butyl gallate', ""5-[3''-(β-D-glucopyranosyloxy)propyl]-7-methoxy-2-(3',4'-dimethoxyphenyl)benzofuran"", '3,12-Dihydroxycadalene', 'Dibenzyl sulphide', '(-) Cis-4-hydroxy-6-deoxyscytalone', 'Plumericin', '5-[8(Z),11(Z)-pentadecadienyl]resorcinol', '(-)-Spectalinine', 'Netzahualcoyondiol', '19,20-Epoxycytochalasin D', 'fumiquinozoline F', 'Kaempferol 3-O-α-L-rhamnopyranosyl (1→6)-O-[β -D-glucopyranosyl (1→3)-O-α-L-rhamnopyranosyl-(1→2)]-O-β -D-glucopyranosyl', '3β-O-[α-L-rhamnopyranosyl-(1→2)-O-β-D-glucopyranosyl-(1→2)-O-β-D-glucopyranosyl]-28-O-β-D-glucopyranoside pomolate', 'Dibenzyl tetrasulphide', ""2',5-dihydroxy-3-methoxy-8-dimethylallyl-6, 7-(2' ',2''-dimethylpyrano)-dihydroflavonol"", 'Casearupestrin B', 'toonacilin', 'Uracil', '1-O-(E)-feruloyl-β-D-glucopyranoside', '19,20-Epoxycytochalasin C', 'urauchimycin A', 'p-Coumaric acid', '(-)-Epigallocatechin', 'Netzahualcoyonol', '1-[3-(3,7-dimethylocta-2,6-dien-1-yl)-2,4,6- trihydroxyphenyl]-3-(4-hydroxyphenyl)propan-1-one', '6α-malonyloxymanoyl oxide', 'Benzylhydroxymethyl sulphide', '1,6-di-O-caffeoyl-β-D-glucopyranoside', '2-methyl-5-[8(Z),11(Z),14-pentadecatrienyl]resorcinol', 'Pristimerin; 20α-3-hydroxy-2-oxo-24-nor-friedela-1-10,3,5,7-tetraen-carboxylic acid-29-methylester', '3,4,5-trimethoxyphenyl 1-O-β-D-apiofuranosyl-(1→6)-O-β-D-glucopyranoside', 'Ocotillone', 'des-N-methylnoracronycine', 'Sorbifolin 6-O-β-glucopyranoside', 'Rel-2α-hydroxyzuelanin-6β-benzoate', '2,6-di-O-acetylcasearupestrin D', ""Methyl-2,2-dimethyl-8-(3'-methylbut-2'-enyl)chroman-6-carboxylate"", '7-hydroxy-3- (11-dimethylallyl)-8-methoxycoumarin', ""N-[7-(3',4'-methylenedioxyphenyl)-2(Z),4(Z)-heptadienoyl]pyrrolidine"", ""Acteoside; [β-3,4-dihydroxyphenyl)-ethyl]-(3'-O-α-L-rhamnopyranosyl)-(4'-O-cafeoyl)-β-D-glycopyranoside, verbascoside"", '20-hydroxyecdysone; polypodine A', '3-Acetyl aleuritolic acid', 'Alkenoic acid', 'Quercetin 3-O-α-L-rhamnopyranosyl (1→6)-O-[β -D-glucopyranosyl (1→3)-O-α-L-rhamnopyranosyl-(1→2)]-O-β -D-glucopyranosyl', 'Heveaflavone', 'Arboreumine', '3-Oxoursolic acid', '1,2-dihydro- 3β-hydroxy-7-deacetoxy-7-oxogedunin', 'Photogedunin', 'Casearin X; (1R*,3S*,5S*,6aR*,7S*,8S*,10R*,10aR*)-1-(Acetyloxy)-3,5,6,6a,7,8,9,10-octahydro-10-hydroxy-7,8-dimethyl-7-[(2Z)-3-methylpenta-2,4-dien-1-yl]naphtho[1,8a-c]furan-3,5-diyl Dibutanoate', ""2-(R)-Methyl-6-(S)-(tetradecyl-13'-one)-3(R)-O-tert-butyldimethylsilyl-piperidine"", '(2S)-Methyl-2-methyl-8-(3""-methylbut-2""-enyl)-2-(4\'-methylpent-3\'-enyl)-2H-chromene-6-carboxylate', 'Casearin T', 'Piperyline, N-[10-(13,14-methylenedioxyphenyl)-7(E),9(E)-pentadienoyl]-pyrrolidine', 'Methyl angolensate', ""5-(3'' -Hydroxypropyl)-7-methoxy-2-(3',4' -methyl-enedioxyphenyl)benzofuran"", '22β-hydroxypristimerin', '1- (5,7-dihydroxy-2,2-dimethylchroman-6-yl)-3-(2,2-dimethylchroman- 6-yl)propan-1-one', 'Canavaline', 'Di-hydrodehydrodiconiferyl alcohol', 'Quercetin', ""2-(2'-O-trans-cinnamoyl)-C-β-D-glucopyranosyl-1,3,6,7-tetrahydroxyxanthone"", 'Kokusaginine', 'Pedalitin', 'Skimmianine', 'p-hydroxybenzoic acid-geranyl ester', 'Dibenzyl disulphide', 'Proanthocyanidin', 'neoisoastilbin', '(R)-7-Hydroxymellein', '6α-acetoxymanoyl oxide', 'Methyl-8-hydroxy-2,2-dimethylchroman-6-carboxylate', '6α-acetoxy-14β,15β-epoxyazadirone', 'n-Pentyl gallate', 'Orcinol', 'Periconicin B', 'Phomopsilactone', ""(2S)-8-Isopentyl-2-methyl-2-(4'-methylpentyl)chroman-6-carboxylic acid"", '2,2-dimethyl-2H-chromene-6-carboxylic acid', '(3R,4R)-3,4-Dihydro-4,6-dihydroxy-3-methyl-1-oxo-1H-isochromene-5-carboxylic acid', '24-methylene-3,22-dihydroxycholesterol', 'amorphispironone', 'Casearupestrin D', 'Chaetoglobosin B', ""2-(2'-O-benzoyl)-C-β-D-glucopyranosyl-1,3,6,7-tetrahydroxyxanthone"", 'Isoplumericin', 'α-L-xylopyranosyl-(4""→20)-(3-O-β-D-glucopyranosyl)-1\'-O-E-caffeoyl-β-D-glucopyranoside', '6-[8(Z)-pentadecenyl]salicylic acid', '(2S)-2-methyl-8-(3""-methylbut-2""-enyl)-2-(4\'-methylpent-3\'-enyl)-2H-chromene-6-carboxylic acid', 'Burchellin', '5-[8(Z)-pentadecenyl]resorcinol', 'ω-fenil alcanoic acid', '2-butyl-D-fructofuranoside', ""Gaudichaudianic acid; (2S)-2-methyl-2-(4'methyl-3'-pentenyl)-8-(3''-methyl-2-butenyl)- 2H-1-benzopyran-6-carboxylic acid"", 'limonexic acid', 'Sinapic acid', '19,20-Epoxycytochalasin Q', '19,20-Epoxycytochalasin R', 'Muraxanthone', 'epoxy-fraxinellone', '12′-hydroxy-7′-multijuguinone', 'Kaempferitrin', 'Nitensidine C', 'Dipropyl disulphide', '2-methyl-5-[8(Z),11(Z)-pentadecadienyl]resorcinol', 'Methyl 6,7,8-trimethoxydihydrocinnamate', '2-Hexyl-3-methyl-butanodioic acid', 'fraxinellone', 'Di(benzyltrithio) methane', '3,11,12-Trihydroxycadalene', 'Quercetin 3-O-sophoroside', ""Nitensoside B; Pedalitin 6-O-α-rhamnopyranosyl(1'''→6'')-β-glucopyranoside"", '6-[ 8(Z),11(Z) -pentadecadienyl] salicylic acid', 'Odoratone', 'Rel-6β-hydroxyzuelanin-2β-benzoate', 'shidasterone', '5-hydroxymethyl- 2-furancarboxaldehyde; 5-hydroxymethyl-2-furfuraldehyde', 'atalaphyllinine', 'N-[10- (13,14-methylenedioxyphenyl)-7(E)-pentaenoyl]-pyrrolidine', '2-Methyl-5-methoxy-benzopyran-4-one', '3,4-dihydroxybenzoic acid geranyl ester', 'N-[10-(13,14-methylenedioxyphenyl)-7(E),9(Z)-pentadienoyl]-pyrrolidine', 'Gedunin', 'Pedalin, pedalitin 6-O-β -glucopyranoside', 'Caseargrewiin F; (1R*,3S*,5S*,6aR*,7S*,8R*,10R*,10aR*)-1,3-Bis(acetyloxy)-3,5,6,6a,7,8,9,10-octahydro-10-hydroxy-7,8-dimethyl-7-[(2Z)-3-methylpenta-2,4-dien-1-yl]naphtho[1,8a-c]furan-5-yl Butanoate', 'Casearin L; (1R*,3S*,5S*,6aR*,7R*,8R*,9S*,10S*,10aR*)-1,10-Bis(acetyloxy)-3,5,6,6a,7,8,9,10-octahydro-9-hydroxy-5-methoxy-7,8-dimethyl-7-[(2Z)-3-methylpenta-2,4-dien-1-yl]naphtho[1,8a-c]-furan-3-yl Butanoate', 'Luteolin; 2-(3,4-dihydroxyphenyl)-5,7-dihydroxy-4H-chromen-4-one', '6-[8(Z),11(Z),14-pentadecatrienyl]salicylic acid', 'Platydesmine', 'Leiokinine A', 'Cabraleadiol', 'schaftoside', ""(2S)-Methyl-8-isopentyl-2-methyl-2-(4'-methylpentyl)chroman-6-carboxylate"", '3,4,5-Triacetoxybenzoic acid', 'Casearupestrin A', '2-oxo-piperol B; (7S*, 8R*, 1R*, 3R*)-3,4,5-trimethoxy-3,7-cyclo-8,1-neolig-8-ene-2,4(3H)-dione', 'taxifolin', ""(2'S)-2-(propan-2'-ol)-5-hydroxy-benzopyran-4-one"", 'Rel-(+)-(7S,9R,10S)-3,9,12-trihydroxycalamenene', 'Casearin S', '11β-acetoxyobacunone', '1-(5,7-dihydroxy-2,2-dimethylchroman- 6-yl)-3-[4-hydroxy-3-(3-methylbut-2-en-1-yl)- phenyl]propan-1-one', '(3R,4R)-4,7-Dihydroxymellein', 'Rel. (+)-(7S,10S) 3,12-dihydroxycalamenene', 'carlinoside', 'Methyl-8-(ethanoyloxy)-2,2-dimethyl-2H-chromene-6-carboxylate', 'arjunolic acid', 'Amentoflavone', 'Methyl gallate', '3-O-β-D-quinovopyranosyl cincholic acid', 'Afzelin, 3-O-α-rhamnosyl kaempferol', 'Egonol', '4-Nerolidilcatechol', ""2-(2'-O-transcoumaroyl)-C-β-D-glucopyranosyl-1,3,6,7-tetrahydroxyxanthone"", 'Syringic acid', '(+)-3-O-feruloylcassine', '1-(5,7-dihydroxy-2,2-dimethylchroman-6-yl)-3-(1,1,4a-trimethyl-2,3,4,4a,9a-hexahydro-1H-xanthen-7-yl)propan-1-one', 'Methyl (E)-6,7,8-trimethoxycinnamate', '3,4,5-Trimethoxyphenyl-1-O-β-D-(5-O-syringoyl)-apiofuranosyl-(1→6)-β-D-glucopyranoside', 'Salacin', 'Viburgenin', ""Pterogynoside; Kaempferol-3-O-(3''-O-4'''-methylgallate-α-L-rhamnoside)"", 'Isobutyl gallate', '7′-multijuguinone', 'Griseofulvin', 'Sorbifolin', ""Nitensoside A; Sorbifolin 6-O-α-rhamnopyranosyl(1'''→6'')-β-glucopyranoside"", 'Casearin O; (1R*,3S*,5S*,6aR*,7R*,8R*,9S*,10S*,10aR*)-1,10-Bis(acetyloxy)-5-methoxy-7,8-dimethyl-7-[(2Z)-3-methylpenta-2,4-dien-1-yl]-3,5,6,6a,7,8,9,10-octahydronaphtho[1,8a-c]furan-3,9-diyl Dibutanoate', 'germacrene D', '6-pentadecylsalicylic acid', 'Methyl-2,2-dimethylchroman-6-carboxylate', ""Myrsinoic acid A, 3-Geranyl-4-hydroxy-5-(3'',3''-dimethylallyl)benzoic acid"", '20α-Hydroxymaytenin; 20-hydroxy-20-epi-tingenone', '(-)-Epigallocatechin-3-O-gallate', 'Casearin D; (1R*,3S*,5S*,6aR*,7R*,8R*,9S*,10S*,10aR*)-1-(Acetyloxy)-3,5,6,6a,7,8,9,10-octahydro-5,10-dihydroxy-7,8-dimethyl-7-[(2Z)-3-methylpenta-2,4-dien-1-yl]naphtho[1,8a-c]furan-3,9-diyl Dibutanoate', 'Tetrahydropiperyline, N-[10-(13,14-methylenedioxyphenyl)-pentanoyl]-pyrrolidine', 'Piperovatine', '2,4,6-trimethoxybenzoic acid', '1-O-(E)-caffeoyl-β-D-glucopyranoside', 'Quercitrin, 3-O-α-rhamnosylquercetin', 'Caseobliquin A', 'stachysterone', 'Ethyl 2,4-dihydroxy-5,6-dimethylbenzoate', 'Amentoflavone 7”,4”’-dimethyl ether', 'Picramnioside F', 'Lauryl gallate', 'Syringaldehyde', '22-hydroxytirucalla-7,24-diene-2,3-dione', 'Trans-3’-methylsulphonylallyl trans-cinnamate', '(3-(2-(4-hydroxyphenyl)-2-oxoethyl)-5,6-dihydropyridin- 2(1H)-one)', 'Mangiferin', '24-methylenecycloartan-3b-ol', 'Ixoside', '2β-Hydroxyzuelanin-6β-cinnamate', 'Cognatine', 'Fagaramide', 'Chalepin', 'Chlorogenic acid']]",doi_name
"['10.1590/S0103-50532005000800018', '4-Nerolidilcatechol']","['10.1590/S0103-50532005000800018', [""3,4-dimethyl-2-(4'-hydroxy-3',5'-dimethoxyphenyl)-5-methoxy-tetrahydrofuran"", 'guaiol', 'γ-eudesmol', 'Hinesol', 'α-eudesmol', '4-metoxi-6-[2-(metilamino)fenil]- 2H-piran-2-ona', '3,4-dehydro-strictosidine', 'Harman-3-carboxylic acid', '5α-carboxystrictosidine', 'Strictosidine acid', 'Cordifoline', '3,4-dehydrostrictosidine acid', 'Turbinatine', 'Deoxycordifoline', 'Galioside aglicone', '11-O-trans-feruloylteucrein', 'Teucrein', 'Galioside', 'Apodanthoside', 'Taraxerol acetate', '(+)-Erythravine', '(+)-α-Hydroxyerysotrine', '(+)-11α-Hydroxyerythravine', 'Aphidicolin', '1-methoxy-3-hydroxy-3,10b-4,5a-diepoxy-8b-isobutyroyloxygermacr-11(13)-en-6a,12-olide', 'Tagitinin C', 'Nitensidine D', 'Nitensidine E', ""3',4',5',3,5,7,8-heptamethoxyflavone"", ""3,5,6,7,3',4',5'-heptamethoxyflavonol"", 'Beauvericin', 'Anhydrofusarubin', '21β,25-dimethylmelianodiol', '21α,25-dimethylmelianodiol', '3,21-Di-epi-feroniellide B', 'Ergosterol peroxide', '(22E,24R)-ergosta-4,6,8(14),22-tetraen-3-one', '8-hydroxy-6-methoxy-3-methylisocoumarin', 'Dimethyl terephthalate', 'Pimara-7,15-dien-3β-ol', 'astilbin; Rel-(2R, 3R)-dihydroquercetin-3-O-±-L-rhamnoside', 'Chlorogenic acid methyl ester, Methyl (1S,3R,4R,5R)-3-{[(2E)-3-(3,4-dihydroxyphenyl)-2-propenoyl]oxy}-1,4,5-trihydroxycyclohexanecarboxylate', '5,7-dimethoxy-2,2-dimethyl-2H-1-benzopyran-6-propanoate', '2-Episesalatin', ""Isoswertisin-2''α1-L-rhamnoside"", ""Isoswertisin-4'-methyl-ether-2''α-L-rhamnoside"", 'Clusifoliol', 'Sesartemin', ""4-Hydroxy-3-(3',7'-dimethyl-3'-hydroxy-1'-oxo-6'-octenyl)benzoic acid"", ""1,4-Dihydroxy-2-(3',7'-dimethyl-1'-oxo-2'-E-6'-octadienyl)benzene"", ""Isosakuranetin; 5,7-dihydroxy-4'-methoxyflavanone"", ""4-Hydroxy-(3',7'-dimethyl-1'-oxo-octa-2'-E-6'-dienyl)benzoic acid"", ""Sakuranetin; 5,4'-dihydroxy-7-methoxyflavanone"", '2-n-Propylquinoline', '2-n-Pentylquinoline', ""2-(1'-pentenyl)-Quinoline"", ""2-(3',4'-methylenedioxyphenylethyl)-Quinoline"", '3,3-O-dimethylquercetin', 'penduletin 4-O-methyl ether', '2α,3α,19α- trihydroxyurs-12-en-28-oic acid', '3-O-methylquercetin', 'p-hydroxybenzoic acid', '2α,3α-dihydroxyolean-12- en-28-oic acid', '3,7,4-O-trimethylkaempferol', 'acacetin', 'Chrysoeriol', 'Methyl (3R,4R,5R)-3-{[(2E)-3-(3,4-dihydroxyphenyl)-2-propenoyl]oxy}-1,4,5-trihydroxycyclohexanecarboxylate', 'Methyl (3R,4R,5R)-3-{[(2Z)-3-(3,4-dihydroxyphenyl)-2-propenoyl]oxy}-1,4,5-trihydroxycyclohexanecarboxylate', '(-)-3-O-acetyl-spectaline', 'bis-5-hydroxyacronycine', 'Citibrasine', '2,3-dihydro-4,9-dihydroxy-2-(2-hydroxy-propan-2-yl)- 11-methoxy-10-methylfuro[3,2-b]acridin-5(10H)-one', 'Kaempferol-3-O-rutinoside', 'Catechin, Ent-catechin', 'Kaempferol-3-O-α-L-rhamnopyranosyl-(1→6)-β-D-galactopyranoside', 'Procyanidin B-3', 'Kaempferol-3-O-D-galactopyranoside', '6-Hydroxy-rutin', 'Kaempferol-3-O-α-L-rhamnopyranosyl-(1-6)-α-L-rhamnopyranosyl-(1-4)-β-D-glucopyranoside', 'Quercetin-3-O-α-L-rhamnopyranosyl-(1→6)-β-D-galactopyranoside', 'Kaempferol-3-O-D-glucopyranoside', 'Pentaol', 'Oleanonic acid', 'cryptomeridiol', '3,11-dioxoolean-12-en-28- onic acid', 'Iso-odoratol', 'Piscidinol A', 'Hispidol A', 'Nilocetin', 'Stearic acid 4-pentoyloxyphenethyl ester', 'β-Gardiol', 'Ferulic acid', 'α-Gardiol', '5,7-dimethoxy-2,2-dimethyl-2H-1-benzopyran-6-propanoic acid', '7-Methyl-sargachromenol; 2,7,8-Trimethyl-2-[(3-E,7-Z)-4,12-dimethyl-8-carboxyl-3,7,11-tridecatrienyl]-3-chromen-6-ol, β-caroteno', 'Verrucosin', 'Epi-guaiacin', 'Nectandrin B', 'Mycoleptone A', 'Mycoleptone B', 'Mycoleptone A tetraacetate', 'Austdiol diacetate', '9-hydroxyeugenin', 'Eugenitin', 'Austdiol', '6-methoxyeugenin', '19´-(3,4-Methylenedioxyphenyl)-nonadecanoic acid', ""7,4'-Dihydroxyflavone"", ""7,4'-Dimethoxyflavone"", 'Farnisine', 'Sargaquinoic acid', 'Sargachromenol', '21´-(3,4-Methylenedioxyphenyl)-henicosanoic acid', '(+)-Guaiacin', ""Juruenolic acid; 2-(4'-Methylpentenyl-3)-10-oxoundecan-2,6-dienoic acid"", 'Fasciculiferin', 'Tithonine', '17-(3,4-Methylenedioxyphenyl)-heptadecanoic acid', ""Methyl 4-hydroxy-3-(3'-methyl-2'-hydroxy-3'-butenyl)benzoate"", ""4-Hydroxy-(3',7'-dimethyl-1'-oxo-octa-2'-Z-6'-dienyl)benzoic acid"", ""Aduncumene; Methyl 2-methoxy-5-(3'-methyl-1'-oxo-2'-butenyl)benzoate"", '3,4,5-Trimethoxydihydrocinnamic acid', ""Methyl taboganate; Methyl 4-hydroxy-3-(3'-methyl-1'-oxo-2'-butenyl)benzoate"", ""2',6'-Dihydroxy-4'-methoxydihydrochalcone"", ""Methyl 4-hydroxy-3-(3'-methyl-2'-butenyl)benzoate"", 'Piperaduncine B', ""Hostmaniene; 4-Hydroxy-3-(2',3'-dihydroxy-3'-methylbutyl)benzoate"", ""4-Hydroxy-3-(3',7'-dimethylocta-2'-E-6'-dienyl)benzoic acid"", 'Methyl 2,2-dimethyl-1-oxo-2H-1-benzopyran-6-carboxylate', ""3',4'-methylenedioxy-5,6,7- trimethoxyflavone"", ""3',4'-methylenedioxy-5,5',6,7-tetramethoxyflavone"", ""2'-hydroxy-3,4,4'-trimethoxy-5',6'-(2'',2''-dimethylpyrano)-chalcone"", ""3',4'-methylenedioxy-5,7-dimethoxyflavone"", '7-Methoxydiderroside', 'Secoxyloganin', 'Diderroside', ""6'-Acetyl-β-D-glucopyranosyldiderroside"", ""Rel-(7R,8S,7'S,8'S)-4'-hydroxy-3,4,5,3',5'-pentamethoxy-7,7'-epoxylignan"", ""Rel-(7R,8S,7'S,8'S)-4,5,4',5'-dimethylenedioxy-3,3'-dimethoxy-7,7'-epoxylignan"", ""Rel-(7R,8S,7'S,8'S)-4',5'-methylenedioxy-3,4,5,3'-tetramethoxy-7,7'-epoxylignan"", ""Rel-(7R,8S,7'S,8'S)-4-hydroxy-4',5'-methylenedioxy-3,5,3'-trimethoxy-7,7'-epoxylignan"", ""Rel-(7R,8S,7'S,8'S)-9-hydroxy-4',5'-methylenedioxy-3,4,5,3'-tetramethoxy-7,7'-epoxylignan"", 'Methacrylic acid', '5-hydroxynoracronycine; Atalaphyllidine', '1,3,5-trihydroxy-4-methoxy-10-methyl- 2,8-bis(3-methylbut-2-enyl)acridin-9(10H)-one', 'Glycocitrine-IV', '3,4-dihydro-3,5,8-trihydroxy-6-methoxy-2,2,7-trimethyl-2Hpyrano[ 2,3-a]acridin-12(7H)-one', 'Citrusinine-I', 'Glycocitrine-I', 'Pyranofoline', 'Citrusinine-II', '1,3,5-trihydroxy- 2,8-bis(3-methylbut-2-enyl)-10-methyl-9-acridone', 'Xanthyletin', 'β-caryophyllene, trans-caryophyllene', 'Isopimpinellin', 'cyclo (L)-Pro-Gly', ""4-Methoxy-3-(3',7'-dimethylocta-2'-E-6'-dienyl)benzoic acid"", 'Methyl-8-hydroxy-2,2-dimethyl-2H-chromene-6-carboxylate', ""3-(3',7 '-dimethyl-2',6 '-octadienyl)-4-methoxy-benzoic acid"", ""N-[3-(6'-methoxy-3',4'-methy-lenedioxyphenyl)-2(Z)-propenoyl]pyrrolidine"", '4,5-dihydropiperyline', '(Z)-piplartine; 8(Z)-N-(12,13, 14-trimethoxycinnamoyl)- 3-pyridin-2-one', '4,5-dihydropiperlonguminine; Piperlonguminine', 'Piperine', '(E)-piplartine', '8,9-dihydropiplartine; N-(12,13,14-trimethoxydihydrocinnamoyl)-Δ3-pyridin-2-one', '10,11-dihydropiperine; Δα,β-dihydropiperine', 'Pellitorine', '(3Z,5Z)-N-isobutyl-8-(30,40-methylenedioxy-phenyl)-heptadienamide', 'Cusculine; 1,2,3,5,6-pentamethoxy-9-acridone', 'Cuspanine; 1-hydroxy-2,3,5,6-tetramethoxy-9-acridone', '2α,3α-Dihydroxy-urs-12-en-28-oic acid', 'Oleanolic acid 3-sophoroside', '3-O-β-D-(6’-methyl)-glucopyranosyl-28-O-β-D-glucopyranosyl-oleanate', 'β-Sitosterol benzoate', '2-phenyl-4H-chromen-4-one', '5-hydroxyflavone', 'Haplotusine', 'Sinapyl 4-O-β-D-glucopyranoside aldehyde', 'N-acetylnonaine', 'Sinapyl 4-O-β-D-glucopyranoside alcohol', 'Liriodenine', '[10]-gingerol', ""2,4-Dihydroxy-6-[(1'E,3'E)-penta-1', 3'-dienyl]-benzaldehyde"", '2-methyl-5-[8(Z)-pentadecenyl]resorcinol', 'Nitensidine A', '2-hydroxyphenylacetic acid', '3-O-β-D-quinovopyranosyl quinovic acid', '3β-hydroxy-stigmast-5-en-7-one; 24-β-7-oxositosterol', 'scillascillin', 'Homoegonol', '[8]-gingerol', '4-Hydroxymellein', '5-hydroxymellein', 'fraxinellonone', 'Dibenzyl sulphide', '(-) Cis-4-hydroxy-6-deoxyscytalone', 'Plumericin', '2,6-di-O-acetylcasearupestrin D', ""Methyl-2,2-dimethyl-8-(3'-methylbut-2'-enyl)chroman-6-carboxylate"", '2,7-Di-O-acetylcasearupestrin A', ""8-hydroxy-3,5,7,3',4',5'-hexamethoxyflavonol"", 'Odoratol', 'Leptomerine', '5-hydroxy-N-methylseverifoline', '19,20-Epoxycytochalasin N', 'ellagic acid 4-O-α-L-rhamnopyranoside; eschweilenol C', 'Mayoside C', 'Ourateacatechin', ""3',4',5',5,7-pentamethoxyflavone"", '2-methyl-5-pentadecylresorcinol', '(−)-Grandisin', '24-methylenecycloartan-3b-ol', 'Ixoside', 'n-Butyl gallate', ""5-[3''-(β-D-glucopyranosyloxy)propyl]-7-methoxy-2-(3',4'-dimethoxyphenyl)benzofuran"", '3,12-Dihydroxycadalene', '7-hydroxy-3- (11-dimethylallyl)-8-methoxycoumarin', ""5-(3'' -Hydroxypropyl)-7-methoxy-2-(3',4' -methyl-enedioxyphenyl)benzofuran"", '22β-hydroxypristimerin', '1- (5,7-dihydroxy-2,2-dimethylchroman-6-yl)-3-(2,2-dimethylchroman- 6-yl)propan-1-one', 'Canavaline', 'Di-hydrodehydrodiconiferyl alcohol', 'Quercetin', ""2-(2'-O-trans-cinnamoyl)-C-β-D-glucopyranosyl-1,3,6,7-tetrahydroxyxanthone"", 'Kokusaginine', 'Ocotillone', 'des-N-methylnoracronycine', 'Sorbifolin 6-O-β-glucopyranoside', 'Rel-2α-hydroxyzuelanin-6β-benzoate', '6α-malonyloxy-n-butyl ester manoyl oxide', 'citrusinine-I', 'Ricinine', 'Leptophyllin A', '5-pentadecylresorcinol', '19,20-Epoxycytochalasin D', 'fumiquinozoline F', 'Kaempferol 3-O-α-L-rhamnopyranosyl (1→6)-O-[β -D-glucopyranosyl (1→3)-O-α-L-rhamnopyranosyl-(1→2)]-O-β -D-glucopyranosyl', '3β-O-[α-L-rhamnopyranosyl-(1→2)-O-β-D-glucopyranosyl-(1→2)-O-β-D-glucopyranosyl]-28-O-β-D-glucopyranoside pomolate', 'Nitensidine B', '1-methyl-2-n-nonyl-4-quinolone', '5-[8(Z),11(Z),14-pentadecatrienyl]resorcinol', 'Gallic acid; 3,4,5-trihydroxybenzoic acid', 'Pristimerin; 20α-3-hydroxy-2-oxo-24-nor-friedela-1-10,3,5,7-tetraen-carboxylic acid-29-methylester', '3,4,5-trimethoxyphenyl 1-O-β-D-apiofuranosyl-(1→6)-O-β-D-glucopyranoside', 'β-photogedunin', ""2',5-dihydroxy-3-methoxy-8-dimethylallyl-6, 7-(2' ',2''-dimethylpyrano)-dihydroflavonol"", '2-n-nonyl-4-quinolone', 'Cytochalasin D', 'Isoorientin', 'urauchimycin A', 'p-Coumaric acid', '(-)-Epigallocatechin', 'Netzahualcoyonol', '1-[3-(3,7-dimethylocta-2,6-dien-1-yl)-2,4,6- trihydroxyphenyl]-3-(4-hydroxyphenyl)propan-1-one', '6α-malonyloxymanoyl oxide', 'Benzylhydroxymethyl sulphide', ""N-[7-(3',4'-methylenedioxyphenyl)-2(Z),4(Z)-heptadienoyl]pyrrolidine"", ""Acteoside; [β-3,4-dihydroxyphenyl)-ethyl]-(3'-O-α-L-rhamnopyranosyl)-(4'-O-cafeoyl)-β-D-glycopyranoside, verbascoside"", 'Maculosidine', 'Podocarpusflavone A', 'Casearupestrin C', '6α-acetoxymanoyl oxide', 'Methyl-8-hydroxy-2,2-dimethylchroman-6-carboxylate', '6α-acetoxy-14β,15β-epoxyazadirone', 'polypodine B', 'n-Propyl gallate', ""3',4',5',5,7,8-hexamethoxyflavone"", 'Isopropyl gallate', '6β-hydroxy-7-epigardoside methyl ester', 'Tetrahydropiperyline, N-[10-(13,14-methylenedioxyphenyl)-pentanoyl]-pyrrolidine', 'Piperovatine', '2,4,6-trimethoxybenzoic acid', '1-O-(E)-caffeoyl-β-D-glucopyranoside', 'Quercitrin, 3-O-α-rhamnosylquercetin', 'Caseobliquin A', 'Methyl angolensate', 'Dibenzyl tetrasulphide', '3-Oxoursolic acid', 'Casearupestrin B', 'toonacilin', 'Uracil', '1-O-(E)-feruloyl-β-D-glucopyranoside', '19,20-Epoxycytochalasin C', 'n-Pentyl gallate', 'Orcinol', '1,6-di-O-caffeoyl-β-D-glucopyranoside', '2-methyl-5-[8(Z),11(Z),14-pentadecatrienyl]resorcinol', 'Skimmianine', 'p-hydroxybenzoic acid-geranyl ester', 'Dibenzyl disulphide', 'Proanthocyanidin', 'neoisoastilbin', '(R)-7-Hydroxymellein', '2,2-dimethyl-2H-chromene-6-carboxylic acid', '1,2-dihydro- 3β-hydroxy-7-deacetoxy-7-oxogedunin', 'Photogedunin', 'Casearin X; (1R*,3S*,5S*,6aR*,7S*,8S*,10R*,10aR*)-1-(Acetyloxy)-3,5,6,6a,7,8,9,10-octahydro-10-hydroxy-7,8-dimethyl-7-[(2Z)-3-methylpenta-2,4-dien-1-yl]naphtho[1,8a-c]furan-3,5-diyl Dibutanoate', ""2-(R)-Methyl-6-(S)-(tetradecyl-13'-one)-3(R)-O-tert-butyldimethylsilyl-piperidine"", '(2S)-Methyl-2-methyl-8-(3""-methylbut-2""-enyl)-2-(4\'-methylpent-3\'-enyl)-2H-chromene-6-carboxylate', 'Casearin T', 'Piperyline, N-[10-(13,14-methylenedioxyphenyl)-7(E),9(E)-pentadienoyl]-pyrrolidine', 'ω-fenil alcanoic acid', '2-butyl-D-fructofuranoside', '20-hydroxyecdysone; polypodine A', '3-Acetyl aleuritolic acid', 'Alkenoic acid', 'Quercetin 3-O-α-L-rhamnopyranosyl (1→6)-O-[β -D-glucopyranosyl (1→3)-O-α-L-rhamnopyranosyl-(1→2)]-O-β -D-glucopyranosyl', 'Heveaflavone', 'Arboreumine', 'Pedalitin', 'epoxy-fraxinellone', '12′-hydroxy-7′-multijuguinone', 'Kaempferitrin', 'Nitensidine C', 'Dipropyl disulphide', '2-methyl-5-[8(Z),11(Z)-pentadecadienyl]resorcinol', 'Methyl 6,7,8-trimethoxydihydrocinnamate', '2-Hexyl-3-methyl-butanodioic acid', 'fraxinellone', '6-[ 8(Z),11(Z) -pentadecadienyl] salicylic acid', 'Di(benzyltrithio) methane', '3,11,12-Trihydroxycadalene', 'Periconicin B', 'Phomopsilactone', ""(2S)-8-Isopentyl-2-methyl-2-(4'-methylpentyl)chroman-6-carboxylic acid"", '(3R,4R)-3,4-Dihydro-4,6-dihydroxy-3-methyl-1-oxo-1H-isochromene-5-carboxylic acid', '24-methylene-3,22-dihydroxycholesterol', 'amorphispironone', 'Casearupestrin D', 'Chaetoglobosin B', ""2-(2'-O-benzoyl)-C-β-D-glucopyranosyl-1,3,6,7-tetrahydroxyxanthone"", 'Isoplumericin', 'α-L-xylopyranosyl-(4""→20)-(3-O-β-D-glucopyranosyl)-1\'-O-E-caffeoyl-β-D-glucopyranoside', '6-[8(Z)-pentadecenyl]salicylic acid', '(2S)-2-methyl-8-(3""-methylbut-2""-enyl)-2-(4\'-methylpent-3\'-enyl)-2H-chromene-6-carboxylic acid', 'Burchellin', '5-[8(Z)-pentadecenyl]resorcinol', 'Luteolin; 2-(3,4-dihydroxyphenyl)-5,7-dihydroxy-4H-chromen-4-one', 'Sinapic acid', ""Gaudichaudianic acid; (2S)-2-methyl-2-(4'methyl-3'-pentenyl)-8-(3''-methyl-2-butenyl)- 2H-1-benzopyran-6-carboxylic acid"", 'limonexic acid', 'Casearin S', '11β-acetoxyobacunone', '1-(5,7-dihydroxy-2,2-dimethylchroman- 6-yl)-3-[4-hydroxy-3-(3-methylbut-2-en-1-yl)- phenyl]propan-1-one', '(3R,4R)-4,7-Dihydroxymellein', '(-)-Hardwickiic acid', ""5-[3''-(β-D-glucopyranosyloxy)propyl]-7-methoxy-2-(3',4'-methylenedioxyphenyl)benzofuran"", '28-O-β-D-glucopyranosyl quinovic acid', '2-Methyl-4-hydroxy-butyl caffeoate', 'N-1,N-2,N-3-Triisopentenylguanidine', 'Dibenzyl trisulphide', 'Maytenin, Tingenone', 'urauchimycin B', ""2-(2'-O-trans-caffeoyl)-C-β-D-glucopyranosyl-1,3,6,7-tetrahydroxyxanthone"", 'Netzahualcoyene', 'Casearin X Dialdehyde; (2R*,4aS*,5S*,7R*,8R*,8aS*)-4,4a-Diformyl-1,2,4a,5,6,7,8,8a-octahydro-5-hydroxy-7,8-dimethyl-8-[(2Z)-3-methylpenta-2,4-dien-1-yl]naphthalen-2-yl Butanoate', 'Quercetin 3-O-sophoroside', '5-hydroxymethyl- 2-furancarboxaldehyde; 5-hydroxymethyl-2-furfuraldehyde', 'atalaphyllinine', 'N-[10- (13,14-methylenedioxyphenyl)-7(E)-pentaenoyl]-pyrrolidine', '2-Methyl-5-methoxy-benzopyran-4-one', '3,4-dihydroxybenzoic acid geranyl ester', 'N-[10-(13,14-methylenedioxyphenyl)-7(E),9(Z)-pentadienoyl]-pyrrolidine', 'Gedunin', 'Pedalin, pedalitin 6-O-β -glucopyranoside', '19,20-Epoxycytochalasin Q', '19,20-Epoxycytochalasin R', 'Muraxanthone', 'Casearupestrin A', '2-oxo-piperol B; (7S*, 8R*, 1R*, 3R*)-3,4,5-trimethoxy-3,7-cyclo-8,1-neolig-8-ene-2,4(3H)-dione', 'taxifolin', ""(2'S)-2-(propan-2'-ol)-5-hydroxy-benzopyran-4-one"", 'Rel-(+)-(7S,9R,10S)-3,9,12-trihydroxycalamenene', 'Leiokinine A', 'Cabraleadiol', 'schaftoside', ""(2S)-Methyl-8-isopentyl-2-methyl-2-(4'-methylpentyl)chroman-6-carboxylate"", '3,4,5-Triacetoxybenzoic acid', '1-(5,7-dihydroxy-2,2-dimethylchroman-6-yl)-3-(1,1,4a-trimethyl-2,3,4,4a,9a-hexahydro-1H-xanthen-7-yl)propan-1-one', 'Methyl (E)-6,7,8-trimethoxycinnamate', '3,4,5-Trimethoxyphenyl-1-O-β-D-(5-O-syringoyl)-apiofuranosyl-(1→6)-β-D-glucopyranoside', '6-[8(Z),11(Z),14-pentadecatrienyl]salicylic acid', 'Sorbifolin', ""Nitensoside A; Sorbifolin 6-O-α-rhamnopyranosyl(1'''→6'')-β-glucopyranoside"", ""Nitensoside B; Pedalitin 6-O-α-rhamnopyranosyl(1'''→6'')-β-glucopyranoside"", 'Amentoflavone', 'Odoratone', 'Rel-6β-hydroxyzuelanin-2β-benzoate', 'shidasterone', 'Casearin O; (1R*,3S*,5S*,6aR*,7R*,8R*,9S*,10S*,10aR*)-1,10-Bis(acetyloxy)-5-methoxy-7,8-dimethyl-7-[(2Z)-3-methylpenta-2,4-dien-1-yl]-3,5,6,6a,7,8,9,10-octahydronaphtho[1,8a-c]furan-3,9-diyl Dibutanoate', 'germacrene D', 'Methyl gallate', '3-O-β-D-quinovopyranosyl cincholic acid', 'Afzelin, 3-O-α-rhamnosyl kaempferol', 'Egonol', '4-Nerolidilcatechol', ""2-(2'-O-transcoumaroyl)-C-β-D-glucopyranosyl-1,3,6,7-tetrahydroxyxanthone"", 'Syringic acid', '(+)-3-O-feruloylcassine', '6-pentadecylsalicylic acid', 'Methyl-2,2-dimethylchroman-6-carboxylate', ""Myrsinoic acid A, 3-Geranyl-4-hydroxy-5-(3'',3''-dimethylallyl)benzoic acid"", 'Caseargrewiin F; (1R*,3S*,5S*,6aR*,7S*,8R*,10R*,10aR*)-1,3-Bis(acetyloxy)-3,5,6,6a,7,8,9,10-octahydro-10-hydroxy-7,8-dimethyl-7-[(2Z)-3-methylpenta-2,4-dien-1-yl]naphtho[1,8a-c]furan-5-yl Butanoate', 'Casearin L; (1R*,3S*,5S*,6aR*,7R*,8R*,9S*,10S*,10aR*)-1,10-Bis(acetyloxy)-3,5,6,6a,7,8,9,10-octahydro-9-hydroxy-5-methoxy-7,8-dimethyl-7-[(2Z)-3-methylpenta-2,4-dien-1-yl]naphtho[1,8a-c]-furan-3-yl Butanoate', 'Platydesmine', '(±)-Syringaresinol', 'Cyclo-(L-Pro-L-Val)', 'Acetonide of odoratol', '20α-Hydroxymaytenin; 20-hydroxy-20-epi-tingenone', '(-)-Epigallocatechin-3-O-gallate', 'Casearin D; (1R*,3S*,5S*,6aR*,7R*,8R*,9S*,10S*,10aR*)-1-(Acetyloxy)-3,5,6,6a,7,8,9,10-octahydro-5,10-dihydroxy-7,8-dimethyl-7-[(2Z)-3-methylpenta-2,4-dien-1-yl]naphtho[1,8a-c]furan-3,9-diyl Dibutanoate', 'Rel. (+)-(7S,10S) 3,12-dihydroxycalamenene', 'carlinoside', 'Methyl-8-(ethanoyloxy)-2,2-dimethyl-2H-chromene-6-carboxylate', 'arjunolic acid', 'stachysterone', 'Ethyl 2,4-dihydroxy-5,6-dimethylbenzoate', 'Amentoflavone 7”,4”’-dimethyl ether', 'Picramnioside F', 'Lauryl gallate', 'Syringaldehyde', '5-[8(Z),11(Z)-pentadecadienyl]resorcinol', '(-)-Spectalinine', 'Netzahualcoyondiol', 'Piperol B', '22-hydroxytirucalla-7,24-diene-2,3-dione', 'Trans-3’-methylsulphonylallyl trans-cinnamate', '(3-(2-(4-hydroxyphenyl)-2-oxoethyl)-5,6-dihydropyridin- 2(1H)-one)', 'Mangiferin', 'Salacin', 'Viburgenin', ""Pterogynoside; Kaempferol-3-O-(3''-O-4'''-methylgallate-α-L-rhamnoside)"", 'Isobutyl gallate', '7′-multijuguinone', 'Griseofulvin', ""7-Hydroxy-4',6-dimethoxyisoflavone; Afrormosin; Afromosin"", '8-methoxymellein', '2β-Hydroxyzuelanin-6β-cinnamate', 'Cognatine', 'Fagaramide', 'Chalepin', 'Chlorogenic acid', '(4R)-4,8-dihydroxy-α-tetralone', 'Kaempferol']]",doi_name
"['10.1590/S0103-50532002000100010', '2-n-nonyl-4-quinolone']","['10.1590/S0103-50532002000100010', [""3',4',5',3,5,7,8-heptamethoxyflavone"", ""3,5,6,7,3',4',5'-heptamethoxyflavonol"", 'γ-eudesmol', 'guaiol', 'Hinesol', 'α-eudesmol', 'Kaempferol-3-O-α-L-rhamnopyranosyl-(1→6)-β-D-galactopyranoside', 'Kaempferol-3-O-rutinoside', 'Catechin, Ent-catechin', '6-Hydroxy-rutin', 'Kaempferol-3-O-α-L-rhamnopyranosyl-(1-6)-α-L-rhamnopyranosyl-(1-4)-β-D-glucopyranoside', 'Procyanidin B-3', 'Kaempferol-3-O-D-glucopyranoside', 'Kaempferol-3-O-D-galactopyranoside', 'Quercetin-3-O-α-L-rhamnopyranosyl-(1→6)-β-D-galactopyranoside', 'Galioside aglicone', 'Teucrein', '11-O-trans-feruloylteucrein', 'Galioside', 'Apodanthoside', '(+)-11α-Hydroxyerythravine', '(+)-Erythravine', '(+)-α-Hydroxyerysotrine', 'Pimara-7,15-dien-3β-ol', 'Dimethyl terephthalate', '8-hydroxy-6-methoxy-3-methylisocoumarin', '(22E,24R)-ergosta-4,6,8(14),22-tetraen-3-one', 'Ergosterol peroxide', '5,7-dimethoxy-2,2-dimethyl-2H-1-benzopyran-6-propanoic acid', ""3,4-dimethyl-2-(4'-hydroxy-3',5'-dimethoxyphenyl)-5-methoxy-tetrahydrofuran"", 'Beauvericin', 'Anhydrofusarubin', 'Chlorogenic acid methyl ester, Methyl (1S,3R,4R,5R)-3-{[(2E)-3-(3,4-dihydroxyphenyl)-2-propenoyl]oxy}-1,4,5-trihydroxycyclohexanecarboxylate', 'Methyl (3R,4R,5R)-3-{[(2E)-3-(3,4-dihydroxyphenyl)-2-propenoyl]oxy}-1,4,5-trihydroxycyclohexanecarboxylate', 'Methyl (3R,4R,5R)-3-{[(2Z)-3-(3,4-dihydroxyphenyl)-2-propenoyl]oxy}-1,4,5-trihydroxycyclohexanecarboxylate', '4-metoxi-6-[2-(metilamino)fenil]- 2H-piran-2-ona', '1-methoxy-3-hydroxy-3,10b-4,5a-diepoxy-8b-isobutyroyloxygermacr-11(13)-en-6a,12-olide', 'Tagitinin C', ""7,4'-Dimethoxyflavone"", 'Sargachromenol', ""7,4'-Dihydroxyflavone"", '(+)-Guaiacin', '19´-(3,4-Methylenedioxyphenyl)-nonadecanoic acid', 'Farnisine', 'Sargaquinoic acid', '21´-(3,4-Methylenedioxyphenyl)-henicosanoic acid', ""Juruenolic acid; 2-(4'-Methylpentenyl-3)-10-oxoundecan-2,6-dienoic acid"", 'Tithonine', 'Fasciculiferin', '17-(3,4-Methylenedioxyphenyl)-heptadecanoic acid', 'Nitensidine D', 'Nitensidine E', 'Taraxerol acetate', ""Isosakuranetin; 5,7-dihydroxy-4'-methoxyflavanone"", ""4-Hydroxy-(3',7'-dimethyl-1'-oxo-octa-2'-E-6'-dienyl)benzoic acid"", ""1,4-Dihydroxy-2-(3',7'-dimethyl-1'-oxo-2'-E-6'-octadienyl)benzene"", ""Sakuranetin; 5,4'-dihydroxy-7-methoxyflavanone"", ""4-Hydroxy-3-(3',7'-dimethyl-3'-hydroxy-1'-oxo-6'-octenyl)benzoic acid"", 'Aphidicolin', '3,3-O-dimethylquercetin', '2α,3α,19α- trihydroxyurs-12-en-28-oic acid', 'penduletin 4-O-methyl ether', '3,7,4-O-trimethylkaempferol', '3-O-methylquercetin', 'Chrysoeriol', '2α,3α-dihydroxyolean-12- en-28-oic acid', 'p-hydroxybenzoic acid', 'acacetin', '9-hydroxyeugenin', 'Mycoleptone A', 'Austdiol', '6-methoxyeugenin', 'Eugenitin', 'Mycoleptone A tetraacetate', 'Mycoleptone B', 'Austdiol diacetate', 'Turbinatine', 'Cordifoline', 'Harman-3-carboxylic acid', '3,4-dehydro-strictosidine', '5α-carboxystrictosidine', 'Strictosidine acid', '3,4-dehydrostrictosidine acid', 'Deoxycordifoline', ""3',4'-methylenedioxy-5,5',6,7-tetramethoxyflavone"", ""2'-hydroxy-3,4,4'-trimethoxy-5',6'-(2'',2''-dimethylpyrano)-chalcone"", ""3',4'-methylenedioxy-5,6,7- trimethoxyflavone"", ""3',4'-methylenedioxy-5,7-dimethoxyflavone"", '2-Episesalatin', ""Isoswertisin-2''α1-L-rhamnoside"", 'Sesartemin', 'Clusifoliol', ""Isoswertisin-4'-methyl-ether-2''α-L-rhamnoside"", 'astilbin; Rel-(2R, 3R)-dihydroquercetin-3-O-±-L-rhamnoside', ""Methyl 4-hydroxy-3-(3'-methyl-2'-hydroxy-3'-butenyl)benzoate"", ""Aduncumene; Methyl 2-methoxy-5-(3'-methyl-1'-oxo-2'-butenyl)benzoate"", ""4-Hydroxy-(3',7'-dimethyl-1'-oxo-octa-2'-Z-6'-dienyl)benzoic acid"", ""Methyl taboganate; Methyl 4-hydroxy-3-(3'-methyl-1'-oxo-2'-butenyl)benzoate"", ""Hostmaniene; 4-Hydroxy-3-(2',3'-dihydroxy-3'-methylbutyl)benzoate"", ""4-Hydroxy-3-(3',7'-dimethylocta-2'-E-6'-dienyl)benzoic acid"", ""2',6'-Dihydroxy-4'-methoxydihydrochalcone"", 'Piperaduncine B', ""Methyl 4-hydroxy-3-(3'-methyl-2'-butenyl)benzoate"", '3,4,5-Trimethoxydihydrocinnamic acid', 'Methyl 2,2-dimethyl-1-oxo-2H-1-benzopyran-6-carboxylate', '2-n-Propylquinoline', ""2-(3',4'-methylenedioxyphenylethyl)-Quinoline"", ""2-(1'-pentenyl)-Quinoline"", '2-n-Pentylquinoline', '5,7-dimethoxy-2,2-dimethyl-2H-1-benzopyran-6-propanoate', '21α,25-dimethylmelianodiol', '3,21-Di-epi-feroniellide B', '21β,25-dimethylmelianodiol', '(-)-3-O-acetyl-spectaline', 'cryptomeridiol', 'Pentaol', 'Oleanonic acid', '3,11-dioxoolean-12-en-28- onic acid', 'Iso-odoratol', 'Piscidinol A', 'Nilocetin', 'Hispidol A', '1,3,5-trihydroxy- 2,8-bis(3-methylbut-2-enyl)-10-methyl-9-acridone', 'Citrusinine-I', '5-hydroxynoracronycine; Atalaphyllidine', '3,4-dihydro-3,5,8-trihydroxy-6-methoxy-2,2,7-trimethyl-2Hpyrano[ 2,3-a]acridin-12(7H)-one', 'Glycocitrine-I', 'Glycocitrine-IV', 'Pyranofoline', 'Citrusinine-II', '1,3,5-trihydroxy-4-methoxy-10-methyl- 2,8-bis(3-methylbut-2-enyl)acridin-9(10H)-one', '7-Methoxydiderroside', ""6'-Acetyl-β-D-glucopyranosyldiderroside"", 'Diderroside', 'Secoxyloganin', 'Methacrylic acid', 'β-Gardiol', 'α-Gardiol', 'Ferulic acid', '2,3-dihydro-4,9-dihydroxy-2-(2-hydroxy-propan-2-yl)- 11-methoxy-10-methylfuro[3,2-b]acridin-5(10H)-one', 'Citibrasine', 'bis-5-hydroxyacronycine', 'Xanthyletin', ""Rel-(7R,8S,7'S,8'S)-9-hydroxy-4',5'-methylenedioxy-3,4,5,3'-tetramethoxy-7,7'-epoxylignan"", ""Rel-(7R,8S,7'S,8'S)-4-hydroxy-4',5'-methylenedioxy-3,5,3'-trimethoxy-7,7'-epoxylignan"", ""Rel-(7R,8S,7'S,8'S)-4',5'-methylenedioxy-3,4,5,3'-tetramethoxy-7,7'-epoxylignan"", ""Rel-(7R,8S,7'S,8'S)-4,5,4',5'-dimethylenedioxy-3,3'-dimethoxy-7,7'-epoxylignan"", ""Rel-(7R,8S,7'S,8'S)-4'-hydroxy-3,4,5,3',5'-pentamethoxy-7,7'-epoxylignan"", 'Stearic acid 4-pentoyloxyphenethyl ester', 'cyclo (L)-Pro-Gly', '7-Methyl-sargachromenol; 2,7,8-Trimethyl-2-[(3-E,7-Z)-4,12-dimethyl-8-carboxyl-3,7,11-tridecatrienyl]-3-chromen-6-ol, β-caroteno', 'Nectandrin B', 'Verrucosin', 'Epi-guaiacin', 'Isopimpinellin', ""4-Methoxy-3-(3',7'-dimethylocta-2'-E-6'-dienyl)benzoic acid"", ""3-(3',7 '-dimethyl-2',6 '-octadienyl)-4-methoxy-benzoic acid"", 'Methyl-8-hydroxy-2,2-dimethyl-2H-chromene-6-carboxylate', ""N-[3-(6'-methoxy-3',4'-methy-lenedioxyphenyl)-2(Z)-propenoyl]pyrrolidine"", '4,5-dihydropiperyline', '(E)-piplartine', '4,5-dihydropiperlonguminine; Piperlonguminine', '10,11-dihydropiperine; Δα,β-dihydropiperine', '(Z)-piplartine; 8(Z)-N-(12,13, 14-trimethoxycinnamoyl)- 3-pyridin-2-one', 'Piperine', '8,9-dihydropiplartine; N-(12,13,14-trimethoxydihydrocinnamoyl)-Δ3-pyridin-2-one', '(3Z,5Z)-N-isobutyl-8-(30,40-methylenedioxy-phenyl)-heptadienamide', 'Pellitorine', 'β-caryophyllene, trans-caryophyllene', 'Cusculine; 1,2,3,5,6-pentamethoxy-9-acridone', 'Cuspanine; 1-hydroxy-2,3,5,6-tetramethoxy-9-acridone', '2α,3α-Dihydroxy-urs-12-en-28-oic acid', 'Oleanolic acid 3-sophoroside', '3-O-β-D-(6’-methyl)-glucopyranosyl-28-O-β-D-glucopyranosyl-oleanate', 'β-Sitosterol benzoate', '2-phenyl-4H-chromen-4-one', '5-hydroxyflavone', 'Haplotusine', 'Sinapyl 4-O-β-D-glucopyranoside aldehyde', 'N-acetylnonaine', 'Liriodenine', 'Sinapyl 4-O-β-D-glucopyranoside alcohol', '[10]-gingerol', ""2,4-Dihydroxy-6-[(1'E,3'E)-penta-1', 3'-dienyl]-benzaldehyde"", '2-methyl-5-[8(Z)-pentadecenyl]resorcinol', 'Nitensidine A', '3β-hydroxy-stigmast-5-en-7-one; 24-β-7-oxositosterol', 'scillascillin', 'Homoegonol', '[8]-gingerol', '4-Hydroxymellein', '5-hydroxymellein', 'fraxinellonone', 'Dibenzyl sulphide', '(-) Cis-4-hydroxy-6-deoxyscytalone', 'Plumericin', '5-[8(Z),11(Z)-pentadecadienyl]resorcinol', '(-)-Spectalinine', '2,7-Di-O-acetylcasearupestrin A', 'Nitensidine B', '2-hydroxyphenylacetic acid', ""8-hydroxy-3,5,7,3',4',5'-hexamethoxyflavonol"", 'Odoratol', 'Leptomerine', '5-hydroxy-N-methylseverifoline', '19,20-Epoxycytochalasin N', 'ellagic acid 4-O-α-L-rhamnopyranoside; eschweilenol C', 'Mayoside C', 'Ourateacatechin', ""3',4',5',5,7-pentamethoxyflavone"", '2-methyl-5-pentadecylresorcinol', '24-methylenecycloartan-3b-ol', 'Ixoside', '2β-Hydroxyzuelanin-6β-cinnamate', '7-hydroxy-3- (11-dimethylallyl)-8-methoxycoumarin', ""N-[7-(3',4'-methylenedioxyphenyl)-2(Z),4(Z)-heptadienoyl]pyrrolidine"", ""Acteoside; [β-3,4-dihydroxyphenyl)-ethyl]-(3'-O-α-L-rhamnopyranosyl)-(4'-O-cafeoyl)-β-D-glycopyranoside, verbascoside"", '22β-hydroxypristimerin', '1- (5,7-dihydroxy-2,2-dimethylchroman-6-yl)-3-(2,2-dimethylchroman- 6-yl)propan-1-one', 'Canavaline', 'Di-hydrodehydrodiconiferyl alcohol', 'Quercetin', ""2-(2'-O-trans-cinnamoyl)-C-β-D-glucopyranosyl-1,3,6,7-tetrahydroxyxanthone"", 'Kokusaginine', 'Ocotillone', 'des-N-methylnoracronycine', 'Sorbifolin 6-O-β-glucopyranoside', 'Rel-2α-hydroxyzuelanin-6β-benzoate', '2,6-di-O-acetylcasearupestrin D', ""Methyl-2,2-dimethyl-8-(3'-methylbut-2'-enyl)chroman-6-carboxylate"", 'Ricinine', 'Leptophyllin A', '5-pentadecylresorcinol', '19,20-Epoxycytochalasin D', 'fumiquinozoline F', 'Kaempferol 3-O-α-L-rhamnopyranosyl (1→6)-O-[β -D-glucopyranosyl (1→3)-O-α-L-rhamnopyranosyl-(1→2)]-O-β -D-glucopyranosyl', '3β-O-[α-L-rhamnopyranosyl-(1→2)-O-β-D-glucopyranosyl-(1→2)-O-β-D-glucopyranosyl]-28-O-β-D-glucopyranoside pomolate', '1-methyl-2-n-nonyl-4-quinolone', '5-[8(Z),11(Z),14-pentadecatrienyl]resorcinol', 'Gallic acid; 3,4,5-trihydroxybenzoic acid', 'Pristimerin; 20α-3-hydroxy-2-oxo-24-nor-friedela-1-10,3,5,7-tetraen-carboxylic acid-29-methylester', '3,4,5-trimethoxyphenyl 1-O-β-D-apiofuranosyl-(1→6)-O-β-D-glucopyranoside', 'β-photogedunin', 'n-Butyl gallate', ""5-[3''-(β-D-glucopyranosyloxy)propyl]-7-methoxy-2-(3',4'-dimethoxyphenyl)benzofuran"", '3,12-Dihydroxycadalene', 'Benzylhydroxymethyl sulphide', 'Isopropyl gallate', '6β-hydroxy-7-epigardoside methyl ester', 'Tetrahydropiperyline, N-[10-(13,14-methylenedioxyphenyl)-pentanoyl]-pyrrolidine', 'Piperovatine', '2,4,6-trimethoxybenzoic acid', '1-O-(E)-caffeoyl-β-D-glucopyranoside', 'Quercitrin, 3-O-α-rhamnosylquercetin', 'Caseobliquin A', 'Methyl angolensate', ""5-(3'' -Hydroxypropyl)-7-methoxy-2-(3',4' -methyl-enedioxyphenyl)benzofuran"", 'Maculosidine', 'Podocarpusflavone A', 'Casearupestrin C', '6α-malonyloxy-n-butyl ester manoyl oxide', 'citrusinine-I', 'Arboreumine', '3-Oxoursolic acid', 'Casearupestrin B', 'toonacilin', 'Uracil', 'Dibenzyl tetrasulphide', ""2',5-dihydroxy-3-methoxy-8-dimethylallyl-6, 7-(2' ',2''-dimethylpyrano)-dihydroflavonol"", '2-n-nonyl-4-quinolone', 'Cytochalasin D', 'Isoorientin', 'urauchimycin A', 'p-Coumaric acid', '(-)-Epigallocatechin', 'Netzahualcoyonol', '1-[3-(3,7-dimethylocta-2,6-dien-1-yl)-2,4,6- trihydroxyphenyl]-3-(4-hydroxyphenyl)propan-1-one', '6α-malonyloxymanoyl oxide', 'Proanthocyanidin', 'neoisoastilbin', '(R)-7-Hydroxymellein', '6α-acetoxymanoyl oxide', 'Methyl-8-hydroxy-2,2-dimethylchroman-6-carboxylate', '6α-acetoxy-14β,15β-epoxyazadirone', '1-O-(E)-feruloyl-β-D-glucopyranoside', '19,20-Epoxycytochalasin C', 'n-Pentyl gallate', '1,6-di-O-caffeoyl-β-D-glucopyranoside', '2-methyl-5-[8(Z),11(Z),14-pentadecatrienyl]resorcinol', '20-hydroxyecdysone; polypodine A', '3-Acetyl aleuritolic acid', 'Alkenoic acid', 'Quercetin 3-O-α-L-rhamnopyranosyl (1→6)-O-[β -D-glucopyranosyl (1→3)-O-α-L-rhamnopyranosyl-(1→2)]-O-β -D-glucopyranosyl', 'Heveaflavone', 'Orcinol', 'Periconicin B', 'Phomopsilactone', ""(2S)-8-Isopentyl-2-methyl-2-(4'-methylpentyl)chroman-6-carboxylic acid"", '2,2-dimethyl-2H-chromene-6-carboxylic acid', '1,2-dihydro- 3β-hydroxy-7-deacetoxy-7-oxogedunin', 'Photogedunin', 'Casearin X; (1R*,3S*,5S*,6aR*,7S*,8S*,10R*,10aR*)-1-(Acetyloxy)-3,5,6,6a,7,8,9,10-octahydro-10-hydroxy-7,8-dimethyl-7-[(2Z)-3-methylpenta-2,4-dien-1-yl]naphtho[1,8a-c]furan-3,5-diyl Dibutanoate', ""2-(R)-Methyl-6-(S)-(tetradecyl-13'-one)-3(R)-O-tert-butyldimethylsilyl-piperidine"", '(2S)-Methyl-2-methyl-8-(3""-methylbut-2""-enyl)-2-(4\'-methylpent-3\'-enyl)-2H-chromene-6-carboxylate', 'Casearin T', 'Piperyline, N-[10-(13,14-methylenedioxyphenyl)-7(E),9(E)-pentadienoyl]-pyrrolidine', 'ω-fenil alcanoic acid', 'Skimmianine', 'p-hydroxybenzoic acid-geranyl ester', 'Dibenzyl disulphide', 'n-Propyl gallate', ""3',4',5',5,7,8-hexamethoxyflavone"", '2-butyl-D-fructofuranoside', ""Gaudichaudianic acid; (2S)-2-methyl-2-(4'methyl-3'-pentenyl)-8-(3''-methyl-2-butenyl)- 2H-1-benzopyran-6-carboxylic acid"", 'limonexic acid', 'Pedalitin', 'epoxy-fraxinellone', '12′-hydroxy-7′-multijuguinone', 'Kaempferitrin', 'Nitensidine C', 'Dipropyl disulphide', '2-methyl-5-[8(Z),11(Z)-pentadecadienyl]resorcinol', 'Methyl 6,7,8-trimethoxydihydrocinnamate', '2-Hexyl-3-methyl-butanodioic acid', 'fraxinellone', '6-[ 8(Z),11(Z) -pentadecadienyl] salicylic acid', '6-[8(Z)-pentadecenyl]salicylic acid', '(2S)-2-methyl-8-(3""-methylbut-2""-enyl)-2-(4\'-methylpent-3\'-enyl)-2H-chromene-6-carboxylic acid', 'Burchellin', '5-[8(Z)-pentadecenyl]resorcinol', '(-)-Hardwickiic acid', ""5-[3''-(β-D-glucopyranosyloxy)propyl]-7-methoxy-2-(3',4'-methylenedioxyphenyl)benzofuran"", '28-O-β-D-glucopyranosyl quinovic acid', '2-Methyl-4-hydroxy-butyl caffeoate', 'N-1,N-2,N-3-Triisopentenylguanidine', 'Dibenzyl trisulphide', 'Maytenin, Tingenone', 'urauchimycin B', ""2-(2'-O-trans-caffeoyl)-C-β-D-glucopyranosyl-1,3,6,7-tetrahydroxyxanthone"", 'Netzahualcoyene', 'Casearin X Dialdehyde; (2R*,4aS*,5S*,7R*,8R*,8aS*)-4,4a-Diformyl-1,2,4a,5,6,7,8,8a-octahydro-5-hydroxy-7,8-dimethyl-8-[(2Z)-3-methylpenta-2,4-dien-1-yl]naphthalen-2-yl Butanoate', 'polypodine B', 'shidasterone', '5-hydroxymethyl- 2-furancarboxaldehyde; 5-hydroxymethyl-2-furfuraldehyde', 'atalaphyllinine', 'N-[10- (13,14-methylenedioxyphenyl)-7(E)-pentaenoyl]-pyrrolidine', '2-Methyl-5-methoxy-benzopyran-4-one', 'Di(benzyltrithio) methane', '3,11,12-Trihydroxycadalene', 'Quercetin 3-O-sophoroside', '(3R,4R)-3,4-Dihydro-4,6-dihydroxy-3-methyl-1-oxo-1H-isochromene-5-carboxylic acid', '24-methylene-3,22-dihydroxycholesterol', 'amorphispironone', 'Casearupestrin D', 'Chaetoglobosin B', ""2-(2'-O-benzoyl)-C-β-D-glucopyranosyl-1,3,6,7-tetrahydroxyxanthone"", 'Isoplumericin', 'α-L-xylopyranosyl-(4""→20)-(3-O-β-D-glucopyranosyl)-1\'-O-E-caffeoyl-β-D-glucopyranoside', 'taxifolin', ""(2'S)-2-(propan-2'-ol)-5-hydroxy-benzopyran-4-one"", 'Rel-(+)-(7S,9R,10S)-3,9,12-trihydroxycalamenene', 'Casearin S', '11β-acetoxyobacunone', '1-(5,7-dihydroxy-2,2-dimethylchroman- 6-yl)-3-[4-hydroxy-3-(3-methylbut-2-en-1-yl)- phenyl]propan-1-one', '(3R,4R)-4,7-Dihydroxymellein', ""Nitensoside B; Pedalitin 6-O-α-rhamnopyranosyl(1'''→6'')-β-glucopyranoside"", 'Amentoflavone', 'Luteolin; 2-(3,4-dihydroxyphenyl)-5,7-dihydroxy-4H-chromen-4-one', 'Sinapic acid', '19,20-Epoxycytochalasin Q', '19,20-Epoxycytochalasin R', 'Muraxanthone', 'Odoratone', 'Rel-6β-hydroxyzuelanin-2β-benzoate', 'Caseargrewiin F; (1R*,3S*,5S*,6aR*,7S*,8R*,10R*,10aR*)-1,3-Bis(acetyloxy)-3,5,6,6a,7,8,9,10-octahydro-10-hydroxy-7,8-dimethyl-7-[(2Z)-3-methylpenta-2,4-dien-1-yl]naphtho[1,8a-c]furan-5-yl Butanoate', 'Casearin L; (1R*,3S*,5S*,6aR*,7R*,8R*,9S*,10S*,10aR*)-1,10-Bis(acetyloxy)-3,5,6,6a,7,8,9,10-octahydro-9-hydroxy-5-methoxy-7,8-dimethyl-7-[(2Z)-3-methylpenta-2,4-dien-1-yl]naphtho[1,8a-c]-furan-3-yl Butanoate', 'Platydesmine', 'Leiokinine A', 'Cabraleadiol', 'schaftoside', ""(2S)-Methyl-8-isopentyl-2-methyl-2-(4'-methylpentyl)chroman-6-carboxylate"", '3,4,5-Triacetoxybenzoic acid', 'Methyl gallate', '3-O-β-D-quinovopyranosyl cincholic acid', 'Afzelin, 3-O-α-rhamnosyl kaempferol', 'Egonol', '3,4-dihydroxybenzoic acid geranyl ester', 'N-[10-(13,14-methylenedioxyphenyl)-7(E),9(Z)-pentadienoyl]-pyrrolidine', 'Casearupestrin A', '2-oxo-piperol B; (7S*, 8R*, 1R*, 3R*)-3,4,5-trimethoxy-3,7-cyclo-8,1-neolig-8-ene-2,4(3H)-dione', '4-Nerolidilcatechol', ""2-(2'-O-transcoumaroyl)-C-β-D-glucopyranosyl-1,3,6,7-tetrahydroxyxanthone"", 'Syringic acid', '(+)-3-O-feruloylcassine', '1-(5,7-dihydroxy-2,2-dimethylchroman-6-yl)-3-(1,1,4a-trimethyl-2,3,4,4a,9a-hexahydro-1H-xanthen-7-yl)propan-1-one', 'Methyl (E)-6,7,8-trimethoxycinnamate', '3,4,5-Trimethoxyphenyl-1-O-β-D-(5-O-syringoyl)-apiofuranosyl-(1→6)-β-D-glucopyranoside', '6-[8(Z),11(Z),14-pentadecatrienyl]salicylic acid', 'Sorbifolin', ""Nitensoside A; Sorbifolin 6-O-α-rhamnopyranosyl(1'''→6'')-β-glucopyranoside"", 'Casearin O; (1R*,3S*,5S*,6aR*,7R*,8R*,9S*,10S*,10aR*)-1,10-Bis(acetyloxy)-5-methoxy-7,8-dimethyl-7-[(2Z)-3-methylpenta-2,4-dien-1-yl]-3,5,6,6a,7,8,9,10-octahydronaphtho[1,8a-c]furan-3,9-diyl Dibutanoate', 'germacrene D', '6-pentadecylsalicylic acid', 'Methyl-2,2-dimethylchroman-6-carboxylate', 'Gedunin', 'Pedalin, pedalitin 6-O-β -glucopyranoside', '(−)-Grandisin', ""Myrsinoic acid A, 3-Geranyl-4-hydroxy-5-(3'',3''-dimethylallyl)benzoic acid"", '20α-Hydroxymaytenin; 20-hydroxy-20-epi-tingenone', '(-)-Epigallocatechin-3-O-gallate', 'Casearin D; (1R*,3S*,5S*,6aR*,7R*,8R*,9S*,10S*,10aR*)-1-(Acetyloxy)-3,5,6,6a,7,8,9,10-octahydro-5,10-dihydroxy-7,8-dimethyl-7-[(2Z)-3-methylpenta-2,4-dien-1-yl]naphtho[1,8a-c]furan-3,9-diyl Dibutanoate', 'Rel. (+)-(7S,10S) 3,12-dihydroxycalamenene', 'carlinoside', 'Methyl-8-(ethanoyloxy)-2,2-dimethyl-2H-chromene-6-carboxylate', 'arjunolic acid', 'stachysterone', 'Ethyl 2,4-dihydroxy-5,6-dimethylbenzoate', 'Amentoflavone 7”,4”’-dimethyl ether', 'Picramnioside F', 'Lauryl gallate', 'Syringaldehyde', '22-hydroxytirucalla-7,24-diene-2,3-dione', 'Netzahualcoyondiol', 'Piperol B', 'Trans-3’-methylsulphonylallyl trans-cinnamate', '(3-(2-(4-hydroxyphenyl)-2-oxoethyl)-5,6-dihydropyridin- 2(1H)-one)', 'Mangiferin', 'Salacin', 'Viburgenin', ""Pterogynoside; Kaempferol-3-O-(3''-O-4'''-methylgallate-α-L-rhamnoside)"", 'Isobutyl gallate', '7′-multijuguinone', 'Griseofulvin', ""7-Hydroxy-4',6-dimethoxyisoflavone; Afrormosin; Afromosin"", '8-methoxymellein', '(±)-Syringaresinol', 'Cyclo-(L-Pro-L-Val)', 'Acetonide of odoratol', 'Cognatine', 'Fagaramide', 'Chalepin', 'Chlorogenic acid', '(4R)-4,8-dihydroxy-α-tetralone', 'Kaempferol', '3-O-β-D-quinovopyranosyl quinovic acid']]",doi_name
"['10.1515/znb-2005-0715', '3β-hydroxy-stigmast-5-en-7-one; 24-β-7-oxositosterol']","['10.1515/znb-2005-0715', ['guaiol', 'Hinesol', 'γ-eudesmol', 'α-eudesmol', 'Galioside aglicone', 'Teucrein', '11-O-trans-feruloylteucrein', 'Galioside', 'Apodanthoside', ""3,4-dimethyl-2-(4'-hydroxy-3',5'-dimethoxyphenyl)-5-methoxy-tetrahydrofuran"", '2α,3α,19α- trihydroxyurs-12-en-28-oic acid', 'penduletin 4-O-methyl ether', '3,3-O-dimethylquercetin', '3-O-methylquercetin', '3,7,4-O-trimethylkaempferol', 'p-hydroxybenzoic acid', 'acacetin', '2α,3α-dihydroxyolean-12- en-28-oic acid', 'Chrysoeriol', 'Kaempferol-3-O-rutinoside', 'Catechin, Ent-catechin', 'Kaempferol-3-O-α-L-rhamnopyranosyl-(1→6)-β-D-galactopyranoside', 'Kaempferol-3-O-D-glucopyranoside', 'Kaempferol-3-O-D-galactopyranoside', '6-Hydroxy-rutin', 'Quercetin-3-O-α-L-rhamnopyranosyl-(1→6)-β-D-galactopyranoside', 'Procyanidin B-3', 'Kaempferol-3-O-α-L-rhamnopyranosyl-(1-6)-α-L-rhamnopyranosyl-(1-4)-β-D-glucopyranoside', ""3,5,6,7,3',4',5'-heptamethoxyflavonol"", ""3',4',5',3,5,7,8-heptamethoxyflavone"", 'Nitensidine D', 'Nitensidine E', 'Anhydrofusarubin', 'Beauvericin', '(+)-α-Hydroxyerysotrine', '(+)-11α-Hydroxyerythravine', '(+)-Erythravine', '21β,25-dimethylmelianodiol', '3,21-Di-epi-feroniellide B', '21α,25-dimethylmelianodiol', 'Turbinatine', 'Harman-3-carboxylic acid', 'Cordifoline', '3,4-dehydrostrictosidine acid', '3,4-dehydro-strictosidine', '5α-carboxystrictosidine', 'Strictosidine acid', 'Deoxycordifoline', '8-hydroxy-6-methoxy-3-methylisocoumarin', 'Dimethyl terephthalate', '(22E,24R)-ergosta-4,6,8(14),22-tetraen-3-one', 'Ergosterol peroxide', 'Pimara-7,15-dien-3β-ol', 'Taraxerol acetate', 'Aphidicolin', '1-methoxy-3-hydroxy-3,10b-4,5a-diepoxy-8b-isobutyroyloxygermacr-11(13)-en-6a,12-olide', 'Tagitinin C', '2-Episesalatin', ""Isoswertisin-2''α1-L-rhamnoside"", ""Isoswertisin-4'-methyl-ether-2''α-L-rhamnoside"", 'Sesartemin', 'Clusifoliol', '4-metoxi-6-[2-(metilamino)fenil]- 2H-piran-2-ona', ""2-(3',4'-methylenedioxyphenylethyl)-Quinoline"", ""2-(1'-pentenyl)-Quinoline"", '2-n-Propylquinoline', '2-n-Pentylquinoline', 'Mycoleptone A', '9-hydroxyeugenin', 'Austdiol diacetate', '6-methoxyeugenin', 'Eugenitin', 'Mycoleptone B', 'Mycoleptone A tetraacetate', 'Austdiol', 'Methyl (3R,4R,5R)-3-{[(2Z)-3-(3,4-dihydroxyphenyl)-2-propenoyl]oxy}-1,4,5-trihydroxycyclohexanecarboxylate', 'Methyl (3R,4R,5R)-3-{[(2E)-3-(3,4-dihydroxyphenyl)-2-propenoyl]oxy}-1,4,5-trihydroxycyclohexanecarboxylate', '(-)-3-O-acetyl-spectaline', 'Secoxyloganin', '7-Methoxydiderroside', ""6'-Acetyl-β-D-glucopyranosyldiderroside"", 'Diderroside', 'Chlorogenic acid methyl ester, Methyl (1S,3R,4R,5R)-3-{[(2E)-3-(3,4-dihydroxyphenyl)-2-propenoyl]oxy}-1,4,5-trihydroxycyclohexanecarboxylate', '5,7-dimethoxy-2,2-dimethyl-2H-1-benzopyran-6-propanoate', '(3Z,5Z)-N-isobutyl-8-(30,40-methylenedioxy-phenyl)-heptadienamide', 'Pellitorine', '10,11-dihydropiperine; Δα,β-dihydropiperine', '(Z)-piplartine; 8(Z)-N-(12,13, 14-trimethoxycinnamoyl)- 3-pyridin-2-one', '4,5-dihydropiperlonguminine; Piperlonguminine', 'Piperine', ""N-[3-(6'-methoxy-3',4'-methy-lenedioxyphenyl)-2(Z)-propenoyl]pyrrolidine"", '8,9-dihydropiplartine; N-(12,13,14-trimethoxydihydrocinnamoyl)-Δ3-pyridin-2-one', '4,5-dihydropiperyline', '(E)-piplartine', ""3',4'-methylenedioxy-5,5',6,7-tetramethoxyflavone"", ""2'-hydroxy-3,4,4'-trimethoxy-5',6'-(2'',2''-dimethylpyrano)-chalcone"", ""3',4'-methylenedioxy-5,6,7- trimethoxyflavone"", ""3',4'-methylenedioxy-5,7-dimethoxyflavone"", ""4-Hydroxy-3-(3',7'-dimethyl-3'-hydroxy-1'-oxo-6'-octenyl)benzoic acid"", ""4-Hydroxy-(3',7'-dimethyl-1'-oxo-octa-2'-E-6'-dienyl)benzoic acid"", ""Sakuranetin; 5,4'-dihydroxy-7-methoxyflavanone"", ""Isosakuranetin; 5,7-dihydroxy-4'-methoxyflavanone"", ""1,4-Dihydroxy-2-(3',7'-dimethyl-1'-oxo-2'-E-6'-octadienyl)benzene"", 'α-Gardiol', 'β-Gardiol', 'Ferulic acid', ""Aduncumene; Methyl 2-methoxy-5-(3'-methyl-1'-oxo-2'-butenyl)benzoate"", ""4-Hydroxy-(3',7'-dimethyl-1'-oxo-octa-2'-Z-6'-dienyl)benzoic acid"", ""Methyl 4-hydroxy-3-(3'-methyl-2'-hydroxy-3'-butenyl)benzoate"", ""Methyl taboganate; Methyl 4-hydroxy-3-(3'-methyl-1'-oxo-2'-butenyl)benzoate"", 'Piperaduncine B', ""Hostmaniene; 4-Hydroxy-3-(2',3'-dihydroxy-3'-methylbutyl)benzoate"", '3,4,5-Trimethoxydihydrocinnamic acid', ""Methyl 4-hydroxy-3-(3'-methyl-2'-butenyl)benzoate"", ""2',6'-Dihydroxy-4'-methoxydihydrochalcone"", 'Methyl 2,2-dimethyl-1-oxo-2H-1-benzopyran-6-carboxylate', ""4-Hydroxy-3-(3',7'-dimethylocta-2'-E-6'-dienyl)benzoic acid"", '5,7-dimethoxy-2,2-dimethyl-2H-1-benzopyran-6-propanoic acid', 'Nectandrin B', 'Epi-guaiacin', 'Verrucosin', '7-Methyl-sargachromenol; 2,7,8-Trimethyl-2-[(3-E,7-Z)-4,12-dimethyl-8-carboxyl-3,7,11-tridecatrienyl]-3-chromen-6-ol, β-caroteno', ""Rel-(7R,8S,7'S,8'S)-9-hydroxy-4',5'-methylenedioxy-3,4,5,3'-tetramethoxy-7,7'-epoxylignan"", ""Rel-(7R,8S,7'S,8'S)-4-hydroxy-4',5'-methylenedioxy-3,5,3'-trimethoxy-7,7'-epoxylignan"", ""Rel-(7R,8S,7'S,8'S)-4,5,4',5'-dimethylenedioxy-3,3'-dimethoxy-7,7'-epoxylignan"", ""Rel-(7R,8S,7'S,8'S)-4'-hydroxy-3,4,5,3',5'-pentamethoxy-7,7'-epoxylignan"", ""Rel-(7R,8S,7'S,8'S)-4',5'-methylenedioxy-3,4,5,3'-tetramethoxy-7,7'-epoxylignan"", 'astilbin; Rel-(2R, 3R)-dihydroquercetin-3-O-±-L-rhamnoside', '19´-(3,4-Methylenedioxyphenyl)-nonadecanoic acid', 'Sargaquinoic acid', 'Sargachromenol', ""7,4'-Dihydroxyflavone"", 'Farnisine', '21´-(3,4-Methylenedioxyphenyl)-henicosanoic acid', '(+)-Guaiacin', ""7,4'-Dimethoxyflavone"", 'Fasciculiferin', 'Tithonine', ""Juruenolic acid; 2-(4'-Methylpentenyl-3)-10-oxoundecan-2,6-dienoic acid"", '17-(3,4-Methylenedioxyphenyl)-heptadecanoic acid', 'Citrusinine-II', 'Citrusinine-I', '1,3,5-trihydroxy- 2,8-bis(3-methylbut-2-enyl)-10-methyl-9-acridone', 'Pyranofoline', '3,4-dihydro-3,5,8-trihydroxy-6-methoxy-2,2,7-trimethyl-2Hpyrano[ 2,3-a]acridin-12(7H)-one', '5-hydroxynoracronycine; Atalaphyllidine', 'Glycocitrine-I', 'Glycocitrine-IV', '1,3,5-trihydroxy-4-methoxy-10-methyl- 2,8-bis(3-methylbut-2-enyl)acridin-9(10H)-one', 'Xanthyletin', 'Stearic acid 4-pentoyloxyphenethyl ester', '2,3-dihydro-4,9-dihydroxy-2-(2-hydroxy-propan-2-yl)- 11-methoxy-10-methylfuro[3,2-b]acridin-5(10H)-one', 'bis-5-hydroxyacronycine', 'Citibrasine', 'Piscidinol A', '3,11-dioxoolean-12-en-28- onic acid', 'Pentaol', 'cryptomeridiol', 'Iso-odoratol', 'Oleanonic acid', 'Hispidol A', 'Nilocetin', 'Isopimpinellin', 'cyclo (L)-Pro-Gly', ""3-(3',7 '-dimethyl-2',6 '-octadienyl)-4-methoxy-benzoic acid"", ""4-Methoxy-3-(3',7'-dimethylocta-2'-E-6'-dienyl)benzoic acid"", 'Methyl-8-hydroxy-2,2-dimethyl-2H-chromene-6-carboxylate', 'Methacrylic acid', 'β-caryophyllene, trans-caryophyllene', 'Cuspanine; 1-hydroxy-2,3,5,6-tetramethoxy-9-acridone', 'Cusculine; 1,2,3,5,6-pentamethoxy-9-acridone', '2α,3α-Dihydroxy-urs-12-en-28-oic acid', '3-O-β-D-(6’-methyl)-glucopyranosyl-28-O-β-D-glucopyranosyl-oleanate', 'Oleanolic acid 3-sophoroside', '5-hydroxyflavone', 'β-Sitosterol benzoate', '2-phenyl-4H-chromen-4-one', 'Haplotusine', 'Sinapyl 4-O-β-D-glucopyranoside aldehyde', 'Sinapyl 4-O-β-D-glucopyranoside alcohol', 'N-acetylnonaine', 'Liriodenine', '[10]-gingerol', ""2,4-Dihydroxy-6-[(1'E,3'E)-penta-1', 3'-dienyl]-benzaldehyde"", '2-methyl-5-[8(Z)-pentadecenyl]resorcinol', 'Kaempferol', '2-hydroxyphenylacetic acid', '3-O-β-D-quinovopyranosyl quinovic acid', '(4R)-4,8-dihydroxy-α-tetralone', 'scillascillin', 'Chlorogenic acid', 'Chalepin', 'Nitensidine A', 'Fagaramide', 'Quercitrin, 3-O-α-rhamnosylquercetin', 'Caseobliquin A', 'Methyl angolensate', ""5-(3'' -Hydroxypropyl)-7-methoxy-2-(3',4' -methyl-enedioxyphenyl)benzofuran"", '19,20-Epoxycytochalasin N', 'ellagic acid 4-O-α-L-rhamnopyranoside; eschweilenol C', 'Mayoside C', 'Ourateacatechin', ""3',4',5',5,7-pentamethoxyflavone"", '2-methyl-5-pentadecylresorcinol', '3β-hydroxy-stigmast-5-en-7-one; 24-β-7-oxositosterol', 'Gallic acid; 3,4,5-trihydroxybenzoic acid', '(3-(2-(4-hydroxyphenyl)-2-oxoethyl)-5,6-dihydropyridin- 2(1H)-one)', 'Mangiferin', 'Viburgenin', ""Pterogynoside; Kaempferol-3-O-(3''-O-4'''-methylgallate-α-L-rhamnoside)"", 'Isobutyl gallate', '7′-multijuguinone', 'Griseofulvin', ""7-Hydroxy-4',6-dimethoxyisoflavone; Afrormosin; Afromosin"", 'Tetrahydropiperyline, N-[10-(13,14-methylenedioxyphenyl)-pentanoyl]-pyrrolidine', 'Piperovatine', '2,4,6-trimethoxybenzoic acid', '1-O-(E)-caffeoyl-β-D-glucopyranoside', 'Ocotillone', 'des-N-methylnoracronycine', 'Sorbifolin 6-O-β-glucopyranoside', 'Rel-2α-hydroxyzuelanin-6β-benzoate', '2,6-di-O-acetylcasearupestrin D', ""Methyl-2,2-dimethyl-8-(3'-methylbut-2'-enyl)chroman-6-carboxylate"", '2,7-Di-O-acetylcasearupestrin A', 'Cognatine', ""8-hydroxy-3,5,7,3',4',5'-hexamethoxyflavonol"", 'Odoratol', 'Leptomerine', '5-hydroxy-N-methylseverifoline', 'Maculosidine', 'Podocarpusflavone A', 'Casearupestrin C', '6α-malonyloxy-n-butyl ester manoyl oxide', 'citrusinine-I', 'Ricinine', 'Leptophyllin A', '5-pentadecylresorcinol', 'Piperol B', '(-)-Hardwickiic acid', ""5-[3''-(β-D-glucopyranosyloxy)propyl]-7-methoxy-2-(3',4'-methylenedioxyphenyl)benzofuran"", '28-O-β-D-glucopyranosyl quinovic acid', 'n-Propyl gallate', ""3',4',5',5,7,8-hexamethoxyflavone"", 'Isopropyl gallate', '6β-hydroxy-7-epigardoside methyl ester', 'N-1,N-2,N-3-Triisopentenylguanidine', 'Dibenzyl trisulphide', 'Maytenin, Tingenone', '19,20-Epoxycytochalasin D', 'fumiquinozoline F', 'Kaempferol 3-O-α-L-rhamnopyranosyl (1→6)-O-[β -D-glucopyranosyl (1→3)-O-α-L-rhamnopyranosyl-(1→2)]-O-β -D-glucopyranosyl', '3β-O-[α-L-rhamnopyranosyl-(1→2)-O-β-D-glucopyranosyl-(1→2)-O-β-D-glucopyranosyl]-28-O-β-D-glucopyranoside pomolate', 'Dibenzyl tetrasulphide', ""2',5-dihydroxy-3-methoxy-8-dimethylallyl-6, 7-(2' ',2''-dimethylpyrano)-dihydroflavonol"", '2-n-nonyl-4-quinolone', 'Cytochalasin D', 'Isoorientin', 'Uracil', 'Nitensidine B', '1-methyl-2-n-nonyl-4-quinolone', '5-[8(Z),11(Z),14-pentadecatrienyl]resorcinol', 'Arboreumine', '3-Oxoursolic acid', 'urauchimycin A', 'p-Coumaric acid', '(-)-Epigallocatechin', 'Netzahualcoyonol', '1-[3-(3,7-dimethylocta-2,6-dien-1-yl)-2,4,6- trihydroxyphenyl]-3-(4-hydroxyphenyl)propan-1-one', '6α-malonyloxymanoyl oxide', 'Benzylhydroxymethyl sulphide', '1,6-di-O-caffeoyl-β-D-glucopyranoside', '2-methyl-5-[8(Z),11(Z),14-pentadecatrienyl]resorcinol', 'urauchimycin B', 'Homoegonol', '[8]-gingerol', '4-Hydroxymellein', '2-Methyl-4-hydroxy-butyl caffeoate', '1,2-dihydro- 3β-hydroxy-7-deacetoxy-7-oxogedunin', 'Photogedunin', 'Casearin X; (1R*,3S*,5S*,6aR*,7S*,8S*,10R*,10aR*)-1-(Acetyloxy)-3,5,6,6a,7,8,9,10-octahydro-10-hydroxy-7,8-dimethyl-7-[(2Z)-3-methylpenta-2,4-dien-1-yl]naphtho[1,8a-c]furan-3,5-diyl Dibutanoate', 'Netzahualcoyondiol', '5-hydroxymellein', 'fraxinellonone', 'Dibenzyl sulphide', '(-) Cis-4-hydroxy-6-deoxyscytalone', 'Plumericin', '5-[8(Z),11(Z)-pentadecadienyl]resorcinol', '(-)-Spectalinine', '20-hydroxyecdysone; polypodine A', '3-Acetyl aleuritolic acid', 'Alkenoic acid', 'Quercetin 3-O-α-L-rhamnopyranosyl (1→6)-O-[β -D-glucopyranosyl (1→3)-O-α-L-rhamnopyranosyl-(1→2)]-O-β -D-glucopyranosyl', 'Heveaflavone', ""2-(R)-Methyl-6-(S)-(tetradecyl-13'-one)-3(R)-O-tert-butyldimethylsilyl-piperidine"", '(2S)-Methyl-2-methyl-8-(3""-methylbut-2""-enyl)-2-(4\'-methylpent-3\'-enyl)-2H-chromene-6-carboxylate', 'Casearin T', 'Piperyline, N-[10-(13,14-methylenedioxyphenyl)-7(E),9(E)-pentadienoyl]-pyrrolidine', 'ω-fenil alcanoic acid', 'Casearupestrin B', 'toonacilin', 'Pedalitin', '1-O-(E)-feruloyl-β-D-glucopyranoside', '19,20-Epoxycytochalasin C', 'n-Pentyl gallate', 'Orcinol', 'Periconicin B', 'Phomopsilactone', ""(2S)-8-Isopentyl-2-methyl-2-(4'-methylpentyl)chroman-6-carboxylic acid"", '2,2-dimethyl-2H-chromene-6-carboxylic acid', 'Casearupestrin D', 'Chaetoglobosin B', ""2-(2'-O-benzoyl)-C-β-D-glucopyranosyl-1,3,6,7-tetrahydroxyxanthone"", 'Isoplumericin', 'Skimmianine', 'p-hydroxybenzoic acid-geranyl ester', 'Pristimerin; 20α-3-hydroxy-2-oxo-24-nor-friedela-1-10,3,5,7-tetraen-carboxylic acid-29-methylester', '3,4,5-trimethoxyphenyl 1-O-β-D-apiofuranosyl-(1→6)-O-β-D-glucopyranoside', 'β-photogedunin', 'n-Butyl gallate', ""5-[3''-(β-D-glucopyranosyloxy)propyl]-7-methoxy-2-(3',4'-dimethoxyphenyl)benzofuran"", '3,12-Dihydroxycadalene', '7-hydroxy-3- (11-dimethylallyl)-8-methoxycoumarin', ""N-[7-(3',4'-methylenedioxyphenyl)-2(Z),4(Z)-heptadienoyl]pyrrolidine"", ""Acteoside; [β-3,4-dihydroxyphenyl)-ethyl]-(3'-O-α-L-rhamnopyranosyl)-(4'-O-cafeoyl)-β-D-glycopyranoside, verbascoside"", 'α-L-xylopyranosyl-(4""→20)-(3-O-β-D-glucopyranosyl)-1\'-O-E-caffeoyl-β-D-glucopyranoside', 'Burchellin', '5-[8(Z)-pentadecenyl]resorcinol', 'Luteolin; 2-(3,4-dihydroxyphenyl)-5,7-dihydroxy-4H-chromen-4-one', 'Sinapic acid', '19,20-Epoxycytochalasin Q', '19,20-Epoxycytochalasin R', 'Muraxanthone', '2-butyl-D-fructofuranoside', ""Gaudichaudianic acid; (2S)-2-methyl-2-(4'methyl-3'-pentenyl)-8-(3''-methyl-2-butenyl)- 2H-1-benzopyran-6-carboxylic acid"", 'limonexic acid', 'Di(benzyltrithio) methane', '3,11,12-Trihydroxycadalene', 'Quercetin 3-O-sophoroside', '(3R,4R)-3,4-Dihydro-4,6-dihydroxy-3-methyl-1-oxo-1H-isochromene-5-carboxylic acid', '24-methylene-3,22-dihydroxycholesterol', 'amorphispironone', '2-Methyl-5-methoxy-benzopyran-4-one', '3,4-dihydroxybenzoic acid geranyl ester', '6α-acetoxy-14β,15β-epoxyazadirone', 'epoxy-fraxinellone', '12′-hydroxy-7′-multijuguinone', 'Kaempferitrin', 'Nitensidine C', 'Dibenzyl disulphide', 'Proanthocyanidin', 'neoisoastilbin', '(R)-7-Hydroxymellein', '6α-acetoxymanoyl oxide', 'Methyl-8-hydroxy-2,2-dimethylchroman-6-carboxylate', 'N-[10-(13,14-methylenedioxyphenyl)-7(E),9(Z)-pentadienoyl]-pyrrolidine', '6-[8(Z)-pentadecenyl]salicylic acid', '(2S)-2-methyl-8-(3""-methylbut-2""-enyl)-2-(4\'-methylpent-3\'-enyl)-2H-chromene-6-carboxylic acid', 'Gedunin', 'Pedalin, pedalitin 6-O-β -glucopyranoside', 'Caseargrewiin F; (1R*,3S*,5S*,6aR*,7S*,8R*,10R*,10aR*)-1,3-Bis(acetyloxy)-3,5,6,6a,7,8,9,10-octahydro-10-hydroxy-7,8-dimethyl-7-[(2Z)-3-methylpenta-2,4-dien-1-yl]naphtho[1,8a-c]furan-5-yl Butanoate', 'Casearin L; (1R*,3S*,5S*,6aR*,7R*,8R*,9S*,10S*,10aR*)-1,10-Bis(acetyloxy)-3,5,6,6a,7,8,9,10-octahydro-9-hydroxy-5-methoxy-7,8-dimethyl-7-[(2Z)-3-methylpenta-2,4-dien-1-yl]naphtho[1,8a-c]-furan-3-yl Butanoate', 'Platydesmine', 'Leiokinine A', 'Cabraleadiol', 'schaftoside', ""(2S)-Methyl-8-isopentyl-2-methyl-2-(4'-methylpentyl)chroman-6-carboxylate"", '3,4,5-Triacetoxybenzoic acid', 'Odoratone', 'Rel-6β-hydroxyzuelanin-2β-benzoate', 'shidasterone', '5-hydroxymethyl- 2-furancarboxaldehyde; 5-hydroxymethyl-2-furfuraldehyde', 'atalaphyllinine', 'N-[10- (13,14-methylenedioxyphenyl)-7(E)-pentaenoyl]-pyrrolidine', '11β-acetoxyobacunone', '1-(5,7-dihydroxy-2,2-dimethylchroman- 6-yl)-3-[4-hydroxy-3-(3-methylbut-2-en-1-yl)- phenyl]propan-1-one', '(3R,4R)-4,7-Dihydroxymellein', ""Nitensoside B; Pedalitin 6-O-α-rhamnopyranosyl(1'''→6'')-β-glucopyranoside"", 'Methyl gallate', '3-O-β-D-quinovopyranosyl cincholic acid', 'Afzelin, 3-O-α-rhamnosyl kaempferol', 'Egonol', '4-Nerolidilcatechol', ""2-(2'-O-transcoumaroyl)-C-β-D-glucopyranosyl-1,3,6,7-tetrahydroxyxanthone"", 'Dipropyl disulphide', '2-methyl-5-[8(Z),11(Z)-pentadecadienyl]resorcinol', 'Methyl 6,7,8-trimethoxydihydrocinnamate', '2-Hexyl-3-methyl-butanodioic acid', 'fraxinellone', '6-[ 8(Z),11(Z) -pentadecadienyl] salicylic acid', ""Myrsinoic acid A, 3-Geranyl-4-hydroxy-5-(3'',3''-dimethylallyl)benzoic acid"", '20α-Hydroxymaytenin; 20-hydroxy-20-epi-tingenone', '(-)-Epigallocatechin-3-O-gallate', 'Casearin D; (1R*,3S*,5S*,6aR*,7R*,8R*,9S*,10S*,10aR*)-1-(Acetyloxy)-3,5,6,6a,7,8,9,10-octahydro-5,10-dihydroxy-7,8-dimethyl-7-[(2Z)-3-methylpenta-2,4-dien-1-yl]naphtho[1,8a-c]furan-3,9-diyl Dibutanoate', 'Rel. (+)-(7S,10S) 3,12-dihydroxycalamenene', 'carlinoside', 'Methyl-8-(ethanoyloxy)-2,2-dimethyl-2H-chromene-6-carboxylate', 'Amentoflavone', '1-(5,7-dihydroxy-2,2-dimethylchroman-6-yl)-3-(1,1,4a-trimethyl-2,3,4,4a,9a-hexahydro-1H-xanthen-7-yl)propan-1-one', 'Methyl (E)-6,7,8-trimethoxycinnamate', 'Casearupestrin A', '2-oxo-piperol B; (7S*, 8R*, 1R*, 3R*)-3,4,5-trimethoxy-3,7-cyclo-8,1-neolig-8-ene-2,4(3H)-dione', 'taxifolin', ""(2'S)-2-(propan-2'-ol)-5-hydroxy-benzopyran-4-one"", 'Rel-(+)-(7S,9R,10S)-3,9,12-trihydroxycalamenene', 'Casearin S', 'germacrene D', '2β-Hydroxyzuelanin-6β-cinnamate', 'arjunolic acid', 'stachysterone', 'Ethyl 2,4-dihydroxy-5,6-dimethylbenzoate', 'Amentoflavone 7”,4”’-dimethyl ether', 'Picramnioside F', 'Lauryl gallate', 'Syringaldehyde', '22-hydroxytirucalla-7,24-diene-2,3-dione', 'Trans-3’-methylsulphonylallyl trans-cinnamate', 'Syringic acid', '(+)-3-O-feruloylcassine', 'Salacin', '6-pentadecylsalicylic acid', 'Methyl-2,2-dimethylchroman-6-carboxylate', '22β-hydroxypristimerin', '1- (5,7-dihydroxy-2,2-dimethylchroman-6-yl)-3-(2,2-dimethylchroman- 6-yl)propan-1-one', 'Canavaline', 'Di-hydrodehydrodiconiferyl alcohol', 'Quercetin', ""2-(2'-O-trans-cinnamoyl)-C-β-D-glucopyranosyl-1,3,6,7-tetrahydroxyxanthone"", 'Kokusaginine', ""2-(2'-O-trans-caffeoyl)-C-β-D-glucopyranosyl-1,3,6,7-tetrahydroxyxanthone"", 'Netzahualcoyene', 'Casearin X Dialdehyde; (2R*,4aS*,5S*,7R*,8R*,8aS*)-4,4a-Diformyl-1,2,4a,5,6,7,8,8a-octahydro-5-hydroxy-7,8-dimethyl-8-[(2Z)-3-methylpenta-2,4-dien-1-yl]naphthalen-2-yl Butanoate', 'polypodine B', '3,4,5-Trimethoxyphenyl-1-O-β-D-(5-O-syringoyl)-apiofuranosyl-(1→6)-β-D-glucopyranoside', '6-[8(Z),11(Z),14-pentadecatrienyl]salicylic acid', 'Sorbifolin', ""Nitensoside A; Sorbifolin 6-O-α-rhamnopyranosyl(1'''→6'')-β-glucopyranoside"", 'Casearin O; (1R*,3S*,5S*,6aR*,7R*,8R*,9S*,10S*,10aR*)-1,10-Bis(acetyloxy)-5-methoxy-7,8-dimethyl-7-[(2Z)-3-methylpenta-2,4-dien-1-yl]-3,5,6,6a,7,8,9,10-octahydronaphtho[1,8a-c]furan-3,9-diyl Dibutanoate', '8-methoxymellein', '(±)-Syringaresinol', 'Cyclo-(L-Pro-L-Val)', 'Acetonide of odoratol', '(−)-Grandisin', '24-methylenecycloartan-3b-ol', 'Ixoside']]",doi_name
"['10.1590/S0102-695X2010005000017', 'N-1,N-2,N-3-Triisopentenylguanidine']","['10.1590/S0102-695X2010005000017', ['guaiol', 'γ-eudesmol', 'Hinesol', 'α-eudesmol', 'Anhydrofusarubin', 'Beauvericin', '11-O-trans-feruloylteucrein', 'Teucrein', 'Galioside aglicone', 'Apodanthoside', 'Galioside', 'Clusifoliol', ""Isoswertisin-4'-methyl-ether-2''α-L-rhamnoside"", '2-Episesalatin', ""Isoswertisin-2''α1-L-rhamnoside"", 'Sesartemin', 'Nilocetin', 'Hispidol A', 'Piscidinol A', 'cryptomeridiol', 'Oleanonic acid', 'Pentaol', 'Iso-odoratol', '3,11-dioxoolean-12-en-28- onic acid', 'Chlorogenic acid methyl ester, Methyl (1S,3R,4R,5R)-3-{[(2E)-3-(3,4-dihydroxyphenyl)-2-propenoyl]oxy}-1,4,5-trihydroxycyclohexanecarboxylate', 'astilbin; Rel-(2R, 3R)-dihydroquercetin-3-O-±-L-rhamnoside', '(-)-3-O-acetyl-spectaline', '4-metoxi-6-[2-(metilamino)fenil]- 2H-piran-2-ona', ""2',6'-Dihydroxy-4'-methoxydihydrochalcone"", ""4-Hydroxy-(3',7'-dimethyl-1'-oxo-octa-2'-Z-6'-dienyl)benzoic acid"", ""Aduncumene; Methyl 2-methoxy-5-(3'-methyl-1'-oxo-2'-butenyl)benzoate"", ""Methyl 4-hydroxy-3-(3'-methyl-2'-hydroxy-3'-butenyl)benzoate"", 'Piperaduncine B', ""Hostmaniene; 4-Hydroxy-3-(2',3'-dihydroxy-3'-methylbutyl)benzoate"", ""Methyl taboganate; Methyl 4-hydroxy-3-(3'-methyl-1'-oxo-2'-butenyl)benzoate"", ""Methyl 4-hydroxy-3-(3'-methyl-2'-butenyl)benzoate"", '3,4,5-Trimethoxydihydrocinnamic acid', 'Methyl 2,2-dimethyl-1-oxo-2H-1-benzopyran-6-carboxylate', ""4-Hydroxy-3-(3',7'-dimethylocta-2'-E-6'-dienyl)benzoic acid"", 'Taraxerol acetate', '5,7-dimethoxy-2,2-dimethyl-2H-1-benzopyran-6-propanoate', '(22E,24R)-ergosta-4,6,8(14),22-tetraen-3-one', 'Ergosterol peroxide', '8-hydroxy-6-methoxy-3-methylisocoumarin', 'Dimethyl terephthalate', 'Pimara-7,15-dien-3β-ol', 'Stearic acid 4-pentoyloxyphenethyl ester', ""4-Hydroxy-3-(3',7'-dimethyl-3'-hydroxy-1'-oxo-6'-octenyl)benzoic acid"", ""1,4-Dihydroxy-2-(3',7'-dimethyl-1'-oxo-2'-E-6'-octadienyl)benzene"", ""Sakuranetin; 5,4'-dihydroxy-7-methoxyflavanone"", ""4-Hydroxy-(3',7'-dimethyl-1'-oxo-octa-2'-E-6'-dienyl)benzoic acid"", ""Isosakuranetin; 5,7-dihydroxy-4'-methoxyflavanone"", ""3,4-dimethyl-2-(4'-hydroxy-3',5'-dimethoxyphenyl)-5-methoxy-tetrahydrofuran"", ""3',4',5',3,5,7,8-heptamethoxyflavone"", ""3,5,6,7,3',4',5'-heptamethoxyflavonol"", '(+)-11α-Hydroxyerythravine', '(+)-α-Hydroxyerysotrine', '(+)-Erythravine', 'Methyl (3R,4R,5R)-3-{[(2Z)-3-(3,4-dihydroxyphenyl)-2-propenoyl]oxy}-1,4,5-trihydroxycyclohexanecarboxylate', 'Methyl (3R,4R,5R)-3-{[(2E)-3-(3,4-dihydroxyphenyl)-2-propenoyl]oxy}-1,4,5-trihydroxycyclohexanecarboxylate', 'Nitensidine E', 'Nitensidine D', '3,3-O-dimethylquercetin', 'penduletin 4-O-methyl ether', '2α,3α,19α- trihydroxyurs-12-en-28-oic acid', '3,7,4-O-trimethylkaempferol', '2α,3α-dihydroxyolean-12- en-28-oic acid', '3-O-methylquercetin', 'Chrysoeriol', 'acacetin', 'p-hydroxybenzoic acid', '21α,25-dimethylmelianodiol', '3,21-Di-epi-feroniellide B', '21β,25-dimethylmelianodiol', 'Aphidicolin', 'Methacrylic acid', 'Deoxycordifoline', 'Harman-3-carboxylic acid', 'Strictosidine acid', '5α-carboxystrictosidine', 'Turbinatine', '3,4-dehydrostrictosidine acid', '3,4-dehydro-strictosidine', 'Cordifoline', '2,3-dihydro-4,9-dihydroxy-2-(2-hydroxy-propan-2-yl)- 11-methoxy-10-methylfuro[3,2-b]acridin-5(10H)-one', 'bis-5-hydroxyacronycine', 'Citibrasine', '1,3,5-trihydroxy- 2,8-bis(3-methylbut-2-enyl)-10-methyl-9-acridone', 'Glycocitrine-I', 'Citrusinine-II', 'Glycocitrine-IV', '5-hydroxynoracronycine; Atalaphyllidine', 'Pyranofoline', '1,3,5-trihydroxy-4-methoxy-10-methyl- 2,8-bis(3-methylbut-2-enyl)acridin-9(10H)-one', 'Citrusinine-I', '3,4-dihydro-3,5,8-trihydroxy-6-methoxy-2,2,7-trimethyl-2Hpyrano[ 2,3-a]acridin-12(7H)-one', '9-hydroxyeugenin', 'Mycoleptone A', 'Eugenitin', 'Austdiol diacetate', '6-methoxyeugenin', 'Austdiol', 'Mycoleptone B', 'Mycoleptone A tetraacetate', '5,7-dimethoxy-2,2-dimethyl-2H-1-benzopyran-6-propanoic acid', 'Xanthyletin', '1-methoxy-3-hydroxy-3,10b-4,5a-diepoxy-8b-isobutyroyloxygermacr-11(13)-en-6a,12-olide', 'Tagitinin C', ""2'-hydroxy-3,4,4'-trimethoxy-5',6'-(2'',2''-dimethylpyrano)-chalcone"", ""3',4'-methylenedioxy-5,6,7- trimethoxyflavone"", ""3',4'-methylenedioxy-5,5',6,7-tetramethoxyflavone"", ""3',4'-methylenedioxy-5,7-dimethoxyflavone"", 'Secoxyloganin', ""6'-Acetyl-β-D-glucopyranosyldiderroside"", 'Diderroside', '7-Methoxydiderroside', 'Kaempferol-3-O-D-glucopyranoside', 'Kaempferol-3-O-α-L-rhamnopyranosyl-(1-6)-α-L-rhamnopyranosyl-(1-4)-β-D-glucopyranoside', 'Quercetin-3-O-α-L-rhamnopyranosyl-(1→6)-β-D-galactopyranoside', 'Kaempferol-3-O-D-galactopyranoside', '6-Hydroxy-rutin', 'Procyanidin B-3', 'Kaempferol-3-O-rutinoside', 'Catechin, Ent-catechin', 'Kaempferol-3-O-α-L-rhamnopyranosyl-(1→6)-β-D-galactopyranoside', ""7,4'-Dihydroxyflavone"", ""7,4'-Dimethoxyflavone"", '21´-(3,4-Methylenedioxyphenyl)-henicosanoic acid', 'Sargachromenol', 'Sargaquinoic acid', '19´-(3,4-Methylenedioxyphenyl)-nonadecanoic acid', 'Farnisine', '(+)-Guaiacin', 'Tithonine', 'Fasciculiferin', ""Juruenolic acid; 2-(4'-Methylpentenyl-3)-10-oxoundecan-2,6-dienoic acid"", '17-(3,4-Methylenedioxyphenyl)-heptadecanoic acid', ""2-(1'-pentenyl)-Quinoline"", ""2-(3',4'-methylenedioxyphenylethyl)-Quinoline"", '2-n-Pentylquinoline', '2-n-Propylquinoline', ""4-Methoxy-3-(3',7'-dimethylocta-2'-E-6'-dienyl)benzoic acid"", 'Methyl-8-hydroxy-2,2-dimethyl-2H-chromene-6-carboxylate', ""3-(3',7 '-dimethyl-2',6 '-octadienyl)-4-methoxy-benzoic acid"", 'Verrucosin', 'Nectandrin B', 'Epi-guaiacin', '7-Methyl-sargachromenol; 2,7,8-Trimethyl-2-[(3-E,7-Z)-4,12-dimethyl-8-carboxyl-3,7,11-tridecatrienyl]-3-chromen-6-ol, β-caroteno', 'cyclo (L)-Pro-Gly', ""Rel-(7R,8S,7'S,8'S)-4',5'-methylenedioxy-3,4,5,3'-tetramethoxy-7,7'-epoxylignan"", ""Rel-(7R,8S,7'S,8'S)-4-hydroxy-4',5'-methylenedioxy-3,5,3'-trimethoxy-7,7'-epoxylignan"", ""Rel-(7R,8S,7'S,8'S)-4,5,4',5'-dimethylenedioxy-3,3'-dimethoxy-7,7'-epoxylignan"", ""Rel-(7R,8S,7'S,8'S)-4'-hydroxy-3,4,5,3',5'-pentamethoxy-7,7'-epoxylignan"", ""Rel-(7R,8S,7'S,8'S)-9-hydroxy-4',5'-methylenedioxy-3,4,5,3'-tetramethoxy-7,7'-epoxylignan"", 'α-Gardiol', 'β-Gardiol', 'Ferulic acid', 'Isopimpinellin', '(Z)-piplartine; 8(Z)-N-(12,13, 14-trimethoxycinnamoyl)- 3-pyridin-2-one', '8,9-dihydropiplartine; N-(12,13,14-trimethoxydihydrocinnamoyl)-Δ3-pyridin-2-one', '(E)-piplartine', '10,11-dihydropiperine; Δα,β-dihydropiperine', ""N-[3-(6'-methoxy-3',4'-methy-lenedioxyphenyl)-2(Z)-propenoyl]pyrrolidine"", 'Piperine', '4,5-dihydropiperlonguminine; Piperlonguminine', '4,5-dihydropiperyline', 'Pellitorine', '(3Z,5Z)-N-isobutyl-8-(30,40-methylenedioxy-phenyl)-heptadienamide', 'β-caryophyllene, trans-caryophyllene', 'Cusculine; 1,2,3,5,6-pentamethoxy-9-acridone', 'Cuspanine; 1-hydroxy-2,3,5,6-tetramethoxy-9-acridone', '2α,3α-Dihydroxy-urs-12-en-28-oic acid', 'Oleanolic acid 3-sophoroside', '3-O-β-D-(6’-methyl)-glucopyranosyl-28-O-β-D-glucopyranosyl-oleanate', 'β-Sitosterol benzoate', '5-hydroxyflavone', '2-phenyl-4H-chromen-4-one', 'Haplotusine', 'Sinapyl 4-O-β-D-glucopyranoside aldehyde', 'Sinapyl 4-O-β-D-glucopyranoside alcohol', 'Liriodenine', 'N-acetylnonaine', '[10]-gingerol', ""2,4-Dihydroxy-6-[(1'E,3'E)-penta-1', 3'-dienyl]-benzaldehyde"", '2-methyl-5-[8(Z)-pentadecenyl]resorcinol', 'Nitensidine A', '3β-hydroxy-stigmast-5-en-7-one; 24-β-7-oxositosterol', 'scillascillin', 'Piperol B', '(-)-Hardwickiic acid', ""5-[3''-(β-D-glucopyranosyloxy)propyl]-7-methoxy-2-(3',4'-methylenedioxyphenyl)benzofuran"", '28-O-β-D-glucopyranosyl quinovic acid', '2-Methyl-4-hydroxy-butyl caffeoate', 'N-1,N-2,N-3-Triisopentenylguanidine', 'Dibenzyl trisulphide', 'Maytenin, Tingenone', 'Kokusaginine', ""2-(2'-O-trans-caffeoyl)-C-β-D-glucopyranosyl-1,3,6,7-tetrahydroxyxanthone"", '2-hydroxyphenylacetic acid', ""8-hydroxy-3,5,7,3',4',5'-hexamethoxyflavonol"", 'Odoratol', 'Leptomerine', '5-hydroxy-N-methylseverifoline', '19,20-Epoxycytochalasin N', 'ellagic acid 4-O-α-L-rhamnopyranoside; eschweilenol C', 'Mayoside C', 'Ourateacatechin', ""3',4',5',5,7-pentamethoxyflavone"", '2-methyl-5-pentadecylresorcinol', 'Cyclo-(L-Pro-L-Val)', 'Acetonide of odoratol', '(−)-Grandisin', '24-methylenecycloartan-3b-ol', 'Ixoside', ""Methyl-2,2-dimethyl-8-(3'-methylbut-2'-enyl)chroman-6-carboxylate"", '2,7-Di-O-acetylcasearupestrin A', 'Nitensidine B', '1-methyl-2-n-nonyl-4-quinolone', '5-[8(Z),11(Z),14-pentadecatrienyl]resorcinol', 'urauchimycin B', 'Homoegonol', '[8]-gingerol', '4-Hydroxymellein', '5-hydroxymellein', 'fraxinellonone', 'Dibenzyl sulphide', '(-) Cis-4-hydroxy-6-deoxyscytalone', 'Plumericin', '5-[8(Z),11(Z)-pentadecadienyl]resorcinol', '(-)-Spectalinine', 'Kaempferol 3-O-α-L-rhamnopyranosyl (1→6)-O-[β -D-glucopyranosyl (1→3)-O-α-L-rhamnopyranosyl-(1→2)]-O-β -D-glucopyranosyl', '3β-O-[α-L-rhamnopyranosyl-(1→2)-O-β-D-glucopyranosyl-(1→2)-O-β-D-glucopyranosyl]-28-O-β-D-glucopyranoside pomolate', 'Dibenzyl tetrasulphide', 'Methyl angolensate', ""5-(3'' -Hydroxypropyl)-7-methoxy-2-(3',4' -methyl-enedioxyphenyl)benzofuran"", '22β-hydroxypristimerin', '1- (5,7-dihydroxy-2,2-dimethylchroman-6-yl)-3-(2,2-dimethylchroman- 6-yl)propan-1-one', 'Canavaline', 'Di-hydrodehydrodiconiferyl alcohol', 'Quercetin', ""2-(2'-O-trans-cinnamoyl)-C-β-D-glucopyranosyl-1,3,6,7-tetrahydroxyxanthone"", 'Ocotillone', 'des-N-methylnoracronycine', 'Sorbifolin 6-O-β-glucopyranoside', 'Rel-2α-hydroxyzuelanin-6β-benzoate', '2,6-di-O-acetylcasearupestrin D', 'p-Coumaric acid', '(-)-Epigallocatechin', 'Netzahualcoyonol', '1-[3-(3,7-dimethylocta-2,6-dien-1-yl)-2,4,6- trihydroxyphenyl]-3-(4-hydroxyphenyl)propan-1-one', '6α-malonyloxymanoyl oxide', 'Benzylhydroxymethyl sulphide', 'Maculosidine', 'Podocarpusflavone A', 'Casearupestrin C', '6α-malonyloxy-n-butyl ester manoyl oxide', 'citrusinine-I', 'Ricinine', 'Leptophyllin A', '5-pentadecylresorcinol', '19,20-Epoxycytochalasin D', 'fumiquinozoline F', '3,4,5-trimethoxyphenyl 1-O-β-D-apiofuranosyl-(1→6)-O-β-D-glucopyranoside', 'β-photogedunin', 'n-Butyl gallate', ""5-[3''-(β-D-glucopyranosyloxy)propyl]-7-methoxy-2-(3',4'-dimethoxyphenyl)benzofuran"", '3,12-Dihydroxycadalene', '7-hydroxy-3- (11-dimethylallyl)-8-methoxycoumarin', ""N-[7-(3',4'-methylenedioxyphenyl)-2(Z),4(Z)-heptadienoyl]pyrrolidine"", ""Acteoside; [β-3,4-dihydroxyphenyl)-ethyl]-(3'-O-α-L-rhamnopyranosyl)-(4'-O-cafeoyl)-β-D-glycopyranoside, verbascoside"", '20-hydroxyecdysone; polypodine A', '3-Acetyl aleuritolic acid', ""2',5-dihydroxy-3-methoxy-8-dimethylallyl-6, 7-(2' ',2''-dimethylpyrano)-dihydroflavonol"", '2-n-nonyl-4-quinolone', 'Cytochalasin D', 'Isoorientin', 'Uracil', 'urauchimycin A', 'Quercetin 3-O-α-L-rhamnopyranosyl (1→6)-O-[β -D-glucopyranosyl (1→3)-O-α-L-rhamnopyranosyl-(1→2)]-O-β -D-glucopyranosyl', 'Heveaflavone', 'Arboreumine', '3-Oxoursolic acid', 'Casearupestrin B', 'toonacilin', 'Pedalitin', '1-O-(E)-feruloyl-β-D-glucopyranoside', '19,20-Epoxycytochalasin C', 'n-Pentyl gallate', 'Orcinol', 'Periconicin B', '1,6-di-O-caffeoyl-β-D-glucopyranoside', '2-methyl-5-[8(Z),11(Z),14-pentadecatrienyl]resorcinol', 'Netzahualcoyondiol', 'Pristimerin; 20α-3-hydroxy-2-oxo-24-nor-friedela-1-10,3,5,7-tetraen-carboxylic acid-29-methylester', 'Piperyline, N-[10-(13,14-methylenedioxyphenyl)-7(E),9(E)-pentadienoyl]-pyrrolidine', 'ω-fenil alcanoic acid', '2-butyl-D-fructofuranoside', 'polypodine B', 'n-Propyl gallate', ""3',4',5',5,7,8-hexamethoxyflavone"", 'Isopropyl gallate', '6β-hydroxy-7-epigardoside methyl ester', 'Tetrahydropiperyline, N-[10-(13,14-methylenedioxyphenyl)-pentanoyl]-pyrrolidine', 'Piperovatine', '2,4,6-trimethoxybenzoic acid', '1-O-(E)-caffeoyl-β-D-glucopyranoside', 'Gallic acid; 3,4,5-trihydroxybenzoic acid', 'Quercitrin, 3-O-α-rhamnosylquercetin', 'Caseobliquin A', 'Alkenoic acid', '(R)-7-Hydroxymellein', '6α-acetoxymanoyl oxide', 'Methyl-8-hydroxy-2,2-dimethylchroman-6-carboxylate', 'Di(benzyltrithio) methane', '3,11,12-Trihydroxycadalene', 'Quercetin 3-O-sophoroside', 'Phomopsilactone', ""(2S)-8-Isopentyl-2-methyl-2-(4'-methylpentyl)chroman-6-carboxylic acid"", '2,2-dimethyl-2H-chromene-6-carboxylic acid', '1,2-dihydro- 3β-hydroxy-7-deacetoxy-7-oxogedunin', 'Photogedunin', 'Casearin X; (1R*,3S*,5S*,6aR*,7S*,8S*,10R*,10aR*)-1-(Acetyloxy)-3,5,6,6a,7,8,9,10-octahydro-10-hydroxy-7,8-dimethyl-7-[(2Z)-3-methylpenta-2,4-dien-1-yl]naphtho[1,8a-c]furan-3,5-diyl Dibutanoate', 'α-L-xylopyranosyl-(4""→20)-(3-O-β-D-glucopyranosyl)-1\'-O-E-caffeoyl-β-D-glucopyranoside', ""2-(R)-Methyl-6-(S)-(tetradecyl-13'-one)-3(R)-O-tert-butyldimethylsilyl-piperidine"", '(2S)-Methyl-2-methyl-8-(3""-methylbut-2""-enyl)-2-(4\'-methylpent-3\'-enyl)-2H-chromene-6-carboxylate', 'Casearin T', 'Isoplumericin', 'N-[10-(13,14-methylenedioxyphenyl)-7(E),9(Z)-pentadienoyl]-pyrrolidine', '6-[8(Z)-pentadecenyl]salicylic acid', '(2S)-2-methyl-8-(3""-methylbut-2""-enyl)-2-(4\'-methylpent-3\'-enyl)-2H-chromene-6-carboxylic acid', 'Burchellin', '5-[8(Z)-pentadecenyl]resorcinol', 'Luteolin; 2-(3,4-dihydroxyphenyl)-5,7-dihydroxy-4H-chromen-4-one', 'Sinapic acid', '19,20-Epoxycytochalasin Q', ""Gaudichaudianic acid; (2S)-2-methyl-2-(4'methyl-3'-pentenyl)-8-(3''-methyl-2-butenyl)- 2H-1-benzopyran-6-carboxylic acid"", 'limonexic acid', 'Skimmianine', 'p-hydroxybenzoic acid-geranyl ester', 'Dibenzyl disulphide', 'Proanthocyanidin', 'neoisoastilbin', 'Kaempferitrin', 'Nitensidine C', 'Dipropyl disulphide', '2-methyl-5-[8(Z),11(Z)-pentadecadienyl]resorcinol', 'Methyl 6,7,8-trimethoxydihydrocinnamate', '2-Hexyl-3-methyl-butanodioic acid', 'fraxinellone', '6-[ 8(Z),11(Z) -pentadecadienyl] salicylic acid', '3,4,5-Triacetoxybenzoic acid', 'Odoratone', '(3R,4R)-3,4-Dihydro-4,6-dihydroxy-3-methyl-1-oxo-1H-isochromene-5-carboxylic acid', '24-methylene-3,22-dihydroxycholesterol', 'amorphispironone', 'Casearupestrin D', 'Chaetoglobosin B', ""2-(2'-O-benzoyl)-C-β-D-glucopyranosyl-1,3,6,7-tetrahydroxyxanthone"", '5-hydroxymethyl- 2-furancarboxaldehyde; 5-hydroxymethyl-2-furfuraldehyde', 'atalaphyllinine', 'N-[10- (13,14-methylenedioxyphenyl)-7(E)-pentaenoyl]-pyrrolidine', '2-Methyl-5-methoxy-benzopyran-4-one', '3,4-dihydroxybenzoic acid geranyl ester', 'Gedunin', 'Pedalin, pedalitin 6-O-β -glucopyranoside', 'Caseargrewiin F; (1R*,3S*,5S*,6aR*,7S*,8R*,10R*,10aR*)-1,3-Bis(acetyloxy)-3,5,6,6a,7,8,9,10-octahydro-10-hydroxy-7,8-dimethyl-7-[(2Z)-3-methylpenta-2,4-dien-1-yl]naphtho[1,8a-c]furan-5-yl Butanoate', 'Casearin L; (1R*,3S*,5S*,6aR*,7R*,8R*,9S*,10S*,10aR*)-1,10-Bis(acetyloxy)-3,5,6,6a,7,8,9,10-octahydro-9-hydroxy-5-methoxy-7,8-dimethyl-7-[(2Z)-3-methylpenta-2,4-dien-1-yl]naphtho[1,8a-c]-furan-3-yl Butanoate', 'Platydesmine', 'Leiokinine A', '19,20-Epoxycytochalasin R', 'Muraxanthone', '6α-acetoxy-14β,15β-epoxyazadirone', 'epoxy-fraxinellone', '12′-hydroxy-7′-multijuguinone', 'schaftoside', ""(2S)-Methyl-8-isopentyl-2-methyl-2-(4'-methylpentyl)chroman-6-carboxylate"", 'Casearupestrin A', '2-oxo-piperol B; (7S*, 8R*, 1R*, 3R*)-3,4,5-trimethoxy-3,7-cyclo-8,1-neolig-8-ene-2,4(3H)-dione', 'taxifolin', ""(2'S)-2-(propan-2'-ol)-5-hydroxy-benzopyran-4-one"", 'Rel-(+)-(7S,9R,10S)-3,9,12-trihydroxycalamenene', 'Casearin S', '11β-acetoxyobacunone', '1-(5,7-dihydroxy-2,2-dimethylchroman- 6-yl)-3-[4-hydroxy-3-(3-methylbut-2-en-1-yl)- phenyl]propan-1-one', '(3R,4R)-4,7-Dihydroxymellein', ""Nitensoside B; Pedalitin 6-O-α-rhamnopyranosyl(1'''→6'')-β-glucopyranoside"", 'Methyl gallate', '3-O-β-D-quinovopyranosyl cincholic acid', 'Rel-6β-hydroxyzuelanin-2β-benzoate', 'shidasterone', 'Afzelin, 3-O-α-rhamnosyl kaempferol', 'Egonol', '4-Nerolidilcatechol', ""2-(2'-O-transcoumaroyl)-C-β-D-glucopyranosyl-1,3,6,7-tetrahydroxyxanthone"", 'Syringic acid', '(+)-3-O-feruloylcassine', 'Amentoflavone', '1-(5,7-dihydroxy-2,2-dimethylchroman-6-yl)-3-(1,1,4a-trimethyl-2,3,4,4a,9a-hexahydro-1H-xanthen-7-yl)propan-1-one', 'Methyl (E)-6,7,8-trimethoxycinnamate', '3,4,5-Trimethoxyphenyl-1-O-β-D-(5-O-syringoyl)-apiofuranosyl-(1→6)-β-D-glucopyranoside', '6-[8(Z),11(Z),14-pentadecatrienyl]salicylic acid', 'Sorbifolin', ""Nitensoside A; Sorbifolin 6-O-α-rhamnopyranosyl(1'''→6'')-β-glucopyranoside"", 'Casearin O; (1R*,3S*,5S*,6aR*,7R*,8R*,9S*,10S*,10aR*)-1,10-Bis(acetyloxy)-5-methoxy-7,8-dimethyl-7-[(2Z)-3-methylpenta-2,4-dien-1-yl]-3,5,6,6a,7,8,9,10-octahydronaphtho[1,8a-c]furan-3,9-diyl Dibutanoate', 'germacrene D', 'Cabraleadiol', '(±)-Syringaresinol', 'Salacin', '6-pentadecylsalicylic acid', 'Methyl-2,2-dimethylchroman-6-carboxylate', ""Myrsinoic acid A, 3-Geranyl-4-hydroxy-5-(3'',3''-dimethylallyl)benzoic acid"", '20α-Hydroxymaytenin; 20-hydroxy-20-epi-tingenone', '(-)-Epigallocatechin-3-O-gallate', 'Casearin D; (1R*,3S*,5S*,6aR*,7R*,8R*,9S*,10S*,10aR*)-1-(Acetyloxy)-3,5,6,6a,7,8,9,10-octahydro-5,10-dihydroxy-7,8-dimethyl-7-[(2Z)-3-methylpenta-2,4-dien-1-yl]naphtho[1,8a-c]furan-3,9-diyl Dibutanoate', 'Rel. (+)-(7S,10S) 3,12-dihydroxycalamenene', 'carlinoside', 'Methyl-8-(ethanoyloxy)-2,2-dimethyl-2H-chromene-6-carboxylate', '2β-Hydroxyzuelanin-6β-cinnamate', 'arjunolic acid', 'stachysterone', 'Ethyl 2,4-dihydroxy-5,6-dimethylbenzoate', 'Amentoflavone 7”,4”’-dimethyl ether', 'Netzahualcoyene', 'Casearin X Dialdehyde; (2R*,4aS*,5S*,7R*,8R*,8aS*)-4,4a-Diformyl-1,2,4a,5,6,7,8,8a-octahydro-5-hydroxy-7,8-dimethyl-8-[(2Z)-3-methylpenta-2,4-dien-1-yl]naphthalen-2-yl Butanoate', 'Picramnioside F', 'Lauryl gallate', 'Syringaldehyde', '22-hydroxytirucalla-7,24-diene-2,3-dione', 'Trans-3’-methylsulphonylallyl trans-cinnamate', '(3-(2-(4-hydroxyphenyl)-2-oxoethyl)-5,6-dihydropyridin- 2(1H)-one)', 'Mangiferin', 'Viburgenin', ""Pterogynoside; Kaempferol-3-O-(3''-O-4'''-methylgallate-α-L-rhamnoside)"", 'Isobutyl gallate', '7′-multijuguinone', 'Griseofulvin', ""7-Hydroxy-4',6-dimethoxyisoflavone; Afrormosin; Afromosin"", '8-methoxymellein', 'Cognatine', 'Fagaramide', 'Chalepin', 'Chlorogenic acid', '(4R)-4,8-dihydroxy-α-tetralone', 'Kaempferol', '3-O-β-D-quinovopyranosyl quinovic acid']]",doi_name
"['10.1021/jf00030a035', '6-[ 8(Z),11(Z) -pentadecadienyl] salicylic acid']","['10.1021/jf00030a035', ['4-metoxi-6-[2-(metilamino)fenil]- 2H-piran-2-ona', 'Tagitinin C', '1-methoxy-3-hydroxy-3,10b-4,5a-diepoxy-8b-isobutyroyloxygermacr-11(13)-en-6a,12-olide', ""3,4-dimethyl-2-(4'-hydroxy-3',5'-dimethoxyphenyl)-5-methoxy-tetrahydrofuran"", ""3',4',5',3,5,7,8-heptamethoxyflavone"", ""3,5,6,7,3',4',5'-heptamethoxyflavonol"", 'Hinesol', 'γ-eudesmol', 'α-eudesmol', 'guaiol', 'Kaempferol-3-O-D-galactopyranoside', 'Kaempferol-3-O-D-glucopyranoside', 'Quercetin-3-O-α-L-rhamnopyranosyl-(1→6)-β-D-galactopyranoside', 'Kaempferol-3-O-rutinoside', 'Kaempferol-3-O-α-L-rhamnopyranosyl-(1-6)-α-L-rhamnopyranosyl-(1-4)-β-D-glucopyranoside', '6-Hydroxy-rutin', 'Kaempferol-3-O-α-L-rhamnopyranosyl-(1→6)-β-D-galactopyranoside', 'Catechin, Ent-catechin', 'Procyanidin B-3', 'Pimara-7,15-dien-3β-ol', '(22E,24R)-ergosta-4,6,8(14),22-tetraen-3-one', '8-hydroxy-6-methoxy-3-methylisocoumarin', 'Ergosterol peroxide', 'Dimethyl terephthalate', 'Taraxerol acetate', 'α-Gardiol', 'Ferulic acid', 'β-Gardiol', 'Teucrein', '11-O-trans-feruloylteucrein', 'Apodanthoside', 'Galioside', 'Galioside aglicone', '(+)-α-Hydroxyerysotrine', '(+)-Erythravine', '(+)-11α-Hydroxyerythravine', '5,7-dimethoxy-2,2-dimethyl-2H-1-benzopyran-6-propanoic acid', 'Aphidicolin', 'Anhydrofusarubin', 'Beauvericin', 'Nitensidine D', 'Nitensidine E', ""4-Hydroxy-3-(3',7'-dimethyl-3'-hydroxy-1'-oxo-6'-octenyl)benzoic acid"", ""Sakuranetin; 5,4'-dihydroxy-7-methoxyflavanone"", ""4-Hydroxy-(3',7'-dimethyl-1'-oxo-octa-2'-E-6'-dienyl)benzoic acid"", ""Isosakuranetin; 5,7-dihydroxy-4'-methoxyflavanone"", ""1,4-Dihydroxy-2-(3',7'-dimethyl-1'-oxo-2'-E-6'-octadienyl)benzene"", ""2-(1'-pentenyl)-Quinoline"", '2-n-Pentylquinoline', '2-n-Propylquinoline', ""2-(3',4'-methylenedioxyphenylethyl)-Quinoline"", 'Farnisine', '19´-(3,4-Methylenedioxyphenyl)-nonadecanoic acid', 'Sargachromenol', ""7,4'-Dihydroxyflavone"", 'Sargaquinoic acid', '(+)-Guaiacin', '21´-(3,4-Methylenedioxyphenyl)-henicosanoic acid', ""7,4'-Dimethoxyflavone"", 'Fasciculiferin', ""Juruenolic acid; 2-(4'-Methylpentenyl-3)-10-oxoundecan-2,6-dienoic acid"", 'Tithonine', '17-(3,4-Methylenedioxyphenyl)-heptadecanoic acid', 'penduletin 4-O-methyl ether', '2α,3α,19α- trihydroxyurs-12-en-28-oic acid', '3,3-O-dimethylquercetin', '3,7,4-O-trimethylkaempferol', '3-O-methylquercetin', 'Chrysoeriol', 'acacetin', 'p-hydroxybenzoic acid', '2α,3α-dihydroxyolean-12- en-28-oic acid', 'Deoxycordifoline', '3,4-dehydro-strictosidine', '5α-carboxystrictosidine', 'Harman-3-carboxylic acid', 'Cordifoline', 'Strictosidine acid', '3,4-dehydrostrictosidine acid', 'Turbinatine', 'Methyl (3R,4R,5R)-3-{[(2E)-3-(3,4-dihydroxyphenyl)-2-propenoyl]oxy}-1,4,5-trihydroxycyclohexanecarboxylate', 'Methyl (3R,4R,5R)-3-{[(2Z)-3-(3,4-dihydroxyphenyl)-2-propenoyl]oxy}-1,4,5-trihydroxycyclohexanecarboxylate', '9-hydroxyeugenin', 'Mycoleptone A', 'Mycoleptone A tetraacetate', 'Austdiol diacetate', 'Eugenitin', 'Austdiol', 'Mycoleptone B', '6-methoxyeugenin', 'β-caryophyllene, trans-caryophyllene', 'astilbin; Rel-(2R, 3R)-dihydroquercetin-3-O-±-L-rhamnoside', 'Nectandrin B', 'Verrucosin', 'Epi-guaiacin', '7-Methyl-sargachromenol; 2,7,8-Trimethyl-2-[(3-E,7-Z)-4,12-dimethyl-8-carboxyl-3,7,11-tridecatrienyl]-3-chromen-6-ol, β-caroteno', ""2'-hydroxy-3,4,4'-trimethoxy-5',6'-(2'',2''-dimethylpyrano)-chalcone"", ""3',4'-methylenedioxy-5,5',6,7-tetramethoxyflavone"", ""3',4'-methylenedioxy-5,6,7- trimethoxyflavone"", ""3',4'-methylenedioxy-5,7-dimethoxyflavone"", '5,7-dimethoxy-2,2-dimethyl-2H-1-benzopyran-6-propanoate', 'Chlorogenic acid methyl ester, Methyl (1S,3R,4R,5R)-3-{[(2E)-3-(3,4-dihydroxyphenyl)-2-propenoyl]oxy}-1,4,5-trihydroxycyclohexanecarboxylate', '3,21-Di-epi-feroniellide B', '21β,25-dimethylmelianodiol', '21α,25-dimethylmelianodiol', ""Rel-(7R,8S,7'S,8'S)-4',5'-methylenedioxy-3,4,5,3'-tetramethoxy-7,7'-epoxylignan"", ""Rel-(7R,8S,7'S,8'S)-4-hydroxy-4',5'-methylenedioxy-3,5,3'-trimethoxy-7,7'-epoxylignan"", ""Rel-(7R,8S,7'S,8'S)-4,5,4',5'-dimethylenedioxy-3,3'-dimethoxy-7,7'-epoxylignan"", ""Rel-(7R,8S,7'S,8'S)-4'-hydroxy-3,4,5,3',5'-pentamethoxy-7,7'-epoxylignan"", ""Rel-(7R,8S,7'S,8'S)-9-hydroxy-4',5'-methylenedioxy-3,4,5,3'-tetramethoxy-7,7'-epoxylignan"", 'Pellitorine', '(3Z,5Z)-N-isobutyl-8-(30,40-methylenedioxy-phenyl)-heptadienamide', '4,5-dihydropiperlonguminine; Piperlonguminine', 'Piperine', ""N-[3-(6'-methoxy-3',4'-methy-lenedioxyphenyl)-2(Z)-propenoyl]pyrrolidine"", '4,5-dihydropiperyline', '(E)-piplartine', '(Z)-piplartine; 8(Z)-N-(12,13, 14-trimethoxycinnamoyl)- 3-pyridin-2-one', '8,9-dihydropiplartine; N-(12,13,14-trimethoxydihydrocinnamoyl)-Δ3-pyridin-2-one', '10,11-dihydropiperine; Δα,β-dihydropiperine', ""Isoswertisin-2''α1-L-rhamnoside"", '2-Episesalatin', 'Sesartemin', 'Clusifoliol', ""Isoswertisin-4'-methyl-ether-2''α-L-rhamnoside"", 'bis-5-hydroxyacronycine', '2,3-dihydro-4,9-dihydroxy-2-(2-hydroxy-propan-2-yl)- 11-methoxy-10-methylfuro[3,2-b]acridin-5(10H)-one', 'Citibrasine', ""4-Hydroxy-(3',7'-dimethyl-1'-oxo-octa-2'-Z-6'-dienyl)benzoic acid"", ""Aduncumene; Methyl 2-methoxy-5-(3'-methyl-1'-oxo-2'-butenyl)benzoate"", ""Methyl 4-hydroxy-3-(3'-methyl-2'-hydroxy-3'-butenyl)benzoate"", 'Piperaduncine B', 'Methyl 2,2-dimethyl-1-oxo-2H-1-benzopyran-6-carboxylate', ""4-Hydroxy-3-(3',7'-dimethylocta-2'-E-6'-dienyl)benzoic acid"", ""Hostmaniene; 4-Hydroxy-3-(2',3'-dihydroxy-3'-methylbutyl)benzoate"", ""Methyl 4-hydroxy-3-(3'-methyl-2'-butenyl)benzoate"", ""Methyl taboganate; Methyl 4-hydroxy-3-(3'-methyl-1'-oxo-2'-butenyl)benzoate"", ""2',6'-Dihydroxy-4'-methoxydihydrochalcone"", '3,4,5-Trimethoxydihydrocinnamic acid', '(-)-3-O-acetyl-spectaline', 'Secoxyloganin', '7-Methoxydiderroside', ""6'-Acetyl-β-D-glucopyranosyldiderroside"", 'Diderroside', 'Piscidinol A', 'Iso-odoratol', '3,11-dioxoolean-12-en-28- onic acid', 'cryptomeridiol', 'Pentaol', 'Oleanonic acid', 'Nilocetin', 'Hispidol A', 'Methacrylic acid', 'Cusculine; 1,2,3,5,6-pentamethoxy-9-acridone', 'Cuspanine; 1-hydroxy-2,3,5,6-tetramethoxy-9-acridone', 'Xanthyletin', 'Stearic acid 4-pentoyloxyphenethyl ester', '3,4-dihydro-3,5,8-trihydroxy-6-methoxy-2,2,7-trimethyl-2Hpyrano[ 2,3-a]acridin-12(7H)-one', '5-hydroxynoracronycine; Atalaphyllidine', 'Citrusinine-I', 'Glycocitrine-I', '1,3,5-trihydroxy-4-methoxy-10-methyl- 2,8-bis(3-methylbut-2-enyl)acridin-9(10H)-one', 'Pyranofoline', '1,3,5-trihydroxy- 2,8-bis(3-methylbut-2-enyl)-10-methyl-9-acridone', 'Citrusinine-II', 'Glycocitrine-IV', 'Isopimpinellin', 'cyclo (L)-Pro-Gly', ""4-Methoxy-3-(3',7'-dimethylocta-2'-E-6'-dienyl)benzoic acid"", 'Methyl-8-hydroxy-2,2-dimethyl-2H-chromene-6-carboxylate', ""3-(3',7 '-dimethyl-2',6 '-octadienyl)-4-methoxy-benzoic acid"", '2α,3α-Dihydroxy-urs-12-en-28-oic acid', 'Haplotusine', '2-phenyl-4H-chromen-4-one', 'β-Sitosterol benzoate', '5-hydroxyflavone', '3-O-β-D-(6’-methyl)-glucopyranosyl-28-O-β-D-glucopyranosyl-oleanate', 'Oleanolic acid 3-sophoroside', 'Sinapyl 4-O-β-D-glucopyranoside aldehyde', 'Sinapyl 4-O-β-D-glucopyranoside alcohol', 'N-acetylnonaine', 'Liriodenine', '[10]-gingerol', ""2,4-Dihydroxy-6-[(1'E,3'E)-penta-1', 3'-dienyl]-benzaldehyde"", '2-methyl-5-[8(Z)-pentadecenyl]resorcinol', 'Nitensidine A', '2-hydroxyphenylacetic acid', '3-O-β-D-quinovopyranosyl quinovic acid', 'scillascillin', 'Kokusaginine', ""2-(2'-O-trans-caffeoyl)-C-β-D-glucopyranosyl-1,3,6,7-tetrahydroxyxanthone"", 'Netzahualcoyene', 'Casearin X Dialdehyde; (2R*,4aS*,5S*,7R*,8R*,8aS*)-4,4a-Diformyl-1,2,4a,5,6,7,8,8a-octahydro-5-hydroxy-7,8-dimethyl-8-[(2Z)-3-methylpenta-2,4-dien-1-yl]naphthalen-2-yl Butanoate', 'polypodine B', 'n-Propyl gallate', ""3',4',5',5,7,8-hexamethoxyflavone"", 'Isopropyl gallate', '6β-hydroxy-7-epigardoside methyl ester', 'Leptomerine', '5-hydroxy-N-methylseverifoline', '19,20-Epoxycytochalasin N', 'ellagic acid 4-O-α-L-rhamnopyranoside; eschweilenol C', 'Mayoside C', 'Ourateacatechin', ""3',4',5',5,7-pentamethoxyflavone"", '2-methyl-5-pentadecylresorcinol', '3β-hydroxy-stigmast-5-en-7-one; 24-β-7-oxositosterol', 'Griseofulvin', ""7-Hydroxy-4',6-dimethoxyisoflavone; Afrormosin; Afromosin"", '8-methoxymellein', '(±)-Syringaresinol', 'Cyclo-(L-Pro-L-Val)', 'Acetonide of odoratol', '(−)-Grandisin', '2,7-Di-O-acetylcasearupestrin A', 'Nitensidine B', '1-methyl-2-n-nonyl-4-quinolone', '5-[8(Z),11(Z),14-pentadecatrienyl]resorcinol', 'Piperol B', '(-)-Hardwickiic acid', ""5-[3''-(β-D-glucopyranosyloxy)propyl]-7-methoxy-2-(3',4'-methylenedioxyphenyl)benzofuran"", '28-O-β-D-glucopyranosyl quinovic acid', '2-Methyl-4-hydroxy-butyl caffeoate', 'N-1,N-2,N-3-Triisopentenylguanidine', 'Dibenzyl trisulphide', 'Maytenin, Tingenone', 'Maculosidine', 'Kaempferol', ""8-hydroxy-3,5,7,3',4',5'-hexamethoxyflavonol"", 'Odoratol', 'Podocarpusflavone A', 'Casearupestrin C', '6α-malonyloxy-n-butyl ester manoyl oxide', 'citrusinine-I', 'Ricinine', 'Leptophyllin A', '5-pentadecylresorcinol', 'urauchimycin B', 'Homoegonol', '[8]-gingerol', '4-Hydroxymellein', '5-hydroxymellein', 'fraxinellonone', 'Dibenzyl sulphide', '(-) Cis-4-hydroxy-6-deoxyscytalone', ""Methyl-2,2-dimethyl-8-(3'-methylbut-2'-enyl)chroman-6-carboxylate"", 'Rel-2α-hydroxyzuelanin-6β-benzoate', '2,6-di-O-acetylcasearupestrin D', 'Plumericin', '5-[8(Z),11(Z)-pentadecadienyl]resorcinol', '(-)-Spectalinine', '19,20-Epoxycytochalasin D', 'fumiquinozoline F', 'Kaempferol 3-O-α-L-rhamnopyranosyl (1→6)-O-[β -D-glucopyranosyl (1→3)-O-α-L-rhamnopyranosyl-(1→2)]-O-β -D-glucopyranosyl', '3β-O-[α-L-rhamnopyranosyl-(1→2)-O-β-D-glucopyranosyl-(1→2)-O-β-D-glucopyranosyl]-28-O-β-D-glucopyranoside pomolate', 'Dibenzyl tetrasulphide', ""2',5-dihydroxy-3-methoxy-8-dimethylallyl-6, 7-(2' ',2''-dimethylpyrano)-dihydroflavonol"", '2-n-nonyl-4-quinolone', 'Cytochalasin D', 'Isoorientin', 'Uracil', 'urauchimycin A', '2-methyl-5-[8(Z),11(Z),14-pentadecatrienyl]resorcinol', '20-hydroxyecdysone; polypodine A', '3-Acetyl aleuritolic acid', 'Alkenoic acid', 'Caseobliquin A', 'Methyl angolensate', ""5-(3'' -Hydroxypropyl)-7-methoxy-2-(3',4' -methyl-enedioxyphenyl)benzofuran"", '22β-hydroxypristimerin', '1- (5,7-dihydroxy-2,2-dimethylchroman-6-yl)-3-(2,2-dimethylchroman- 6-yl)propan-1-one', 'Canavaline', 'Di-hydrodehydrodiconiferyl alcohol', 'Quercetin', ""2-(2'-O-trans-cinnamoyl)-C-β-D-glucopyranosyl-1,3,6,7-tetrahydroxyxanthone"", 'Ocotillone', 'des-N-methylnoracronycine', 'Sorbifolin 6-O-β-glucopyranoside', 'toonacilin', 'Netzahualcoyondiol', 'Pristimerin; 20α-3-hydroxy-2-oxo-24-nor-friedela-1-10,3,5,7-tetraen-carboxylic acid-29-methylester', '3,4,5-trimethoxyphenyl 1-O-β-D-apiofuranosyl-(1→6)-O-β-D-glucopyranoside', 'β-photogedunin', 'n-Butyl gallate', ""5-[3''-(β-D-glucopyranosyloxy)propyl]-7-methoxy-2-(3',4'-dimethoxyphenyl)benzofuran"", '3,12-Dihydroxycadalene', '7-hydroxy-3- (11-dimethylallyl)-8-methoxycoumarin', 'p-Coumaric acid', '(-)-Epigallocatechin', 'Netzahualcoyonol', '1-[3-(3,7-dimethylocta-2,6-dien-1-yl)-2,4,6- trihydroxyphenyl]-3-(4-hydroxyphenyl)propan-1-one', '6α-malonyloxymanoyl oxide', 'Benzylhydroxymethyl sulphide', '1,6-di-O-caffeoyl-β-D-glucopyranoside', 'n-Pentyl gallate', 'Orcinol', 'Periconicin B', 'Phomopsilactone', ""(2S)-8-Isopentyl-2-methyl-2-(4'-methylpentyl)chroman-6-carboxylic acid"", '2,2-dimethyl-2H-chromene-6-carboxylic acid', '1,2-dihydro- 3β-hydroxy-7-deacetoxy-7-oxogedunin', 'Photogedunin', 'Casearin X; (1R*,3S*,5S*,6aR*,7S*,8S*,10R*,10aR*)-1-(Acetyloxy)-3,5,6,6a,7,8,9,10-octahydro-10-hydroxy-7,8-dimethyl-7-[(2Z)-3-methylpenta-2,4-dien-1-yl]naphtho[1,8a-c]furan-3,5-diyl Dibutanoate', 'α-L-xylopyranosyl-(4""→20)-(3-O-β-D-glucopyranosyl)-1\'-O-E-caffeoyl-β-D-glucopyranoside', ""2-(R)-Methyl-6-(S)-(tetradecyl-13'-one)-3(R)-O-tert-butyldimethylsilyl-piperidine"", 'Quercetin 3-O-α-L-rhamnopyranosyl (1→6)-O-[β -D-glucopyranosyl (1→3)-O-α-L-rhamnopyranosyl-(1→2)]-O-β -D-glucopyranosyl', 'Heveaflavone', 'Arboreumine', '3-Oxoursolic acid', 'Casearupestrin B', 'Piperyline, N-[10-(13,14-methylenedioxyphenyl)-7(E),9(E)-pentadienoyl]-pyrrolidine', 'ω-fenil alcanoic acid', '2-butyl-D-fructofuranoside', ""Gaudichaudianic acid; (2S)-2-methyl-2-(4'methyl-3'-pentenyl)-8-(3''-methyl-2-butenyl)- 2H-1-benzopyran-6-carboxylic acid"", 'limonexic acid', 'Skimmianine', 'p-hydroxybenzoic acid-geranyl ester', 'Dibenzyl disulphide', 'Proanthocyanidin', 'neoisoastilbin', '(R)-7-Hydroxymellein', ""N-[7-(3',4'-methylenedioxyphenyl)-2(Z),4(Z)-heptadienoyl]pyrrolidine"", ""Acteoside; [β-3,4-dihydroxyphenyl)-ethyl]-(3'-O-α-L-rhamnopyranosyl)-(4'-O-cafeoyl)-β-D-glycopyranoside, verbascoside"", 'Pedalitin', '1-O-(E)-feruloyl-β-D-glucopyranoside', '19,20-Epoxycytochalasin C', 'Methyl-8-hydroxy-2,2-dimethylchroman-6-carboxylate', 'Di(benzyltrithio) methane', '3,11,12-Trihydroxycadalene', 'Quercetin 3-O-sophoroside', '(3R,4R)-3,4-Dihydro-4,6-dihydroxy-3-methyl-1-oxo-1H-isochromene-5-carboxylic acid', '24-methylene-3,22-dihydroxycholesterol', 'amorphispironone', 'Casearupestrin D', 'Chaetoglobosin B', ""2-(2'-O-benzoyl)-C-β-D-glucopyranosyl-1,3,6,7-tetrahydroxyxanthone"", 'Isoplumericin', 'N-[10-(13,14-methylenedioxyphenyl)-7(E),9(Z)-pentadienoyl]-pyrrolidine', '6-[8(Z)-pentadecenyl]salicylic acid', '(2S)-2-methyl-8-(3""-methylbut-2""-enyl)-2-(4\'-methylpent-3\'-enyl)-2H-chromene-6-carboxylic acid', '(2S)-Methyl-2-methyl-8-(3""-methylbut-2""-enyl)-2-(4\'-methylpent-3\'-enyl)-2H-chromene-6-carboxylate', 'Casearin T', 'Gedunin', 'Burchellin', '5-[8(Z)-pentadecenyl]resorcinol', 'Luteolin; 2-(3,4-dihydroxyphenyl)-5,7-dihydroxy-4H-chromen-4-one', 'Sinapic acid', '19,20-Epoxycytochalasin Q', '19,20-Epoxycytochalasin R', 'Muraxanthone', '3,4,5-Triacetoxybenzoic acid', 'Odoratone', 'Rel-6β-hydroxyzuelanin-2β-benzoate', 'shidasterone', '5-hydroxymethyl- 2-furancarboxaldehyde; 5-hydroxymethyl-2-furfuraldehyde', 'atalaphyllinine', 'N-[10- (13,14-methylenedioxyphenyl)-7(E)-pentaenoyl]-pyrrolidine', '6α-acetoxymanoyl oxide', 'Rel-(+)-(7S,9R,10S)-3,9,12-trihydroxycalamenene', 'Casearin S', '11β-acetoxyobacunone', '2-Methyl-5-methoxy-benzopyran-4-one', '3,4-dihydroxybenzoic acid geranyl ester', '6α-acetoxy-14β,15β-epoxyazadirone', 'epoxy-fraxinellone', '12′-hydroxy-7′-multijuguinone', 'Kaempferitrin', 'Nitensidine C', 'Dipropyl disulphide', '2-methyl-5-[8(Z),11(Z)-pentadecadienyl]resorcinol', 'Methyl 6,7,8-trimethoxydihydrocinnamate', '2-Hexyl-3-methyl-butanodioic acid', 'fraxinellone', '6-[ 8(Z),11(Z) -pentadecadienyl] salicylic acid', 'Salacin', '6-pentadecylsalicylic acid', 'Methyl-2,2-dimethylchroman-6-carboxylate', ""Myrsinoic acid A, 3-Geranyl-4-hydroxy-5-(3'',3''-dimethylallyl)benzoic acid"", 'Pedalin, pedalitin 6-O-β -glucopyranoside', 'Caseargrewiin F; (1R*,3S*,5S*,6aR*,7S*,8R*,10R*,10aR*)-1,3-Bis(acetyloxy)-3,5,6,6a,7,8,9,10-octahydro-10-hydroxy-7,8-dimethyl-7-[(2Z)-3-methylpenta-2,4-dien-1-yl]naphtho[1,8a-c]furan-5-yl Butanoate', 'Casearin L; (1R*,3S*,5S*,6aR*,7R*,8R*,9S*,10S*,10aR*)-1,10-Bis(acetyloxy)-3,5,6,6a,7,8,9,10-octahydro-9-hydroxy-5-methoxy-7,8-dimethyl-7-[(2Z)-3-methylpenta-2,4-dien-1-yl]naphtho[1,8a-c]-furan-3-yl Butanoate', 'Platydesmine', 'Leiokinine A', 'Cabraleadiol', 'schaftoside', ""(2S)-Methyl-8-isopentyl-2-methyl-2-(4'-methylpentyl)chroman-6-carboxylate"", 'Casearupestrin A', '2-oxo-piperol B; (7S*, 8R*, 1R*, 3R*)-3,4,5-trimethoxy-3,7-cyclo-8,1-neolig-8-ene-2,4(3H)-dione', 'taxifolin', ""(2'S)-2-(propan-2'-ol)-5-hydroxy-benzopyran-4-one"", '6-[8(Z),11(Z),14-pentadecatrienyl]salicylic acid', 'Sorbifolin', ""Nitensoside A; Sorbifolin 6-O-α-rhamnopyranosyl(1'''→6'')-β-glucopyranoside"", 'Casearin O; (1R*,3S*,5S*,6aR*,7R*,8R*,9S*,10S*,10aR*)-1,10-Bis(acetyloxy)-5-methoxy-7,8-dimethyl-7-[(2Z)-3-methylpenta-2,4-dien-1-yl]-3,5,6,6a,7,8,9,10-octahydronaphtho[1,8a-c]furan-3,9-diyl Dibutanoate', 'germacrene D', '1-(5,7-dihydroxy-2,2-dimethylchroman- 6-yl)-3-[4-hydroxy-3-(3-methylbut-2-en-1-yl)- phenyl]propan-1-one', '(3R,4R)-4,7-Dihydroxymellein', ""Nitensoside B; Pedalitin 6-O-α-rhamnopyranosyl(1'''→6'')-β-glucopyranoside"", 'Methyl gallate', '3-O-β-D-quinovopyranosyl cincholic acid', 'Afzelin, 3-O-α-rhamnosyl kaempferol', 'Egonol', '4-Nerolidilcatechol', ""2-(2'-O-transcoumaroyl)-C-β-D-glucopyranosyl-1,3,6,7-tetrahydroxyxanthone"", 'Syringic acid', '(+)-3-O-feruloylcassine', '(3-(2-(4-hydroxyphenyl)-2-oxoethyl)-5,6-dihydropyridin- 2(1H)-one)', 'Mangiferin', 'Viburgenin', ""Pterogynoside; Kaempferol-3-O-(3''-O-4'''-methylgallate-α-L-rhamnoside)"", 'Isobutyl gallate', '7′-multijuguinone', '20α-Hydroxymaytenin; 20-hydroxy-20-epi-tingenone', '(-)-Epigallocatechin-3-O-gallate', 'Casearin D; (1R*,3S*,5S*,6aR*,7R*,8R*,9S*,10S*,10aR*)-1-(Acetyloxy)-3,5,6,6a,7,8,9,10-octahydro-5,10-dihydroxy-7,8-dimethyl-7-[(2Z)-3-methylpenta-2,4-dien-1-yl]naphtho[1,8a-c]furan-3,9-diyl Dibutanoate', 'Rel. (+)-(7S,10S) 3,12-dihydroxycalamenene', 'carlinoside', 'Methyl-8-(ethanoyloxy)-2,2-dimethyl-2H-chromene-6-carboxylate', 'Amentoflavone', '1-(5,7-dihydroxy-2,2-dimethylchroman-6-yl)-3-(1,1,4a-trimethyl-2,3,4,4a,9a-hexahydro-1H-xanthen-7-yl)propan-1-one', 'Methyl (E)-6,7,8-trimethoxycinnamate', '3,4,5-Trimethoxyphenyl-1-O-β-D-(5-O-syringoyl)-apiofuranosyl-(1→6)-β-D-glucopyranoside', 'Tetrahydropiperyline, N-[10-(13,14-methylenedioxyphenyl)-pentanoyl]-pyrrolidine', 'Piperovatine', '2,4,6-trimethoxybenzoic acid', '1-O-(E)-caffeoyl-β-D-glucopyranoside', 'Gallic acid; 3,4,5-trihydroxybenzoic acid', 'Quercitrin, 3-O-α-rhamnosylquercetin', '2β-Hydroxyzuelanin-6β-cinnamate', 'arjunolic acid', 'stachysterone', 'Ethyl 2,4-dihydroxy-5,6-dimethylbenzoate', 'Amentoflavone 7”,4”’-dimethyl ether', 'Picramnioside F', 'Lauryl gallate', 'Syringaldehyde', '22-hydroxytirucalla-7,24-diene-2,3-dione', 'Trans-3’-methylsulphonylallyl trans-cinnamate', '24-methylenecycloartan-3b-ol', 'Ixoside', 'Cognatine', 'Fagaramide', 'Chalepin', 'Chlorogenic acid', '(4R)-4,8-dihydroxy-α-tetralone']]",doi_name
"['10.1021/np030100t', ""2-(2'-O-trans-caffeoyl)-C-β-D-glucopyranosyl-1,3,6,7-tetrahydroxyxanthone""]","['10.1021/np030100t', ['Galioside aglicone', 'Teucrein', '11-O-trans-feruloylteucrein', 'Apodanthoside', 'Galioside', 'Hinesol', 'guaiol', 'γ-eudesmol', 'α-eudesmol', 'Mycoleptone A', '9-hydroxyeugenin', 'Eugenitin', 'Austdiol diacetate', 'Austdiol', 'Mycoleptone B', '6-methoxyeugenin', 'Mycoleptone A tetraacetate', ""2'-hydroxy-3,4,4'-trimethoxy-5',6'-(2'',2''-dimethylpyrano)-chalcone"", ""3',4'-methylenedioxy-5,6,7- trimethoxyflavone"", ""3',4'-methylenedioxy-5,5',6,7-tetramethoxyflavone"", ""3',4'-methylenedioxy-5,7-dimethoxyflavone"", '3,21-Di-epi-feroniellide B', '21β,25-dimethylmelianodiol', '21α,25-dimethylmelianodiol', 'Secoxyloganin', '7-Methoxydiderroside', ""6'-Acetyl-β-D-glucopyranosyldiderroside"", 'Diderroside', '5,7-dimethoxy-2,2-dimethyl-2H-1-benzopyran-6-propanoate', 'Sargachromenol', ""7,4'-Dihydroxyflavone"", 'Sargaquinoic acid', '21´-(3,4-Methylenedioxyphenyl)-henicosanoic acid', ""7,4'-Dimethoxyflavone"", '19´-(3,4-Methylenedioxyphenyl)-nonadecanoic acid', '(+)-Guaiacin', 'Farnisine', ""Juruenolic acid; 2-(4'-Methylpentenyl-3)-10-oxoundecan-2,6-dienoic acid"", 'Fasciculiferin', 'Tithonine', '17-(3,4-Methylenedioxyphenyl)-heptadecanoic acid', ""3-(3',7 '-dimethyl-2',6 '-octadienyl)-4-methoxy-benzoic acid"", ""4-Methoxy-3-(3',7'-dimethylocta-2'-E-6'-dienyl)benzoic acid"", 'Methyl-8-hydroxy-2,2-dimethyl-2H-chromene-6-carboxylate', 'Nectandrin B', 'Verrucosin', 'Epi-guaiacin', '7-Methyl-sargachromenol; 2,7,8-Trimethyl-2-[(3-E,7-Z)-4,12-dimethyl-8-carboxyl-3,7,11-tridecatrienyl]-3-chromen-6-ol, β-caroteno', 'Chlorogenic acid methyl ester, Methyl (1S,3R,4R,5R)-3-{[(2E)-3-(3,4-dihydroxyphenyl)-2-propenoyl]oxy}-1,4,5-trihydroxycyclohexanecarboxylate', '(-)-3-O-acetyl-spectaline', '2,3-dihydro-4,9-dihydroxy-2-(2-hydroxy-propan-2-yl)- 11-methoxy-10-methylfuro[3,2-b]acridin-5(10H)-one', 'bis-5-hydroxyacronycine', 'Citibrasine', ""Rel-(7R,8S,7'S,8'S)-4'-hydroxy-3,4,5,3',5'-pentamethoxy-7,7'-epoxylignan"", ""Rel-(7R,8S,7'S,8'S)-4-hydroxy-4',5'-methylenedioxy-3,5,3'-trimethoxy-7,7'-epoxylignan"", ""Rel-(7R,8S,7'S,8'S)-9-hydroxy-4',5'-methylenedioxy-3,4,5,3'-tetramethoxy-7,7'-epoxylignan"", ""Rel-(7R,8S,7'S,8'S)-4',5'-methylenedioxy-3,4,5,3'-tetramethoxy-7,7'-epoxylignan"", ""Rel-(7R,8S,7'S,8'S)-4,5,4',5'-dimethylenedioxy-3,3'-dimethoxy-7,7'-epoxylignan"", ""2-(1'-pentenyl)-Quinoline"", '2-n-Propylquinoline', '2-n-Pentylquinoline', ""2-(3',4'-methylenedioxyphenylethyl)-Quinoline"", 'α-Gardiol', 'Ferulic acid', 'β-Gardiol', 'Xanthyletin', 'cyclo (L)-Pro-Gly', 'Pyranofoline', 'Citrusinine-I', '5-hydroxynoracronycine; Atalaphyllidine', 'Glycocitrine-IV', 'Glycocitrine-I', '1,3,5-trihydroxy- 2,8-bis(3-methylbut-2-enyl)-10-methyl-9-acridone', 'Citrusinine-II', '1,3,5-trihydroxy-4-methoxy-10-methyl- 2,8-bis(3-methylbut-2-enyl)acridin-9(10H)-one', '3,4-dihydro-3,5,8-trihydroxy-6-methoxy-2,2,7-trimethyl-2Hpyrano[ 2,3-a]acridin-12(7H)-one', 'Nitensidine E', 'Nitensidine D', 'p-hydroxybenzoic acid', '2α,3α-dihydroxyolean-12- en-28-oic acid', 'penduletin 4-O-methyl ether', '3,3-O-dimethylquercetin', '3,7,4-O-trimethylkaempferol', '3-O-methylquercetin', 'acacetin', 'Chrysoeriol', '2α,3α,19α- trihydroxyurs-12-en-28-oic acid', ""3,4-dimethyl-2-(4'-hydroxy-3',5'-dimethoxyphenyl)-5-methoxy-tetrahydrofuran"", '10,11-dihydropiperine; Δα,β-dihydropiperine', '8,9-dihydropiplartine; N-(12,13,14-trimethoxydihydrocinnamoyl)-Δ3-pyridin-2-one', 'Piperine', '4,5-dihydropiperlonguminine; Piperlonguminine', ""N-[3-(6'-methoxy-3',4'-methy-lenedioxyphenyl)-2(Z)-propenoyl]pyrrolidine"", '(E)-piplartine', '4,5-dihydropiperyline', '(Z)-piplartine; 8(Z)-N-(12,13, 14-trimethoxycinnamoyl)- 3-pyridin-2-one', '(3Z,5Z)-N-isobutyl-8-(30,40-methylenedioxy-phenyl)-heptadienamide', 'Pellitorine', '(+)-Erythravine', '(+)-11α-Hydroxyerythravine', '(+)-α-Hydroxyerysotrine', 'Kaempferol-3-O-α-L-rhamnopyranosyl-(1→6)-β-D-galactopyranoside', 'Kaempferol-3-O-rutinoside', 'Catechin, Ent-catechin', '6-Hydroxy-rutin', 'Procyanidin B-3', 'Kaempferol-3-O-α-L-rhamnopyranosyl-(1-6)-α-L-rhamnopyranosyl-(1-4)-β-D-glucopyranoside', 'Quercetin-3-O-α-L-rhamnopyranosyl-(1→6)-β-D-galactopyranoside', 'Kaempferol-3-O-D-glucopyranoside', 'Kaempferol-3-O-D-galactopyranoside', ""Aduncumene; Methyl 2-methoxy-5-(3'-methyl-1'-oxo-2'-butenyl)benzoate"", ""4-Hydroxy-(3',7'-dimethyl-1'-oxo-octa-2'-Z-6'-dienyl)benzoic acid"", ""Methyl 4-hydroxy-3-(3'-methyl-2'-hydroxy-3'-butenyl)benzoate"", ""4-Hydroxy-3-(3',7'-dimethylocta-2'-E-6'-dienyl)benzoic acid"", 'Piperaduncine B', ""Hostmaniene; 4-Hydroxy-3-(2',3'-dihydroxy-3'-methylbutyl)benzoate"", ""Methyl taboganate; Methyl 4-hydroxy-3-(3'-methyl-1'-oxo-2'-butenyl)benzoate"", ""Methyl 4-hydroxy-3-(3'-methyl-2'-butenyl)benzoate"", '3,4,5-Trimethoxydihydrocinnamic acid', 'Methyl 2,2-dimethyl-1-oxo-2H-1-benzopyran-6-carboxylate', ""2',6'-Dihydroxy-4'-methoxydihydrochalcone"", '5,7-dimethoxy-2,2-dimethyl-2H-1-benzopyran-6-propanoic acid', 'Aphidicolin', 'Isopimpinellin', '3,4-dehydro-strictosidine', 'Harman-3-carboxylic acid', '3,4-dehydrostrictosidine acid', 'Cordifoline', 'Turbinatine', 'Strictosidine acid', '5α-carboxystrictosidine', 'Deoxycordifoline', 'Taraxerol acetate', 'Methyl (3R,4R,5R)-3-{[(2E)-3-(3,4-dihydroxyphenyl)-2-propenoyl]oxy}-1,4,5-trihydroxycyclohexanecarboxylate', 'Methyl (3R,4R,5R)-3-{[(2Z)-3-(3,4-dihydroxyphenyl)-2-propenoyl]oxy}-1,4,5-trihydroxycyclohexanecarboxylate', 'Beauvericin', 'Anhydrofusarubin', ""3',4',5',3,5,7,8-heptamethoxyflavone"", ""3,5,6,7,3',4',5'-heptamethoxyflavonol"", '1-methoxy-3-hydroxy-3,10b-4,5a-diepoxy-8b-isobutyroyloxygermacr-11(13)-en-6a,12-olide', 'Tagitinin C', ""4-Hydroxy-3-(3',7'-dimethyl-3'-hydroxy-1'-oxo-6'-octenyl)benzoic acid"", ""1,4-Dihydroxy-2-(3',7'-dimethyl-1'-oxo-2'-E-6'-octadienyl)benzene"", ""Isosakuranetin; 5,7-dihydroxy-4'-methoxyflavanone"", ""4-Hydroxy-(3',7'-dimethyl-1'-oxo-octa-2'-E-6'-dienyl)benzoic acid"", ""Sakuranetin; 5,4'-dihydroxy-7-methoxyflavanone"", 'Nilocetin', 'Hispidol A', 'Pentaol', '3,11-dioxoolean-12-en-28- onic acid', 'cryptomeridiol', 'Iso-odoratol', 'Piscidinol A', 'Oleanonic acid', 'astilbin; Rel-(2R, 3R)-dihydroquercetin-3-O-±-L-rhamnoside', '4-metoxi-6-[2-(metilamino)fenil]- 2H-piran-2-ona', 'Stearic acid 4-pentoyloxyphenethyl ester', 'Clusifoliol', ""Isoswertisin-4'-methyl-ether-2''α-L-rhamnoside"", '2-Episesalatin', ""Isoswertisin-2''α1-L-rhamnoside"", 'Sesartemin', '8-hydroxy-6-methoxy-3-methylisocoumarin', 'Ergosterol peroxide', '(22E,24R)-ergosta-4,6,8(14),22-tetraen-3-one', 'Dimethyl terephthalate', 'Pimara-7,15-dien-3β-ol', 'β-caryophyllene, trans-caryophyllene', 'Methacrylic acid', 'Cusculine; 1,2,3,5,6-pentamethoxy-9-acridone', 'Cuspanine; 1-hydroxy-2,3,5,6-tetramethoxy-9-acridone', '2α,3α-Dihydroxy-urs-12-en-28-oic acid', 'Oleanolic acid 3-sophoroside', '3-O-β-D-(6’-methyl)-glucopyranosyl-28-O-β-D-glucopyranosyl-oleanate', 'β-Sitosterol benzoate', '5-hydroxyflavone', '2-phenyl-4H-chromen-4-one', 'Haplotusine', 'Sinapyl 4-O-β-D-glucopyranoside aldehyde', 'N-acetylnonaine', 'Sinapyl 4-O-β-D-glucopyranoside alcohol', 'Liriodenine', '[10]-gingerol', ""2,4-Dihydroxy-6-[(1'E,3'E)-penta-1', 3'-dienyl]-benzaldehyde"", '2-methyl-5-[8(Z)-pentadecenyl]resorcinol', 'Kaempferol', '2-hydroxyphenylacetic acid', '3-O-β-D-quinovopyranosyl quinovic acid', '(4R)-4,8-dihydroxy-α-tetralone', 'scillascillin', 'Chlorogenic acid', 'Chalepin', 'Kokusaginine', ""2-(2'-O-trans-caffeoyl)-C-β-D-glucopyranosyl-1,3,6,7-tetrahydroxyxanthone"", 'Netzahualcoyene', 'Casearin X Dialdehyde; (2R*,4aS*,5S*,7R*,8R*,8aS*)-4,4a-Diformyl-1,2,4a,5,6,7,8,8a-octahydro-5-hydroxy-7,8-dimethyl-8-[(2Z)-3-methylpenta-2,4-dien-1-yl]naphthalen-2-yl Butanoate', 'polypodine B', 'n-Propyl gallate', 'Leptomerine', '5-hydroxy-N-methylseverifoline', '19,20-Epoxycytochalasin N', 'ellagic acid 4-O-α-L-rhamnopyranoside; eschweilenol C', 'Mayoside C', 'Ourateacatechin', ""3',4',5',5,7-pentamethoxyflavone"", '2-methyl-5-pentadecylresorcinol', '3β-hydroxy-stigmast-5-en-7-one; 24-β-7-oxositosterol', ""Pterogynoside; Kaempferol-3-O-(3''-O-4'''-methylgallate-α-L-rhamnoside)"", 'Isobutyl gallate', '7′-multijuguinone', 'Griseofulvin', ""7-Hydroxy-4',6-dimethoxyisoflavone; Afrormosin; Afromosin"", '8-methoxymellein', '(±)-Syringaresinol', 'fraxinellonone', 'Quercetin', ""2-(2'-O-trans-cinnamoyl)-C-β-D-glucopyranosyl-1,3,6,7-tetrahydroxyxanthone"", 'Ocotillone', 'des-N-methylnoracronycine', 'Sorbifolin 6-O-β-glucopyranoside', 'Rel-2α-hydroxyzuelanin-6β-benzoate', '2,6-di-O-acetylcasearupestrin D', ""Methyl-2,2-dimethyl-8-(3'-methylbut-2'-enyl)chroman-6-carboxylate"", '2,7-Di-O-acetylcasearupestrin A', 'Nitensidine B', '1-methyl-2-n-nonyl-4-quinolone', '5-[8(Z),11(Z),14-pentadecatrienyl]resorcinol', 'Nitensidine A', ""8-hydroxy-3,5,7,3',4',5'-hexamethoxyflavonol"", 'Odoratol', 'Cytochalasin D', 'Isoorientin', 'Uracil', 'Maculosidine', 'Podocarpusflavone A', 'Casearupestrin C', '6α-malonyloxy-n-butyl ester manoyl oxide', 'citrusinine-I', 'Ricinine', 'Leptophyllin A', '5-pentadecylresorcinol', 'urauchimycin B', 'Homoegonol', '[8]-gingerol', '4-Hydroxymellein', '5-hydroxymellein', 'Pristimerin; 20α-3-hydroxy-2-oxo-24-nor-friedela-1-10,3,5,7-tetraen-carboxylic acid-29-methylester', '3,4,5-trimethoxyphenyl 1-O-β-D-apiofuranosyl-(1→6)-O-β-D-glucopyranoside', 'β-photogedunin', 'n-Butyl gallate', 'Dibenzyl sulphide', '(-) Cis-4-hydroxy-6-deoxyscytalone', 'Plumericin', '5-[8(Z),11(Z)-pentadecadienyl]resorcinol', '(-)-Spectalinine', '19,20-Epoxycytochalasin D', 'fumiquinozoline F', 'Kaempferol 3-O-α-L-rhamnopyranosyl (1→6)-O-[β -D-glucopyranosyl (1→3)-O-α-L-rhamnopyranosyl-(1→2)]-O-β -D-glucopyranosyl', '3β-O-[α-L-rhamnopyranosyl-(1→2)-O-β-D-glucopyranosyl-(1→2)-O-β-D-glucopyranosyl]-28-O-β-D-glucopyranoside pomolate', 'Dibenzyl tetrasulphide', ""2',5-dihydroxy-3-methoxy-8-dimethylallyl-6, 7-(2' ',2''-dimethylpyrano)-dihydroflavonol"", '2-n-nonyl-4-quinolone', 'Heveaflavone', 'Arboreumine', '3-Oxoursolic acid', 'Casearupestrin B', 'toonacilin', 'Pedalitin', 'urauchimycin A', 'p-Coumaric acid', '(-)-Epigallocatechin', 'Netzahualcoyonol', '1-[3-(3,7-dimethylocta-2,6-dien-1-yl)-2,4,6- trihydroxyphenyl]-3-(4-hydroxyphenyl)propan-1-one', '6α-malonyloxymanoyl oxide', 'Benzylhydroxymethyl sulphide', '1,6-di-O-caffeoyl-β-D-glucopyranoside', '2-methyl-5-[8(Z),11(Z),14-pentadecatrienyl]resorcinol', 'Netzahualcoyondiol', '1,2-dihydro- 3β-hydroxy-7-deacetoxy-7-oxogedunin', 'Photogedunin', 'Casearin X; (1R*,3S*,5S*,6aR*,7S*,8S*,10R*,10aR*)-1-(Acetyloxy)-3,5,6,6a,7,8,9,10-octahydro-10-hydroxy-7,8-dimethyl-7-[(2Z)-3-methylpenta-2,4-dien-1-yl]naphtho[1,8a-c]furan-3,5-diyl Dibutanoate', 'Skimmianine', 'p-hydroxybenzoic acid-geranyl ester', 'Dibenzyl disulphide', 'Proanthocyanidin', ""5-[3''-(β-D-glucopyranosyloxy)propyl]-7-methoxy-2-(3',4'-dimethoxyphenyl)benzofuran"", '3,12-Dihydroxycadalene', '7-hydroxy-3- (11-dimethylallyl)-8-methoxycoumarin', ""N-[7-(3',4'-methylenedioxyphenyl)-2(Z),4(Z)-heptadienoyl]pyrrolidine"", ""Acteoside; [β-3,4-dihydroxyphenyl)-ethyl]-(3'-O-α-L-rhamnopyranosyl)-(4'-O-cafeoyl)-β-D-glycopyranoside, verbascoside"", '20-hydroxyecdysone; polypodine A', '3-Acetyl aleuritolic acid', 'Alkenoic acid', 'Quercetin 3-O-α-L-rhamnopyranosyl (1→6)-O-[β -D-glucopyranosyl (1→3)-O-α-L-rhamnopyranosyl-(1→2)]-O-β -D-glucopyranosyl', 'Quercitrin, 3-O-α-rhamnosylquercetin', 'Caseobliquin A', 'Methyl angolensate', ""5-(3'' -Hydroxypropyl)-7-methoxy-2-(3',4' -methyl-enedioxyphenyl)benzofuran"", '22β-hydroxypristimerin', '1- (5,7-dihydroxy-2,2-dimethylchroman-6-yl)-3-(2,2-dimethylchroman- 6-yl)propan-1-one', 'Canavaline', 'Di-hydrodehydrodiconiferyl alcohol', '1-O-(E)-feruloyl-β-D-glucopyranoside', '19,20-Epoxycytochalasin C', 'n-Pentyl gallate', 'Orcinol', 'Periconicin B', 'Phomopsilactone', ""(2S)-8-Isopentyl-2-methyl-2-(4'-methylpentyl)chroman-6-carboxylic acid"", '2,2-dimethyl-2H-chromene-6-carboxylic acid', 'α-L-xylopyranosyl-(4""→20)-(3-O-β-D-glucopyranosyl)-1\'-O-E-caffeoyl-β-D-glucopyranoside', ""2-(R)-Methyl-6-(S)-(tetradecyl-13'-one)-3(R)-O-tert-butyldimethylsilyl-piperidine"", '(2S)-Methyl-2-methyl-8-(3""-methylbut-2""-enyl)-2-(4\'-methylpent-3\'-enyl)-2H-chromene-6-carboxylate', 'Casearin T', 'Piperyline, N-[10-(13,14-methylenedioxyphenyl)-7(E),9(E)-pentadienoyl]-pyrrolidine', 'ω-fenil alcanoic acid', '2-butyl-D-fructofuranoside', ""Gaudichaudianic acid; (2S)-2-methyl-2-(4'methyl-3'-pentenyl)-8-(3''-methyl-2-butenyl)- 2H-1-benzopyran-6-carboxylic acid"", 'limonexic acid', 'Di(benzyltrithio) methane', '28-O-β-D-glucopyranosyl quinovic acid', '2-Methyl-4-hydroxy-butyl caffeoate', 'N-1,N-2,N-3-Triisopentenylguanidine', 'Dibenzyl trisulphide', 'Maytenin, Tingenone', 'Gallic acid; 3,4,5-trihydroxybenzoic acid', '(3R,4R)-3,4-Dihydro-4,6-dihydroxy-3-methyl-1-oxo-1H-isochromene-5-carboxylic acid', '24-methylene-3,22-dihydroxycholesterol', 'amorphispironone', 'Casearupestrin D', 'Chaetoglobosin B', ""2-(2'-O-benzoyl)-C-β-D-glucopyranosyl-1,3,6,7-tetrahydroxyxanthone"", 'Isoplumericin', '6α-acetoxy-14β,15β-epoxyazadirone', 'epoxy-fraxinellone', '12′-hydroxy-7′-multijuguinone', 'Kaempferitrin', 'Nitensidine C', 'neoisoastilbin', '(R)-7-Hydroxymellein', '6α-acetoxymanoyl oxide', 'Methyl-8-hydroxy-2,2-dimethylchroman-6-carboxylate', '2-methyl-5-[8(Z),11(Z)-pentadecadienyl]resorcinol', 'Methyl 6,7,8-trimethoxydihydrocinnamate', '2-Hexyl-3-methyl-butanodioic acid', 'fraxinellone', '6-[ 8(Z),11(Z) -pentadecadienyl] salicylic acid', 'N-[10-(13,14-methylenedioxyphenyl)-7(E),9(Z)-pentadienoyl]-pyrrolidine', '6-[8(Z)-pentadecenyl]salicylic acid', '(2S)-2-methyl-8-(3""-methylbut-2""-enyl)-2-(4\'-methylpent-3\'-enyl)-2H-chromene-6-carboxylic acid', 'Burchellin', '5-[8(Z)-pentadecenyl]resorcinol', 'Luteolin; 2-(3,4-dihydroxyphenyl)-5,7-dihydroxy-4H-chromen-4-one', 'Sinapic acid', '19,20-Epoxycytochalasin Q', '19,20-Epoxycytochalasin R', '3,11,12-Trihydroxycadalene', 'Quercetin 3-O-sophoroside', '11β-acetoxyobacunone', '1-(5,7-dihydroxy-2,2-dimethylchroman- 6-yl)-3-[4-hydroxy-3-(3-methylbut-2-en-1-yl)- phenyl]propan-1-one', 'Muraxanthone', '3,4,5-Triacetoxybenzoic acid', 'Odoratone', 'Rel-6β-hydroxyzuelanin-2β-benzoate', 'shidasterone', '5-hydroxymethyl- 2-furancarboxaldehyde; 5-hydroxymethyl-2-furfuraldehyde', 'atalaphyllinine', 'N-[10- (13,14-methylenedioxyphenyl)-7(E)-pentaenoyl]-pyrrolidine', '2-Methyl-5-methoxy-benzopyran-4-one', '3,4-dihydroxybenzoic acid geranyl ester', 'Gedunin', 'Pedalin, pedalitin 6-O-β -glucopyranoside', 'Caseargrewiin F; (1R*,3S*,5S*,6aR*,7S*,8R*,10R*,10aR*)-1,3-Bis(acetyloxy)-3,5,6,6a,7,8,9,10-octahydro-10-hydroxy-7,8-dimethyl-7-[(2Z)-3-methylpenta-2,4-dien-1-yl]naphtho[1,8a-c]furan-5-yl Butanoate', 'Dipropyl disulphide', '1-(5,7-dihydroxy-2,2-dimethylchroman-6-yl)-3-(1,1,4a-trimethyl-2,3,4,4a,9a-hexahydro-1H-xanthen-7-yl)propan-1-one', 'Methyl (E)-6,7,8-trimethoxycinnamate', '3,4,5-Trimethoxyphenyl-1-O-β-D-(5-O-syringoyl)-apiofuranosyl-(1→6)-β-D-glucopyranoside', '6-[8(Z),11(Z),14-pentadecatrienyl]salicylic acid', 'Casearin L; (1R*,3S*,5S*,6aR*,7R*,8R*,9S*,10S*,10aR*)-1,10-Bis(acetyloxy)-3,5,6,6a,7,8,9,10-octahydro-9-hydroxy-5-methoxy-7,8-dimethyl-7-[(2Z)-3-methylpenta-2,4-dien-1-yl]naphtho[1,8a-c]-furan-3-yl Butanoate', 'Platydesmine', 'Leiokinine A', 'Cabraleadiol', 'schaftoside', ""(2S)-Methyl-8-isopentyl-2-methyl-2-(4'-methylpentyl)chroman-6-carboxylate"", 'Casearupestrin A', '2-oxo-piperol B; (7S*, 8R*, 1R*, 3R*)-3,4,5-trimethoxy-3,7-cyclo-8,1-neolig-8-ene-2,4(3H)-dione', 'taxifolin', ""(2'S)-2-(propan-2'-ol)-5-hydroxy-benzopyran-4-one"", 'Rel-(+)-(7S,9R,10S)-3,9,12-trihydroxycalamenene', 'Casearin S', ""Myrsinoic acid A, 3-Geranyl-4-hydroxy-5-(3'',3''-dimethylallyl)benzoic acid"", '20α-Hydroxymaytenin; 20-hydroxy-20-epi-tingenone', '(-)-Epigallocatechin-3-O-gallate', 'Casearin D; (1R*,3S*,5S*,6aR*,7R*,8R*,9S*,10S*,10aR*)-1-(Acetyloxy)-3,5,6,6a,7,8,9,10-octahydro-5,10-dihydroxy-7,8-dimethyl-7-[(2Z)-3-methylpenta-2,4-dien-1-yl]naphtho[1,8a-c]furan-3,9-diyl Dibutanoate', 'Rel. (+)-(7S,10S) 3,12-dihydroxycalamenene', '(3R,4R)-4,7-Dihydroxymellein', ""Nitensoside B; Pedalitin 6-O-α-rhamnopyranosyl(1'''→6'')-β-glucopyranoside"", 'Methyl gallate', '3-O-β-D-quinovopyranosyl cincholic acid', 'Afzelin, 3-O-α-rhamnosyl kaempferol', 'Egonol', '4-Nerolidilcatechol', ""2-(2'-O-transcoumaroyl)-C-β-D-glucopyranosyl-1,3,6,7-tetrahydroxyxanthone"", 'Syringic acid', '(+)-3-O-feruloylcassine', 'Amentoflavone', 'Amentoflavone 7”,4”’-dimethyl ether', 'Picramnioside F', 'Lauryl gallate', 'Syringaldehyde', '22-hydroxytirucalla-7,24-diene-2,3-dione', 'Trans-3’-methylsulphonylallyl trans-cinnamate', '(3-(2-(4-hydroxyphenyl)-2-oxoethyl)-5,6-dihydropyridin- 2(1H)-one)', 'Mangiferin', 'Viburgenin', 'Sorbifolin', ""Nitensoside A; Sorbifolin 6-O-α-rhamnopyranosyl(1'''→6'')-β-glucopyranoside"", 'Casearin O; (1R*,3S*,5S*,6aR*,7R*,8R*,9S*,10S*,10aR*)-1,10-Bis(acetyloxy)-5-methoxy-7,8-dimethyl-7-[(2Z)-3-methylpenta-2,4-dien-1-yl]-3,5,6,6a,7,8,9,10-octahydronaphtho[1,8a-c]furan-3,9-diyl Dibutanoate', 'germacrene D', 'Salacin', '6-pentadecylsalicylic acid', 'Methyl-2,2-dimethylchroman-6-carboxylate', ""3',4',5',5,7,8-hexamethoxyflavone"", 'Isopropyl gallate', '6β-hydroxy-7-epigardoside methyl ester', 'Tetrahydropiperyline, N-[10-(13,14-methylenedioxyphenyl)-pentanoyl]-pyrrolidine', 'Piperovatine', '2,4,6-trimethoxybenzoic acid', '1-O-(E)-caffeoyl-β-D-glucopyranoside', 'Piperol B', '(-)-Hardwickiic acid', ""5-[3''-(β-D-glucopyranosyloxy)propyl]-7-methoxy-2-(3',4'-methylenedioxyphenyl)benzofuran"", 'carlinoside', 'Methyl-8-(ethanoyloxy)-2,2-dimethyl-2H-chromene-6-carboxylate', '2β-Hydroxyzuelanin-6β-cinnamate', 'arjunolic acid', 'stachysterone', 'Ethyl 2,4-dihydroxy-5,6-dimethylbenzoate', 'Cyclo-(L-Pro-L-Val)', 'Acetonide of odoratol', '(−)-Grandisin', '24-methylenecycloartan-3b-ol', 'Ixoside', 'Cognatine', 'Fagaramide']]",doi_name
"['10.1016/S0014-5793(02)02700-X', 'Chalepin']","['10.1016/S0014-5793(02)02700-X', ['guaiol', 'Hinesol', 'γ-eudesmol', 'α-eudesmol', 'Galioside aglicone', 'Teucrein', '11-O-trans-feruloylteucrein', 'Galioside', 'Apodanthoside', 'Citrusinine-II', 'Glycocitrine-IV', 'Pyranofoline', '1,3,5-trihydroxy- 2,8-bis(3-methylbut-2-enyl)-10-methyl-9-acridone', '3,4-dihydro-3,5,8-trihydroxy-6-methoxy-2,2,7-trimethyl-2Hpyrano[ 2,3-a]acridin-12(7H)-one', 'Citrusinine-I', '5-hydroxynoracronycine; Atalaphyllidine', 'Glycocitrine-I', '1,3,5-trihydroxy-4-methoxy-10-methyl- 2,8-bis(3-methylbut-2-enyl)acridin-9(10H)-one', 'Chlorogenic acid methyl ester, Methyl (1S,3R,4R,5R)-3-{[(2E)-3-(3,4-dihydroxyphenyl)-2-propenoyl]oxy}-1,4,5-trihydroxycyclohexanecarboxylate', '5,7-dimethoxy-2,2-dimethyl-2H-1-benzopyran-6-propanoate', '5,7-dimethoxy-2,2-dimethyl-2H-1-benzopyran-6-propanoic acid', '9-hydroxyeugenin', 'Mycoleptone A', 'Eugenitin', '6-methoxyeugenin', 'Mycoleptone A tetraacetate', 'Mycoleptone B', 'Austdiol', 'Austdiol diacetate', 'Methyl (3R,4R,5R)-3-{[(2E)-3-(3,4-dihydroxyphenyl)-2-propenoyl]oxy}-1,4,5-trihydroxycyclohexanecarboxylate', 'Methyl (3R,4R,5R)-3-{[(2Z)-3-(3,4-dihydroxyphenyl)-2-propenoyl]oxy}-1,4,5-trihydroxycyclohexanecarboxylate', '7-Methoxydiderroside', 'Diderroside', ""6'-Acetyl-β-D-glucopyranosyldiderroside"", 'Secoxyloganin', ""4-Methoxy-3-(3',7'-dimethylocta-2'-E-6'-dienyl)benzoic acid"", 'Methyl-8-hydroxy-2,2-dimethyl-2H-chromene-6-carboxylate', ""3-(3',7 '-dimethyl-2',6 '-octadienyl)-4-methoxy-benzoic acid"", 'cyclo (L)-Pro-Gly', 'Oleanonic acid', 'Iso-odoratol', 'Pentaol', 'Piscidinol A', '3,11-dioxoolean-12-en-28- onic acid', 'cryptomeridiol', 'Hispidol A', 'Nilocetin', 'astilbin; Rel-(2R, 3R)-dihydroquercetin-3-O-±-L-rhamnoside', 'Xanthyletin', '(-)-3-O-acetyl-spectaline', 'Taraxerol acetate', ""3',4'-methylenedioxy-5,6,7- trimethoxyflavone"", ""3',4'-methylenedioxy-5,5',6,7-tetramethoxyflavone"", ""2'-hydroxy-3,4,4'-trimethoxy-5',6'-(2'',2''-dimethylpyrano)-chalcone"", ""3',4'-methylenedioxy-5,7-dimethoxyflavone"", '(+)-Erythravine', '(+)-11α-Hydroxyerythravine', '(+)-α-Hydroxyerysotrine', '2α,3α,19α- trihydroxyurs-12-en-28-oic acid', 'penduletin 4-O-methyl ether', '3,3-O-dimethylquercetin', 'acacetin', 'p-hydroxybenzoic acid', 'Chrysoeriol', '3,7,4-O-trimethylkaempferol', '3-O-methylquercetin', '2α,3α-dihydroxyolean-12- en-28-oic acid', 'Anhydrofusarubin', 'Beauvericin', 'Clusifoliol', ""Isoswertisin-4'-methyl-ether-2''α-L-rhamnoside"", ""Isoswertisin-2''α1-L-rhamnoside"", '2-Episesalatin', 'Sesartemin', 'Aphidicolin', 'Stearic acid 4-pentoyloxyphenethyl ester', '2-n-Pentylquinoline', '2-n-Propylquinoline', ""2-(1'-pentenyl)-Quinoline"", ""2-(3',4'-methylenedioxyphenylethyl)-Quinoline"", ""4-Hydroxy-3-(3',7'-dimethylocta-2'-E-6'-dienyl)benzoic acid"", ""2',6'-Dihydroxy-4'-methoxydihydrochalcone"", ""Methyl taboganate; Methyl 4-hydroxy-3-(3'-methyl-1'-oxo-2'-butenyl)benzoate"", 'Methyl 2,2-dimethyl-1-oxo-2H-1-benzopyran-6-carboxylate', '3,4,5-Trimethoxydihydrocinnamic acid', ""Methyl 4-hydroxy-3-(3'-methyl-2'-butenyl)benzoate"", ""Hostmaniene; 4-Hydroxy-3-(2',3'-dihydroxy-3'-methylbutyl)benzoate"", 'Piperaduncine B', ""Methyl 4-hydroxy-3-(3'-methyl-2'-hydroxy-3'-butenyl)benzoate"", ""Aduncumene; Methyl 2-methoxy-5-(3'-methyl-1'-oxo-2'-butenyl)benzoate"", ""4-Hydroxy-(3',7'-dimethyl-1'-oxo-octa-2'-Z-6'-dienyl)benzoic acid"", '21β,25-dimethylmelianodiol', '3,21-Di-epi-feroniellide B', '21α,25-dimethylmelianodiol', ""4-Hydroxy-3-(3',7'-dimethyl-3'-hydroxy-1'-oxo-6'-octenyl)benzoic acid"", ""4-Hydroxy-(3',7'-dimethyl-1'-oxo-octa-2'-E-6'-dienyl)benzoic acid"", ""1,4-Dihydroxy-2-(3',7'-dimethyl-1'-oxo-2'-E-6'-octadienyl)benzene"", ""Sakuranetin; 5,4'-dihydroxy-7-methoxyflavanone"", ""Isosakuranetin; 5,7-dihydroxy-4'-methoxyflavanone"", 'Methacrylic acid', '17-(3,4-Methylenedioxyphenyl)-heptadecanoic acid', ""7,4'-Dimethoxyflavone"", '21´-(3,4-Methylenedioxyphenyl)-henicosanoic acid', '(+)-Guaiacin', 'Sargachromenol', '19´-(3,4-Methylenedioxyphenyl)-nonadecanoic acid', 'Sargaquinoic acid', ""7,4'-Dihydroxyflavone"", 'Farnisine', ""Juruenolic acid; 2-(4'-Methylpentenyl-3)-10-oxoundecan-2,6-dienoic acid"", 'Fasciculiferin', 'Tithonine', 'bis-5-hydroxyacronycine', '2,3-dihydro-4,9-dihydroxy-2-(2-hydroxy-propan-2-yl)- 11-methoxy-10-methylfuro[3,2-b]acridin-5(10H)-one', 'Citibrasine', 'Catechin, Ent-catechin', 'Kaempferol-3-O-α-L-rhamnopyranosyl-(1→6)-β-D-galactopyranoside', 'Kaempferol-3-O-rutinoside', 'Kaempferol-3-O-α-L-rhamnopyranosyl-(1-6)-α-L-rhamnopyranosyl-(1-4)-β-D-glucopyranoside', '6-Hydroxy-rutin', 'Quercetin-3-O-α-L-rhamnopyranosyl-(1→6)-β-D-galactopyranoside', 'Kaempferol-3-O-D-galactopyranoside', 'Procyanidin B-3', 'Kaempferol-3-O-D-glucopyranoside', 'Nectandrin B', 'Epi-guaiacin', 'Verrucosin', '7-Methyl-sargachromenol; 2,7,8-Trimethyl-2-[(3-E,7-Z)-4,12-dimethyl-8-carboxyl-3,7,11-tridecatrienyl]-3-chromen-6-ol, β-caroteno', 'Nitensidine D', 'Nitensidine E', 'Isopimpinellin', ""3,4-dimethyl-2-(4'-hydroxy-3',5'-dimethoxyphenyl)-5-methoxy-tetrahydrofuran"", '1-methoxy-3-hydroxy-3,10b-4,5a-diepoxy-8b-isobutyroyloxygermacr-11(13)-en-6a,12-olide', 'Tagitinin C', 'Pimara-7,15-dien-3β-ol', '(22E,24R)-ergosta-4,6,8(14),22-tetraen-3-one', '8-hydroxy-6-methoxy-3-methylisocoumarin', 'Ergosterol peroxide', 'Dimethyl terephthalate', '(3Z,5Z)-N-isobutyl-8-(30,40-methylenedioxy-phenyl)-heptadienamide', 'Pellitorine', 'Piperine', '10,11-dihydropiperine; Δα,β-dihydropiperine', '8,9-dihydropiplartine; N-(12,13,14-trimethoxydihydrocinnamoyl)-Δ3-pyridin-2-one', ""N-[3-(6'-methoxy-3',4'-methy-lenedioxyphenyl)-2(Z)-propenoyl]pyrrolidine"", '4,5-dihydropiperyline', '4,5-dihydropiperlonguminine; Piperlonguminine', '(Z)-piplartine; 8(Z)-N-(12,13, 14-trimethoxycinnamoyl)- 3-pyridin-2-one', '(E)-piplartine', ""Rel-(7R,8S,7'S,8'S)-9-hydroxy-4',5'-methylenedioxy-3,4,5,3'-tetramethoxy-7,7'-epoxylignan"", ""Rel-(7R,8S,7'S,8'S)-4',5'-methylenedioxy-3,4,5,3'-tetramethoxy-7,7'-epoxylignan"", ""Rel-(7R,8S,7'S,8'S)-4-hydroxy-4',5'-methylenedioxy-3,5,3'-trimethoxy-7,7'-epoxylignan"", ""Rel-(7R,8S,7'S,8'S)-4'-hydroxy-3,4,5,3',5'-pentamethoxy-7,7'-epoxylignan"", ""Rel-(7R,8S,7'S,8'S)-4,5,4',5'-dimethylenedioxy-3,3'-dimethoxy-7,7'-epoxylignan"", ""3,5,6,7,3',4',5'-heptamethoxyflavonol"", ""3',4',5',3,5,7,8-heptamethoxyflavone"", 'α-Gardiol', 'Ferulic acid', 'β-Gardiol', 'Turbinatine', '3,4-dehydrostrictosidine acid', 'Deoxycordifoline', 'Strictosidine acid', 'Harman-3-carboxylic acid', '3,4-dehydro-strictosidine', '5α-carboxystrictosidine', 'Cordifoline', '4-metoxi-6-[2-(metilamino)fenil]- 2H-piran-2-ona', 'β-caryophyllene, trans-caryophyllene', 'Cusculine; 1,2,3,5,6-pentamethoxy-9-acridone', 'Cuspanine; 1-hydroxy-2,3,5,6-tetramethoxy-9-acridone', '2α,3α-Dihydroxy-urs-12-en-28-oic acid', '3-O-β-D-(6’-methyl)-glucopyranosyl-28-O-β-D-glucopyranosyl-oleanate', 'Oleanolic acid 3-sophoroside', 'Haplotusine', '5-hydroxyflavone', '2-phenyl-4H-chromen-4-one', 'β-Sitosterol benzoate', 'Sinapyl 4-O-β-D-glucopyranoside aldehyde', 'Sinapyl 4-O-β-D-glucopyranoside alcohol', 'N-acetylnonaine', 'Liriodenine', '[10]-gingerol', ""2,4-Dihydroxy-6-[(1'E,3'E)-penta-1', 3'-dienyl]-benzaldehyde"", '3β-hydroxy-stigmast-5-en-7-one; 24-β-7-oxositosterol', 'scillascillin', 'Gallic acid; 3,4,5-trihydroxybenzoic acid', 'Quercitrin, 3-O-α-rhamnosylquercetin', 'Caseobliquin A', 'Methyl angolensate', ""5-(3'' -Hydroxypropyl)-7-methoxy-2-(3',4' -methyl-enedioxyphenyl)benzofuran"", '22β-hydroxypristimerin', '1- (5,7-dihydroxy-2,2-dimethylchroman-6-yl)-3-(2,2-dimethylchroman- 6-yl)propan-1-one', 'Canavaline', 'Di-hydrodehydrodiconiferyl alcohol', 'Quercetin', ""2-(2'-O-trans-cinnamoyl)-C-β-D-glucopyranosyl-1,3,6,7-tetrahydroxyxanthone"", 'Kokusaginine', ""8-hydroxy-3,5,7,3',4',5'-hexamethoxyflavonol"", 'Odoratol', 'Leptomerine', '5-hydroxy-N-methylseverifoline', '19,20-Epoxycytochalasin N', 'ellagic acid 4-O-α-L-rhamnopyranoside; eschweilenol C', 'Mayoside C', 'Ourateacatechin', ""3',4',5',5,7-pentamethoxyflavone"", '2-methyl-5-pentadecylresorcinol', 'Acetonide of odoratol', '(−)-Grandisin', '24-methylenecycloartan-3b-ol', 'Ixoside', 'Cognatine', 'Fagaramide', 'Sorbifolin 6-O-β-glucopyranoside', 'Rel-2α-hydroxyzuelanin-6β-benzoate', '2,6-di-O-acetylcasearupestrin D', ""Methyl-2,2-dimethyl-8-(3'-methylbut-2'-enyl)chroman-6-carboxylate"", '2,7-Di-O-acetylcasearupestrin A', 'Nitensidine B', '1-methyl-2-n-nonyl-4-quinolone', '5-[8(Z),11(Z),14-pentadecatrienyl]resorcinol', 'Piperol B', '(-)-Hardwickiic acid', ""5-[3''-(β-D-glucopyranosyloxy)propyl]-7-methoxy-2-(3',4'-methylenedioxyphenyl)benzofuran"", '28-O-β-D-glucopyranosyl quinovic acid', '2-Methyl-4-hydroxy-butyl caffeoate', 'N-1,N-2,N-3-Triisopentenylguanidine', 'Dibenzyl trisulphide', 'Nitensidine A', 'Dibenzyl tetrasulphide', ""2',5-dihydroxy-3-methoxy-8-dimethylallyl-6, 7-(2' ',2''-dimethylpyrano)-dihydroflavonol"", ""2-(2'-O-trans-caffeoyl)-C-β-D-glucopyranosyl-1,3,6,7-tetrahydroxyxanthone"", 'Netzahualcoyene', 'Casearin X Dialdehyde; (2R*,4aS*,5S*,7R*,8R*,8aS*)-4,4a-Diformyl-1,2,4a,5,6,7,8,8a-octahydro-5-hydroxy-7,8-dimethyl-8-[(2Z)-3-methylpenta-2,4-dien-1-yl]naphthalen-2-yl Butanoate', 'polypodine B', 'n-Propyl gallate', ""3',4',5',5,7,8-hexamethoxyflavone"", 'Isopropyl gallate', '6β-hydroxy-7-epigardoside methyl ester', 'Tetrahydropiperyline, N-[10-(13,14-methylenedioxyphenyl)-pentanoyl]-pyrrolidine', 'Piperovatine', '2,4,6-trimethoxybenzoic acid', '1-O-(E)-caffeoyl-β-D-glucopyranoside', 'Ocotillone', 'des-N-methylnoracronycine', '5-[8(Z),11(Z)-pentadecadienyl]resorcinol', '(-)-Spectalinine', 'Uracil', 'Maytenin, Tingenone', 'Maculosidine', 'Podocarpusflavone A', 'Casearupestrin C', '6α-malonyloxy-n-butyl ester manoyl oxide', 'citrusinine-I', 'Ricinine', 'Leptophyllin A', '5-pentadecylresorcinol', '19,20-Epoxycytochalasin D', 'fumiquinozoline F', 'Kaempferol 3-O-α-L-rhamnopyranosyl (1→6)-O-[β -D-glucopyranosyl (1→3)-O-α-L-rhamnopyranosyl-(1→2)]-O-β -D-glucopyranosyl', '3β-O-[α-L-rhamnopyranosyl-(1→2)-O-β-D-glucopyranosyl-(1→2)-O-β-D-glucopyranosyl]-28-O-β-D-glucopyranoside pomolate', 'Alkenoic acid', 'Quercetin 3-O-α-L-rhamnopyranosyl (1→6)-O-[β -D-glucopyranosyl (1→3)-O-α-L-rhamnopyranosyl-(1→2)]-O-β -D-glucopyranosyl', 'Heveaflavone', 'Arboreumine', '2-n-nonyl-4-quinolone', 'Cytochalasin D', 'Isoorientin', 'urauchimycin B', 'Homoegonol', '[8]-gingerol', '4-Hydroxymellein', '5-hydroxymellein', 'fraxinellonone', 'Dibenzyl sulphide', '(-) Cis-4-hydroxy-6-deoxyscytalone', 'Plumericin', '7-hydroxy-3- (11-dimethylallyl)-8-methoxycoumarin', ""N-[7-(3',4'-methylenedioxyphenyl)-2(Z),4(Z)-heptadienoyl]pyrrolidine"", ""Acteoside; [β-3,4-dihydroxyphenyl)-ethyl]-(3'-O-α-L-rhamnopyranosyl)-(4'-O-cafeoyl)-β-D-glycopyranoside, verbascoside"", 'Pedalitin', '1-O-(E)-feruloyl-β-D-glucopyranoside', 'urauchimycin A', 'p-Coumaric acid', '(-)-Epigallocatechin', 'Netzahualcoyonol', '1-[3-(3,7-dimethylocta-2,6-dien-1-yl)-2,4,6- trihydroxyphenyl]-3-(4-hydroxyphenyl)propan-1-one', '6α-malonyloxymanoyl oxide', 'Benzylhydroxymethyl sulphide', '1,6-di-O-caffeoyl-β-D-glucopyranoside', '2-methyl-5-[8(Z),11(Z),14-pentadecatrienyl]resorcinol', '20-hydroxyecdysone; polypodine A', '3-Acetyl aleuritolic acid', 'Casearin X; (1R*,3S*,5S*,6aR*,7S*,8S*,10R*,10aR*)-1-(Acetyloxy)-3,5,6,6a,7,8,9,10-octahydro-10-hydroxy-7,8-dimethyl-7-[(2Z)-3-methylpenta-2,4-dien-1-yl]naphtho[1,8a-c]furan-3,5-diyl Dibutanoate', 'α-L-xylopyranosyl-(4""→20)-(3-O-β-D-glucopyranosyl)-1\'-O-E-caffeoyl-β-D-glucopyranoside', ""2-(R)-Methyl-6-(S)-(tetradecyl-13'-one)-3(R)-O-tert-butyldimethylsilyl-piperidine"", '(2S)-Methyl-2-methyl-8-(3""-methylbut-2""-enyl)-2-(4\'-methylpent-3\'-enyl)-2H-chromene-6-carboxylate', 'Casearin T', 'Piperyline, N-[10-(13,14-methylenedioxyphenyl)-7(E),9(E)-pentadienoyl]-pyrrolidine', '3-Oxoursolic acid', 'Casearupestrin B', 'toonacilin', 'Netzahualcoyondiol', 'Pristimerin; 20α-3-hydroxy-2-oxo-24-nor-friedela-1-10,3,5,7-tetraen-carboxylic acid-29-methylester', '3,4,5-trimethoxyphenyl 1-O-β-D-apiofuranosyl-(1→6)-O-β-D-glucopyranoside', 'β-photogedunin', 'n-Butyl gallate', ""5-[3''-(β-D-glucopyranosyloxy)propyl]-7-methoxy-2-(3',4'-dimethoxyphenyl)benzofuran"", '3,12-Dihydroxycadalene', 'Dibenzyl disulphide', 'Proanthocyanidin', 'neoisoastilbin', '(R)-7-Hydroxymellein', '6α-acetoxymanoyl oxide', 'Methyl-8-hydroxy-2,2-dimethylchroman-6-carboxylate', 'Di(benzyltrithio) methane', '19,20-Epoxycytochalasin C', 'n-Pentyl gallate', 'Orcinol', 'Periconicin B', 'Phomopsilactone', ""(2S)-8-Isopentyl-2-methyl-2-(4'-methylpentyl)chroman-6-carboxylic acid"", '2,2-dimethyl-2H-chromene-6-carboxylic acid', '1,2-dihydro- 3β-hydroxy-7-deacetoxy-7-oxogedunin', 'Photogedunin', 'amorphispironone', 'Casearupestrin D', 'Chaetoglobosin B', ""2-(2'-O-benzoyl)-C-β-D-glucopyranosyl-1,3,6,7-tetrahydroxyxanthone"", 'Isoplumericin', 'N-[10-(13,14-methylenedioxyphenyl)-7(E),9(Z)-pentadienoyl]-pyrrolidine', '6-[8(Z)-pentadecenyl]salicylic acid', '(2S)-2-methyl-8-(3""-methylbut-2""-enyl)-2-(4\'-methylpent-3\'-enyl)-2H-chromene-6-carboxylic acid', 'Burchellin', '5-[8(Z)-pentadecenyl]resorcinol', 'ω-fenil alcanoic acid', '2-butyl-D-fructofuranoside', ""Gaudichaudianic acid; (2S)-2-methyl-2-(4'methyl-3'-pentenyl)-8-(3''-methyl-2-butenyl)- 2H-1-benzopyran-6-carboxylic acid"", 'limonexic acid', 'Skimmianine', 'p-hydroxybenzoic acid-geranyl ester', '19,20-Epoxycytochalasin Q', '19,20-Epoxycytochalasin R', 'Muraxanthone', '3,4,5-Triacetoxybenzoic acid', 'Odoratone', 'Rel-6β-hydroxyzuelanin-2β-benzoate', 'shidasterone', '5-hydroxymethyl- 2-furancarboxaldehyde; 5-hydroxymethyl-2-furfuraldehyde', 'atalaphyllinine', 'N-[10- (13,14-methylenedioxyphenyl)-7(E)-pentaenoyl]-pyrrolidine', '2-Methyl-5-methoxy-benzopyran-4-one', '3,4-dihydroxybenzoic acid geranyl ester', '3,11,12-Trihydroxycadalene', 'Quercetin 3-O-sophoroside', '(3R,4R)-3,4-Dihydro-4,6-dihydroxy-3-methyl-1-oxo-1H-isochromene-5-carboxylic acid', '24-methylene-3,22-dihydroxycholesterol', '12′-hydroxy-7′-multijuguinone', 'Kaempferitrin', 'Nitensidine C', 'Dipropyl disulphide', '2-methyl-5-[8(Z),11(Z)-pentadecadienyl]resorcinol', 'Methyl 6,7,8-trimethoxydihydrocinnamate', '2-Hexyl-3-methyl-butanodioic acid', 'fraxinellone', '6-[ 8(Z),11(Z) -pentadecadienyl] salicylic acid', 'Gedunin', 'Pedalin, pedalitin 6-O-β -glucopyranoside', 'Caseargrewiin F; (1R*,3S*,5S*,6aR*,7S*,8R*,10R*,10aR*)-1,3-Bis(acetyloxy)-3,5,6,6a,7,8,9,10-octahydro-10-hydroxy-7,8-dimethyl-7-[(2Z)-3-methylpenta-2,4-dien-1-yl]naphtho[1,8a-c]furan-5-yl Butanoate', 'Casearin L; (1R*,3S*,5S*,6aR*,7R*,8R*,9S*,10S*,10aR*)-1,10-Bis(acetyloxy)-3,5,6,6a,7,8,9,10-octahydro-9-hydroxy-5-methoxy-7,8-dimethyl-7-[(2Z)-3-methylpenta-2,4-dien-1-yl]naphtho[1,8a-c]-furan-3-yl Butanoate', 'Platydesmine', 'Luteolin; 2-(3,4-dihydroxyphenyl)-5,7-dihydroxy-4H-chromen-4-one', 'Sinapic acid', 'schaftoside', ""(2S)-Methyl-8-isopentyl-2-methyl-2-(4'-methylpentyl)chroman-6-carboxylate"", 'Casearupestrin A', '2-oxo-piperol B; (7S*, 8R*, 1R*, 3R*)-3,4,5-trimethoxy-3,7-cyclo-8,1-neolig-8-ene-2,4(3H)-dione', 'taxifolin', ""(2'S)-2-(propan-2'-ol)-5-hydroxy-benzopyran-4-one"", 'Rel-(+)-(7S,9R,10S)-3,9,12-trihydroxycalamenene', 'Casearin S', '11β-acetoxyobacunone', '1-(5,7-dihydroxy-2,2-dimethylchroman- 6-yl)-3-[4-hydroxy-3-(3-methylbut-2-en-1-yl)- phenyl]propan-1-one', '(3R,4R)-4,7-Dihydroxymellein', ""Nitensoside B; Pedalitin 6-O-α-rhamnopyranosyl(1'''→6'')-β-glucopyranoside"", 'Methyl gallate', '3-O-β-D-quinovopyranosyl cincholic acid', '6α-acetoxy-14β,15β-epoxyazadirone', 'epoxy-fraxinellone', 'Afzelin, 3-O-α-rhamnosyl kaempferol', 'Egonol', '4-Nerolidilcatechol', ""2-(2'-O-transcoumaroyl)-C-β-D-glucopyranosyl-1,3,6,7-tetrahydroxyxanthone"", 'Syringic acid', '(+)-3-O-feruloylcassine', 'Salacin', '6-pentadecylsalicylic acid', 'Methyl-2,2-dimethylchroman-6-carboxylate', ""Myrsinoic acid A, 3-Geranyl-4-hydroxy-5-(3'',3''-dimethylallyl)benzoic acid"", '20α-Hydroxymaytenin; 20-hydroxy-20-epi-tingenone', '(-)-Epigallocatechin-3-O-gallate', 'Casearin D; (1R*,3S*,5S*,6aR*,7R*,8R*,9S*,10S*,10aR*)-1-(Acetyloxy)-3,5,6,6a,7,8,9,10-octahydro-5,10-dihydroxy-7,8-dimethyl-7-[(2Z)-3-methylpenta-2,4-dien-1-yl]naphtho[1,8a-c]furan-3,9-diyl Dibutanoate', 'Rel. (+)-(7S,10S) 3,12-dihydroxycalamenene', 'Leiokinine A', 'Cabraleadiol', 'carlinoside', 'Methyl-8-(ethanoyloxy)-2,2-dimethyl-2H-chromene-6-carboxylate', 'Amentoflavone', '1-(5,7-dihydroxy-2,2-dimethylchroman-6-yl)-3-(1,1,4a-trimethyl-2,3,4,4a,9a-hexahydro-1H-xanthen-7-yl)propan-1-one', 'Methyl (E)-6,7,8-trimethoxycinnamate', '3,4,5-Trimethoxyphenyl-1-O-β-D-(5-O-syringoyl)-apiofuranosyl-(1→6)-β-D-glucopyranoside', '6-[8(Z),11(Z),14-pentadecatrienyl]salicylic acid', 'Sorbifolin', ""Nitensoside A; Sorbifolin 6-O-α-rhamnopyranosyl(1'''→6'')-β-glucopyranoside"", 'Casearin O; (1R*,3S*,5S*,6aR*,7R*,8R*,9S*,10S*,10aR*)-1,10-Bis(acetyloxy)-5-methoxy-7,8-dimethyl-7-[(2Z)-3-methylpenta-2,4-dien-1-yl]-3,5,6,6a,7,8,9,10-octahydronaphtho[1,8a-c]furan-3,9-diyl Dibutanoate', 'germacrene D', '2β-Hydroxyzuelanin-6β-cinnamate', 'arjunolic acid', 'stachysterone', 'Ethyl 2,4-dihydroxy-5,6-dimethylbenzoate', 'Amentoflavone 7”,4”’-dimethyl ether', 'Picramnioside F', 'Lauryl gallate', 'Syringaldehyde', '22-hydroxytirucalla-7,24-diene-2,3-dione', 'Trans-3’-methylsulphonylallyl trans-cinnamate', '(3-(2-(4-hydroxyphenyl)-2-oxoethyl)-5,6-dihydropyridin- 2(1H)-one)', 'Mangiferin', 'Viburgenin', ""Pterogynoside; Kaempferol-3-O-(3''-O-4'''-methylgallate-α-L-rhamnoside)"", 'Isobutyl gallate', '7′-multijuguinone', 'Griseofulvin', ""7-Hydroxy-4',6-dimethoxyisoflavone; Afrormosin; Afromosin"", '8-methoxymellein', '(±)-Syringaresinol', 'Cyclo-(L-Pro-L-Val)', 'Chalepin', 'Chlorogenic acid', '(4R)-4,8-dihydroxy-α-tetralone', 'Kaempferol', '3-O-β-D-quinovopyranosyl quinovic acid', '2-hydroxyphenylacetic acid', '2-methyl-5-[8(Z)-pentadecenyl]resorcinol']]",doi_name
"['10.1590/S0100-40421998000600005', 'Plumericin']","['10.1590/S0100-40421998000600005', ['2α,3α-Dihydroxy-urs-12-en-28-oic acid', 'Haplotusine', 'β-Sitosterol benzoate', '5-hydroxyflavone', '2-phenyl-4H-chromen-4-one', 'Sinapyl 4-O-β-D-glucopyranoside alcohol', 'N-acetylnonaine', 'Liriodenine', 'Sinapyl 4-O-β-D-glucopyranoside aldehyde', '3-O-β-D-(6’-methyl)-glucopyranosyl-28-O-β-D-glucopyranosyl-oleanate', 'Oleanolic acid 3-sophoroside', 'Hinesol', 'γ-eudesmol', 'guaiol', 'α-eudesmol', 'Teucrein', '11-O-trans-feruloylteucrein', 'Galioside aglicone', 'Galioside', 'Apodanthoside', ""3',4',5',3,5,7,8-heptamethoxyflavone"", ""3,5,6,7,3',4',5'-heptamethoxyflavonol"", 'Quercetin-3-O-α-L-rhamnopyranosyl-(1→6)-β-D-galactopyranoside', '6-Hydroxy-rutin', 'Kaempferol-3-O-D-glucopyranoside', 'Kaempferol-3-O-α-L-rhamnopyranosyl-(1-6)-α-L-rhamnopyranosyl-(1-4)-β-D-glucopyranoside', 'Procyanidin B-3', 'Kaempferol-3-O-D-galactopyranoside', 'Kaempferol-3-O-α-L-rhamnopyranosyl-(1→6)-β-D-galactopyranoside', 'Catechin, Ent-catechin', 'Kaempferol-3-O-rutinoside', 'Anhydrofusarubin', 'Beauvericin', '5,7-dimethoxy-2,2-dimethyl-2H-1-benzopyran-6-propanoic acid', '5,7-dimethoxy-2,2-dimethyl-2H-1-benzopyran-6-propanoate', 'Methyl (3R,4R,5R)-3-{[(2E)-3-(3,4-dihydroxyphenyl)-2-propenoyl]oxy}-1,4,5-trihydroxycyclohexanecarboxylate', 'Methyl (3R,4R,5R)-3-{[(2Z)-3-(3,4-dihydroxyphenyl)-2-propenoyl]oxy}-1,4,5-trihydroxycyclohexanecarboxylate', 'Chlorogenic acid methyl ester, Methyl (1S,3R,4R,5R)-3-{[(2E)-3-(3,4-dihydroxyphenyl)-2-propenoyl]oxy}-1,4,5-trihydroxycyclohexanecarboxylate', 'Clusifoliol', ""Isoswertisin-4'-methyl-ether-2''α-L-rhamnoside"", '2-Episesalatin', ""Isoswertisin-2''α1-L-rhamnoside"", 'Sesartemin', 'Methacrylic acid', 'Sargachromenol', '19´-(3,4-Methylenedioxyphenyl)-nonadecanoic acid', ""7,4'-Dihydroxyflavone"", 'Fasciculiferin', '(+)-Guaiacin', 'Sargaquinoic acid', ""Juruenolic acid; 2-(4'-Methylpentenyl-3)-10-oxoundecan-2,6-dienoic acid"", '21´-(3,4-Methylenedioxyphenyl)-henicosanoic acid', 'Tithonine', ""7,4'-Dimethoxyflavone"", 'Farnisine', '17-(3,4-Methylenedioxyphenyl)-heptadecanoic acid', 'Pimara-7,15-dien-3β-ol', 'Dimethyl terephthalate', '8-hydroxy-6-methoxy-3-methylisocoumarin', '(22E,24R)-ergosta-4,6,8(14),22-tetraen-3-one', 'Ergosterol peroxide', ""6'-Acetyl-β-D-glucopyranosyldiderroside"", 'Diderroside', '7-Methoxydiderroside', 'Secoxyloganin', '(E)-piplartine', '10,11-dihydropiperine; Δα,β-dihydropiperine', '4,5-dihydropiperyline', '(3Z,5Z)-N-isobutyl-8-(30,40-methylenedioxy-phenyl)-heptadienamide', 'Pellitorine', ""N-[3-(6'-methoxy-3',4'-methy-lenedioxyphenyl)-2(Z)-propenoyl]pyrrolidine"", '4,5-dihydropiperlonguminine; Piperlonguminine', '(Z)-piplartine; 8(Z)-N-(12,13, 14-trimethoxycinnamoyl)- 3-pyridin-2-one', '8,9-dihydropiplartine; N-(12,13,14-trimethoxydihydrocinnamoyl)-Δ3-pyridin-2-one', 'Piperine', '(+)-11α-Hydroxyerythravine', '(+)-α-Hydroxyerysotrine', '(+)-Erythravine', 'Isopimpinellin', 'Taraxerol acetate', ""Methyl 4-hydroxy-3-(3'-methyl-2'-hydroxy-3'-butenyl)benzoate"", ""4-Hydroxy-(3',7'-dimethyl-1'-oxo-octa-2'-Z-6'-dienyl)benzoic acid"", ""Aduncumene; Methyl 2-methoxy-5-(3'-methyl-1'-oxo-2'-butenyl)benzoate"", 'Methyl 2,2-dimethyl-1-oxo-2H-1-benzopyran-6-carboxylate', 'Piperaduncine B', ""Hostmaniene; 4-Hydroxy-3-(2',3'-dihydroxy-3'-methylbutyl)benzoate"", ""4-Hydroxy-3-(3',7'-dimethylocta-2'-E-6'-dienyl)benzoic acid"", ""Methyl taboganate; Methyl 4-hydroxy-3-(3'-methyl-1'-oxo-2'-butenyl)benzoate"", ""Methyl 4-hydroxy-3-(3'-methyl-2'-butenyl)benzoate"", '3,4,5-Trimethoxydihydrocinnamic acid', ""2',6'-Dihydroxy-4'-methoxydihydrochalcone"", ""Sakuranetin; 5,4'-dihydroxy-7-methoxyflavanone"", ""1,4-Dihydroxy-2-(3',7'-dimethyl-1'-oxo-2'-E-6'-octadienyl)benzene"", ""Isosakuranetin; 5,7-dihydroxy-4'-methoxyflavanone"", ""4-Hydroxy-(3',7'-dimethyl-1'-oxo-octa-2'-E-6'-dienyl)benzoic acid"", ""4-Hydroxy-3-(3',7'-dimethyl-3'-hydroxy-1'-oxo-6'-octenyl)benzoic acid"", '(-)-3-O-acetyl-spectaline', '9-hydroxyeugenin', 'Mycoleptone A', '6-methoxyeugenin', 'Austdiol diacetate', 'Mycoleptone B', 'Mycoleptone A tetraacetate', 'Eugenitin', 'Austdiol', ""3,4-dimethyl-2-(4'-hydroxy-3',5'-dimethoxyphenyl)-5-methoxy-tetrahydrofuran"", '4-metoxi-6-[2-(metilamino)fenil]- 2H-piran-2-ona', '2-n-Propylquinoline', ""2-(3',4'-methylenedioxyphenylethyl)-Quinoline"", '2-n-Pentylquinoline', ""2-(1'-pentenyl)-Quinoline"", 'Aphidicolin', 'cyclo (L)-Pro-Gly', 'Stearic acid 4-pentoyloxyphenethyl ester', 'astilbin; Rel-(2R, 3R)-dihydroquercetin-3-O-±-L-rhamnoside', 'Nitensidine D', 'Nitensidine E', 'Oleanonic acid', 'Iso-odoratol', 'Nilocetin', '3,11-dioxoolean-12-en-28- onic acid', 'cryptomeridiol', 'Pentaol', 'Piscidinol A', 'Hispidol A', '2α,3α,19α- trihydroxyurs-12-en-28-oic acid', '3,3-O-dimethylquercetin', 'penduletin 4-O-methyl ether', '3-O-methylquercetin', 'p-hydroxybenzoic acid', 'acacetin', 'Chrysoeriol', '3,7,4-O-trimethylkaempferol', '2α,3α-dihydroxyolean-12- en-28-oic acid', ""Rel-(7R,8S,7'S,8'S)-4',5'-methylenedioxy-3,4,5,3'-tetramethoxy-7,7'-epoxylignan"", ""Rel-(7R,8S,7'S,8'S)-9-hydroxy-4',5'-methylenedioxy-3,4,5,3'-tetramethoxy-7,7'-epoxylignan"", ""Rel-(7R,8S,7'S,8'S)-4,5,4',5'-dimethylenedioxy-3,3'-dimethoxy-7,7'-epoxylignan"", ""Rel-(7R,8S,7'S,8'S)-4-hydroxy-4',5'-methylenedioxy-3,5,3'-trimethoxy-7,7'-epoxylignan"", ""Rel-(7R,8S,7'S,8'S)-4'-hydroxy-3,4,5,3',5'-pentamethoxy-7,7'-epoxylignan"", ""4-Methoxy-3-(3',7'-dimethylocta-2'-E-6'-dienyl)benzoic acid"", 'Methyl-8-hydroxy-2,2-dimethyl-2H-chromene-6-carboxylate', ""3-(3',7 '-dimethyl-2',6 '-octadienyl)-4-methoxy-benzoic acid"", 'Pyranofoline', 'Glycocitrine-IV', 'Citrusinine-I', 'Citrusinine-II', '1,3,5-trihydroxy-4-methoxy-10-methyl- 2,8-bis(3-methylbut-2-enyl)acridin-9(10H)-one', '1,3,5-trihydroxy- 2,8-bis(3-methylbut-2-enyl)-10-methyl-9-acridone', 'Glycocitrine-I', '5-hydroxynoracronycine; Atalaphyllidine', '3,4-dihydro-3,5,8-trihydroxy-6-methoxy-2,2,7-trimethyl-2Hpyrano[ 2,3-a]acridin-12(7H)-one', 'Ferulic acid', 'β-Gardiol', 'α-Gardiol', '1-methoxy-3-hydroxy-3,10b-4,5a-diepoxy-8b-isobutyroyloxygermacr-11(13)-en-6a,12-olide', 'Tagitinin C', 'Xanthyletin', 'Deoxycordifoline', 'Turbinatine', '5α-carboxystrictosidine', 'Harman-3-carboxylic acid', '3,4-dehydrostrictosidine acid', '3,4-dehydro-strictosidine', 'Strictosidine acid', 'Cordifoline', 'Epi-guaiacin', 'Verrucosin', '7-Methyl-sargachromenol; 2,7,8-Trimethyl-2-[(3-E,7-Z)-4,12-dimethyl-8-carboxyl-3,7,11-tridecatrienyl]-3-chromen-6-ol, β-caroteno', 'Nectandrin B', ""3',4'-methylenedioxy-5,5',6,7-tetramethoxyflavone"", ""3',4'-methylenedioxy-5,6,7- trimethoxyflavone"", ""2'-hydroxy-3,4,4'-trimethoxy-5',6'-(2'',2''-dimethylpyrano)-chalcone"", ""3',4'-methylenedioxy-5,7-dimethoxyflavone"", '21β,25-dimethylmelianodiol', '21α,25-dimethylmelianodiol', '3,21-Di-epi-feroniellide B', 'bis-5-hydroxyacronycine', 'Citibrasine', '2,3-dihydro-4,9-dihydroxy-2-(2-hydroxy-propan-2-yl)- 11-methoxy-10-methylfuro[3,2-b]acridin-5(10H)-one', 'β-caryophyllene, trans-caryophyllene', 'Cuspanine; 1-hydroxy-2,3,5,6-tetramethoxy-9-acridone', 'Cusculine; 1,2,3,5,6-pentamethoxy-9-acridone', '[10]-gingerol', ""2,4-Dihydroxy-6-[(1'E,3'E)-penta-1', 3'-dienyl]-benzaldehyde"", '2-methyl-5-[8(Z)-pentadecenyl]resorcinol', 'Nitensidine A', '2-hydroxyphenylacetic acid', '3-O-β-D-quinovopyranosyl quinovic acid', 'Kaempferol', '3β-hydroxy-stigmast-5-en-7-one; 24-β-7-oxositosterol', 'scillascillin', 'urauchimycin B', 'Homoegonol', '[8]-gingerol', '4-Hydroxymellein', '5-hydroxymellein', 'fraxinellonone', 'Dibenzyl sulphide', 'Leptomerine', '5-hydroxy-N-methylseverifoline', '19,20-Epoxycytochalasin N', 'ellagic acid 4-O-α-L-rhamnopyranoside; eschweilenol C', 'Mayoside C', 'Ourateacatechin', ""3',4',5',5,7-pentamethoxyflavone"", '2-methyl-5-pentadecylresorcinol', 'Isobutyl gallate', '7′-multijuguinone', 'Griseofulvin', ""7-Hydroxy-4',6-dimethoxyisoflavone; Afrormosin; Afromosin"", '8-methoxymellein', '(±)-Syringaresinol', 'Cyclo-(L-Pro-L-Val)', 'Acetonide of odoratol', 'Nitensidine B', '1-methyl-2-n-nonyl-4-quinolone', '5-[8(Z),11(Z),14-pentadecatrienyl]resorcinol', 'Netzahualcoyondiol', 'Pristimerin; 20α-3-hydroxy-2-oxo-24-nor-friedela-1-10,3,5,7-tetraen-carboxylic acid-29-methylester', '3,4,5-trimethoxyphenyl 1-O-β-D-apiofuranosyl-(1→6)-O-β-D-glucopyranoside', 'β-photogedunin', 'n-Butyl gallate', ""5-[3''-(β-D-glucopyranosyloxy)propyl]-7-methoxy-2-(3',4'-dimethoxyphenyl)benzofuran"", '3,12-Dihydroxycadalene', '7-hydroxy-3- (11-dimethylallyl)-8-methoxycoumarin', ""N-[7-(3',4'-methylenedioxyphenyl)-2(Z),4(Z)-heptadienoyl]pyrrolidine"", ""Acteoside; [β-3,4-dihydroxyphenyl)-ethyl]-(3'-O-α-L-rhamnopyranosyl)-(4'-O-cafeoyl)-β-D-glycopyranoside, verbascoside"", '(4R)-4,8-dihydroxy-α-tetralone', ""8-hydroxy-3,5,7,3',4',5'-hexamethoxyflavonol"", 'Odoratol', 'Sorbifolin 6-O-β-glucopyranoside', 'Rel-2α-hydroxyzuelanin-6β-benzoate', '2,6-di-O-acetylcasearupestrin D', ""Methyl-2,2-dimethyl-8-(3'-methylbut-2'-enyl)chroman-6-carboxylate"", 'Maculosidine', 'Podocarpusflavone A', 'Casearupestrin C', '6α-malonyloxy-n-butyl ester manoyl oxide', 'citrusinine-I', 'Ricinine', 'Leptophyllin A', '5-pentadecylresorcinol', '19,20-Epoxycytochalasin D', 'fumiquinozoline F', 'Kaempferol 3-O-α-L-rhamnopyranosyl (1→6)-O-[β -D-glucopyranosyl (1→3)-O-α-L-rhamnopyranosyl-(1→2)]-O-β -D-glucopyranosyl', '2,7-Di-O-acetylcasearupestrin A', 'p-Coumaric acid', '(-)-Epigallocatechin', 'Netzahualcoyonol', '1-[3-(3,7-dimethylocta-2,6-dien-1-yl)-2,4,6- trihydroxyphenyl]-3-(4-hydroxyphenyl)propan-1-one', '6α-malonyloxymanoyl oxide', 'Caseobliquin A', 'Methyl angolensate', ""5-(3'' -Hydroxypropyl)-7-methoxy-2-(3',4' -methyl-enedioxyphenyl)benzofuran"", '22β-hydroxypristimerin', '1- (5,7-dihydroxy-2,2-dimethylchroman-6-yl)-3-(2,2-dimethylchroman- 6-yl)propan-1-one', 'Canavaline', 'Di-hydrodehydrodiconiferyl alcohol', 'Quercetin', ""2-(2'-O-trans-cinnamoyl)-C-β-D-glucopyranosyl-1,3,6,7-tetrahydroxyxanthone"", 'Ocotillone', 'des-N-methylnoracronycine', 'Skimmianine', 'p-hydroxybenzoic acid-geranyl ester', 'Dibenzyl disulphide', 'Proanthocyanidin', 'neoisoastilbin', '(R)-7-Hydroxymellein', '6α-acetoxymanoyl oxide', 'Methyl-8-hydroxy-2,2-dimethylchroman-6-carboxylate', '3β-O-[α-L-rhamnopyranosyl-(1→2)-O-β-D-glucopyranosyl-(1→2)-O-β-D-glucopyranosyl]-28-O-β-D-glucopyranoside pomolate', 'Dibenzyl tetrasulphide', ""2',5-dihydroxy-3-methoxy-8-dimethylallyl-6, 7-(2' ',2''-dimethylpyrano)-dihydroflavonol"", '2-n-nonyl-4-quinolone', 'Cytochalasin D', 'Isoorientin', 'Uracil', 'urauchimycin A', 'toonacilin', 'Pedalitin', '1-O-(E)-feruloyl-β-D-glucopyranoside', 'n-Propyl gallate', ""3',4',5',5,7,8-hexamethoxyflavone"", 'Isopropyl gallate', '6β-hydroxy-7-epigardoside methyl ester', 'Tetrahydropiperyline, N-[10-(13,14-methylenedioxyphenyl)-pentanoyl]-pyrrolidine', 'Piperovatine', '2,4,6-trimethoxybenzoic acid', '1-O-(E)-caffeoyl-β-D-glucopyranoside', 'Gallic acid; 3,4,5-trihydroxybenzoic acid', 'Quercitrin, 3-O-α-rhamnosylquercetin', 'Benzylhydroxymethyl sulphide', '1,6-di-O-caffeoyl-β-D-glucopyranoside', '2-methyl-5-[8(Z),11(Z),14-pentadecatrienyl]resorcinol', ""(2S)-8-Isopentyl-2-methyl-2-(4'-methylpentyl)chroman-6-carboxylic acid"", '2,2-dimethyl-2H-chromene-6-carboxylic acid', '1,2-dihydro- 3β-hydroxy-7-deacetoxy-7-oxogedunin', 'Photogedunin', 'Casearin X; (1R*,3S*,5S*,6aR*,7S*,8S*,10R*,10aR*)-1-(Acetyloxy)-3,5,6,6a,7,8,9,10-octahydro-10-hydroxy-7,8-dimethyl-7-[(2Z)-3-methylpenta-2,4-dien-1-yl]naphtho[1,8a-c]furan-3,5-diyl Dibutanoate', 'α-L-xylopyranosyl-(4""→20)-(3-O-β-D-glucopyranosyl)-1\'-O-E-caffeoyl-β-D-glucopyranoside', ""2-(R)-Methyl-6-(S)-(tetradecyl-13'-one)-3(R)-O-tert-butyldimethylsilyl-piperidine"", '(2S)-Methyl-2-methyl-8-(3""-methylbut-2""-enyl)-2-(4\'-methylpent-3\'-enyl)-2H-chromene-6-carboxylate', '20-hydroxyecdysone; polypodine A', '3-Acetyl aleuritolic acid', 'Alkenoic acid', 'Quercetin 3-O-α-L-rhamnopyranosyl (1→6)-O-[β -D-glucopyranosyl (1→3)-O-α-L-rhamnopyranosyl-(1→2)]-O-β -D-glucopyranosyl', 'Heveaflavone', 'Arboreumine', '3-Oxoursolic acid', 'Casearupestrin B', ""Gaudichaudianic acid; (2S)-2-methyl-2-(4'methyl-3'-pentenyl)-8-(3''-methyl-2-butenyl)- 2H-1-benzopyran-6-carboxylic acid"", 'limonexic acid', '6α-acetoxy-14β,15β-epoxyazadirone', 'epoxy-fraxinellone', '12′-hydroxy-7′-multijuguinone', 'Kaempferitrin', 'Nitensidine C', 'Dipropyl disulphide', '2-methyl-5-[8(Z),11(Z)-pentadecadienyl]resorcinol', 'Methyl 6,7,8-trimethoxydihydrocinnamate', '2-Hexyl-3-methyl-butanodioic acid', '19,20-Epoxycytochalasin C', 'n-Pentyl gallate', 'Orcinol', 'Periconicin B', 'Phomopsilactone', '6-[ 8(Z),11(Z) -pentadecadienyl] salicylic acid', 'Di(benzyltrithio) methane', '3,11,12-Trihydroxycadalene', 'Quercetin 3-O-sophoroside', '(3R,4R)-3,4-Dihydro-4,6-dihydroxy-3-methyl-1-oxo-1H-isochromene-5-carboxylic acid', '24-methylene-3,22-dihydroxycholesterol', 'amorphispironone', 'Casearupestrin D', 'Chaetoglobosin B', ""2-(2'-O-benzoyl)-C-β-D-glucopyranosyl-1,3,6,7-tetrahydroxyxanthone"", 'Isoplumericin', 'N-[10-(13,14-methylenedioxyphenyl)-7(E),9(Z)-pentadienoyl]-pyrrolidine', 'Casearin T', 'Piperyline, N-[10-(13,14-methylenedioxyphenyl)-7(E),9(E)-pentadienoyl]-pyrrolidine', 'ω-fenil alcanoic acid', '2-butyl-D-fructofuranoside', 'Muraxanthone', '3,4,5-Triacetoxybenzoic acid', 'Odoratone', '(-)-Hardwickiic acid', ""5-[3''-(β-D-glucopyranosyloxy)propyl]-7-methoxy-2-(3',4'-methylenedioxyphenyl)benzofuran"", '28-O-β-D-glucopyranosyl quinovic acid', '2-Methyl-4-hydroxy-butyl caffeoate', 'N-1,N-2,N-3-Triisopentenylguanidine', 'Dibenzyl trisulphide', 'Maytenin, Tingenone', 'Kokusaginine', ""2-(2'-O-trans-caffeoyl)-C-β-D-glucopyranosyl-1,3,6,7-tetrahydroxyxanthone"", 'Netzahualcoyene', 'Casearin X Dialdehyde; (2R*,4aS*,5S*,7R*,8R*,8aS*)-4,4a-Diformyl-1,2,4a,5,6,7,8,8a-octahydro-5-hydroxy-7,8-dimethyl-8-[(2Z)-3-methylpenta-2,4-dien-1-yl]naphthalen-2-yl Butanoate', 'polypodine B', 'fraxinellone', 'N-[10- (13,14-methylenedioxyphenyl)-7(E)-pentaenoyl]-pyrrolidine', '2-Methyl-5-methoxy-benzopyran-4-one', '3,4-dihydroxybenzoic acid geranyl ester', 'Casearupestrin A', '2-oxo-piperol B; (7S*, 8R*, 1R*, 3R*)-3,4,5-trimethoxy-3,7-cyclo-8,1-neolig-8-ene-2,4(3H)-dione', 'taxifolin', ""(2'S)-2-(propan-2'-ol)-5-hydroxy-benzopyran-4-one"", 'Rel-(+)-(7S,9R,10S)-3,9,12-trihydroxycalamenene', '6-[8(Z)-pentadecenyl]salicylic acid', '(2S)-2-methyl-8-(3""-methylbut-2""-enyl)-2-(4\'-methylpent-3\'-enyl)-2H-chromene-6-carboxylic acid', 'Burchellin', '5-[8(Z)-pentadecenyl]resorcinol', 'Luteolin; 2-(3,4-dihydroxyphenyl)-5,7-dihydroxy-4H-chromen-4-one', 'Sinapic acid', '19,20-Epoxycytochalasin Q', '19,20-Epoxycytochalasin R', '1-(5,7-dihydroxy-2,2-dimethylchroman- 6-yl)-3-[4-hydroxy-3-(3-methylbut-2-en-1-yl)- phenyl]propan-1-one', '(3R,4R)-4,7-Dihydroxymellein', ""Nitensoside B; Pedalitin 6-O-α-rhamnopyranosyl(1'''→6'')-β-glucopyranoside"", 'Gedunin', 'Pedalin, pedalitin 6-O-β -glucopyranoside', 'Caseargrewiin F; (1R*,3S*,5S*,6aR*,7S*,8R*,10R*,10aR*)-1,3-Bis(acetyloxy)-3,5,6,6a,7,8,9,10-octahydro-10-hydroxy-7,8-dimethyl-7-[(2Z)-3-methylpenta-2,4-dien-1-yl]naphtho[1,8a-c]furan-5-yl Butanoate', 'Casearin L; (1R*,3S*,5S*,6aR*,7R*,8R*,9S*,10S*,10aR*)-1,10-Bis(acetyloxy)-3,5,6,6a,7,8,9,10-octahydro-9-hydroxy-5-methoxy-7,8-dimethyl-7-[(2Z)-3-methylpenta-2,4-dien-1-yl]naphtho[1,8a-c]-furan-3-yl Butanoate', 'Platydesmine', 'Leiokinine A', 'Cabraleadiol', 'schaftoside', ""(2S)-Methyl-8-isopentyl-2-methyl-2-(4'-methylpentyl)chroman-6-carboxylate"", 'Rel-6β-hydroxyzuelanin-2β-benzoate', 'shidasterone', '5-hydroxymethyl- 2-furancarboxaldehyde; 5-hydroxymethyl-2-furfuraldehyde', 'atalaphyllinine', ""Nitensoside A; Sorbifolin 6-O-α-rhamnopyranosyl(1'''→6'')-β-glucopyranoside"", 'Casearin O; (1R*,3S*,5S*,6aR*,7R*,8R*,9S*,10S*,10aR*)-1,10-Bis(acetyloxy)-5-methoxy-7,8-dimethyl-7-[(2Z)-3-methylpenta-2,4-dien-1-yl]-3,5,6,6a,7,8,9,10-octahydronaphtho[1,8a-c]furan-3,9-diyl Dibutanoate', 'Methyl gallate', '3-O-β-D-quinovopyranosyl cincholic acid', 'Afzelin, 3-O-α-rhamnosyl kaempferol', 'Egonol', '4-Nerolidilcatechol', ""2-(2'-O-transcoumaroyl)-C-β-D-glucopyranosyl-1,3,6,7-tetrahydroxyxanthone"", 'Syringic acid', '(+)-3-O-feruloylcassine', 'Salacin', '6-pentadecylsalicylic acid', 'Methyl-2,2-dimethylchroman-6-carboxylate', ""Myrsinoic acid A, 3-Geranyl-4-hydroxy-5-(3'',3''-dimethylallyl)benzoic acid"", 'Casearin S', '11β-acetoxyobacunone', '(3-(2-(4-hydroxyphenyl)-2-oxoethyl)-5,6-dihydropyridin- 2(1H)-one)', 'Mangiferin', 'Viburgenin', ""Pterogynoside; Kaempferol-3-O-(3''-O-4'''-methylgallate-α-L-rhamnoside)"", '20α-Hydroxymaytenin; 20-hydroxy-20-epi-tingenone', '(-)-Epigallocatechin-3-O-gallate', 'Casearin D; (1R*,3S*,5S*,6aR*,7R*,8R*,9S*,10S*,10aR*)-1-(Acetyloxy)-3,5,6,6a,7,8,9,10-octahydro-5,10-dihydroxy-7,8-dimethyl-7-[(2Z)-3-methylpenta-2,4-dien-1-yl]naphtho[1,8a-c]furan-3,9-diyl Dibutanoate', 'Rel. (+)-(7S,10S) 3,12-dihydroxycalamenene', 'carlinoside', 'Methyl-8-(ethanoyloxy)-2,2-dimethyl-2H-chromene-6-carboxylate', 'Amentoflavone', '1-(5,7-dihydroxy-2,2-dimethylchroman-6-yl)-3-(1,1,4a-trimethyl-2,3,4,4a,9a-hexahydro-1H-xanthen-7-yl)propan-1-one', 'Methyl (E)-6,7,8-trimethoxycinnamate', '3,4,5-Trimethoxyphenyl-1-O-β-D-(5-O-syringoyl)-apiofuranosyl-(1→6)-β-D-glucopyranoside', '6-[8(Z),11(Z),14-pentadecatrienyl]salicylic acid', 'Sorbifolin', '(-) Cis-4-hydroxy-6-deoxyscytalone', 'Plumericin', '5-[8(Z),11(Z)-pentadecadienyl]resorcinol', '(-)-Spectalinine', 'Piperol B', 'germacrene D', '2β-Hydroxyzuelanin-6β-cinnamate', 'arjunolic acid', 'stachysterone', 'Ethyl 2,4-dihydroxy-5,6-dimethylbenzoate', 'Amentoflavone 7”,4”’-dimethyl ether', 'Picramnioside F', 'Lauryl gallate', 'Syringaldehyde', '22-hydroxytirucalla-7,24-diene-2,3-dione', 'Trans-3’-methylsulphonylallyl trans-cinnamate', '(−)-Grandisin', '24-methylenecycloartan-3b-ol', 'Ixoside', 'Cognatine', 'Fagaramide', 'Chalepin', 'Chlorogenic acid']]",doi_name
"['10.1021/np100840w', 'Casearupestrin C']","['10.1021/np100840w', ['guaiol', 'Hinesol', 'γ-eudesmol', 'α-eudesmol', '11-O-trans-feruloylteucrein', 'Teucrein', 'Galioside aglicone', 'Galioside', 'Apodanthoside', 'Mycoleptone A', '9-hydroxyeugenin', 'Austdiol', 'Austdiol diacetate', 'Mycoleptone A tetraacetate', '6-methoxyeugenin', 'Eugenitin', 'Mycoleptone B', 'Chlorogenic acid methyl ester, Methyl (1S,3R,4R,5R)-3-{[(2E)-3-(3,4-dihydroxyphenyl)-2-propenoyl]oxy}-1,4,5-trihydroxycyclohexanecarboxylate', '7-Methoxydiderroside', 'Secoxyloganin', 'Diderroside', ""6'-Acetyl-β-D-glucopyranosyldiderroside"", '5,7-dimethoxy-2,2-dimethyl-2H-1-benzopyran-6-propanoate', ""4-Methoxy-3-(3',7'-dimethylocta-2'-E-6'-dienyl)benzoic acid"", 'Methyl-8-hydroxy-2,2-dimethyl-2H-chromene-6-carboxylate', ""3-(3',7 '-dimethyl-2',6 '-octadienyl)-4-methoxy-benzoic acid"", ""2'-hydroxy-3,4,4'-trimethoxy-5',6'-(2'',2''-dimethylpyrano)-chalcone"", ""3',4'-methylenedioxy-5,5',6,7-tetramethoxyflavone"", ""3',4'-methylenedioxy-5,6,7- trimethoxyflavone"", ""3',4'-methylenedioxy-5,7-dimethoxyflavone"", 'cyclo (L)-Pro-Gly', 'Nectandrin B', 'Verrucosin', 'Epi-guaiacin', '7-Methyl-sargachromenol; 2,7,8-Trimethyl-2-[(3-E,7-Z)-4,12-dimethyl-8-carboxyl-3,7,11-tridecatrienyl]-3-chromen-6-ol, β-caroteno', ""2-(3',4'-methylenedioxyphenylethyl)-Quinoline"", '2-n-Pentylquinoline', '2-n-Propylquinoline', ""2-(1'-pentenyl)-Quinoline"", '2,3-dihydro-4,9-dihydroxy-2-(2-hydroxy-propan-2-yl)- 11-methoxy-10-methylfuro[3,2-b]acridin-5(10H)-one', 'bis-5-hydroxyacronycine', 'Citibrasine', '21β,25-dimethylmelianodiol', '3,21-Di-epi-feroniellide B', '21α,25-dimethylmelianodiol', '(-)-3-O-acetyl-spectaline', 'Xanthyletin', ""Rel-(7R,8S,7'S,8'S)-4-hydroxy-4',5'-methylenedioxy-3,5,3'-trimethoxy-7,7'-epoxylignan"", ""Rel-(7R,8S,7'S,8'S)-4'-hydroxy-3,4,5,3',5'-pentamethoxy-7,7'-epoxylignan"", ""Rel-(7R,8S,7'S,8'S)-4',5'-methylenedioxy-3,4,5,3'-tetramethoxy-7,7'-epoxylignan"", ""Rel-(7R,8S,7'S,8'S)-9-hydroxy-4',5'-methylenedioxy-3,4,5,3'-tetramethoxy-7,7'-epoxylignan"", ""Rel-(7R,8S,7'S,8'S)-4,5,4',5'-dimethylenedioxy-3,3'-dimethoxy-7,7'-epoxylignan"", 'Anhydrofusarubin', 'Beauvericin', 'Taraxerol acetate', 'Pentaol', '3,11-dioxoolean-12-en-28- onic acid', 'Iso-odoratol', 'Nilocetin', 'Hispidol A', 'Piscidinol A', 'cryptomeridiol', 'Oleanonic acid', 'Isopimpinellin', 'Methyl (3R,4R,5R)-3-{[(2Z)-3-(3,4-dihydroxyphenyl)-2-propenoyl]oxy}-1,4,5-trihydroxycyclohexanecarboxylate', 'Methyl (3R,4R,5R)-3-{[(2E)-3-(3,4-dihydroxyphenyl)-2-propenoyl]oxy}-1,4,5-trihydroxycyclohexanecarboxylate', ""Isoswertisin-4'-methyl-ether-2''α-L-rhamnoside"", 'Clusifoliol', ""Isoswertisin-2''α1-L-rhamnoside"", '2-Episesalatin', 'Sesartemin', 'Aphidicolin', ""3,4-dimethyl-2-(4'-hydroxy-3',5'-dimethoxyphenyl)-5-methoxy-tetrahydrofuran"", '3,3-O-dimethylquercetin', 'penduletin 4-O-methyl ether', '2α,3α,19α- trihydroxyurs-12-en-28-oic acid', 'acacetin', '2α,3α-dihydroxyolean-12- en-28-oic acid', 'p-hydroxybenzoic acid', '3-O-methylquercetin', 'Chrysoeriol', '3,7,4-O-trimethylkaempferol', 'Glycocitrine-IV', 'Glycocitrine-I', '3,4-dihydro-3,5,8-trihydroxy-6-methoxy-2,2,7-trimethyl-2Hpyrano[ 2,3-a]acridin-12(7H)-one', '5-hydroxynoracronycine; Atalaphyllidine', 'Citrusinine-I', 'Citrusinine-II', '1,3,5-trihydroxy-4-methoxy-10-methyl- 2,8-bis(3-methylbut-2-enyl)acridin-9(10H)-one', '1,3,5-trihydroxy- 2,8-bis(3-methylbut-2-enyl)-10-methyl-9-acridone', 'Pyranofoline', 'β-Gardiol', 'Ferulic acid', 'α-Gardiol', 'Stearic acid 4-pentoyloxyphenethyl ester', 'Sargaquinoic acid', '(+)-Guaiacin', '21´-(3,4-Methylenedioxyphenyl)-henicosanoic acid', 'Sargachromenol', ""Juruenolic acid; 2-(4'-Methylpentenyl-3)-10-oxoundecan-2,6-dienoic acid"", 'Fasciculiferin', ""7,4'-Dimethoxyflavone"", ""7,4'-Dihydroxyflavone"", '19´-(3,4-Methylenedioxyphenyl)-nonadecanoic acid', 'Tithonine', 'Farnisine', '17-(3,4-Methylenedioxyphenyl)-heptadecanoic acid', '(+)-Erythravine', '(+)-α-Hydroxyerysotrine', '(+)-11α-Hydroxyerythravine', 'astilbin; Rel-(2R, 3R)-dihydroquercetin-3-O-±-L-rhamnoside', ""Aduncumene; Methyl 2-methoxy-5-(3'-methyl-1'-oxo-2'-butenyl)benzoate"", ""Methyl 4-hydroxy-3-(3'-methyl-2'-hydroxy-3'-butenyl)benzoate"", ""4-Hydroxy-(3',7'-dimethyl-1'-oxo-octa-2'-Z-6'-dienyl)benzoic acid"", '3,4,5-Trimethoxydihydrocinnamic acid', ""4-Hydroxy-3-(3',7'-dimethylocta-2'-E-6'-dienyl)benzoic acid"", 'Methyl 2,2-dimethyl-1-oxo-2H-1-benzopyran-6-carboxylate', 'Piperaduncine B', ""Hostmaniene; 4-Hydroxy-3-(2',3'-dihydroxy-3'-methylbutyl)benzoate"", ""2',6'-Dihydroxy-4'-methoxydihydrochalcone"", ""Methyl taboganate; Methyl 4-hydroxy-3-(3'-methyl-1'-oxo-2'-butenyl)benzoate"", ""Methyl 4-hydroxy-3-(3'-methyl-2'-butenyl)benzoate"", 'Nitensidine D', 'Nitensidine E', 'Turbinatine', '3,4-dehydro-strictosidine', '5α-carboxystrictosidine', '3,4-dehydrostrictosidine acid', 'Strictosidine acid', 'Cordifoline', 'Harman-3-carboxylic acid', 'Deoxycordifoline', 'Kaempferol-3-O-α-L-rhamnopyranosyl-(1-6)-α-L-rhamnopyranosyl-(1-4)-β-D-glucopyranoside', 'Kaempferol-3-O-rutinoside', 'Kaempferol-3-O-D-galactopyranoside', '6-Hydroxy-rutin', 'Kaempferol-3-O-α-L-rhamnopyranosyl-(1→6)-β-D-galactopyranoside', 'Kaempferol-3-O-D-glucopyranoside', 'Procyanidin B-3', 'Quercetin-3-O-α-L-rhamnopyranosyl-(1→6)-β-D-galactopyranoside', 'Catechin, Ent-catechin', 'Ergosterol peroxide', 'Dimethyl terephthalate', '8-hydroxy-6-methoxy-3-methylisocoumarin', '(22E,24R)-ergosta-4,6,8(14),22-tetraen-3-one', 'Pimara-7,15-dien-3β-ol', ""Isosakuranetin; 5,7-dihydroxy-4'-methoxyflavanone"", ""1,4-Dihydroxy-2-(3',7'-dimethyl-1'-oxo-2'-E-6'-octadienyl)benzene"", ""Sakuranetin; 5,4'-dihydroxy-7-methoxyflavanone"", ""4-Hydroxy-3-(3',7'-dimethyl-3'-hydroxy-1'-oxo-6'-octenyl)benzoic acid"", ""4-Hydroxy-(3',7'-dimethyl-1'-oxo-octa-2'-E-6'-dienyl)benzoic acid"", '(3Z,5Z)-N-isobutyl-8-(30,40-methylenedioxy-phenyl)-heptadienamide', 'Pellitorine', '(E)-piplartine', '4,5-dihydropiperyline', '(Z)-piplartine; 8(Z)-N-(12,13, 14-trimethoxycinnamoyl)- 3-pyridin-2-one', 'Piperine', '8,9-dihydropiplartine; N-(12,13,14-trimethoxydihydrocinnamoyl)-Δ3-pyridin-2-one', '10,11-dihydropiperine; Δα,β-dihydropiperine', '4,5-dihydropiperlonguminine; Piperlonguminine', ""N-[3-(6'-methoxy-3',4'-methy-lenedioxyphenyl)-2(Z)-propenoyl]pyrrolidine"", '5,7-dimethoxy-2,2-dimethyl-2H-1-benzopyran-6-propanoic acid', ""3',4',5',3,5,7,8-heptamethoxyflavone"", ""3,5,6,7,3',4',5'-heptamethoxyflavonol"", 'Tagitinin C', '1-methoxy-3-hydroxy-3,10b-4,5a-diepoxy-8b-isobutyroyloxygermacr-11(13)-en-6a,12-olide', 'Methacrylic acid', '4-metoxi-6-[2-(metilamino)fenil]- 2H-piran-2-ona', 'β-caryophyllene, trans-caryophyllene', 'Cuspanine; 1-hydroxy-2,3,5,6-tetramethoxy-9-acridone', 'Cusculine; 1,2,3,5,6-pentamethoxy-9-acridone', '2α,3α-Dihydroxy-urs-12-en-28-oic acid', '3-O-β-D-(6’-methyl)-glucopyranosyl-28-O-β-D-glucopyranosyl-oleanate', 'Oleanolic acid 3-sophoroside', 'Haplotusine', 'β-Sitosterol benzoate', '5-hydroxyflavone', '2-phenyl-4H-chromen-4-one', 'Sinapyl 4-O-β-D-glucopyranoside aldehyde', 'Sinapyl 4-O-β-D-glucopyranoside alcohol', 'Liriodenine', 'N-acetylnonaine', '[10]-gingerol', ""2,4-Dihydroxy-6-[(1'E,3'E)-penta-1', 3'-dienyl]-benzaldehyde"", 'Nitensidine A', '2-methyl-5-[8(Z)-pentadecenyl]resorcinol', '2-hydroxyphenylacetic acid', '3-O-β-D-quinovopyranosyl quinovic acid', 'Kaempferol', '(4R)-4,8-dihydroxy-α-tetralone', 'Chlorogenic acid', 'Chalepin', 'Gallic acid; 3,4,5-trihydroxybenzoic acid', 'Quercitrin, 3-O-α-rhamnosylquercetin', 'Caseobliquin A', 'Methyl angolensate', ""5-(3'' -Hydroxypropyl)-7-methoxy-2-(3',4' -methyl-enedioxyphenyl)benzofuran"", '22β-hydroxypristimerin', '19,20-Epoxycytochalasin N', 'ellagic acid 4-O-α-L-rhamnopyranoside; eschweilenol C', 'Mayoside C', 'Ourateacatechin', ""3',4',5',5,7-pentamethoxyflavone"", '2-methyl-5-pentadecylresorcinol', '3β-hydroxy-stigmast-5-en-7-one; 24-β-7-oxositosterol', 'scillascillin', 'Viburgenin', ""Pterogynoside; Kaempferol-3-O-(3''-O-4'''-methylgallate-α-L-rhamnoside)"", 'Isobutyl gallate', '7′-multijuguinone', 'Griseofulvin', ""7-Hydroxy-4',6-dimethoxyisoflavone; Afrormosin; Afromosin"", '8-methoxymellein', '(±)-Syringaresinol', '2,7-Di-O-acetylcasearupestrin A', 'Nitensidine B', '1-methyl-2-n-nonyl-4-quinolone', '5-[8(Z),11(Z),14-pentadecatrienyl]resorcinol', 'Kokusaginine', ""2-(2'-O-trans-caffeoyl)-C-β-D-glucopyranosyl-1,3,6,7-tetrahydroxyxanthone"", 'Netzahualcoyene', 'Casearin X Dialdehyde; (2R*,4aS*,5S*,7R*,8R*,8aS*)-4,4a-Diformyl-1,2,4a,5,6,7,8,8a-octahydro-5-hydroxy-7,8-dimethyl-8-[(2Z)-3-methylpenta-2,4-dien-1-yl]naphthalen-2-yl Butanoate', 'polypodine B', 'n-Propyl gallate', ""3',4',5',5,7,8-hexamethoxyflavone"", 'Isopropyl gallate', ""8-hydroxy-3,5,7,3',4',5'-hexamethoxyflavonol"", 'Odoratol', 'Leptomerine', '5-hydroxy-N-methylseverifoline', '2,4,6-trimethoxybenzoic acid', '1-O-(E)-caffeoyl-β-D-glucopyranoside', 'Maculosidine', 'Podocarpusflavone A', 'Casearupestrin C', '6α-malonyloxy-n-butyl ester manoyl oxide', 'citrusinine-I', 'Ricinine', 'Leptophyllin A', '5-pentadecylresorcinol', 'Piperol B', '(-)-Hardwickiic acid', ""5-[3''-(β-D-glucopyranosyloxy)propyl]-7-methoxy-2-(3',4'-methylenedioxyphenyl)benzofuran"", 'Rel-2α-hydroxyzuelanin-6β-benzoate', '2,6-di-O-acetylcasearupestrin D', ""Methyl-2,2-dimethyl-8-(3'-methylbut-2'-enyl)chroman-6-carboxylate"", '2-Methyl-4-hydroxy-butyl caffeoate', 'N-1,N-2,N-3-Triisopentenylguanidine', 'Dibenzyl trisulphide', 'Maytenin, Tingenone', '19,20-Epoxycytochalasin D', 'fumiquinozoline F', 'Kaempferol 3-O-α-L-rhamnopyranosyl (1→6)-O-[β -D-glucopyranosyl (1→3)-O-α-L-rhamnopyranosyl-(1→2)]-O-β -D-glucopyranosyl', '3β-O-[α-L-rhamnopyranosyl-(1→2)-O-β-D-glucopyranosyl-(1→2)-O-β-D-glucopyranosyl]-28-O-β-D-glucopyranoside pomolate', 'Dibenzyl tetrasulphide', ""2',5-dihydroxy-3-methoxy-8-dimethylallyl-6, 7-(2' ',2''-dimethylpyrano)-dihydroflavonol"", '2-n-nonyl-4-quinolone', 'Cytochalasin D', 'Isoorientin', '6β-hydroxy-7-epigardoside methyl ester', 'Tetrahydropiperyline, N-[10-(13,14-methylenedioxyphenyl)-pentanoyl]-pyrrolidine', 'Piperovatine', 'Uracil', 'urauchimycin A', 'p-Coumaric acid', '(-)-Epigallocatechin', 'Netzahualcoyonol', '1-[3-(3,7-dimethylocta-2,6-dien-1-yl)-2,4,6- trihydroxyphenyl]-3-(4-hydroxyphenyl)propan-1-one', '6α-malonyloxymanoyl oxide', 'Benzylhydroxymethyl sulphide', '1,6-di-O-caffeoyl-β-D-glucopyranoside', '2-methyl-5-[8(Z),11(Z),14-pentadecatrienyl]resorcinol', 'urauchimycin B', 'Homoegonol', '[8]-gingerol', '4-Hydroxymellein', '5-hydroxymellein', '28-O-β-D-glucopyranosyl quinovic acid', 'Pristimerin; 20α-3-hydroxy-2-oxo-24-nor-friedela-1-10,3,5,7-tetraen-carboxylic acid-29-methylester', 'fraxinellonone', 'Dibenzyl sulphide', '(-) Cis-4-hydroxy-6-deoxyscytalone', 'Plumericin', '5-[8(Z),11(Z)-pentadecadienyl]resorcinol', '(-)-Spectalinine', '20-hydroxyecdysone; polypodine A', '3-Acetyl aleuritolic acid', 'Alkenoic acid', 'Quercetin 3-O-α-L-rhamnopyranosyl (1→6)-O-[β -D-glucopyranosyl (1→3)-O-α-L-rhamnopyranosyl-(1→2)]-O-β -D-glucopyranosyl', 'Heveaflavone', 'Arboreumine', '3-Oxoursolic acid', 'Casearupestrin B', 'toonacilin', 'Piperyline, N-[10-(13,14-methylenedioxyphenyl)-7(E),9(E)-pentadienoyl]-pyrrolidine', 'ω-fenil alcanoic acid', '2-butyl-D-fructofuranoside', 'Pedalitin', '1-O-(E)-feruloyl-β-D-glucopyranoside', '19,20-Epoxycytochalasin C', 'n-Pentyl gallate', 'Orcinol', 'Periconicin B', 'Phomopsilactone', ""(2S)-8-Isopentyl-2-methyl-2-(4'-methylpentyl)chroman-6-carboxylic acid"", '2,2-dimethyl-2H-chromene-6-carboxylic acid', '1,2-dihydro- 3β-hydroxy-7-deacetoxy-7-oxogedunin', 'Photogedunin', 'Casearin X; (1R*,3S*,5S*,6aR*,7S*,8S*,10R*,10aR*)-1-(Acetyloxy)-3,5,6,6a,7,8,9,10-octahydro-10-hydroxy-7,8-dimethyl-7-[(2Z)-3-methylpenta-2,4-dien-1-yl]naphtho[1,8a-c]furan-3,5-diyl Dibutanoate', 'Netzahualcoyondiol', ""2-(2'-O-benzoyl)-C-β-D-glucopyranosyl-1,3,6,7-tetrahydroxyxanthone"", 'Isoplumericin', 'Skimmianine', 'p-hydroxybenzoic acid-geranyl ester', '3,4,5-trimethoxyphenyl 1-O-β-D-apiofuranosyl-(1→6)-O-β-D-glucopyranoside', 'β-photogedunin', 'n-Butyl gallate', ""5-[3''-(β-D-glucopyranosyloxy)propyl]-7-methoxy-2-(3',4'-dimethoxyphenyl)benzofuran"", '3,12-Dihydroxycadalene', '7-hydroxy-3- (11-dimethylallyl)-8-methoxycoumarin', ""N-[7-(3',4'-methylenedioxyphenyl)-2(Z),4(Z)-heptadienoyl]pyrrolidine"", ""Acteoside; [β-3,4-dihydroxyphenyl)-ethyl]-(3'-O-α-L-rhamnopyranosyl)-(4'-O-cafeoyl)-β-D-glycopyranoside, verbascoside"", 'α-L-xylopyranosyl-(4""→20)-(3-O-β-D-glucopyranosyl)-1\'-O-E-caffeoyl-β-D-glucopyranoside', ""2-(R)-Methyl-6-(S)-(tetradecyl-13'-one)-3(R)-O-tert-butyldimethylsilyl-piperidine"", '(2S)-Methyl-2-methyl-8-(3""-methylbut-2""-enyl)-2-(4\'-methylpent-3\'-enyl)-2H-chromene-6-carboxylate', 'Casearin T', '5-[8(Z)-pentadecenyl]resorcinol', 'Luteolin; 2-(3,4-dihydroxyphenyl)-5,7-dihydroxy-4H-chromen-4-one', 'Sinapic acid', '19,20-Epoxycytochalasin Q', '19,20-Epoxycytochalasin R', 'Muraxanthone', ""Gaudichaudianic acid; (2S)-2-methyl-2-(4'methyl-3'-pentenyl)-8-(3''-methyl-2-butenyl)- 2H-1-benzopyran-6-carboxylic acid"", 'limonexic acid', 'Di(benzyltrithio) methane', '3,11,12-Trihydroxycadalene', 'Quercetin 3-O-sophoroside', '(3R,4R)-3,4-Dihydro-4,6-dihydroxy-3-methyl-1-oxo-1H-isochromene-5-carboxylic acid', '24-methylene-3,22-dihydroxycholesterol', 'amorphispironone', 'Casearupestrin D', 'Chaetoglobosin B', '6α-acetoxy-14β,15β-epoxyazadirone', 'epoxy-fraxinellone', '12′-hydroxy-7′-multijuguinone', 'Kaempferitrin', 'Nitensidine C', 'Dipropyl disulphide', 'Dibenzyl disulphide', 'Proanthocyanidin', 'neoisoastilbin', '(R)-7-Hydroxymellein', '6α-acetoxymanoyl oxide', 'Methyl-8-hydroxy-2,2-dimethylchroman-6-carboxylate', 'N-[10-(13,14-methylenedioxyphenyl)-7(E),9(Z)-pentadienoyl]-pyrrolidine', '6-[8(Z)-pentadecenyl]salicylic acid', '(2S)-2-methyl-8-(3""-methylbut-2""-enyl)-2-(4\'-methylpent-3\'-enyl)-2H-chromene-6-carboxylic acid', 'Burchellin', 'Platydesmine', 'Leiokinine A', 'Cabraleadiol', 'schaftoside', ""(2S)-Methyl-8-isopentyl-2-methyl-2-(4'-methylpentyl)chroman-6-carboxylate"", 'Casearupestrin A', '2-oxo-piperol B; (7S*, 8R*, 1R*, 3R*)-3,4,5-trimethoxy-3,7-cyclo-8,1-neolig-8-ene-2,4(3H)-dione', '3,4,5-Triacetoxybenzoic acid', 'Odoratone', 'Rel-6β-hydroxyzuelanin-2β-benzoate', 'shidasterone', '5-hydroxymethyl- 2-furancarboxaldehyde; 5-hydroxymethyl-2-furfuraldehyde', 'atalaphyllinine', 'N-[10- (13,14-methylenedioxyphenyl)-7(E)-pentaenoyl]-pyrrolidine', '2-Methyl-5-methoxy-benzopyran-4-one', '3,4-dihydroxybenzoic acid geranyl ester', '3-O-β-D-quinovopyranosyl cincholic acid', 'Afzelin, 3-O-α-rhamnosyl kaempferol', 'Egonol', '4-Nerolidilcatechol', ""2-(2'-O-transcoumaroyl)-C-β-D-glucopyranosyl-1,3,6,7-tetrahydroxyxanthone"", 'Syringic acid', '(+)-3-O-feruloylcassine', '2-methyl-5-[8(Z),11(Z)-pentadecadienyl]resorcinol', 'Methyl 6,7,8-trimethoxydihydrocinnamate', '2-Hexyl-3-methyl-butanodioic acid', 'fraxinellone', '6-[ 8(Z),11(Z) -pentadecadienyl] salicylic acid', 'Gedunin', 'Pedalin, pedalitin 6-O-β -glucopyranoside', 'Caseargrewiin F; (1R*,3S*,5S*,6aR*,7S*,8R*,10R*,10aR*)-1,3-Bis(acetyloxy)-3,5,6,6a,7,8,9,10-octahydro-10-hydroxy-7,8-dimethyl-7-[(2Z)-3-methylpenta-2,4-dien-1-yl]naphtho[1,8a-c]furan-5-yl Butanoate', 'Casearin L; (1R*,3S*,5S*,6aR*,7R*,8R*,9S*,10S*,10aR*)-1,10-Bis(acetyloxy)-3,5,6,6a,7,8,9,10-octahydro-9-hydroxy-5-methoxy-7,8-dimethyl-7-[(2Z)-3-methylpenta-2,4-dien-1-yl]naphtho[1,8a-c]-furan-3-yl Butanoate', 'carlinoside', 'Methyl-8-(ethanoyloxy)-2,2-dimethyl-2H-chromene-6-carboxylate', 'Amentoflavone', '1-(5,7-dihydroxy-2,2-dimethylchroman-6-yl)-3-(1,1,4a-trimethyl-2,3,4,4a,9a-hexahydro-1H-xanthen-7-yl)propan-1-one', 'Methyl (E)-6,7,8-trimethoxycinnamate', '3,4,5-Trimethoxyphenyl-1-O-β-D-(5-O-syringoyl)-apiofuranosyl-(1→6)-β-D-glucopyranoside', '6-[8(Z),11(Z),14-pentadecatrienyl]salicylic acid', 'taxifolin', ""(2'S)-2-(propan-2'-ol)-5-hydroxy-benzopyran-4-one"", 'Rel-(+)-(7S,9R,10S)-3,9,12-trihydroxycalamenene', 'Casearin S', '11β-acetoxyobacunone', '1-(5,7-dihydroxy-2,2-dimethylchroman- 6-yl)-3-[4-hydroxy-3-(3-methylbut-2-en-1-yl)- phenyl]propan-1-one', '(3R,4R)-4,7-Dihydroxymellein', ""Nitensoside B; Pedalitin 6-O-α-rhamnopyranosyl(1'''→6'')-β-glucopyranoside"", 'Methyl gallate', 'Amentoflavone 7”,4”’-dimethyl ether', 'Picramnioside F', 'Lauryl gallate', 'Syringaldehyde', '22-hydroxytirucalla-7,24-diene-2,3-dione', 'Trans-3’-methylsulphonylallyl trans-cinnamate', '(3-(2-(4-hydroxyphenyl)-2-oxoethyl)-5,6-dihydropyridin- 2(1H)-one)', 'Mangiferin', 'Salacin', '6-pentadecylsalicylic acid', 'Methyl-2,2-dimethylchroman-6-carboxylate', ""Myrsinoic acid A, 3-Geranyl-4-hydroxy-5-(3'',3''-dimethylallyl)benzoic acid"", '20α-Hydroxymaytenin; 20-hydroxy-20-epi-tingenone', '(-)-Epigallocatechin-3-O-gallate', 'Casearin D; (1R*,3S*,5S*,6aR*,7R*,8R*,9S*,10S*,10aR*)-1-(Acetyloxy)-3,5,6,6a,7,8,9,10-octahydro-5,10-dihydroxy-7,8-dimethyl-7-[(2Z)-3-methylpenta-2,4-dien-1-yl]naphtho[1,8a-c]furan-3,9-diyl Dibutanoate', 'Rel. (+)-(7S,10S) 3,12-dihydroxycalamenene', '1- (5,7-dihydroxy-2,2-dimethylchroman-6-yl)-3-(2,2-dimethylchroman- 6-yl)propan-1-one', 'Canavaline', 'Di-hydrodehydrodiconiferyl alcohol', 'Quercetin', ""2-(2'-O-trans-cinnamoyl)-C-β-D-glucopyranosyl-1,3,6,7-tetrahydroxyxanthone"", 'Ocotillone', 'des-N-methylnoracronycine', 'Sorbifolin 6-O-β-glucopyranoside', 'Sorbifolin', ""Nitensoside A; Sorbifolin 6-O-α-rhamnopyranosyl(1'''→6'')-β-glucopyranoside"", 'Casearin O; (1R*,3S*,5S*,6aR*,7R*,8R*,9S*,10S*,10aR*)-1,10-Bis(acetyloxy)-5-methoxy-7,8-dimethyl-7-[(2Z)-3-methylpenta-2,4-dien-1-yl]-3,5,6,6a,7,8,9,10-octahydronaphtho[1,8a-c]furan-3,9-diyl Dibutanoate', 'germacrene D', '2β-Hydroxyzuelanin-6β-cinnamate', 'arjunolic acid', 'stachysterone', 'Ethyl 2,4-dihydroxy-5,6-dimethylbenzoate', 'Cyclo-(L-Pro-L-Val)', 'Acetonide of odoratol', '(−)-Grandisin', '24-methylenecycloartan-3b-ol', 'Ixoside', 'Cognatine', 'Fagaramide']]",doi_name
"['10.1021/jf00030a035', '6-pentadecylsalicylic acid']","['10.1021/jf00030a035', ['4-metoxi-6-[2-(metilamino)fenil]- 2H-piran-2-ona', 'Tagitinin C', '1-methoxy-3-hydroxy-3,10b-4,5a-diepoxy-8b-isobutyroyloxygermacr-11(13)-en-6a,12-olide', ""3,4-dimethyl-2-(4'-hydroxy-3',5'-dimethoxyphenyl)-5-methoxy-tetrahydrofuran"", ""3',4',5',3,5,7,8-heptamethoxyflavone"", ""3,5,6,7,3',4',5'-heptamethoxyflavonol"", 'Hinesol', 'γ-eudesmol', 'α-eudesmol', 'guaiol', 'Kaempferol-3-O-D-galactopyranoside', 'Kaempferol-3-O-D-glucopyranoside', 'Quercetin-3-O-α-L-rhamnopyranosyl-(1→6)-β-D-galactopyranoside', 'Kaempferol-3-O-rutinoside', 'Kaempferol-3-O-α-L-rhamnopyranosyl-(1-6)-α-L-rhamnopyranosyl-(1-4)-β-D-glucopyranoside', '6-Hydroxy-rutin', 'Kaempferol-3-O-α-L-rhamnopyranosyl-(1→6)-β-D-galactopyranoside', 'Catechin, Ent-catechin', 'Procyanidin B-3', 'Pimara-7,15-dien-3β-ol', '(22E,24R)-ergosta-4,6,8(14),22-tetraen-3-one', '8-hydroxy-6-methoxy-3-methylisocoumarin', 'Ergosterol peroxide', 'Dimethyl terephthalate', 'Taraxerol acetate', 'α-Gardiol', 'Ferulic acid', 'β-Gardiol', 'Teucrein', '11-O-trans-feruloylteucrein', 'Apodanthoside', 'Galioside', 'Galioside aglicone', '(+)-α-Hydroxyerysotrine', '(+)-Erythravine', '(+)-11α-Hydroxyerythravine', '5,7-dimethoxy-2,2-dimethyl-2H-1-benzopyran-6-propanoic acid', 'Aphidicolin', 'Anhydrofusarubin', 'Beauvericin', 'Nitensidine D', 'Nitensidine E', ""4-Hydroxy-3-(3',7'-dimethyl-3'-hydroxy-1'-oxo-6'-octenyl)benzoic acid"", ""Sakuranetin; 5,4'-dihydroxy-7-methoxyflavanone"", ""4-Hydroxy-(3',7'-dimethyl-1'-oxo-octa-2'-E-6'-dienyl)benzoic acid"", ""Isosakuranetin; 5,7-dihydroxy-4'-methoxyflavanone"", ""1,4-Dihydroxy-2-(3',7'-dimethyl-1'-oxo-2'-E-6'-octadienyl)benzene"", ""2-(1'-pentenyl)-Quinoline"", '2-n-Pentylquinoline', '2-n-Propylquinoline', ""2-(3',4'-methylenedioxyphenylethyl)-Quinoline"", 'Farnisine', '19´-(3,4-Methylenedioxyphenyl)-nonadecanoic acid', 'Sargachromenol', ""7,4'-Dihydroxyflavone"", 'Sargaquinoic acid', '(+)-Guaiacin', '21´-(3,4-Methylenedioxyphenyl)-henicosanoic acid', ""7,4'-Dimethoxyflavone"", 'Fasciculiferin', ""Juruenolic acid; 2-(4'-Methylpentenyl-3)-10-oxoundecan-2,6-dienoic acid"", 'Tithonine', '17-(3,4-Methylenedioxyphenyl)-heptadecanoic acid', 'penduletin 4-O-methyl ether', '2α,3α,19α- trihydroxyurs-12-en-28-oic acid', '3,3-O-dimethylquercetin', '3,7,4-O-trimethylkaempferol', '3-O-methylquercetin', 'Chrysoeriol', 'acacetin', 'p-hydroxybenzoic acid', '2α,3α-dihydroxyolean-12- en-28-oic acid', 'Deoxycordifoline', '3,4-dehydro-strictosidine', '5α-carboxystrictosidine', 'Harman-3-carboxylic acid', 'Cordifoline', 'Strictosidine acid', '3,4-dehydrostrictosidine acid', 'Turbinatine', 'Methyl (3R,4R,5R)-3-{[(2E)-3-(3,4-dihydroxyphenyl)-2-propenoyl]oxy}-1,4,5-trihydroxycyclohexanecarboxylate', 'Methyl (3R,4R,5R)-3-{[(2Z)-3-(3,4-dihydroxyphenyl)-2-propenoyl]oxy}-1,4,5-trihydroxycyclohexanecarboxylate', '9-hydroxyeugenin', 'Mycoleptone A', 'Mycoleptone A tetraacetate', 'Austdiol diacetate', 'Eugenitin', 'Austdiol', 'Mycoleptone B', '6-methoxyeugenin', 'β-caryophyllene, trans-caryophyllene', 'astilbin; Rel-(2R, 3R)-dihydroquercetin-3-O-±-L-rhamnoside', 'Nectandrin B', 'Verrucosin', 'Epi-guaiacin', '7-Methyl-sargachromenol; 2,7,8-Trimethyl-2-[(3-E,7-Z)-4,12-dimethyl-8-carboxyl-3,7,11-tridecatrienyl]-3-chromen-6-ol, β-caroteno', ""2'-hydroxy-3,4,4'-trimethoxy-5',6'-(2'',2''-dimethylpyrano)-chalcone"", ""3',4'-methylenedioxy-5,5',6,7-tetramethoxyflavone"", ""3',4'-methylenedioxy-5,6,7- trimethoxyflavone"", ""3',4'-methylenedioxy-5,7-dimethoxyflavone"", '5,7-dimethoxy-2,2-dimethyl-2H-1-benzopyran-6-propanoate', 'Chlorogenic acid methyl ester, Methyl (1S,3R,4R,5R)-3-{[(2E)-3-(3,4-dihydroxyphenyl)-2-propenoyl]oxy}-1,4,5-trihydroxycyclohexanecarboxylate', '3,21-Di-epi-feroniellide B', '21β,25-dimethylmelianodiol', '21α,25-dimethylmelianodiol', ""Rel-(7R,8S,7'S,8'S)-4',5'-methylenedioxy-3,4,5,3'-tetramethoxy-7,7'-epoxylignan"", ""Rel-(7R,8S,7'S,8'S)-4-hydroxy-4',5'-methylenedioxy-3,5,3'-trimethoxy-7,7'-epoxylignan"", ""Rel-(7R,8S,7'S,8'S)-4,5,4',5'-dimethylenedioxy-3,3'-dimethoxy-7,7'-epoxylignan"", ""Rel-(7R,8S,7'S,8'S)-4'-hydroxy-3,4,5,3',5'-pentamethoxy-7,7'-epoxylignan"", ""Rel-(7R,8S,7'S,8'S)-9-hydroxy-4',5'-methylenedioxy-3,4,5,3'-tetramethoxy-7,7'-epoxylignan"", 'Pellitorine', '(3Z,5Z)-N-isobutyl-8-(30,40-methylenedioxy-phenyl)-heptadienamide', '4,5-dihydropiperlonguminine; Piperlonguminine', 'Piperine', ""N-[3-(6'-methoxy-3',4'-methy-lenedioxyphenyl)-2(Z)-propenoyl]pyrrolidine"", '4,5-dihydropiperyline', '(E)-piplartine', '(Z)-piplartine; 8(Z)-N-(12,13, 14-trimethoxycinnamoyl)- 3-pyridin-2-one', '8,9-dihydropiplartine; N-(12,13,14-trimethoxydihydrocinnamoyl)-Δ3-pyridin-2-one', '10,11-dihydropiperine; Δα,β-dihydropiperine', ""Isoswertisin-2''α1-L-rhamnoside"", '2-Episesalatin', 'Sesartemin', 'Clusifoliol', ""Isoswertisin-4'-methyl-ether-2''α-L-rhamnoside"", 'bis-5-hydroxyacronycine', '2,3-dihydro-4,9-dihydroxy-2-(2-hydroxy-propan-2-yl)- 11-methoxy-10-methylfuro[3,2-b]acridin-5(10H)-one', 'Citibrasine', ""4-Hydroxy-(3',7'-dimethyl-1'-oxo-octa-2'-Z-6'-dienyl)benzoic acid"", ""Aduncumene; Methyl 2-methoxy-5-(3'-methyl-1'-oxo-2'-butenyl)benzoate"", ""Methyl 4-hydroxy-3-(3'-methyl-2'-hydroxy-3'-butenyl)benzoate"", 'Piperaduncine B', 'Methyl 2,2-dimethyl-1-oxo-2H-1-benzopyran-6-carboxylate', ""4-Hydroxy-3-(3',7'-dimethylocta-2'-E-6'-dienyl)benzoic acid"", ""Hostmaniene; 4-Hydroxy-3-(2',3'-dihydroxy-3'-methylbutyl)benzoate"", ""Methyl 4-hydroxy-3-(3'-methyl-2'-butenyl)benzoate"", ""Methyl taboganate; Methyl 4-hydroxy-3-(3'-methyl-1'-oxo-2'-butenyl)benzoate"", ""2',6'-Dihydroxy-4'-methoxydihydrochalcone"", '3,4,5-Trimethoxydihydrocinnamic acid', '(-)-3-O-acetyl-spectaline', 'Secoxyloganin', '7-Methoxydiderroside', ""6'-Acetyl-β-D-glucopyranosyldiderroside"", 'Diderroside', 'Piscidinol A', 'Iso-odoratol', '3,11-dioxoolean-12-en-28- onic acid', 'cryptomeridiol', 'Pentaol', 'Oleanonic acid', 'Nilocetin', 'Hispidol A', 'Methacrylic acid', 'Cusculine; 1,2,3,5,6-pentamethoxy-9-acridone', 'Cuspanine; 1-hydroxy-2,3,5,6-tetramethoxy-9-acridone', 'Xanthyletin', 'Stearic acid 4-pentoyloxyphenethyl ester', '3,4-dihydro-3,5,8-trihydroxy-6-methoxy-2,2,7-trimethyl-2Hpyrano[ 2,3-a]acridin-12(7H)-one', '5-hydroxynoracronycine; Atalaphyllidine', 'Citrusinine-I', 'Glycocitrine-I', '1,3,5-trihydroxy-4-methoxy-10-methyl- 2,8-bis(3-methylbut-2-enyl)acridin-9(10H)-one', 'Pyranofoline', '1,3,5-trihydroxy- 2,8-bis(3-methylbut-2-enyl)-10-methyl-9-acridone', 'Citrusinine-II', 'Glycocitrine-IV', 'Isopimpinellin', 'cyclo (L)-Pro-Gly', ""4-Methoxy-3-(3',7'-dimethylocta-2'-E-6'-dienyl)benzoic acid"", 'Methyl-8-hydroxy-2,2-dimethyl-2H-chromene-6-carboxylate', ""3-(3',7 '-dimethyl-2',6 '-octadienyl)-4-methoxy-benzoic acid"", '2α,3α-Dihydroxy-urs-12-en-28-oic acid', 'Haplotusine', '2-phenyl-4H-chromen-4-one', 'β-Sitosterol benzoate', '5-hydroxyflavone', '3-O-β-D-(6’-methyl)-glucopyranosyl-28-O-β-D-glucopyranosyl-oleanate', 'Oleanolic acid 3-sophoroside', 'Sinapyl 4-O-β-D-glucopyranoside aldehyde', 'Sinapyl 4-O-β-D-glucopyranoside alcohol', 'N-acetylnonaine', 'Liriodenine', '[10]-gingerol', ""2,4-Dihydroxy-6-[(1'E,3'E)-penta-1', 3'-dienyl]-benzaldehyde"", '2-methyl-5-[8(Z)-pentadecenyl]resorcinol', 'Nitensidine A', '2-hydroxyphenylacetic acid', '3-O-β-D-quinovopyranosyl quinovic acid', 'scillascillin', 'Kokusaginine', ""2-(2'-O-trans-caffeoyl)-C-β-D-glucopyranosyl-1,3,6,7-tetrahydroxyxanthone"", 'Netzahualcoyene', 'Casearin X Dialdehyde; (2R*,4aS*,5S*,7R*,8R*,8aS*)-4,4a-Diformyl-1,2,4a,5,6,7,8,8a-octahydro-5-hydroxy-7,8-dimethyl-8-[(2Z)-3-methylpenta-2,4-dien-1-yl]naphthalen-2-yl Butanoate', 'polypodine B', 'n-Propyl gallate', ""3',4',5',5,7,8-hexamethoxyflavone"", 'Isopropyl gallate', '6β-hydroxy-7-epigardoside methyl ester', 'Leptomerine', '5-hydroxy-N-methylseverifoline', '19,20-Epoxycytochalasin N', 'ellagic acid 4-O-α-L-rhamnopyranoside; eschweilenol C', 'Mayoside C', 'Ourateacatechin', ""3',4',5',5,7-pentamethoxyflavone"", '2-methyl-5-pentadecylresorcinol', '3β-hydroxy-stigmast-5-en-7-one; 24-β-7-oxositosterol', 'Griseofulvin', ""7-Hydroxy-4',6-dimethoxyisoflavone; Afrormosin; Afromosin"", '8-methoxymellein', '(±)-Syringaresinol', 'Cyclo-(L-Pro-L-Val)', 'Acetonide of odoratol', '(−)-Grandisin', '2,7-Di-O-acetylcasearupestrin A', 'Nitensidine B', '1-methyl-2-n-nonyl-4-quinolone', '5-[8(Z),11(Z),14-pentadecatrienyl]resorcinol', 'Piperol B', '(-)-Hardwickiic acid', ""5-[3''-(β-D-glucopyranosyloxy)propyl]-7-methoxy-2-(3',4'-methylenedioxyphenyl)benzofuran"", '28-O-β-D-glucopyranosyl quinovic acid', '2-Methyl-4-hydroxy-butyl caffeoate', 'N-1,N-2,N-3-Triisopentenylguanidine', 'Dibenzyl trisulphide', 'Maytenin, Tingenone', 'Maculosidine', 'Kaempferol', ""8-hydroxy-3,5,7,3',4',5'-hexamethoxyflavonol"", 'Odoratol', 'Podocarpusflavone A', 'Casearupestrin C', '6α-malonyloxy-n-butyl ester manoyl oxide', 'citrusinine-I', 'Ricinine', 'Leptophyllin A', '5-pentadecylresorcinol', 'urauchimycin B', 'Homoegonol', '[8]-gingerol', '4-Hydroxymellein', '5-hydroxymellein', 'fraxinellonone', 'Dibenzyl sulphide', '(-) Cis-4-hydroxy-6-deoxyscytalone', ""Methyl-2,2-dimethyl-8-(3'-methylbut-2'-enyl)chroman-6-carboxylate"", 'Rel-2α-hydroxyzuelanin-6β-benzoate', '2,6-di-O-acetylcasearupestrin D', 'Plumericin', '5-[8(Z),11(Z)-pentadecadienyl]resorcinol', '(-)-Spectalinine', '19,20-Epoxycytochalasin D', 'fumiquinozoline F', 'Kaempferol 3-O-α-L-rhamnopyranosyl (1→6)-O-[β -D-glucopyranosyl (1→3)-O-α-L-rhamnopyranosyl-(1→2)]-O-β -D-glucopyranosyl', '3β-O-[α-L-rhamnopyranosyl-(1→2)-O-β-D-glucopyranosyl-(1→2)-O-β-D-glucopyranosyl]-28-O-β-D-glucopyranoside pomolate', 'Dibenzyl tetrasulphide', ""2',5-dihydroxy-3-methoxy-8-dimethylallyl-6, 7-(2' ',2''-dimethylpyrano)-dihydroflavonol"", '2-n-nonyl-4-quinolone', 'Cytochalasin D', 'Isoorientin', 'Uracil', 'urauchimycin A', '2-methyl-5-[8(Z),11(Z),14-pentadecatrienyl]resorcinol', '20-hydroxyecdysone; polypodine A', '3-Acetyl aleuritolic acid', 'Alkenoic acid', 'Caseobliquin A', 'Methyl angolensate', ""5-(3'' -Hydroxypropyl)-7-methoxy-2-(3',4' -methyl-enedioxyphenyl)benzofuran"", '22β-hydroxypristimerin', '1- (5,7-dihydroxy-2,2-dimethylchroman-6-yl)-3-(2,2-dimethylchroman- 6-yl)propan-1-one', 'Canavaline', 'Di-hydrodehydrodiconiferyl alcohol', 'Quercetin', ""2-(2'-O-trans-cinnamoyl)-C-β-D-glucopyranosyl-1,3,6,7-tetrahydroxyxanthone"", 'Ocotillone', 'des-N-methylnoracronycine', 'Sorbifolin 6-O-β-glucopyranoside', 'toonacilin', 'Netzahualcoyondiol', 'Pristimerin; 20α-3-hydroxy-2-oxo-24-nor-friedela-1-10,3,5,7-tetraen-carboxylic acid-29-methylester', '3,4,5-trimethoxyphenyl 1-O-β-D-apiofuranosyl-(1→6)-O-β-D-glucopyranoside', 'β-photogedunin', 'n-Butyl gallate', ""5-[3''-(β-D-glucopyranosyloxy)propyl]-7-methoxy-2-(3',4'-dimethoxyphenyl)benzofuran"", '3,12-Dihydroxycadalene', '7-hydroxy-3- (11-dimethylallyl)-8-methoxycoumarin', 'p-Coumaric acid', '(-)-Epigallocatechin', 'Netzahualcoyonol', '1-[3-(3,7-dimethylocta-2,6-dien-1-yl)-2,4,6- trihydroxyphenyl]-3-(4-hydroxyphenyl)propan-1-one', '6α-malonyloxymanoyl oxide', 'Benzylhydroxymethyl sulphide', '1,6-di-O-caffeoyl-β-D-glucopyranoside', 'n-Pentyl gallate', 'Orcinol', 'Periconicin B', 'Phomopsilactone', ""(2S)-8-Isopentyl-2-methyl-2-(4'-methylpentyl)chroman-6-carboxylic acid"", '2,2-dimethyl-2H-chromene-6-carboxylic acid', '1,2-dihydro- 3β-hydroxy-7-deacetoxy-7-oxogedunin', 'Photogedunin', 'Casearin X; (1R*,3S*,5S*,6aR*,7S*,8S*,10R*,10aR*)-1-(Acetyloxy)-3,5,6,6a,7,8,9,10-octahydro-10-hydroxy-7,8-dimethyl-7-[(2Z)-3-methylpenta-2,4-dien-1-yl]naphtho[1,8a-c]furan-3,5-diyl Dibutanoate', 'α-L-xylopyranosyl-(4""→20)-(3-O-β-D-glucopyranosyl)-1\'-O-E-caffeoyl-β-D-glucopyranoside', ""2-(R)-Methyl-6-(S)-(tetradecyl-13'-one)-3(R)-O-tert-butyldimethylsilyl-piperidine"", 'Quercetin 3-O-α-L-rhamnopyranosyl (1→6)-O-[β -D-glucopyranosyl (1→3)-O-α-L-rhamnopyranosyl-(1→2)]-O-β -D-glucopyranosyl', 'Heveaflavone', 'Arboreumine', '3-Oxoursolic acid', 'Casearupestrin B', 'Piperyline, N-[10-(13,14-methylenedioxyphenyl)-7(E),9(E)-pentadienoyl]-pyrrolidine', 'ω-fenil alcanoic acid', '2-butyl-D-fructofuranoside', ""Gaudichaudianic acid; (2S)-2-methyl-2-(4'methyl-3'-pentenyl)-8-(3''-methyl-2-butenyl)- 2H-1-benzopyran-6-carboxylic acid"", 'limonexic acid', 'Skimmianine', 'p-hydroxybenzoic acid-geranyl ester', 'Dibenzyl disulphide', 'Proanthocyanidin', 'neoisoastilbin', '(R)-7-Hydroxymellein', ""N-[7-(3',4'-methylenedioxyphenyl)-2(Z),4(Z)-heptadienoyl]pyrrolidine"", ""Acteoside; [β-3,4-dihydroxyphenyl)-ethyl]-(3'-O-α-L-rhamnopyranosyl)-(4'-O-cafeoyl)-β-D-glycopyranoside, verbascoside"", 'Pedalitin', '1-O-(E)-feruloyl-β-D-glucopyranoside', '19,20-Epoxycytochalasin C', 'Methyl-8-hydroxy-2,2-dimethylchroman-6-carboxylate', 'Di(benzyltrithio) methane', '3,11,12-Trihydroxycadalene', 'Quercetin 3-O-sophoroside', '(3R,4R)-3,4-Dihydro-4,6-dihydroxy-3-methyl-1-oxo-1H-isochromene-5-carboxylic acid', '24-methylene-3,22-dihydroxycholesterol', 'amorphispironone', 'Casearupestrin D', 'Chaetoglobosin B', ""2-(2'-O-benzoyl)-C-β-D-glucopyranosyl-1,3,6,7-tetrahydroxyxanthone"", 'Isoplumericin', 'N-[10-(13,14-methylenedioxyphenyl)-7(E),9(Z)-pentadienoyl]-pyrrolidine', '6-[8(Z)-pentadecenyl]salicylic acid', '(2S)-2-methyl-8-(3""-methylbut-2""-enyl)-2-(4\'-methylpent-3\'-enyl)-2H-chromene-6-carboxylic acid', '(2S)-Methyl-2-methyl-8-(3""-methylbut-2""-enyl)-2-(4\'-methylpent-3\'-enyl)-2H-chromene-6-carboxylate', 'Casearin T', 'Gedunin', 'Burchellin', '5-[8(Z)-pentadecenyl]resorcinol', 'Luteolin; 2-(3,4-dihydroxyphenyl)-5,7-dihydroxy-4H-chromen-4-one', 'Sinapic acid', '19,20-Epoxycytochalasin Q', '19,20-Epoxycytochalasin R', 'Muraxanthone', '3,4,5-Triacetoxybenzoic acid', 'Odoratone', 'Rel-6β-hydroxyzuelanin-2β-benzoate', 'shidasterone', '5-hydroxymethyl- 2-furancarboxaldehyde; 5-hydroxymethyl-2-furfuraldehyde', 'atalaphyllinine', 'N-[10- (13,14-methylenedioxyphenyl)-7(E)-pentaenoyl]-pyrrolidine', '6α-acetoxymanoyl oxide', 'Rel-(+)-(7S,9R,10S)-3,9,12-trihydroxycalamenene', 'Casearin S', '11β-acetoxyobacunone', '2-Methyl-5-methoxy-benzopyran-4-one', '3,4-dihydroxybenzoic acid geranyl ester', '6α-acetoxy-14β,15β-epoxyazadirone', 'epoxy-fraxinellone', '12′-hydroxy-7′-multijuguinone', 'Kaempferitrin', 'Nitensidine C', 'Dipropyl disulphide', '2-methyl-5-[8(Z),11(Z)-pentadecadienyl]resorcinol', 'Methyl 6,7,8-trimethoxydihydrocinnamate', '2-Hexyl-3-methyl-butanodioic acid', 'fraxinellone', '6-[ 8(Z),11(Z) -pentadecadienyl] salicylic acid', 'Salacin', '6-pentadecylsalicylic acid', 'Methyl-2,2-dimethylchroman-6-carboxylate', ""Myrsinoic acid A, 3-Geranyl-4-hydroxy-5-(3'',3''-dimethylallyl)benzoic acid"", 'Pedalin, pedalitin 6-O-β -glucopyranoside', 'Caseargrewiin F; (1R*,3S*,5S*,6aR*,7S*,8R*,10R*,10aR*)-1,3-Bis(acetyloxy)-3,5,6,6a,7,8,9,10-octahydro-10-hydroxy-7,8-dimethyl-7-[(2Z)-3-methylpenta-2,4-dien-1-yl]naphtho[1,8a-c]furan-5-yl Butanoate', 'Casearin L; (1R*,3S*,5S*,6aR*,7R*,8R*,9S*,10S*,10aR*)-1,10-Bis(acetyloxy)-3,5,6,6a,7,8,9,10-octahydro-9-hydroxy-5-methoxy-7,8-dimethyl-7-[(2Z)-3-methylpenta-2,4-dien-1-yl]naphtho[1,8a-c]-furan-3-yl Butanoate', 'Platydesmine', 'Leiokinine A', 'Cabraleadiol', 'schaftoside', ""(2S)-Methyl-8-isopentyl-2-methyl-2-(4'-methylpentyl)chroman-6-carboxylate"", 'Casearupestrin A', '2-oxo-piperol B; (7S*, 8R*, 1R*, 3R*)-3,4,5-trimethoxy-3,7-cyclo-8,1-neolig-8-ene-2,4(3H)-dione', 'taxifolin', ""(2'S)-2-(propan-2'-ol)-5-hydroxy-benzopyran-4-one"", '6-[8(Z),11(Z),14-pentadecatrienyl]salicylic acid', 'Sorbifolin', ""Nitensoside A; Sorbifolin 6-O-α-rhamnopyranosyl(1'''→6'')-β-glucopyranoside"", 'Casearin O; (1R*,3S*,5S*,6aR*,7R*,8R*,9S*,10S*,10aR*)-1,10-Bis(acetyloxy)-5-methoxy-7,8-dimethyl-7-[(2Z)-3-methylpenta-2,4-dien-1-yl]-3,5,6,6a,7,8,9,10-octahydronaphtho[1,8a-c]furan-3,9-diyl Dibutanoate', 'germacrene D', '1-(5,7-dihydroxy-2,2-dimethylchroman- 6-yl)-3-[4-hydroxy-3-(3-methylbut-2-en-1-yl)- phenyl]propan-1-one', '(3R,4R)-4,7-Dihydroxymellein', ""Nitensoside B; Pedalitin 6-O-α-rhamnopyranosyl(1'''→6'')-β-glucopyranoside"", 'Methyl gallate', '3-O-β-D-quinovopyranosyl cincholic acid', 'Afzelin, 3-O-α-rhamnosyl kaempferol', 'Egonol', '4-Nerolidilcatechol', ""2-(2'-O-transcoumaroyl)-C-β-D-glucopyranosyl-1,3,6,7-tetrahydroxyxanthone"", 'Syringic acid', '(+)-3-O-feruloylcassine', '(3-(2-(4-hydroxyphenyl)-2-oxoethyl)-5,6-dihydropyridin- 2(1H)-one)', 'Mangiferin', 'Viburgenin', ""Pterogynoside; Kaempferol-3-O-(3''-O-4'''-methylgallate-α-L-rhamnoside)"", 'Isobutyl gallate', '7′-multijuguinone', '20α-Hydroxymaytenin; 20-hydroxy-20-epi-tingenone', '(-)-Epigallocatechin-3-O-gallate', 'Casearin D; (1R*,3S*,5S*,6aR*,7R*,8R*,9S*,10S*,10aR*)-1-(Acetyloxy)-3,5,6,6a,7,8,9,10-octahydro-5,10-dihydroxy-7,8-dimethyl-7-[(2Z)-3-methylpenta-2,4-dien-1-yl]naphtho[1,8a-c]furan-3,9-diyl Dibutanoate', 'Rel. (+)-(7S,10S) 3,12-dihydroxycalamenene', 'carlinoside', 'Methyl-8-(ethanoyloxy)-2,2-dimethyl-2H-chromene-6-carboxylate', 'Amentoflavone', '1-(5,7-dihydroxy-2,2-dimethylchroman-6-yl)-3-(1,1,4a-trimethyl-2,3,4,4a,9a-hexahydro-1H-xanthen-7-yl)propan-1-one', 'Methyl (E)-6,7,8-trimethoxycinnamate', '3,4,5-Trimethoxyphenyl-1-O-β-D-(5-O-syringoyl)-apiofuranosyl-(1→6)-β-D-glucopyranoside', 'Tetrahydropiperyline, N-[10-(13,14-methylenedioxyphenyl)-pentanoyl]-pyrrolidine', 'Piperovatine', '2,4,6-trimethoxybenzoic acid', '1-O-(E)-caffeoyl-β-D-glucopyranoside', 'Gallic acid; 3,4,5-trihydroxybenzoic acid', 'Quercitrin, 3-O-α-rhamnosylquercetin', '2β-Hydroxyzuelanin-6β-cinnamate', 'arjunolic acid', 'stachysterone', 'Ethyl 2,4-dihydroxy-5,6-dimethylbenzoate', 'Amentoflavone 7”,4”’-dimethyl ether', 'Picramnioside F', 'Lauryl gallate', 'Syringaldehyde', '22-hydroxytirucalla-7,24-diene-2,3-dione', 'Trans-3’-methylsulphonylallyl trans-cinnamate', '24-methylenecycloartan-3b-ol', 'Ixoside', 'Cognatine', 'Fagaramide', 'Chalepin', 'Chlorogenic acid', '(4R)-4,8-dihydroxy-α-tetralone']]",doi_name
"['10.1590/S0100-40422008000400018', 'Quercetin 3-O-sophoroside']","['10.1590/S0100-40422008000400018', ['N-acetylnonaine', 'Sinapyl 4-O-β-D-glucopyranoside alcohol', 'Liriodenine', 'Sinapyl 4-O-β-D-glucopyranoside aldehyde', '2α,3α-Dihydroxy-urs-12-en-28-oic acid', 'Haplotusine', 'β-Sitosterol benzoate', '5-hydroxyflavone', '2-phenyl-4H-chromen-4-one', '3-O-β-D-(6’-methyl)-glucopyranosyl-28-O-β-D-glucopyranosyl-oleanate', 'Oleanolic acid 3-sophoroside', 'Procyanidin B-3', 'Kaempferol-3-O-D-galactopyranoside', 'Kaempferol-3-O-D-glucopyranoside', 'Quercetin-3-O-α-L-rhamnopyranosyl-(1→6)-β-D-galactopyranoside', '6-Hydroxy-rutin', 'Kaempferol-3-O-α-L-rhamnopyranosyl-(1-6)-α-L-rhamnopyranosyl-(1-4)-β-D-glucopyranoside', 'Catechin, Ent-catechin', 'Kaempferol-3-O-α-L-rhamnopyranosyl-(1→6)-β-D-galactopyranoside', 'Kaempferol-3-O-rutinoside', 'α-eudesmol', 'guaiol', 'γ-eudesmol', 'Hinesol', 'Galioside aglicone', 'Teucrein', '11-O-trans-feruloylteucrein', 'Apodanthoside', 'Galioside', ""3',4',5',3,5,7,8-heptamethoxyflavone"", ""3,5,6,7,3',4',5'-heptamethoxyflavonol"", '5,7-dimethoxy-2,2-dimethyl-2H-1-benzopyran-6-propanoic acid', 'Anhydrofusarubin', 'Beauvericin', '4,5-dihydropiperlonguminine; Piperlonguminine', '(E)-piplartine', '8,9-dihydropiplartine; N-(12,13,14-trimethoxydihydrocinnamoyl)-Δ3-pyridin-2-one', 'Piperine', '10,11-dihydropiperine; Δα,β-dihydropiperine', 'Pellitorine', ""N-[3-(6'-methoxy-3',4'-methy-lenedioxyphenyl)-2(Z)-propenoyl]pyrrolidine"", '4,5-dihydropiperyline', '(Z)-piplartine; 8(Z)-N-(12,13, 14-trimethoxycinnamoyl)- 3-pyridin-2-one', '(3Z,5Z)-N-isobutyl-8-(30,40-methylenedioxy-phenyl)-heptadienamide', 'Methyl (3R,4R,5R)-3-{[(2Z)-3-(3,4-dihydroxyphenyl)-2-propenoyl]oxy}-1,4,5-trihydroxycyclohexanecarboxylate', 'Methyl (3R,4R,5R)-3-{[(2E)-3-(3,4-dihydroxyphenyl)-2-propenoyl]oxy}-1,4,5-trihydroxycyclohexanecarboxylate', ""7,4'-Dimethoxyflavone"", '(+)-Guaiacin', 'Fasciculiferin', 'Farnisine', '17-(3,4-Methylenedioxyphenyl)-heptadecanoic acid', 'Sargaquinoic acid', ""7,4'-Dihydroxyflavone"", '21´-(3,4-Methylenedioxyphenyl)-henicosanoic acid', 'Sargachromenol', 'Tithonine', '19´-(3,4-Methylenedioxyphenyl)-nonadecanoic acid', ""Juruenolic acid; 2-(4'-Methylpentenyl-3)-10-oxoundecan-2,6-dienoic acid"", 'Chlorogenic acid methyl ester, Methyl (1S,3R,4R,5R)-3-{[(2E)-3-(3,4-dihydroxyphenyl)-2-propenoyl]oxy}-1,4,5-trihydroxycyclohexanecarboxylate', '7-Methoxydiderroside', 'Diderroside', ""6'-Acetyl-β-D-glucopyranosyldiderroside"", 'Secoxyloganin', '5,7-dimethoxy-2,2-dimethyl-2H-1-benzopyran-6-propanoate', 'Dimethyl terephthalate', '(22E,24R)-ergosta-4,6,8(14),22-tetraen-3-one', '8-hydroxy-6-methoxy-3-methylisocoumarin', 'Ergosterol peroxide', 'Pimara-7,15-dien-3β-ol', 'Methacrylic acid', 'Isopimpinellin', '(+)-α-Hydroxyerysotrine', '(+)-Erythravine', '(+)-11α-Hydroxyerythravine', 'Clusifoliol', ""Isoswertisin-4'-methyl-ether-2''α-L-rhamnoside"", ""Isoswertisin-2''α1-L-rhamnoside"", '2-Episesalatin', 'Sesartemin', '9-hydroxyeugenin', 'Mycoleptone A', 'Mycoleptone A tetraacetate', 'Eugenitin', 'Austdiol', '6-methoxyeugenin', 'Austdiol diacetate', 'Mycoleptone B', ""4-Hydroxy-(3',7'-dimethyl-1'-oxo-octa-2'-E-6'-dienyl)benzoic acid"", ""Sakuranetin; 5,4'-dihydroxy-7-methoxyflavanone"", ""Isosakuranetin; 5,7-dihydroxy-4'-methoxyflavanone"", ""1,4-Dihydroxy-2-(3',7'-dimethyl-1'-oxo-2'-E-6'-octadienyl)benzene"", ""4-Hydroxy-3-(3',7'-dimethyl-3'-hydroxy-1'-oxo-6'-octenyl)benzoic acid"", ""Aduncumene; Methyl 2-methoxy-5-(3'-methyl-1'-oxo-2'-butenyl)benzoate"", ""Methyl 4-hydroxy-3-(3'-methyl-2'-butenyl)benzoate"", ""Methyl 4-hydroxy-3-(3'-methyl-2'-hydroxy-3'-butenyl)benzoate"", '3,4,5-Trimethoxydihydrocinnamic acid', ""Methyl taboganate; Methyl 4-hydroxy-3-(3'-methyl-1'-oxo-2'-butenyl)benzoate"", ""4-Hydroxy-(3',7'-dimethyl-1'-oxo-octa-2'-Z-6'-dienyl)benzoic acid"", 'Methyl 2,2-dimethyl-1-oxo-2H-1-benzopyran-6-carboxylate', ""4-Hydroxy-3-(3',7'-dimethylocta-2'-E-6'-dienyl)benzoic acid"", ""2',6'-Dihydroxy-4'-methoxydihydrochalcone"", ""Hostmaniene; 4-Hydroxy-3-(2',3'-dihydroxy-3'-methylbutyl)benzoate"", 'Piperaduncine B', 'Taraxerol acetate', '5-hydroxynoracronycine; Atalaphyllidine', 'Citrusinine-I', 'Glycocitrine-I', 'Pyranofoline', '1,3,5-trihydroxy- 2,8-bis(3-methylbut-2-enyl)-10-methyl-9-acridone', '1,3,5-trihydroxy-4-methoxy-10-methyl- 2,8-bis(3-methylbut-2-enyl)acridin-9(10H)-one', 'Citrusinine-II', 'Glycocitrine-IV', '3,4-dihydro-3,5,8-trihydroxy-6-methoxy-2,2,7-trimethyl-2Hpyrano[ 2,3-a]acridin-12(7H)-one', 'Aphidicolin', 'cyclo (L)-Pro-Gly', '(-)-3-O-acetyl-spectaline', '1-methoxy-3-hydroxy-3,10b-4,5a-diepoxy-8b-isobutyroyloxygermacr-11(13)-en-6a,12-olide', 'Tagitinin C', ""2-(3',4'-methylenedioxyphenylethyl)-Quinoline"", ""2-(1'-pentenyl)-Quinoline"", '2-n-Propylquinoline', '2-n-Pentylquinoline', ""Rel-(7R,8S,7'S,8'S)-4,5,4',5'-dimethylenedioxy-3,3'-dimethoxy-7,7'-epoxylignan"", ""Rel-(7R,8S,7'S,8'S)-4'-hydroxy-3,4,5,3',5'-pentamethoxy-7,7'-epoxylignan"", ""Rel-(7R,8S,7'S,8'S)-4-hydroxy-4',5'-methylenedioxy-3,5,3'-trimethoxy-7,7'-epoxylignan"", ""Rel-(7R,8S,7'S,8'S)-9-hydroxy-4',5'-methylenedioxy-3,4,5,3'-tetramethoxy-7,7'-epoxylignan"", ""Rel-(7R,8S,7'S,8'S)-4',5'-methylenedioxy-3,4,5,3'-tetramethoxy-7,7'-epoxylignan"", 'Nitensidine E', 'Nitensidine D', 'α-Gardiol', 'β-Gardiol', 'Ferulic acid', ""4-Methoxy-3-(3',7'-dimethylocta-2'-E-6'-dienyl)benzoic acid"", 'Methyl-8-hydroxy-2,2-dimethyl-2H-chromene-6-carboxylate', ""3-(3',7 '-dimethyl-2',6 '-octadienyl)-4-methoxy-benzoic acid"", ""3,4-dimethyl-2-(4'-hydroxy-3',5'-dimethoxyphenyl)-5-methoxy-tetrahydrofuran"", '2α,3α,19α- trihydroxyurs-12-en-28-oic acid', '3,3-O-dimethylquercetin', 'penduletin 4-O-methyl ether', '3,7,4-O-trimethylkaempferol', 'p-hydroxybenzoic acid', '3-O-methylquercetin', 'acacetin', 'Chrysoeriol', '2α,3α-dihydroxyolean-12- en-28-oic acid', 'astilbin; Rel-(2R, 3R)-dihydroquercetin-3-O-±-L-rhamnoside', '4-metoxi-6-[2-(metilamino)fenil]- 2H-piran-2-ona', 'Xanthyletin', 'Stearic acid 4-pentoyloxyphenethyl ester', ""2'-hydroxy-3,4,4'-trimethoxy-5',6'-(2'',2''-dimethylpyrano)-chalcone"", ""3',4'-methylenedioxy-5,6,7- trimethoxyflavone"", ""3',4'-methylenedioxy-5,5',6,7-tetramethoxyflavone"", ""3',4'-methylenedioxy-5,7-dimethoxyflavone"", 'Nilocetin', 'Hispidol A', 'Pentaol', '3,11-dioxoolean-12-en-28- onic acid', 'cryptomeridiol', 'Iso-odoratol', 'Oleanonic acid', 'Piscidinol A', '5α-carboxystrictosidine', '3,4-dehydrostrictosidine acid', 'Strictosidine acid', 'Turbinatine', 'Harman-3-carboxylic acid', '3,4-dehydro-strictosidine', 'Deoxycordifoline', 'Cordifoline', 'Verrucosin', '7-Methyl-sargachromenol; 2,7,8-Trimethyl-2-[(3-E,7-Z)-4,12-dimethyl-8-carboxyl-3,7,11-tridecatrienyl]-3-chromen-6-ol, β-caroteno', 'Epi-guaiacin', 'Nectandrin B', '21α,25-dimethylmelianodiol', '21β,25-dimethylmelianodiol', '3,21-Di-epi-feroniellide B', '2,3-dihydro-4,9-dihydroxy-2-(2-hydroxy-propan-2-yl)- 11-methoxy-10-methylfuro[3,2-b]acridin-5(10H)-one', 'Citibrasine', 'bis-5-hydroxyacronycine', 'β-caryophyllene, trans-caryophyllene', 'Cusculine; 1,2,3,5,6-pentamethoxy-9-acridone', 'Cuspanine; 1-hydroxy-2,3,5,6-tetramethoxy-9-acridone', '[10]-gingerol', ""2,4-Dihydroxy-6-[(1'E,3'E)-penta-1', 3'-dienyl]-benzaldehyde"", '2-methyl-5-[8(Z)-pentadecenyl]resorcinol', 'Kaempferol', ""2-(2'-O-trans-caffeoyl)-C-β-D-glucopyranosyl-1,3,6,7-tetrahydroxyxanthone"", 'Netzahualcoyene', 'Casearin X Dialdehyde; (2R*,4aS*,5S*,7R*,8R*,8aS*)-4,4a-Diformyl-1,2,4a,5,6,7,8,8a-octahydro-5-hydroxy-7,8-dimethyl-8-[(2Z)-3-methylpenta-2,4-dien-1-yl]naphthalen-2-yl Butanoate', 'polypodine B', 'n-Propyl gallate', ""3',4',5',5,7,8-hexamethoxyflavone"", 'Isopropyl gallate', '6β-hydroxy-7-epigardoside methyl ester', 'Tetrahydropiperyline, N-[10-(13,14-methylenedioxyphenyl)-pentanoyl]-pyrrolidine', 'Piperovatine', '2,4,6-trimethoxybenzoic acid', '1-O-(E)-caffeoyl-β-D-glucopyranoside', '19,20-Epoxycytochalasin N', 'ellagic acid 4-O-α-L-rhamnopyranoside; eschweilenol C', 'Mayoside C', 'Ourateacatechin', ""3',4',5',5,7-pentamethoxyflavone"", '2-methyl-5-pentadecylresorcinol', '3β-hydroxy-stigmast-5-en-7-one; 24-β-7-oxositosterol', 'Kokusaginine', ""7-Hydroxy-4',6-dimethoxyisoflavone; Afrormosin; Afromosin"", '8-methoxymellein', '(±)-Syringaresinol', 'Cyclo-(L-Pro-L-Val)', 'Acetonide of odoratol', '(−)-Grandisin', '24-methylenecycloartan-3b-ol', 'Ixoside', 'Piperol B', '(-)-Hardwickiic acid', ""5-[3''-(β-D-glucopyranosyloxy)propyl]-7-methoxy-2-(3',4'-methylenedioxyphenyl)benzofuran"", '28-O-β-D-glucopyranosyl quinovic acid', '2-Methyl-4-hydroxy-butyl caffeoate', 'N-1,N-2,N-3-Triisopentenylguanidine', 'Dibenzyl trisulphide', 'Maytenin, Tingenone', 'Maculosidine', 'Podocarpusflavone A', '2-hydroxyphenylacetic acid', 'Nitensidine A', ""8-hydroxy-3,5,7,3',4',5'-hexamethoxyflavonol"", 'Odoratol', 'Leptomerine', '5-hydroxy-N-methylseverifoline', 'Uracil', 'Casearupestrin C', '6α-malonyloxy-n-butyl ester manoyl oxide', 'citrusinine-I', 'Ricinine', 'Leptophyllin A', '5-pentadecylresorcinol', '19,20-Epoxycytochalasin D', 'fumiquinozoline F', 'Kaempferol 3-O-α-L-rhamnopyranosyl (1→6)-O-[β -D-glucopyranosyl (1→3)-O-α-L-rhamnopyranosyl-(1→2)]-O-β -D-glucopyranosyl', '3β-O-[α-L-rhamnopyranosyl-(1→2)-O-β-D-glucopyranosyl-(1→2)-O-β-D-glucopyranosyl]-28-O-β-D-glucopyranoside pomolate', 'Dibenzyl tetrasulphide', '2,7-Di-O-acetylcasearupestrin A', 'Nitensidine B', '1-methyl-2-n-nonyl-4-quinolone', '5-[8(Z),11(Z),14-pentadecatrienyl]resorcinol', 'Arboreumine', ""2',5-dihydroxy-3-methoxy-8-dimethylallyl-6, 7-(2' ',2''-dimethylpyrano)-dihydroflavonol"", '2-n-nonyl-4-quinolone', 'Cytochalasin D', 'Isoorientin', 'urauchimycin B', 'Homoegonol', '[8]-gingerol', '4-Hydroxymellein', '5-hydroxymellein', 'fraxinellonone', 'Dibenzyl sulphide', '(-) Cis-4-hydroxy-6-deoxyscytalone', 'Plumericin', '5-[8(Z),11(Z)-pentadecadienyl]resorcinol', '(-)-Spectalinine', 'Pedalitin', '1-O-(E)-feruloyl-β-D-glucopyranoside', 'urauchimycin A', 'p-Coumaric acid', '(-)-Epigallocatechin', 'Netzahualcoyonol', '1-[3-(3,7-dimethylocta-2,6-dien-1-yl)-2,4,6- trihydroxyphenyl]-3-(4-hydroxyphenyl)propan-1-one', '6α-malonyloxymanoyl oxide', 'Benzylhydroxymethyl sulphide', '1,6-di-O-caffeoyl-β-D-glucopyranoside', '2-methyl-5-[8(Z),11(Z),14-pentadecatrienyl]resorcinol', '20-hydroxyecdysone; polypodine A', '3-Acetyl aleuritolic acid', 'Alkenoic acid', 'Quercetin 3-O-α-L-rhamnopyranosyl (1→6)-O-[β -D-glucopyranosyl (1→3)-O-α-L-rhamnopyranosyl-(1→2)]-O-β -D-glucopyranosyl', 'Heveaflavone', 'Rel-2α-hydroxyzuelanin-6β-benzoate', '2,6-di-O-acetylcasearupestrin D', ""Methyl-2,2-dimethyl-8-(3'-methylbut-2'-enyl)chroman-6-carboxylate"", '3-Oxoursolic acid', 'Casearupestrin B', 'toonacilin', 'Netzahualcoyondiol', 'Pristimerin; 20α-3-hydroxy-2-oxo-24-nor-friedela-1-10,3,5,7-tetraen-carboxylic acid-29-methylester', '3,4,5-trimethoxyphenyl 1-O-β-D-apiofuranosyl-(1→6)-O-β-D-glucopyranoside', 'β-photogedunin', 'n-Butyl gallate', ""5-[3''-(β-D-glucopyranosyloxy)propyl]-7-methoxy-2-(3',4'-dimethoxyphenyl)benzofuran"", '3,12-Dihydroxycadalene', '7-hydroxy-3- (11-dimethylallyl)-8-methoxycoumarin', ""N-[7-(3',4'-methylenedioxyphenyl)-2(Z),4(Z)-heptadienoyl]pyrrolidine"", ""Acteoside; [β-3,4-dihydroxyphenyl)-ethyl]-(3'-O-α-L-rhamnopyranosyl)-(4'-O-cafeoyl)-β-D-glycopyranoside, verbascoside"", ""2-(R)-Methyl-6-(S)-(tetradecyl-13'-one)-3(R)-O-tert-butyldimethylsilyl-piperidine"", '(2S)-Methyl-2-methyl-8-(3""-methylbut-2""-enyl)-2-(4\'-methylpent-3\'-enyl)-2H-chromene-6-carboxylate', 'Casearin T', 'Piperyline, N-[10-(13,14-methylenedioxyphenyl)-7(E),9(E)-pentadienoyl]-pyrrolidine', 'Caseobliquin A', 'Methyl angolensate', ""5-(3'' -Hydroxypropyl)-7-methoxy-2-(3',4' -methyl-enedioxyphenyl)benzofuran"", '22β-hydroxypristimerin', '1- (5,7-dihydroxy-2,2-dimethylchroman-6-yl)-3-(2,2-dimethylchroman- 6-yl)propan-1-one', 'Canavaline', 'Di-hydrodehydrodiconiferyl alcohol', 'Quercetin', ""2-(2'-O-trans-cinnamoyl)-C-β-D-glucopyranosyl-1,3,6,7-tetrahydroxyxanthone"", 'Ocotillone', 'des-N-methylnoracronycine', 'Sorbifolin 6-O-β-glucopyranoside', '6α-acetoxymanoyl oxide', 'Methyl-8-hydroxy-2,2-dimethylchroman-6-carboxylate', 'Di(benzyltrithio) methane', '3,11,12-Trihydroxycadalene', 'Quercetin 3-O-sophoroside', '19,20-Epoxycytochalasin C', 'n-Pentyl gallate', 'Orcinol', 'Periconicin B', 'Phomopsilactone', ""(2S)-8-Isopentyl-2-methyl-2-(4'-methylpentyl)chroman-6-carboxylic acid"", '2,2-dimethyl-2H-chromene-6-carboxylic acid', '1,2-dihydro- 3β-hydroxy-7-deacetoxy-7-oxogedunin', 'Photogedunin', 'Casearin X; (1R*,3S*,5S*,6aR*,7S*,8S*,10R*,10aR*)-1-(Acetyloxy)-3,5,6,6a,7,8,9,10-octahydro-10-hydroxy-7,8-dimethyl-7-[(2Z)-3-methylpenta-2,4-dien-1-yl]naphtho[1,8a-c]furan-3,5-diyl Dibutanoate', 'α-L-xylopyranosyl-(4""→20)-(3-O-β-D-glucopyranosyl)-1\'-O-E-caffeoyl-β-D-glucopyranoside', '6-[8(Z)-pentadecenyl]salicylic acid', '(2S)-2-methyl-8-(3""-methylbut-2""-enyl)-2-(4\'-methylpent-3\'-enyl)-2H-chromene-6-carboxylic acid', 'Burchellin', '5-[8(Z)-pentadecenyl]resorcinol', 'Luteolin; 2-(3,4-dihydroxyphenyl)-5,7-dihydroxy-4H-chromen-4-one', 'Sinapic acid', 'ω-fenil alcanoic acid', '2-butyl-D-fructofuranoside', ""Gaudichaudianic acid; (2S)-2-methyl-2-(4'methyl-3'-pentenyl)-8-(3''-methyl-2-butenyl)- 2H-1-benzopyran-6-carboxylic acid"", 'limonexic acid', 'Skimmianine', 'p-hydroxybenzoic acid-geranyl ester', 'Dibenzyl disulphide', 'Proanthocyanidin', 'neoisoastilbin', '(R)-7-Hydroxymellein', 'Kaempferitrin', 'Nitensidine C', 'Dipropyl disulphide', '2-methyl-5-[8(Z),11(Z)-pentadecadienyl]resorcinol', 'Methyl 6,7,8-trimethoxydihydrocinnamate', '2-Hexyl-3-methyl-butanodioic acid', 'fraxinellone', '6-[ 8(Z),11(Z) -pentadecadienyl] salicylic acid', '(3R,4R)-3,4-Dihydro-4,6-dihydroxy-3-methyl-1-oxo-1H-isochromene-5-carboxylic acid', '24-methylene-3,22-dihydroxycholesterol', 'amorphispironone', 'Casearupestrin D', 'Chaetoglobosin B', ""2-(2'-O-benzoyl)-C-β-D-glucopyranosyl-1,3,6,7-tetrahydroxyxanthone"", 'Isoplumericin', 'N-[10-(13,14-methylenedioxyphenyl)-7(E),9(Z)-pentadienoyl]-pyrrolidine', 'shidasterone', '5-hydroxymethyl- 2-furancarboxaldehyde; 5-hydroxymethyl-2-furfuraldehyde', 'atalaphyllinine', 'N-[10- (13,14-methylenedioxyphenyl)-7(E)-pentaenoyl]-pyrrolidine', '2-Methyl-5-methoxy-benzopyran-4-one', '3,4-dihydroxybenzoic acid geranyl ester', 'Gedunin', 'Pedalin, pedalitin 6-O-β -glucopyranoside', 'Caseargrewiin F; (1R*,3S*,5S*,6aR*,7S*,8R*,10R*,10aR*)-1,3-Bis(acetyloxy)-3,5,6,6a,7,8,9,10-octahydro-10-hydroxy-7,8-dimethyl-7-[(2Z)-3-methylpenta-2,4-dien-1-yl]naphtho[1,8a-c]furan-5-yl Butanoate', 'Casearin L; (1R*,3S*,5S*,6aR*,7R*,8R*,9S*,10S*,10aR*)-1,10-Bis(acetyloxy)-3,5,6,6a,7,8,9,10-octahydro-9-hydroxy-5-methoxy-7,8-dimethyl-7-[(2Z)-3-methylpenta-2,4-dien-1-yl]naphtho[1,8a-c]-furan-3-yl Butanoate', '19,20-Epoxycytochalasin Q', '19,20-Epoxycytochalasin R', 'Muraxanthone', '6α-acetoxy-14β,15β-epoxyazadirone', 'epoxy-fraxinellone', '12′-hydroxy-7′-multijuguinone', 'Cabraleadiol', 'schaftoside', ""(2S)-Methyl-8-isopentyl-2-methyl-2-(4'-methylpentyl)chroman-6-carboxylate"", 'Casearupestrin A', '2-oxo-piperol B; (7S*, 8R*, 1R*, 3R*)-3,4,5-trimethoxy-3,7-cyclo-8,1-neolig-8-ene-2,4(3H)-dione', 'taxifolin', ""(2'S)-2-(propan-2'-ol)-5-hydroxy-benzopyran-4-one"", 'Rel-(+)-(7S,9R,10S)-3,9,12-trihydroxycalamenene', 'Casearin S', '11β-acetoxyobacunone', '1-(5,7-dihydroxy-2,2-dimethylchroman- 6-yl)-3-[4-hydroxy-3-(3-methylbut-2-en-1-yl)- phenyl]propan-1-one', '(3R,4R)-4,7-Dihydroxymellein', ""Nitensoside B; Pedalitin 6-O-α-rhamnopyranosyl(1'''→6'')-β-glucopyranoside"", '3,4,5-Triacetoxybenzoic acid', 'Odoratone', 'Rel-6β-hydroxyzuelanin-2β-benzoate', 'arjunolic acid', 'Methyl gallate', '3-O-β-D-quinovopyranosyl cincholic acid', 'Afzelin, 3-O-α-rhamnosyl kaempferol', 'Egonol', '4-Nerolidilcatechol', ""2-(2'-O-transcoumaroyl)-C-β-D-glucopyranosyl-1,3,6,7-tetrahydroxyxanthone"", 'Syringic acid', '(+)-3-O-feruloylcassine', 'Salacin', '6-pentadecylsalicylic acid', 'Methyl-2,2-dimethylchroman-6-carboxylate', ""Myrsinoic acid A, 3-Geranyl-4-hydroxy-5-(3'',3''-dimethylallyl)benzoic acid"", '20α-Hydroxymaytenin; 20-hydroxy-20-epi-tingenone', 'Platydesmine', 'Leiokinine A', 'Griseofulvin', '(-)-Epigallocatechin-3-O-gallate', 'Casearin D; (1R*,3S*,5S*,6aR*,7R*,8R*,9S*,10S*,10aR*)-1-(Acetyloxy)-3,5,6,6a,7,8,9,10-octahydro-5,10-dihydroxy-7,8-dimethyl-7-[(2Z)-3-methylpenta-2,4-dien-1-yl]naphtho[1,8a-c]furan-3,9-diyl Dibutanoate', 'Rel. (+)-(7S,10S) 3,12-dihydroxycalamenene', 'carlinoside', 'Methyl-8-(ethanoyloxy)-2,2-dimethyl-2H-chromene-6-carboxylate', 'Amentoflavone', '1-(5,7-dihydroxy-2,2-dimethylchroman-6-yl)-3-(1,1,4a-trimethyl-2,3,4,4a,9a-hexahydro-1H-xanthen-7-yl)propan-1-one', 'Methyl (E)-6,7,8-trimethoxycinnamate', '3,4,5-Trimethoxyphenyl-1-O-β-D-(5-O-syringoyl)-apiofuranosyl-(1→6)-β-D-glucopyranoside', '6-[8(Z),11(Z),14-pentadecatrienyl]salicylic acid', 'Sorbifolin', ""Nitensoside A; Sorbifolin 6-O-α-rhamnopyranosyl(1'''→6'')-β-glucopyranoside"", 'Casearin O; (1R*,3S*,5S*,6aR*,7R*,8R*,9S*,10S*,10aR*)-1,10-Bis(acetyloxy)-5-methoxy-7,8-dimethyl-7-[(2Z)-3-methylpenta-2,4-dien-1-yl]-3,5,6,6a,7,8,9,10-octahydronaphtho[1,8a-c]furan-3,9-diyl Dibutanoate', 'germacrene D', '2β-Hydroxyzuelanin-6β-cinnamate', 'Gallic acid; 3,4,5-trihydroxybenzoic acid', 'Quercitrin, 3-O-α-rhamnosylquercetin', 'stachysterone', 'Ethyl 2,4-dihydroxy-5,6-dimethylbenzoate', 'Amentoflavone 7”,4”’-dimethyl ether', 'Picramnioside F', 'Lauryl gallate', 'Syringaldehyde', '22-hydroxytirucalla-7,24-diene-2,3-dione', 'Trans-3’-methylsulphonylallyl trans-cinnamate', '(3-(2-(4-hydroxyphenyl)-2-oxoethyl)-5,6-dihydropyridin- 2(1H)-one)', 'Mangiferin', 'Viburgenin', ""Pterogynoside; Kaempferol-3-O-(3''-O-4'''-methylgallate-α-L-rhamnoside)"", 'Isobutyl gallate', '7′-multijuguinone', 'Cognatine', 'Fagaramide', 'Chalepin', 'Chlorogenic acid', 'scillascillin', '(4R)-4,8-dihydroxy-α-tetralone', '3-O-β-D-quinovopyranosyl quinovic acid']]",doi_name
"['10.1016/S0031-9422(00)00225-9', ""5-[3''-(β-D-glucopyranosyloxy)propyl]-7-methoxy-2-(3',4'-methylenedioxyphenyl)benzofuran""]","['10.1016/S0031-9422(00)00225-9', ['guaiol', 'γ-eudesmol', 'Hinesol', 'α-eudesmol', ""2'-hydroxy-3,4,4'-trimethoxy-5',6'-(2'',2''-dimethylpyrano)-chalcone"", ""3',4'-methylenedioxy-5,6,7- trimethoxyflavone"", ""3',4'-methylenedioxy-5,5',6,7-tetramethoxyflavone"", ""3',4'-methylenedioxy-5,7-dimethoxyflavone"", 'Teucrein', '11-O-trans-feruloylteucrein', 'Galioside aglicone', 'Galioside', 'Apodanthoside', 'Mycoleptone A', '9-hydroxyeugenin', 'Austdiol', 'Mycoleptone A tetraacetate', 'Mycoleptone B', '6-methoxyeugenin', 'Austdiol diacetate', 'Eugenitin', 'Xanthyletin', '2-n-Pentylquinoline', ""2-(3',4'-methylenedioxyphenylethyl)-Quinoline"", ""2-(1'-pentenyl)-Quinoline"", '2-n-Propylquinoline', 'Secoxyloganin', 'Diderroside', '7-Methoxydiderroside', ""6'-Acetyl-β-D-glucopyranosyldiderroside"", 'Chlorogenic acid methyl ester, Methyl (1S,3R,4R,5R)-3-{[(2E)-3-(3,4-dihydroxyphenyl)-2-propenoyl]oxy}-1,4,5-trihydroxycyclohexanecarboxylate', 'Kaempferol-3-O-α-L-rhamnopyranosyl-(1-6)-α-L-rhamnopyranosyl-(1-4)-β-D-glucopyranoside', 'Procyanidin B-3', 'Catechin, Ent-catechin', 'Kaempferol-3-O-D-glucopyranoside', 'Quercetin-3-O-α-L-rhamnopyranosyl-(1→6)-β-D-galactopyranoside', '6-Hydroxy-rutin', 'Kaempferol-3-O-D-galactopyranoside', 'Kaempferol-3-O-rutinoside', 'Kaempferol-3-O-α-L-rhamnopyranosyl-(1→6)-β-D-galactopyranoside', 'Epi-guaiacin', 'Verrucosin', '7-Methyl-sargachromenol; 2,7,8-Trimethyl-2-[(3-E,7-Z)-4,12-dimethyl-8-carboxyl-3,7,11-tridecatrienyl]-3-chromen-6-ol, β-caroteno', 'Nectandrin B', ""4-Methoxy-3-(3',7'-dimethylocta-2'-E-6'-dienyl)benzoic acid"", ""3-(3',7 '-dimethyl-2',6 '-octadienyl)-4-methoxy-benzoic acid"", 'Methyl-8-hydroxy-2,2-dimethyl-2H-chromene-6-carboxylate', 'bis-5-hydroxyacronycine', 'Citibrasine', '2,3-dihydro-4,9-dihydroxy-2-(2-hydroxy-propan-2-yl)- 11-methoxy-10-methylfuro[3,2-b]acridin-5(10H)-one', 'penduletin 4-O-methyl ether', '3,3-O-dimethylquercetin', '2α,3α,19α- trihydroxyurs-12-en-28-oic acid', '3,7,4-O-trimethylkaempferol', '3-O-methylquercetin', 'Chrysoeriol', 'p-hydroxybenzoic acid', 'acacetin', '2α,3α-dihydroxyolean-12- en-28-oic acid', 'Sargachromenol', 'Sargaquinoic acid', ""7,4'-Dihydroxyflavone"", 'Farnisine', ""7,4'-Dimethoxyflavone"", '(+)-Guaiacin', '21´-(3,4-Methylenedioxyphenyl)-henicosanoic acid', '19´-(3,4-Methylenedioxyphenyl)-nonadecanoic acid', '17-(3,4-Methylenedioxyphenyl)-heptadecanoic acid', 'Fasciculiferin', ""Juruenolic acid; 2-(4'-Methylpentenyl-3)-10-oxoundecan-2,6-dienoic acid"", 'Tithonine', 'Taraxerol acetate', '21β,25-dimethylmelianodiol', '21α,25-dimethylmelianodiol', '3,21-Di-epi-feroniellide B', 'Tagitinin C', '1-methoxy-3-hydroxy-3,10b-4,5a-diepoxy-8b-isobutyroyloxygermacr-11(13)-en-6a,12-olide', ""Rel-(7R,8S,7'S,8'S)-9-hydroxy-4',5'-methylenedioxy-3,4,5,3'-tetramethoxy-7,7'-epoxylignan"", ""Rel-(7R,8S,7'S,8'S)-4,5,4',5'-dimethylenedioxy-3,3'-dimethoxy-7,7'-epoxylignan"", ""Rel-(7R,8S,7'S,8'S)-4'-hydroxy-3,4,5,3',5'-pentamethoxy-7,7'-epoxylignan"", ""Rel-(7R,8S,7'S,8'S)-4',5'-methylenedioxy-3,4,5,3'-tetramethoxy-7,7'-epoxylignan"", ""Rel-(7R,8S,7'S,8'S)-4-hydroxy-4',5'-methylenedioxy-3,5,3'-trimethoxy-7,7'-epoxylignan"", 'cyclo (L)-Pro-Gly', 'Isopimpinellin', 'Nilocetin', 'Hispidol A', 'cryptomeridiol', 'Pentaol', 'Oleanonic acid', 'Iso-odoratol', 'Piscidinol A', '3,11-dioxoolean-12-en-28- onic acid', '(+)-α-Hydroxyerysotrine', '(+)-Erythravine', '(+)-11α-Hydroxyerythravine', 'Clusifoliol', ""Isoswertisin-4'-methyl-ether-2''α-L-rhamnoside"", ""Isoswertisin-2''α1-L-rhamnoside"", '2-Episesalatin', 'Sesartemin', ""Isosakuranetin; 5,7-dihydroxy-4'-methoxyflavanone"", ""1,4-Dihydroxy-2-(3',7'-dimethyl-1'-oxo-2'-E-6'-octadienyl)benzene"", ""4-Hydroxy-3-(3',7'-dimethyl-3'-hydroxy-1'-oxo-6'-octenyl)benzoic acid"", ""Sakuranetin; 5,4'-dihydroxy-7-methoxyflavanone"", ""4-Hydroxy-(3',7'-dimethyl-1'-oxo-octa-2'-E-6'-dienyl)benzoic acid"", '5,7-dimethoxy-2,2-dimethyl-2H-1-benzopyran-6-propanoate', '(-)-3-O-acetyl-spectaline', ""3',4',5',3,5,7,8-heptamethoxyflavone"", ""3,5,6,7,3',4',5'-heptamethoxyflavonol"", ""Methyl 4-hydroxy-3-(3'-methyl-2'-butenyl)benzoate"", ""2',6'-Dihydroxy-4'-methoxydihydrochalcone"", 'Piperaduncine B', '3,4,5-Trimethoxydihydrocinnamic acid', ""Methyl taboganate; Methyl 4-hydroxy-3-(3'-methyl-1'-oxo-2'-butenyl)benzoate"", ""Hostmaniene; 4-Hydroxy-3-(2',3'-dihydroxy-3'-methylbutyl)benzoate"", 'Methyl 2,2-dimethyl-1-oxo-2H-1-benzopyran-6-carboxylate', ""4-Hydroxy-3-(3',7'-dimethylocta-2'-E-6'-dienyl)benzoic acid"", ""Methyl 4-hydroxy-3-(3'-methyl-2'-hydroxy-3'-butenyl)benzoate"", ""4-Hydroxy-(3',7'-dimethyl-1'-oxo-octa-2'-Z-6'-dienyl)benzoic acid"", ""Aduncumene; Methyl 2-methoxy-5-(3'-methyl-1'-oxo-2'-butenyl)benzoate"", 'Stearic acid 4-pentoyloxyphenethyl ester', '8-hydroxy-6-methoxy-3-methylisocoumarin', 'Ergosterol peroxide', '(22E,24R)-ergosta-4,6,8(14),22-tetraen-3-one', 'Dimethyl terephthalate', 'Pimara-7,15-dien-3β-ol', 'Nitensidine D', 'Nitensidine E', 'β-Gardiol', 'Ferulic acid', 'α-Gardiol', 'Methyl (3R,4R,5R)-3-{[(2E)-3-(3,4-dihydroxyphenyl)-2-propenoyl]oxy}-1,4,5-trihydroxycyclohexanecarboxylate', 'Methyl (3R,4R,5R)-3-{[(2Z)-3-(3,4-dihydroxyphenyl)-2-propenoyl]oxy}-1,4,5-trihydroxycyclohexanecarboxylate', 'astilbin; Rel-(2R, 3R)-dihydroquercetin-3-O-±-L-rhamnoside', 'Beauvericin', 'Anhydrofusarubin', ""3,4-dimethyl-2-(4'-hydroxy-3',5'-dimethoxyphenyl)-5-methoxy-tetrahydrofuran"", '10,11-dihydropiperine; Δα,β-dihydropiperine', '8,9-dihydropiplartine; N-(12,13,14-trimethoxydihydrocinnamoyl)-Δ3-pyridin-2-one', '4,5-dihydropiperyline', '4,5-dihydropiperlonguminine; Piperlonguminine', '(Z)-piplartine; 8(Z)-N-(12,13, 14-trimethoxycinnamoyl)- 3-pyridin-2-one', ""N-[3-(6'-methoxy-3',4'-methy-lenedioxyphenyl)-2(Z)-propenoyl]pyrrolidine"", '(E)-piplartine', 'Piperine', 'Pellitorine', '(3Z,5Z)-N-isobutyl-8-(30,40-methylenedioxy-phenyl)-heptadienamide', 'Methacrylic acid', 'Citrusinine-I', '1,3,5-trihydroxy- 2,8-bis(3-methylbut-2-enyl)-10-methyl-9-acridone', 'Pyranofoline', '1,3,5-trihydroxy-4-methoxy-10-methyl- 2,8-bis(3-methylbut-2-enyl)acridin-9(10H)-one', 'Citrusinine-II', '3,4-dihydro-3,5,8-trihydroxy-6-methoxy-2,2,7-trimethyl-2Hpyrano[ 2,3-a]acridin-12(7H)-one', 'Glycocitrine-I', '5-hydroxynoracronycine; Atalaphyllidine', 'Glycocitrine-IV', 'Aphidicolin', '5,7-dimethoxy-2,2-dimethyl-2H-1-benzopyran-6-propanoic acid', '3,4-dehydro-strictosidine', 'Turbinatine', 'Harman-3-carboxylic acid', 'Strictosidine acid', '3,4-dehydrostrictosidine acid', 'Cordifoline', '5α-carboxystrictosidine', 'Deoxycordifoline', 'β-caryophyllene, trans-caryophyllene', '4-metoxi-6-[2-(metilamino)fenil]- 2H-piran-2-ona', 'Cusculine; 1,2,3,5,6-pentamethoxy-9-acridone', 'Cuspanine; 1-hydroxy-2,3,5,6-tetramethoxy-9-acridone', '2α,3α-Dihydroxy-urs-12-en-28-oic acid', '3-O-β-D-(6’-methyl)-glucopyranosyl-28-O-β-D-glucopyranosyl-oleanate', 'Oleanolic acid 3-sophoroside', '5-hydroxyflavone', 'Haplotusine', 'β-Sitosterol benzoate', '2-phenyl-4H-chromen-4-one', 'Sinapyl 4-O-β-D-glucopyranoside aldehyde', 'N-acetylnonaine', 'Liriodenine', 'Sinapyl 4-O-β-D-glucopyranoside alcohol', 'Nitensidine A', '2-methyl-5-pentadecylresorcinol', '3β-hydroxy-stigmast-5-en-7-one; 24-β-7-oxositosterol', 'scillascillin', '(4R)-4,8-dihydroxy-α-tetralone', '[10]-gingerol', 'Homoegonol', '[8]-gingerol', '4-Hydroxymellein', '5-hydroxymellein', 'fraxinellonone', 'Dibenzyl sulphide', 'Griseofulvin', ""7-Hydroxy-4',6-dimethoxyisoflavone; Afrormosin; Afromosin"", '8-methoxymellein', '(±)-Syringaresinol', 'Sorbifolin 6-O-β-glucopyranoside', 'Rel-2α-hydroxyzuelanin-6β-benzoate', '2,6-di-O-acetylcasearupestrin D', ""Methyl-2,2-dimethyl-8-(3'-methylbut-2'-enyl)chroman-6-carboxylate"", '2,7-Di-O-acetylcasearupestrin A', 'Nitensidine B', ""2,4-Dihydroxy-6-[(1'E,3'E)-penta-1', 3'-dienyl]-benzaldehyde"", ""8-hydroxy-3,5,7,3',4',5'-hexamethoxyflavonol"", 'Odoratol', 'Leptomerine', '5-hydroxy-N-methylseverifoline', '19,20-Epoxycytochalasin N', 'ellagic acid 4-O-α-L-rhamnopyranoside; eschweilenol C', 'Viburgenin', 'Mayoside C', 'Ourateacatechin', 'Casearupestrin C', '6α-malonyloxy-n-butyl ester manoyl oxide', 'citrusinine-I', 'Ricinine', 'Leptophyllin A', '5-pentadecylresorcinol', 'Skimmianine', 'β-photogedunin', 'n-Butyl gallate', ""5-[3''-(β-D-glucopyranosyloxy)propyl]-7-methoxy-2-(3',4'-dimethoxyphenyl)benzofuran"", '3,12-Dihydroxycadalene', '7-hydroxy-3- (11-dimethylallyl)-8-methoxycoumarin', ""N-[7-(3',4'-methylenedioxyphenyl)-2(Z),4(Z)-heptadienoyl]pyrrolidine"", ""Acteoside; [β-3,4-dihydroxyphenyl)-ethyl]-(3'-O-α-L-rhamnopyranosyl)-(4'-O-cafeoyl)-β-D-glycopyranoside, verbascoside"", 'Ocotillone', 'des-N-methylnoracronycine', 'neoisoastilbin', '(R)-7-Hydroxymellein', '6α-acetoxymanoyl oxide', 'Methyl-8-hydroxy-2,2-dimethylchroman-6-carboxylate', '6α-acetoxy-14β,15β-epoxyazadirone', 'fumiquinozoline F', 'Kaempferol 3-O-α-L-rhamnopyranosyl (1→6)-O-[β -D-glucopyranosyl (1→3)-O-α-L-rhamnopyranosyl-(1→2)]-O-β -D-glucopyranosyl', '3β-O-[α-L-rhamnopyranosyl-(1→2)-O-β-D-glucopyranosyl-(1→2)-O-β-D-glucopyranosyl]-28-O-β-D-glucopyranoside pomolate', 'Dibenzyl tetrasulphide', ""2',5-dihydroxy-3-methoxy-8-dimethylallyl-6, 7-(2' ',2''-dimethylpyrano)-dihydroflavonol"", '1-methyl-2-n-nonyl-4-quinolone', '5-[8(Z),11(Z),14-pentadecatrienyl]resorcinol', 'Gallic acid; 3,4,5-trihydroxybenzoic acid', 'Quercitrin, 3-O-α-rhamnosylquercetin', 'Maculosidine', 'Podocarpusflavone A', 'Caseobliquin A', 'Methyl angolensate', ""5-(3'' -Hydroxypropyl)-7-methoxy-2-(3',4' -methyl-enedioxyphenyl)benzofuran"", '22β-hydroxypristimerin', '1- (5,7-dihydroxy-2,2-dimethylchroman-6-yl)-3-(2,2-dimethylchroman- 6-yl)propan-1-one', 'Canavaline', 'Di-hydrodehydrodiconiferyl alcohol', 'Quercetin', ""2-(2'-O-trans-cinnamoyl)-C-β-D-glucopyranosyl-1,3,6,7-tetrahydroxyxanthone"", 'Kokusaginine', ""2-(2'-O-trans-caffeoyl)-C-β-D-glucopyranosyl-1,3,6,7-tetrahydroxyxanthone"", 'Pristimerin; 20α-3-hydroxy-2-oxo-24-nor-friedela-1-10,3,5,7-tetraen-carboxylic acid-29-methylester', '3,4,5-trimethoxyphenyl 1-O-β-D-apiofuranosyl-(1→6)-O-β-D-glucopyranoside', 'p-hydroxybenzoic acid-geranyl ester', 'Dibenzyl disulphide', 'Proanthocyanidin', 'Nitensidine C', 'Dipropyl disulphide', '2-n-nonyl-4-quinolone', 'Cytochalasin D', 'Isoorientin', 'urauchimycin A', 'p-Coumaric acid', '(-)-Epigallocatechin', 'Netzahualcoyonol', '1-[3-(3,7-dimethylocta-2,6-dien-1-yl)-2,4,6- trihydroxyphenyl]-3-(4-hydroxyphenyl)propan-1-one', '6α-malonyloxymanoyl oxide', 'Benzylhydroxymethyl sulphide', '1,6-di-O-caffeoyl-β-D-glucopyranoside', '2-methyl-5-[8(Z),11(Z),14-pentadecatrienyl]resorcinol', '19,20-Epoxycytochalasin D', '3-Acetyl aleuritolic acid', 'Periconicin B', 'Phomopsilactone', ""(2S)-8-Isopentyl-2-methyl-2-(4'-methylpentyl)chroman-6-carboxylic acid"", '2,2-dimethyl-2H-chromene-6-carboxylic acid', '1,2-dihydro- 3β-hydroxy-7-deacetoxy-7-oxogedunin', 'Alkenoic acid', 'Quercetin 3-O-α-L-rhamnopyranosyl (1→6)-O-[β -D-glucopyranosyl (1→3)-O-α-L-rhamnopyranosyl-(1→2)]-O-β -D-glucopyranosyl', 'Heveaflavone', 'Arboreumine', '3-Oxoursolic acid', 'Casearupestrin B', 'toonacilin', 'Uracil', 'epoxy-fraxinellone', '12′-hydroxy-7′-multijuguinone', 'Kaempferitrin', 'Piperyline, N-[10-(13,14-methylenedioxyphenyl)-7(E),9(E)-pentadienoyl]-pyrrolidine', 'ω-fenil alcanoic acid', '2-butyl-D-fructofuranoside', ""Gaudichaudianic acid; (2S)-2-methyl-2-(4'methyl-3'-pentenyl)-8-(3''-methyl-2-butenyl)- 2H-1-benzopyran-6-carboxylic acid"", 'limonexic acid', 'Pedalitin', '1-O-(E)-feruloyl-β-D-glucopyranoside', '2-methyl-5-[8(Z),11(Z)-pentadecadienyl]resorcinol', 'Methyl 6,7,8-trimethoxydihydrocinnamate', '2-Hexyl-3-methyl-butanodioic acid', 'fraxinellone', '6-[ 8(Z),11(Z) -pentadecadienyl] salicylic acid', 'Casearupestrin A', '19,20-Epoxycytochalasin C', 'n-Pentyl gallate', 'Orcinol', 'Quercetin 3-O-sophoroside', '(3R,4R)-3,4-Dihydro-4,6-dihydroxy-3-methyl-1-oxo-1H-isochromene-5-carboxylic acid', '24-methylene-3,22-dihydroxycholesterol', 'amorphispironone', 'Casearupestrin D', 'Chaetoglobosin B', ""2-(2'-O-benzoyl)-C-β-D-glucopyranosyl-1,3,6,7-tetrahydroxyxanthone"", 'Isoplumericin', 'α-L-xylopyranosyl-(4""→20)-(3-O-β-D-glucopyranosyl)-1\'-O-E-caffeoyl-β-D-glucopyranoside', '6-[8(Z)-pentadecenyl]salicylic acid', 'Photogedunin', 'Casearin X; (1R*,3S*,5S*,6aR*,7S*,8S*,10R*,10aR*)-1-(Acetyloxy)-3,5,6,6a,7,8,9,10-octahydro-10-hydroxy-7,8-dimethyl-7-[(2Z)-3-methylpenta-2,4-dien-1-yl]naphtho[1,8a-c]furan-3,5-diyl Dibutanoate', '20-hydroxyecdysone; polypodine A', ""2-(R)-Methyl-6-(S)-(tetradecyl-13'-one)-3(R)-O-tert-butyldimethylsilyl-piperidine"", '(2S)-Methyl-2-methyl-8-(3""-methylbut-2""-enyl)-2-(4\'-methylpent-3\'-enyl)-2H-chromene-6-carboxylate', 'Casearin T', ""(2'S)-2-(propan-2'-ol)-5-hydroxy-benzopyran-4-one"", 'Maytenin, Tingenone', 'urauchimycin B', 'Netzahualcoyene', 'Casearin X Dialdehyde; (2R*,4aS*,5S*,7R*,8R*,8aS*)-4,4a-Diformyl-1,2,4a,5,6,7,8,8a-octahydro-5-hydroxy-7,8-dimethyl-8-[(2Z)-3-methylpenta-2,4-dien-1-yl]naphthalen-2-yl Butanoate', 'polypodine B', 'n-Propyl gallate', ""3',4',5',5,7,8-hexamethoxyflavone"", 'Isopropyl gallate', '6β-hydroxy-7-epigardoside methyl ester', 'Tetrahydropiperyline, N-[10-(13,14-methylenedioxyphenyl)-pentanoyl]-pyrrolidine', 'Piperovatine', '2,4,6-trimethoxybenzoic acid', '1-O-(E)-caffeoyl-β-D-glucopyranoside', 'Piperol B', '3,11,12-Trihydroxycadalene', 'Odoratone', 'Rel-6β-hydroxyzuelanin-2β-benzoate', 'shidasterone', '5-hydroxymethyl- 2-furancarboxaldehyde; 5-hydroxymethyl-2-furfuraldehyde', 'atalaphyllinine', '(2S)-2-methyl-8-(3""-methylbut-2""-enyl)-2-(4\'-methylpent-3\'-enyl)-2H-chromene-6-carboxylic acid', 'Burchellin', '5-[8(Z)-pentadecenyl]resorcinol', 'Luteolin; 2-(3,4-dihydroxyphenyl)-5,7-dihydroxy-4H-chromen-4-one', 'Sinapic acid', '19,20-Epoxycytochalasin Q', '19,20-Epoxycytochalasin R', 'Muraxanthone', 'Di(benzyltrithio) methane', '2-oxo-piperol B; (7S*, 8R*, 1R*, 3R*)-3,4,5-trimethoxy-3,7-cyclo-8,1-neolig-8-ene-2,4(3H)-dione', 'taxifolin', 'Caseargrewiin F; (1R*,3S*,5S*,6aR*,7S*,8R*,10R*,10aR*)-1,3-Bis(acetyloxy)-3,5,6,6a,7,8,9,10-octahydro-10-hydroxy-7,8-dimethyl-7-[(2Z)-3-methylpenta-2,4-dien-1-yl]naphtho[1,8a-c]furan-5-yl Butanoate', 'Casearin L; (1R*,3S*,5S*,6aR*,7R*,8R*,9S*,10S*,10aR*)-1,10-Bis(acetyloxy)-3,5,6,6a,7,8,9,10-octahydro-9-hydroxy-5-methoxy-7,8-dimethyl-7-[(2Z)-3-methylpenta-2,4-dien-1-yl]naphtho[1,8a-c]-furan-3-yl Butanoate', 'Platydesmine', 'Leiokinine A', 'Cabraleadiol', 'schaftoside', ""(2S)-Methyl-8-isopentyl-2-methyl-2-(4'-methylpentyl)chroman-6-carboxylate"", '3,4,5-Triacetoxybenzoic acid', 'Rel-(+)-(7S,9R,10S)-3,9,12-trihydroxycalamenene', 'Casearin S', '11β-acetoxyobacunone', '1-(5,7-dihydroxy-2,2-dimethylchroman- 6-yl)-3-[4-hydroxy-3-(3-methylbut-2-en-1-yl)- phenyl]propan-1-one', '(3R,4R)-4,7-Dihydroxymellein', ""Nitensoside B; Pedalitin 6-O-α-rhamnopyranosyl(1'''→6'')-β-glucopyranoside"", 'Amentoflavone', '1-(5,7-dihydroxy-2,2-dimethylchroman-6-yl)-3-(1,1,4a-trimethyl-2,3,4,4a,9a-hexahydro-1H-xanthen-7-yl)propan-1-one', 'Plumericin', '5-[8(Z),11(Z)-pentadecadienyl]resorcinol', '(-)-Spectalinine', 'Netzahualcoyondiol', '(-)-Hardwickiic acid', ""5-[3''-(β-D-glucopyranosyloxy)propyl]-7-methoxy-2-(3',4'-methylenedioxyphenyl)benzofuran"", '28-O-β-D-glucopyranosyl quinovic acid', '2-Methyl-4-hydroxy-butyl caffeoate', 'N-1,N-2,N-3-Triisopentenylguanidine', 'Dibenzyl trisulphide', 'N-[10- (13,14-methylenedioxyphenyl)-7(E)-pentaenoyl]-pyrrolidine', '2-Methyl-5-methoxy-benzopyran-4-one', '3,4-dihydroxybenzoic acid geranyl ester', 'N-[10-(13,14-methylenedioxyphenyl)-7(E),9(Z)-pentadienoyl]-pyrrolidine', 'Gedunin', 'Pedalin, pedalitin 6-O-β -glucopyranoside', 'Methyl-8-(ethanoyloxy)-2,2-dimethyl-2H-chromene-6-carboxylate', 'stachysterone', 'Methyl (E)-6,7,8-trimethoxycinnamate', '3,4,5-Trimethoxyphenyl-1-O-β-D-(5-O-syringoyl)-apiofuranosyl-(1→6)-β-D-glucopyranoside', '6-[8(Z),11(Z),14-pentadecatrienyl]salicylic acid', 'Sorbifolin', ""Nitensoside A; Sorbifolin 6-O-α-rhamnopyranosyl(1'''→6'')-β-glucopyranoside"", 'Casearin O; (1R*,3S*,5S*,6aR*,7R*,8R*,9S*,10S*,10aR*)-1,10-Bis(acetyloxy)-5-methoxy-7,8-dimethyl-7-[(2Z)-3-methylpenta-2,4-dien-1-yl]-3,5,6,6a,7,8,9,10-octahydronaphtho[1,8a-c]furan-3,9-diyl Dibutanoate', 'germacrene D', 'Methyl gallate', '3-O-β-D-quinovopyranosyl cincholic acid', 'Afzelin, 3-O-α-rhamnosyl kaempferol', 'Egonol', '4-Nerolidilcatechol', ""2-(2'-O-transcoumaroyl)-C-β-D-glucopyranosyl-1,3,6,7-tetrahydroxyxanthone"", '(-) Cis-4-hydroxy-6-deoxyscytalone', '(3-(2-(4-hydroxyphenyl)-2-oxoethyl)-5,6-dihydropyridin- 2(1H)-one)', 'Mangiferin', 'Salacin', '6-pentadecylsalicylic acid', ""Pterogynoside; Kaempferol-3-O-(3''-O-4'''-methylgallate-α-L-rhamnoside)"", 'Isobutyl gallate', '7′-multijuguinone', 'Syringic acid', '(+)-3-O-feruloylcassine', 'Methyl-2,2-dimethylchroman-6-carboxylate', ""Myrsinoic acid A, 3-Geranyl-4-hydroxy-5-(3'',3''-dimethylallyl)benzoic acid"", '20α-Hydroxymaytenin; 20-hydroxy-20-epi-tingenone', '(-)-Epigallocatechin-3-O-gallate', 'Casearin D; (1R*,3S*,5S*,6aR*,7R*,8R*,9S*,10S*,10aR*)-1-(Acetyloxy)-3,5,6,6a,7,8,9,10-octahydro-5,10-dihydroxy-7,8-dimethyl-7-[(2Z)-3-methylpenta-2,4-dien-1-yl]naphtho[1,8a-c]furan-3,9-diyl Dibutanoate', 'Rel. (+)-(7S,10S) 3,12-dihydroxycalamenene', 'carlinoside', 'Cyclo-(L-Pro-L-Val)', 'Acetonide of odoratol', '(−)-Grandisin', '24-methylenecycloartan-3b-ol', 'Ixoside', '2β-Hydroxyzuelanin-6β-cinnamate', 'arjunolic acid', 'Cognatine', 'Fagaramide', 'Ethyl 2,4-dihydroxy-5,6-dimethylbenzoate', 'Amentoflavone 7”,4”’-dimethyl ether', 'Picramnioside F', 'Lauryl gallate', 'Syringaldehyde', '22-hydroxytirucalla-7,24-diene-2,3-dione', 'Trans-3’-methylsulphonylallyl trans-cinnamate', ""3',4',5',5,7-pentamethoxyflavone"", 'Chalepin', 'Chlorogenic acid', 'Kaempferol', '3-O-β-D-quinovopyranosyl quinovic acid', '2-hydroxyphenylacetic acid', '2-methyl-5-[8(Z)-pentadecenyl]resorcinol']]",doi_name
"['10.2174/187152010794728620', '22-hydroxytirucalla-7,24-diene-2,3-dione']","['10.2174/187152010794728620', ['guaiol', 'γ-eudesmol', 'Hinesol', 'α-eudesmol', '2,3-dihydro-4,9-dihydroxy-2-(2-hydroxy-propan-2-yl)- 11-methoxy-10-methylfuro[3,2-b]acridin-5(10H)-one', 'Citibrasine', 'bis-5-hydroxyacronycine', '11-O-trans-feruloylteucrein', 'Teucrein', 'Galioside aglicone', 'Galioside', 'Apodanthoside', 'Chlorogenic acid methyl ester, Methyl (1S,3R,4R,5R)-3-{[(2E)-3-(3,4-dihydroxyphenyl)-2-propenoyl]oxy}-1,4,5-trihydroxycyclohexanecarboxylate', '21β,25-dimethylmelianodiol', '21α,25-dimethylmelianodiol', '3,21-Di-epi-feroniellide B', '5-hydroxynoracronycine; Atalaphyllidine', '3,4-dihydro-3,5,8-trihydroxy-6-methoxy-2,2,7-trimethyl-2Hpyrano[ 2,3-a]acridin-12(7H)-one', 'Glycocitrine-IV', 'Citrusinine-II', '1,3,5-trihydroxy- 2,8-bis(3-methylbut-2-enyl)-10-methyl-9-acridone', 'Citrusinine-I', 'Pyranofoline', '1,3,5-trihydroxy-4-methoxy-10-methyl- 2,8-bis(3-methylbut-2-enyl)acridin-9(10H)-one', 'Glycocitrine-I', 'astilbin; Rel-(2R, 3R)-dihydroquercetin-3-O-±-L-rhamnoside', 'Beauvericin', 'Anhydrofusarubin', 'Stearic acid 4-pentoyloxyphenethyl ester', '(-)-3-O-acetyl-spectaline', 'cryptomeridiol', '3,11-dioxoolean-12-en-28- onic acid', 'Piscidinol A', 'Oleanonic acid', 'Pentaol', 'Iso-odoratol', 'Nilocetin', 'Hispidol A', ""Isoswertisin-4'-methyl-ether-2''α-L-rhamnoside"", 'Clusifoliol', 'Sesartemin', ""Isoswertisin-2''α1-L-rhamnoside"", '2-Episesalatin', 'Aphidicolin', '5,7-dimethoxy-2,2-dimethyl-2H-1-benzopyran-6-propanoate', ""3,4-dimethyl-2-(4'-hydroxy-3',5'-dimethoxyphenyl)-5-methoxy-tetrahydrofuran"", 'Taraxerol acetate', '2α,3α,19α- trihydroxyurs-12-en-28-oic acid', 'penduletin 4-O-methyl ether', '3,3-O-dimethylquercetin', 'Chrysoeriol', 'acacetin', '3-O-methylquercetin', 'p-hydroxybenzoic acid', '2α,3α-dihydroxyolean-12- en-28-oic acid', '3,7,4-O-trimethylkaempferol', ""Aduncumene; Methyl 2-methoxy-5-(3'-methyl-1'-oxo-2'-butenyl)benzoate"", ""Methyl taboganate; Methyl 4-hydroxy-3-(3'-methyl-1'-oxo-2'-butenyl)benzoate"", 'Methyl 2,2-dimethyl-1-oxo-2H-1-benzopyran-6-carboxylate', ""2',6'-Dihydroxy-4'-methoxydihydrochalcone"", ""Methyl 4-hydroxy-3-(3'-methyl-2'-butenyl)benzoate"", '3,4,5-Trimethoxydihydrocinnamic acid', ""Methyl 4-hydroxy-3-(3'-methyl-2'-hydroxy-3'-butenyl)benzoate"", 'Piperaduncine B', ""4-Hydroxy-(3',7'-dimethyl-1'-oxo-octa-2'-Z-6'-dienyl)benzoic acid"", ""4-Hydroxy-3-(3',7'-dimethylocta-2'-E-6'-dienyl)benzoic acid"", ""Hostmaniene; 4-Hydroxy-3-(2',3'-dihydroxy-3'-methylbutyl)benzoate"", 'Xanthyletin', 'Secoxyloganin', '7-Methoxydiderroside', 'Diderroside', ""6'-Acetyl-β-D-glucopyranosyldiderroside"", '(+)-11α-Hydroxyerythravine', '(+)-Erythravine', '(+)-α-Hydroxyerysotrine', 'Strictosidine acid', 'Turbinatine', '3,4-dehydrostrictosidine acid', 'Harman-3-carboxylic acid', '3,4-dehydro-strictosidine', 'Cordifoline', '5α-carboxystrictosidine', 'Deoxycordifoline', ""2-(3',4'-methylenedioxyphenylethyl)-Quinoline"", '2-n-Propylquinoline', ""2-(1'-pentenyl)-Quinoline"", '2-n-Pentylquinoline', '4-metoxi-6-[2-(metilamino)fenil]- 2H-piran-2-ona', 'Methyl (3R,4R,5R)-3-{[(2Z)-3-(3,4-dihydroxyphenyl)-2-propenoyl]oxy}-1,4,5-trihydroxycyclohexanecarboxylate', 'Methyl (3R,4R,5R)-3-{[(2E)-3-(3,4-dihydroxyphenyl)-2-propenoyl]oxy}-1,4,5-trihydroxycyclohexanecarboxylate', ""2'-hydroxy-3,4,4'-trimethoxy-5',6'-(2'',2''-dimethylpyrano)-chalcone"", ""3',4'-methylenedioxy-5,6,7- trimethoxyflavone"", ""3',4'-methylenedioxy-5,5',6,7-tetramethoxyflavone"", ""3',4'-methylenedioxy-5,7-dimethoxyflavone"", '9-hydroxyeugenin', 'Mycoleptone A', 'Austdiol', 'Mycoleptone A tetraacetate', 'Mycoleptone B', 'Austdiol diacetate', '6-methoxyeugenin', 'Eugenitin', 'Nitensidine D', 'Nitensidine E', 'cyclo (L)-Pro-Gly', 'Pimara-7,15-dien-3β-ol', 'Ergosterol peroxide', '8-hydroxy-6-methoxy-3-methylisocoumarin', '(22E,24R)-ergosta-4,6,8(14),22-tetraen-3-one', 'Dimethyl terephthalate', ""4-Hydroxy-3-(3',7'-dimethyl-3'-hydroxy-1'-oxo-6'-octenyl)benzoic acid"", ""Sakuranetin; 5,4'-dihydroxy-7-methoxyflavanone"", ""1,4-Dihydroxy-2-(3',7'-dimethyl-1'-oxo-2'-E-6'-octadienyl)benzene"", ""4-Hydroxy-(3',7'-dimethyl-1'-oxo-octa-2'-E-6'-dienyl)benzoic acid"", ""Isosakuranetin; 5,7-dihydroxy-4'-methoxyflavanone"", ""4-Methoxy-3-(3',7'-dimethylocta-2'-E-6'-dienyl)benzoic acid"", ""3-(3',7 '-dimethyl-2',6 '-octadienyl)-4-methoxy-benzoic acid"", 'Methyl-8-hydroxy-2,2-dimethyl-2H-chromene-6-carboxylate', 'Methacrylic acid', 'Nectandrin B', 'Verrucosin', 'Epi-guaiacin', '7-Methyl-sargachromenol; 2,7,8-Trimethyl-2-[(3-E,7-Z)-4,12-dimethyl-8-carboxyl-3,7,11-tridecatrienyl]-3-chromen-6-ol, β-caroteno', 'α-Gardiol', 'β-Gardiol', 'Ferulic acid', 'Isopimpinellin', '1-methoxy-3-hydroxy-3,10b-4,5a-diepoxy-8b-isobutyroyloxygermacr-11(13)-en-6a,12-olide', 'Tagitinin C', '5,7-dimethoxy-2,2-dimethyl-2H-1-benzopyran-6-propanoic acid', ""Rel-(7R,8S,7'S,8'S)-4-hydroxy-4',5'-methylenedioxy-3,5,3'-trimethoxy-7,7'-epoxylignan"", ""Rel-(7R,8S,7'S,8'S)-4',5'-methylenedioxy-3,4,5,3'-tetramethoxy-7,7'-epoxylignan"", ""Rel-(7R,8S,7'S,8'S)-4,5,4',5'-dimethylenedioxy-3,3'-dimethoxy-7,7'-epoxylignan"", ""Rel-(7R,8S,7'S,8'S)-9-hydroxy-4',5'-methylenedioxy-3,4,5,3'-tetramethoxy-7,7'-epoxylignan"", ""Rel-(7R,8S,7'S,8'S)-4'-hydroxy-3,4,5,3',5'-pentamethoxy-7,7'-epoxylignan"", 'β-caryophyllene, trans-caryophyllene', ""3,5,6,7,3',4',5'-heptamethoxyflavonol"", ""3',4',5',3,5,7,8-heptamethoxyflavone"", '(+)-Guaiacin', 'Sargachromenol', ""7,4'-Dihydroxyflavone"", '21´-(3,4-Methylenedioxyphenyl)-henicosanoic acid', 'Sargaquinoic acid', ""7,4'-Dimethoxyflavone"", '17-(3,4-Methylenedioxyphenyl)-heptadecanoic acid', '19´-(3,4-Methylenedioxyphenyl)-nonadecanoic acid', 'Farnisine', 'Tithonine', ""Juruenolic acid; 2-(4'-Methylpentenyl-3)-10-oxoundecan-2,6-dienoic acid"", 'Fasciculiferin', 'Kaempferol-3-O-α-L-rhamnopyranosyl-(1→6)-β-D-galactopyranoside', 'Kaempferol-3-O-rutinoside', 'Catechin, Ent-catechin', 'Procyanidin B-3', '6-Hydroxy-rutin', 'Kaempferol-3-O-α-L-rhamnopyranosyl-(1-6)-α-L-rhamnopyranosyl-(1-4)-β-D-glucopyranoside', 'Kaempferol-3-O-D-glucopyranoside', 'Kaempferol-3-O-D-galactopyranoside', 'Quercetin-3-O-α-L-rhamnopyranosyl-(1→6)-β-D-galactopyranoside', ""N-[3-(6'-methoxy-3',4'-methy-lenedioxyphenyl)-2(Z)-propenoyl]pyrrolidine"", 'Piperine', '4,5-dihydropiperlonguminine; Piperlonguminine', '(Z)-piplartine; 8(Z)-N-(12,13, 14-trimethoxycinnamoyl)- 3-pyridin-2-one', '8,9-dihydropiplartine; N-(12,13,14-trimethoxydihydrocinnamoyl)-Δ3-pyridin-2-one', '4,5-dihydropiperyline', '(E)-piplartine', '10,11-dihydropiperine; Δα,β-dihydropiperine', '(3Z,5Z)-N-isobutyl-8-(30,40-methylenedioxy-phenyl)-heptadienamide', 'Pellitorine', 'Cuspanine; 1-hydroxy-2,3,5,6-tetramethoxy-9-acridone', 'Cusculine; 1,2,3,5,6-pentamethoxy-9-acridone', '2α,3α-Dihydroxy-urs-12-en-28-oic acid', 'Oleanolic acid 3-sophoroside', '3-O-β-D-(6’-methyl)-glucopyranosyl-28-O-β-D-glucopyranosyl-oleanate', 'Haplotusine', 'β-Sitosterol benzoate', '5-hydroxyflavone', '2-phenyl-4H-chromen-4-one', 'Sinapyl 4-O-β-D-glucopyranoside aldehyde', 'Sinapyl 4-O-β-D-glucopyranoside alcohol', 'Liriodenine', 'N-acetylnonaine', '[10]-gingerol', ""2,4-Dihydroxy-6-[(1'E,3'E)-penta-1', 3'-dienyl]-benzaldehyde"", '2-methyl-5-[8(Z)-pentadecenyl]resorcinol', '3β-hydroxy-stigmast-5-en-7-one; 24-β-7-oxositosterol', 'scillascillin', 'Piperol B', '(-)-Hardwickiic acid', ""5-[3''-(β-D-glucopyranosyloxy)propyl]-7-methoxy-2-(3',4'-methylenedioxyphenyl)benzofuran"", '28-O-β-D-glucopyranosyl quinovic acid', '2-Methyl-4-hydroxy-butyl caffeoate', 'N-1,N-2,N-3-Triisopentenylguanidine', 'Dibenzyl trisulphide', 'Maytenin, Tingenone', 'urauchimycin B', ""2-(2'-O-trans-caffeoyl)-C-β-D-glucopyranosyl-1,3,6,7-tetrahydroxyxanthone"", 'Netzahualcoyene', 'Nitensidine A', ""8-hydroxy-3,5,7,3',4',5'-hexamethoxyflavonol"", 'Odoratol', 'Leptomerine', '5-hydroxy-N-methylseverifoline', '19,20-Epoxycytochalasin N', 'ellagic acid 4-O-α-L-rhamnopyranoside; eschweilenol C', 'Mayoside C', 'Ourateacatechin', ""3',4',5',5,7-pentamethoxyflavone"", '2-methyl-5-pentadecylresorcinol', '(−)-Grandisin', '24-methylenecycloartan-3b-ol', 'Ixoside', '2β-Hydroxyzuelanin-6β-cinnamate', 'Cognatine', '5-[8(Z),11(Z)-pentadecadienyl]resorcinol', '(-)-Spectalinine', '1- (5,7-dihydroxy-2,2-dimethylchroman-6-yl)-3-(2,2-dimethylchroman- 6-yl)propan-1-one', 'Canavaline', 'Di-hydrodehydrodiconiferyl alcohol', 'Quercetin', ""2-(2'-O-trans-cinnamoyl)-C-β-D-glucopyranosyl-1,3,6,7-tetrahydroxyxanthone"", 'Kokusaginine', 'Ocotillone', 'des-N-methylnoracronycine', 'Sorbifolin 6-O-β-glucopyranoside', 'Rel-2α-hydroxyzuelanin-6β-benzoate', '2,6-di-O-acetylcasearupestrin D', ""Methyl-2,2-dimethyl-8-(3'-methylbut-2'-enyl)chroman-6-carboxylate"", '2,7-Di-O-acetylcasearupestrin A', 'Nitensidine B', '19,20-Epoxycytochalasin D', 'fumiquinozoline F', 'Kaempferol 3-O-α-L-rhamnopyranosyl (1→6)-O-[β -D-glucopyranosyl (1→3)-O-α-L-rhamnopyranosyl-(1→2)]-O-β -D-glucopyranosyl', '3β-O-[α-L-rhamnopyranosyl-(1→2)-O-β-D-glucopyranosyl-(1→2)-O-β-D-glucopyranosyl]-28-O-β-D-glucopyranoside pomolate', 'Dibenzyl tetrasulphide', '1-methyl-2-n-nonyl-4-quinolone', '5-[8(Z),11(Z),14-pentadecatrienyl]resorcinol', 'Gallic acid; 3,4,5-trihydroxybenzoic acid', 'Homoegonol', '[8]-gingerol', '4-Hydroxymellein', '5-hydroxymellein', 'fraxinellonone', 'Dibenzyl sulphide', '(-) Cis-4-hydroxy-6-deoxyscytalone', 'Plumericin', '(-)-Epigallocatechin', 'Netzahualcoyonol', '1-[3-(3,7-dimethylocta-2,6-dien-1-yl)-2,4,6- trihydroxyphenyl]-3-(4-hydroxyphenyl)propan-1-one', '6α-malonyloxymanoyl oxide', 'Benzylhydroxymethyl sulphide', '1,6-di-O-caffeoyl-β-D-glucopyranoside', '2-methyl-5-[8(Z),11(Z),14-pentadecatrienyl]resorcinol', 'Netzahualcoyondiol', 'Maculosidine', 'Podocarpusflavone A', 'Casearupestrin C', '6α-malonyloxy-n-butyl ester manoyl oxide', 'citrusinine-I', 'Ricinine', 'Leptophyllin A', '5-pentadecylresorcinol', '3,4,5-trimethoxyphenyl 1-O-β-D-apiofuranosyl-(1→6)-O-β-D-glucopyranoside', 'β-photogedunin', 'n-Butyl gallate', ""5-[3''-(β-D-glucopyranosyloxy)propyl]-7-methoxy-2-(3',4'-dimethoxyphenyl)benzofuran"", '3,12-Dihydroxycadalene', '7-hydroxy-3- (11-dimethylallyl)-8-methoxycoumarin', ""N-[7-(3',4'-methylenedioxyphenyl)-2(Z),4(Z)-heptadienoyl]pyrrolidine"", ""Acteoside; [β-3,4-dihydroxyphenyl)-ethyl]-(3'-O-α-L-rhamnopyranosyl)-(4'-O-cafeoyl)-β-D-glycopyranoside, verbascoside"", '20-hydroxyecdysone; polypodine A', '3-Acetyl aleuritolic acid', ""2',5-dihydroxy-3-methoxy-8-dimethylallyl-6, 7-(2' ',2''-dimethylpyrano)-dihydroflavonol"", '2-n-nonyl-4-quinolone', 'Cytochalasin D', 'Isoorientin', 'urauchimycin A', 'p-Coumaric acid', '22β-hydroxypristimerin', 'Alkenoic acid', 'Quercetin 3-O-α-L-rhamnopyranosyl (1→6)-O-[β -D-glucopyranosyl (1→3)-O-α-L-rhamnopyranosyl-(1→2)]-O-β -D-glucopyranosyl', 'Heveaflavone', 'Arboreumine', '3-Oxoursolic acid', 'Casearupestrin B', 'toonacilin', 'Uracil', '1-O-(E)-feruloyl-β-D-glucopyranoside', '19,20-Epoxycytochalasin C', 'n-Pentyl gallate', 'Orcinol', 'Periconicin B', 'Phomopsilactone', 'Pristimerin; 20α-3-hydroxy-2-oxo-24-nor-friedela-1-10,3,5,7-tetraen-carboxylic acid-29-methylester', 'limonexic acid', 'Pedalitin', 'Casearin X Dialdehyde; (2R*,4aS*,5S*,7R*,8R*,8aS*)-4,4a-Diformyl-1,2,4a,5,6,7,8,8a-octahydro-5-hydroxy-7,8-dimethyl-8-[(2Z)-3-methylpenta-2,4-dien-1-yl]naphthalen-2-yl Butanoate', 'polypodine B', 'n-Propyl gallate', ""3',4',5',5,7,8-hexamethoxyflavone"", 'Isopropyl gallate', '6β-hydroxy-7-epigardoside methyl ester', 'Tetrahydropiperyline, N-[10-(13,14-methylenedioxyphenyl)-pentanoyl]-pyrrolidine', 'Piperovatine', '2,4,6-trimethoxybenzoic acid', '1-O-(E)-caffeoyl-β-D-glucopyranoside', 'Quercitrin, 3-O-α-rhamnosylquercetin', 'Caseobliquin A', 'Methyl angolensate', ""5-(3'' -Hydroxypropyl)-7-methoxy-2-(3',4' -methyl-enedioxyphenyl)benzofuran"", 'Di(benzyltrithio) methane', '3,11,12-Trihydroxycadalene', 'Quercetin 3-O-sophoroside', '(3R,4R)-3,4-Dihydro-4,6-dihydroxy-3-methyl-1-oxo-1H-isochromene-5-carboxylic acid', ""(2S)-8-Isopentyl-2-methyl-2-(4'-methylpentyl)chroman-6-carboxylic acid"", '2,2-dimethyl-2H-chromene-6-carboxylic acid', '1,2-dihydro- 3β-hydroxy-7-deacetoxy-7-oxogedunin', 'Photogedunin', 'Casearin X; (1R*,3S*,5S*,6aR*,7S*,8S*,10R*,10aR*)-1-(Acetyloxy)-3,5,6,6a,7,8,9,10-octahydro-10-hydroxy-7,8-dimethyl-7-[(2Z)-3-methylpenta-2,4-dien-1-yl]naphtho[1,8a-c]furan-3,5-diyl Dibutanoate', ""2-(R)-Methyl-6-(S)-(tetradecyl-13'-one)-3(R)-O-tert-butyldimethylsilyl-piperidine"", '(2S)-Methyl-2-methyl-8-(3""-methylbut-2""-enyl)-2-(4\'-methylpent-3\'-enyl)-2H-chromene-6-carboxylate', 'Casearin T', 'Piperyline, N-[10-(13,14-methylenedioxyphenyl)-7(E),9(E)-pentadienoyl]-pyrrolidine', 'ω-fenil alcanoic acid', '2-butyl-D-fructofuranoside', ""Gaudichaudianic acid; (2S)-2-methyl-2-(4'methyl-3'-pentenyl)-8-(3''-methyl-2-butenyl)- 2H-1-benzopyran-6-carboxylic acid"", 'Kaempferitrin', 'Nitensidine C', 'Dipropyl disulphide', '2-methyl-5-[8(Z),11(Z)-pentadecadienyl]resorcinol', 'Methyl 6,7,8-trimethoxydihydrocinnamate', '2-Hexyl-3-methyl-butanodioic acid', 'fraxinellone', 'Skimmianine', 'p-hydroxybenzoic acid-geranyl ester', 'Dibenzyl disulphide', 'Proanthocyanidin', 'neoisoastilbin', '(R)-7-Hydroxymellein', '6α-acetoxymanoyl oxide', 'Methyl-8-hydroxy-2,2-dimethylchroman-6-carboxylate', '6α-acetoxy-14β,15β-epoxyazadirone', '19,20-Epoxycytochalasin R', 'Muraxanthone', 'Odoratone', 'Rel-6β-hydroxyzuelanin-2β-benzoate', 'shidasterone', '5-hydroxymethyl- 2-furancarboxaldehyde; 5-hydroxymethyl-2-furfuraldehyde', 'atalaphyllinine', '24-methylene-3,22-dihydroxycholesterol', 'amorphispironone', 'Casearupestrin D', 'Chaetoglobosin B', ""2-(2'-O-benzoyl)-C-β-D-glucopyranosyl-1,3,6,7-tetrahydroxyxanthone"", 'Isoplumericin', 'α-L-xylopyranosyl-(4""→20)-(3-O-β-D-glucopyranosyl)-1\'-O-E-caffeoyl-β-D-glucopyranoside', 'epoxy-fraxinellone', '12′-hydroxy-7′-multijuguinone', 'Caseargrewiin F; (1R*,3S*,5S*,6aR*,7S*,8R*,10R*,10aR*)-1,3-Bis(acetyloxy)-3,5,6,6a,7,8,9,10-octahydro-10-hydroxy-7,8-dimethyl-7-[(2Z)-3-methylpenta-2,4-dien-1-yl]naphtho[1,8a-c]furan-5-yl Butanoate', 'Casearin L; (1R*,3S*,5S*,6aR*,7R*,8R*,9S*,10S*,10aR*)-1,10-Bis(acetyloxy)-3,5,6,6a,7,8,9,10-octahydro-9-hydroxy-5-methoxy-7,8-dimethyl-7-[(2Z)-3-methylpenta-2,4-dien-1-yl]naphtho[1,8a-c]-furan-3-yl Butanoate', 'Platydesmine', 'Leiokinine A', 'Cabraleadiol', 'schaftoside', ""(2S)-Methyl-8-isopentyl-2-methyl-2-(4'-methylpentyl)chroman-6-carboxylate"", '3,4,5-Triacetoxybenzoic acid', '6-[ 8(Z),11(Z) -pentadecadienyl] salicylic acid', '6-[8(Z)-pentadecenyl]salicylic acid', '(2S)-2-methyl-8-(3""-methylbut-2""-enyl)-2-(4\'-methylpent-3\'-enyl)-2H-chromene-6-carboxylic acid', 'Burchellin', '5-[8(Z)-pentadecenyl]resorcinol', 'Luteolin; 2-(3,4-dihydroxyphenyl)-5,7-dihydroxy-4H-chromen-4-one', 'Sinapic acid', '19,20-Epoxycytochalasin Q', 'Casearin S', '11β-acetoxyobacunone', '1-(5,7-dihydroxy-2,2-dimethylchroman- 6-yl)-3-[4-hydroxy-3-(3-methylbut-2-en-1-yl)- phenyl]propan-1-one', '(3R,4R)-4,7-Dihydroxymellein', ""Nitensoside B; Pedalitin 6-O-α-rhamnopyranosyl(1'''→6'')-β-glucopyranoside"", 'Amentoflavone', 'Methyl gallate', '3-O-β-D-quinovopyranosyl cincholic acid', 'Afzelin, 3-O-α-rhamnosyl kaempferol', 'Egonol', 'N-[10- (13,14-methylenedioxyphenyl)-7(E)-pentaenoyl]-pyrrolidine', '2-Methyl-5-methoxy-benzopyran-4-one', '3,4-dihydroxybenzoic acid geranyl ester', 'N-[10-(13,14-methylenedioxyphenyl)-7(E),9(Z)-pentadienoyl]-pyrrolidine', 'Gedunin', 'Pedalin, pedalitin 6-O-β -glucopyranoside', 'Syringic acid', '(+)-3-O-feruloylcassine', '1-(5,7-dihydroxy-2,2-dimethylchroman-6-yl)-3-(1,1,4a-trimethyl-2,3,4,4a,9a-hexahydro-1H-xanthen-7-yl)propan-1-one', 'Methyl (E)-6,7,8-trimethoxycinnamate', '3,4,5-Trimethoxyphenyl-1-O-β-D-(5-O-syringoyl)-apiofuranosyl-(1→6)-β-D-glucopyranoside', '6-[8(Z),11(Z),14-pentadecatrienyl]salicylic acid', 'Sorbifolin', ""Nitensoside A; Sorbifolin 6-O-α-rhamnopyranosyl(1'''→6'')-β-glucopyranoside"", 'Casearin O; (1R*,3S*,5S*,6aR*,7R*,8R*,9S*,10S*,10aR*)-1,10-Bis(acetyloxy)-5-methoxy-7,8-dimethyl-7-[(2Z)-3-methylpenta-2,4-dien-1-yl]-3,5,6,6a,7,8,9,10-octahydronaphtho[1,8a-c]furan-3,9-diyl Dibutanoate', 'germacrene D', '6-pentadecylsalicylic acid', 'Casearupestrin A', '2-oxo-piperol B; (7S*, 8R*, 1R*, 3R*)-3,4,5-trimethoxy-3,7-cyclo-8,1-neolig-8-ene-2,4(3H)-dione', 'taxifolin', ""(2'S)-2-(propan-2'-ol)-5-hydroxy-benzopyran-4-one"", 'Rel-(+)-(7S,9R,10S)-3,9,12-trihydroxycalamenene', ""Myrsinoic acid A, 3-Geranyl-4-hydroxy-5-(3'',3''-dimethylallyl)benzoic acid"", '20α-Hydroxymaytenin; 20-hydroxy-20-epi-tingenone', '(-)-Epigallocatechin-3-O-gallate', 'Casearin D; (1R*,3S*,5S*,6aR*,7R*,8R*,9S*,10S*,10aR*)-1-(Acetyloxy)-3,5,6,6a,7,8,9,10-octahydro-5,10-dihydroxy-7,8-dimethyl-7-[(2Z)-3-methylpenta-2,4-dien-1-yl]naphtho[1,8a-c]furan-3,9-diyl Dibutanoate', 'Rel. (+)-(7S,10S) 3,12-dihydroxycalamenene', 'carlinoside', 'Methyl-8-(ethanoyloxy)-2,2-dimethyl-2H-chromene-6-carboxylate', 'arjunolic acid', 'stachysterone', 'Ethyl 2,4-dihydroxy-5,6-dimethylbenzoate', 'Amentoflavone 7”,4”’-dimethyl ether', 'Picramnioside F', 'Lauryl gallate', 'Syringaldehyde', '4-Nerolidilcatechol', ""2-(2'-O-transcoumaroyl)-C-β-D-glucopyranosyl-1,3,6,7-tetrahydroxyxanthone"", '22-hydroxytirucalla-7,24-diene-2,3-dione', 'Trans-3’-methylsulphonylallyl trans-cinnamate', '(3-(2-(4-hydroxyphenyl)-2-oxoethyl)-5,6-dihydropyridin- 2(1H)-one)', 'Mangiferin', 'Salacin', 'Viburgenin', ""Pterogynoside; Kaempferol-3-O-(3''-O-4'''-methylgallate-α-L-rhamnoside)"", 'Isobutyl gallate', '7′-multijuguinone', 'Griseofulvin', ""7-Hydroxy-4',6-dimethoxyisoflavone; Afrormosin; Afromosin"", '8-methoxymellein', '(±)-Syringaresinol', 'Cyclo-(L-Pro-L-Val)', 'Acetonide of odoratol', 'Methyl-2,2-dimethylchroman-6-carboxylate', 'Fagaramide', 'Chalepin', 'Chlorogenic acid', '(4R)-4,8-dihydroxy-α-tetralone', 'Kaempferol', '3-O-β-D-quinovopyranosyl quinovic acid', '2-hydroxyphenylacetic acid']]",doi_name
"['10.1016/j.phytochem.2006.06.004', 'Rel. (+)-(7S,10S) 3,12-dihydroxycalamenene']","['10.1016/j.phytochem.2006.06.004', ['guaiol', 'Hinesol', 'γ-eudesmol', 'α-eudesmol', '11-O-trans-feruloylteucrein', 'Teucrein', 'Galioside aglicone', 'Galioside', 'Apodanthoside', ""2'-hydroxy-3,4,4'-trimethoxy-5',6'-(2'',2''-dimethylpyrano)-chalcone"", ""3',4'-methylenedioxy-5,6,7- trimethoxyflavone"", ""3',4'-methylenedioxy-5,5',6,7-tetramethoxyflavone"", ""3',4'-methylenedioxy-5,7-dimethoxyflavone"", '9-hydroxyeugenin', 'Eugenitin', 'Austdiol', '6-methoxyeugenin', 'Mycoleptone B', 'Mycoleptone A', 'Austdiol diacetate', 'Mycoleptone A tetraacetate', '21α,25-dimethylmelianodiol', '3,21-Di-epi-feroniellide B', '21β,25-dimethylmelianodiol', ""4-Methoxy-3-(3',7'-dimethylocta-2'-E-6'-dienyl)benzoic acid"", ""3-(3',7 '-dimethyl-2',6 '-octadienyl)-4-methoxy-benzoic acid"", 'Methyl-8-hydroxy-2,2-dimethyl-2H-chromene-6-carboxylate', ""Rel-(7R,8S,7'S,8'S)-4,5,4',5'-dimethylenedioxy-3,3'-dimethoxy-7,7'-epoxylignan"", ""Rel-(7R,8S,7'S,8'S)-9-hydroxy-4',5'-methylenedioxy-3,4,5,3'-tetramethoxy-7,7'-epoxylignan"", ""Rel-(7R,8S,7'S,8'S)-4-hydroxy-4',5'-methylenedioxy-3,5,3'-trimethoxy-7,7'-epoxylignan"", ""Rel-(7R,8S,7'S,8'S)-4'-hydroxy-3,4,5,3',5'-pentamethoxy-7,7'-epoxylignan"", ""Rel-(7R,8S,7'S,8'S)-4',5'-methylenedioxy-3,4,5,3'-tetramethoxy-7,7'-epoxylignan"", 'Secoxyloganin', '7-Methoxydiderroside', 'Diderroside', ""6'-Acetyl-β-D-glucopyranosyldiderroside"", 'bis-5-hydroxyacronycine', 'Citibrasine', '2,3-dihydro-4,9-dihydroxy-2-(2-hydroxy-propan-2-yl)- 11-methoxy-10-methylfuro[3,2-b]acridin-5(10H)-one', 'cyclo (L)-Pro-Gly', 'Xanthyletin', 'Pyranofoline', '3,4-dihydro-3,5,8-trihydroxy-6-methoxy-2,2,7-trimethyl-2Hpyrano[ 2,3-a]acridin-12(7H)-one', 'Citrusinine-II', 'Glycocitrine-IV', '5-hydroxynoracronycine; Atalaphyllidine', 'Glycocitrine-I', 'Citrusinine-I', '1,3,5-trihydroxy-4-methoxy-10-methyl- 2,8-bis(3-methylbut-2-enyl)acridin-9(10H)-one', '1,3,5-trihydroxy- 2,8-bis(3-methylbut-2-enyl)-10-methyl-9-acridone', '2α,3α,19α- trihydroxyurs-12-en-28-oic acid', '3,3-O-dimethylquercetin', 'penduletin 4-O-methyl ether', '2α,3α-dihydroxyolean-12- en-28-oic acid', 'acacetin', 'p-hydroxybenzoic acid', '3-O-methylquercetin', '3,7,4-O-trimethylkaempferol', 'Chrysoeriol', 'Chlorogenic acid methyl ester, Methyl (1S,3R,4R,5R)-3-{[(2E)-3-(3,4-dihydroxyphenyl)-2-propenoyl]oxy}-1,4,5-trihydroxycyclohexanecarboxylate', '5,7-dimethoxy-2,2-dimethyl-2H-1-benzopyran-6-propanoic acid', '(-)-3-O-acetyl-spectaline', '5,7-dimethoxy-2,2-dimethyl-2H-1-benzopyran-6-propanoate', 'Anhydrofusarubin', 'Beauvericin', 'Methyl (3R,4R,5R)-3-{[(2Z)-3-(3,4-dihydroxyphenyl)-2-propenoyl]oxy}-1,4,5-trihydroxycyclohexanecarboxylate', 'Methyl (3R,4R,5R)-3-{[(2E)-3-(3,4-dihydroxyphenyl)-2-propenoyl]oxy}-1,4,5-trihydroxycyclohexanecarboxylate', '2-n-Pentylquinoline', ""2-(1'-pentenyl)-Quinoline"", '2-n-Propylquinoline', ""2-(3',4'-methylenedioxyphenylethyl)-Quinoline"", 'Nilocetin', 'Hispidol A', 'cryptomeridiol', 'Pentaol', 'Oleanonic acid', 'Piscidinol A', '3,11-dioxoolean-12-en-28- onic acid', 'Iso-odoratol', 'Isopimpinellin', '(3Z,5Z)-N-isobutyl-8-(30,40-methylenedioxy-phenyl)-heptadienamide', 'Pellitorine', ""N-[3-(6'-methoxy-3',4'-methy-lenedioxyphenyl)-2(Z)-propenoyl]pyrrolidine"", '8,9-dihydropiplartine; N-(12,13,14-trimethoxydihydrocinnamoyl)-Δ3-pyridin-2-one', '4,5-dihydropiperlonguminine; Piperlonguminine', '4,5-dihydropiperyline', '(Z)-piplartine; 8(Z)-N-(12,13, 14-trimethoxycinnamoyl)- 3-pyridin-2-one', '(E)-piplartine', '10,11-dihydropiperine; Δα,β-dihydropiperine', 'Piperine', 'Nectandrin B', '7-Methyl-sargachromenol; 2,7,8-Trimethyl-2-[(3-E,7-Z)-4,12-dimethyl-8-carboxyl-3,7,11-tridecatrienyl]-3-chromen-6-ol, β-caroteno', 'Epi-guaiacin', 'Verrucosin', ""3,4-dimethyl-2-(4'-hydroxy-3',5'-dimethoxyphenyl)-5-methoxy-tetrahydrofuran"", '17-(3,4-Methylenedioxyphenyl)-heptadecanoic acid', ""7,4'-Dihydroxyflavone"", 'Farnisine', '(+)-Guaiacin', 'Sargachromenol', 'Sargaquinoic acid', '19´-(3,4-Methylenedioxyphenyl)-nonadecanoic acid', ""7,4'-Dimethoxyflavone"", '21´-(3,4-Methylenedioxyphenyl)-henicosanoic acid', 'Tithonine', 'Fasciculiferin', ""Juruenolic acid; 2-(4'-Methylpentenyl-3)-10-oxoundecan-2,6-dienoic acid"", ""4-Hydroxy-3-(3',7'-dimethyl-3'-hydroxy-1'-oxo-6'-octenyl)benzoic acid"", ""4-Hydroxy-(3',7'-dimethyl-1'-oxo-octa-2'-E-6'-dienyl)benzoic acid"", ""Isosakuranetin; 5,7-dihydroxy-4'-methoxyflavanone"", ""Sakuranetin; 5,4'-dihydroxy-7-methoxyflavanone"", ""1,4-Dihydroxy-2-(3',7'-dimethyl-1'-oxo-2'-E-6'-octadienyl)benzene"", 'Aphidicolin', 'Stearic acid 4-pentoyloxyphenethyl ester', 'β-Gardiol', 'α-Gardiol', 'Ferulic acid', ""Methyl taboganate; Methyl 4-hydroxy-3-(3'-methyl-1'-oxo-2'-butenyl)benzoate"", '3,4,5-Trimethoxydihydrocinnamic acid', ""Methyl 4-hydroxy-3-(3'-methyl-2'-butenyl)benzoate"", 'Methyl 2,2-dimethyl-1-oxo-2H-1-benzopyran-6-carboxylate', 'Piperaduncine B', ""2',6'-Dihydroxy-4'-methoxydihydrochalcone"", ""4-Hydroxy-3-(3',7'-dimethylocta-2'-E-6'-dienyl)benzoic acid"", ""Hostmaniene; 4-Hydroxy-3-(2',3'-dihydroxy-3'-methylbutyl)benzoate"", ""Methyl 4-hydroxy-3-(3'-methyl-2'-hydroxy-3'-butenyl)benzoate"", ""Aduncumene; Methyl 2-methoxy-5-(3'-methyl-1'-oxo-2'-butenyl)benzoate"", ""4-Hydroxy-(3',7'-dimethyl-1'-oxo-octa-2'-Z-6'-dienyl)benzoic acid"", 'Taraxerol acetate', 'Kaempferol-3-O-α-L-rhamnopyranosyl-(1→6)-β-D-galactopyranoside', 'Kaempferol-3-O-rutinoside', 'Quercetin-3-O-α-L-rhamnopyranosyl-(1→6)-β-D-galactopyranoside', 'Catechin, Ent-catechin', 'Kaempferol-3-O-D-glucopyranoside', 'Kaempferol-3-O-α-L-rhamnopyranosyl-(1-6)-α-L-rhamnopyranosyl-(1-4)-β-D-glucopyranoside', 'Kaempferol-3-O-D-galactopyranoside', 'Procyanidin B-3', '6-Hydroxy-rutin', '2-Episesalatin', ""Isoswertisin-2''α1-L-rhamnoside"", 'Sesartemin', 'Clusifoliol', ""Isoswertisin-4'-methyl-ether-2''α-L-rhamnoside"", 'Nitensidine D', 'Nitensidine E', '(+)-11α-Hydroxyerythravine', '(+)-α-Hydroxyerysotrine', '(+)-Erythravine', 'Dimethyl terephthalate', '(22E,24R)-ergosta-4,6,8(14),22-tetraen-3-one', 'Ergosterol peroxide', '8-hydroxy-6-methoxy-3-methylisocoumarin', 'Pimara-7,15-dien-3β-ol', ""3',4',5',3,5,7,8-heptamethoxyflavone"", ""3,5,6,7,3',4',5'-heptamethoxyflavonol"", '1-methoxy-3-hydroxy-3,10b-4,5a-diepoxy-8b-isobutyroyloxygermacr-11(13)-en-6a,12-olide', 'Tagitinin C', 'Harman-3-carboxylic acid', 'Cordifoline', 'Turbinatine', '3,4-dehydrostrictosidine acid', '3,4-dehydro-strictosidine', 'Strictosidine acid', '5α-carboxystrictosidine', 'Deoxycordifoline', 'astilbin; Rel-(2R, 3R)-dihydroquercetin-3-O-±-L-rhamnoside', 'β-caryophyllene, trans-caryophyllene', 'Methacrylic acid', '4-metoxi-6-[2-(metilamino)fenil]- 2H-piran-2-ona', 'Cusculine; 1,2,3,5,6-pentamethoxy-9-acridone', 'Cuspanine; 1-hydroxy-2,3,5,6-tetramethoxy-9-acridone', '2α,3α-Dihydroxy-urs-12-en-28-oic acid', 'Oleanolic acid 3-sophoroside', '3-O-β-D-(6’-methyl)-glucopyranosyl-28-O-β-D-glucopyranosyl-oleanate', '5-hydroxyflavone', 'β-Sitosterol benzoate', '2-phenyl-4H-chromen-4-one', 'Haplotusine', 'Sinapyl 4-O-β-D-glucopyranoside aldehyde', 'N-acetylnonaine', 'Sinapyl 4-O-β-D-glucopyranoside alcohol', 'Liriodenine', '[10]-gingerol', ""2,4-Dihydroxy-6-[(1'E,3'E)-penta-1', 3'-dienyl]-benzaldehyde"", 'scillascillin', 'Kokusaginine', ""2-(2'-O-trans-caffeoyl)-C-β-D-glucopyranosyl-1,3,6,7-tetrahydroxyxanthone"", 'Netzahualcoyene', 'Casearin X Dialdehyde; (2R*,4aS*,5S*,7R*,8R*,8aS*)-4,4a-Diformyl-1,2,4a,5,6,7,8,8a-octahydro-5-hydroxy-7,8-dimethyl-8-[(2Z)-3-methylpenta-2,4-dien-1-yl]naphthalen-2-yl Butanoate', 'polypodine B', 'n-Propyl gallate', ""3',4',5',5,7,8-hexamethoxyflavone"", 'Isopropyl gallate', '6β-hydroxy-7-epigardoside methyl ester', 'Tetrahydropiperyline, N-[10-(13,14-methylenedioxyphenyl)-pentanoyl]-pyrrolidine', 'Piperovatine', '2,4,6-trimethoxybenzoic acid', '1-O-(E)-caffeoyl-β-D-glucopyranoside', 'Odoratol', 'Leptomerine', '5-hydroxy-N-methylseverifoline', '19,20-Epoxycytochalasin N', 'ellagic acid 4-O-α-L-rhamnopyranoside; eschweilenol C', 'Mayoside C', 'Ourateacatechin', ""3',4',5',5,7-pentamethoxyflavone"", '2-methyl-5-pentadecylresorcinol', '3β-hydroxy-stigmast-5-en-7-one; 24-β-7-oxositosterol', 'Acetonide of odoratol', '(−)-Grandisin', '24-methylenecycloartan-3b-ol', 'Ixoside', 'Cognatine', 'Fagaramide', 'Caseobliquin A', 'Methyl angolensate', ""5-(3'' -Hydroxypropyl)-7-methoxy-2-(3',4' -methyl-enedioxyphenyl)benzofuran"", '22β-hydroxypristimerin', '1- (5,7-dihydroxy-2,2-dimethylchroman-6-yl)-3-(2,2-dimethylchroman- 6-yl)propan-1-one', 'Canavaline', 'Di-hydrodehydrodiconiferyl alcohol', 'Quercetin', ""2-(2'-O-trans-cinnamoyl)-C-β-D-glucopyranosyl-1,3,6,7-tetrahydroxyxanthone"", 'Ocotillone', 'des-N-methylnoracronycine', 'Sorbifolin 6-O-β-glucopyranoside', 'Rel-2α-hydroxyzuelanin-6β-benzoate', '2,6-di-O-acetylcasearupestrin D', 'Nitensidine A', ""8-hydroxy-3,5,7,3',4',5'-hexamethoxyflavonol"", '3β-O-[α-L-rhamnopyranosyl-(1→2)-O-β-D-glucopyranosyl-(1→2)-O-β-D-glucopyranosyl]-28-O-β-D-glucopyranoside pomolate', 'Dibenzyl tetrasulphide', ""2',5-dihydroxy-3-methoxy-8-dimethylallyl-6, 7-(2' ',2''-dimethylpyrano)-dihydroflavonol"", ""Methyl-2,2-dimethyl-8-(3'-methylbut-2'-enyl)chroman-6-carboxylate"", '2,7-Di-O-acetylcasearupestrin A', 'Nitensidine B', '1-methyl-2-n-nonyl-4-quinolone', '5-[8(Z),11(Z),14-pentadecatrienyl]resorcinol', 'Piperol B', '(-)-Hardwickiic acid', ""5-[3''-(β-D-glucopyranosyloxy)propyl]-7-methoxy-2-(3',4'-methylenedioxyphenyl)benzofuran"", '28-O-β-D-glucopyranosyl quinovic acid', '2-Methyl-4-hydroxy-butyl caffeoate', 'N-1,N-2,N-3-Triisopentenylguanidine', 'Dibenzyl trisulphide', 'Maytenin, Tingenone', '(-) Cis-4-hydroxy-6-deoxyscytalone', 'Plumericin', '5-[8(Z),11(Z)-pentadecadienyl]resorcinol', '(-)-Spectalinine', 'Uracil', 'Maculosidine', 'Podocarpusflavone A', 'Casearupestrin C', '6α-malonyloxy-n-butyl ester manoyl oxide', 'citrusinine-I', 'Ricinine', 'Leptophyllin A', '5-pentadecylresorcinol', '19,20-Epoxycytochalasin D', 'fumiquinozoline F', 'Kaempferol 3-O-α-L-rhamnopyranosyl (1→6)-O-[β -D-glucopyranosyl (1→3)-O-α-L-rhamnopyranosyl-(1→2)]-O-β -D-glucopyranosyl', '20-hydroxyecdysone; polypodine A', '3-Acetyl aleuritolic acid', 'Alkenoic acid', 'Quercetin 3-O-α-L-rhamnopyranosyl (1→6)-O-[β -D-glucopyranosyl (1→3)-O-α-L-rhamnopyranosyl-(1→2)]-O-β -D-glucopyranosyl', 'Heveaflavone', 'Arboreumine', '2-n-nonyl-4-quinolone', 'Cytochalasin D', 'Isoorientin', 'urauchimycin B', 'Homoegonol', '[8]-gingerol', '4-Hydroxymellein', '5-hydroxymellein', 'fraxinellonone', 'Dibenzyl sulphide', 'Periconicin B', 'Phomopsilactone', ""(2S)-8-Isopentyl-2-methyl-2-(4'-methylpentyl)chroman-6-carboxylic acid"", '2,2-dimethyl-2H-chromene-6-carboxylic acid', '1,2-dihydro- 3β-hydroxy-7-deacetoxy-7-oxogedunin', 'Photogedunin', 'Casearin X; (1R*,3S*,5S*,6aR*,7S*,8S*,10R*,10aR*)-1-(Acetyloxy)-3,5,6,6a,7,8,9,10-octahydro-10-hydroxy-7,8-dimethyl-7-[(2Z)-3-methylpenta-2,4-dien-1-yl]naphtho[1,8a-c]furan-3,5-diyl Dibutanoate', 'urauchimycin A', 'p-Coumaric acid', '(-)-Epigallocatechin', 'Netzahualcoyonol', '1-[3-(3,7-dimethylocta-2,6-dien-1-yl)-2,4,6- trihydroxyphenyl]-3-(4-hydroxyphenyl)propan-1-one', '6α-malonyloxymanoyl oxide', 'Benzylhydroxymethyl sulphide', '1,6-di-O-caffeoyl-β-D-glucopyranoside', '2-methyl-5-[8(Z),11(Z),14-pentadecatrienyl]resorcinol', '3,12-Dihydroxycadalene', '7-hydroxy-3- (11-dimethylallyl)-8-methoxycoumarin', ""N-[7-(3',4'-methylenedioxyphenyl)-2(Z),4(Z)-heptadienoyl]pyrrolidine"", ""Acteoside; [β-3,4-dihydroxyphenyl)-ethyl]-(3'-O-α-L-rhamnopyranosyl)-(4'-O-cafeoyl)-β-D-glycopyranoside, verbascoside"", 'α-L-xylopyranosyl-(4""→20)-(3-O-β-D-glucopyranosyl)-1\'-O-E-caffeoyl-β-D-glucopyranoside', ""2-(R)-Methyl-6-(S)-(tetradecyl-13'-one)-3(R)-O-tert-butyldimethylsilyl-piperidine"", '(2S)-Methyl-2-methyl-8-(3""-methylbut-2""-enyl)-2-(4\'-methylpent-3\'-enyl)-2H-chromene-6-carboxylate', 'Casearin T', '3-Oxoursolic acid', 'Casearupestrin B', 'toonacilin', 'Pedalitin', '1-O-(E)-feruloyl-β-D-glucopyranoside', '19,20-Epoxycytochalasin C', 'n-Pentyl gallate', 'Orcinol', 'limonexic acid', 'Skimmianine', 'p-hydroxybenzoic acid-geranyl ester', 'Dibenzyl disulphide', 'Proanthocyanidin', 'neoisoastilbin', '(R)-7-Hydroxymellein', '6α-acetoxymanoyl oxide', 'Methyl-8-hydroxy-2,2-dimethylchroman-6-carboxylate', 'Di(benzyltrithio) methane', 'Netzahualcoyondiol', 'Pristimerin; 20α-3-hydroxy-2-oxo-24-nor-friedela-1-10,3,5,7-tetraen-carboxylic acid-29-methylester', '3,4,5-trimethoxyphenyl 1-O-β-D-apiofuranosyl-(1→6)-O-β-D-glucopyranoside', 'β-photogedunin', 'n-Butyl gallate', ""5-[3''-(β-D-glucopyranosyloxy)propyl]-7-methoxy-2-(3',4'-dimethoxyphenyl)benzofuran"", '24-methylene-3,22-dihydroxycholesterol', 'amorphispironone', 'Casearupestrin D', 'Chaetoglobosin B', ""2-(2'-O-benzoyl)-C-β-D-glucopyranosyl-1,3,6,7-tetrahydroxyxanthone"", 'Isoplumericin', 'N-[10-(13,14-methylenedioxyphenyl)-7(E),9(Z)-pentadienoyl]-pyrrolidine', '6-[8(Z)-pentadecenyl]salicylic acid', '(2S)-2-methyl-8-(3""-methylbut-2""-enyl)-2-(4\'-methylpent-3\'-enyl)-2H-chromene-6-carboxylic acid', 'Burchellin', '5-[8(Z)-pentadecenyl]resorcinol', 'Luteolin; 2-(3,4-dihydroxyphenyl)-5,7-dihydroxy-4H-chromen-4-one', 'Piperyline, N-[10-(13,14-methylenedioxyphenyl)-7(E),9(E)-pentadienoyl]-pyrrolidine', 'ω-fenil alcanoic acid', '2-butyl-D-fructofuranoside', ""Gaudichaudianic acid; (2S)-2-methyl-2-(4'methyl-3'-pentenyl)-8-(3''-methyl-2-butenyl)- 2H-1-benzopyran-6-carboxylic acid"", '19,20-Epoxycytochalasin R', 'Muraxanthone', '6α-acetoxy-14β,15β-epoxyazadirone', 'epoxy-fraxinellone', '12′-hydroxy-7′-multijuguinone', 'Kaempferitrin', 'Nitensidine C', 'Dipropyl disulphide', '2-methyl-5-[8(Z),11(Z)-pentadecadienyl]resorcinol', 'Methyl 6,7,8-trimethoxydihydrocinnamate', '2-Hexyl-3-methyl-butanodioic acid', 'fraxinellone', '6-[ 8(Z),11(Z) -pentadecadienyl] salicylic acid', '3,11,12-Trihydroxycadalene', 'Quercetin 3-O-sophoroside', '(3R,4R)-3,4-Dihydro-4,6-dihydroxy-3-methyl-1-oxo-1H-isochromene-5-carboxylic acid', 'Odoratone', 'Rel-6β-hydroxyzuelanin-2β-benzoate', 'shidasterone', '5-hydroxymethyl- 2-furancarboxaldehyde; 5-hydroxymethyl-2-furfuraldehyde', 'atalaphyllinine', 'N-[10- (13,14-methylenedioxyphenyl)-7(E)-pentaenoyl]-pyrrolidine', '2-Methyl-5-methoxy-benzopyran-4-one', '3,4-dihydroxybenzoic acid geranyl ester', 'Gedunin', 'Pedalin, pedalitin 6-O-β -glucopyranoside', 'Caseargrewiin F; (1R*,3S*,5S*,6aR*,7S*,8R*,10R*,10aR*)-1,3-Bis(acetyloxy)-3,5,6,6a,7,8,9,10-octahydro-10-hydroxy-7,8-dimethyl-7-[(2Z)-3-methylpenta-2,4-dien-1-yl]naphtho[1,8a-c]furan-5-yl Butanoate', 'Casearin L; (1R*,3S*,5S*,6aR*,7R*,8R*,9S*,10S*,10aR*)-1,10-Bis(acetyloxy)-3,5,6,6a,7,8,9,10-octahydro-9-hydroxy-5-methoxy-7,8-dimethyl-7-[(2Z)-3-methylpenta-2,4-dien-1-yl]naphtho[1,8a-c]-furan-3-yl Butanoate', 'Platydesmine', 'Leiokinine A', 'Sinapic acid', '19,20-Epoxycytochalasin Q', 'schaftoside', ""(2S)-Methyl-8-isopentyl-2-methyl-2-(4'-methylpentyl)chroman-6-carboxylate"", 'Casearupestrin A', '2-oxo-piperol B; (7S*, 8R*, 1R*, 3R*)-3,4,5-trimethoxy-3,7-cyclo-8,1-neolig-8-ene-2,4(3H)-dione', 'taxifolin', ""(2'S)-2-(propan-2'-ol)-5-hydroxy-benzopyran-4-one"", 'Rel-(+)-(7S,9R,10S)-3,9,12-trihydroxycalamenene', 'Casearin S', '11β-acetoxyobacunone', '1-(5,7-dihydroxy-2,2-dimethylchroman- 6-yl)-3-[4-hydroxy-3-(3-methylbut-2-en-1-yl)- phenyl]propan-1-one', '(3R,4R)-4,7-Dihydroxymellein', ""Nitensoside B; Pedalitin 6-O-α-rhamnopyranosyl(1'''→6'')-β-glucopyranoside"", 'Methyl gallate', '3-O-β-D-quinovopyranosyl cincholic acid', 'Afzelin, 3-O-α-rhamnosyl kaempferol', '3,4,5-Triacetoxybenzoic acid', 'Ethyl 2,4-dihydroxy-5,6-dimethylbenzoate', 'Amentoflavone 7”,4”’-dimethyl ether', 'Egonol', '4-Nerolidilcatechol', ""2-(2'-O-transcoumaroyl)-C-β-D-glucopyranosyl-1,3,6,7-tetrahydroxyxanthone"", 'Syringic acid', '(+)-3-O-feruloylcassine', 'Salacin', '6-pentadecylsalicylic acid', 'Methyl-2,2-dimethylchroman-6-carboxylate', ""Myrsinoic acid A, 3-Geranyl-4-hydroxy-5-(3'',3''-dimethylallyl)benzoic acid"", '20α-Hydroxymaytenin; 20-hydroxy-20-epi-tingenone', '(-)-Epigallocatechin-3-O-gallate', 'Casearin D; (1R*,3S*,5S*,6aR*,7R*,8R*,9S*,10S*,10aR*)-1-(Acetyloxy)-3,5,6,6a,7,8,9,10-octahydro-5,10-dihydroxy-7,8-dimethyl-7-[(2Z)-3-methylpenta-2,4-dien-1-yl]naphtho[1,8a-c]furan-3,9-diyl Dibutanoate', 'Rel. (+)-(7S,10S) 3,12-dihydroxycalamenene', 'Cabraleadiol', '(±)-Syringaresinol', 'Cyclo-(L-Pro-L-Val)', 'carlinoside', 'Methyl-8-(ethanoyloxy)-2,2-dimethyl-2H-chromene-6-carboxylate', 'Amentoflavone', '1-(5,7-dihydroxy-2,2-dimethylchroman-6-yl)-3-(1,1,4a-trimethyl-2,3,4,4a,9a-hexahydro-1H-xanthen-7-yl)propan-1-one', 'Methyl (E)-6,7,8-trimethoxycinnamate', '3,4,5-Trimethoxyphenyl-1-O-β-D-(5-O-syringoyl)-apiofuranosyl-(1→6)-β-D-glucopyranoside', '6-[8(Z),11(Z),14-pentadecatrienyl]salicylic acid', 'Sorbifolin', ""Nitensoside A; Sorbifolin 6-O-α-rhamnopyranosyl(1'''→6'')-β-glucopyranoside"", 'Casearin O; (1R*,3S*,5S*,6aR*,7R*,8R*,9S*,10S*,10aR*)-1,10-Bis(acetyloxy)-5-methoxy-7,8-dimethyl-7-[(2Z)-3-methylpenta-2,4-dien-1-yl]-3,5,6,6a,7,8,9,10-octahydronaphtho[1,8a-c]furan-3,9-diyl Dibutanoate', 'germacrene D', '2β-Hydroxyzuelanin-6β-cinnamate', 'arjunolic acid', 'stachysterone', 'Gallic acid; 3,4,5-trihydroxybenzoic acid', 'Quercitrin, 3-O-α-rhamnosylquercetin', 'Picramnioside F', 'Lauryl gallate', 'Syringaldehyde', '22-hydroxytirucalla-7,24-diene-2,3-dione', 'Trans-3’-methylsulphonylallyl trans-cinnamate', '(3-(2-(4-hydroxyphenyl)-2-oxoethyl)-5,6-dihydropyridin- 2(1H)-one)', 'Mangiferin', 'Viburgenin', ""Pterogynoside; Kaempferol-3-O-(3''-O-4'''-methylgallate-α-L-rhamnoside)"", 'Isobutyl gallate', '7′-multijuguinone', 'Griseofulvin', ""7-Hydroxy-4',6-dimethoxyisoflavone; Afrormosin; Afromosin"", '8-methoxymellein', 'Chalepin', 'Chlorogenic acid', '(4R)-4,8-dihydroxy-α-tetralone', 'Kaempferol', '3-O-β-D-quinovopyranosyl quinovic acid', '2-hydroxyphenylacetic acid', '2-methyl-5-[8(Z)-pentadecenyl]resorcinol']]",doi_name
"['10.1002/ps.1278', 'Isoorientin']","['10.1002/ps.1278', ['guaiol', 'γ-eudesmol', 'Hinesol', 'α-eudesmol', 'Pimara-7,15-dien-3β-ol', 'Ergosterol peroxide', '8-hydroxy-6-methoxy-3-methylisocoumarin', '(22E,24R)-ergosta-4,6,8(14),22-tetraen-3-one', 'Dimethyl terephthalate', '11-O-trans-feruloylteucrein', 'Teucrein', 'Galioside aglicone', 'Apodanthoside', 'Galioside', ""3,4-dimethyl-2-(4'-hydroxy-3',5'-dimethoxyphenyl)-5-methoxy-tetrahydrofuran"", ""3',4',5',3,5,7,8-heptamethoxyflavone"", ""3,5,6,7,3',4',5'-heptamethoxyflavonol"", '3,3-O-dimethylquercetin', 'penduletin 4-O-methyl ether', '2α,3α,19α- trihydroxyurs-12-en-28-oic acid', '2α,3α-dihydroxyolean-12- en-28-oic acid', '3,7,4-O-trimethylkaempferol', 'p-hydroxybenzoic acid', '3-O-methylquercetin', 'Chrysoeriol', 'acacetin', 'Tagitinin C', '1-methoxy-3-hydroxy-3,10b-4,5a-diepoxy-8b-isobutyroyloxygermacr-11(13)-en-6a,12-olide', ""4-Hydroxy-3-(3',7'-dimethyl-3'-hydroxy-1'-oxo-6'-octenyl)benzoic acid"", ""4-Hydroxy-(3',7'-dimethyl-1'-oxo-octa-2'-E-6'-dienyl)benzoic acid"", ""Isosakuranetin; 5,7-dihydroxy-4'-methoxyflavanone"", ""1,4-Dihydroxy-2-(3',7'-dimethyl-1'-oxo-2'-E-6'-octadienyl)benzene"", ""Sakuranetin; 5,4'-dihydroxy-7-methoxyflavanone"", ""3',4'-methylenedioxy-5,6,7- trimethoxyflavone"", ""2'-hydroxy-3,4,4'-trimethoxy-5',6'-(2'',2''-dimethylpyrano)-chalcone"", ""3',4'-methylenedioxy-5,5',6,7-tetramethoxyflavone"", ""3',4'-methylenedioxy-5,7-dimethoxyflavone"", 'Aphidicolin', '21β,25-dimethylmelianodiol', '3,21-Di-epi-feroniellide B', '21α,25-dimethylmelianodiol', 'Cordifoline', 'Turbinatine', '3,4-dehydro-strictosidine', '3,4-dehydrostrictosidine acid', 'Strictosidine acid', '5α-carboxystrictosidine', 'Harman-3-carboxylic acid', 'Deoxycordifoline', '(+)-11α-Hydroxyerythravine', '(+)-Erythravine', '(+)-α-Hydroxyerysotrine', '4-metoxi-6-[2-(metilamino)fenil]- 2H-piran-2-ona', 'Kaempferol-3-O-rutinoside', 'Kaempferol-3-O-α-L-rhamnopyranosyl-(1→6)-β-D-galactopyranoside', 'Catechin, Ent-catechin', 'Procyanidin B-3', 'Kaempferol-3-O-D-galactopyranoside', '6-Hydroxy-rutin', 'Kaempferol-3-O-α-L-rhamnopyranosyl-(1-6)-α-L-rhamnopyranosyl-(1-4)-β-D-glucopyranoside', 'Quercetin-3-O-α-L-rhamnopyranosyl-(1→6)-β-D-galactopyranoside', 'Kaempferol-3-O-D-glucopyranoside', 'Taraxerol acetate', 'Nitensidine E', 'Nitensidine D', 'Beauvericin', 'Anhydrofusarubin', 'Hispidol A', 'Nilocetin', 'Oleanonic acid', 'Pentaol', 'cryptomeridiol', 'Iso-odoratol', 'Piscidinol A', '3,11-dioxoolean-12-en-28- onic acid', ""Isoswertisin-4'-methyl-ether-2''α-L-rhamnoside"", 'Clusifoliol', '2-Episesalatin', ""Isoswertisin-2''α1-L-rhamnoside"", 'Sesartemin', 'Citibrasine', '2,3-dihydro-4,9-dihydroxy-2-(2-hydroxy-propan-2-yl)- 11-methoxy-10-methylfuro[3,2-b]acridin-5(10H)-one', 'bis-5-hydroxyacronycine', 'astilbin; Rel-(2R, 3R)-dihydroquercetin-3-O-±-L-rhamnoside', 'Methyl (3R,4R,5R)-3-{[(2Z)-3-(3,4-dihydroxyphenyl)-2-propenoyl]oxy}-1,4,5-trihydroxycyclohexanecarboxylate', 'Methyl (3R,4R,5R)-3-{[(2E)-3-(3,4-dihydroxyphenyl)-2-propenoyl]oxy}-1,4,5-trihydroxycyclohexanecarboxylate', 'Chlorogenic acid methyl ester, Methyl (1S,3R,4R,5R)-3-{[(2E)-3-(3,4-dihydroxyphenyl)-2-propenoyl]oxy}-1,4,5-trihydroxycyclohexanecarboxylate', 'Mycoleptone A', '9-hydroxyeugenin', 'Mycoleptone A tetraacetate', 'Eugenitin', 'Mycoleptone B', 'Austdiol', 'Austdiol diacetate', '6-methoxyeugenin', 'α-Gardiol', 'β-Gardiol', 'Ferulic acid', 'Xanthyletin', '5,7-dimethoxy-2,2-dimethyl-2H-1-benzopyran-6-propanoic acid', '17-(3,4-Methylenedioxyphenyl)-heptadecanoic acid', ""7,4'-Dimethoxyflavone"", '21´-(3,4-Methylenedioxyphenyl)-henicosanoic acid', ""7,4'-Dihydroxyflavone"", '(+)-Guaiacin', '19´-(3,4-Methylenedioxyphenyl)-nonadecanoic acid', 'Sargachromenol', 'Sargaquinoic acid', 'Farnisine', ""Juruenolic acid; 2-(4'-Methylpentenyl-3)-10-oxoundecan-2,6-dienoic acid"", 'Fasciculiferin', 'Tithonine', '(-)-3-O-acetyl-spectaline', 'Stearic acid 4-pentoyloxyphenethyl ester', ""Rel-(7R,8S,7'S,8'S)-4',5'-methylenedioxy-3,4,5,3'-tetramethoxy-7,7'-epoxylignan"", ""Rel-(7R,8S,7'S,8'S)-4'-hydroxy-3,4,5,3',5'-pentamethoxy-7,7'-epoxylignan"", ""Rel-(7R,8S,7'S,8'S)-9-hydroxy-4',5'-methylenedioxy-3,4,5,3'-tetramethoxy-7,7'-epoxylignan"", ""Rel-(7R,8S,7'S,8'S)-4,5,4',5'-dimethylenedioxy-3,3'-dimethoxy-7,7'-epoxylignan"", ""Rel-(7R,8S,7'S,8'S)-4-hydroxy-4',5'-methylenedioxy-3,5,3'-trimethoxy-7,7'-epoxylignan"", '2-n-Propylquinoline', ""2-(1'-pentenyl)-Quinoline"", '2-n-Pentylquinoline', ""2-(3',4'-methylenedioxyphenylethyl)-Quinoline"", 'Epi-guaiacin', 'Verrucosin', '7-Methyl-sargachromenol; 2,7,8-Trimethyl-2-[(3-E,7-Z)-4,12-dimethyl-8-carboxyl-3,7,11-tridecatrienyl]-3-chromen-6-ol, β-caroteno', 'Nectandrin B', '1,3,5-trihydroxy- 2,8-bis(3-methylbut-2-enyl)-10-methyl-9-acridone', '5-hydroxynoracronycine; Atalaphyllidine', '3,4-dihydro-3,5,8-trihydroxy-6-methoxy-2,2,7-trimethyl-2Hpyrano[ 2,3-a]acridin-12(7H)-one', 'Citrusinine-I', 'Pyranofoline', 'Citrusinine-II', '1,3,5-trihydroxy-4-methoxy-10-methyl- 2,8-bis(3-methylbut-2-enyl)acridin-9(10H)-one', 'Glycocitrine-IV', 'Glycocitrine-I', '5,7-dimethoxy-2,2-dimethyl-2H-1-benzopyran-6-propanoate', 'β-caryophyllene, trans-caryophyllene', '3,4,5-Trimethoxydihydrocinnamic acid', ""4-Hydroxy-3-(3',7'-dimethylocta-2'-E-6'-dienyl)benzoic acid"", 'Methyl 2,2-dimethyl-1-oxo-2H-1-benzopyran-6-carboxylate', ""2',6'-Dihydroxy-4'-methoxydihydrochalcone"", ""Methyl 4-hydroxy-3-(3'-methyl-2'-butenyl)benzoate"", ""Methyl taboganate; Methyl 4-hydroxy-3-(3'-methyl-1'-oxo-2'-butenyl)benzoate"", ""Hostmaniene; 4-Hydroxy-3-(2',3'-dihydroxy-3'-methylbutyl)benzoate"", 'Piperaduncine B', ""4-Hydroxy-(3',7'-dimethyl-1'-oxo-octa-2'-Z-6'-dienyl)benzoic acid"", ""Aduncumene; Methyl 2-methoxy-5-(3'-methyl-1'-oxo-2'-butenyl)benzoate"", ""Methyl 4-hydroxy-3-(3'-methyl-2'-hydroxy-3'-butenyl)benzoate"", '7-Methoxydiderroside', 'Secoxyloganin', 'Diderroside', ""6'-Acetyl-β-D-glucopyranosyldiderroside"", 'Methacrylic acid', ""4-Methoxy-3-(3',7'-dimethylocta-2'-E-6'-dienyl)benzoic acid"", 'Methyl-8-hydroxy-2,2-dimethyl-2H-chromene-6-carboxylate', ""3-(3',7 '-dimethyl-2',6 '-octadienyl)-4-methoxy-benzoic acid"", 'cyclo (L)-Pro-Gly', 'Isopimpinellin', ""N-[3-(6'-methoxy-3',4'-methy-lenedioxyphenyl)-2(Z)-propenoyl]pyrrolidine"", '8,9-dihydropiplartine; N-(12,13,14-trimethoxydihydrocinnamoyl)-Δ3-pyridin-2-one', '(E)-piplartine', '10,11-dihydropiperine; Δα,β-dihydropiperine', 'Piperine', '4,5-dihydropiperlonguminine; Piperlonguminine', '4,5-dihydropiperyline', '(Z)-piplartine; 8(Z)-N-(12,13, 14-trimethoxycinnamoyl)- 3-pyridin-2-one', '(3Z,5Z)-N-isobutyl-8-(30,40-methylenedioxy-phenyl)-heptadienamide', 'Pellitorine', 'Cusculine; 1,2,3,5,6-pentamethoxy-9-acridone', 'Cuspanine; 1-hydroxy-2,3,5,6-tetramethoxy-9-acridone', '2α,3α-Dihydroxy-urs-12-en-28-oic acid', '3-O-β-D-(6’-methyl)-glucopyranosyl-28-O-β-D-glucopyranosyl-oleanate', 'Oleanolic acid 3-sophoroside', '5-hydroxyflavone', '2-phenyl-4H-chromen-4-one', 'β-Sitosterol benzoate', 'Haplotusine', 'Sinapyl 4-O-β-D-glucopyranoside aldehyde', 'N-acetylnonaine', 'Liriodenine', 'Sinapyl 4-O-β-D-glucopyranoside alcohol', '[10]-gingerol', ""2,4-Dihydroxy-6-[(1'E,3'E)-penta-1', 3'-dienyl]-benzaldehyde"", '2-methyl-5-[8(Z)-pentadecenyl]resorcinol', 'Nitensidine A', '2-hydroxyphenylacetic acid', '3-O-β-D-quinovopyranosyl quinovic acid', ""8-hydroxy-3,5,7,3',4',5'-hexamethoxyflavonol"", '2-methyl-5-pentadecylresorcinol', '3β-hydroxy-stigmast-5-en-7-one; 24-β-7-oxositosterol', 'scillascillin', '(4R)-4,8-dihydroxy-α-tetralone', 'Homoegonol', '[8]-gingerol', '4-Hydroxymellein', '5-hydroxymellein', 'fraxinellonone', 'Sorbifolin 6-O-β-glucopyranoside', 'Rel-2α-hydroxyzuelanin-6β-benzoate', '2,6-di-O-acetylcasearupestrin D', ""Methyl-2,2-dimethyl-8-(3'-methylbut-2'-enyl)chroman-6-carboxylate"", '2,7-Di-O-acetylcasearupestrin A', 'Odoratol', 'Leptomerine', '5-hydroxy-N-methylseverifoline', '19,20-Epoxycytochalasin N', 'ellagic acid 4-O-α-L-rhamnopyranoside; eschweilenol C', 'Mayoside C', 'Ourateacatechin', ""3',4',5',5,7-pentamethoxyflavone"", 'Acetonide of odoratol', '(−)-Grandisin', '24-methylenecycloartan-3b-ol', 'Skimmianine', 'p-hydroxybenzoic acid-geranyl ester', 'Dibenzyl disulphide', 'Proanthocyanidin', 'neoisoastilbin', '(R)-7-Hydroxymellein', ""5-(3'' -Hydroxypropyl)-7-methoxy-2-(3',4' -methyl-enedioxyphenyl)benzofuran"", '22β-hydroxypristimerin', '1- (5,7-dihydroxy-2,2-dimethylchroman-6-yl)-3-(2,2-dimethylchroman- 6-yl)propan-1-one', 'Canavaline', 'Di-hydrodehydrodiconiferyl alcohol', 'Quercetin', ""2-(2'-O-trans-cinnamoyl)-C-β-D-glucopyranosyl-1,3,6,7-tetrahydroxyxanthone"", 'Kokusaginine', 'Ocotillone', 'des-N-methylnoracronycine', '6α-acetoxy-14β,15β-epoxyazadirone', 'Maculosidine', 'Podocarpusflavone A', 'Casearupestrin C', '6α-malonyloxy-n-butyl ester manoyl oxide', 'citrusinine-I', 'Ricinine', 'Leptophyllin A', '5-pentadecylresorcinol', '19,20-Epoxycytochalasin D', 'fumiquinozoline F', 'Kaempferol 3-O-α-L-rhamnopyranosyl (1→6)-O-[β -D-glucopyranosyl (1→3)-O-α-L-rhamnopyranosyl-(1→2)]-O-β -D-glucopyranosyl', 'Nitensidine B', '1-methyl-2-n-nonyl-4-quinolone', '5-[8(Z),11(Z),14-pentadecatrienyl]resorcinol', 'Gallic acid; 3,4,5-trihydroxybenzoic acid', 'Caseobliquin A', 'Methyl angolensate', '3β-O-[α-L-rhamnopyranosyl-(1→2)-O-β-D-glucopyranosyl-(1→2)-O-β-D-glucopyranosyl]-28-O-β-D-glucopyranoside pomolate', 'Dibenzyl tetrasulphide', ""2',5-dihydroxy-3-methoxy-8-dimethylallyl-6, 7-(2' ',2''-dimethylpyrano)-dihydroflavonol"", '2-n-nonyl-4-quinolone', 'Cytochalasin D', 'Isoorientin', 'urauchimycin A', 'p-Coumaric acid', '(-)-Epigallocatechin', 'Netzahualcoyonol', '1-[3-(3,7-dimethylocta-2,6-dien-1-yl)-2,4,6- trihydroxyphenyl]-3-(4-hydroxyphenyl)propan-1-one', '6α-malonyloxymanoyl oxide', '6α-acetoxymanoyl oxide', 'Methyl-8-hydroxy-2,2-dimethylchroman-6-carboxylate', 'Dipropyl disulphide', '2-methyl-5-[8(Z),11(Z)-pentadecadienyl]resorcinol', 'Methyl 6,7,8-trimethoxydihydrocinnamate', '2-Hexyl-3-methyl-butanodioic acid', 'fraxinellone', '6-[ 8(Z),11(Z) -pentadecadienyl] salicylic acid', 'polypodine B', 'n-Propyl gallate', ""3',4',5',5,7,8-hexamethoxyflavone"", 'Isopropyl gallate', '6β-hydroxy-7-epigardoside methyl ester', 'Tetrahydropiperyline, N-[10-(13,14-methylenedioxyphenyl)-pentanoyl]-pyrrolidine', 'Piperovatine', '2,4,6-trimethoxybenzoic acid', '1-O-(E)-caffeoyl-β-D-glucopyranoside', 'Quercitrin, 3-O-α-rhamnosylquercetin', 'Quercetin 3-O-α-L-rhamnopyranosyl (1→6)-O-[β -D-glucopyranosyl (1→3)-O-α-L-rhamnopyranosyl-(1→2)]-O-β -D-glucopyranosyl', 'Heveaflavone', 'Arboreumine', '3-Oxoursolic acid', 'Casearupestrin B', 'toonacilin', 'Uracil', '1-O-(E)-feruloyl-β-D-glucopyranoside', '19,20-Epoxycytochalasin C', 'Benzylhydroxymethyl sulphide', '1,6-di-O-caffeoyl-β-D-glucopyranoside', '2-methyl-5-[8(Z),11(Z),14-pentadecatrienyl]resorcinol', 'epoxy-fraxinellone', '12′-hydroxy-7′-multijuguinone', 'Kaempferitrin', 'Nitensidine C', 'Casearupestrin D', 'Chaetoglobosin B', 'n-Pentyl gallate', 'Orcinol', 'Periconicin B', 'Phomopsilactone', ""(2S)-8-Isopentyl-2-methyl-2-(4'-methylpentyl)chroman-6-carboxylic acid"", '2,2-dimethyl-2H-chromene-6-carboxylic acid', '1,2-dihydro- 3β-hydroxy-7-deacetoxy-7-oxogedunin', 'Photogedunin', 'Casearin X; (1R*,3S*,5S*,6aR*,7S*,8S*,10R*,10aR*)-1-(Acetyloxy)-3,5,6,6a,7,8,9,10-octahydro-10-hydroxy-7,8-dimethyl-7-[(2Z)-3-methylpenta-2,4-dien-1-yl]naphtho[1,8a-c]furan-3,5-diyl Dibutanoate', ""2-(R)-Methyl-6-(S)-(tetradecyl-13'-one)-3(R)-O-tert-butyldimethylsilyl-piperidine"", '(2S)-Methyl-2-methyl-8-(3""-methylbut-2""-enyl)-2-(4\'-methylpent-3\'-enyl)-2H-chromene-6-carboxylate', '20-hydroxyecdysone; polypodine A', '3-Acetyl aleuritolic acid', 'Alkenoic acid', ""2-(2'-O-trans-caffeoyl)-C-β-D-glucopyranosyl-1,3,6,7-tetrahydroxyxanthone"", 'Netzahualcoyene', 'Casearin X Dialdehyde; (2R*,4aS*,5S*,7R*,8R*,8aS*)-4,4a-Diformyl-1,2,4a,5,6,7,8,8a-octahydro-5-hydroxy-7,8-dimethyl-8-[(2Z)-3-methylpenta-2,4-dien-1-yl]naphthalen-2-yl Butanoate', 'Casearin T', 'Piperyline, N-[10-(13,14-methylenedioxyphenyl)-7(E),9(E)-pentadienoyl]-pyrrolidine', 'ω-fenil alcanoic acid', '2-butyl-D-fructofuranoside', ""Gaudichaudianic acid; (2S)-2-methyl-2-(4'methyl-3'-pentenyl)-8-(3''-methyl-2-butenyl)- 2H-1-benzopyran-6-carboxylic acid"", 'limonexic acid', 'Pedalitin', 'Di(benzyltrithio) methane', '3,11,12-Trihydroxycadalene', 'Quercetin 3-O-sophoroside', '(3R,4R)-3,4-Dihydro-4,6-dihydroxy-3-methyl-1-oxo-1H-isochromene-5-carboxylic acid', '24-methylene-3,22-dihydroxycholesterol', 'amorphispironone', 'taxifolin', ""(2'S)-2-(propan-2'-ol)-5-hydroxy-benzopyran-4-one"", 'Rel-(+)-(7S,9R,10S)-3,9,12-trihydroxycalamenene', 'Casearin S', '11β-acetoxyobacunone', '1-(5,7-dihydroxy-2,2-dimethylchroman- 6-yl)-3-[4-hydroxy-3-(3-methylbut-2-en-1-yl)- phenyl]propan-1-one', '(3R,4R)-4,7-Dihydroxymellein', 'Piperol B', '(-)-Hardwickiic acid', ""5-[3''-(β-D-glucopyranosyloxy)propyl]-7-methoxy-2-(3',4'-methylenedioxyphenyl)benzofuran"", '28-O-β-D-glucopyranosyl quinovic acid', '2-Methyl-4-hydroxy-butyl caffeoate', 'N-1,N-2,N-3-Triisopentenylguanidine', 'Dibenzyl trisulphide', 'Maytenin, Tingenone', 'urauchimycin B', '6-[8(Z)-pentadecenyl]salicylic acid', '(2S)-2-methyl-8-(3""-methylbut-2""-enyl)-2-(4\'-methylpent-3\'-enyl)-2H-chromene-6-carboxylic acid', 'Burchellin', '5-[8(Z)-pentadecenyl]resorcinol', 'Luteolin; 2-(3,4-dihydroxyphenyl)-5,7-dihydroxy-4H-chromen-4-one', 'Sinapic acid', '19,20-Epoxycytochalasin Q', '19,20-Epoxycytochalasin R', 'Muraxanthone', 'Odoratone', 'Rel-6β-hydroxyzuelanin-2β-benzoate', ""2-(2'-O-benzoyl)-C-β-D-glucopyranosyl-1,3,6,7-tetrahydroxyxanthone"", 'Isoplumericin', 'α-L-xylopyranosyl-(4""→20)-(3-O-β-D-glucopyranosyl)-1\'-O-E-caffeoyl-β-D-glucopyranoside', 'Casearupestrin A', '2-oxo-piperol B; (7S*, 8R*, 1R*, 3R*)-3,4,5-trimethoxy-3,7-cyclo-8,1-neolig-8-ene-2,4(3H)-dione', ""N-[7-(3',4'-methylenedioxyphenyl)-2(Z),4(Z)-heptadienoyl]pyrrolidine"", ""Acteoside; [β-3,4-dihydroxyphenyl)-ethyl]-(3'-O-α-L-rhamnopyranosyl)-(4'-O-cafeoyl)-β-D-glycopyranoside, verbascoside"", 'shidasterone', '5-hydroxymethyl- 2-furancarboxaldehyde; 5-hydroxymethyl-2-furfuraldehyde', 'atalaphyllinine', 'N-[10- (13,14-methylenedioxyphenyl)-7(E)-pentaenoyl]-pyrrolidine', '2-Methyl-5-methoxy-benzopyran-4-one', '3,4-dihydroxybenzoic acid geranyl ester', 'N-[10-(13,14-methylenedioxyphenyl)-7(E),9(Z)-pentadienoyl]-pyrrolidine', 'Gedunin', 'Pedalin, pedalitin 6-O-β -glucopyranoside', 'Caseargrewiin F; (1R*,3S*,5S*,6aR*,7S*,8R*,10R*,10aR*)-1,3-Bis(acetyloxy)-3,5,6,6a,7,8,9,10-octahydro-10-hydroxy-7,8-dimethyl-7-[(2Z)-3-methylpenta-2,4-dien-1-yl]naphtho[1,8a-c]furan-5-yl Butanoate', 'Casearin L; (1R*,3S*,5S*,6aR*,7R*,8R*,9S*,10S*,10aR*)-1,10-Bis(acetyloxy)-3,5,6,6a,7,8,9,10-octahydro-9-hydroxy-5-methoxy-7,8-dimethyl-7-[(2Z)-3-methylpenta-2,4-dien-1-yl]naphtho[1,8a-c]-furan-3-yl Butanoate', 'Platydesmine', ""Nitensoside B; Pedalitin 6-O-α-rhamnopyranosyl(1'''→6'')-β-glucopyranoside"", 'Amentoflavone', 'Methyl (E)-6,7,8-trimethoxycinnamate', '3,4,5-Trimethoxyphenyl-1-O-β-D-(5-O-syringoyl)-apiofuranosyl-(1→6)-β-D-glucopyranoside', '6-[8(Z),11(Z),14-pentadecatrienyl]salicylic acid', 'Sorbifolin', ""Nitensoside A; Sorbifolin 6-O-α-rhamnopyranosyl(1'''→6'')-β-glucopyranoside"", 'Casearin O; (1R*,3S*,5S*,6aR*,7R*,8R*,9S*,10S*,10aR*)-1,10-Bis(acetyloxy)-5-methoxy-7,8-dimethyl-7-[(2Z)-3-methylpenta-2,4-dien-1-yl]-3,5,6,6a,7,8,9,10-octahydronaphtho[1,8a-c]furan-3,9-diyl Dibutanoate', 'germacrene D', '(-)-Spectalinine', 'Netzahualcoyondiol', 'Pristimerin; 20α-3-hydroxy-2-oxo-24-nor-friedela-1-10,3,5,7-tetraen-carboxylic acid-29-methylester', '3,4,5-trimethoxyphenyl 1-O-β-D-apiofuranosyl-(1→6)-O-β-D-glucopyranoside', 'β-photogedunin', 'n-Butyl gallate', ""5-[3''-(β-D-glucopyranosyloxy)propyl]-7-methoxy-2-(3',4'-dimethoxyphenyl)benzofuran"", '3,12-Dihydroxycadalene', '7-hydroxy-3- (11-dimethylallyl)-8-methoxycoumarin', 'Afzelin, 3-O-α-rhamnosyl kaempferol', 'Egonol', '4-Nerolidilcatechol', ""2-(2'-O-transcoumaroyl)-C-β-D-glucopyranosyl-1,3,6,7-tetrahydroxyxanthone"", 'Syringic acid', '(+)-3-O-feruloylcassine', '6-pentadecylsalicylic acid', 'Methyl-2,2-dimethylchroman-6-carboxylate', ""Myrsinoic acid A, 3-Geranyl-4-hydroxy-5-(3'',3''-dimethylallyl)benzoic acid"", '20α-Hydroxymaytenin; 20-hydroxy-20-epi-tingenone', 'Leiokinine A', 'Cabraleadiol', 'schaftoside', ""(2S)-Methyl-8-isopentyl-2-methyl-2-(4'-methylpentyl)chroman-6-carboxylate"", '3,4,5-Triacetoxybenzoic acid', '1-(5,7-dihydroxy-2,2-dimethylchroman-6-yl)-3-(1,1,4a-trimethyl-2,3,4,4a,9a-hexahydro-1H-xanthen-7-yl)propan-1-one', '(±)-Syringaresinol', 'Cyclo-(L-Pro-L-Val)', '(-)-Epigallocatechin-3-O-gallate', 'Casearin D; (1R*,3S*,5S*,6aR*,7R*,8R*,9S*,10S*,10aR*)-1-(Acetyloxy)-3,5,6,6a,7,8,9,10-octahydro-5,10-dihydroxy-7,8-dimethyl-7-[(2Z)-3-methylpenta-2,4-dien-1-yl]naphtho[1,8a-c]furan-3,9-diyl Dibutanoate', 'Rel. (+)-(7S,10S) 3,12-dihydroxycalamenene', 'carlinoside', 'Methyl-8-(ethanoyloxy)-2,2-dimethyl-2H-chromene-6-carboxylate', 'arjunolic acid', 'stachysterone', 'Ethyl 2,4-dihydroxy-5,6-dimethylbenzoate', 'Amentoflavone 7”,4”’-dimethyl ether', 'Picramnioside F', 'Lauryl gallate', 'Syringaldehyde', 'Methyl gallate', '3-O-β-D-quinovopyranosyl cincholic acid', 'Dibenzyl sulphide', '(-) Cis-4-hydroxy-6-deoxyscytalone', 'Plumericin', '5-[8(Z),11(Z)-pentadecadienyl]resorcinol', '22-hydroxytirucalla-7,24-diene-2,3-dione', 'Trans-3’-methylsulphonylallyl trans-cinnamate', '(3-(2-(4-hydroxyphenyl)-2-oxoethyl)-5,6-dihydropyridin- 2(1H)-one)', 'Mangiferin', 'Salacin', 'Viburgenin', ""Pterogynoside; Kaempferol-3-O-(3''-O-4'''-methylgallate-α-L-rhamnoside)"", 'Isobutyl gallate', '7′-multijuguinone', 'Griseofulvin', ""7-Hydroxy-4',6-dimethoxyisoflavone; Afrormosin; Afromosin"", '8-methoxymellein', 'Ixoside', '2β-Hydroxyzuelanin-6β-cinnamate', 'Cognatine', 'Fagaramide', 'Chalepin', 'Chlorogenic acid', 'Kaempferol']]",doi_name
"['10.1016/0040-4020(95)00254-6', 'Canavaline']","['10.1016/0040-4020(95)00254-6', ['Galioside aglicone', 'Teucrein', 'Apodanthoside', '11-O-trans-feruloylteucrein', 'Galioside', 'γ-eudesmol', 'Hinesol', 'guaiol', 'α-eudesmol', 'Mycoleptone A', '9-hydroxyeugenin', 'Eugenitin', '6-methoxyeugenin', 'Austdiol', 'Mycoleptone B', 'Austdiol diacetate', 'Mycoleptone A tetraacetate', 'Ferulic acid', 'α-Gardiol', 'β-Gardiol', ""3',4'-methylenedioxy-5,7-dimethoxyflavone"", ""2'-hydroxy-3,4,4'-trimethoxy-5',6'-(2'',2''-dimethylpyrano)-chalcone"", ""3',4'-methylenedioxy-5,5',6,7-tetramethoxyflavone"", ""3',4'-methylenedioxy-5,6,7- trimethoxyflavone"", '2α,3α,19α- trihydroxyurs-12-en-28-oic acid', '3,3-O-dimethylquercetin', 'penduletin 4-O-methyl ether', 'p-hydroxybenzoic acid', '3-O-methylquercetin', 'acacetin', '3,7,4-O-trimethylkaempferol', '2α,3α-dihydroxyolean-12- en-28-oic acid', 'Chrysoeriol', ""2-(1'-pentenyl)-Quinoline"", ""2-(3',4'-methylenedioxyphenylethyl)-Quinoline"", '2-n-Propylquinoline', '2-n-Pentylquinoline', 'Kaempferol-3-O-rutinoside', 'Kaempferol-3-O-α-L-rhamnopyranosyl-(1→6)-β-D-galactopyranoside', 'Catechin, Ent-catechin', '6-Hydroxy-rutin', 'Quercetin-3-O-α-L-rhamnopyranosyl-(1→6)-β-D-galactopyranoside', 'Procyanidin B-3', 'Kaempferol-3-O-D-galactopyranoside', 'Kaempferol-3-O-D-glucopyranoside', 'Kaempferol-3-O-α-L-rhamnopyranosyl-(1-6)-α-L-rhamnopyranosyl-(1-4)-β-D-glucopyranoside', ""Rel-(7R,8S,7'S,8'S)-4',5'-methylenedioxy-3,4,5,3'-tetramethoxy-7,7'-epoxylignan"", ""Rel-(7R,8S,7'S,8'S)-4'-hydroxy-3,4,5,3',5'-pentamethoxy-7,7'-epoxylignan"", ""Rel-(7R,8S,7'S,8'S)-9-hydroxy-4',5'-methylenedioxy-3,4,5,3'-tetramethoxy-7,7'-epoxylignan"", ""Rel-(7R,8S,7'S,8'S)-4-hydroxy-4',5'-methylenedioxy-3,5,3'-trimethoxy-7,7'-epoxylignan"", ""Rel-(7R,8S,7'S,8'S)-4,5,4',5'-dimethylenedioxy-3,3'-dimethoxy-7,7'-epoxylignan"", 'Epi-guaiacin', 'Verrucosin', 'Nectandrin B', '7-Methyl-sargachromenol; 2,7,8-Trimethyl-2-[(3-E,7-Z)-4,12-dimethyl-8-carboxyl-3,7,11-tridecatrienyl]-3-chromen-6-ol, β-caroteno', 'Diderroside', ""6'-Acetyl-β-D-glucopyranosyldiderroside"", '7-Methoxydiderroside', 'Secoxyloganin', 'Citibrasine', '2,3-dihydro-4,9-dihydroxy-2-(2-hydroxy-propan-2-yl)- 11-methoxy-10-methylfuro[3,2-b]acridin-5(10H)-one', 'bis-5-hydroxyacronycine', '17-(3,4-Methylenedioxyphenyl)-heptadecanoic acid', 'Sargaquinoic acid', '19´-(3,4-Methylenedioxyphenyl)-nonadecanoic acid', 'Sargachromenol', 'Farnisine', ""7,4'-Dimethoxyflavone"", '(+)-Guaiacin', '21´-(3,4-Methylenedioxyphenyl)-henicosanoic acid', ""7,4'-Dihydroxyflavone"", 'Fasciculiferin', ""Juruenolic acid; 2-(4'-Methylpentenyl-3)-10-oxoundecan-2,6-dienoic acid"", 'Tithonine', 'Xanthyletin', 'β-caryophyllene, trans-caryophyllene', 'Pellitorine', '(3Z,5Z)-N-isobutyl-8-(30,40-methylenedioxy-phenyl)-heptadienamide', '10,11-dihydropiperine; Δα,β-dihydropiperine', '(E)-piplartine', '4,5-dihydropiperyline', '(Z)-piplartine; 8(Z)-N-(12,13, 14-trimethoxycinnamoyl)- 3-pyridin-2-one', 'Piperine', '4,5-dihydropiperlonguminine; Piperlonguminine', ""N-[3-(6'-methoxy-3',4'-methy-lenedioxyphenyl)-2(Z)-propenoyl]pyrrolidine"", '8,9-dihydropiplartine; N-(12,13,14-trimethoxydihydrocinnamoyl)-Δ3-pyridin-2-one', ""3',4',5',3,5,7,8-heptamethoxyflavone"", ""3,5,6,7,3',4',5'-heptamethoxyflavonol"", ""3,4-dimethyl-2-(4'-hydroxy-3',5'-dimethoxyphenyl)-5-methoxy-tetrahydrofuran"", '1-methoxy-3-hydroxy-3,10b-4,5a-diepoxy-8b-isobutyroyloxygermacr-11(13)-en-6a,12-olide', 'Tagitinin C', ""4-Methoxy-3-(3',7'-dimethylocta-2'-E-6'-dienyl)benzoic acid"", ""3-(3',7 '-dimethyl-2',6 '-octadienyl)-4-methoxy-benzoic acid"", 'Methyl-8-hydroxy-2,2-dimethyl-2H-chromene-6-carboxylate', 'Taraxerol acetate', 'Aphidicolin', 'cyclo (L)-Pro-Gly', 'Chlorogenic acid methyl ester, Methyl (1S,3R,4R,5R)-3-{[(2E)-3-(3,4-dihydroxyphenyl)-2-propenoyl]oxy}-1,4,5-trihydroxycyclohexanecarboxylate', '(+)-α-Hydroxyerysotrine', '(+)-11α-Hydroxyerythravine', '(+)-Erythravine', '5,7-dimethoxy-2,2-dimethyl-2H-1-benzopyran-6-propanoate', 'Dimethyl terephthalate', '(22E,24R)-ergosta-4,6,8(14),22-tetraen-3-one', '8-hydroxy-6-methoxy-3-methylisocoumarin', 'Ergosterol peroxide', 'Pimara-7,15-dien-3β-ol', 'Cuspanine; 1-hydroxy-2,3,5,6-tetramethoxy-9-acridone', 'Cusculine; 1,2,3,5,6-pentamethoxy-9-acridone', 'Isopimpinellin', '3,21-Di-epi-feroniellide B', '21α,25-dimethylmelianodiol', '21β,25-dimethylmelianodiol', ""4-Hydroxy-3-(3',7'-dimethyl-3'-hydroxy-1'-oxo-6'-octenyl)benzoic acid"", ""Isosakuranetin; 5,7-dihydroxy-4'-methoxyflavanone"", ""1,4-Dihydroxy-2-(3',7'-dimethyl-1'-oxo-2'-E-6'-octadienyl)benzene"", ""Sakuranetin; 5,4'-dihydroxy-7-methoxyflavanone"", ""4-Hydroxy-(3',7'-dimethyl-1'-oxo-octa-2'-E-6'-dienyl)benzoic acid"", '5,7-dimethoxy-2,2-dimethyl-2H-1-benzopyran-6-propanoic acid', 'Anhydrofusarubin', 'Beauvericin', '(-)-3-O-acetyl-spectaline', 'Nilocetin', 'Hispidol A', 'Pentaol', 'cryptomeridiol', '3,11-dioxoolean-12-en-28- onic acid', 'Iso-odoratol', 'Piscidinol A', 'Oleanonic acid', 'Piperaduncine B', ""4-Hydroxy-3-(3',7'-dimethylocta-2'-E-6'-dienyl)benzoic acid"", ""Methyl 4-hydroxy-3-(3'-methyl-2'-butenyl)benzoate"", ""2',6'-Dihydroxy-4'-methoxydihydrochalcone"", 'Methyl 2,2-dimethyl-1-oxo-2H-1-benzopyran-6-carboxylate', '3,4,5-Trimethoxydihydrocinnamic acid', ""Methyl taboganate; Methyl 4-hydroxy-3-(3'-methyl-1'-oxo-2'-butenyl)benzoate"", ""Hostmaniene; 4-Hydroxy-3-(2',3'-dihydroxy-3'-methylbutyl)benzoate"", ""Methyl 4-hydroxy-3-(3'-methyl-2'-hydroxy-3'-butenyl)benzoate"", ""4-Hydroxy-(3',7'-dimethyl-1'-oxo-octa-2'-Z-6'-dienyl)benzoic acid"", ""Aduncumene; Methyl 2-methoxy-5-(3'-methyl-1'-oxo-2'-butenyl)benzoate"", 'Nitensidine D', 'Nitensidine E', 'Methyl (3R,4R,5R)-3-{[(2E)-3-(3,4-dihydroxyphenyl)-2-propenoyl]oxy}-1,4,5-trihydroxycyclohexanecarboxylate', 'Methyl (3R,4R,5R)-3-{[(2Z)-3-(3,4-dihydroxyphenyl)-2-propenoyl]oxy}-1,4,5-trihydroxycyclohexanecarboxylate', '3,4-dihydro-3,5,8-trihydroxy-6-methoxy-2,2,7-trimethyl-2Hpyrano[ 2,3-a]acridin-12(7H)-one', 'Glycocitrine-IV', '1,3,5-trihydroxy- 2,8-bis(3-methylbut-2-enyl)-10-methyl-9-acridone', 'Citrusinine-II', 'Pyranofoline', '1,3,5-trihydroxy-4-methoxy-10-methyl- 2,8-bis(3-methylbut-2-enyl)acridin-9(10H)-one', 'Citrusinine-I', '5-hydroxynoracronycine; Atalaphyllidine', 'Glycocitrine-I', 'astilbin; Rel-(2R, 3R)-dihydroquercetin-3-O-±-L-rhamnoside', 'Stearic acid 4-pentoyloxyphenethyl ester', '4-metoxi-6-[2-(metilamino)fenil]- 2H-piran-2-ona', ""Isoswertisin-2''α1-L-rhamnoside"", '2-Episesalatin', 'Clusifoliol', ""Isoswertisin-4'-methyl-ether-2''α-L-rhamnoside"", 'Sesartemin', 'Methacrylic acid', 'Deoxycordifoline', '5α-carboxystrictosidine', 'Turbinatine', '3,4-dehydrostrictosidine acid', 'Strictosidine acid', 'Harman-3-carboxylic acid', 'Cordifoline', '3,4-dehydro-strictosidine', '2α,3α-Dihydroxy-urs-12-en-28-oic acid', 'Oleanolic acid 3-sophoroside', '3-O-β-D-(6’-methyl)-glucopyranosyl-28-O-β-D-glucopyranosyl-oleanate', 'Haplotusine', 'β-Sitosterol benzoate', '5-hydroxyflavone', '2-phenyl-4H-chromen-4-one', 'Sinapyl 4-O-β-D-glucopyranoside aldehyde', 'Sinapyl 4-O-β-D-glucopyranoside alcohol', 'Liriodenine', 'N-acetylnonaine', '[10]-gingerol', ""2,4-Dihydroxy-6-[(1'E,3'E)-penta-1', 3'-dienyl]-benzaldehyde"", '2-methyl-5-[8(Z)-pentadecenyl]resorcinol', '2-methyl-5-pentadecylresorcinol', '3β-hydroxy-stigmast-5-en-7-one; 24-β-7-oxositosterol', 'scillascillin', 'urauchimycin B', 'Homoegonol', '[8]-gingerol', '4-Hydroxymellein', '5-hydroxymellein', 'fraxinellonone', 'Dibenzyl sulphide', '(-) Cis-4-hydroxy-6-deoxyscytalone', 'Plumericin', '5-[8(Z),11(Z)-pentadecadienyl]resorcinol', '1-methyl-2-n-nonyl-4-quinolone', '5-[8(Z),11(Z),14-pentadecatrienyl]resorcinol', 'Nitensidine A', ""8-hydroxy-3,5,7,3',4',5'-hexamethoxyflavonol"", 'Odoratol', 'Leptomerine', '5-hydroxy-N-methylseverifoline', '19,20-Epoxycytochalasin N', 'ellagic acid 4-O-α-L-rhamnopyranoside; eschweilenol C', 'Mayoside C', 'Ourateacatechin', ""3',4',5',5,7-pentamethoxyflavone"", '(−)-Grandisin', '24-methylenecycloartan-3b-ol', 'Ixoside', 'Cognatine', '7-hydroxy-3- (11-dimethylallyl)-8-methoxycoumarin', ""N-[7-(3',4'-methylenedioxyphenyl)-2(Z),4(Z)-heptadienoyl]pyrrolidine"", ""Acteoside; [β-3,4-dihydroxyphenyl)-ethyl]-(3'-O-α-L-rhamnopyranosyl)-(4'-O-cafeoyl)-β-D-glycopyranoside, verbascoside"", 'Maculosidine', 'Podocarpusflavone A', 'Casearupestrin C', 'Quercetin', ""2-(2'-O-trans-cinnamoyl)-C-β-D-glucopyranosyl-1,3,6,7-tetrahydroxyxanthone"", 'Ocotillone', 'des-N-methylnoracronycine', 'Sorbifolin 6-O-β-glucopyranoside', 'Rel-2α-hydroxyzuelanin-6β-benzoate', '2,6-di-O-acetylcasearupestrin D', ""Methyl-2,2-dimethyl-8-(3'-methylbut-2'-enyl)chroman-6-carboxylate"", '2,7-Di-O-acetylcasearupestrin A', 'Nitensidine B', 'Leptophyllin A', '5-pentadecylresorcinol', 'Skimmianine', 'p-hydroxybenzoic acid-geranyl ester', 'Dibenzyl disulphide', 'Proanthocyanidin', 'neoisoastilbin', '(R)-7-Hydroxymellein', '6α-acetoxymanoyl oxide', 'Netzahualcoyondiol', 'Pristimerin; 20α-3-hydroxy-2-oxo-24-nor-friedela-1-10,3,5,7-tetraen-carboxylic acid-29-methylester', '3,4,5-trimethoxyphenyl 1-O-β-D-apiofuranosyl-(1→6)-O-β-D-glucopyranoside', 'β-photogedunin', 'n-Butyl gallate', ""5-[3''-(β-D-glucopyranosyloxy)propyl]-7-methoxy-2-(3',4'-dimethoxyphenyl)benzofuran"", '3,12-Dihydroxycadalene', '19,20-Epoxycytochalasin D', 'fumiquinozoline F', 'Kaempferol 3-O-α-L-rhamnopyranosyl (1→6)-O-[β -D-glucopyranosyl (1→3)-O-α-L-rhamnopyranosyl-(1→2)]-O-β -D-glucopyranosyl', '3β-O-[α-L-rhamnopyranosyl-(1→2)-O-β-D-glucopyranosyl-(1→2)-O-β-D-glucopyranosyl]-28-O-β-D-glucopyranoside pomolate', 'Dibenzyl tetrasulphide', ""2',5-dihydroxy-3-methoxy-8-dimethylallyl-6, 7-(2' ',2''-dimethylpyrano)-dihydroflavonol"", '2-n-nonyl-4-quinolone', 'Cytochalasin D', 'Isoorientin', 'Uracil', 'urauchimycin A', 'p-Coumaric acid', '(-)-Epigallocatechin', '6α-malonyloxy-n-butyl ester manoyl oxide', 'citrusinine-I', 'Ricinine', '19,20-Epoxycytochalasin C', 'Netzahualcoyonol', '1-[3-(3,7-dimethylocta-2,6-dien-1-yl)-2,4,6- trihydroxyphenyl]-3-(4-hydroxyphenyl)propan-1-one', '6α-malonyloxymanoyl oxide', 'Benzylhydroxymethyl sulphide', '1,6-di-O-caffeoyl-β-D-glucopyranoside', '2-methyl-5-[8(Z),11(Z),14-pentadecatrienyl]resorcinol', '20-hydroxyecdysone; polypodine A', '3-Acetyl aleuritolic acid', 'Alkenoic acid', 'Quercetin 3-O-α-L-rhamnopyranosyl (1→6)-O-[β -D-glucopyranosyl (1→3)-O-α-L-rhamnopyranosyl-(1→2)]-O-β -D-glucopyranosyl', 'Heveaflavone', 'Arboreumine', '3-Oxoursolic acid', 'Casearupestrin B', 'Methyl-8-hydroxy-2,2-dimethylchroman-6-carboxylate', 'Canavaline', 'Di-hydrodehydrodiconiferyl alcohol', 'toonacilin', '6α-acetoxy-14β,15β-epoxyazadirone', 'epoxy-fraxinellone', '12′-hydroxy-7′-multijuguinone', 'Kaempferitrin', 'Nitensidine C', 'Dipropyl disulphide', '2-methyl-5-[8(Z),11(Z)-pentadecadienyl]resorcinol', 'Methyl 6,7,8-trimethoxydihydrocinnamate', '2-Hexyl-3-methyl-butanodioic acid', 'fraxinellone', '6-[ 8(Z),11(Z) -pentadecadienyl] salicylic acid', 'Pedalitin', '1-O-(E)-feruloyl-β-D-glucopyranoside', 'Casearin T', 'Piperyline, N-[10-(13,14-methylenedioxyphenyl)-7(E),9(E)-pentadienoyl]-pyrrolidine', ""3',4',5',5,7,8-hexamethoxyflavone"", 'Isopropyl gallate', '6β-hydroxy-7-epigardoside methyl ester', 'Tetrahydropiperyline, N-[10-(13,14-methylenedioxyphenyl)-pentanoyl]-pyrrolidine', 'Piperovatine', '2,4,6-trimethoxybenzoic acid', '1-O-(E)-caffeoyl-β-D-glucopyranoside', 'Gallic acid; 3,4,5-trihydroxybenzoic acid', 'Quercitrin, 3-O-α-rhamnosylquercetin', 'Caseobliquin A', 'Methyl angolensate', ""5-(3'' -Hydroxypropyl)-7-methoxy-2-(3',4' -methyl-enedioxyphenyl)benzofuran"", '22β-hydroxypristimerin', '1- (5,7-dihydroxy-2,2-dimethylchroman-6-yl)-3-(2,2-dimethylchroman- 6-yl)propan-1-one', 'amorphispironone', 'Casearupestrin D', 'Chaetoglobosin B', ""2-(2'-O-benzoyl)-C-β-D-glucopyranosyl-1,3,6,7-tetrahydroxyxanthone"", 'n-Pentyl gallate', 'Orcinol', 'Periconicin B', 'Phomopsilactone', ""(2S)-8-Isopentyl-2-methyl-2-(4'-methylpentyl)chroman-6-carboxylic acid"", '2,2-dimethyl-2H-chromene-6-carboxylic acid', '1,2-dihydro- 3β-hydroxy-7-deacetoxy-7-oxogedunin', 'Photogedunin', 'Casearin X; (1R*,3S*,5S*,6aR*,7S*,8S*,10R*,10aR*)-1-(Acetyloxy)-3,5,6,6a,7,8,9,10-octahydro-10-hydroxy-7,8-dimethyl-7-[(2Z)-3-methylpenta-2,4-dien-1-yl]naphtho[1,8a-c]furan-3,5-diyl Dibutanoate', 'α-L-xylopyranosyl-(4""→20)-(3-O-β-D-glucopyranosyl)-1\'-O-E-caffeoyl-β-D-glucopyranoside', ""2-(R)-Methyl-6-(S)-(tetradecyl-13'-one)-3(R)-O-tert-butyldimethylsilyl-piperidine"", '(2S)-Methyl-2-methyl-8-(3""-methylbut-2""-enyl)-2-(4\'-methylpent-3\'-enyl)-2H-chromene-6-carboxylate', 'Burchellin', '5-[8(Z)-pentadecenyl]resorcinol', 'Luteolin; 2-(3,4-dihydroxyphenyl)-5,7-dihydroxy-4H-chromen-4-one', 'Sinapic acid', '19,20-Epoxycytochalasin Q', '19,20-Epoxycytochalasin R', 'Muraxanthone', 'ω-fenil alcanoic acid', '2-butyl-D-fructofuranoside', ""Gaudichaudianic acid; (2S)-2-methyl-2-(4'methyl-3'-pentenyl)-8-(3''-methyl-2-butenyl)- 2H-1-benzopyran-6-carboxylic acid"", 'limonexic acid', 'Di(benzyltrithio) methane', '3,11,12-Trihydroxycadalene', 'Quercetin 3-O-sophoroside', '(3R,4R)-3,4-Dihydro-4,6-dihydroxy-3-methyl-1-oxo-1H-isochromene-5-carboxylic acid', '24-methylene-3,22-dihydroxycholesterol', ""5-[3''-(β-D-glucopyranosyloxy)propyl]-7-methoxy-2-(3',4'-methylenedioxyphenyl)benzofuran"", '28-O-β-D-glucopyranosyl quinovic acid', '2-Methyl-4-hydroxy-butyl caffeoate', 'N-1,N-2,N-3-Triisopentenylguanidine', 'Dibenzyl trisulphide', 'Maytenin, Tingenone', 'Kokusaginine', ""2-(2'-O-trans-caffeoyl)-C-β-D-glucopyranosyl-1,3,6,7-tetrahydroxyxanthone"", 'Netzahualcoyene', 'Casearin X Dialdehyde; (2R*,4aS*,5S*,7R*,8R*,8aS*)-4,4a-Diformyl-1,2,4a,5,6,7,8,8a-octahydro-5-hydroxy-7,8-dimethyl-8-[(2Z)-3-methylpenta-2,4-dien-1-yl]naphthalen-2-yl Butanoate', 'polypodine B', 'n-Propyl gallate', 'Isoplumericin', 'N-[10-(13,14-methylenedioxyphenyl)-7(E),9(Z)-pentadienoyl]-pyrrolidine', '6-[8(Z)-pentadecenyl]salicylic acid', '(2S)-2-methyl-8-(3""-methylbut-2""-enyl)-2-(4\'-methylpent-3\'-enyl)-2H-chromene-6-carboxylic acid', 'Pedalin, pedalitin 6-O-β -glucopyranoside', 'Caseargrewiin F; (1R*,3S*,5S*,6aR*,7S*,8R*,10R*,10aR*)-1,3-Bis(acetyloxy)-3,5,6,6a,7,8,9,10-octahydro-10-hydroxy-7,8-dimethyl-7-[(2Z)-3-methylpenta-2,4-dien-1-yl]naphtho[1,8a-c]furan-5-yl Butanoate', 'Casearin L; (1R*,3S*,5S*,6aR*,7R*,8R*,9S*,10S*,10aR*)-1,10-Bis(acetyloxy)-3,5,6,6a,7,8,9,10-octahydro-9-hydroxy-5-methoxy-7,8-dimethyl-7-[(2Z)-3-methylpenta-2,4-dien-1-yl]naphtho[1,8a-c]-furan-3-yl Butanoate', 'Platydesmine', 'Casearupestrin A', '2-oxo-piperol B; (7S*, 8R*, 1R*, 3R*)-3,4,5-trimethoxy-3,7-cyclo-8,1-neolig-8-ene-2,4(3H)-dione', 'taxifolin', ""(2'S)-2-(propan-2'-ol)-5-hydroxy-benzopyran-4-one"", 'Rel-(+)-(7S,9R,10S)-3,9,12-trihydroxycalamenene', 'Casearin S', '11β-acetoxyobacunone', '1-(5,7-dihydroxy-2,2-dimethylchroman- 6-yl)-3-[4-hydroxy-3-(3-methylbut-2-en-1-yl)- phenyl]propan-1-one', '(3R,4R)-4,7-Dihydroxymellein', ""Nitensoside B; Pedalitin 6-O-α-rhamnopyranosyl(1'''→6'')-β-glucopyranoside"", '3,4,5-Triacetoxybenzoic acid', 'Odoratone', '1-(5,7-dihydroxy-2,2-dimethylchroman-6-yl)-3-(1,1,4a-trimethyl-2,3,4,4a,9a-hexahydro-1H-xanthen-7-yl)propan-1-one', 'Methyl (E)-6,7,8-trimethoxycinnamate', '3,4,5-Trimethoxyphenyl-1-O-β-D-(5-O-syringoyl)-apiofuranosyl-(1→6)-β-D-glucopyranoside', '6-[8(Z),11(Z),14-pentadecatrienyl]salicylic acid', 'Sorbifolin', ""Nitensoside A; Sorbifolin 6-O-α-rhamnopyranosyl(1'''→6'')-β-glucopyranoside"", 'Casearin O; (1R*,3S*,5S*,6aR*,7R*,8R*,9S*,10S*,10aR*)-1,10-Bis(acetyloxy)-5-methoxy-7,8-dimethyl-7-[(2Z)-3-methylpenta-2,4-dien-1-yl]-3,5,6,6a,7,8,9,10-octahydronaphtho[1,8a-c]furan-3,9-diyl Dibutanoate', 'germacrene D', 'Rel-6β-hydroxyzuelanin-2β-benzoate', 'shidasterone', '5-hydroxymethyl- 2-furancarboxaldehyde; 5-hydroxymethyl-2-furfuraldehyde', 'atalaphyllinine', 'N-[10- (13,14-methylenedioxyphenyl)-7(E)-pentaenoyl]-pyrrolidine', '2-Methyl-5-methoxy-benzopyran-4-one', '3,4-dihydroxybenzoic acid geranyl ester', 'Gedunin', 'Afzelin, 3-O-α-rhamnosyl kaempferol', 'Egonol', '4-Nerolidilcatechol', ""2-(2'-O-transcoumaroyl)-C-β-D-glucopyranosyl-1,3,6,7-tetrahydroxyxanthone"", 'Syringic acid', '(+)-3-O-feruloylcassine', 'Salacin', '6-pentadecylsalicylic acid', 'Methyl-2,2-dimethylchroman-6-carboxylate', ""Myrsinoic acid A, 3-Geranyl-4-hydroxy-5-(3'',3''-dimethylallyl)benzoic acid"", '20α-Hydroxymaytenin; 20-hydroxy-20-epi-tingenone', 'Leiokinine A', 'Cabraleadiol', 'schaftoside', ""(2S)-Methyl-8-isopentyl-2-methyl-2-(4'-methylpentyl)chroman-6-carboxylate"", 'Amentoflavone', 'Acetonide of odoratol', '(-)-Epigallocatechin-3-O-gallate', 'Casearin D; (1R*,3S*,5S*,6aR*,7R*,8R*,9S*,10S*,10aR*)-1-(Acetyloxy)-3,5,6,6a,7,8,9,10-octahydro-5,10-dihydroxy-7,8-dimethyl-7-[(2Z)-3-methylpenta-2,4-dien-1-yl]naphtho[1,8a-c]furan-3,9-diyl Dibutanoate', 'Rel. (+)-(7S,10S) 3,12-dihydroxycalamenene', 'carlinoside', 'Methyl-8-(ethanoyloxy)-2,2-dimethyl-2H-chromene-6-carboxylate', '2β-Hydroxyzuelanin-6β-cinnamate', 'arjunolic acid', 'stachysterone', 'Ethyl 2,4-dihydroxy-5,6-dimethylbenzoate', 'Amentoflavone 7”,4”’-dimethyl ether', 'Picramnioside F', 'Lauryl gallate', 'Syringaldehyde', 'Methyl gallate', '3-O-β-D-quinovopyranosyl cincholic acid', '(-)-Spectalinine', 'Piperol B', '(-)-Hardwickiic acid', '22-hydroxytirucalla-7,24-diene-2,3-dione', 'Trans-3’-methylsulphonylallyl trans-cinnamate', '(3-(2-(4-hydroxyphenyl)-2-oxoethyl)-5,6-dihydropyridin- 2(1H)-one)', 'Mangiferin', 'Viburgenin', ""Pterogynoside; Kaempferol-3-O-(3''-O-4'''-methylgallate-α-L-rhamnoside)"", 'Isobutyl gallate', '7′-multijuguinone', 'Griseofulvin', ""7-Hydroxy-4',6-dimethoxyisoflavone; Afrormosin; Afromosin"", '8-methoxymellein', '(±)-Syringaresinol', 'Cyclo-(L-Pro-L-Val)', 'Fagaramide', 'Chalepin', 'Chlorogenic acid', '(4R)-4,8-dihydroxy-α-tetralone', 'Kaempferol', '3-O-β-D-quinovopyranosyl quinovic acid', '2-hydroxyphenylacetic acid']]",doi_name
"['10.1002/ps.1278', '20-hydroxyecdysone; polypodine A']","['10.1002/ps.1278', ['guaiol', 'γ-eudesmol', 'Hinesol', 'α-eudesmol', 'Pimara-7,15-dien-3β-ol', 'Ergosterol peroxide', '8-hydroxy-6-methoxy-3-methylisocoumarin', '(22E,24R)-ergosta-4,6,8(14),22-tetraen-3-one', 'Dimethyl terephthalate', '11-O-trans-feruloylteucrein', 'Teucrein', 'Galioside aglicone', 'Apodanthoside', 'Galioside', ""3,4-dimethyl-2-(4'-hydroxy-3',5'-dimethoxyphenyl)-5-methoxy-tetrahydrofuran"", ""3',4',5',3,5,7,8-heptamethoxyflavone"", ""3,5,6,7,3',4',5'-heptamethoxyflavonol"", '3,3-O-dimethylquercetin', 'penduletin 4-O-methyl ether', '2α,3α,19α- trihydroxyurs-12-en-28-oic acid', '2α,3α-dihydroxyolean-12- en-28-oic acid', '3,7,4-O-trimethylkaempferol', 'p-hydroxybenzoic acid', '3-O-methylquercetin', 'Chrysoeriol', 'acacetin', 'Tagitinin C', '1-methoxy-3-hydroxy-3,10b-4,5a-diepoxy-8b-isobutyroyloxygermacr-11(13)-en-6a,12-olide', ""4-Hydroxy-3-(3',7'-dimethyl-3'-hydroxy-1'-oxo-6'-octenyl)benzoic acid"", ""4-Hydroxy-(3',7'-dimethyl-1'-oxo-octa-2'-E-6'-dienyl)benzoic acid"", ""Isosakuranetin; 5,7-dihydroxy-4'-methoxyflavanone"", ""1,4-Dihydroxy-2-(3',7'-dimethyl-1'-oxo-2'-E-6'-octadienyl)benzene"", ""Sakuranetin; 5,4'-dihydroxy-7-methoxyflavanone"", ""3',4'-methylenedioxy-5,6,7- trimethoxyflavone"", ""2'-hydroxy-3,4,4'-trimethoxy-5',6'-(2'',2''-dimethylpyrano)-chalcone"", ""3',4'-methylenedioxy-5,5',6,7-tetramethoxyflavone"", ""3',4'-methylenedioxy-5,7-dimethoxyflavone"", 'Aphidicolin', '21β,25-dimethylmelianodiol', '3,21-Di-epi-feroniellide B', '21α,25-dimethylmelianodiol', 'Cordifoline', 'Turbinatine', '3,4-dehydro-strictosidine', '3,4-dehydrostrictosidine acid', 'Strictosidine acid', '5α-carboxystrictosidine', 'Harman-3-carboxylic acid', 'Deoxycordifoline', '(+)-11α-Hydroxyerythravine', '(+)-Erythravine', '(+)-α-Hydroxyerysotrine', '4-metoxi-6-[2-(metilamino)fenil]- 2H-piran-2-ona', 'Kaempferol-3-O-rutinoside', 'Kaempferol-3-O-α-L-rhamnopyranosyl-(1→6)-β-D-galactopyranoside', 'Catechin, Ent-catechin', 'Procyanidin B-3', 'Kaempferol-3-O-D-galactopyranoside', '6-Hydroxy-rutin', 'Kaempferol-3-O-α-L-rhamnopyranosyl-(1-6)-α-L-rhamnopyranosyl-(1-4)-β-D-glucopyranoside', 'Quercetin-3-O-α-L-rhamnopyranosyl-(1→6)-β-D-galactopyranoside', 'Kaempferol-3-O-D-glucopyranoside', 'Taraxerol acetate', 'Nitensidine E', 'Nitensidine D', 'Beauvericin', 'Anhydrofusarubin', 'Hispidol A', 'Nilocetin', 'Oleanonic acid', 'Pentaol', 'cryptomeridiol', 'Iso-odoratol', 'Piscidinol A', '3,11-dioxoolean-12-en-28- onic acid', ""Isoswertisin-4'-methyl-ether-2''α-L-rhamnoside"", 'Clusifoliol', '2-Episesalatin', ""Isoswertisin-2''α1-L-rhamnoside"", 'Sesartemin', 'Citibrasine', '2,3-dihydro-4,9-dihydroxy-2-(2-hydroxy-propan-2-yl)- 11-methoxy-10-methylfuro[3,2-b]acridin-5(10H)-one', 'bis-5-hydroxyacronycine', 'astilbin; Rel-(2R, 3R)-dihydroquercetin-3-O-±-L-rhamnoside', 'Methyl (3R,4R,5R)-3-{[(2Z)-3-(3,4-dihydroxyphenyl)-2-propenoyl]oxy}-1,4,5-trihydroxycyclohexanecarboxylate', 'Methyl (3R,4R,5R)-3-{[(2E)-3-(3,4-dihydroxyphenyl)-2-propenoyl]oxy}-1,4,5-trihydroxycyclohexanecarboxylate', 'Chlorogenic acid methyl ester, Methyl (1S,3R,4R,5R)-3-{[(2E)-3-(3,4-dihydroxyphenyl)-2-propenoyl]oxy}-1,4,5-trihydroxycyclohexanecarboxylate', 'Mycoleptone A', '9-hydroxyeugenin', 'Mycoleptone A tetraacetate', 'Eugenitin', 'Mycoleptone B', 'Austdiol', 'Austdiol diacetate', '6-methoxyeugenin', 'α-Gardiol', 'β-Gardiol', 'Ferulic acid', 'Xanthyletin', '5,7-dimethoxy-2,2-dimethyl-2H-1-benzopyran-6-propanoic acid', '17-(3,4-Methylenedioxyphenyl)-heptadecanoic acid', ""7,4'-Dimethoxyflavone"", '21´-(3,4-Methylenedioxyphenyl)-henicosanoic acid', ""7,4'-Dihydroxyflavone"", '(+)-Guaiacin', '19´-(3,4-Methylenedioxyphenyl)-nonadecanoic acid', 'Sargachromenol', 'Sargaquinoic acid', 'Farnisine', ""Juruenolic acid; 2-(4'-Methylpentenyl-3)-10-oxoundecan-2,6-dienoic acid"", 'Fasciculiferin', 'Tithonine', '(-)-3-O-acetyl-spectaline', 'Stearic acid 4-pentoyloxyphenethyl ester', ""Rel-(7R,8S,7'S,8'S)-4',5'-methylenedioxy-3,4,5,3'-tetramethoxy-7,7'-epoxylignan"", ""Rel-(7R,8S,7'S,8'S)-4'-hydroxy-3,4,5,3',5'-pentamethoxy-7,7'-epoxylignan"", ""Rel-(7R,8S,7'S,8'S)-9-hydroxy-4',5'-methylenedioxy-3,4,5,3'-tetramethoxy-7,7'-epoxylignan"", ""Rel-(7R,8S,7'S,8'S)-4,5,4',5'-dimethylenedioxy-3,3'-dimethoxy-7,7'-epoxylignan"", ""Rel-(7R,8S,7'S,8'S)-4-hydroxy-4',5'-methylenedioxy-3,5,3'-trimethoxy-7,7'-epoxylignan"", '2-n-Propylquinoline', ""2-(1'-pentenyl)-Quinoline"", '2-n-Pentylquinoline', ""2-(3',4'-methylenedioxyphenylethyl)-Quinoline"", 'Epi-guaiacin', 'Verrucosin', '7-Methyl-sargachromenol; 2,7,8-Trimethyl-2-[(3-E,7-Z)-4,12-dimethyl-8-carboxyl-3,7,11-tridecatrienyl]-3-chromen-6-ol, β-caroteno', 'Nectandrin B', '1,3,5-trihydroxy- 2,8-bis(3-methylbut-2-enyl)-10-methyl-9-acridone', '5-hydroxynoracronycine; Atalaphyllidine', '3,4-dihydro-3,5,8-trihydroxy-6-methoxy-2,2,7-trimethyl-2Hpyrano[ 2,3-a]acridin-12(7H)-one', 'Citrusinine-I', 'Pyranofoline', 'Citrusinine-II', '1,3,5-trihydroxy-4-methoxy-10-methyl- 2,8-bis(3-methylbut-2-enyl)acridin-9(10H)-one', 'Glycocitrine-IV', 'Glycocitrine-I', '5,7-dimethoxy-2,2-dimethyl-2H-1-benzopyran-6-propanoate', 'β-caryophyllene, trans-caryophyllene', '3,4,5-Trimethoxydihydrocinnamic acid', ""4-Hydroxy-3-(3',7'-dimethylocta-2'-E-6'-dienyl)benzoic acid"", 'Methyl 2,2-dimethyl-1-oxo-2H-1-benzopyran-6-carboxylate', ""2',6'-Dihydroxy-4'-methoxydihydrochalcone"", ""Methyl 4-hydroxy-3-(3'-methyl-2'-butenyl)benzoate"", ""Methyl taboganate; Methyl 4-hydroxy-3-(3'-methyl-1'-oxo-2'-butenyl)benzoate"", ""Hostmaniene; 4-Hydroxy-3-(2',3'-dihydroxy-3'-methylbutyl)benzoate"", 'Piperaduncine B', ""4-Hydroxy-(3',7'-dimethyl-1'-oxo-octa-2'-Z-6'-dienyl)benzoic acid"", ""Aduncumene; Methyl 2-methoxy-5-(3'-methyl-1'-oxo-2'-butenyl)benzoate"", ""Methyl 4-hydroxy-3-(3'-methyl-2'-hydroxy-3'-butenyl)benzoate"", '7-Methoxydiderroside', 'Secoxyloganin', 'Diderroside', ""6'-Acetyl-β-D-glucopyranosyldiderroside"", 'Methacrylic acid', ""4-Methoxy-3-(3',7'-dimethylocta-2'-E-6'-dienyl)benzoic acid"", 'Methyl-8-hydroxy-2,2-dimethyl-2H-chromene-6-carboxylate', ""3-(3',7 '-dimethyl-2',6 '-octadienyl)-4-methoxy-benzoic acid"", 'cyclo (L)-Pro-Gly', 'Isopimpinellin', ""N-[3-(6'-methoxy-3',4'-methy-lenedioxyphenyl)-2(Z)-propenoyl]pyrrolidine"", '8,9-dihydropiplartine; N-(12,13,14-trimethoxydihydrocinnamoyl)-Δ3-pyridin-2-one', '(E)-piplartine', '10,11-dihydropiperine; Δα,β-dihydropiperine', 'Piperine', '4,5-dihydropiperlonguminine; Piperlonguminine', '4,5-dihydropiperyline', '(Z)-piplartine; 8(Z)-N-(12,13, 14-trimethoxycinnamoyl)- 3-pyridin-2-one', '(3Z,5Z)-N-isobutyl-8-(30,40-methylenedioxy-phenyl)-heptadienamide', 'Pellitorine', 'Cusculine; 1,2,3,5,6-pentamethoxy-9-acridone', 'Cuspanine; 1-hydroxy-2,3,5,6-tetramethoxy-9-acridone', '2α,3α-Dihydroxy-urs-12-en-28-oic acid', '3-O-β-D-(6’-methyl)-glucopyranosyl-28-O-β-D-glucopyranosyl-oleanate', 'Oleanolic acid 3-sophoroside', '5-hydroxyflavone', '2-phenyl-4H-chromen-4-one', 'β-Sitosterol benzoate', 'Haplotusine', 'Sinapyl 4-O-β-D-glucopyranoside aldehyde', 'N-acetylnonaine', 'Liriodenine', 'Sinapyl 4-O-β-D-glucopyranoside alcohol', '[10]-gingerol', ""2,4-Dihydroxy-6-[(1'E,3'E)-penta-1', 3'-dienyl]-benzaldehyde"", '2-methyl-5-[8(Z)-pentadecenyl]resorcinol', 'Nitensidine A', '2-hydroxyphenylacetic acid', '3-O-β-D-quinovopyranosyl quinovic acid', ""8-hydroxy-3,5,7,3',4',5'-hexamethoxyflavonol"", '2-methyl-5-pentadecylresorcinol', '3β-hydroxy-stigmast-5-en-7-one; 24-β-7-oxositosterol', 'scillascillin', '(4R)-4,8-dihydroxy-α-tetralone', 'Homoegonol', '[8]-gingerol', '4-Hydroxymellein', '5-hydroxymellein', 'fraxinellonone', 'Sorbifolin 6-O-β-glucopyranoside', 'Rel-2α-hydroxyzuelanin-6β-benzoate', '2,6-di-O-acetylcasearupestrin D', ""Methyl-2,2-dimethyl-8-(3'-methylbut-2'-enyl)chroman-6-carboxylate"", '2,7-Di-O-acetylcasearupestrin A', 'Odoratol', 'Leptomerine', '5-hydroxy-N-methylseverifoline', '19,20-Epoxycytochalasin N', 'ellagic acid 4-O-α-L-rhamnopyranoside; eschweilenol C', 'Mayoside C', 'Ourateacatechin', ""3',4',5',5,7-pentamethoxyflavone"", 'Acetonide of odoratol', '(−)-Grandisin', '24-methylenecycloartan-3b-ol', 'Skimmianine', 'p-hydroxybenzoic acid-geranyl ester', 'Dibenzyl disulphide', 'Proanthocyanidin', 'neoisoastilbin', '(R)-7-Hydroxymellein', ""5-(3'' -Hydroxypropyl)-7-methoxy-2-(3',4' -methyl-enedioxyphenyl)benzofuran"", '22β-hydroxypristimerin', '1- (5,7-dihydroxy-2,2-dimethylchroman-6-yl)-3-(2,2-dimethylchroman- 6-yl)propan-1-one', 'Canavaline', 'Di-hydrodehydrodiconiferyl alcohol', 'Quercetin', ""2-(2'-O-trans-cinnamoyl)-C-β-D-glucopyranosyl-1,3,6,7-tetrahydroxyxanthone"", 'Kokusaginine', 'Ocotillone', 'des-N-methylnoracronycine', '6α-acetoxy-14β,15β-epoxyazadirone', 'Maculosidine', 'Podocarpusflavone A', 'Casearupestrin C', '6α-malonyloxy-n-butyl ester manoyl oxide', 'citrusinine-I', 'Ricinine', 'Leptophyllin A', '5-pentadecylresorcinol', '19,20-Epoxycytochalasin D', 'fumiquinozoline F', 'Kaempferol 3-O-α-L-rhamnopyranosyl (1→6)-O-[β -D-glucopyranosyl (1→3)-O-α-L-rhamnopyranosyl-(1→2)]-O-β -D-glucopyranosyl', 'Nitensidine B', '1-methyl-2-n-nonyl-4-quinolone', '5-[8(Z),11(Z),14-pentadecatrienyl]resorcinol', 'Gallic acid; 3,4,5-trihydroxybenzoic acid', 'Caseobliquin A', 'Methyl angolensate', '3β-O-[α-L-rhamnopyranosyl-(1→2)-O-β-D-glucopyranosyl-(1→2)-O-β-D-glucopyranosyl]-28-O-β-D-glucopyranoside pomolate', 'Dibenzyl tetrasulphide', ""2',5-dihydroxy-3-methoxy-8-dimethylallyl-6, 7-(2' ',2''-dimethylpyrano)-dihydroflavonol"", '2-n-nonyl-4-quinolone', 'Cytochalasin D', 'Isoorientin', 'urauchimycin A', 'p-Coumaric acid', '(-)-Epigallocatechin', 'Netzahualcoyonol', '1-[3-(3,7-dimethylocta-2,6-dien-1-yl)-2,4,6- trihydroxyphenyl]-3-(4-hydroxyphenyl)propan-1-one', '6α-malonyloxymanoyl oxide', '6α-acetoxymanoyl oxide', 'Methyl-8-hydroxy-2,2-dimethylchroman-6-carboxylate', 'Dipropyl disulphide', '2-methyl-5-[8(Z),11(Z)-pentadecadienyl]resorcinol', 'Methyl 6,7,8-trimethoxydihydrocinnamate', '2-Hexyl-3-methyl-butanodioic acid', 'fraxinellone', '6-[ 8(Z),11(Z) -pentadecadienyl] salicylic acid', 'polypodine B', 'n-Propyl gallate', ""3',4',5',5,7,8-hexamethoxyflavone"", 'Isopropyl gallate', '6β-hydroxy-7-epigardoside methyl ester', 'Tetrahydropiperyline, N-[10-(13,14-methylenedioxyphenyl)-pentanoyl]-pyrrolidine', 'Piperovatine', '2,4,6-trimethoxybenzoic acid', '1-O-(E)-caffeoyl-β-D-glucopyranoside', 'Quercitrin, 3-O-α-rhamnosylquercetin', 'Quercetin 3-O-α-L-rhamnopyranosyl (1→6)-O-[β -D-glucopyranosyl (1→3)-O-α-L-rhamnopyranosyl-(1→2)]-O-β -D-glucopyranosyl', 'Heveaflavone', 'Arboreumine', '3-Oxoursolic acid', 'Casearupestrin B', 'toonacilin', 'Uracil', '1-O-(E)-feruloyl-β-D-glucopyranoside', '19,20-Epoxycytochalasin C', 'Benzylhydroxymethyl sulphide', '1,6-di-O-caffeoyl-β-D-glucopyranoside', '2-methyl-5-[8(Z),11(Z),14-pentadecatrienyl]resorcinol', 'epoxy-fraxinellone', '12′-hydroxy-7′-multijuguinone', 'Kaempferitrin', 'Nitensidine C', 'Casearupestrin D', 'Chaetoglobosin B', 'n-Pentyl gallate', 'Orcinol', 'Periconicin B', 'Phomopsilactone', ""(2S)-8-Isopentyl-2-methyl-2-(4'-methylpentyl)chroman-6-carboxylic acid"", '2,2-dimethyl-2H-chromene-6-carboxylic acid', '1,2-dihydro- 3β-hydroxy-7-deacetoxy-7-oxogedunin', 'Photogedunin', 'Casearin X; (1R*,3S*,5S*,6aR*,7S*,8S*,10R*,10aR*)-1-(Acetyloxy)-3,5,6,6a,7,8,9,10-octahydro-10-hydroxy-7,8-dimethyl-7-[(2Z)-3-methylpenta-2,4-dien-1-yl]naphtho[1,8a-c]furan-3,5-diyl Dibutanoate', ""2-(R)-Methyl-6-(S)-(tetradecyl-13'-one)-3(R)-O-tert-butyldimethylsilyl-piperidine"", '(2S)-Methyl-2-methyl-8-(3""-methylbut-2""-enyl)-2-(4\'-methylpent-3\'-enyl)-2H-chromene-6-carboxylate', '20-hydroxyecdysone; polypodine A', '3-Acetyl aleuritolic acid', 'Alkenoic acid', ""2-(2'-O-trans-caffeoyl)-C-β-D-glucopyranosyl-1,3,6,7-tetrahydroxyxanthone"", 'Netzahualcoyene', 'Casearin X Dialdehyde; (2R*,4aS*,5S*,7R*,8R*,8aS*)-4,4a-Diformyl-1,2,4a,5,6,7,8,8a-octahydro-5-hydroxy-7,8-dimethyl-8-[(2Z)-3-methylpenta-2,4-dien-1-yl]naphthalen-2-yl Butanoate', 'Casearin T', 'Piperyline, N-[10-(13,14-methylenedioxyphenyl)-7(E),9(E)-pentadienoyl]-pyrrolidine', 'ω-fenil alcanoic acid', '2-butyl-D-fructofuranoside', ""Gaudichaudianic acid; (2S)-2-methyl-2-(4'methyl-3'-pentenyl)-8-(3''-methyl-2-butenyl)- 2H-1-benzopyran-6-carboxylic acid"", 'limonexic acid', 'Pedalitin', 'Di(benzyltrithio) methane', '3,11,12-Trihydroxycadalene', 'Quercetin 3-O-sophoroside', '(3R,4R)-3,4-Dihydro-4,6-dihydroxy-3-methyl-1-oxo-1H-isochromene-5-carboxylic acid', '24-methylene-3,22-dihydroxycholesterol', 'amorphispironone', 'taxifolin', ""(2'S)-2-(propan-2'-ol)-5-hydroxy-benzopyran-4-one"", 'Rel-(+)-(7S,9R,10S)-3,9,12-trihydroxycalamenene', 'Casearin S', '11β-acetoxyobacunone', '1-(5,7-dihydroxy-2,2-dimethylchroman- 6-yl)-3-[4-hydroxy-3-(3-methylbut-2-en-1-yl)- phenyl]propan-1-one', '(3R,4R)-4,7-Dihydroxymellein', 'Piperol B', '(-)-Hardwickiic acid', ""5-[3''-(β-D-glucopyranosyloxy)propyl]-7-methoxy-2-(3',4'-methylenedioxyphenyl)benzofuran"", '28-O-β-D-glucopyranosyl quinovic acid', '2-Methyl-4-hydroxy-butyl caffeoate', 'N-1,N-2,N-3-Triisopentenylguanidine', 'Dibenzyl trisulphide', 'Maytenin, Tingenone', 'urauchimycin B', '6-[8(Z)-pentadecenyl]salicylic acid', '(2S)-2-methyl-8-(3""-methylbut-2""-enyl)-2-(4\'-methylpent-3\'-enyl)-2H-chromene-6-carboxylic acid', 'Burchellin', '5-[8(Z)-pentadecenyl]resorcinol', 'Luteolin; 2-(3,4-dihydroxyphenyl)-5,7-dihydroxy-4H-chromen-4-one', 'Sinapic acid', '19,20-Epoxycytochalasin Q', '19,20-Epoxycytochalasin R', 'Muraxanthone', 'Odoratone', 'Rel-6β-hydroxyzuelanin-2β-benzoate', ""2-(2'-O-benzoyl)-C-β-D-glucopyranosyl-1,3,6,7-tetrahydroxyxanthone"", 'Isoplumericin', 'α-L-xylopyranosyl-(4""→20)-(3-O-β-D-glucopyranosyl)-1\'-O-E-caffeoyl-β-D-glucopyranoside', 'Casearupestrin A', '2-oxo-piperol B; (7S*, 8R*, 1R*, 3R*)-3,4,5-trimethoxy-3,7-cyclo-8,1-neolig-8-ene-2,4(3H)-dione', ""N-[7-(3',4'-methylenedioxyphenyl)-2(Z),4(Z)-heptadienoyl]pyrrolidine"", ""Acteoside; [β-3,4-dihydroxyphenyl)-ethyl]-(3'-O-α-L-rhamnopyranosyl)-(4'-O-cafeoyl)-β-D-glycopyranoside, verbascoside"", 'shidasterone', '5-hydroxymethyl- 2-furancarboxaldehyde; 5-hydroxymethyl-2-furfuraldehyde', 'atalaphyllinine', 'N-[10- (13,14-methylenedioxyphenyl)-7(E)-pentaenoyl]-pyrrolidine', '2-Methyl-5-methoxy-benzopyran-4-one', '3,4-dihydroxybenzoic acid geranyl ester', 'N-[10-(13,14-methylenedioxyphenyl)-7(E),9(Z)-pentadienoyl]-pyrrolidine', 'Gedunin', 'Pedalin, pedalitin 6-O-β -glucopyranoside', 'Caseargrewiin F; (1R*,3S*,5S*,6aR*,7S*,8R*,10R*,10aR*)-1,3-Bis(acetyloxy)-3,5,6,6a,7,8,9,10-octahydro-10-hydroxy-7,8-dimethyl-7-[(2Z)-3-methylpenta-2,4-dien-1-yl]naphtho[1,8a-c]furan-5-yl Butanoate', 'Casearin L; (1R*,3S*,5S*,6aR*,7R*,8R*,9S*,10S*,10aR*)-1,10-Bis(acetyloxy)-3,5,6,6a,7,8,9,10-octahydro-9-hydroxy-5-methoxy-7,8-dimethyl-7-[(2Z)-3-methylpenta-2,4-dien-1-yl]naphtho[1,8a-c]-furan-3-yl Butanoate', 'Platydesmine', ""Nitensoside B; Pedalitin 6-O-α-rhamnopyranosyl(1'''→6'')-β-glucopyranoside"", 'Amentoflavone', 'Methyl (E)-6,7,8-trimethoxycinnamate', '3,4,5-Trimethoxyphenyl-1-O-β-D-(5-O-syringoyl)-apiofuranosyl-(1→6)-β-D-glucopyranoside', '6-[8(Z),11(Z),14-pentadecatrienyl]salicylic acid', 'Sorbifolin', ""Nitensoside A; Sorbifolin 6-O-α-rhamnopyranosyl(1'''→6'')-β-glucopyranoside"", 'Casearin O; (1R*,3S*,5S*,6aR*,7R*,8R*,9S*,10S*,10aR*)-1,10-Bis(acetyloxy)-5-methoxy-7,8-dimethyl-7-[(2Z)-3-methylpenta-2,4-dien-1-yl]-3,5,6,6a,7,8,9,10-octahydronaphtho[1,8a-c]furan-3,9-diyl Dibutanoate', 'germacrene D', '(-)-Spectalinine', 'Netzahualcoyondiol', 'Pristimerin; 20α-3-hydroxy-2-oxo-24-nor-friedela-1-10,3,5,7-tetraen-carboxylic acid-29-methylester', '3,4,5-trimethoxyphenyl 1-O-β-D-apiofuranosyl-(1→6)-O-β-D-glucopyranoside', 'β-photogedunin', 'n-Butyl gallate', ""5-[3''-(β-D-glucopyranosyloxy)propyl]-7-methoxy-2-(3',4'-dimethoxyphenyl)benzofuran"", '3,12-Dihydroxycadalene', '7-hydroxy-3- (11-dimethylallyl)-8-methoxycoumarin', 'Afzelin, 3-O-α-rhamnosyl kaempferol', 'Egonol', '4-Nerolidilcatechol', ""2-(2'-O-transcoumaroyl)-C-β-D-glucopyranosyl-1,3,6,7-tetrahydroxyxanthone"", 'Syringic acid', '(+)-3-O-feruloylcassine', '6-pentadecylsalicylic acid', 'Methyl-2,2-dimethylchroman-6-carboxylate', ""Myrsinoic acid A, 3-Geranyl-4-hydroxy-5-(3'',3''-dimethylallyl)benzoic acid"", '20α-Hydroxymaytenin; 20-hydroxy-20-epi-tingenone', 'Leiokinine A', 'Cabraleadiol', 'schaftoside', ""(2S)-Methyl-8-isopentyl-2-methyl-2-(4'-methylpentyl)chroman-6-carboxylate"", '3,4,5-Triacetoxybenzoic acid', '1-(5,7-dihydroxy-2,2-dimethylchroman-6-yl)-3-(1,1,4a-trimethyl-2,3,4,4a,9a-hexahydro-1H-xanthen-7-yl)propan-1-one', '(±)-Syringaresinol', 'Cyclo-(L-Pro-L-Val)', '(-)-Epigallocatechin-3-O-gallate', 'Casearin D; (1R*,3S*,5S*,6aR*,7R*,8R*,9S*,10S*,10aR*)-1-(Acetyloxy)-3,5,6,6a,7,8,9,10-octahydro-5,10-dihydroxy-7,8-dimethyl-7-[(2Z)-3-methylpenta-2,4-dien-1-yl]naphtho[1,8a-c]furan-3,9-diyl Dibutanoate', 'Rel. (+)-(7S,10S) 3,12-dihydroxycalamenene', 'carlinoside', 'Methyl-8-(ethanoyloxy)-2,2-dimethyl-2H-chromene-6-carboxylate', 'arjunolic acid', 'stachysterone', 'Ethyl 2,4-dihydroxy-5,6-dimethylbenzoate', 'Amentoflavone 7”,4”’-dimethyl ether', 'Picramnioside F', 'Lauryl gallate', 'Syringaldehyde', 'Methyl gallate', '3-O-β-D-quinovopyranosyl cincholic acid', 'Dibenzyl sulphide', '(-) Cis-4-hydroxy-6-deoxyscytalone', 'Plumericin', '5-[8(Z),11(Z)-pentadecadienyl]resorcinol', '22-hydroxytirucalla-7,24-diene-2,3-dione', 'Trans-3’-methylsulphonylallyl trans-cinnamate', '(3-(2-(4-hydroxyphenyl)-2-oxoethyl)-5,6-dihydropyridin- 2(1H)-one)', 'Mangiferin', 'Salacin', 'Viburgenin', ""Pterogynoside; Kaempferol-3-O-(3''-O-4'''-methylgallate-α-L-rhamnoside)"", 'Isobutyl gallate', '7′-multijuguinone', 'Griseofulvin', ""7-Hydroxy-4',6-dimethoxyisoflavone; Afrormosin; Afromosin"", '8-methoxymellein', 'Ixoside', '2β-Hydroxyzuelanin-6β-cinnamate', 'Cognatine', 'Fagaramide', 'Chalepin', 'Chlorogenic acid', 'Kaempferol']]",doi_name
"['10.1016/j.phytol.2010.11.003', '(R)-7-Hydroxymellein']","['10.1016/j.phytol.2010.11.003', ['Galioside aglicone', 'Teucrein', '11-O-trans-feruloylteucrein', 'Apodanthoside', 'Galioside', 'Hinesol', 'guaiol', 'γ-eudesmol', 'α-eudesmol', 'Mycoleptone A', '9-hydroxyeugenin', 'Eugenitin', 'Austdiol diacetate', 'Mycoleptone B', '6-methoxyeugenin', 'Austdiol', 'Mycoleptone A tetraacetate', '7-Methoxydiderroside', ""6'-Acetyl-β-D-glucopyranosyldiderroside"", 'Diderroside', 'Secoxyloganin', '5,7-dimethoxy-2,2-dimethyl-2H-1-benzopyran-6-propanoate', ""3',4'-methylenedioxy-5,5',6,7-tetramethoxyflavone"", ""3',4'-methylenedioxy-5,6,7- trimethoxyflavone"", ""3',4'-methylenedioxy-5,7-dimethoxyflavone"", ""2'-hydroxy-3,4,4'-trimethoxy-5',6'-(2'',2''-dimethylpyrano)-chalcone"", '7-Methyl-sargachromenol; 2,7,8-Trimethyl-2-[(3-E,7-Z)-4,12-dimethyl-8-carboxyl-3,7,11-tridecatrienyl]-3-chromen-6-ol, β-caroteno', 'Verrucosin', 'Epi-guaiacin', 'Nectandrin B', ""4-Methoxy-3-(3',7'-dimethylocta-2'-E-6'-dienyl)benzoic acid"", ""3-(3',7 '-dimethyl-2',6 '-octadienyl)-4-methoxy-benzoic acid"", 'Methyl-8-hydroxy-2,2-dimethyl-2H-chromene-6-carboxylate', 'β-Gardiol', 'Ferulic acid', 'α-Gardiol', 'Chlorogenic acid methyl ester, Methyl (1S,3R,4R,5R)-3-{[(2E)-3-(3,4-dihydroxyphenyl)-2-propenoyl]oxy}-1,4,5-trihydroxycyclohexanecarboxylate', 'Xanthyletin', '2,3-dihydro-4,9-dihydroxy-2-(2-hydroxy-propan-2-yl)- 11-methoxy-10-methylfuro[3,2-b]acridin-5(10H)-one', 'bis-5-hydroxyacronycine', 'Citibrasine', ""2-(3',4'-methylenedioxyphenylethyl)-Quinoline"", ""2-(1'-pentenyl)-Quinoline"", '2-n-Pentylquinoline', '2-n-Propylquinoline', '21β,25-dimethylmelianodiol', '21α,25-dimethylmelianodiol', '3,21-Di-epi-feroniellide B', '(3Z,5Z)-N-isobutyl-8-(30,40-methylenedioxy-phenyl)-heptadienamide', 'Pellitorine', 'Piperine', '10,11-dihydropiperine; Δα,β-dihydropiperine', '8,9-dihydropiplartine; N-(12,13,14-trimethoxydihydrocinnamoyl)-Δ3-pyridin-2-one', '4,5-dihydropiperyline', '(Z)-piplartine; 8(Z)-N-(12,13, 14-trimethoxycinnamoyl)- 3-pyridin-2-one', '(E)-piplartine', ""N-[3-(6'-methoxy-3',4'-methy-lenedioxyphenyl)-2(Z)-propenoyl]pyrrolidine"", '4,5-dihydropiperlonguminine; Piperlonguminine', ""Rel-(7R,8S,7'S,8'S)-4'-hydroxy-3,4,5,3',5'-pentamethoxy-7,7'-epoxylignan"", ""Rel-(7R,8S,7'S,8'S)-9-hydroxy-4',5'-methylenedioxy-3,4,5,3'-tetramethoxy-7,7'-epoxylignan"", ""Rel-(7R,8S,7'S,8'S)-4',5'-methylenedioxy-3,4,5,3'-tetramethoxy-7,7'-epoxylignan"", ""Rel-(7R,8S,7'S,8'S)-4-hydroxy-4',5'-methylenedioxy-3,5,3'-trimethoxy-7,7'-epoxylignan"", ""Rel-(7R,8S,7'S,8'S)-4,5,4',5'-dimethylenedioxy-3,3'-dimethoxy-7,7'-epoxylignan"", 'cyclo (L)-Pro-Gly', '(+)-Guaiacin', '21´-(3,4-Methylenedioxyphenyl)-henicosanoic acid', ""7,4'-Dimethoxyflavone"", '19´-(3,4-Methylenedioxyphenyl)-nonadecanoic acid', ""7,4'-Dihydroxyflavone"", 'Farnisine', 'Sargachromenol', 'Sargaquinoic acid', 'Tithonine', ""Juruenolic acid; 2-(4'-Methylpentenyl-3)-10-oxoundecan-2,6-dienoic acid"", 'Fasciculiferin', '17-(3,4-Methylenedioxyphenyl)-heptadecanoic acid', 'Citrusinine-I', '3,4-dihydro-3,5,8-trihydroxy-6-methoxy-2,2,7-trimethyl-2Hpyrano[ 2,3-a]acridin-12(7H)-one', 'Glycocitrine-I', '5-hydroxynoracronycine; Atalaphyllidine', '1,3,5-trihydroxy- 2,8-bis(3-methylbut-2-enyl)-10-methyl-9-acridone', 'Pyranofoline', 'Glycocitrine-IV', '1,3,5-trihydroxy-4-methoxy-10-methyl- 2,8-bis(3-methylbut-2-enyl)acridin-9(10H)-one', 'Citrusinine-II', '(-)-3-O-acetyl-spectaline', '3,3-O-dimethylquercetin', 'penduletin 4-O-methyl ether', '2α,3α,19α- trihydroxyurs-12-en-28-oic acid', 'acacetin', '3-O-methylquercetin', 'p-hydroxybenzoic acid', '2α,3α-dihydroxyolean-12- en-28-oic acid', '3,7,4-O-trimethylkaempferol', 'Chrysoeriol', 'Kaempferol-3-O-rutinoside', 'Catechin, Ent-catechin', 'Kaempferol-3-O-α-L-rhamnopyranosyl-(1→6)-β-D-galactopyranoside', 'Quercetin-3-O-α-L-rhamnopyranosyl-(1→6)-β-D-galactopyranoside', '6-Hydroxy-rutin', 'Kaempferol-3-O-D-glucopyranoside', 'Kaempferol-3-O-D-galactopyranoside', 'Procyanidin B-3', 'Kaempferol-3-O-α-L-rhamnopyranosyl-(1-6)-α-L-rhamnopyranosyl-(1-4)-β-D-glucopyranoside', '3,4,5-Trimethoxydihydrocinnamic acid', ""Aduncumene; Methyl 2-methoxy-5-(3'-methyl-1'-oxo-2'-butenyl)benzoate"", ""Methyl 4-hydroxy-3-(3'-methyl-2'-butenyl)benzoate"", ""Methyl taboganate; Methyl 4-hydroxy-3-(3'-methyl-1'-oxo-2'-butenyl)benzoate"", ""2',6'-Dihydroxy-4'-methoxydihydrochalcone"", ""4-Hydroxy-3-(3',7'-dimethylocta-2'-E-6'-dienyl)benzoic acid"", ""Hostmaniene; 4-Hydroxy-3-(2',3'-dihydroxy-3'-methylbutyl)benzoate"", 'Piperaduncine B', ""Methyl 4-hydroxy-3-(3'-methyl-2'-hydroxy-3'-butenyl)benzoate"", ""4-Hydroxy-(3',7'-dimethyl-1'-oxo-octa-2'-Z-6'-dienyl)benzoic acid"", 'Methyl 2,2-dimethyl-1-oxo-2H-1-benzopyran-6-carboxylate', 'Isopimpinellin', 'Aphidicolin', 'Taraxerol acetate', 'Anhydrofusarubin', 'Beauvericin', '(+)-Erythravine', '(+)-11α-Hydroxyerythravine', '(+)-α-Hydroxyerysotrine', '5,7-dimethoxy-2,2-dimethyl-2H-1-benzopyran-6-propanoic acid', ""3,4-dimethyl-2-(4'-hydroxy-3',5'-dimethoxyphenyl)-5-methoxy-tetrahydrofuran"", 'Methyl (3R,4R,5R)-3-{[(2E)-3-(3,4-dihydroxyphenyl)-2-propenoyl]oxy}-1,4,5-trihydroxycyclohexanecarboxylate', 'Methyl (3R,4R,5R)-3-{[(2Z)-3-(3,4-dihydroxyphenyl)-2-propenoyl]oxy}-1,4,5-trihydroxycyclohexanecarboxylate', ""4-Hydroxy-3-(3',7'-dimethyl-3'-hydroxy-1'-oxo-6'-octenyl)benzoic acid"", ""Sakuranetin; 5,4'-dihydroxy-7-methoxyflavanone"", ""1,4-Dihydroxy-2-(3',7'-dimethyl-1'-oxo-2'-E-6'-octadienyl)benzene"", ""4-Hydroxy-(3',7'-dimethyl-1'-oxo-octa-2'-E-6'-dienyl)benzoic acid"", ""Isosakuranetin; 5,7-dihydroxy-4'-methoxyflavanone"", 'Nilocetin', 'Hispidol A', 'Oleanonic acid', 'Pentaol', 'Piscidinol A', 'cryptomeridiol', 'Iso-odoratol', '3,11-dioxoolean-12-en-28- onic acid', '1-methoxy-3-hydroxy-3,10b-4,5a-diepoxy-8b-isobutyroyloxygermacr-11(13)-en-6a,12-olide', 'Tagitinin C', 'astilbin; Rel-(2R, 3R)-dihydroquercetin-3-O-±-L-rhamnoside', '2-Episesalatin', ""Isoswertisin-2''α1-L-rhamnoside"", 'Sesartemin', 'Clusifoliol', ""Isoswertisin-4'-methyl-ether-2''α-L-rhamnoside"", 'Stearic acid 4-pentoyloxyphenethyl ester', 'β-caryophyllene, trans-caryophyllene', 'Nitensidine D', 'Nitensidine E', ""3,5,6,7,3',4',5'-heptamethoxyflavonol"", ""3',4',5',3,5,7,8-heptamethoxyflavone"", 'Pimara-7,15-dien-3β-ol', '(22E,24R)-ergosta-4,6,8(14),22-tetraen-3-one', 'Dimethyl terephthalate', '8-hydroxy-6-methoxy-3-methylisocoumarin', 'Ergosterol peroxide', 'Methacrylic acid', '3,4-dehydrostrictosidine acid', 'Turbinatine', 'Strictosidine acid', '3,4-dehydro-strictosidine', 'Harman-3-carboxylic acid', '5α-carboxystrictosidine', 'Cordifoline', 'Deoxycordifoline', '4-metoxi-6-[2-(metilamino)fenil]- 2H-piran-2-ona', 'Cusculine; 1,2,3,5,6-pentamethoxy-9-acridone', 'Cuspanine; 1-hydroxy-2,3,5,6-tetramethoxy-9-acridone', '2α,3α-Dihydroxy-urs-12-en-28-oic acid', 'Oleanolic acid 3-sophoroside', '3-O-β-D-(6’-methyl)-glucopyranosyl-28-O-β-D-glucopyranosyl-oleanate', 'Haplotusine', '5-hydroxyflavone', '2-phenyl-4H-chromen-4-one', 'β-Sitosterol benzoate', 'Sinapyl 4-O-β-D-glucopyranoside aldehyde', 'Sinapyl 4-O-β-D-glucopyranoside alcohol', 'N-acetylnonaine', 'Liriodenine', '[10]-gingerol', ""2,4-Dihydroxy-6-[(1'E,3'E)-penta-1', 3'-dienyl]-benzaldehyde"", 'Nitensidine A', 'scillascillin', 'Kokusaginine', ""2-(2'-O-trans-caffeoyl)-C-β-D-glucopyranosyl-1,3,6,7-tetrahydroxyxanthone"", 'Netzahualcoyene', 'Casearin X Dialdehyde; (2R*,4aS*,5S*,7R*,8R*,8aS*)-4,4a-Diformyl-1,2,4a,5,6,7,8,8a-octahydro-5-hydroxy-7,8-dimethyl-8-[(2Z)-3-methylpenta-2,4-dien-1-yl]naphthalen-2-yl Butanoate', 'polypodine B', 'n-Propyl gallate', ""3',4',5',5,7,8-hexamethoxyflavone"", 'Isopropyl gallate', '6β-hydroxy-7-epigardoside methyl ester', 'Tetrahydropiperyline, N-[10-(13,14-methylenedioxyphenyl)-pentanoyl]-pyrrolidine', 'Piperovatine', '2,4,6-trimethoxybenzoic acid', 'Odoratol', 'Leptomerine', '5-hydroxy-N-methylseverifoline', '19,20-Epoxycytochalasin N', 'ellagic acid 4-O-α-L-rhamnopyranoside; eschweilenol C', 'Mayoside C', 'Ourateacatechin', ""3',4',5',5,7-pentamethoxyflavone"", '2-methyl-5-pentadecylresorcinol', '3β-hydroxy-stigmast-5-en-7-one; 24-β-7-oxositosterol', 'Cyclo-(L-Pro-L-Val)', 'Acetonide of odoratol', '(−)-Grandisin', '24-methylenecycloartan-3b-ol', 'Ixoside', 'Cognatine', 'Cytochalasin D', ""Methyl-2,2-dimethyl-8-(3'-methylbut-2'-enyl)chroman-6-carboxylate"", '2,7-Di-O-acetylcasearupestrin A', 'Nitensidine B', '1-methyl-2-n-nonyl-4-quinolone', '5-[8(Z),11(Z),14-pentadecatrienyl]resorcinol', 'Piperol B', '(-)-Hardwickiic acid', ""5-[3''-(β-D-glucopyranosyloxy)propyl]-7-methoxy-2-(3',4'-methylenedioxyphenyl)benzofuran"", '28-O-β-D-glucopyranosyl quinovic acid', '2-Methyl-4-hydroxy-butyl caffeoate', 'N-1,N-2,N-3-Triisopentenylguanidine', 'Dibenzyl trisulphide', 'Maytenin, Tingenone', '2-methyl-5-[8(Z)-pentadecenyl]resorcinol', ""8-hydroxy-3,5,7,3',4',5'-hexamethoxyflavonol"", '2,6-di-O-acetylcasearupestrin D', 'Maculosidine', 'Podocarpusflavone A', 'Casearupestrin C', '6α-malonyloxy-n-butyl ester manoyl oxide', 'citrusinine-I', 'Ricinine', 'Leptophyllin A', '5-pentadecylresorcinol', '19,20-Epoxycytochalasin D', 'fumiquinozoline F', 'Kaempferol 3-O-α-L-rhamnopyranosyl (1→6)-O-[β -D-glucopyranosyl (1→3)-O-α-L-rhamnopyranosyl-(1→2)]-O-β -D-glucopyranosyl', '3β-O-[α-L-rhamnopyranosyl-(1→2)-O-β-D-glucopyranosyl-(1→2)-O-β-D-glucopyranosyl]-28-O-β-D-glucopyranoside pomolate', 'Dibenzyl tetrasulphide', ""2',5-dihydroxy-3-methoxy-8-dimethylallyl-6, 7-(2' ',2''-dimethylpyrano)-dihydroflavonol"", '2-n-nonyl-4-quinolone', '(-)-Spectalinine', 'Uracil', 'urauchimycin A', 'Caseobliquin A', 'Methyl angolensate', ""5-(3'' -Hydroxypropyl)-7-methoxy-2-(3',4' -methyl-enedioxyphenyl)benzofuran"", '22β-hydroxypristimerin', '1- (5,7-dihydroxy-2,2-dimethylchroman-6-yl)-3-(2,2-dimethylchroman- 6-yl)propan-1-one', 'Canavaline', 'Di-hydrodehydrodiconiferyl alcohol', 'Quercetin', ""2-(2'-O-trans-cinnamoyl)-C-β-D-glucopyranosyl-1,3,6,7-tetrahydroxyxanthone"", 'Ocotillone', 'des-N-methylnoracronycine', 'Sorbifolin 6-O-β-glucopyranoside', 'Rel-2α-hydroxyzuelanin-6β-benzoate', 'Alkenoic acid', 'Quercetin 3-O-α-L-rhamnopyranosyl (1→6)-O-[β -D-glucopyranosyl (1→3)-O-α-L-rhamnopyranosyl-(1→2)]-O-β -D-glucopyranosyl', 'Heveaflavone', 'Arboreumine', '3-Oxoursolic acid', 'Isoorientin', 'urauchimycin B', 'Homoegonol', '[8]-gingerol', '4-Hydroxymellein', '5-hydroxymellein', 'fraxinellonone', 'Dibenzyl sulphide', '(-) Cis-4-hydroxy-6-deoxyscytalone', 'Plumericin', '5-[8(Z),11(Z)-pentadecadienyl]resorcinol', '7-hydroxy-3- (11-dimethylallyl)-8-methoxycoumarin', ""N-[7-(3',4'-methylenedioxyphenyl)-2(Z),4(Z)-heptadienoyl]pyrrolidine"", ""Acteoside; [β-3,4-dihydroxyphenyl)-ethyl]-(3'-O-α-L-rhamnopyranosyl)-(4'-O-cafeoyl)-β-D-glycopyranoside, verbascoside"", 'Pedalitin', '1-O-(E)-feruloyl-β-D-glucopyranoside', '19,20-Epoxycytochalasin C', 'p-Coumaric acid', '(-)-Epigallocatechin', 'Netzahualcoyonol', '1-[3-(3,7-dimethylocta-2,6-dien-1-yl)-2,4,6- trihydroxyphenyl]-3-(4-hydroxyphenyl)propan-1-one', '6α-malonyloxymanoyl oxide', 'Benzylhydroxymethyl sulphide', '1,6-di-O-caffeoyl-β-D-glucopyranoside', '2-methyl-5-[8(Z),11(Z),14-pentadecatrienyl]resorcinol', '20-hydroxyecdysone; polypodine A', '3-Acetyl aleuritolic acid', 'Photogedunin', 'Casearin X; (1R*,3S*,5S*,6aR*,7S*,8S*,10R*,10aR*)-1-(Acetyloxy)-3,5,6,6a,7,8,9,10-octahydro-10-hydroxy-7,8-dimethyl-7-[(2Z)-3-methylpenta-2,4-dien-1-yl]naphtho[1,8a-c]furan-3,5-diyl Dibutanoate', 'α-L-xylopyranosyl-(4""→20)-(3-O-β-D-glucopyranosyl)-1\'-O-E-caffeoyl-β-D-glucopyranoside', ""2-(R)-Methyl-6-(S)-(tetradecyl-13'-one)-3(R)-O-tert-butyldimethylsilyl-piperidine"", '(2S)-Methyl-2-methyl-8-(3""-methylbut-2""-enyl)-2-(4\'-methylpent-3\'-enyl)-2H-chromene-6-carboxylate', 'Casearin T', 'Piperyline, N-[10-(13,14-methylenedioxyphenyl)-7(E),9(E)-pentadienoyl]-pyrrolidine', 'Casearupestrin B', 'toonacilin', 'Netzahualcoyondiol', 'Pristimerin; 20α-3-hydroxy-2-oxo-24-nor-friedela-1-10,3,5,7-tetraen-carboxylic acid-29-methylester', '3,4,5-trimethoxyphenyl 1-O-β-D-apiofuranosyl-(1→6)-O-β-D-glucopyranoside', 'β-photogedunin', 'n-Butyl gallate', ""5-[3''-(β-D-glucopyranosyloxy)propyl]-7-methoxy-2-(3',4'-dimethoxyphenyl)benzofuran"", '3,12-Dihydroxycadalene', 'Skimmianine', 'p-hydroxybenzoic acid-geranyl ester', 'Dibenzyl disulphide', 'Proanthocyanidin', 'neoisoastilbin', '(R)-7-Hydroxymellein', '6α-acetoxymanoyl oxide', 'Methyl-8-hydroxy-2,2-dimethylchroman-6-carboxylate', 'Di(benzyltrithio) methane', 'n-Pentyl gallate', 'Orcinol', 'Periconicin B', 'Phomopsilactone', ""(2S)-8-Isopentyl-2-methyl-2-(4'-methylpentyl)chroman-6-carboxylic acid"", '2,2-dimethyl-2H-chromene-6-carboxylic acid', '1,2-dihydro- 3β-hydroxy-7-deacetoxy-7-oxogedunin', '24-methylene-3,22-dihydroxycholesterol', 'amorphispironone', 'Casearupestrin D', 'Chaetoglobosin B', ""2-(2'-O-benzoyl)-C-β-D-glucopyranosyl-1,3,6,7-tetrahydroxyxanthone"", 'Isoplumericin', 'N-[10-(13,14-methylenedioxyphenyl)-7(E),9(Z)-pentadienoyl]-pyrrolidine', '6-[8(Z)-pentadecenyl]salicylic acid', '(2S)-2-methyl-8-(3""-methylbut-2""-enyl)-2-(4\'-methylpent-3\'-enyl)-2H-chromene-6-carboxylic acid', 'Burchellin', '5-[8(Z)-pentadecenyl]resorcinol', 'Luteolin; 2-(3,4-dihydroxyphenyl)-5,7-dihydroxy-4H-chromen-4-one', 'ω-fenil alcanoic acid', '2-butyl-D-fructofuranoside', ""Gaudichaudianic acid; (2S)-2-methyl-2-(4'methyl-3'-pentenyl)-8-(3''-methyl-2-butenyl)- 2H-1-benzopyran-6-carboxylic acid"", 'limonexic acid', '19,20-Epoxycytochalasin Q', '19,20-Epoxycytochalasin R', 'Muraxanthone', '6α-acetoxy-14β,15β-epoxyazadirone', 'epoxy-fraxinellone', '12′-hydroxy-7′-multijuguinone', 'Kaempferitrin', 'Nitensidine C', 'Dipropyl disulphide', '2-methyl-5-[8(Z),11(Z)-pentadecadienyl]resorcinol', 'Methyl 6,7,8-trimethoxydihydrocinnamate', '2-Hexyl-3-methyl-butanodioic acid', 'fraxinellone', '3,11,12-Trihydroxycadalene', 'Quercetin 3-O-sophoroside', '(3R,4R)-3,4-Dihydro-4,6-dihydroxy-3-methyl-1-oxo-1H-isochromene-5-carboxylic acid', '3,4,5-Triacetoxybenzoic acid', 'Odoratone', 'Rel-6β-hydroxyzuelanin-2β-benzoate', 'shidasterone', '5-hydroxymethyl- 2-furancarboxaldehyde; 5-hydroxymethyl-2-furfuraldehyde', 'atalaphyllinine', 'N-[10- (13,14-methylenedioxyphenyl)-7(E)-pentaenoyl]-pyrrolidine', '2-Methyl-5-methoxy-benzopyran-4-one', '3,4-dihydroxybenzoic acid geranyl ester', 'Gedunin', 'Pedalin, pedalitin 6-O-β -glucopyranoside', 'Caseargrewiin F; (1R*,3S*,5S*,6aR*,7S*,8R*,10R*,10aR*)-1,3-Bis(acetyloxy)-3,5,6,6a,7,8,9,10-octahydro-10-hydroxy-7,8-dimethyl-7-[(2Z)-3-methylpenta-2,4-dien-1-yl]naphtho[1,8a-c]furan-5-yl Butanoate', 'Casearin L; (1R*,3S*,5S*,6aR*,7R*,8R*,9S*,10S*,10aR*)-1,10-Bis(acetyloxy)-3,5,6,6a,7,8,9,10-octahydro-9-hydroxy-5-methoxy-7,8-dimethyl-7-[(2Z)-3-methylpenta-2,4-dien-1-yl]naphtho[1,8a-c]-furan-3-yl Butanoate', 'Platydesmine', 'Leiokinine A', 'Sinapic acid', 'schaftoside', ""(2S)-Methyl-8-isopentyl-2-methyl-2-(4'-methylpentyl)chroman-6-carboxylate"", 'Casearupestrin A', '2-oxo-piperol B; (7S*, 8R*, 1R*, 3R*)-3,4,5-trimethoxy-3,7-cyclo-8,1-neolig-8-ene-2,4(3H)-dione', 'taxifolin', ""(2'S)-2-(propan-2'-ol)-5-hydroxy-benzopyran-4-one"", 'Rel-(+)-(7S,9R,10S)-3,9,12-trihydroxycalamenene', 'Casearin S', '11β-acetoxyobacunone', '1-(5,7-dihydroxy-2,2-dimethylchroman- 6-yl)-3-[4-hydroxy-3-(3-methylbut-2-en-1-yl)- phenyl]propan-1-one', '(3R,4R)-4,7-Dihydroxymellein', ""Nitensoside B; Pedalitin 6-O-α-rhamnopyranosyl(1'''→6'')-β-glucopyranoside"", 'Methyl gallate', '3-O-β-D-quinovopyranosyl cincholic acid', 'Afzelin, 3-O-α-rhamnosyl kaempferol', '6-[ 8(Z),11(Z) -pentadecadienyl] salicylic acid', 'stachysterone', 'Ethyl 2,4-dihydroxy-5,6-dimethylbenzoate', 'Egonol', '4-Nerolidilcatechol', ""2-(2'-O-transcoumaroyl)-C-β-D-glucopyranosyl-1,3,6,7-tetrahydroxyxanthone"", 'Syringic acid', '(+)-3-O-feruloylcassine', 'Salacin', '6-pentadecylsalicylic acid', 'Methyl-2,2-dimethylchroman-6-carboxylate', ""Myrsinoic acid A, 3-Geranyl-4-hydroxy-5-(3'',3''-dimethylallyl)benzoic acid"", '20α-Hydroxymaytenin; 20-hydroxy-20-epi-tingenone', '(-)-Epigallocatechin-3-O-gallate', 'Casearin D; (1R*,3S*,5S*,6aR*,7R*,8R*,9S*,10S*,10aR*)-1-(Acetyloxy)-3,5,6,6a,7,8,9,10-octahydro-5,10-dihydroxy-7,8-dimethyl-7-[(2Z)-3-methylpenta-2,4-dien-1-yl]naphtho[1,8a-c]furan-3,9-diyl Dibutanoate', 'Rel. (+)-(7S,10S) 3,12-dihydroxycalamenene', 'Cabraleadiol', ""7-Hydroxy-4',6-dimethoxyisoflavone; Afrormosin; Afromosin"", '8-methoxymellein', '(±)-Syringaresinol', 'carlinoside', 'Methyl-8-(ethanoyloxy)-2,2-dimethyl-2H-chromene-6-carboxylate', 'Amentoflavone', '1-(5,7-dihydroxy-2,2-dimethylchroman-6-yl)-3-(1,1,4a-trimethyl-2,3,4,4a,9a-hexahydro-1H-xanthen-7-yl)propan-1-one', 'Methyl (E)-6,7,8-trimethoxycinnamate', '3,4,5-Trimethoxyphenyl-1-O-β-D-(5-O-syringoyl)-apiofuranosyl-(1→6)-β-D-glucopyranoside', '6-[8(Z),11(Z),14-pentadecatrienyl]salicylic acid', 'Sorbifolin', ""Nitensoside A; Sorbifolin 6-O-α-rhamnopyranosyl(1'''→6'')-β-glucopyranoside"", 'Casearin O; (1R*,3S*,5S*,6aR*,7R*,8R*,9S*,10S*,10aR*)-1,10-Bis(acetyloxy)-5-methoxy-7,8-dimethyl-7-[(2Z)-3-methylpenta-2,4-dien-1-yl]-3,5,6,6a,7,8,9,10-octahydronaphtho[1,8a-c]furan-3,9-diyl Dibutanoate', 'germacrene D', '2β-Hydroxyzuelanin-6β-cinnamate', 'arjunolic acid', '1-O-(E)-caffeoyl-β-D-glucopyranoside', 'Gallic acid; 3,4,5-trihydroxybenzoic acid', 'Quercitrin, 3-O-α-rhamnosylquercetin', 'Amentoflavone 7”,4”’-dimethyl ether', 'Picramnioside F', 'Lauryl gallate', 'Syringaldehyde', '22-hydroxytirucalla-7,24-diene-2,3-dione', 'Trans-3’-methylsulphonylallyl trans-cinnamate', '(3-(2-(4-hydroxyphenyl)-2-oxoethyl)-5,6-dihydropyridin- 2(1H)-one)', 'Mangiferin', 'Viburgenin', ""Pterogynoside; Kaempferol-3-O-(3''-O-4'''-methylgallate-α-L-rhamnoside)"", 'Isobutyl gallate', '7′-multijuguinone', 'Griseofulvin', 'Fagaramide', 'Chalepin', 'Chlorogenic acid', '(4R)-4,8-dihydroxy-α-tetralone', 'Kaempferol', '3-O-β-D-quinovopyranosyl quinovic acid', '2-hydroxyphenylacetic acid']]",doi_name
"['10.1016/S0031-9422(01)00079-6', 'Dibenzyl trisulphide']","['10.1016/S0031-9422(01)00079-6', ['guaiol', 'γ-eudesmol', 'Hinesol', 'α-eudesmol', 'Galioside aglicone', '11-O-trans-feruloylteucrein', 'Teucrein', 'Galioside', 'Apodanthoside', 'Mycoleptone A', '9-hydroxyeugenin', 'Eugenitin', 'Austdiol', '6-methoxyeugenin', 'Mycoleptone A tetraacetate', 'Austdiol diacetate', 'Mycoleptone B', ""3',4'-methylenedioxy-5,6,7- trimethoxyflavone"", ""3',4'-methylenedioxy-5,5',6,7-tetramethoxyflavone"", ""2'-hydroxy-3,4,4'-trimethoxy-5',6'-(2'',2''-dimethylpyrano)-chalcone"", ""3',4'-methylenedioxy-5,7-dimethoxyflavone"", 'Chlorogenic acid methyl ester, Methyl (1S,3R,4R,5R)-3-{[(2E)-3-(3,4-dihydroxyphenyl)-2-propenoyl]oxy}-1,4,5-trihydroxycyclohexanecarboxylate', '2α,3α,19α- trihydroxyurs-12-en-28-oic acid', 'penduletin 4-O-methyl ether', '3,3-O-dimethylquercetin', '3-O-methylquercetin', 'p-hydroxybenzoic acid', 'Chrysoeriol', 'acacetin', '3,7,4-O-trimethylkaempferol', '2α,3α-dihydroxyolean-12- en-28-oic acid', '5,7-dimethoxy-2,2-dimethyl-2H-1-benzopyran-6-propanoate', ""7,4'-Dihydroxyflavone"", '19´-(3,4-Methylenedioxyphenyl)-nonadecanoic acid', 'Tithonine', 'Farnisine', 'Sargaquinoic acid', 'Fasciculiferin', 'Sargachromenol', ""Juruenolic acid; 2-(4'-Methylpentenyl-3)-10-oxoundecan-2,6-dienoic acid"", '21´-(3,4-Methylenedioxyphenyl)-henicosanoic acid', '(+)-Guaiacin', ""7,4'-Dimethoxyflavone"", '17-(3,4-Methylenedioxyphenyl)-heptadecanoic acid', '(+)-11α-Hydroxyerythravine', '(+)-Erythravine', '(+)-α-Hydroxyerysotrine', 'Diderroside', '7-Methoxydiderroside', ""6'-Acetyl-β-D-glucopyranosyldiderroside"", 'Secoxyloganin', '(-)-3-O-acetyl-spectaline', ""3',4',5',3,5,7,8-heptamethoxyflavone"", ""3,5,6,7,3',4',5'-heptamethoxyflavonol"", 'Beauvericin', 'Anhydrofusarubin', ""3,4-dimethyl-2-(4'-hydroxy-3',5'-dimethoxyphenyl)-5-methoxy-tetrahydrofuran"", '21α,25-dimethylmelianodiol', '21β,25-dimethylmelianodiol', '3,21-Di-epi-feroniellide B', 'Citibrasine', '2,3-dihydro-4,9-dihydroxy-2-(2-hydroxy-propan-2-yl)- 11-methoxy-10-methylfuro[3,2-b]acridin-5(10H)-one', 'bis-5-hydroxyacronycine', 'Taraxerol acetate', 'Procyanidin B-3', '6-Hydroxy-rutin', 'Kaempferol-3-O-D-glucopyranoside', 'Kaempferol-3-O-α-L-rhamnopyranosyl-(1-6)-α-L-rhamnopyranosyl-(1-4)-β-D-glucopyranoside', 'Kaempferol-3-O-rutinoside', 'Catechin, Ent-catechin', 'Kaempferol-3-O-α-L-rhamnopyranosyl-(1→6)-β-D-galactopyranoside', 'Quercetin-3-O-α-L-rhamnopyranosyl-(1→6)-β-D-galactopyranoside', 'Kaempferol-3-O-D-galactopyranoside', 'Aphidicolin', 'Methyl (3R,4R,5R)-3-{[(2E)-3-(3,4-dihydroxyphenyl)-2-propenoyl]oxy}-1,4,5-trihydroxycyclohexanecarboxylate', 'Methyl (3R,4R,5R)-3-{[(2Z)-3-(3,4-dihydroxyphenyl)-2-propenoyl]oxy}-1,4,5-trihydroxycyclohexanecarboxylate', '1,3,5-trihydroxy-4-methoxy-10-methyl- 2,8-bis(3-methylbut-2-enyl)acridin-9(10H)-one', 'Citrusinine-II', '1,3,5-trihydroxy- 2,8-bis(3-methylbut-2-enyl)-10-methyl-9-acridone', 'Glycocitrine-IV', 'Pyranofoline', 'Citrusinine-I', '3,4-dihydro-3,5,8-trihydroxy-6-methoxy-2,2,7-trimethyl-2Hpyrano[ 2,3-a]acridin-12(7H)-one', '5-hydroxynoracronycine; Atalaphyllidine', 'Glycocitrine-I', ""3-(3',7 '-dimethyl-2',6 '-octadienyl)-4-methoxy-benzoic acid"", 'Methyl-8-hydroxy-2,2-dimethyl-2H-chromene-6-carboxylate', ""4-Methoxy-3-(3',7'-dimethylocta-2'-E-6'-dienyl)benzoic acid"", 'Ferulic acid', 'β-Gardiol', 'α-Gardiol', '5,7-dimethoxy-2,2-dimethyl-2H-1-benzopyran-6-propanoic acid', ""2-(3',4'-methylenedioxyphenylethyl)-Quinoline"", '2-n-Pentylquinoline', '2-n-Propylquinoline', ""2-(1'-pentenyl)-Quinoline"", ""Hostmaniene; 4-Hydroxy-3-(2',3'-dihydroxy-3'-methylbutyl)benzoate"", ""4-Hydroxy-3-(3',7'-dimethylocta-2'-E-6'-dienyl)benzoic acid"", 'Methyl 2,2-dimethyl-1-oxo-2H-1-benzopyran-6-carboxylate', ""Methyl taboganate; Methyl 4-hydroxy-3-(3'-methyl-1'-oxo-2'-butenyl)benzoate"", ""2',6'-Dihydroxy-4'-methoxydihydrochalcone"", 'Piperaduncine B', ""Methyl 4-hydroxy-3-(3'-methyl-2'-butenyl)benzoate"", '3,4,5-Trimethoxydihydrocinnamic acid', ""Methyl 4-hydroxy-3-(3'-methyl-2'-hydroxy-3'-butenyl)benzoate"", ""Aduncumene; Methyl 2-methoxy-5-(3'-methyl-1'-oxo-2'-butenyl)benzoate"", ""4-Hydroxy-(3',7'-dimethyl-1'-oxo-octa-2'-Z-6'-dienyl)benzoic acid"", 'Tagitinin C', '1-methoxy-3-hydroxy-3,10b-4,5a-diepoxy-8b-isobutyroyloxygermacr-11(13)-en-6a,12-olide', 'Iso-odoratol', 'Oleanonic acid', 'Pentaol', 'Piscidinol A', 'cryptomeridiol', '3,11-dioxoolean-12-en-28- onic acid', 'Nilocetin', 'Hispidol A', ""Rel-(7R,8S,7'S,8'S)-9-hydroxy-4',5'-methylenedioxy-3,4,5,3'-tetramethoxy-7,7'-epoxylignan"", ""Rel-(7R,8S,7'S,8'S)-4',5'-methylenedioxy-3,4,5,3'-tetramethoxy-7,7'-epoxylignan"", ""Rel-(7R,8S,7'S,8'S)-4-hydroxy-4',5'-methylenedioxy-3,5,3'-trimethoxy-7,7'-epoxylignan"", ""Rel-(7R,8S,7'S,8'S)-4'-hydroxy-3,4,5,3',5'-pentamethoxy-7,7'-epoxylignan"", ""Rel-(7R,8S,7'S,8'S)-4,5,4',5'-dimethylenedioxy-3,3'-dimethoxy-7,7'-epoxylignan"", '4,5-dihydropiperlonguminine; Piperlonguminine', '(Z)-piplartine; 8(Z)-N-(12,13, 14-trimethoxycinnamoyl)- 3-pyridin-2-one', 'Piperine', '8,9-dihydropiplartine; N-(12,13,14-trimethoxydihydrocinnamoyl)-Δ3-pyridin-2-one', ""N-[3-(6'-methoxy-3',4'-methy-lenedioxyphenyl)-2(Z)-propenoyl]pyrrolidine"", '4,5-dihydropiperyline', '10,11-dihydropiperine; Δα,β-dihydropiperine', '(E)-piplartine', 'Pellitorine', '(3Z,5Z)-N-isobutyl-8-(30,40-methylenedioxy-phenyl)-heptadienamide', 'Pimara-7,15-dien-3β-ol', 'Dimethyl terephthalate', '(22E,24R)-ergosta-4,6,8(14),22-tetraen-3-one', '8-hydroxy-6-methoxy-3-methylisocoumarin', 'Ergosterol peroxide', 'Epi-guaiacin', 'Verrucosin', '7-Methyl-sargachromenol; 2,7,8-Trimethyl-2-[(3-E,7-Z)-4,12-dimethyl-8-carboxyl-3,7,11-tridecatrienyl]-3-chromen-6-ol, β-caroteno', 'Nectandrin B', 'cyclo (L)-Pro-Gly', ""4-Hydroxy-3-(3',7'-dimethyl-3'-hydroxy-1'-oxo-6'-octenyl)benzoic acid"", ""1,4-Dihydroxy-2-(3',7'-dimethyl-1'-oxo-2'-E-6'-octadienyl)benzene"", ""Sakuranetin; 5,4'-dihydroxy-7-methoxyflavanone"", ""Isosakuranetin; 5,7-dihydroxy-4'-methoxyflavanone"", ""4-Hydroxy-(3',7'-dimethyl-1'-oxo-octa-2'-E-6'-dienyl)benzoic acid"", 'Nitensidine D', 'Nitensidine E', 'Xanthyletin', 'astilbin; Rel-(2R, 3R)-dihydroquercetin-3-O-±-L-rhamnoside', '3,4-dehydrostrictosidine acid', '3,4-dehydro-strictosidine', '5α-carboxystrictosidine', 'Cordifoline', 'Turbinatine', 'Harman-3-carboxylic acid', 'Strictosidine acid', 'Deoxycordifoline', 'Clusifoliol', ""Isoswertisin-4'-methyl-ether-2''α-L-rhamnoside"", '2-Episesalatin', ""Isoswertisin-2''α1-L-rhamnoside"", 'Sesartemin', 'Stearic acid 4-pentoyloxyphenethyl ester', 'Isopimpinellin', '4-metoxi-6-[2-(metilamino)fenil]- 2H-piran-2-ona', 'β-caryophyllene, trans-caryophyllene', 'Methacrylic acid', 'Cusculine; 1,2,3,5,6-pentamethoxy-9-acridone', 'Cuspanine; 1-hydroxy-2,3,5,6-tetramethoxy-9-acridone', '2α,3α-Dihydroxy-urs-12-en-28-oic acid', 'Oleanolic acid 3-sophoroside', '3-O-β-D-(6’-methyl)-glucopyranosyl-28-O-β-D-glucopyranosyl-oleanate', 'Haplotusine', 'β-Sitosterol benzoate', '5-hydroxyflavone', '2-phenyl-4H-chromen-4-one', 'Sinapyl 4-O-β-D-glucopyranoside aldehyde', 'Sinapyl 4-O-β-D-glucopyranoside alcohol', 'Liriodenine', 'N-acetylnonaine', '[10]-gingerol', ""2,4-Dihydroxy-6-[(1'E,3'E)-penta-1', 3'-dienyl]-benzaldehyde"", '2-methyl-5-[8(Z)-pentadecenyl]resorcinol', 'Nitensidine A', '2-hydroxyphenylacetic acid', '3-O-β-D-quinovopyranosyl quinovic acid', 'Kaempferol', ""8-hydroxy-3,5,7,3',4',5'-hexamethoxyflavonol"", 'scillascillin', 'Homoegonol', '[8]-gingerol', '4-Hydroxymellein', '5-hydroxymellein', 'fraxinellonone', 'Dibenzyl sulphide', '(-) Cis-4-hydroxy-6-deoxyscytalone', 'Gallic acid; 3,4,5-trihydroxybenzoic acid', 'Maculosidine', 'Podocarpusflavone A', '(4R)-4,8-dihydroxy-α-tetralone', 'Odoratol', 'Leptomerine', '5-hydroxy-N-methylseverifoline', '19,20-Epoxycytochalasin N', 'ellagic acid 4-O-α-L-rhamnopyranoside; eschweilenol C', 'Mayoside C', 'Ourateacatechin', ""3',4',5',5,7-pentamethoxyflavone"", '2-methyl-5-pentadecylresorcinol', '3β-hydroxy-stigmast-5-en-7-one; 24-β-7-oxositosterol', 'Acetonide of odoratol', '(−)-Grandisin', 'n-Butyl gallate', ""5-[3''-(β-D-glucopyranosyloxy)propyl]-7-methoxy-2-(3',4'-dimethoxyphenyl)benzofuran"", '3,12-Dihydroxycadalene', '7-hydroxy-3- (11-dimethylallyl)-8-methoxycoumarin', ""N-[7-(3',4'-methylenedioxyphenyl)-2(Z),4(Z)-heptadienoyl]pyrrolidine"", ""Acteoside; [β-3,4-dihydroxyphenyl)-ethyl]-(3'-O-α-L-rhamnopyranosyl)-(4'-O-cafeoyl)-β-D-glycopyranoside, verbascoside"", 'Ocotillone', 'des-N-methylnoracronycine', 'Sorbifolin 6-O-β-glucopyranoside', 'Rel-2α-hydroxyzuelanin-6β-benzoate', '2,6-di-O-acetylcasearupestrin D', ""Methyl-2,2-dimethyl-8-(3'-methylbut-2'-enyl)chroman-6-carboxylate"", '2,7-Di-O-acetylcasearupestrin A', 'Nitensidine B', '1-methyl-2-n-nonyl-4-quinolone', '5-[8(Z),11(Z),14-pentadecatrienyl]resorcinol', '5-pentadecylresorcinol', '19,20-Epoxycytochalasin D', 'fumiquinozoline F', 'Kaempferol 3-O-α-L-rhamnopyranosyl (1→6)-O-[β -D-glucopyranosyl (1→3)-O-α-L-rhamnopyranosyl-(1→2)]-O-β -D-glucopyranosyl', '3β-O-[α-L-rhamnopyranosyl-(1→2)-O-β-D-glucopyranosyl-(1→2)-O-β-D-glucopyranosyl]-28-O-β-D-glucopyranoside pomolate', 'Dibenzyl tetrasulphide', ""2',5-dihydroxy-3-methoxy-8-dimethylallyl-6, 7-(2' ',2''-dimethylpyrano)-dihydroflavonol"", '1- (5,7-dihydroxy-2,2-dimethylchroman-6-yl)-3-(2,2-dimethylchroman- 6-yl)propan-1-one', 'Canavaline', 'Di-hydrodehydrodiconiferyl alcohol', 'Quercetin', ""2-(2'-O-trans-cinnamoyl)-C-β-D-glucopyranosyl-1,3,6,7-tetrahydroxyxanthone"", 'Kokusaginine', 'Pristimerin; 20α-3-hydroxy-2-oxo-24-nor-friedela-1-10,3,5,7-tetraen-carboxylic acid-29-methylester', '3,4,5-trimethoxyphenyl 1-O-β-D-apiofuranosyl-(1→6)-O-β-D-glucopyranoside', 'β-photogedunin', '2-n-nonyl-4-quinolone', 'Cytochalasin D', 'Isoorientin', 'Skimmianine', 'p-hydroxybenzoic acid-geranyl ester', 'Dibenzyl disulphide', 'Proanthocyanidin', 'neoisoastilbin', '(R)-7-Hydroxymellein', '6α-acetoxymanoyl oxide', 'Methyl-8-hydroxy-2,2-dimethylchroman-6-carboxylate', 'Casearupestrin C', '6α-malonyloxy-n-butyl ester manoyl oxide', 'citrusinine-I', 'Ricinine', 'Leptophyllin A', 'Caseobliquin A', 'Methyl angolensate', ""5-(3'' -Hydroxypropyl)-7-methoxy-2-(3',4' -methyl-enedioxyphenyl)benzofuran"", '22β-hydroxypristimerin', '6α-acetoxy-14β,15β-epoxyazadirone', 'urauchimycin A', 'p-Coumaric acid', '(-)-Epigallocatechin', 'Netzahualcoyonol', '1-[3-(3,7-dimethylocta-2,6-dien-1-yl)-2,4,6- trihydroxyphenyl]-3-(4-hydroxyphenyl)propan-1-one', '6α-malonyloxymanoyl oxide', 'Benzylhydroxymethyl sulphide', '1,6-di-O-caffeoyl-β-D-glucopyranoside', '2-methyl-5-[8(Z),11(Z),14-pentadecatrienyl]resorcinol', '20-hydroxyecdysone; polypodine A', '3-Acetyl aleuritolic acid', 'Uracil', '1-O-(E)-feruloyl-β-D-glucopyranoside', '19,20-Epoxycytochalasin C', 'n-Pentyl gallate', 'Orcinol', 'Periconicin B', 'Phomopsilactone', 'n-Propyl gallate', ""3',4',5',5,7,8-hexamethoxyflavone"", 'Isopropyl gallate', '6β-hydroxy-7-epigardoside methyl ester', 'Tetrahydropiperyline, N-[10-(13,14-methylenedioxyphenyl)-pentanoyl]-pyrrolidine', 'Piperovatine', '2,4,6-trimethoxybenzoic acid', '1-O-(E)-caffeoyl-β-D-glucopyranoside', 'Quercitrin, 3-O-α-rhamnosylquercetin', 'epoxy-fraxinellone', '12′-hydroxy-7′-multijuguinone', 'Kaempferitrin', 'Nitensidine C', 'Dipropyl disulphide', '2-methyl-5-[8(Z),11(Z)-pentadecadienyl]resorcinol', 'Methyl 6,7,8-trimethoxydihydrocinnamate', '2-Hexyl-3-methyl-butanodioic acid', 'fraxinellone', 'Alkenoic acid', 'Quercetin 3-O-α-L-rhamnopyranosyl (1→6)-O-[β -D-glucopyranosyl (1→3)-O-α-L-rhamnopyranosyl-(1→2)]-O-β -D-glucopyranosyl', 'Heveaflavone', 'Arboreumine', '3-Oxoursolic acid', 'Casearupestrin B', 'toonacilin', ""2-(R)-Methyl-6-(S)-(tetradecyl-13'-one)-3(R)-O-tert-butyldimethylsilyl-piperidine"", '(2S)-Methyl-2-methyl-8-(3""-methylbut-2""-enyl)-2-(4\'-methylpent-3\'-enyl)-2H-chromene-6-carboxylate', 'Casearin T', 'Piperyline, N-[10-(13,14-methylenedioxyphenyl)-7(E),9(E)-pentadienoyl]-pyrrolidine', 'ω-fenil alcanoic acid', '2-butyl-D-fructofuranoside', ""Gaudichaudianic acid; (2S)-2-methyl-2-(4'methyl-3'-pentenyl)-8-(3''-methyl-2-butenyl)- 2H-1-benzopyran-6-carboxylic acid"", 'limonexic acid', 'Pedalitin', 'Di(benzyltrithio) methane', '3,11,12-Trihydroxycadalene', ""(2S)-8-Isopentyl-2-methyl-2-(4'-methylpentyl)chroman-6-carboxylic acid"", '2,2-dimethyl-2H-chromene-6-carboxylic acid', '1,2-dihydro- 3β-hydroxy-7-deacetoxy-7-oxogedunin', 'Photogedunin', 'Casearin X; (1R*,3S*,5S*,6aR*,7S*,8S*,10R*,10aR*)-1-(Acetyloxy)-3,5,6,6a,7,8,9,10-octahydro-10-hydroxy-7,8-dimethyl-7-[(2Z)-3-methylpenta-2,4-dien-1-yl]naphtho[1,8a-c]furan-3,5-diyl Dibutanoate', 'Quercetin 3-O-sophoroside', '(3R,4R)-3,4-Dihydro-4,6-dihydroxy-3-methyl-1-oxo-1H-isochromene-5-carboxylic acid', '24-methylene-3,22-dihydroxycholesterol', 'amorphispironone', 'Casearupestrin D', 'Chaetoglobosin B', ""2-(2'-O-benzoyl)-C-β-D-glucopyranosyl-1,3,6,7-tetrahydroxyxanthone"", 'Isoplumericin', 'α-L-xylopyranosyl-(4""→20)-(3-O-β-D-glucopyranosyl)-1\'-O-E-caffeoyl-β-D-glucopyranoside', '6-[8(Z)-pentadecenyl]salicylic acid', '(2S)-2-methyl-8-(3""-methylbut-2""-enyl)-2-(4\'-methylpent-3\'-enyl)-2H-chromene-6-carboxylic acid', 'Burchellin', '5-[8(Z)-pentadecenyl]resorcinol', 'Luteolin; 2-(3,4-dihydroxyphenyl)-5,7-dihydroxy-4H-chromen-4-one', 'Sinapic acid', '6-[ 8(Z),11(Z) -pentadecadienyl] salicylic acid', 'Netzahualcoyene', 'Casearin X Dialdehyde; (2R*,4aS*,5S*,7R*,8R*,8aS*)-4,4a-Diformyl-1,2,4a,5,6,7,8,8a-octahydro-5-hydroxy-7,8-dimethyl-8-[(2Z)-3-methylpenta-2,4-dien-1-yl]naphthalen-2-yl Butanoate', 'polypodine B', '19,20-Epoxycytochalasin Q', '19,20-Epoxycytochalasin R', 'Muraxanthone', 'Casearupestrin A', '2-oxo-piperol B; (7S*, 8R*, 1R*, 3R*)-3,4,5-trimethoxy-3,7-cyclo-8,1-neolig-8-ene-2,4(3H)-dione', 'taxifolin', ""(2'S)-2-(propan-2'-ol)-5-hydroxy-benzopyran-4-one"", 'Rel-(+)-(7S,9R,10S)-3,9,12-trihydroxycalamenene', 'Casearin S', '11β-acetoxyobacunone', '1-(5,7-dihydroxy-2,2-dimethylchroman- 6-yl)-3-[4-hydroxy-3-(3-methylbut-2-en-1-yl)- phenyl]propan-1-one', '(3R,4R)-4,7-Dihydroxymellein', ""Nitensoside B; Pedalitin 6-O-α-rhamnopyranosyl(1'''→6'')-β-glucopyranoside"", 'N-[10- (13,14-methylenedioxyphenyl)-7(E)-pentaenoyl]-pyrrolidine', '2-Methyl-5-methoxy-benzopyran-4-one', '3,4-dihydroxybenzoic acid geranyl ester', 'N-[10-(13,14-methylenedioxyphenyl)-7(E),9(Z)-pentadienoyl]-pyrrolidine', 'Gedunin', 'Pedalin, pedalitin 6-O-β -glucopyranoside', 'Piperol B', '(-)-Hardwickiic acid', ""5-[3''-(β-D-glucopyranosyloxy)propyl]-7-methoxy-2-(3',4'-methylenedioxyphenyl)benzofuran"", '28-O-β-D-glucopyranosyl quinovic acid', '2-Methyl-4-hydroxy-butyl caffeoate', 'N-1,N-2,N-3-Triisopentenylguanidine', 'Dibenzyl trisulphide', 'Maytenin, Tingenone', 'urauchimycin B', ""2-(2'-O-trans-caffeoyl)-C-β-D-glucopyranosyl-1,3,6,7-tetrahydroxyxanthone"", 'Cabraleadiol', 'schaftoside', ""(2S)-Methyl-8-isopentyl-2-methyl-2-(4'-methylpentyl)chroman-6-carboxylate"", '3,4,5-Triacetoxybenzoic acid', '1-(5,7-dihydroxy-2,2-dimethylchroman-6-yl)-3-(1,1,4a-trimethyl-2,3,4,4a,9a-hexahydro-1H-xanthen-7-yl)propan-1-one', 'Methyl (E)-6,7,8-trimethoxycinnamate', '3,4,5-Trimethoxyphenyl-1-O-β-D-(5-O-syringoyl)-apiofuranosyl-(1→6)-β-D-glucopyranoside', '6-[8(Z),11(Z),14-pentadecatrienyl]salicylic acid', 'Sorbifolin', ""Nitensoside A; Sorbifolin 6-O-α-rhamnopyranosyl(1'''→6'')-β-glucopyranoside"", 'Amentoflavone', 'Odoratone', 'Rel-6β-hydroxyzuelanin-2β-benzoate', 'shidasterone', '5-hydroxymethyl- 2-furancarboxaldehyde; 5-hydroxymethyl-2-furfuraldehyde', 'atalaphyllinine', 'Lauryl gallate', 'Casearin O; (1R*,3S*,5S*,6aR*,7R*,8R*,9S*,10S*,10aR*)-1,10-Bis(acetyloxy)-5-methoxy-7,8-dimethyl-7-[(2Z)-3-methylpenta-2,4-dien-1-yl]-3,5,6,6a,7,8,9,10-octahydronaphtho[1,8a-c]furan-3,9-diyl Dibutanoate', 'germacrene D', 'Methyl gallate', '3-O-β-D-quinovopyranosyl cincholic acid', 'Afzelin, 3-O-α-rhamnosyl kaempferol', 'Egonol', '4-Nerolidilcatechol', ""2-(2'-O-transcoumaroyl)-C-β-D-glucopyranosyl-1,3,6,7-tetrahydroxyxanthone"", 'Syringic acid', '(+)-3-O-feruloylcassine', '6-pentadecylsalicylic acid', 'Caseargrewiin F; (1R*,3S*,5S*,6aR*,7S*,8R*,10R*,10aR*)-1,3-Bis(acetyloxy)-3,5,6,6a,7,8,9,10-octahydro-10-hydroxy-7,8-dimethyl-7-[(2Z)-3-methylpenta-2,4-dien-1-yl]naphtho[1,8a-c]furan-5-yl Butanoate', 'Casearin L; (1R*,3S*,5S*,6aR*,7R*,8R*,9S*,10S*,10aR*)-1,10-Bis(acetyloxy)-3,5,6,6a,7,8,9,10-octahydro-9-hydroxy-5-methoxy-7,8-dimethyl-7-[(2Z)-3-methylpenta-2,4-dien-1-yl]naphtho[1,8a-c]-furan-3-yl Butanoate', 'Platydesmine', 'Leiokinine A', '8-methoxymellein', '(±)-Syringaresinol', 'Cyclo-(L-Pro-L-Val)', 'Methyl-2,2-dimethylchroman-6-carboxylate', ""Myrsinoic acid A, 3-Geranyl-4-hydroxy-5-(3'',3''-dimethylallyl)benzoic acid"", '20α-Hydroxymaytenin; 20-hydroxy-20-epi-tingenone', '(-)-Epigallocatechin-3-O-gallate', 'Casearin D; (1R*,3S*,5S*,6aR*,7R*,8R*,9S*,10S*,10aR*)-1-(Acetyloxy)-3,5,6,6a,7,8,9,10-octahydro-5,10-dihydroxy-7,8-dimethyl-7-[(2Z)-3-methylpenta-2,4-dien-1-yl]naphtho[1,8a-c]furan-3,9-diyl Dibutanoate', 'Rel. (+)-(7S,10S) 3,12-dihydroxycalamenene', 'carlinoside', 'Methyl-8-(ethanoyloxy)-2,2-dimethyl-2H-chromene-6-carboxylate', 'arjunolic acid', 'stachysterone', 'Ethyl 2,4-dihydroxy-5,6-dimethylbenzoate', 'Amentoflavone 7”,4”’-dimethyl ether', 'Picramnioside F', 'Plumericin', '5-[8(Z),11(Z)-pentadecadienyl]resorcinol', '(-)-Spectalinine', 'Netzahualcoyondiol', 'Syringaldehyde', '22-hydroxytirucalla-7,24-diene-2,3-dione', 'Trans-3’-methylsulphonylallyl trans-cinnamate', '(3-(2-(4-hydroxyphenyl)-2-oxoethyl)-5,6-dihydropyridin- 2(1H)-one)', 'Mangiferin', 'Salacin', 'Viburgenin', ""Pterogynoside; Kaempferol-3-O-(3''-O-4'''-methylgallate-α-L-rhamnoside)"", 'Isobutyl gallate', '7′-multijuguinone', 'Griseofulvin', ""7-Hydroxy-4',6-dimethoxyisoflavone; Afrormosin; Afromosin"", '24-methylenecycloartan-3b-ol', 'Ixoside', '2β-Hydroxyzuelanin-6β-cinnamate', 'Cognatine', 'Fagaramide', 'Chalepin', 'Chlorogenic acid']]",doi_name
"['10.1002/hlca.200890147', '6β-hydroxy-7-epigardoside methyl ester']","['10.1002/hlca.200890147', ['guaiol', 'Hinesol', 'γ-eudesmol', 'α-eudesmol', 'Galioside aglicone', 'Teucrein', '11-O-trans-feruloylteucrein', 'Apodanthoside', 'Galioside', 'Kaempferol-3-O-rutinoside', 'Catechin, Ent-catechin', 'Kaempferol-3-O-α-L-rhamnopyranosyl-(1→6)-β-D-galactopyranoside', 'Kaempferol-3-O-D-glucopyranoside', 'Procyanidin B-3', 'Kaempferol-3-O-D-galactopyranoside', '6-Hydroxy-rutin', 'Kaempferol-3-O-α-L-rhamnopyranosyl-(1-6)-α-L-rhamnopyranosyl-(1-4)-β-D-glucopyranoside', 'Quercetin-3-O-α-L-rhamnopyranosyl-(1→6)-β-D-galactopyranoside', '9-hydroxyeugenin', 'Mycoleptone A', 'Eugenitin', 'Austdiol', 'Austdiol diacetate', 'Mycoleptone B', '6-methoxyeugenin', 'Mycoleptone A tetraacetate', 'Chlorogenic acid methyl ester, Methyl (1S,3R,4R,5R)-3-{[(2E)-3-(3,4-dihydroxyphenyl)-2-propenoyl]oxy}-1,4,5-trihydroxycyclohexanecarboxylate', ""3,4-dimethyl-2-(4'-hydroxy-3',5'-dimethoxyphenyl)-5-methoxy-tetrahydrofuran"", 'Nitensidine E', 'Nitensidine D', ""2-(1'-pentenyl)-Quinoline"", ""2-(3',4'-methylenedioxyphenylethyl)-Quinoline"", '2-n-Propylquinoline', '2-n-Pentylquinoline', 'Taraxerol acetate', '7-Methoxydiderroside', ""6'-Acetyl-β-D-glucopyranosyldiderroside"", 'Diderroside', 'Secoxyloganin', ""3',4',5',3,5,7,8-heptamethoxyflavone"", ""3,5,6,7,3',4',5'-heptamethoxyflavonol"", '1-methoxy-3-hydroxy-3,10b-4,5a-diepoxy-8b-isobutyroyloxygermacr-11(13)-en-6a,12-olide', 'Tagitinin C', ""2'-hydroxy-3,4,4'-trimethoxy-5',6'-(2'',2''-dimethylpyrano)-chalcone"", ""3',4'-methylenedioxy-5,6,7- trimethoxyflavone"", ""3',4'-methylenedioxy-5,5',6,7-tetramethoxyflavone"", ""3',4'-methylenedioxy-5,7-dimethoxyflavone"", 'Anhydrofusarubin', 'Beauvericin', 'Methyl (3R,4R,5R)-3-{[(2Z)-3-(3,4-dihydroxyphenyl)-2-propenoyl]oxy}-1,4,5-trihydroxycyclohexanecarboxylate', 'Methyl (3R,4R,5R)-3-{[(2E)-3-(3,4-dihydroxyphenyl)-2-propenoyl]oxy}-1,4,5-trihydroxycyclohexanecarboxylate', '5,7-dimethoxy-2,2-dimethyl-2H-1-benzopyran-6-propanoate', '4-metoxi-6-[2-(metilamino)fenil]- 2H-piran-2-ona', 'Pimara-7,15-dien-3β-ol', 'Ergosterol peroxide', '8-hydroxy-6-methoxy-3-methylisocoumarin', '(22E,24R)-ergosta-4,6,8(14),22-tetraen-3-one', 'Dimethyl terephthalate', '21α,25-dimethylmelianodiol', '21β,25-dimethylmelianodiol', '3,21-Di-epi-feroniellide B', 'Xanthyletin', '(+)-Erythravine', '(+)-11α-Hydroxyerythravine', '(+)-α-Hydroxyerysotrine', 'Aphidicolin', 'Clusifoliol', ""Isoswertisin-4'-methyl-ether-2''α-L-rhamnoside"", '2-Episesalatin', ""Isoswertisin-2''α1-L-rhamnoside"", 'Sesartemin', '5,7-dimethoxy-2,2-dimethyl-2H-1-benzopyran-6-propanoic acid', 'cyclo (L)-Pro-Gly', '5α-carboxystrictosidine', 'Cordifoline', 'Turbinatine', 'Strictosidine acid', 'Harman-3-carboxylic acid', '3,4-dehydro-strictosidine', '3,4-dehydrostrictosidine acid', 'Deoxycordifoline', '17-(3,4-Methylenedioxyphenyl)-heptadecanoic acid', ""7,4'-Dihydroxyflavone"", '(+)-Guaiacin', ""7,4'-Dimethoxyflavone"", 'Sargaquinoic acid', 'Farnisine', '21´-(3,4-Methylenedioxyphenyl)-henicosanoic acid', 'Sargachromenol', '19´-(3,4-Methylenedioxyphenyl)-nonadecanoic acid', ""Juruenolic acid; 2-(4'-Methylpentenyl-3)-10-oxoundecan-2,6-dienoic acid"", 'Tithonine', 'Fasciculiferin', 'Nectandrin B', '7-Methyl-sargachromenol; 2,7,8-Trimethyl-2-[(3-E,7-Z)-4,12-dimethyl-8-carboxyl-3,7,11-tridecatrienyl]-3-chromen-6-ol, β-caroteno', 'Epi-guaiacin', 'Verrucosin', '(-)-3-O-acetyl-spectaline', ""4-Hydroxy-3-(3',7'-dimethyl-3'-hydroxy-1'-oxo-6'-octenyl)benzoic acid"", ""Isosakuranetin; 5,7-dihydroxy-4'-methoxyflavanone"", ""4-Hydroxy-(3',7'-dimethyl-1'-oxo-octa-2'-E-6'-dienyl)benzoic acid"", ""1,4-Dihydroxy-2-(3',7'-dimethyl-1'-oxo-2'-E-6'-octadienyl)benzene"", ""Sakuranetin; 5,4'-dihydroxy-7-methoxyflavanone"", 'Isopimpinellin', ""Rel-(7R,8S,7'S,8'S)-4'-hydroxy-3,4,5,3',5'-pentamethoxy-7,7'-epoxylignan"", ""Rel-(7R,8S,7'S,8'S)-4,5,4',5'-dimethylenedioxy-3,3'-dimethoxy-7,7'-epoxylignan"", ""Rel-(7R,8S,7'S,8'S)-9-hydroxy-4',5'-methylenedioxy-3,4,5,3'-tetramethoxy-7,7'-epoxylignan"", ""Rel-(7R,8S,7'S,8'S)-4',5'-methylenedioxy-3,4,5,3'-tetramethoxy-7,7'-epoxylignan"", ""Rel-(7R,8S,7'S,8'S)-4-hydroxy-4',5'-methylenedioxy-3,5,3'-trimethoxy-7,7'-epoxylignan"", 'Ferulic acid', 'α-Gardiol', 'β-Gardiol', ""4-Methoxy-3-(3',7'-dimethylocta-2'-E-6'-dienyl)benzoic acid"", ""3-(3',7 '-dimethyl-2',6 '-octadienyl)-4-methoxy-benzoic acid"", 'Methyl-8-hydroxy-2,2-dimethyl-2H-chromene-6-carboxylate', '3,3-O-dimethylquercetin', 'p-hydroxybenzoic acid', '2α,3α,19α- trihydroxyurs-12-en-28-oic acid', '2α,3α-dihydroxyolean-12- en-28-oic acid', 'penduletin 4-O-methyl ether', '3,7,4-O-trimethylkaempferol', '3-O-methylquercetin', 'acacetin', 'Chrysoeriol', 'astilbin; Rel-(2R, 3R)-dihydroquercetin-3-O-±-L-rhamnoside', 'Stearic acid 4-pentoyloxyphenethyl ester', '5-hydroxynoracronycine; Atalaphyllidine', 'Citrusinine-I', 'Citrusinine-II', '3,4-dihydro-3,5,8-trihydroxy-6-methoxy-2,2,7-trimethyl-2Hpyrano[ 2,3-a]acridin-12(7H)-one', 'Glycocitrine-I', 'Glycocitrine-IV', 'Pyranofoline', '1,3,5-trihydroxy- 2,8-bis(3-methylbut-2-enyl)-10-methyl-9-acridone', '1,3,5-trihydroxy-4-methoxy-10-methyl- 2,8-bis(3-methylbut-2-enyl)acridin-9(10H)-one', ""4-Hydroxy-3-(3',7'-dimethylocta-2'-E-6'-dienyl)benzoic acid"", ""Methyl taboganate; Methyl 4-hydroxy-3-(3'-methyl-1'-oxo-2'-butenyl)benzoate"", 'Methyl 2,2-dimethyl-1-oxo-2H-1-benzopyran-6-carboxylate', ""2',6'-Dihydroxy-4'-methoxydihydrochalcone"", ""Hostmaniene; 4-Hydroxy-3-(2',3'-dihydroxy-3'-methylbutyl)benzoate"", 'Piperaduncine B', '3,4,5-Trimethoxydihydrocinnamic acid', ""Methyl 4-hydroxy-3-(3'-methyl-2'-butenyl)benzoate"", ""4-Hydroxy-(3',7'-dimethyl-1'-oxo-octa-2'-Z-6'-dienyl)benzoic acid"", ""Methyl 4-hydroxy-3-(3'-methyl-2'-hydroxy-3'-butenyl)benzoate"", ""Aduncumene; Methyl 2-methoxy-5-(3'-methyl-1'-oxo-2'-butenyl)benzoate"", '2,3-dihydro-4,9-dihydroxy-2-(2-hydroxy-propan-2-yl)- 11-methoxy-10-methylfuro[3,2-b]acridin-5(10H)-one', 'bis-5-hydroxyacronycine', 'Citibrasine', 'Nilocetin', 'Hispidol A', 'Pentaol', 'Iso-odoratol', '3,11-dioxoolean-12-en-28- onic acid', 'cryptomeridiol', 'Oleanonic acid', 'Piscidinol A', 'Methacrylic acid', '4,5-dihydropiperlonguminine; Piperlonguminine', '8,9-dihydropiplartine; N-(12,13,14-trimethoxydihydrocinnamoyl)-Δ3-pyridin-2-one', ""N-[3-(6'-methoxy-3',4'-methy-lenedioxyphenyl)-2(Z)-propenoyl]pyrrolidine"", '10,11-dihydropiperine; Δα,β-dihydropiperine', 'Pellitorine', '(Z)-piplartine; 8(Z)-N-(12,13, 14-trimethoxycinnamoyl)- 3-pyridin-2-one', '(3Z,5Z)-N-isobutyl-8-(30,40-methylenedioxy-phenyl)-heptadienamide', 'Piperine', '(E)-piplartine', '4,5-dihydropiperyline', 'β-caryophyllene, trans-caryophyllene', 'Cusculine; 1,2,3,5,6-pentamethoxy-9-acridone', 'Cuspanine; 1-hydroxy-2,3,5,6-tetramethoxy-9-acridone', '2α,3α-Dihydroxy-urs-12-en-28-oic acid', '3-O-β-D-(6’-methyl)-glucopyranosyl-28-O-β-D-glucopyranosyl-oleanate', 'Oleanolic acid 3-sophoroside', '5-hydroxyflavone', 'β-Sitosterol benzoate', '2-phenyl-4H-chromen-4-one', 'Haplotusine', 'Sinapyl 4-O-β-D-glucopyranoside aldehyde', 'Sinapyl 4-O-β-D-glucopyranoside alcohol', 'Liriodenine', 'N-acetylnonaine', '[10]-gingerol', ""2,4-Dihydroxy-6-[(1'E,3'E)-penta-1', 3'-dienyl]-benzaldehyde"", '2-methyl-5-[8(Z)-pentadecenyl]resorcinol', 'Nitensidine A', '2-hydroxyphenylacetic acid', '3-O-β-D-quinovopyranosyl quinovic acid', 'Kaempferol', 'Kokusaginine', ""2-(2'-O-trans-caffeoyl)-C-β-D-glucopyranosyl-1,3,6,7-tetrahydroxyxanthone"", 'Netzahualcoyene', 'Casearin X Dialdehyde; (2R*,4aS*,5S*,7R*,8R*,8aS*)-4,4a-Diformyl-1,2,4a,5,6,7,8,8a-octahydro-5-hydroxy-7,8-dimethyl-8-[(2Z)-3-methylpenta-2,4-dien-1-yl]naphthalen-2-yl Butanoate', 'polypodine B', 'n-Propyl gallate', ""3',4',5',5,7,8-hexamethoxyflavone"", 'Isopropyl gallate', '6β-hydroxy-7-epigardoside methyl ester', 'Odoratol', 'Leptomerine', '5-hydroxy-N-methylseverifoline', '19,20-Epoxycytochalasin N', 'ellagic acid 4-O-α-L-rhamnopyranoside; eschweilenol C', 'Mayoside C', 'Ourateacatechin', ""3',4',5',5,7-pentamethoxyflavone"", '2-methyl-5-pentadecylresorcinol', '3β-hydroxy-stigmast-5-en-7-one; 24-β-7-oxositosterol', 'scillascillin', ""7-Hydroxy-4',6-dimethoxyisoflavone; Afrormosin; Afromosin"", '8-methoxymellein', '(±)-Syringaresinol', 'Cyclo-(L-Pro-L-Val)', 'Acetonide of odoratol', '(-) Cis-4-hydroxy-6-deoxyscytalone', 'Dibenzyl trisulphide', 'Maytenin, Tingenone', 'Ocotillone', 'des-N-methylnoracronycine', 'Sorbifolin 6-O-β-glucopyranoside', 'Rel-2α-hydroxyzuelanin-6β-benzoate', '2,6-di-O-acetylcasearupestrin D', ""Methyl-2,2-dimethyl-8-(3'-methylbut-2'-enyl)chroman-6-carboxylate"", '2,7-Di-O-acetylcasearupestrin A', 'Nitensidine B', '1-methyl-2-n-nonyl-4-quinolone', '5-[8(Z),11(Z),14-pentadecatrienyl]resorcinol', 'Maculosidine', '(4R)-4,8-dihydroxy-α-tetralone', ""8-hydroxy-3,5,7,3',4',5'-hexamethoxyflavonol"", 'Isoorientin', 'Uracil', 'Podocarpusflavone A', 'Casearupestrin C', '6α-malonyloxy-n-butyl ester manoyl oxide', 'citrusinine-I', 'Ricinine', 'Leptophyllin A', '5-pentadecylresorcinol', 'urauchimycin B', 'Homoegonol', '[8]-gingerol', '4-Hydroxymellein', '5-hydroxymellein', 'fraxinellonone', 'Dibenzyl sulphide', '(-)-Hardwickiic acid', ""5-[3''-(β-D-glucopyranosyloxy)propyl]-7-methoxy-2-(3',4'-methylenedioxyphenyl)benzofuran"", '28-O-β-D-glucopyranosyl quinovic acid', '2-Methyl-4-hydroxy-butyl caffeoate', 'N-1,N-2,N-3-Triisopentenylguanidine', 'Plumericin', '5-[8(Z),11(Z)-pentadecadienyl]resorcinol', '(-)-Spectalinine', '19,20-Epoxycytochalasin D', 'fumiquinozoline F', 'Kaempferol 3-O-α-L-rhamnopyranosyl (1→6)-O-[β -D-glucopyranosyl (1→3)-O-α-L-rhamnopyranosyl-(1→2)]-O-β -D-glucopyranosyl', '3β-O-[α-L-rhamnopyranosyl-(1→2)-O-β-D-glucopyranosyl-(1→2)-O-β-D-glucopyranosyl]-28-O-β-D-glucopyranoside pomolate', 'Dibenzyl tetrasulphide', ""2',5-dihydroxy-3-methoxy-8-dimethylallyl-6, 7-(2' ',2''-dimethylpyrano)-dihydroflavonol"", '2-n-nonyl-4-quinolone', 'Cytochalasin D', '2-methyl-5-[8(Z),11(Z),14-pentadecatrienyl]resorcinol', 'Netzahualcoyondiol', 'Pristimerin; 20α-3-hydroxy-2-oxo-24-nor-friedela-1-10,3,5,7-tetraen-carboxylic acid-29-methylester', '3,4,5-trimethoxyphenyl 1-O-β-D-apiofuranosyl-(1→6)-O-β-D-glucopyranoside', 'β-photogedunin', 'n-Butyl gallate', 'Caseobliquin A', 'Methyl angolensate', ""5-(3'' -Hydroxypropyl)-7-methoxy-2-(3',4' -methyl-enedioxyphenyl)benzofuran"", '22β-hydroxypristimerin', '1- (5,7-dihydroxy-2,2-dimethylchroman-6-yl)-3-(2,2-dimethylchroman- 6-yl)propan-1-one', 'Canavaline', 'Di-hydrodehydrodiconiferyl alcohol', 'Quercetin', ""2-(2'-O-trans-cinnamoyl)-C-β-D-glucopyranosyl-1,3,6,7-tetrahydroxyxanthone"", 'Piperol B', 'Alkenoic acid', 'Quercetin 3-O-α-L-rhamnopyranosyl (1→6)-O-[β -D-glucopyranosyl (1→3)-O-α-L-rhamnopyranosyl-(1→2)]-O-β -D-glucopyranosyl', 'Heveaflavone', 'Arboreumine', '3-Oxoursolic acid', 'Casearupestrin B', 'toonacilin', 'Pedalitin', 'urauchimycin A', 'p-Coumaric acid', '(-)-Epigallocatechin', 'Netzahualcoyonol', '1-[3-(3,7-dimethylocta-2,6-dien-1-yl)-2,4,6- trihydroxyphenyl]-3-(4-hydroxyphenyl)propan-1-one', '6α-malonyloxymanoyl oxide', 'Benzylhydroxymethyl sulphide', '1,6-di-O-caffeoyl-β-D-glucopyranoside', 'Phomopsilactone', ""(2S)-8-Isopentyl-2-methyl-2-(4'-methylpentyl)chroman-6-carboxylic acid"", '2,2-dimethyl-2H-chromene-6-carboxylic acid', '1,2-dihydro- 3β-hydroxy-7-deacetoxy-7-oxogedunin', 'Photogedunin', 'Casearin X; (1R*,3S*,5S*,6aR*,7S*,8S*,10R*,10aR*)-1-(Acetyloxy)-3,5,6,6a,7,8,9,10-octahydro-10-hydroxy-7,8-dimethyl-7-[(2Z)-3-methylpenta-2,4-dien-1-yl]naphtho[1,8a-c]furan-3,5-diyl Dibutanoate', 'Skimmianine', 'p-hydroxybenzoic acid-geranyl ester', 'Dibenzyl disulphide', ""5-[3''-(β-D-glucopyranosyloxy)propyl]-7-methoxy-2-(3',4'-dimethoxyphenyl)benzofuran"", '3,12-Dihydroxycadalene', '7-hydroxy-3- (11-dimethylallyl)-8-methoxycoumarin', ""N-[7-(3',4'-methylenedioxyphenyl)-2(Z),4(Z)-heptadienoyl]pyrrolidine"", ""Acteoside; [β-3,4-dihydroxyphenyl)-ethyl]-(3'-O-α-L-rhamnopyranosyl)-(4'-O-cafeoyl)-β-D-glycopyranoside, verbascoside"", '20-hydroxyecdysone; polypodine A', '3-Acetyl aleuritolic acid', 'Methyl-8-hydroxy-2,2-dimethylchroman-6-carboxylate', 'α-L-xylopyranosyl-(4""→20)-(3-O-β-D-glucopyranosyl)-1\'-O-E-caffeoyl-β-D-glucopyranoside', ""2-(R)-Methyl-6-(S)-(tetradecyl-13'-one)-3(R)-O-tert-butyldimethylsilyl-piperidine"", '(2S)-Methyl-2-methyl-8-(3""-methylbut-2""-enyl)-2-(4\'-methylpent-3\'-enyl)-2H-chromene-6-carboxylate', 'Casearin T', 'Piperyline, N-[10-(13,14-methylenedioxyphenyl)-7(E),9(E)-pentadienoyl]-pyrrolidine', 'ω-fenil alcanoic acid', '2-butyl-D-fructofuranoside', ""Gaudichaudianic acid; (2S)-2-methyl-2-(4'methyl-3'-pentenyl)-8-(3''-methyl-2-butenyl)- 2H-1-benzopyran-6-carboxylic acid"", 'limonexic acid', 'Di(benzyltrithio) methane', '1-O-(E)-feruloyl-β-D-glucopyranoside', '19,20-Epoxycytochalasin C', 'n-Pentyl gallate', 'Orcinol', 'Periconicin B', '24-methylene-3,22-dihydroxycholesterol', 'amorphispironone', 'Casearupestrin D', 'Chaetoglobosin B', ""2-(2'-O-benzoyl)-C-β-D-glucopyranosyl-1,3,6,7-tetrahydroxyxanthone"", 'Isoplumericin', 'N-[10-(13,14-methylenedioxyphenyl)-7(E),9(Z)-pentadienoyl]-pyrrolidine', '6-[8(Z)-pentadecenyl]salicylic acid', '(2S)-2-methyl-8-(3""-methylbut-2""-enyl)-2-(4\'-methylpent-3\'-enyl)-2H-chromene-6-carboxylic acid', 'Burchellin', '5-[8(Z)-pentadecenyl]resorcinol', 'Luteolin; 2-(3,4-dihydroxyphenyl)-5,7-dihydroxy-4H-chromen-4-one', 'Proanthocyanidin', 'neoisoastilbin', '(R)-7-Hydroxymellein', '6α-acetoxymanoyl oxide', '19,20-Epoxycytochalasin R', 'Muraxanthone', '6α-acetoxy-14β,15β-epoxyazadirone', 'epoxy-fraxinellone', '12′-hydroxy-7′-multijuguinone', 'Kaempferitrin', 'Nitensidine C', 'Dipropyl disulphide', '2-methyl-5-[8(Z),11(Z)-pentadecadienyl]resorcinol', 'Methyl 6,7,8-trimethoxydihydrocinnamate', '2-Hexyl-3-methyl-butanodioic acid', 'fraxinellone', '6-[ 8(Z),11(Z) -pentadecadienyl] salicylic acid', '3,11,12-Trihydroxycadalene', 'Quercetin 3-O-sophoroside', '(3R,4R)-3,4-Dihydro-4,6-dihydroxy-3-methyl-1-oxo-1H-isochromene-5-carboxylic acid', '11β-acetoxyobacunone', '1-(5,7-dihydroxy-2,2-dimethylchroman- 6-yl)-3-[4-hydroxy-3-(3-methylbut-2-en-1-yl)- phenyl]propan-1-one', '3,4,5-Triacetoxybenzoic acid', 'Odoratone', 'Rel-6β-hydroxyzuelanin-2β-benzoate', 'shidasterone', '5-hydroxymethyl- 2-furancarboxaldehyde; 5-hydroxymethyl-2-furfuraldehyde', 'atalaphyllinine', 'N-[10- (13,14-methylenedioxyphenyl)-7(E)-pentaenoyl]-pyrrolidine', '2-Methyl-5-methoxy-benzopyran-4-one', '3,4-dihydroxybenzoic acid geranyl ester', 'Gedunin', 'Pedalin, pedalitin 6-O-β -glucopyranoside', 'Caseargrewiin F; (1R*,3S*,5S*,6aR*,7S*,8R*,10R*,10aR*)-1,3-Bis(acetyloxy)-3,5,6,6a,7,8,9,10-octahydro-10-hydroxy-7,8-dimethyl-7-[(2Z)-3-methylpenta-2,4-dien-1-yl]naphtho[1,8a-c]furan-5-yl Butanoate', 'Sinapic acid', '19,20-Epoxycytochalasin Q', 'Methyl (E)-6,7,8-trimethoxycinnamate', '3,4,5-Trimethoxyphenyl-1-O-β-D-(5-O-syringoyl)-apiofuranosyl-(1→6)-β-D-glucopyranoside', '6-[8(Z),11(Z),14-pentadecatrienyl]salicylic acid', 'Sorbifolin', 'Casearin L; (1R*,3S*,5S*,6aR*,7R*,8R*,9S*,10S*,10aR*)-1,10-Bis(acetyloxy)-3,5,6,6a,7,8,9,10-octahydro-9-hydroxy-5-methoxy-7,8-dimethyl-7-[(2Z)-3-methylpenta-2,4-dien-1-yl]naphtho[1,8a-c]-furan-3-yl Butanoate', 'Platydesmine', 'Leiokinine A', 'Cabraleadiol', 'schaftoside', ""(2S)-Methyl-8-isopentyl-2-methyl-2-(4'-methylpentyl)chroman-6-carboxylate"", 'Casearupestrin A', '2-oxo-piperol B; (7S*, 8R*, 1R*, 3R*)-3,4,5-trimethoxy-3,7-cyclo-8,1-neolig-8-ene-2,4(3H)-dione', 'taxifolin', ""(2'S)-2-(propan-2'-ol)-5-hydroxy-benzopyran-4-one"", 'Rel-(+)-(7S,9R,10S)-3,9,12-trihydroxycalamenene', 'Casearin S', 'carlinoside', 'Methyl-8-(ethanoyloxy)-2,2-dimethyl-2H-chromene-6-carboxylate', '2β-Hydroxyzuelanin-6β-cinnamate', 'arjunolic acid', '(3R,4R)-4,7-Dihydroxymellein', ""Nitensoside B; Pedalitin 6-O-α-rhamnopyranosyl(1'''→6'')-β-glucopyranoside"", 'Methyl gallate', '3-O-β-D-quinovopyranosyl cincholic acid', 'Afzelin, 3-O-α-rhamnosyl kaempferol', 'Egonol', '4-Nerolidilcatechol', ""2-(2'-O-transcoumaroyl)-C-β-D-glucopyranosyl-1,3,6,7-tetrahydroxyxanthone"", 'Syringic acid', '(+)-3-O-feruloylcassine', 'Amentoflavone', '1-(5,7-dihydroxy-2,2-dimethylchroman-6-yl)-3-(1,1,4a-trimethyl-2,3,4,4a,9a-hexahydro-1H-xanthen-7-yl)propan-1-one', 'Viburgenin', ""Pterogynoside; Kaempferol-3-O-(3''-O-4'''-methylgallate-α-L-rhamnoside)"", 'Isobutyl gallate', '7′-multijuguinone', 'Griseofulvin', ""Nitensoside A; Sorbifolin 6-O-α-rhamnopyranosyl(1'''→6'')-β-glucopyranoside"", 'Casearin O; (1R*,3S*,5S*,6aR*,7R*,8R*,9S*,10S*,10aR*)-1,10-Bis(acetyloxy)-5-methoxy-7,8-dimethyl-7-[(2Z)-3-methylpenta-2,4-dien-1-yl]-3,5,6,6a,7,8,9,10-octahydronaphtho[1,8a-c]furan-3,9-diyl Dibutanoate', 'germacrene D', 'Salacin', '6-pentadecylsalicylic acid', 'Methyl-2,2-dimethylchroman-6-carboxylate', ""Myrsinoic acid A, 3-Geranyl-4-hydroxy-5-(3'',3''-dimethylallyl)benzoic acid"", '20α-Hydroxymaytenin; 20-hydroxy-20-epi-tingenone', '(-)-Epigallocatechin-3-O-gallate', 'Casearin D; (1R*,3S*,5S*,6aR*,7R*,8R*,9S*,10S*,10aR*)-1-(Acetyloxy)-3,5,6,6a,7,8,9,10-octahydro-5,10-dihydroxy-7,8-dimethyl-7-[(2Z)-3-methylpenta-2,4-dien-1-yl]naphtho[1,8a-c]furan-3,9-diyl Dibutanoate', 'Rel. (+)-(7S,10S) 3,12-dihydroxycalamenene', 'Tetrahydropiperyline, N-[10-(13,14-methylenedioxyphenyl)-pentanoyl]-pyrrolidine', 'Piperovatine', '2,4,6-trimethoxybenzoic acid', '1-O-(E)-caffeoyl-β-D-glucopyranoside', 'Gallic acid; 3,4,5-trihydroxybenzoic acid', 'Quercitrin, 3-O-α-rhamnosylquercetin', 'stachysterone', 'Ethyl 2,4-dihydroxy-5,6-dimethylbenzoate', 'Amentoflavone 7”,4”’-dimethyl ether', 'Picramnioside F', 'Lauryl gallate', 'Syringaldehyde', '22-hydroxytirucalla-7,24-diene-2,3-dione', 'Trans-3’-methylsulphonylallyl trans-cinnamate', '(3-(2-(4-hydroxyphenyl)-2-oxoethyl)-5,6-dihydropyridin- 2(1H)-one)', 'Mangiferin', '(−)-Grandisin', '24-methylenecycloartan-3b-ol', 'Ixoside', 'Cognatine', 'Fagaramide', 'Chalepin', 'Chlorogenic acid']]",doi_name
"['10.1016/S0031-9422(00)00323-X', 'Mayoside C']","['10.1016/S0031-9422(00)00323-X', ['guaiol', 'Hinesol', 'γ-eudesmol', 'α-eudesmol', '11-O-trans-feruloylteucrein', 'Teucrein', 'Apodanthoside', 'Galioside', 'Galioside aglicone', ""3',4'-methylenedioxy-5,6,7- trimethoxyflavone"", ""2'-hydroxy-3,4,4'-trimethoxy-5',6'-(2'',2''-dimethylpyrano)-chalcone"", ""3',4'-methylenedioxy-5,5',6,7-tetramethoxyflavone"", ""3',4'-methylenedioxy-5,7-dimethoxyflavone"", 'Mycoleptone A', '9-hydroxyeugenin', 'Austdiol diacetate', 'Eugenitin', 'Mycoleptone B', '6-methoxyeugenin', 'Austdiol', 'Mycoleptone A tetraacetate', 'Secoxyloganin', '7-Methoxydiderroside', ""6'-Acetyl-β-D-glucopyranosyldiderroside"", 'Diderroside', ""4-Methoxy-3-(3',7'-dimethylocta-2'-E-6'-dienyl)benzoic acid"", ""3-(3',7 '-dimethyl-2',6 '-octadienyl)-4-methoxy-benzoic acid"", 'Methyl-8-hydroxy-2,2-dimethyl-2H-chromene-6-carboxylate', 'Chlorogenic acid methyl ester, Methyl (1S,3R,4R,5R)-3-{[(2E)-3-(3,4-dihydroxyphenyl)-2-propenoyl]oxy}-1,4,5-trihydroxycyclohexanecarboxylate', '5,7-dimethoxy-2,2-dimethyl-2H-1-benzopyran-6-propanoate', ""Rel-(7R,8S,7'S,8'S)-9-hydroxy-4',5'-methylenedioxy-3,4,5,3'-tetramethoxy-7,7'-epoxylignan"", ""Rel-(7R,8S,7'S,8'S)-4'-hydroxy-3,4,5,3',5'-pentamethoxy-7,7'-epoxylignan"", ""Rel-(7R,8S,7'S,8'S)-4,5,4',5'-dimethylenedioxy-3,3'-dimethoxy-7,7'-epoxylignan"", ""Rel-(7R,8S,7'S,8'S)-4',5'-methylenedioxy-3,4,5,3'-tetramethoxy-7,7'-epoxylignan"", ""Rel-(7R,8S,7'S,8'S)-4-hydroxy-4',5'-methylenedioxy-3,5,3'-trimethoxy-7,7'-epoxylignan"", 'Epi-guaiacin', 'Verrucosin', '7-Methyl-sargachromenol; 2,7,8-Trimethyl-2-[(3-E,7-Z)-4,12-dimethyl-8-carboxyl-3,7,11-tridecatrienyl]-3-chromen-6-ol, β-caroteno', 'Nectandrin B', '(3Z,5Z)-N-isobutyl-8-(30,40-methylenedioxy-phenyl)-heptadienamide', 'Pellitorine', '4,5-dihydropiperlonguminine; Piperlonguminine', '(E)-piplartine', '(Z)-piplartine; 8(Z)-N-(12,13, 14-trimethoxycinnamoyl)- 3-pyridin-2-one', '4,5-dihydropiperyline', '8,9-dihydropiplartine; N-(12,13,14-trimethoxydihydrocinnamoyl)-Δ3-pyridin-2-one', '10,11-dihydropiperine; Δα,β-dihydropiperine', 'Piperine', ""N-[3-(6'-methoxy-3',4'-methy-lenedioxyphenyl)-2(Z)-propenoyl]pyrrolidine"", '(-)-3-O-acetyl-spectaline', 'Xanthyletin', '3,3-O-dimethylquercetin', '2α,3α,19α- trihydroxyurs-12-en-28-oic acid', 'penduletin 4-O-methyl ether', '2α,3α-dihydroxyolean-12- en-28-oic acid', 'p-hydroxybenzoic acid', 'acacetin', 'Chrysoeriol', '3-O-methylquercetin', '3,7,4-O-trimethylkaempferol', '2,3-dihydro-4,9-dihydroxy-2-(2-hydroxy-propan-2-yl)- 11-methoxy-10-methylfuro[3,2-b]acridin-5(10H)-one', 'Citibrasine', 'bis-5-hydroxyacronycine', '3,21-Di-epi-feroniellide B', '21β,25-dimethylmelianodiol', '21α,25-dimethylmelianodiol', 'Citrusinine-II', 'Citrusinine-I', '5-hydroxynoracronycine; Atalaphyllidine', 'Glycocitrine-I', '3,4-dihydro-3,5,8-trihydroxy-6-methoxy-2,2,7-trimethyl-2Hpyrano[ 2,3-a]acridin-12(7H)-one', '1,3,5-trihydroxy-4-methoxy-10-methyl- 2,8-bis(3-methylbut-2-enyl)acridin-9(10H)-one', 'Pyranofoline', '1,3,5-trihydroxy- 2,8-bis(3-methylbut-2-enyl)-10-methyl-9-acridone', 'Glycocitrine-IV', ""2-(3',4'-methylenedioxyphenylethyl)-Quinoline"", '2-n-Pentylquinoline', ""2-(1'-pentenyl)-Quinoline"", '2-n-Propylquinoline', 'cyclo (L)-Pro-Gly', 'Nilocetin', 'Hispidol A', 'cryptomeridiol', 'Pentaol', 'Oleanonic acid', '3,11-dioxoolean-12-en-28- onic acid', 'Iso-odoratol', 'Piscidinol A', 'Taraxerol acetate', '5,7-dimethoxy-2,2-dimethyl-2H-1-benzopyran-6-propanoic acid', 'Sargachromenol', '21´-(3,4-Methylenedioxyphenyl)-henicosanoic acid', ""7,4'-Dimethoxyflavone"", ""7,4'-Dihydroxyflavone"", '19´-(3,4-Methylenedioxyphenyl)-nonadecanoic acid', 'Farnisine', '(+)-Guaiacin', 'Sargaquinoic acid', '17-(3,4-Methylenedioxyphenyl)-heptadecanoic acid', 'Tithonine', 'Fasciculiferin', ""Juruenolic acid; 2-(4'-Methylpentenyl-3)-10-oxoundecan-2,6-dienoic acid"", 'Beauvericin', 'Anhydrofusarubin', ""Aduncumene; Methyl 2-methoxy-5-(3'-methyl-1'-oxo-2'-butenyl)benzoate"", ""4-Hydroxy-(3',7'-dimethyl-1'-oxo-octa-2'-Z-6'-dienyl)benzoic acid"", ""Methyl 4-hydroxy-3-(3'-methyl-2'-hydroxy-3'-butenyl)benzoate"", ""Methyl 4-hydroxy-3-(3'-methyl-2'-butenyl)benzoate"", 'Methyl 2,2-dimethyl-1-oxo-2H-1-benzopyran-6-carboxylate', 'Piperaduncine B', ""4-Hydroxy-3-(3',7'-dimethylocta-2'-E-6'-dienyl)benzoic acid"", ""Hostmaniene; 4-Hydroxy-3-(2',3'-dihydroxy-3'-methylbutyl)benzoate"", ""2',6'-Dihydroxy-4'-methoxydihydrochalcone"", '3,4,5-Trimethoxydihydrocinnamic acid', ""Methyl taboganate; Methyl 4-hydroxy-3-(3'-methyl-1'-oxo-2'-butenyl)benzoate"", 'Catechin, Ent-catechin', 'Kaempferol-3-O-rutinoside', 'Kaempferol-3-O-α-L-rhamnopyranosyl-(1→6)-β-D-galactopyranoside', 'Kaempferol-3-O-D-glucopyranoside', 'Kaempferol-3-O-α-L-rhamnopyranosyl-(1-6)-α-L-rhamnopyranosyl-(1-4)-β-D-glucopyranoside', 'Quercetin-3-O-α-L-rhamnopyranosyl-(1→6)-β-D-galactopyranoside', 'Kaempferol-3-O-D-galactopyranoside', '6-Hydroxy-rutin', 'Procyanidin B-3', ""1,4-Dihydroxy-2-(3',7'-dimethyl-1'-oxo-2'-E-6'-octadienyl)benzene"", ""Sakuranetin; 5,4'-dihydroxy-7-methoxyflavanone"", ""4-Hydroxy-(3',7'-dimethyl-1'-oxo-octa-2'-E-6'-dienyl)benzoic acid"", ""4-Hydroxy-3-(3',7'-dimethyl-3'-hydroxy-1'-oxo-6'-octenyl)benzoic acid"", ""Isosakuranetin; 5,7-dihydroxy-4'-methoxyflavanone"", 'Tagitinin C', '1-methoxy-3-hydroxy-3,10b-4,5a-diepoxy-8b-isobutyroyloxygermacr-11(13)-en-6a,12-olide', 'Stearic acid 4-pentoyloxyphenethyl ester', 'Methyl (3R,4R,5R)-3-{[(2Z)-3-(3,4-dihydroxyphenyl)-2-propenoyl]oxy}-1,4,5-trihydroxycyclohexanecarboxylate', 'Methyl (3R,4R,5R)-3-{[(2E)-3-(3,4-dihydroxyphenyl)-2-propenoyl]oxy}-1,4,5-trihydroxycyclohexanecarboxylate', 'astilbin; Rel-(2R, 3R)-dihydroquercetin-3-O-±-L-rhamnoside', '(+)-Erythravine', '(+)-11α-Hydroxyerythravine', '(+)-α-Hydroxyerysotrine', 'α-Gardiol', 'Ferulic acid', 'β-Gardiol', 'Aphidicolin', ""3,4-dimethyl-2-(4'-hydroxy-3',5'-dimethoxyphenyl)-5-methoxy-tetrahydrofuran"", 'Isopimpinellin', '2-Episesalatin', ""Isoswertisin-2''α1-L-rhamnoside"", 'Sesartemin', 'Clusifoliol', ""Isoswertisin-4'-methyl-ether-2''α-L-rhamnoside"", ""3',4',5',3,5,7,8-heptamethoxyflavone"", ""3,5,6,7,3',4',5'-heptamethoxyflavonol"", 'Nitensidine E', 'Nitensidine D', '(22E,24R)-ergosta-4,6,8(14),22-tetraen-3-one', 'Ergosterol peroxide', 'Dimethyl terephthalate', '8-hydroxy-6-methoxy-3-methylisocoumarin', 'Pimara-7,15-dien-3β-ol', 'Cordifoline', 'Harman-3-carboxylic acid', 'Turbinatine', '3,4-dehydrostrictosidine acid', 'Strictosidine acid', '5α-carboxystrictosidine', '3,4-dehydro-strictosidine', 'Deoxycordifoline', 'β-caryophyllene, trans-caryophyllene', '4-metoxi-6-[2-(metilamino)fenil]- 2H-piran-2-ona', 'Methacrylic acid', 'Cusculine; 1,2,3,5,6-pentamethoxy-9-acridone', 'Cuspanine; 1-hydroxy-2,3,5,6-tetramethoxy-9-acridone', '2α,3α-Dihydroxy-urs-12-en-28-oic acid', '3-O-β-D-(6’-methyl)-glucopyranosyl-28-O-β-D-glucopyranosyl-oleanate', 'Oleanolic acid 3-sophoroside', 'Haplotusine', '5-hydroxyflavone', 'β-Sitosterol benzoate', '2-phenyl-4H-chromen-4-one', 'Sinapyl 4-O-β-D-glucopyranoside aldehyde', 'Sinapyl 4-O-β-D-glucopyranoside alcohol', 'Liriodenine', 'N-acetylnonaine', '[10]-gingerol', ""2,4-Dihydroxy-6-[(1'E,3'E)-penta-1', 3'-dienyl]-benzaldehyde"", 'Nitensidine A', '2-methyl-5-[8(Z)-pentadecenyl]resorcinol', '2-hydroxyphenylacetic acid', 'scillascillin', 'Kokusaginine', ""2-(2'-O-trans-caffeoyl)-C-β-D-glucopyranosyl-1,3,6,7-tetrahydroxyxanthone"", 'Netzahualcoyene', 'Casearin X Dialdehyde; (2R*,4aS*,5S*,7R*,8R*,8aS*)-4,4a-Diformyl-1,2,4a,5,6,7,8,8a-octahydro-5-hydroxy-7,8-dimethyl-8-[(2Z)-3-methylpenta-2,4-dien-1-yl]naphthalen-2-yl Butanoate', 'polypodine B', 'n-Propyl gallate', ""3',4',5',5,7,8-hexamethoxyflavone"", 'Isopropyl gallate', '6β-hydroxy-7-epigardoside methyl ester', 'Tetrahydropiperyline, N-[10-(13,14-methylenedioxyphenyl)-pentanoyl]-pyrrolidine', ""8-hydroxy-3,5,7,3',4',5'-hexamethoxyflavonol"", 'Odoratol', 'Leptomerine', '5-hydroxy-N-methylseverifoline', '19,20-Epoxycytochalasin N', 'ellagic acid 4-O-α-L-rhamnopyranoside; eschweilenol C', 'Mayoside C', 'Ourateacatechin', ""3',4',5',5,7-pentamethoxyflavone"", '2-methyl-5-pentadecylresorcinol', '3β-hydroxy-stigmast-5-en-7-one; 24-β-7-oxositosterol', '(±)-Syringaresinol', 'Cyclo-(L-Pro-L-Val)', 'Acetonide of odoratol', '(−)-Grandisin', '24-methylenecycloartan-3b-ol', 'fraxinellonone', 'Dibenzyl sulphide', ""Methyl-2,2-dimethyl-8-(3'-methylbut-2'-enyl)chroman-6-carboxylate"", '2,7-Di-O-acetylcasearupestrin A', 'Nitensidine B', '1-methyl-2-n-nonyl-4-quinolone', '5-[8(Z),11(Z),14-pentadecatrienyl]resorcinol', 'Piperol B', '(-)-Hardwickiic acid', ""5-[3''-(β-D-glucopyranosyloxy)propyl]-7-methoxy-2-(3',4'-methylenedioxyphenyl)benzofuran"", '28-O-β-D-glucopyranosyl quinovic acid', '2-Methyl-4-hydroxy-butyl caffeoate', 'N-1,N-2,N-3-Triisopentenylguanidine', 'Dibenzyl trisulphide', 'Maytenin, Tingenone', '3-O-β-D-quinovopyranosyl quinovic acid', 'Sorbifolin 6-O-β-glucopyranoside', 'Rel-2α-hydroxyzuelanin-6β-benzoate', '2,6-di-O-acetylcasearupestrin D', 'Maculosidine', 'Podocarpusflavone A', 'Casearupestrin C', '6α-malonyloxy-n-butyl ester manoyl oxide', 'citrusinine-I', 'Ricinine', 'Leptophyllin A', '5-pentadecylresorcinol', 'urauchimycin B', 'Homoegonol', '[8]-gingerol', '4-Hydroxymellein', '5-hydroxymellein', '2-n-nonyl-4-quinolone', 'Cytochalasin D', 'Isoorientin', 'Uracil', 'urauchimycin A', 'Caseobliquin A', 'Methyl angolensate', ""5-(3'' -Hydroxypropyl)-7-methoxy-2-(3',4' -methyl-enedioxyphenyl)benzofuran"", '22β-hydroxypristimerin', '1- (5,7-dihydroxy-2,2-dimethylchroman-6-yl)-3-(2,2-dimethylchroman- 6-yl)propan-1-one', 'Canavaline', 'Di-hydrodehydrodiconiferyl alcohol', 'Quercetin', ""2-(2'-O-trans-cinnamoyl)-C-β-D-glucopyranosyl-1,3,6,7-tetrahydroxyxanthone"", 'Ocotillone', 'des-N-methylnoracronycine', 'Pristimerin; 20α-3-hydroxy-2-oxo-24-nor-friedela-1-10,3,5,7-tetraen-carboxylic acid-29-methylester', '3,4,5-trimethoxyphenyl 1-O-β-D-apiofuranosyl-(1→6)-O-β-D-glucopyranoside', 'β-photogedunin', 'n-Butyl gallate', ""5-[3''-(β-D-glucopyranosyloxy)propyl]-7-methoxy-2-(3',4'-dimethoxyphenyl)benzofuran"", '3,12-Dihydroxycadalene', '(-) Cis-4-hydroxy-6-deoxyscytalone', 'Plumericin', '5-[8(Z),11(Z)-pentadecadienyl]resorcinol', '(-)-Spectalinine', '19,20-Epoxycytochalasin D', 'fumiquinozoline F', 'Kaempferol 3-O-α-L-rhamnopyranosyl (1→6)-O-[β -D-glucopyranosyl (1→3)-O-α-L-rhamnopyranosyl-(1→2)]-O-β -D-glucopyranosyl', '3β-O-[α-L-rhamnopyranosyl-(1→2)-O-β-D-glucopyranosyl-(1→2)-O-β-D-glucopyranosyl]-28-O-β-D-glucopyranoside pomolate', 'Dibenzyl tetrasulphide', ""2',5-dihydroxy-3-methoxy-8-dimethylallyl-6, 7-(2' ',2''-dimethylpyrano)-dihydroflavonol"", 'Arboreumine', '3-Oxoursolic acid', 'Casearupestrin B', 'toonacilin', 'Pedalitin', '1-O-(E)-feruloyl-β-D-glucopyranoside', '19,20-Epoxycytochalasin C', 'p-Coumaric acid', '(-)-Epigallocatechin', 'Netzahualcoyonol', '1-[3-(3,7-dimethylocta-2,6-dien-1-yl)-2,4,6- trihydroxyphenyl]-3-(4-hydroxyphenyl)propan-1-one', '6α-malonyloxymanoyl oxide', 'Benzylhydroxymethyl sulphide', '1,6-di-O-caffeoyl-β-D-glucopyranoside', '2-methyl-5-[8(Z),11(Z),14-pentadecatrienyl]resorcinol', 'Netzahualcoyondiol', '1,2-dihydro- 3β-hydroxy-7-deacetoxy-7-oxogedunin', 'Photogedunin', 'Casearin X; (1R*,3S*,5S*,6aR*,7S*,8S*,10R*,10aR*)-1-(Acetyloxy)-3,5,6,6a,7,8,9,10-octahydro-10-hydroxy-7,8-dimethyl-7-[(2Z)-3-methylpenta-2,4-dien-1-yl]naphtho[1,8a-c]furan-3,5-diyl Dibutanoate', 'α-L-xylopyranosyl-(4""→20)-(3-O-β-D-glucopyranosyl)-1\'-O-E-caffeoyl-β-D-glucopyranoside', ""2-(R)-Methyl-6-(S)-(tetradecyl-13'-one)-3(R)-O-tert-butyldimethylsilyl-piperidine"", '(2S)-Methyl-2-methyl-8-(3""-methylbut-2""-enyl)-2-(4\'-methylpent-3\'-enyl)-2H-chromene-6-carboxylate', 'Casearin T', 'Piperyline, N-[10-(13,14-methylenedioxyphenyl)-7(E),9(E)-pentadienoyl]-pyrrolidine', '7-hydroxy-3- (11-dimethylallyl)-8-methoxycoumarin', ""N-[7-(3',4'-methylenedioxyphenyl)-2(Z),4(Z)-heptadienoyl]pyrrolidine"", ""Acteoside; [β-3,4-dihydroxyphenyl)-ethyl]-(3'-O-α-L-rhamnopyranosyl)-(4'-O-cafeoyl)-β-D-glycopyranoside, verbascoside"", '20-hydroxyecdysone; polypodine A', '3-Acetyl aleuritolic acid', 'Alkenoic acid', 'Quercetin 3-O-α-L-rhamnopyranosyl (1→6)-O-[β -D-glucopyranosyl (1→3)-O-α-L-rhamnopyranosyl-(1→2)]-O-β -D-glucopyranosyl', 'Heveaflavone', 'Skimmianine', 'p-hydroxybenzoic acid-geranyl ester', 'Dibenzyl disulphide', 'Proanthocyanidin', 'neoisoastilbin', '(R)-7-Hydroxymellein', '6α-acetoxymanoyl oxide', 'Methyl-8-hydroxy-2,2-dimethylchroman-6-carboxylate', 'Di(benzyltrithio) methane', '3,11,12-Trihydroxycadalene', 'n-Pentyl gallate', 'Orcinol', 'Periconicin B', 'Phomopsilactone', ""(2S)-8-Isopentyl-2-methyl-2-(4'-methylpentyl)chroman-6-carboxylic acid"", '2,2-dimethyl-2H-chromene-6-carboxylic acid', 'amorphispironone', 'Casearupestrin D', 'Chaetoglobosin B', ""2-(2'-O-benzoyl)-C-β-D-glucopyranosyl-1,3,6,7-tetrahydroxyxanthone"", 'Isoplumericin', 'N-[10-(13,14-methylenedioxyphenyl)-7(E),9(Z)-pentadienoyl]-pyrrolidine', '6-[8(Z)-pentadecenyl]salicylic acid', '(2S)-2-methyl-8-(3""-methylbut-2""-enyl)-2-(4\'-methylpent-3\'-enyl)-2H-chromene-6-carboxylic acid', 'Burchellin', '5-[8(Z)-pentadecenyl]resorcinol', 'Luteolin; 2-(3,4-dihydroxyphenyl)-5,7-dihydroxy-4H-chromen-4-one', 'Sinapic acid', 'ω-fenil alcanoic acid', '2-butyl-D-fructofuranoside', ""Gaudichaudianic acid; (2S)-2-methyl-2-(4'methyl-3'-pentenyl)-8-(3''-methyl-2-butenyl)- 2H-1-benzopyran-6-carboxylic acid"", 'limonexic acid', '19,20-Epoxycytochalasin R', 'Muraxanthone', '6α-acetoxy-14β,15β-epoxyazadirone', 'epoxy-fraxinellone', '12′-hydroxy-7′-multijuguinone', 'Kaempferitrin', 'Nitensidine C', 'Dipropyl disulphide', '2-methyl-5-[8(Z),11(Z)-pentadecadienyl]resorcinol', 'Methyl 6,7,8-trimethoxydihydrocinnamate', '2-Hexyl-3-methyl-butanodioic acid', 'fraxinellone', '6-[ 8(Z),11(Z) -pentadecadienyl] salicylic acid', 'Quercetin 3-O-sophoroside', '(3R,4R)-3,4-Dihydro-4,6-dihydroxy-3-methyl-1-oxo-1H-isochromene-5-carboxylic acid', '24-methylene-3,22-dihydroxycholesterol', '3,4,5-Triacetoxybenzoic acid', 'Odoratone', 'Rel-6β-hydroxyzuelanin-2β-benzoate', 'shidasterone', '5-hydroxymethyl- 2-furancarboxaldehyde; 5-hydroxymethyl-2-furfuraldehyde', 'atalaphyllinine', 'N-[10- (13,14-methylenedioxyphenyl)-7(E)-pentaenoyl]-pyrrolidine', '2-Methyl-5-methoxy-benzopyran-4-one', '3,4-dihydroxybenzoic acid geranyl ester', 'Gedunin', 'Pedalin, pedalitin 6-O-β -glucopyranoside', 'Caseargrewiin F; (1R*,3S*,5S*,6aR*,7S*,8R*,10R*,10aR*)-1,3-Bis(acetyloxy)-3,5,6,6a,7,8,9,10-octahydro-10-hydroxy-7,8-dimethyl-7-[(2Z)-3-methylpenta-2,4-dien-1-yl]naphtho[1,8a-c]furan-5-yl Butanoate', 'Casearin L; (1R*,3S*,5S*,6aR*,7R*,8R*,9S*,10S*,10aR*)-1,10-Bis(acetyloxy)-3,5,6,6a,7,8,9,10-octahydro-9-hydroxy-5-methoxy-7,8-dimethyl-7-[(2Z)-3-methylpenta-2,4-dien-1-yl]naphtho[1,8a-c]-furan-3-yl Butanoate', 'Platydesmine', 'Leiokinine A', '19,20-Epoxycytochalasin Q', ""Nitensoside A; Sorbifolin 6-O-α-rhamnopyranosyl(1'''→6'')-β-glucopyranoside"", 'Cabraleadiol', 'schaftoside', ""(2S)-Methyl-8-isopentyl-2-methyl-2-(4'-methylpentyl)chroman-6-carboxylate"", 'Casearupestrin A', '2-oxo-piperol B; (7S*, 8R*, 1R*, 3R*)-3,4,5-trimethoxy-3,7-cyclo-8,1-neolig-8-ene-2,4(3H)-dione', 'taxifolin', ""(2'S)-2-(propan-2'-ol)-5-hydroxy-benzopyran-4-one"", 'Rel-(+)-(7S,9R,10S)-3,9,12-trihydroxycalamenene', 'Casearin S', '11β-acetoxyobacunone', '1-(5,7-dihydroxy-2,2-dimethylchroman- 6-yl)-3-[4-hydroxy-3-(3-methylbut-2-en-1-yl)- phenyl]propan-1-one', '(3R,4R)-4,7-Dihydroxymellein', ""Nitensoside B; Pedalitin 6-O-α-rhamnopyranosyl(1'''→6'')-β-glucopyranoside"", 'Methyl gallate', '3-O-β-D-quinovopyranosyl cincholic acid', 'Methyl-8-(ethanoyloxy)-2,2-dimethyl-2H-chromene-6-carboxylate', '2β-Hydroxyzuelanin-6β-cinnamate', 'arjunolic acid', 'stachysterone', 'Afzelin, 3-O-α-rhamnosyl kaempferol', 'Egonol', '4-Nerolidilcatechol', ""2-(2'-O-transcoumaroyl)-C-β-D-glucopyranosyl-1,3,6,7-tetrahydroxyxanthone"", 'Syringic acid', '(+)-3-O-feruloylcassine', 'Amentoflavone', '1-(5,7-dihydroxy-2,2-dimethylchroman-6-yl)-3-(1,1,4a-trimethyl-2,3,4,4a,9a-hexahydro-1H-xanthen-7-yl)propan-1-one', 'Methyl (E)-6,7,8-trimethoxycinnamate', '3,4,5-Trimethoxyphenyl-1-O-β-D-(5-O-syringoyl)-apiofuranosyl-(1→6)-β-D-glucopyranoside', '6-[8(Z),11(Z),14-pentadecatrienyl]salicylic acid', 'Sorbifolin', 'Isobutyl gallate', '7′-multijuguinone', 'Griseofulvin', ""7-Hydroxy-4',6-dimethoxyisoflavone; Afrormosin; Afromosin"", '8-methoxymellein', 'Casearin O; (1R*,3S*,5S*,6aR*,7R*,8R*,9S*,10S*,10aR*)-1,10-Bis(acetyloxy)-5-methoxy-7,8-dimethyl-7-[(2Z)-3-methylpenta-2,4-dien-1-yl]-3,5,6,6a,7,8,9,10-octahydronaphtho[1,8a-c]furan-3,9-diyl Dibutanoate', 'germacrene D', 'Salacin', '6-pentadecylsalicylic acid', 'Methyl-2,2-dimethylchroman-6-carboxylate', ""Myrsinoic acid A, 3-Geranyl-4-hydroxy-5-(3'',3''-dimethylallyl)benzoic acid"", '20α-Hydroxymaytenin; 20-hydroxy-20-epi-tingenone', '(-)-Epigallocatechin-3-O-gallate', 'Casearin D; (1R*,3S*,5S*,6aR*,7R*,8R*,9S*,10S*,10aR*)-1-(Acetyloxy)-3,5,6,6a,7,8,9,10-octahydro-5,10-dihydroxy-7,8-dimethyl-7-[(2Z)-3-methylpenta-2,4-dien-1-yl]naphtho[1,8a-c]furan-3,9-diyl Dibutanoate', 'Rel. (+)-(7S,10S) 3,12-dihydroxycalamenene', 'carlinoside', 'Piperovatine', '2,4,6-trimethoxybenzoic acid', '1-O-(E)-caffeoyl-β-D-glucopyranoside', 'Gallic acid; 3,4,5-trihydroxybenzoic acid', 'Quercitrin, 3-O-α-rhamnosylquercetin', 'Ethyl 2,4-dihydroxy-5,6-dimethylbenzoate', 'Amentoflavone 7”,4”’-dimethyl ether', 'Picramnioside F', 'Lauryl gallate', 'Syringaldehyde', '22-hydroxytirucalla-7,24-diene-2,3-dione', 'Trans-3’-methylsulphonylallyl trans-cinnamate', '(3-(2-(4-hydroxyphenyl)-2-oxoethyl)-5,6-dihydropyridin- 2(1H)-one)', 'Mangiferin', 'Viburgenin', ""Pterogynoside; Kaempferol-3-O-(3''-O-4'''-methylgallate-α-L-rhamnoside)"", 'Ixoside', 'Cognatine', 'Fagaramide', 'Chalepin', 'Chlorogenic acid', '(4R)-4,8-dihydroxy-α-tetralone', 'Kaempferol']]",doi_name
"['10.1590/S0103-50532002000100019', 'neoisoastilbin']","['10.1590/S0103-50532002000100019', [""3',4',5',3,5,7,8-heptamethoxyflavone"", ""3,5,6,7,3',4',5'-heptamethoxyflavonol"", 'γ-eudesmol', 'guaiol', 'Hinesol', 'α-eudesmol', 'Teucrein', '11-O-trans-feruloylteucrein', 'Galioside aglicone', 'Apodanthoside', 'Galioside', 'Ergosterol peroxide', '(22E,24R)-ergosta-4,6,8(14),22-tetraen-3-one', '8-hydroxy-6-methoxy-3-methylisocoumarin', 'Dimethyl terephthalate', 'Pimara-7,15-dien-3β-ol', 'Beauvericin', 'Anhydrofusarubin', 'Kaempferol-3-O-D-glucopyranoside', '6-Hydroxy-rutin', 'Kaempferol-3-O-D-galactopyranoside', 'Quercetin-3-O-α-L-rhamnopyranosyl-(1→6)-β-D-galactopyranoside', 'Procyanidin B-3', 'Kaempferol-3-O-α-L-rhamnopyranosyl-(1-6)-α-L-rhamnopyranosyl-(1-4)-β-D-glucopyranoside', 'Kaempferol-3-O-α-L-rhamnopyranosyl-(1→6)-β-D-galactopyranoside', 'Catechin, Ent-catechin', 'Kaempferol-3-O-rutinoside', ""4-Hydroxy-3-(3',7'-dimethyl-3'-hydroxy-1'-oxo-6'-octenyl)benzoic acid"", ""Isosakuranetin; 5,7-dihydroxy-4'-methoxyflavanone"", ""Sakuranetin; 5,4'-dihydroxy-7-methoxyflavanone"", ""1,4-Dihydroxy-2-(3',7'-dimethyl-1'-oxo-2'-E-6'-octadienyl)benzene"", ""4-Hydroxy-(3',7'-dimethyl-1'-oxo-octa-2'-E-6'-dienyl)benzoic acid"", ""3,4-dimethyl-2-(4'-hydroxy-3',5'-dimethoxyphenyl)-5-methoxy-tetrahydrofuran"", 'Chlorogenic acid methyl ester, Methyl (1S,3R,4R,5R)-3-{[(2E)-3-(3,4-dihydroxyphenyl)-2-propenoyl]oxy}-1,4,5-trihydroxycyclohexanecarboxylate', 'Methyl (3R,4R,5R)-3-{[(2Z)-3-(3,4-dihydroxyphenyl)-2-propenoyl]oxy}-1,4,5-trihydroxycyclohexanecarboxylate', 'Methyl (3R,4R,5R)-3-{[(2E)-3-(3,4-dihydroxyphenyl)-2-propenoyl]oxy}-1,4,5-trihydroxycyclohexanecarboxylate', '(+)-Erythravine', '(+)-11α-Hydroxyerythravine', '(+)-α-Hydroxyerysotrine', '4-metoxi-6-[2-(metilamino)fenil]- 2H-piran-2-ona', '5,7-dimethoxy-2,2-dimethyl-2H-1-benzopyran-6-propanoic acid', '2-Episesalatin', ""Isoswertisin-2''α1-L-rhamnoside"", 'Sesartemin', ""Isoswertisin-4'-methyl-ether-2''α-L-rhamnoside"", 'Clusifoliol', 'astilbin; Rel-(2R, 3R)-dihydroquercetin-3-O-±-L-rhamnoside', 'penduletin 4-O-methyl ether', '2α,3α,19α- trihydroxyurs-12-en-28-oic acid', '3,3-O-dimethylquercetin', '2α,3α-dihydroxyolean-12- en-28-oic acid', '3-O-methylquercetin', 'Chrysoeriol', 'acacetin', '3,7,4-O-trimethylkaempferol', 'p-hydroxybenzoic acid', '17-(3,4-Methylenedioxyphenyl)-heptadecanoic acid', 'Farnisine', '19´-(3,4-Methylenedioxyphenyl)-nonadecanoic acid', ""7,4'-Dihydroxyflavone"", 'Tithonine', ""7,4'-Dimethoxyflavone"", 'Sargaquinoic acid', 'Sargachromenol', ""Juruenolic acid; 2-(4'-Methylpentenyl-3)-10-oxoundecan-2,6-dienoic acid"", 'Fasciculiferin', '21´-(3,4-Methylenedioxyphenyl)-henicosanoic acid', '(+)-Guaiacin', 'Aphidicolin', 'Turbinatine', 'Strictosidine acid', '3,4-dehydro-strictosidine', 'Harman-3-carboxylic acid', 'Cordifoline', '3,4-dehydrostrictosidine acid', '5α-carboxystrictosidine', 'Deoxycordifoline', 'Nitensidine E', 'Nitensidine D', 'Hispidol A', 'Nilocetin', 'Oleanonic acid', 'Iso-odoratol', 'cryptomeridiol', 'Pentaol', '3,11-dioxoolean-12-en-28- onic acid', 'Piscidinol A', ""Methyl 4-hydroxy-3-(3'-methyl-2'-hydroxy-3'-butenyl)benzoate"", ""4-Hydroxy-(3',7'-dimethyl-1'-oxo-octa-2'-Z-6'-dienyl)benzoic acid"", ""Aduncumene; Methyl 2-methoxy-5-(3'-methyl-1'-oxo-2'-butenyl)benzoate"", ""4-Hydroxy-3-(3',7'-dimethylocta-2'-E-6'-dienyl)benzoic acid"", '3,4,5-Trimethoxydihydrocinnamic acid', ""Methyl 4-hydroxy-3-(3'-methyl-2'-butenyl)benzoate"", ""Hostmaniene; 4-Hydroxy-3-(2',3'-dihydroxy-3'-methylbutyl)benzoate"", ""2',6'-Dihydroxy-4'-methoxydihydrochalcone"", ""Methyl taboganate; Methyl 4-hydroxy-3-(3'-methyl-1'-oxo-2'-butenyl)benzoate"", 'Methyl 2,2-dimethyl-1-oxo-2H-1-benzopyran-6-carboxylate', 'Piperaduncine B', 'Taraxerol acetate', '5,7-dimethoxy-2,2-dimethyl-2H-1-benzopyran-6-propanoate', '21β,25-dimethylmelianodiol', '21α,25-dimethylmelianodiol', '3,21-Di-epi-feroniellide B', 'Methacrylic acid', '1-methoxy-3-hydroxy-3,10b-4,5a-diepoxy-8b-isobutyroyloxygermacr-11(13)-en-6a,12-olide', 'Tagitinin C', '9-hydroxyeugenin', 'Mycoleptone A', 'Eugenitin', 'Austdiol', 'Mycoleptone B', '6-methoxyeugenin', 'Mycoleptone A tetraacetate', 'Austdiol diacetate', '(-)-3-O-acetyl-spectaline', ""3',4'-methylenedioxy-5,5',6,7-tetramethoxyflavone"", ""2'-hydroxy-3,4,4'-trimethoxy-5',6'-(2'',2''-dimethylpyrano)-chalcone"", ""3',4'-methylenedioxy-5,6,7- trimethoxyflavone"", ""3',4'-methylenedioxy-5,7-dimethoxyflavone"", '3,4-dihydro-3,5,8-trihydroxy-6-methoxy-2,2,7-trimethyl-2Hpyrano[ 2,3-a]acridin-12(7H)-one', 'Citrusinine-I', 'Glycocitrine-IV', '5-hydroxynoracronycine; Atalaphyllidine', '1,3,5-trihydroxy- 2,8-bis(3-methylbut-2-enyl)-10-methyl-9-acridone', 'Citrusinine-II', 'Pyranofoline', 'Glycocitrine-I', '1,3,5-trihydroxy-4-methoxy-10-methyl- 2,8-bis(3-methylbut-2-enyl)acridin-9(10H)-one', 'bis-5-hydroxyacronycine', 'Citibrasine', '2,3-dihydro-4,9-dihydroxy-2-(2-hydroxy-propan-2-yl)- 11-methoxy-10-methylfuro[3,2-b]acridin-5(10H)-one', 'Stearic acid 4-pentoyloxyphenethyl ester', 'Xanthyletin', 'Secoxyloganin', ""6'-Acetyl-β-D-glucopyranosyldiderroside"", 'Diderroside', '7-Methoxydiderroside', '2-n-Pentylquinoline', ""2-(1'-pentenyl)-Quinoline"", ""2-(3',4'-methylenedioxyphenylethyl)-Quinoline"", '2-n-Propylquinoline', ""Rel-(7R,8S,7'S,8'S)-4,5,4',5'-dimethylenedioxy-3,3'-dimethoxy-7,7'-epoxylignan"", ""Rel-(7R,8S,7'S,8'S)-4',5'-methylenedioxy-3,4,5,3'-tetramethoxy-7,7'-epoxylignan"", ""Rel-(7R,8S,7'S,8'S)-4'-hydroxy-3,4,5,3',5'-pentamethoxy-7,7'-epoxylignan"", ""Rel-(7R,8S,7'S,8'S)-9-hydroxy-4',5'-methylenedioxy-3,4,5,3'-tetramethoxy-7,7'-epoxylignan"", ""Rel-(7R,8S,7'S,8'S)-4-hydroxy-4',5'-methylenedioxy-3,5,3'-trimethoxy-7,7'-epoxylignan"", 'cyclo (L)-Pro-Gly', 'Isopimpinellin', 'β-Gardiol', 'Ferulic acid', 'α-Gardiol', 'Epi-guaiacin', 'Verrucosin', '7-Methyl-sargachromenol; 2,7,8-Trimethyl-2-[(3-E,7-Z)-4,12-dimethyl-8-carboxyl-3,7,11-tridecatrienyl]-3-chromen-6-ol, β-caroteno', 'Nectandrin B', ""3-(3',7 '-dimethyl-2',6 '-octadienyl)-4-methoxy-benzoic acid"", ""4-Methoxy-3-(3',7'-dimethylocta-2'-E-6'-dienyl)benzoic acid"", 'Methyl-8-hydroxy-2,2-dimethyl-2H-chromene-6-carboxylate', 'Pellitorine', '(3Z,5Z)-N-isobutyl-8-(30,40-methylenedioxy-phenyl)-heptadienamide', '(Z)-piplartine; 8(Z)-N-(12,13, 14-trimethoxycinnamoyl)- 3-pyridin-2-one', '4,5-dihydropiperlonguminine; Piperlonguminine', ""N-[3-(6'-methoxy-3',4'-methy-lenedioxyphenyl)-2(Z)-propenoyl]pyrrolidine"", '8,9-dihydropiplartine; N-(12,13,14-trimethoxydihydrocinnamoyl)-Δ3-pyridin-2-one', '4,5-dihydropiperyline', '10,11-dihydropiperine; Δα,β-dihydropiperine', 'Piperine', '(E)-piplartine', 'β-caryophyllene, trans-caryophyllene', 'Cusculine; 1,2,3,5,6-pentamethoxy-9-acridone', 'Cuspanine; 1-hydroxy-2,3,5,6-tetramethoxy-9-acridone', '2α,3α-Dihydroxy-urs-12-en-28-oic acid', '3-O-β-D-(6’-methyl)-glucopyranosyl-28-O-β-D-glucopyranosyl-oleanate', 'Oleanolic acid 3-sophoroside', '5-hydroxyflavone', '2-phenyl-4H-chromen-4-one', 'β-Sitosterol benzoate', 'Haplotusine', 'Sinapyl 4-O-β-D-glucopyranoside aldehyde', 'N-acetylnonaine', 'Liriodenine', 'Sinapyl 4-O-β-D-glucopyranoside alcohol', '[10]-gingerol', ""2,4-Dihydroxy-6-[(1'E,3'E)-penta-1', 3'-dienyl]-benzaldehyde"", '2-methyl-5-[8(Z)-pentadecenyl]resorcinol', 'Nitensidine A', '2-hydroxyphenylacetic acid', '3-O-β-D-quinovopyranosyl quinovic acid', ""8-hydroxy-3,5,7,3',4',5'-hexamethoxyflavonol"", 'Odoratol', 'Kaempferol', '3β-hydroxy-stigmast-5-en-7-one; 24-β-7-oxositosterol', 'scillascillin', '(4R)-4,8-dihydroxy-α-tetralone', 'Skimmianine', 'p-hydroxybenzoic acid-geranyl ester', 'Dibenzyl disulphide', 'Proanthocyanidin', 'Sorbifolin 6-O-β-glucopyranoside', 'Rel-2α-hydroxyzuelanin-6β-benzoate', '2,6-di-O-acetylcasearupestrin D', ""Methyl-2,2-dimethyl-8-(3'-methylbut-2'-enyl)chroman-6-carboxylate"", 'Leptomerine', '5-hydroxy-N-methylseverifoline', '19,20-Epoxycytochalasin N', 'ellagic acid 4-O-α-L-rhamnopyranoside; eschweilenol C', 'Mayoside C', 'Ourateacatechin', ""3',4',5',5,7-pentamethoxyflavone"", '2-methyl-5-pentadecylresorcinol', '(±)-Syringaresinol', 'Cyclo-(L-Pro-L-Val)', 'Acetonide of odoratol', '(−)-Grandisin', 'Maculosidine', 'Podocarpusflavone A', 'Casearupestrin C', '6α-malonyloxy-n-butyl ester manoyl oxide', 'citrusinine-I', 'Ricinine', ""5-(3'' -Hydroxypropyl)-7-methoxy-2-(3',4' -methyl-enedioxyphenyl)benzofuran"", '22β-hydroxypristimerin', '1- (5,7-dihydroxy-2,2-dimethylchroman-6-yl)-3-(2,2-dimethylchroman- 6-yl)propan-1-one', 'Canavaline', 'Di-hydrodehydrodiconiferyl alcohol', 'Quercetin', ""2-(2'-O-trans-cinnamoyl)-C-β-D-glucopyranosyl-1,3,6,7-tetrahydroxyxanthone"", 'Kokusaginine', 'Ocotillone', 'des-N-methylnoracronycine', 'Leptophyllin A', '5-pentadecylresorcinol', 'epoxy-fraxinellone', '12′-hydroxy-7′-multijuguinone', 'Kaempferitrin', 'Nitensidine C', 'Dipropyl disulphide', '2-methyl-5-[8(Z),11(Z)-pentadecadienyl]resorcinol', 'Methyl 6,7,8-trimethoxydihydrocinnamate', '2-Hexyl-3-methyl-butanodioic acid', 'fraxinellone', '2,7-Di-O-acetylcasearupestrin A', 'Nitensidine B', '1-methyl-2-n-nonyl-4-quinolone', '5-[8(Z),11(Z),14-pentadecatrienyl]resorcinol', 'Gallic acid; 3,4,5-trihydroxybenzoic acid', 'Dibenzyl tetrasulphide', ""2',5-dihydroxy-3-methoxy-8-dimethylallyl-6, 7-(2' ',2''-dimethylpyrano)-dihydroflavonol"", '2-n-nonyl-4-quinolone', 'Cytochalasin D', 'Isoorientin', 'urauchimycin A', 'p-Coumaric acid', 'Isopropyl gallate', '6β-hydroxy-7-epigardoside methyl ester', 'Tetrahydropiperyline, N-[10-(13,14-methylenedioxyphenyl)-pentanoyl]-pyrrolidine', 'Piperovatine', '2,4,6-trimethoxybenzoic acid', '1-O-(E)-caffeoyl-β-D-glucopyranoside', 'Quercitrin, 3-O-α-rhamnosylquercetin', 'Caseobliquin A', 'Methyl angolensate', ""3',4',5',5,7,8-hexamethoxyflavone"", '(-)-Epigallocatechin', 'Netzahualcoyonol', '1-[3-(3,7-dimethylocta-2,6-dien-1-yl)-2,4,6- trihydroxyphenyl]-3-(4-hydroxyphenyl)propan-1-one', '6α-malonyloxymanoyl oxide', 'Benzylhydroxymethyl sulphide', '1,6-di-O-caffeoyl-β-D-glucopyranoside', '2-methyl-5-[8(Z),11(Z),14-pentadecatrienyl]resorcinol', '20-hydroxyecdysone; polypodine A', '3-Acetyl aleuritolic acid', 'Alkenoic acid', '6-[ 8(Z),11(Z) -pentadecadienyl] salicylic acid', '19,20-Epoxycytochalasin D', 'fumiquinozoline F', 'Kaempferol 3-O-α-L-rhamnopyranosyl (1→6)-O-[β -D-glucopyranosyl (1→3)-O-α-L-rhamnopyranosyl-(1→2)]-O-β -D-glucopyranosyl', '3β-O-[α-L-rhamnopyranosyl-(1→2)-O-β-D-glucopyranosyl-(1→2)-O-β-D-glucopyranosyl]-28-O-β-D-glucopyranoside pomolate', 'toonacilin', 'Uracil', '1-O-(E)-feruloyl-β-D-glucopyranoside', '19,20-Epoxycytochalasin C', 'n-Pentyl gallate', 'Orcinol', 'Periconicin B', 'N-1,N-2,N-3-Triisopentenylguanidine', 'Dibenzyl trisulphide', 'Maytenin, Tingenone', 'urauchimycin B', ""2-(2'-O-trans-caffeoyl)-C-β-D-glucopyranosyl-1,3,6,7-tetrahydroxyxanthone"", 'Netzahualcoyene', 'Casearin X Dialdehyde; (2R*,4aS*,5S*,7R*,8R*,8aS*)-4,4a-Diformyl-1,2,4a,5,6,7,8,8a-octahydro-5-hydroxy-7,8-dimethyl-8-[(2Z)-3-methylpenta-2,4-dien-1-yl]naphthalen-2-yl Butanoate', 'polypodine B', 'n-Propyl gallate', 'Phomopsilactone', ""(2S)-8-Isopentyl-2-methyl-2-(4'-methylpentyl)chroman-6-carboxylic acid"", '2,2-dimethyl-2H-chromene-6-carboxylic acid', '1,2-dihydro- 3β-hydroxy-7-deacetoxy-7-oxogedunin', 'Photogedunin', 'Casearin X; (1R*,3S*,5S*,6aR*,7S*,8S*,10R*,10aR*)-1-(Acetyloxy)-3,5,6,6a,7,8,9,10-octahydro-10-hydroxy-7,8-dimethyl-7-[(2Z)-3-methylpenta-2,4-dien-1-yl]naphtho[1,8a-c]furan-3,5-diyl Dibutanoate', ""2-(R)-Methyl-6-(S)-(tetradecyl-13'-one)-3(R)-O-tert-butyldimethylsilyl-piperidine"", '(2S)-Methyl-2-methyl-8-(3""-methylbut-2""-enyl)-2-(4\'-methylpent-3\'-enyl)-2H-chromene-6-carboxylate', 'Casearin T', 'Piperyline, N-[10-(13,14-methylenedioxyphenyl)-7(E),9(E)-pentadienoyl]-pyrrolidine', 'ω-fenil alcanoic acid', 'Quercetin 3-O-α-L-rhamnopyranosyl (1→6)-O-[β -D-glucopyranosyl (1→3)-O-α-L-rhamnopyranosyl-(1→2)]-O-β -D-glucopyranosyl', 'Heveaflavone', 'Arboreumine', '3-Oxoursolic acid', 'Casearupestrin B', 'Chaetoglobosin B', ""2-(2'-O-benzoyl)-C-β-D-glucopyranosyl-1,3,6,7-tetrahydroxyxanthone"", 'Isoplumericin', 'α-L-xylopyranosyl-(4""→20)-(3-O-β-D-glucopyranosyl)-1\'-O-E-caffeoyl-β-D-glucopyranoside', '2-butyl-D-fructofuranoside', ""Gaudichaudianic acid; (2S)-2-methyl-2-(4'methyl-3'-pentenyl)-8-(3''-methyl-2-butenyl)- 2H-1-benzopyran-6-carboxylic acid"", 'limonexic acid', 'Pedalitin', 'Casearupestrin A', '2-oxo-piperol B; (7S*, 8R*, 1R*, 3R*)-3,4,5-trimethoxy-3,7-cyclo-8,1-neolig-8-ene-2,4(3H)-dione', 'taxifolin', ""(2'S)-2-(propan-2'-ol)-5-hydroxy-benzopyran-4-one"", 'Rel-(+)-(7S,9R,10S)-3,9,12-trihydroxycalamenene', 'Casearin S', '11β-acetoxyobacunone', '1-(5,7-dihydroxy-2,2-dimethylchroman- 6-yl)-3-[4-hydroxy-3-(3-methylbut-2-en-1-yl)- phenyl]propan-1-one', 'Netzahualcoyondiol', 'Piperol B', '(-)-Hardwickiic acid', ""5-[3''-(β-D-glucopyranosyloxy)propyl]-7-methoxy-2-(3',4'-methylenedioxyphenyl)benzofuran"", '28-O-β-D-glucopyranosyl quinovic acid', '2-Methyl-4-hydroxy-butyl caffeoate', '(3R,4R)-4,7-Dihydroxymellein', ""Nitensoside B; Pedalitin 6-O-α-rhamnopyranosyl(1'''→6'')-β-glucopyranoside"", 'Amentoflavone', 'Di(benzyltrithio) methane', '3,11,12-Trihydroxycadalene', 'Quercetin 3-O-sophoroside', '(3R,4R)-3,4-Dihydro-4,6-dihydroxy-3-methyl-1-oxo-1H-isochromene-5-carboxylic acid', '24-methylene-3,22-dihydroxycholesterol', 'amorphispironone', 'Casearupestrin D', '5-[8(Z)-pentadecenyl]resorcinol', 'Luteolin; 2-(3,4-dihydroxyphenyl)-5,7-dihydroxy-4H-chromen-4-one', 'Sinapic acid', '19,20-Epoxycytochalasin Q', '19,20-Epoxycytochalasin R', 'Muraxanthone', 'Odoratone', 'Rel-6β-hydroxyzuelanin-2β-benzoate', '4-Hydroxymellein', '5-hydroxymellein', 'fraxinellonone', 'Dibenzyl sulphide', '(-) Cis-4-hydroxy-6-deoxyscytalone', 'Plumericin', '5-[8(Z),11(Z)-pentadecadienyl]resorcinol', '(-)-Spectalinine', ""Nitensoside A; Sorbifolin 6-O-α-rhamnopyranosyl(1'''→6'')-β-glucopyranoside"", 'Casearin O; (1R*,3S*,5S*,6aR*,7R*,8R*,9S*,10S*,10aR*)-1,10-Bis(acetyloxy)-5-methoxy-7,8-dimethyl-7-[(2Z)-3-methylpenta-2,4-dien-1-yl]-3,5,6,6a,7,8,9,10-octahydronaphtho[1,8a-c]furan-3,9-diyl Dibutanoate', 'shidasterone', '5-hydroxymethyl- 2-furancarboxaldehyde; 5-hydroxymethyl-2-furfuraldehyde', 'atalaphyllinine', 'N-[10- (13,14-methylenedioxyphenyl)-7(E)-pentaenoyl]-pyrrolidine', '2-Methyl-5-methoxy-benzopyran-4-one', '3,4-dihydroxybenzoic acid geranyl ester', 'N-[10-(13,14-methylenedioxyphenyl)-7(E),9(Z)-pentadienoyl]-pyrrolidine', 'Gedunin', 'Pedalin, pedalitin 6-O-β -glucopyranoside', 'Caseargrewiin F; (1R*,3S*,5S*,6aR*,7S*,8R*,10R*,10aR*)-1,3-Bis(acetyloxy)-3,5,6,6a,7,8,9,10-octahydro-10-hydroxy-7,8-dimethyl-7-[(2Z)-3-methylpenta-2,4-dien-1-yl]naphtho[1,8a-c]furan-5-yl Butanoate', 'Casearin L; (1R*,3S*,5S*,6aR*,7R*,8R*,9S*,10S*,10aR*)-1,10-Bis(acetyloxy)-3,5,6,6a,7,8,9,10-octahydro-9-hydroxy-5-methoxy-7,8-dimethyl-7-[(2Z)-3-methylpenta-2,4-dien-1-yl]naphtho[1,8a-c]-furan-3-yl Butanoate', '6-[8(Z)-pentadecenyl]salicylic acid', '(2S)-2-methyl-8-(3""-methylbut-2""-enyl)-2-(4\'-methylpent-3\'-enyl)-2H-chromene-6-carboxylic acid', 'Burchellin', '7-hydroxy-3- (11-dimethylallyl)-8-methoxycoumarin', ""N-[7-(3',4'-methylenedioxyphenyl)-2(Z),4(Z)-heptadienoyl]pyrrolidine"", ""Acteoside; [β-3,4-dihydroxyphenyl)-ethyl]-(3'-O-α-L-rhamnopyranosyl)-(4'-O-cafeoyl)-β-D-glycopyranoside, verbascoside"", 'Homoegonol', '[8]-gingerol', 'Platydesmine', 'Leiokinine A', 'Cabraleadiol', 'schaftoside', ""(2S)-Methyl-8-isopentyl-2-methyl-2-(4'-methylpentyl)chroman-6-carboxylate"", '3,4,5-Triacetoxybenzoic acid', '1-(5,7-dihydroxy-2,2-dimethylchroman-6-yl)-3-(1,1,4a-trimethyl-2,3,4,4a,9a-hexahydro-1H-xanthen-7-yl)propan-1-one', 'Methyl (E)-6,7,8-trimethoxycinnamate', '3,4,5-Trimethoxyphenyl-1-O-β-D-(5-O-syringoyl)-apiofuranosyl-(1→6)-β-D-glucopyranoside', '6-[8(Z),11(Z),14-pentadecatrienyl]salicylic acid', 'Sorbifolin', 'Afzelin, 3-O-α-rhamnosyl kaempferol', 'Egonol', '4-Nerolidilcatechol', ""2-(2'-O-transcoumaroyl)-C-β-D-glucopyranosyl-1,3,6,7-tetrahydroxyxanthone"", 'Syringic acid', '(+)-3-O-feruloylcassine', '6-pentadecylsalicylic acid', 'Methyl-2,2-dimethylchroman-6-carboxylate', ""Myrsinoic acid A, 3-Geranyl-4-hydroxy-5-(3'',3''-dimethylallyl)benzoic acid"", '6α-acetoxy-14β,15β-epoxyazadirone', 'Pristimerin; 20α-3-hydroxy-2-oxo-24-nor-friedela-1-10,3,5,7-tetraen-carboxylic acid-29-methylester', '3,4,5-trimethoxyphenyl 1-O-β-D-apiofuranosyl-(1→6)-O-β-D-glucopyranoside', 'β-photogedunin', 'n-Butyl gallate', ""5-[3''-(β-D-glucopyranosyloxy)propyl]-7-methoxy-2-(3',4'-dimethoxyphenyl)benzofuran"", '3,12-Dihydroxycadalene', '8-methoxymellein', '20α-Hydroxymaytenin; 20-hydroxy-20-epi-tingenone', '(-)-Epigallocatechin-3-O-gallate', 'Casearin D; (1R*,3S*,5S*,6aR*,7R*,8R*,9S*,10S*,10aR*)-1-(Acetyloxy)-3,5,6,6a,7,8,9,10-octahydro-5,10-dihydroxy-7,8-dimethyl-7-[(2Z)-3-methylpenta-2,4-dien-1-yl]naphtho[1,8a-c]furan-3,9-diyl Dibutanoate', 'Rel. (+)-(7S,10S) 3,12-dihydroxycalamenene', 'carlinoside', 'Methyl-8-(ethanoyloxy)-2,2-dimethyl-2H-chromene-6-carboxylate', 'arjunolic acid', 'stachysterone', 'Ethyl 2,4-dihydroxy-5,6-dimethylbenzoate', 'Amentoflavone 7”,4”’-dimethyl ether', 'Picramnioside F', 'Lauryl gallate', 'germacrene D', 'Methyl gallate', '3-O-β-D-quinovopyranosyl cincholic acid', 'neoisoastilbin', '(R)-7-Hydroxymellein', '6α-acetoxymanoyl oxide', 'Methyl-8-hydroxy-2,2-dimethylchroman-6-carboxylate', 'Syringaldehyde', '22-hydroxytirucalla-7,24-diene-2,3-dione', 'Trans-3’-methylsulphonylallyl trans-cinnamate', '(3-(2-(4-hydroxyphenyl)-2-oxoethyl)-5,6-dihydropyridin- 2(1H)-one)', 'Mangiferin', 'Salacin', 'Viburgenin', ""Pterogynoside; Kaempferol-3-O-(3''-O-4'''-methylgallate-α-L-rhamnoside)"", 'Isobutyl gallate', '7′-multijuguinone', 'Griseofulvin', ""7-Hydroxy-4',6-dimethoxyisoflavone; Afrormosin; Afromosin"", '24-methylenecycloartan-3b-ol', 'Ixoside', '2β-Hydroxyzuelanin-6β-cinnamate', 'Cognatine', 'Fagaramide', 'Chalepin', 'Chlorogenic acid']]",doi_name
"['10.1016/j.phytochem.2008.01.006', 'Kaempferitrin']","['10.1016/j.phytochem.2008.01.006', ['guaiol', 'Hinesol', 'γ-eudesmol', 'α-eudesmol', '11-O-trans-feruloylteucrein', 'Galioside aglicone', 'Teucrein', 'Apodanthoside', 'Galioside', '9-hydroxyeugenin', 'Mycoleptone A', '6-methoxyeugenin', 'Eugenitin', 'Mycoleptone B', 'Mycoleptone A tetraacetate', 'Austdiol', 'Austdiol diacetate', 'Nectandrin B', '7-Methyl-sargachromenol; 2,7,8-Trimethyl-2-[(3-E,7-Z)-4,12-dimethyl-8-carboxyl-3,7,11-tridecatrienyl]-3-chromen-6-ol, β-caroteno', 'Verrucosin', 'Epi-guaiacin', 'Chlorogenic acid methyl ester, Methyl (1S,3R,4R,5R)-3-{[(2E)-3-(3,4-dihydroxyphenyl)-2-propenoyl]oxy}-1,4,5-trihydroxycyclohexanecarboxylate', ""3',4'-methylenedioxy-5,5',6,7-tetramethoxyflavone"", ""2'-hydroxy-3,4,4'-trimethoxy-5',6'-(2'',2''-dimethylpyrano)-chalcone"", ""3',4'-methylenedioxy-5,6,7- trimethoxyflavone"", ""3',4'-methylenedioxy-5,7-dimethoxyflavone"", '5,7-dimethoxy-2,2-dimethyl-2H-1-benzopyran-6-propanoate', 'Kaempferol-3-O-D-galactopyranoside', 'Kaempferol-3-O-D-glucopyranoside', 'Quercetin-3-O-α-L-rhamnopyranosyl-(1→6)-β-D-galactopyranoside', '6-Hydroxy-rutin', 'Kaempferol-3-O-α-L-rhamnopyranosyl-(1-6)-α-L-rhamnopyranosyl-(1-4)-β-D-glucopyranoside', 'Procyanidin B-3', 'Catechin, Ent-catechin', 'Kaempferol-3-O-rutinoside', 'Kaempferol-3-O-α-L-rhamnopyranosyl-(1→6)-β-D-galactopyranoside', '7-Methoxydiderroside', 'Diderroside', ""6'-Acetyl-β-D-glucopyranosyldiderroside"", 'Secoxyloganin', 'Taraxerol acetate', 'Xanthyletin', ""2-(3',4'-methylenedioxyphenylethyl)-Quinoline"", '2-n-Propylquinoline', '2-n-Pentylquinoline', ""2-(1'-pentenyl)-Quinoline"", ""4-Methoxy-3-(3',7'-dimethylocta-2'-E-6'-dienyl)benzoic acid"", 'Methyl-8-hydroxy-2,2-dimethyl-2H-chromene-6-carboxylate', ""3-(3',7 '-dimethyl-2',6 '-octadienyl)-4-methoxy-benzoic acid"", '21´-(3,4-Methylenedioxyphenyl)-henicosanoic acid', ""7,4'-Dimethoxyflavone"", 'Sargachromenol', 'Farnisine', '19´-(3,4-Methylenedioxyphenyl)-nonadecanoic acid', 'Sargaquinoic acid', ""7,4'-Dihydroxyflavone"", '(+)-Guaiacin', 'Tithonine', 'Fasciculiferin', ""Juruenolic acid; 2-(4'-Methylpentenyl-3)-10-oxoundecan-2,6-dienoic acid"", '17-(3,4-Methylenedioxyphenyl)-heptadecanoic acid', ""Rel-(7R,8S,7'S,8'S)-4',5'-methylenedioxy-3,4,5,3'-tetramethoxy-7,7'-epoxylignan"", ""Rel-(7R,8S,7'S,8'S)-9-hydroxy-4',5'-methylenedioxy-3,4,5,3'-tetramethoxy-7,7'-epoxylignan"", ""Rel-(7R,8S,7'S,8'S)-4'-hydroxy-3,4,5,3',5'-pentamethoxy-7,7'-epoxylignan"", ""Rel-(7R,8S,7'S,8'S)-4,5,4',5'-dimethylenedioxy-3,3'-dimethoxy-7,7'-epoxylignan"", ""Rel-(7R,8S,7'S,8'S)-4-hydroxy-4',5'-methylenedioxy-3,5,3'-trimethoxy-7,7'-epoxylignan"", 'Pellitorine', '(3Z,5Z)-N-isobutyl-8-(30,40-methylenedioxy-phenyl)-heptadienamide', '(Z)-piplartine; 8(Z)-N-(12,13, 14-trimethoxycinnamoyl)- 3-pyridin-2-one', '4,5-dihydropiperyline', '10,11-dihydropiperine; Δα,β-dihydropiperine', '8,9-dihydropiplartine; N-(12,13,14-trimethoxydihydrocinnamoyl)-Δ3-pyridin-2-one', '4,5-dihydropiperlonguminine; Piperlonguminine', ""N-[3-(6'-methoxy-3',4'-methy-lenedioxyphenyl)-2(Z)-propenoyl]pyrrolidine"", '(E)-piplartine', 'Piperine', 'bis-5-hydroxyacronycine', '2,3-dihydro-4,9-dihydroxy-2-(2-hydroxy-propan-2-yl)- 11-methoxy-10-methylfuro[3,2-b]acridin-5(10H)-one', 'Citibrasine', '(-)-3-O-acetyl-spectaline', 'astilbin; Rel-(2R, 3R)-dihydroquercetin-3-O-±-L-rhamnoside', '1-methoxy-3-hydroxy-3,10b-4,5a-diepoxy-8b-isobutyroyloxygermacr-11(13)-en-6a,12-olide', 'Tagitinin C', '2α,3α,19α- trihydroxyurs-12-en-28-oic acid', 'penduletin 4-O-methyl ether', '3,3-O-dimethylquercetin', 'Chrysoeriol', 'acacetin', '3,7,4-O-trimethylkaempferol', '3-O-methylquercetin', '2α,3α-dihydroxyolean-12- en-28-oic acid', 'p-hydroxybenzoic acid', 'Citrusinine-I', '3,4-dihydro-3,5,8-trihydroxy-6-methoxy-2,2,7-trimethyl-2Hpyrano[ 2,3-a]acridin-12(7H)-one', 'Citrusinine-II', 'Glycocitrine-IV', '1,3,5-trihydroxy- 2,8-bis(3-methylbut-2-enyl)-10-methyl-9-acridone', 'Pyranofoline', '1,3,5-trihydroxy-4-methoxy-10-methyl- 2,8-bis(3-methylbut-2-enyl)acridin-9(10H)-one', 'Glycocitrine-I', '5-hydroxynoracronycine; Atalaphyllidine', 'β-Gardiol', 'Ferulic acid', 'α-Gardiol', ""3',4',5',3,5,7,8-heptamethoxyflavone"", ""3,5,6,7,3',4',5'-heptamethoxyflavonol"", 'cyclo (L)-Pro-Gly', 'Isopimpinellin', '3,21-Di-epi-feroniellide B', '21α,25-dimethylmelianodiol', '21β,25-dimethylmelianodiol', '(+)-α-Hydroxyerysotrine', '(+)-Erythravine', '(+)-11α-Hydroxyerythravine', ""4-Hydroxy-3-(3',7'-dimethyl-3'-hydroxy-1'-oxo-6'-octenyl)benzoic acid"", ""Sakuranetin; 5,4'-dihydroxy-7-methoxyflavanone"", ""1,4-Dihydroxy-2-(3',7'-dimethyl-1'-oxo-2'-E-6'-octadienyl)benzene"", ""Isosakuranetin; 5,7-dihydroxy-4'-methoxyflavanone"", ""4-Hydroxy-(3',7'-dimethyl-1'-oxo-octa-2'-E-6'-dienyl)benzoic acid"", 'Beauvericin', 'Anhydrofusarubin', ""Aduncumene; Methyl 2-methoxy-5-(3'-methyl-1'-oxo-2'-butenyl)benzoate"", ""Methyl 4-hydroxy-3-(3'-methyl-2'-hydroxy-3'-butenyl)benzoate"", ""4-Hydroxy-(3',7'-dimethyl-1'-oxo-octa-2'-Z-6'-dienyl)benzoic acid"", ""2',6'-Dihydroxy-4'-methoxydihydrochalcone"", 'Methyl 2,2-dimethyl-1-oxo-2H-1-benzopyran-6-carboxylate', ""Methyl 4-hydroxy-3-(3'-methyl-2'-butenyl)benzoate"", '3,4,5-Trimethoxydihydrocinnamic acid', ""Hostmaniene; 4-Hydroxy-3-(2',3'-dihydroxy-3'-methylbutyl)benzoate"", ""4-Hydroxy-3-(3',7'-dimethylocta-2'-E-6'-dienyl)benzoic acid"", ""Methyl taboganate; Methyl 4-hydroxy-3-(3'-methyl-1'-oxo-2'-butenyl)benzoate"", 'Piperaduncine B', '5,7-dimethoxy-2,2-dimethyl-2H-1-benzopyran-6-propanoic acid', 'Aphidicolin', 'Methyl (3R,4R,5R)-3-{[(2E)-3-(3,4-dihydroxyphenyl)-2-propenoyl]oxy}-1,4,5-trihydroxycyclohexanecarboxylate', 'Methyl (3R,4R,5R)-3-{[(2Z)-3-(3,4-dihydroxyphenyl)-2-propenoyl]oxy}-1,4,5-trihydroxycyclohexanecarboxylate', 'Pentaol', 'Iso-odoratol', 'Piscidinol A', '3,11-dioxoolean-12-en-28- onic acid', 'cryptomeridiol', 'Oleanonic acid', 'Nilocetin', 'Hispidol A', 'Stearic acid 4-pentoyloxyphenethyl ester', 'Nitensidine D', 'Nitensidine E', 'Clusifoliol', ""Isoswertisin-4'-methyl-ether-2''α-L-rhamnoside"", ""Isoswertisin-2''α1-L-rhamnoside"", '2-Episesalatin', 'Sesartemin', ""3,4-dimethyl-2-(4'-hydroxy-3',5'-dimethoxyphenyl)-5-methoxy-tetrahydrofuran"", 'Methacrylic acid', 'Pimara-7,15-dien-3β-ol', '(22E,24R)-ergosta-4,6,8(14),22-tetraen-3-one', '8-hydroxy-6-methoxy-3-methylisocoumarin', 'Ergosterol peroxide', 'Dimethyl terephthalate', 'β-caryophyllene, trans-caryophyllene', '4-metoxi-6-[2-(metilamino)fenil]- 2H-piran-2-ona', 'Deoxycordifoline', 'Harman-3-carboxylic acid', 'Strictosidine acid', 'Turbinatine', '3,4-dehydrostrictosidine acid', 'Cordifoline', '3,4-dehydro-strictosidine', '5α-carboxystrictosidine', 'Cusculine; 1,2,3,5,6-pentamethoxy-9-acridone', 'Cuspanine; 1-hydroxy-2,3,5,6-tetramethoxy-9-acridone', '2α,3α-Dihydroxy-urs-12-en-28-oic acid', '3-O-β-D-(6’-methyl)-glucopyranosyl-28-O-β-D-glucopyranosyl-oleanate', 'Oleanolic acid 3-sophoroside', '2-phenyl-4H-chromen-4-one', '5-hydroxyflavone', 'β-Sitosterol benzoate', 'Haplotusine', 'Sinapyl 4-O-β-D-glucopyranoside aldehyde', 'Sinapyl 4-O-β-D-glucopyranoside alcohol', 'N-acetylnonaine', 'Liriodenine', '[10]-gingerol', ""2,4-Dihydroxy-6-[(1'E,3'E)-penta-1', 3'-dienyl]-benzaldehyde"", '2-methyl-5-[8(Z)-pentadecenyl]resorcinol', 'Kaempferol', '2-hydroxyphenylacetic acid', '3-O-β-D-quinovopyranosyl quinovic acid', '(4R)-4,8-dihydroxy-α-tetralone', 'scillascillin', 'Chlorogenic acid', 'Chalepin', 'Nitensidine A', ""8-hydroxy-3,5,7,3',4',5'-hexamethoxyflavonol"", ""2-(2'-O-trans-caffeoyl)-C-β-D-glucopyranosyl-1,3,6,7-tetrahydroxyxanthone"", 'Netzahualcoyene', 'Casearin X Dialdehyde; (2R*,4aS*,5S*,7R*,8R*,8aS*)-4,4a-Diformyl-1,2,4a,5,6,7,8,8a-octahydro-5-hydroxy-7,8-dimethyl-8-[(2Z)-3-methylpenta-2,4-dien-1-yl]naphthalen-2-yl Butanoate', 'polypodine B', '19,20-Epoxycytochalasin N', 'ellagic acid 4-O-α-L-rhamnopyranoside; eschweilenol C', 'Mayoside C', 'Ourateacatechin', ""3',4',5',5,7-pentamethoxyflavone"", '2-methyl-5-pentadecylresorcinol', '3β-hydroxy-stigmast-5-en-7-one; 24-β-7-oxositosterol', 'Kokusaginine', 'Viburgenin', ""Pterogynoside; Kaempferol-3-O-(3''-O-4'''-methylgallate-α-L-rhamnoside)"", 'Isobutyl gallate', '7′-multijuguinone', 'Griseofulvin', ""7-Hydroxy-4',6-dimethoxyisoflavone; Afrormosin; Afromosin"", '8-methoxymellein', '(±)-Syringaresinol', 'Quercetin', ""2-(2'-O-trans-cinnamoyl)-C-β-D-glucopyranosyl-1,3,6,7-tetrahydroxyxanthone"", 'Ocotillone', 'des-N-methylnoracronycine', 'Sorbifolin 6-O-β-glucopyranoside', 'Rel-2α-hydroxyzuelanin-6β-benzoate', '2,6-di-O-acetylcasearupestrin D', ""Methyl-2,2-dimethyl-8-(3'-methylbut-2'-enyl)chroman-6-carboxylate"", '2,7-Di-O-acetylcasearupestrin A', 'Nitensidine B', '1-methyl-2-n-nonyl-4-quinolone', '5-[8(Z),11(Z),14-pentadecatrienyl]resorcinol', 'urauchimycin B', 'Odoratol', 'Leptomerine', '5-hydroxy-N-methylseverifoline', 'Pristimerin; 20α-3-hydroxy-2-oxo-24-nor-friedela-1-10,3,5,7-tetraen-carboxylic acid-29-methylester', 'Homoegonol', '[8]-gingerol', '4-Hydroxymellein', '5-hydroxymellein', 'fraxinellonone', 'Dibenzyl sulphide', '(-) Cis-4-hydroxy-6-deoxyscytalone', 'Plumericin', '5-[8(Z),11(Z)-pentadecadienyl]resorcinol', '(-)-Spectalinine', 'Maculosidine', 'Podocarpusflavone A', 'Casearupestrin C', '6α-malonyloxy-n-butyl ester manoyl oxide', 'citrusinine-I', 'Netzahualcoyonol', '1-[3-(3,7-dimethylocta-2,6-dien-1-yl)-2,4,6- trihydroxyphenyl]-3-(4-hydroxyphenyl)propan-1-one', '6α-malonyloxymanoyl oxide', 'Ricinine', 'Leptophyllin A', '5-pentadecylresorcinol', '19,20-Epoxycytochalasin D', 'fumiquinozoline F', 'Kaempferol 3-O-α-L-rhamnopyranosyl (1→6)-O-[β -D-glucopyranosyl (1→3)-O-α-L-rhamnopyranosyl-(1→2)]-O-β -D-glucopyranosyl', '3β-O-[α-L-rhamnopyranosyl-(1→2)-O-β-D-glucopyranosyl-(1→2)-O-β-D-glucopyranosyl]-28-O-β-D-glucopyranoside pomolate', 'Dibenzyl tetrasulphide', ""2',5-dihydroxy-3-methoxy-8-dimethylallyl-6, 7-(2' ',2''-dimethylpyrano)-dihydroflavonol"", '2-n-nonyl-4-quinolone', 'Cytochalasin D', 'Isoorientin', 'Netzahualcoyondiol', 'Casearupestrin B', 'toonacilin', 'Skimmianine', 'p-hydroxybenzoic acid-geranyl ester', '3,4,5-trimethoxyphenyl 1-O-β-D-apiofuranosyl-(1→6)-O-β-D-glucopyranoside', 'β-photogedunin', 'n-Butyl gallate', ""5-[3''-(β-D-glucopyranosyloxy)propyl]-7-methoxy-2-(3',4'-dimethoxyphenyl)benzofuran"", '3,12-Dihydroxycadalene', '7-hydroxy-3- (11-dimethylallyl)-8-methoxycoumarin', ""N-[7-(3',4'-methylenedioxyphenyl)-2(Z),4(Z)-heptadienoyl]pyrrolidine"", ""Acteoside; [β-3,4-dihydroxyphenyl)-ethyl]-(3'-O-α-L-rhamnopyranosyl)-(4'-O-cafeoyl)-β-D-glycopyranoside, verbascoside"", 'Uracil', 'urauchimycin A', 'p-Coumaric acid', '(-)-Epigallocatechin', 'n-Pentyl gallate', 'Orcinol', 'Periconicin B', 'Phomopsilactone', ""(2S)-8-Isopentyl-2-methyl-2-(4'-methylpentyl)chroman-6-carboxylic acid"", '2,2-dimethyl-2H-chromene-6-carboxylic acid', 'Benzylhydroxymethyl sulphide', '1,6-di-O-caffeoyl-β-D-glucopyranoside', '2-methyl-5-[8(Z),11(Z),14-pentadecatrienyl]resorcinol', '20-hydroxyecdysone; polypodine A', '3-Acetyl aleuritolic acid', 'Alkenoic acid', 'Quercetin 3-O-α-L-rhamnopyranosyl (1→6)-O-[β -D-glucopyranosyl (1→3)-O-α-L-rhamnopyranosyl-(1→2)]-O-β -D-glucopyranosyl', 'Heveaflavone', 'Arboreumine', '3-Oxoursolic acid', 'Piperyline, N-[10-(13,14-methylenedioxyphenyl)-7(E),9(E)-pentadienoyl]-pyrrolidine', 'ω-fenil alcanoic acid', '2-butyl-D-fructofuranoside', ""Gaudichaudianic acid; (2S)-2-methyl-2-(4'methyl-3'-pentenyl)-8-(3''-methyl-2-butenyl)- 2H-1-benzopyran-6-carboxylic acid"", 'limonexic acid', 'Di(benzyltrithio) methane', '3,11,12-Trihydroxycadalene', 'Dibenzyl disulphide', 'Proanthocyanidin', 'neoisoastilbin', '(R)-7-Hydroxymellein', '6α-acetoxymanoyl oxide', 'Methyl-8-hydroxy-2,2-dimethylchroman-6-carboxylate', 'Pedalitin', '1-O-(E)-feruloyl-β-D-glucopyranoside', '19,20-Epoxycytochalasin C', 'Gallic acid; 3,4,5-trihydroxybenzoic acid', 'Quercitrin, 3-O-α-rhamnosylquercetin', 'Caseobliquin A', 'Methyl angolensate', ""5-(3'' -Hydroxypropyl)-7-methoxy-2-(3',4' -methyl-enedioxyphenyl)benzofuran"", '22β-hydroxypristimerin', '1- (5,7-dihydroxy-2,2-dimethylchroman-6-yl)-3-(2,2-dimethylchroman- 6-yl)propan-1-one', 'Canavaline', 'Di-hydrodehydrodiconiferyl alcohol', '1,2-dihydro- 3β-hydroxy-7-deacetoxy-7-oxogedunin', 'Photogedunin', 'Casearin X; (1R*,3S*,5S*,6aR*,7S*,8S*,10R*,10aR*)-1-(Acetyloxy)-3,5,6,6a,7,8,9,10-octahydro-10-hydroxy-7,8-dimethyl-7-[(2Z)-3-methylpenta-2,4-dien-1-yl]naphtho[1,8a-c]furan-3,5-diyl Dibutanoate', 'α-L-xylopyranosyl-(4""→20)-(3-O-β-D-glucopyranosyl)-1\'-O-E-caffeoyl-β-D-glucopyranoside', ""2-(R)-Methyl-6-(S)-(tetradecyl-13'-one)-3(R)-O-tert-butyldimethylsilyl-piperidine"", '(2S)-Methyl-2-methyl-8-(3""-methylbut-2""-enyl)-2-(4\'-methylpent-3\'-enyl)-2H-chromene-6-carboxylate', 'Casearin T', '24-methylene-3,22-dihydroxycholesterol', 'amorphispironone', 'Casearupestrin D', 'Chaetoglobosin B', ""2-(2'-O-benzoyl)-C-β-D-glucopyranosyl-1,3,6,7-tetrahydroxyxanthone"", 'Isoplumericin', '6α-acetoxy-14β,15β-epoxyazadirone', 'epoxy-fraxinellone', '12′-hydroxy-7′-multijuguinone', 'Kaempferitrin', 'Nitensidine C', 'Dipropyl disulphide', '2-Methyl-4-hydroxy-butyl caffeoate', 'N-1,N-2,N-3-Triisopentenylguanidine', 'Dibenzyl trisulphide', 'Maytenin, Tingenone', '2-methyl-5-[8(Z),11(Z)-pentadecadienyl]resorcinol', 'Methyl 6,7,8-trimethoxydihydrocinnamate', '2-Hexyl-3-methyl-butanodioic acid', 'fraxinellone', '6-[ 8(Z),11(Z) -pentadecadienyl] salicylic acid', 'N-[10-(13,14-methylenedioxyphenyl)-7(E),9(Z)-pentadienoyl]-pyrrolidine', '6-[8(Z)-pentadecenyl]salicylic acid', '(2S)-2-methyl-8-(3""-methylbut-2""-enyl)-2-(4\'-methylpent-3\'-enyl)-2H-chromene-6-carboxylic acid', 'Burchellin', '5-[8(Z)-pentadecenyl]resorcinol', 'Luteolin; 2-(3,4-dihydroxyphenyl)-5,7-dihydroxy-4H-chromen-4-one', 'Sinapic acid', '19,20-Epoxycytochalasin Q', '19,20-Epoxycytochalasin R', 'Quercetin 3-O-sophoroside', '(3R,4R)-3,4-Dihydro-4,6-dihydroxy-3-methyl-1-oxo-1H-isochromene-5-carboxylic acid', 'Casearin L; (1R*,3S*,5S*,6aR*,7R*,8R*,9S*,10S*,10aR*)-1,10-Bis(acetyloxy)-3,5,6,6a,7,8,9,10-octahydro-9-hydroxy-5-methoxy-7,8-dimethyl-7-[(2Z)-3-methylpenta-2,4-dien-1-yl]naphtho[1,8a-c]-furan-3-yl Butanoate', 'Platydesmine', 'Leiokinine A', 'Cabraleadiol', 'Muraxanthone', '3,4,5-Triacetoxybenzoic acid', 'Odoratone', 'Rel-6β-hydroxyzuelanin-2β-benzoate', 'shidasterone', '5-hydroxymethyl- 2-furancarboxaldehyde; 5-hydroxymethyl-2-furfuraldehyde', 'atalaphyllinine', 'N-[10- (13,14-methylenedioxyphenyl)-7(E)-pentaenoyl]-pyrrolidine', '2-Methyl-5-methoxy-benzopyran-4-one', '3,4-dihydroxybenzoic acid geranyl ester', 'Casearupestrin A', '2-oxo-piperol B; (7S*, 8R*, 1R*, 3R*)-3,4,5-trimethoxy-3,7-cyclo-8,1-neolig-8-ene-2,4(3H)-dione', '(+)-3-O-feruloylcassine', 'Amentoflavone', '1-(5,7-dihydroxy-2,2-dimethylchroman-6-yl)-3-(1,1,4a-trimethyl-2,3,4,4a,9a-hexahydro-1H-xanthen-7-yl)propan-1-one', 'Methyl (E)-6,7,8-trimethoxycinnamate', '3,4,5-Trimethoxyphenyl-1-O-β-D-(5-O-syringoyl)-apiofuranosyl-(1→6)-β-D-glucopyranoside', 'taxifolin', ""(2'S)-2-(propan-2'-ol)-5-hydroxy-benzopyran-4-one"", 'Rel-(+)-(7S,9R,10S)-3,9,12-trihydroxycalamenene', 'Casearin S', '11β-acetoxyobacunone', '1-(5,7-dihydroxy-2,2-dimethylchroman- 6-yl)-3-[4-hydroxy-3-(3-methylbut-2-en-1-yl)- phenyl]propan-1-one', '(3R,4R)-4,7-Dihydroxymellein', ""Nitensoside B; Pedalitin 6-O-α-rhamnopyranosyl(1'''→6'')-β-glucopyranoside"", 'Gedunin', 'Pedalin, pedalitin 6-O-β -glucopyranoside', 'Caseargrewiin F; (1R*,3S*,5S*,6aR*,7S*,8R*,10R*,10aR*)-1,3-Bis(acetyloxy)-3,5,6,6a,7,8,9,10-octahydro-10-hydroxy-7,8-dimethyl-7-[(2Z)-3-methylpenta-2,4-dien-1-yl]naphtho[1,8a-c]furan-5-yl Butanoate', 'Salacin', '6-pentadecylsalicylic acid', 'Methyl-2,2-dimethylchroman-6-carboxylate', ""Myrsinoic acid A, 3-Geranyl-4-hydroxy-5-(3'',3''-dimethylallyl)benzoic acid"", '20α-Hydroxymaytenin; 20-hydroxy-20-epi-tingenone', '(-)-Epigallocatechin-3-O-gallate', 'Casearin D; (1R*,3S*,5S*,6aR*,7R*,8R*,9S*,10S*,10aR*)-1-(Acetyloxy)-3,5,6,6a,7,8,9,10-octahydro-5,10-dihydroxy-7,8-dimethyl-7-[(2Z)-3-methylpenta-2,4-dien-1-yl]naphtho[1,8a-c]furan-3,9-diyl Dibutanoate', 'schaftoside', ""(2S)-Methyl-8-isopentyl-2-methyl-2-(4'-methylpentyl)chroman-6-carboxylate"", 'Methyl gallate', '3-O-β-D-quinovopyranosyl cincholic acid', 'Afzelin, 3-O-α-rhamnosyl kaempferol', 'Egonol', '4-Nerolidilcatechol', ""2-(2'-O-transcoumaroyl)-C-β-D-glucopyranosyl-1,3,6,7-tetrahydroxyxanthone"", 'Syringic acid', 'arjunolic acid', 'stachysterone', 'Ethyl 2,4-dihydroxy-5,6-dimethylbenzoate', 'Amentoflavone 7”,4”’-dimethyl ether', 'Picramnioside F', 'Lauryl gallate', 'Syringaldehyde', '22-hydroxytirucalla-7,24-diene-2,3-dione', 'Trans-3’-methylsulphonylallyl trans-cinnamate', '(3-(2-(4-hydroxyphenyl)-2-oxoethyl)-5,6-dihydropyridin- 2(1H)-one)', 'Mangiferin', '6-[8(Z),11(Z),14-pentadecatrienyl]salicylic acid', 'Sorbifolin', ""Nitensoside A; Sorbifolin 6-O-α-rhamnopyranosyl(1'''→6'')-β-glucopyranoside"", 'Casearin O; (1R*,3S*,5S*,6aR*,7R*,8R*,9S*,10S*,10aR*)-1,10-Bis(acetyloxy)-5-methoxy-7,8-dimethyl-7-[(2Z)-3-methylpenta-2,4-dien-1-yl]-3,5,6,6a,7,8,9,10-octahydronaphtho[1,8a-c]furan-3,9-diyl Dibutanoate', 'germacrene D', 'n-Propyl gallate', ""3',4',5',5,7,8-hexamethoxyflavone"", 'Isopropyl gallate', '6β-hydroxy-7-epigardoside methyl ester', 'Tetrahydropiperyline, N-[10-(13,14-methylenedioxyphenyl)-pentanoyl]-pyrrolidine', 'Piperovatine', '2,4,6-trimethoxybenzoic acid', '1-O-(E)-caffeoyl-β-D-glucopyranoside', 'Piperol B', '(-)-Hardwickiic acid', ""5-[3''-(β-D-glucopyranosyloxy)propyl]-7-methoxy-2-(3',4'-methylenedioxyphenyl)benzofuran"", '28-O-β-D-glucopyranosyl quinovic acid', 'Rel. (+)-(7S,10S) 3,12-dihydroxycalamenene', 'carlinoside', 'Methyl-8-(ethanoyloxy)-2,2-dimethyl-2H-chromene-6-carboxylate', '2β-Hydroxyzuelanin-6β-cinnamate', 'Cyclo-(L-Pro-L-Val)', 'Acetonide of odoratol', '(−)-Grandisin', '24-methylenecycloartan-3b-ol', 'Ixoside', 'Cognatine', 'Fagaramide']]",doi_name
"['10.1016/j.phytochem.2009.08.013', 'Methyl angolensate']","['10.1016/j.phytochem.2009.08.013', ['guaiol', 'γ-eudesmol', 'Hinesol', 'α-eudesmol', '5,7-dimethoxy-2,2-dimethyl-2H-1-benzopyran-6-propanoate', '11-O-trans-feruloylteucrein', 'Teucrein', 'Galioside', 'Apodanthoside', 'Galioside aglicone', 'Chlorogenic acid methyl ester, Methyl (1S,3R,4R,5R)-3-{[(2E)-3-(3,4-dihydroxyphenyl)-2-propenoyl]oxy}-1,4,5-trihydroxycyclohexanecarboxylate', 'Taraxerol acetate', 'Aphidicolin', '(-)-3-O-acetyl-spectaline', 'Beauvericin', 'Anhydrofusarubin', 'Hispidol A', 'Nilocetin', 'Oleanonic acid', '3,11-dioxoolean-12-en-28- onic acid', 'Iso-odoratol', 'Piscidinol A', 'Pentaol', 'cryptomeridiol', 'Stearic acid 4-pentoyloxyphenethyl ester', 'cyclo (L)-Pro-Gly', '2-n-Pentylquinoline', ""2-(1'-pentenyl)-Quinoline"", '2-n-Propylquinoline', ""2-(3',4'-methylenedioxyphenylethyl)-Quinoline"", '7-Methoxydiderroside', 'Diderroside', ""6'-Acetyl-β-D-glucopyranosyldiderroside"", 'Secoxyloganin', 'Mycoleptone B', '6-methoxyeugenin', 'Eugenitin', '9-hydroxyeugenin', 'Mycoleptone A', 'Austdiol diacetate', 'Austdiol', 'Mycoleptone A tetraacetate', '(+)-11α-Hydroxyerythravine', '(+)-Erythravine', '(+)-α-Hydroxyerysotrine', ""Methyl 4-hydroxy-3-(3'-methyl-2'-butenyl)benzoate"", '3,4,5-Trimethoxydihydrocinnamic acid', 'Piperaduncine B', ""Hostmaniene; 4-Hydroxy-3-(2',3'-dihydroxy-3'-methylbutyl)benzoate"", ""4-Hydroxy-3-(3',7'-dimethylocta-2'-E-6'-dienyl)benzoic acid"", ""Methyl taboganate; Methyl 4-hydroxy-3-(3'-methyl-1'-oxo-2'-butenyl)benzoate"", 'Methyl 2,2-dimethyl-1-oxo-2H-1-benzopyran-6-carboxylate', ""2',6'-Dihydroxy-4'-methoxydihydrochalcone"", ""4-Hydroxy-(3',7'-dimethyl-1'-oxo-octa-2'-Z-6'-dienyl)benzoic acid"", ""Methyl 4-hydroxy-3-(3'-methyl-2'-hydroxy-3'-butenyl)benzoate"", ""Aduncumene; Methyl 2-methoxy-5-(3'-methyl-1'-oxo-2'-butenyl)benzoate"", 'Citibrasine', 'bis-5-hydroxyacronycine', '2,3-dihydro-4,9-dihydroxy-2-(2-hydroxy-propan-2-yl)- 11-methoxy-10-methylfuro[3,2-b]acridin-5(10H)-one', 'astilbin; Rel-(2R, 3R)-dihydroquercetin-3-O-±-L-rhamnoside', 'Verrucosin', 'Epi-guaiacin', '7-Methyl-sargachromenol; 2,7,8-Trimethyl-2-[(3-E,7-Z)-4,12-dimethyl-8-carboxyl-3,7,11-tridecatrienyl]-3-chromen-6-ol, β-caroteno', 'Nectandrin B', 'Clusifoliol', ""Isoswertisin-4'-methyl-ether-2''α-L-rhamnoside"", '2-Episesalatin', ""Isoswertisin-2''α1-L-rhamnoside"", 'Sesartemin', ""3,4-dimethyl-2-(4'-hydroxy-3',5'-dimethoxyphenyl)-5-methoxy-tetrahydrofuran"", 'penduletin 4-O-methyl ether', '3,3-O-dimethylquercetin', '2α,3α,19α- trihydroxyurs-12-en-28-oic acid', '2α,3α-dihydroxyolean-12- en-28-oic acid', '3-O-methylquercetin', 'Chrysoeriol', 'acacetin', 'p-hydroxybenzoic acid', '3,7,4-O-trimethylkaempferol', '21α,25-dimethylmelianodiol', '3,21-Di-epi-feroniellide B', '21β,25-dimethylmelianodiol', 'Xanthyletin', ""4-Methoxy-3-(3',7'-dimethylocta-2'-E-6'-dienyl)benzoic acid"", ""3-(3',7 '-dimethyl-2',6 '-octadienyl)-4-methoxy-benzoic acid"", 'Methyl-8-hydroxy-2,2-dimethyl-2H-chromene-6-carboxylate', 'Methyl (3R,4R,5R)-3-{[(2E)-3-(3,4-dihydroxyphenyl)-2-propenoyl]oxy}-1,4,5-trihydroxycyclohexanecarboxylate', 'Methyl (3R,4R,5R)-3-{[(2Z)-3-(3,4-dihydroxyphenyl)-2-propenoyl]oxy}-1,4,5-trihydroxycyclohexanecarboxylate', ""4-Hydroxy-3-(3',7'-dimethyl-3'-hydroxy-1'-oxo-6'-octenyl)benzoic acid"", ""Sakuranetin; 5,4'-dihydroxy-7-methoxyflavanone"", ""Isosakuranetin; 5,7-dihydroxy-4'-methoxyflavanone"", ""4-Hydroxy-(3',7'-dimethyl-1'-oxo-octa-2'-E-6'-dienyl)benzoic acid"", ""1,4-Dihydroxy-2-(3',7'-dimethyl-1'-oxo-2'-E-6'-octadienyl)benzene"", 'Farnisine', '21´-(3,4-Methylenedioxyphenyl)-henicosanoic acid', 'Sargachromenol', 'Sargaquinoic acid', '19´-(3,4-Methylenedioxyphenyl)-nonadecanoic acid', '(+)-Guaiacin', ""7,4'-Dimethoxyflavone"", ""7,4'-Dihydroxyflavone"", ""Juruenolic acid; 2-(4'-Methylpentenyl-3)-10-oxoundecan-2,6-dienoic acid"", 'Fasciculiferin', 'Tithonine', '17-(3,4-Methylenedioxyphenyl)-heptadecanoic acid', '1,3,5-trihydroxy- 2,8-bis(3-methylbut-2-enyl)-10-methyl-9-acridone', 'Citrusinine-II', '1,3,5-trihydroxy-4-methoxy-10-methyl- 2,8-bis(3-methylbut-2-enyl)acridin-9(10H)-one', 'Citrusinine-I', 'Glycocitrine-I', '5-hydroxynoracronycine; Atalaphyllidine', '3,4-dihydro-3,5,8-trihydroxy-6-methoxy-2,2,7-trimethyl-2Hpyrano[ 2,3-a]acridin-12(7H)-one', 'Glycocitrine-IV', 'Pyranofoline', '4-metoxi-6-[2-(metilamino)fenil]- 2H-piran-2-ona', '5,7-dimethoxy-2,2-dimethyl-2H-1-benzopyran-6-propanoic acid', ""3,5,6,7,3',4',5'-heptamethoxyflavonol"", ""3',4',5',3,5,7,8-heptamethoxyflavone"", '8-hydroxy-6-methoxy-3-methylisocoumarin', '(22E,24R)-ergosta-4,6,8(14),22-tetraen-3-one', 'Ergosterol peroxide', 'Dimethyl terephthalate', 'Pimara-7,15-dien-3β-ol', ""3',4'-methylenedioxy-5,5',6,7-tetramethoxyflavone"", ""3',4'-methylenedioxy-5,6,7- trimethoxyflavone"", ""2'-hydroxy-3,4,4'-trimethoxy-5',6'-(2'',2''-dimethylpyrano)-chalcone"", ""3',4'-methylenedioxy-5,7-dimethoxyflavone"", 'Turbinatine', '3,4-dehydrostrictosidine acid', 'Cordifoline', 'Harman-3-carboxylic acid', '5α-carboxystrictosidine', '3,4-dehydro-strictosidine', 'Strictosidine acid', 'Deoxycordifoline', 'Tagitinin C', '1-methoxy-3-hydroxy-3,10b-4,5a-diepoxy-8b-isobutyroyloxygermacr-11(13)-en-6a,12-olide', ""Rel-(7R,8S,7'S,8'S)-9-hydroxy-4',5'-methylenedioxy-3,4,5,3'-tetramethoxy-7,7'-epoxylignan"", ""Rel-(7R,8S,7'S,8'S)-4-hydroxy-4',5'-methylenedioxy-3,5,3'-trimethoxy-7,7'-epoxylignan"", ""Rel-(7R,8S,7'S,8'S)-4',5'-methylenedioxy-3,4,5,3'-tetramethoxy-7,7'-epoxylignan"", ""Rel-(7R,8S,7'S,8'S)-4,5,4',5'-dimethylenedioxy-3,3'-dimethoxy-7,7'-epoxylignan"", ""Rel-(7R,8S,7'S,8'S)-4'-hydroxy-3,4,5,3',5'-pentamethoxy-7,7'-epoxylignan"", 'Nitensidine E', 'Nitensidine D', 'Isopimpinellin', 'Ferulic acid', 'α-Gardiol', 'β-Gardiol', 'Kaempferol-3-O-D-galactopyranoside', 'Kaempferol-3-O-D-glucopyranoside', '6-Hydroxy-rutin', 'Kaempferol-3-O-α-L-rhamnopyranosyl-(1-6)-α-L-rhamnopyranosyl-(1-4)-β-D-glucopyranoside', 'Quercetin-3-O-α-L-rhamnopyranosyl-(1→6)-β-D-galactopyranoside', 'Procyanidin B-3', 'Kaempferol-3-O-α-L-rhamnopyranosyl-(1→6)-β-D-galactopyranoside', 'Catechin, Ent-catechin', 'Kaempferol-3-O-rutinoside', 'Methacrylic acid', ""N-[3-(6'-methoxy-3',4'-methy-lenedioxyphenyl)-2(Z)-propenoyl]pyrrolidine"", '4,5-dihydropiperlonguminine; Piperlonguminine', '(Z)-piplartine; 8(Z)-N-(12,13, 14-trimethoxycinnamoyl)- 3-pyridin-2-one', '8,9-dihydropiplartine; N-(12,13,14-trimethoxydihydrocinnamoyl)-Δ3-pyridin-2-one', 'Piperine', '4,5-dihydropiperyline', '10,11-dihydropiperine; Δα,β-dihydropiperine', '(E)-piplartine', '(3Z,5Z)-N-isobutyl-8-(30,40-methylenedioxy-phenyl)-heptadienamide', 'Pellitorine', 'β-caryophyllene, trans-caryophyllene', 'Cusculine; 1,2,3,5,6-pentamethoxy-9-acridone', 'Cuspanine; 1-hydroxy-2,3,5,6-tetramethoxy-9-acridone', '2α,3α-Dihydroxy-urs-12-en-28-oic acid', 'Oleanolic acid 3-sophoroside', '3-O-β-D-(6’-methyl)-glucopyranosyl-28-O-β-D-glucopyranosyl-oleanate', '2-phenyl-4H-chromen-4-one', 'β-Sitosterol benzoate', '5-hydroxyflavone', 'Haplotusine', 'Sinapyl 4-O-β-D-glucopyranoside aldehyde', 'N-acetylnonaine', 'Liriodenine', 'Sinapyl 4-O-β-D-glucopyranoside alcohol', '[10]-gingerol', ""2,4-Dihydroxy-6-[(1'E,3'E)-penta-1', 3'-dienyl]-benzaldehyde"", 'Nitensidine A', '2-methyl-5-[8(Z)-pentadecenyl]resorcinol', '2-hydroxyphenylacetic acid', '3-O-β-D-quinovopyranosyl quinovic acid', ""8-hydroxy-3,5,7,3',4',5'-hexamethoxyflavonol"", '3β-hydroxy-stigmast-5-en-7-one; 24-β-7-oxositosterol', 'scillascillin', 'Piperol B', '(-)-Hardwickiic acid', ""5-[3''-(β-D-glucopyranosyloxy)propyl]-7-methoxy-2-(3',4'-methylenedioxyphenyl)benzofuran"", '28-O-β-D-glucopyranosyl quinovic acid', '2-Methyl-4-hydroxy-butyl caffeoate', 'N-1,N-2,N-3-Triisopentenylguanidine', 'Dibenzyl trisulphide', '3,12-Dihydroxycadalene', '7-hydroxy-3- (11-dimethylallyl)-8-methoxycoumarin', 'Kaempferol', 'Odoratol', 'Leptomerine', '5-hydroxy-N-methylseverifoline', '19,20-Epoxycytochalasin N', 'ellagic acid 4-O-α-L-rhamnopyranoside; eschweilenol C', 'Mayoside C', 'Ourateacatechin', ""3',4',5',5,7-pentamethoxyflavone"", '2-methyl-5-pentadecylresorcinol', 'Cyclo-(L-Pro-L-Val)', 'Acetonide of odoratol', '(−)-Grandisin', '24-methylenecycloartan-3b-ol', 'Ocotillone', 'des-N-methylnoracronycine', 'Sorbifolin 6-O-β-glucopyranoside', 'Rel-2α-hydroxyzuelanin-6β-benzoate', '2,6-di-O-acetylcasearupestrin D', ""Methyl-2,2-dimethyl-8-(3'-methylbut-2'-enyl)chroman-6-carboxylate"", '2,7-Di-O-acetylcasearupestrin A', 'Nitensidine B', '1-methyl-2-n-nonyl-4-quinolone', '5-[8(Z),11(Z),14-pentadecatrienyl]resorcinol', 'Gallic acid; 3,4,5-trihydroxybenzoic acid', 'Pristimerin; 20α-3-hydroxy-2-oxo-24-nor-friedela-1-10,3,5,7-tetraen-carboxylic acid-29-methylester', '3,4,5-trimethoxyphenyl 1-O-β-D-apiofuranosyl-(1→6)-O-β-D-glucopyranoside', 'β-photogedunin', 'n-Butyl gallate', ""5-[3''-(β-D-glucopyranosyloxy)propyl]-7-methoxy-2-(3',4'-dimethoxyphenyl)benzofuran"", 'Leptophyllin A', '5-pentadecylresorcinol', '19,20-Epoxycytochalasin D', 'fumiquinozoline F', 'Kaempferol 3-O-α-L-rhamnopyranosyl (1→6)-O-[β -D-glucopyranosyl (1→3)-O-α-L-rhamnopyranosyl-(1→2)]-O-β -D-glucopyranosyl', '3β-O-[α-L-rhamnopyranosyl-(1→2)-O-β-D-glucopyranosyl-(1→2)-O-β-D-glucopyranosyl]-28-O-β-D-glucopyranoside pomolate', 'Caseobliquin A', 'Methyl angolensate', ""5-(3'' -Hydroxypropyl)-7-methoxy-2-(3',4' -methyl-enedioxyphenyl)benzofuran"", '22β-hydroxypristimerin', '1- (5,7-dihydroxy-2,2-dimethylchroman-6-yl)-3-(2,2-dimethylchroman- 6-yl)propan-1-one', 'Canavaline', 'Di-hydrodehydrodiconiferyl alcohol', 'Quercetin', ""2-(2'-O-trans-cinnamoyl)-C-β-D-glucopyranosyl-1,3,6,7-tetrahydroxyxanthone"", 'Kokusaginine', 'Isoorientin', 'urauchimycin A', 'p-Coumaric acid', '(-)-Epigallocatechin', 'Netzahualcoyonol', '1-[3-(3,7-dimethylocta-2,6-dien-1-yl)-2,4,6- trihydroxyphenyl]-3-(4-hydroxyphenyl)propan-1-one', '6α-malonyloxymanoyl oxide', 'Benzylhydroxymethyl sulphide', ""N-[7-(3',4'-methylenedioxyphenyl)-2(Z),4(Z)-heptadienoyl]pyrrolidine"", ""Acteoside; [β-3,4-dihydroxyphenyl)-ethyl]-(3'-O-α-L-rhamnopyranosyl)-(4'-O-cafeoyl)-β-D-glycopyranoside, verbascoside"", 'Maculosidine', 'Podocarpusflavone A', 'Casearupestrin C', '6α-malonyloxy-n-butyl ester manoyl oxide', 'citrusinine-I', 'Ricinine', '2,4,6-trimethoxybenzoic acid', '1-O-(E)-caffeoyl-β-D-glucopyranoside', 'Quercitrin, 3-O-α-rhamnosylquercetin', '1,6-di-O-caffeoyl-β-D-glucopyranoside', '2-methyl-5-[8(Z),11(Z),14-pentadecatrienyl]resorcinol', 'Skimmianine', 'p-hydroxybenzoic acid-geranyl ester', 'Dibenzyl disulphide', 'Proanthocyanidin', 'neoisoastilbin', '(R)-7-Hydroxymellein', '6α-acetoxymanoyl oxide', 'Dibenzyl tetrasulphide', ""2',5-dihydroxy-3-methoxy-8-dimethylallyl-6, 7-(2' ',2''-dimethylpyrano)-dihydroflavonol"", '2-n-nonyl-4-quinolone', 'Cytochalasin D', 'Arboreumine', '3-Oxoursolic acid', 'Casearupestrin B', 'toonacilin', 'Uracil', '1-O-(E)-feruloyl-β-D-glucopyranoside', '19,20-Epoxycytochalasin C', 'Netzahualcoyene', 'Casearin X Dialdehyde; (2R*,4aS*,5S*,7R*,8R*,8aS*)-4,4a-Diformyl-1,2,4a,5,6,7,8,8a-octahydro-5-hydroxy-7,8-dimethyl-8-[(2Z)-3-methylpenta-2,4-dien-1-yl]naphthalen-2-yl Butanoate', 'polypodine B', 'n-Propyl gallate', ""3',4',5',5,7,8-hexamethoxyflavone"", 'Isopropyl gallate', '6β-hydroxy-7-epigardoside methyl ester', 'Tetrahydropiperyline, N-[10-(13,14-methylenedioxyphenyl)-pentanoyl]-pyrrolidine', 'Piperovatine', ""(2S)-8-Isopentyl-2-methyl-2-(4'-methylpentyl)chroman-6-carboxylic acid"", '2,2-dimethyl-2H-chromene-6-carboxylic acid', '1,2-dihydro- 3β-hydroxy-7-deacetoxy-7-oxogedunin', 'Photogedunin', 'Casearin X; (1R*,3S*,5S*,6aR*,7S*,8S*,10R*,10aR*)-1-(Acetyloxy)-3,5,6,6a,7,8,9,10-octahydro-10-hydroxy-7,8-dimethyl-7-[(2Z)-3-methylpenta-2,4-dien-1-yl]naphtho[1,8a-c]furan-3,5-diyl Dibutanoate', ""2-(R)-Methyl-6-(S)-(tetradecyl-13'-one)-3(R)-O-tert-butyldimethylsilyl-piperidine"", '(2S)-Methyl-2-methyl-8-(3""-methylbut-2""-enyl)-2-(4\'-methylpent-3\'-enyl)-2H-chromene-6-carboxylate', 'Casearin T', 'Piperyline, N-[10-(13,14-methylenedioxyphenyl)-7(E),9(E)-pentadienoyl]-pyrrolidine', 'Methyl-8-hydroxy-2,2-dimethylchroman-6-carboxylate', '6α-acetoxy-14β,15β-epoxyazadirone', '20-hydroxyecdysone; polypodine A', '3-Acetyl aleuritolic acid', 'Alkenoic acid', 'Quercetin 3-O-α-L-rhamnopyranosyl (1→6)-O-[β -D-glucopyranosyl (1→3)-O-α-L-rhamnopyranosyl-(1→2)]-O-β -D-glucopyranosyl', 'Heveaflavone', 'limonexic acid', 'Pedalitin', 'epoxy-fraxinellone', '12′-hydroxy-7′-multijuguinone', 'Kaempferitrin', 'Nitensidine C', 'Dipropyl disulphide', '2-methyl-5-[8(Z),11(Z)-pentadecadienyl]resorcinol', 'Methyl 6,7,8-trimethoxydihydrocinnamate', '2-Hexyl-3-methyl-butanodioic acid', 'fraxinellone', '6-[ 8(Z),11(Z) -pentadecadienyl] salicylic acid', 'n-Pentyl gallate', 'Orcinol', 'Periconicin B', 'Phomopsilactone', 'N-[10- (13,14-methylenedioxyphenyl)-7(E)-pentaenoyl]-pyrrolidine', 'Di(benzyltrithio) methane', '3,11,12-Trihydroxycadalene', 'Quercetin 3-O-sophoroside', '(3R,4R)-3,4-Dihydro-4,6-dihydroxy-3-methyl-1-oxo-1H-isochromene-5-carboxylic acid', '24-methylene-3,22-dihydroxycholesterol', 'amorphispironone', 'Casearupestrin D', 'Chaetoglobosin B', ""2-(2'-O-benzoyl)-C-β-D-glucopyranosyl-1,3,6,7-tetrahydroxyxanthone"", 'Isoplumericin', 'α-L-xylopyranosyl-(4""→20)-(3-O-β-D-glucopyranosyl)-1\'-O-E-caffeoyl-β-D-glucopyranoside', '6-[8(Z)-pentadecenyl]salicylic acid', 'ω-fenil alcanoic acid', '2-butyl-D-fructofuranoside', ""Gaudichaudianic acid; (2S)-2-methyl-2-(4'methyl-3'-pentenyl)-8-(3''-methyl-2-butenyl)- 2H-1-benzopyran-6-carboxylic acid"", '(-)-Spectalinine', 'Netzahualcoyondiol', ""2-(2'-O-trans-caffeoyl)-C-β-D-glucopyranosyl-1,3,6,7-tetrahydroxyxanthone"", '(2S)-2-methyl-8-(3""-methylbut-2""-enyl)-2-(4\'-methylpent-3\'-enyl)-2H-chromene-6-carboxylic acid', 'Burchellin', '5-[8(Z)-pentadecenyl]resorcinol', 'Luteolin; 2-(3,4-dihydroxyphenyl)-5,7-dihydroxy-4H-chromen-4-one', 'Sinapic acid', '19,20-Epoxycytochalasin Q', '19,20-Epoxycytochalasin R', 'Muraxanthone', 'Odoratone', 'Rel-6β-hydroxyzuelanin-2β-benzoate', 'shidasterone', '5-hydroxymethyl- 2-furancarboxaldehyde; 5-hydroxymethyl-2-furfuraldehyde', 'atalaphyllinine', 'Rel-(+)-(7S,9R,10S)-3,9,12-trihydroxycalamenene', 'Casearin S', '11β-acetoxyobacunone', '1-(5,7-dihydroxy-2,2-dimethylchroman- 6-yl)-3-[4-hydroxy-3-(3-methylbut-2-en-1-yl)- phenyl]propan-1-one', '(3R,4R)-4,7-Dihydroxymellein', ""Nitensoside B; Pedalitin 6-O-α-rhamnopyranosyl(1'''→6'')-β-glucopyranoside"", 'Amentoflavone', 'Homoegonol', '[8]-gingerol', '4-Hydroxymellein', '5-hydroxymellein', 'fraxinellonone', 'Dibenzyl sulphide', '(-) Cis-4-hydroxy-6-deoxyscytalone', 'Plumericin', '5-[8(Z),11(Z)-pentadecadienyl]resorcinol', 'Cabraleadiol', 'schaftoside', ""(2S)-Methyl-8-isopentyl-2-methyl-2-(4'-methylpentyl)chroman-6-carboxylate"", '3,4,5-Triacetoxybenzoic acid', 'Methyl gallate', '3-O-β-D-quinovopyranosyl cincholic acid', 'Afzelin, 3-O-α-rhamnosyl kaempferol', 'Egonol', '4-Nerolidilcatechol', '2-Methyl-5-methoxy-benzopyran-4-one', '3,4-dihydroxybenzoic acid geranyl ester', 'N-[10-(13,14-methylenedioxyphenyl)-7(E),9(Z)-pentadienoyl]-pyrrolidine', 'Casearupestrin A', '2-oxo-piperol B; (7S*, 8R*, 1R*, 3R*)-3,4,5-trimethoxy-3,7-cyclo-8,1-neolig-8-ene-2,4(3H)-dione', 'taxifolin', ""(2'S)-2-(propan-2'-ol)-5-hydroxy-benzopyran-4-one"", 'Syringic acid', '(+)-3-O-feruloylcassine', '1-(5,7-dihydroxy-2,2-dimethylchroman-6-yl)-3-(1,1,4a-trimethyl-2,3,4,4a,9a-hexahydro-1H-xanthen-7-yl)propan-1-one', 'Methyl (E)-6,7,8-trimethoxycinnamate', '3,4,5-Trimethoxyphenyl-1-O-β-D-(5-O-syringoyl)-apiofuranosyl-(1→6)-β-D-glucopyranoside', '6-[8(Z),11(Z),14-pentadecatrienyl]salicylic acid', 'Sorbifolin', ""Nitensoside A; Sorbifolin 6-O-α-rhamnopyranosyl(1'''→6'')-β-glucopyranoside"", 'Casearin O; (1R*,3S*,5S*,6aR*,7R*,8R*,9S*,10S*,10aR*)-1,10-Bis(acetyloxy)-5-methoxy-7,8-dimethyl-7-[(2Z)-3-methylpenta-2,4-dien-1-yl]-3,5,6,6a,7,8,9,10-octahydronaphtho[1,8a-c]furan-3,9-diyl Dibutanoate', 'germacrene D', 'Gedunin', 'Pedalin, pedalitin 6-O-β -glucopyranoside', 'Caseargrewiin F; (1R*,3S*,5S*,6aR*,7S*,8R*,10R*,10aR*)-1,3-Bis(acetyloxy)-3,5,6,6a,7,8,9,10-octahydro-10-hydroxy-7,8-dimethyl-7-[(2Z)-3-methylpenta-2,4-dien-1-yl]naphtho[1,8a-c]furan-5-yl Butanoate', 'Casearin L; (1R*,3S*,5S*,6aR*,7R*,8R*,9S*,10S*,10aR*)-1,10-Bis(acetyloxy)-3,5,6,6a,7,8,9,10-octahydro-9-hydroxy-5-methoxy-7,8-dimethyl-7-[(2Z)-3-methylpenta-2,4-dien-1-yl]naphtho[1,8a-c]-furan-3-yl Butanoate', 'Platydesmine', 'Leiokinine A', '(±)-Syringaresinol', '6-pentadecylsalicylic acid', 'Methyl-2,2-dimethylchroman-6-carboxylate', ""Myrsinoic acid A, 3-Geranyl-4-hydroxy-5-(3'',3''-dimethylallyl)benzoic acid"", '20α-Hydroxymaytenin; 20-hydroxy-20-epi-tingenone', '(-)-Epigallocatechin-3-O-gallate', 'Casearin D; (1R*,3S*,5S*,6aR*,7R*,8R*,9S*,10S*,10aR*)-1-(Acetyloxy)-3,5,6,6a,7,8,9,10-octahydro-5,10-dihydroxy-7,8-dimethyl-7-[(2Z)-3-methylpenta-2,4-dien-1-yl]naphtho[1,8a-c]furan-3,9-diyl Dibutanoate', 'Rel. (+)-(7S,10S) 3,12-dihydroxycalamenene', 'carlinoside', 'Methyl-8-(ethanoyloxy)-2,2-dimethyl-2H-chromene-6-carboxylate', 'arjunolic acid', 'stachysterone', 'Ethyl 2,4-dihydroxy-5,6-dimethylbenzoate', 'Amentoflavone 7”,4”’-dimethyl ether', 'Picramnioside F', ""2-(2'-O-transcoumaroyl)-C-β-D-glucopyranosyl-1,3,6,7-tetrahydroxyxanthone"", 'Maytenin, Tingenone', 'urauchimycin B', 'Lauryl gallate', 'Syringaldehyde', '22-hydroxytirucalla-7,24-diene-2,3-dione', 'Trans-3’-methylsulphonylallyl trans-cinnamate', '(3-(2-(4-hydroxyphenyl)-2-oxoethyl)-5,6-dihydropyridin- 2(1H)-one)', 'Mangiferin', 'Salacin', 'Viburgenin', ""Pterogynoside; Kaempferol-3-O-(3''-O-4'''-methylgallate-α-L-rhamnoside)"", 'Isobutyl gallate', '7′-multijuguinone', 'Griseofulvin', ""7-Hydroxy-4',6-dimethoxyisoflavone; Afrormosin; Afromosin"", '8-methoxymellein', 'Ixoside', '2β-Hydroxyzuelanin-6β-cinnamate', 'Cognatine', 'Fagaramide', 'Chalepin', 'Chlorogenic acid', '(4R)-4,8-dihydroxy-α-tetralone']]",doi_name
"['10.1016/S0031-9422(01)00431-9', 'Tetrahydropiperyline, N-[10-(13,14-methylenedioxyphenyl)-pentanoyl]-pyrrolidine']","['10.1016/S0031-9422(01)00431-9', ['guaiol', 'γ-eudesmol', 'Hinesol', 'α-eudesmol', 'Galioside aglicone', '11-O-trans-feruloylteucrein', 'Teucrein', 'Apodanthoside', 'Galioside', '4-metoxi-6-[2-(metilamino)fenil]- 2H-piran-2-ona', ""3,4-dimethyl-2-(4'-hydroxy-3',5'-dimethoxyphenyl)-5-methoxy-tetrahydrofuran"", 'Anhydrofusarubin', 'Beauvericin', '(+)-11α-Hydroxyerythravine', '(+)-Erythravine', '(+)-α-Hydroxyerysotrine', 'Tagitinin C', '1-methoxy-3-hydroxy-3,10b-4,5a-diepoxy-8b-isobutyroyloxygermacr-11(13)-en-6a,12-olide', 'Taraxerol acetate', ""3',4',5',3,5,7,8-heptamethoxyflavone"", ""3,5,6,7,3',4',5'-heptamethoxyflavonol"", 'Chlorogenic acid methyl ester, Methyl (1S,3R,4R,5R)-3-{[(2E)-3-(3,4-dihydroxyphenyl)-2-propenoyl]oxy}-1,4,5-trihydroxycyclohexanecarboxylate', 'Nitensidine D', 'Nitensidine E', 'Kaempferol-3-O-D-galactopyranoside', 'Procyanidin B-3', 'Kaempferol-3-O-α-L-rhamnopyranosyl-(1-6)-α-L-rhamnopyranosyl-(1-4)-β-D-glucopyranoside', 'Kaempferol-3-O-D-glucopyranoside', 'Quercetin-3-O-α-L-rhamnopyranosyl-(1→6)-β-D-galactopyranoside', '6-Hydroxy-rutin', 'Kaempferol-3-O-α-L-rhamnopyranosyl-(1→6)-β-D-galactopyranoside', 'Kaempferol-3-O-rutinoside', 'Catechin, Ent-catechin', 'Methyl (3R,4R,5R)-3-{[(2Z)-3-(3,4-dihydroxyphenyl)-2-propenoyl]oxy}-1,4,5-trihydroxycyclohexanecarboxylate', 'Methyl (3R,4R,5R)-3-{[(2E)-3-(3,4-dihydroxyphenyl)-2-propenoyl]oxy}-1,4,5-trihydroxycyclohexanecarboxylate', '5,7-dimethoxy-2,2-dimethyl-2H-1-benzopyran-6-propanoate', 'Mycoleptone A', '9-hydroxyeugenin', 'Austdiol diacetate', 'Mycoleptone B', 'Austdiol', 'Eugenitin', 'Mycoleptone A tetraacetate', '6-methoxyeugenin', '(-)-3-O-acetyl-spectaline', '2α,3α,19α- trihydroxyurs-12-en-28-oic acid', '3,3-O-dimethylquercetin', 'penduletin 4-O-methyl ether', 'p-hydroxybenzoic acid', 'Chrysoeriol', 'acacetin', '3-O-methylquercetin', '3,7,4-O-trimethylkaempferol', '2α,3α-dihydroxyolean-12- en-28-oic acid', 'Deoxycordifoline', 'Turbinatine', '5α-carboxystrictosidine', 'Harman-3-carboxylic acid', 'Cordifoline', 'Strictosidine acid', '3,4-dehydrostrictosidine acid', '3,4-dehydro-strictosidine', 'astilbin; Rel-(2R, 3R)-dihydroquercetin-3-O-±-L-rhamnoside', 'Pimara-7,15-dien-3β-ol', 'Ergosterol peroxide', '(22E,24R)-ergosta-4,6,8(14),22-tetraen-3-one', 'Dimethyl terephthalate', '8-hydroxy-6-methoxy-3-methylisocoumarin', ""4-Hydroxy-3-(3',7'-dimethyl-3'-hydroxy-1'-oxo-6'-octenyl)benzoic acid"", ""Isosakuranetin; 5,7-dihydroxy-4'-methoxyflavanone"", ""Sakuranetin; 5,4'-dihydroxy-7-methoxyflavanone"", ""4-Hydroxy-(3',7'-dimethyl-1'-oxo-octa-2'-E-6'-dienyl)benzoic acid"", ""1,4-Dihydroxy-2-(3',7'-dimethyl-1'-oxo-2'-E-6'-octadienyl)benzene"", '5,7-dimethoxy-2,2-dimethyl-2H-1-benzopyran-6-propanoic acid', '17-(3,4-Methylenedioxyphenyl)-heptadecanoic acid', 'Farnisine', 'Sargaquinoic acid', 'Sargachromenol', '19´-(3,4-Methylenedioxyphenyl)-nonadecanoic acid', ""7,4'-Dihydroxyflavone"", '21´-(3,4-Methylenedioxyphenyl)-henicosanoic acid', '(+)-Guaiacin', ""7,4'-Dimethoxyflavone"", 'Fasciculiferin', 'Tithonine', ""Juruenolic acid; 2-(4'-Methylpentenyl-3)-10-oxoundecan-2,6-dienoic acid"", ""Isoswertisin-4'-methyl-ether-2''α-L-rhamnoside"", 'Clusifoliol', ""Isoswertisin-2''α1-L-rhamnoside"", '2-Episesalatin', 'Sesartemin', '2-n-Propylquinoline', ""2-(3',4'-methylenedioxyphenylethyl)-Quinoline"", ""2-(1'-pentenyl)-Quinoline"", '2-n-Pentylquinoline', ""3',4'-methylenedioxy-5,6,7- trimethoxyflavone"", ""3',4'-methylenedioxy-5,5',6,7-tetramethoxyflavone"", ""2'-hydroxy-3,4,4'-trimethoxy-5',6'-(2'',2''-dimethylpyrano)-chalcone"", ""3',4'-methylenedioxy-5,7-dimethoxyflavone"", '3,21-Di-epi-feroniellide B', '21β,25-dimethylmelianodiol', '21α,25-dimethylmelianodiol', 'Aphidicolin', 'Nilocetin', 'Hispidol A', '3,11-dioxoolean-12-en-28- onic acid', 'Iso-odoratol', 'Pentaol', 'Oleanonic acid', 'cryptomeridiol', 'Piscidinol A', ""Methyl 4-hydroxy-3-(3'-methyl-2'-butenyl)benzoate"", '3,4,5-Trimethoxydihydrocinnamic acid', ""Methyl taboganate; Methyl 4-hydroxy-3-(3'-methyl-1'-oxo-2'-butenyl)benzoate"", ""2',6'-Dihydroxy-4'-methoxydihydrochalcone"", 'Methyl 2,2-dimethyl-1-oxo-2H-1-benzopyran-6-carboxylate', 'Piperaduncine B', ""Hostmaniene; 4-Hydroxy-3-(2',3'-dihydroxy-3'-methylbutyl)benzoate"", ""4-Hydroxy-3-(3',7'-dimethylocta-2'-E-6'-dienyl)benzoic acid"", ""4-Hydroxy-(3',7'-dimethyl-1'-oxo-octa-2'-Z-6'-dienyl)benzoic acid"", ""Aduncumene; Methyl 2-methoxy-5-(3'-methyl-1'-oxo-2'-butenyl)benzoate"", ""Methyl 4-hydroxy-3-(3'-methyl-2'-hydroxy-3'-butenyl)benzoate"", '7-Methoxydiderroside', 'Diderroside', ""6'-Acetyl-β-D-glucopyranosyldiderroside"", 'Secoxyloganin', '2,3-dihydro-4,9-dihydroxy-2-(2-hydroxy-propan-2-yl)- 11-methoxy-10-methylfuro[3,2-b]acridin-5(10H)-one', 'bis-5-hydroxyacronycine', 'Citibrasine', ""Rel-(7R,8S,7'S,8'S)-4'-hydroxy-3,4,5,3',5'-pentamethoxy-7,7'-epoxylignan"", ""Rel-(7R,8S,7'S,8'S)-4,5,4',5'-dimethylenedioxy-3,3'-dimethoxy-7,7'-epoxylignan"", ""Rel-(7R,8S,7'S,8'S)-4-hydroxy-4',5'-methylenedioxy-3,5,3'-trimethoxy-7,7'-epoxylignan"", ""Rel-(7R,8S,7'S,8'S)-4',5'-methylenedioxy-3,4,5,3'-tetramethoxy-7,7'-epoxylignan"", ""Rel-(7R,8S,7'S,8'S)-9-hydroxy-4',5'-methylenedioxy-3,4,5,3'-tetramethoxy-7,7'-epoxylignan"", '3,4-dihydro-3,5,8-trihydroxy-6-methoxy-2,2,7-trimethyl-2Hpyrano[ 2,3-a]acridin-12(7H)-one', '1,3,5-trihydroxy- 2,8-bis(3-methylbut-2-enyl)-10-methyl-9-acridone', 'Pyranofoline', '5-hydroxynoracronycine; Atalaphyllidine', 'Glycocitrine-IV', 'Citrusinine-I', 'Glycocitrine-I', 'Citrusinine-II', '1,3,5-trihydroxy-4-methoxy-10-methyl- 2,8-bis(3-methylbut-2-enyl)acridin-9(10H)-one', 'Stearic acid 4-pentoyloxyphenethyl ester', 'Verrucosin', 'Epi-guaiacin', 'Nectandrin B', '7-Methyl-sargachromenol; 2,7,8-Trimethyl-2-[(3-E,7-Z)-4,12-dimethyl-8-carboxyl-3,7,11-tridecatrienyl]-3-chromen-6-ol, β-caroteno', 'α-Gardiol', 'β-Gardiol', 'Ferulic acid', 'Methacrylic acid', 'Xanthyletin', 'Pellitorine', '(3Z,5Z)-N-isobutyl-8-(30,40-methylenedioxy-phenyl)-heptadienamide', '(Z)-piplartine; 8(Z)-N-(12,13, 14-trimethoxycinnamoyl)- 3-pyridin-2-one', ""N-[3-(6'-methoxy-3',4'-methy-lenedioxyphenyl)-2(Z)-propenoyl]pyrrolidine"", '4,5-dihydropiperyline', 'Piperine', '4,5-dihydropiperlonguminine; Piperlonguminine', '(E)-piplartine', '10,11-dihydropiperine; Δα,β-dihydropiperine', '8,9-dihydropiplartine; N-(12,13,14-trimethoxydihydrocinnamoyl)-Δ3-pyridin-2-one', ""4-Methoxy-3-(3',7'-dimethylocta-2'-E-6'-dienyl)benzoic acid"", 'Methyl-8-hydroxy-2,2-dimethyl-2H-chromene-6-carboxylate', ""3-(3',7 '-dimethyl-2',6 '-octadienyl)-4-methoxy-benzoic acid"", 'cyclo (L)-Pro-Gly', 'Isopimpinellin', 'β-caryophyllene, trans-caryophyllene', 'Cusculine; 1,2,3,5,6-pentamethoxy-9-acridone', 'Cuspanine; 1-hydroxy-2,3,5,6-tetramethoxy-9-acridone', '2α,3α-Dihydroxy-urs-12-en-28-oic acid', '3-O-β-D-(6’-methyl)-glucopyranosyl-28-O-β-D-glucopyranosyl-oleanate', 'Oleanolic acid 3-sophoroside', 'Haplotusine', '5-hydroxyflavone', 'β-Sitosterol benzoate', '2-phenyl-4H-chromen-4-one', 'Sinapyl 4-O-β-D-glucopyranoside aldehyde', 'N-acetylnonaine', 'Sinapyl 4-O-β-D-glucopyranoside alcohol', 'Liriodenine', '[10]-gingerol', ""2,4-Dihydroxy-6-[(1'E,3'E)-penta-1', 3'-dienyl]-benzaldehyde"", '2-methyl-5-[8(Z)-pentadecenyl]resorcinol', 'Nitensidine A', '2-hydroxyphenylacetic acid', '2-methyl-5-pentadecylresorcinol', '3β-hydroxy-stigmast-5-en-7-one; 24-β-7-oxositosterol', 'scillascillin', 'Homoegonol', '[8]-gingerol', '4-Hydroxymellein', '5-hydroxymellein', 'fraxinellonone', 'Dibenzyl sulphide', '(-) Cis-4-hydroxy-6-deoxyscytalone', 'Plumericin', '2,6-di-O-acetylcasearupestrin D', ""Methyl-2,2-dimethyl-8-(3'-methylbut-2'-enyl)chroman-6-carboxylate"", '2,7-Di-O-acetylcasearupestrin A', 'Nitensidine B', '3-O-β-D-quinovopyranosyl quinovic acid', ""8-hydroxy-3,5,7,3',4',5'-hexamethoxyflavonol"", 'Odoratol', 'Leptomerine', '5-hydroxy-N-methylseverifoline', '19,20-Epoxycytochalasin N', 'ellagic acid 4-O-α-L-rhamnopyranoside; eschweilenol C', 'Mayoside C', 'Ourateacatechin', ""3',4',5',5,7-pentamethoxyflavone"", '24-methylenecycloartan-3b-ol', 'Ixoside', '6α-malonyloxy-n-butyl ester manoyl oxide', 'citrusinine-I', 'Ricinine', 'Leptophyllin A', '5-pentadecylresorcinol', '22β-hydroxypristimerin', '1- (5,7-dihydroxy-2,2-dimethylchroman-6-yl)-3-(2,2-dimethylchroman- 6-yl)propan-1-one', 'Canavaline', 'Di-hydrodehydrodiconiferyl alcohol', 'Quercetin', ""2-(2'-O-trans-cinnamoyl)-C-β-D-glucopyranosyl-1,3,6,7-tetrahydroxyxanthone"", 'Kokusaginine', 'Ocotillone', 'des-N-methylnoracronycine', 'Sorbifolin 6-O-β-glucopyranoside', 'Rel-2α-hydroxyzuelanin-6β-benzoate', 'p-hydroxybenzoic acid-geranyl ester', 'Dibenzyl disulphide', 'Proanthocyanidin', 'neoisoastilbin', '(R)-7-Hydroxymellein', '6α-acetoxymanoyl oxide', 'Methyl-8-hydroxy-2,2-dimethylchroman-6-carboxylate', '6α-acetoxy-14β,15β-epoxyazadirone', '19,20-Epoxycytochalasin D', 'fumiquinozoline F', '1-methyl-2-n-nonyl-4-quinolone', '5-[8(Z),11(Z),14-pentadecatrienyl]resorcinol', 'Gallic acid; 3,4,5-trihydroxybenzoic acid', 'Maculosidine', 'Podocarpusflavone A', 'Casearupestrin C', 'urauchimycin A', 'p-Coumaric acid', '(-)-Epigallocatechin', 'Netzahualcoyonol', '1-[3-(3,7-dimethylocta-2,6-dien-1-yl)-2,4,6- trihydroxyphenyl]-3-(4-hydroxyphenyl)propan-1-one', 'Isopropyl gallate', '6β-hydroxy-7-epigardoside methyl ester', 'Tetrahydropiperyline, N-[10-(13,14-methylenedioxyphenyl)-pentanoyl]-pyrrolidine', 'Piperovatine', '2,4,6-trimethoxybenzoic acid', '1-O-(E)-caffeoyl-β-D-glucopyranoside', 'Quercitrin, 3-O-α-rhamnosylquercetin', 'Caseobliquin A', 'Methyl angolensate', ""5-(3'' -Hydroxypropyl)-7-methoxy-2-(3',4' -methyl-enedioxyphenyl)benzofuran"", 'Skimmianine', '2-methyl-5-[8(Z),11(Z),14-pentadecatrienyl]resorcinol', '20-hydroxyecdysone; polypodine A', '3-Acetyl aleuritolic acid', 'Alkenoic acid', 'Quercetin 3-O-α-L-rhamnopyranosyl (1→6)-O-[β -D-glucopyranosyl (1→3)-O-α-L-rhamnopyranosyl-(1→2)]-O-β -D-glucopyranosyl', 'Heveaflavone', 'Arboreumine', '3-Oxoursolic acid', 'Casearupestrin B', 'Kaempferol 3-O-α-L-rhamnopyranosyl (1→6)-O-[β -D-glucopyranosyl (1→3)-O-α-L-rhamnopyranosyl-(1→2)]-O-β -D-glucopyranosyl', '3β-O-[α-L-rhamnopyranosyl-(1→2)-O-β-D-glucopyranosyl-(1→2)-O-β-D-glucopyranosyl]-28-O-β-D-glucopyranoside pomolate', 'Dibenzyl tetrasulphide', ""2',5-dihydroxy-3-methoxy-8-dimethylallyl-6, 7-(2' ',2''-dimethylpyrano)-dihydroflavonol"", '2-n-nonyl-4-quinolone', 'Cytochalasin D', 'Isoorientin', 'toonacilin', 'Uracil', 'epoxy-fraxinellone', '12′-hydroxy-7′-multijuguinone', 'Kaempferitrin', 'Nitensidine C', 'Dipropyl disulphide', '2-methyl-5-[8(Z),11(Z)-pentadecadienyl]resorcinol', 'Methyl 6,7,8-trimethoxydihydrocinnamate', '2-Hexyl-3-methyl-butanodioic acid', 'fraxinellone', '6-[ 8(Z),11(Z) -pentadecadienyl] salicylic acid', '1-O-(E)-feruloyl-β-D-glucopyranoside', '6α-malonyloxymanoyl oxide', 'Benzylhydroxymethyl sulphide', '1,6-di-O-caffeoyl-β-D-glucopyranoside', 'Casearin X; (1R*,3S*,5S*,6aR*,7S*,8S*,10R*,10aR*)-1-(Acetyloxy)-3,5,6,6a,7,8,9,10-octahydro-10-hydroxy-7,8-dimethyl-7-[(2Z)-3-methylpenta-2,4-dien-1-yl]naphtho[1,8a-c]furan-3,5-diyl Dibutanoate', ""2-(R)-Methyl-6-(S)-(tetradecyl-13'-one)-3(R)-O-tert-butyldimethylsilyl-piperidine"", '(2S)-Methyl-2-methyl-8-(3""-methylbut-2""-enyl)-2-(4\'-methylpent-3\'-enyl)-2H-chromene-6-carboxylate', 'Casearin T', '28-O-β-D-glucopyranosyl quinovic acid', '2-Methyl-4-hydroxy-butyl caffeoate', 'N-1,N-2,N-3-Triisopentenylguanidine', 'Dibenzyl trisulphide', 'Maytenin, Tingenone', 'urauchimycin B', ""2-(2'-O-trans-caffeoyl)-C-β-D-glucopyranosyl-1,3,6,7-tetrahydroxyxanthone"", 'Netzahualcoyene', 'Casearin X Dialdehyde; (2R*,4aS*,5S*,7R*,8R*,8aS*)-4,4a-Diformyl-1,2,4a,5,6,7,8,8a-octahydro-5-hydroxy-7,8-dimethyl-8-[(2Z)-3-methylpenta-2,4-dien-1-yl]naphthalen-2-yl Butanoate', 'polypodine B', 'n-Propyl gallate', ""3',4',5',5,7,8-hexamethoxyflavone"", 'Quercetin 3-O-sophoroside', '(3R,4R)-3,4-Dihydro-4,6-dihydroxy-3-methyl-1-oxo-1H-isochromene-5-carboxylic acid', '24-methylene-3,22-dihydroxycholesterol', 'amorphispironone', 'Casearupestrin D', 'Chaetoglobosin B', ""2-(2'-O-benzoyl)-C-β-D-glucopyranosyl-1,3,6,7-tetrahydroxyxanthone"", '19,20-Epoxycytochalasin C', 'n-Pentyl gallate', 'Orcinol', 'Periconicin B', 'Phomopsilactone', ""(2S)-8-Isopentyl-2-methyl-2-(4'-methylpentyl)chroman-6-carboxylic acid"", '2,2-dimethyl-2H-chromene-6-carboxylic acid', '1,2-dihydro- 3β-hydroxy-7-deacetoxy-7-oxogedunin', 'Photogedunin', '(2S)-2-methyl-8-(3""-methylbut-2""-enyl)-2-(4\'-methylpent-3\'-enyl)-2H-chromene-6-carboxylic acid', 'Burchellin', '5-[8(Z)-pentadecenyl]resorcinol', 'Luteolin; 2-(3,4-dihydroxyphenyl)-5,7-dihydroxy-4H-chromen-4-one', 'Sinapic acid', '19,20-Epoxycytochalasin Q', '19,20-Epoxycytochalasin R', 'Muraxanthone', 'Piperyline, N-[10-(13,14-methylenedioxyphenyl)-7(E),9(E)-pentadienoyl]-pyrrolidine', 'ω-fenil alcanoic acid', '2-butyl-D-fructofuranoside', ""Gaudichaudianic acid; (2S)-2-methyl-2-(4'methyl-3'-pentenyl)-8-(3''-methyl-2-butenyl)- 2H-1-benzopyran-6-carboxylic acid"", 'limonexic acid', 'Pedalitin', 'Di(benzyltrithio) methane', '3,11,12-Trihydroxycadalene', 'Casearupestrin A', '2-oxo-piperol B; (7S*, 8R*, 1R*, 3R*)-3,4,5-trimethoxy-3,7-cyclo-8,1-neolig-8-ene-2,4(3H)-dione', 'taxifolin', ""(2'S)-2-(propan-2'-ol)-5-hydroxy-benzopyran-4-one"", 'Rel-(+)-(7S,9R,10S)-3,9,12-trihydroxycalamenene', 'Casearin S', '11β-acetoxyobacunone', '1-(5,7-dihydroxy-2,2-dimethylchroman- 6-yl)-3-[4-hydroxy-3-(3-methylbut-2-en-1-yl)- phenyl]propan-1-one', '(3R,4R)-4,7-Dihydroxymellein', ""Nitensoside B; Pedalitin 6-O-α-rhamnopyranosyl(1'''→6'')-β-glucopyranoside"", 'Amentoflavone', 'Odoratone', 'Rel-6β-hydroxyzuelanin-2β-benzoate', 'Isoplumericin', 'α-L-xylopyranosyl-(4""→20)-(3-O-β-D-glucopyranosyl)-1\'-O-E-caffeoyl-β-D-glucopyranoside', '6-[8(Z)-pentadecenyl]salicylic acid', 'Pedalin, pedalitin 6-O-β -glucopyranoside', 'Caseargrewiin F; (1R*,3S*,5S*,6aR*,7S*,8R*,10R*,10aR*)-1,3-Bis(acetyloxy)-3,5,6,6a,7,8,9,10-octahydro-10-hydroxy-7,8-dimethyl-7-[(2Z)-3-methylpenta-2,4-dien-1-yl]naphtho[1,8a-c]furan-5-yl Butanoate', 'Casearin L; (1R*,3S*,5S*,6aR*,7R*,8R*,9S*,10S*,10aR*)-1,10-Bis(acetyloxy)-3,5,6,6a,7,8,9,10-octahydro-9-hydroxy-5-methoxy-7,8-dimethyl-7-[(2Z)-3-methylpenta-2,4-dien-1-yl]naphtho[1,8a-c]-furan-3-yl Butanoate', 'Netzahualcoyondiol', 'Pristimerin; 20α-3-hydroxy-2-oxo-24-nor-friedela-1-10,3,5,7-tetraen-carboxylic acid-29-methylester', '3,4,5-trimethoxyphenyl 1-O-β-D-apiofuranosyl-(1→6)-O-β-D-glucopyranoside', 'β-photogedunin', 'n-Butyl gallate', ""5-[3''-(β-D-glucopyranosyloxy)propyl]-7-methoxy-2-(3',4'-dimethoxyphenyl)benzofuran"", '3,12-Dihydroxycadalene', '7-hydroxy-3- (11-dimethylallyl)-8-methoxycoumarin', ""N-[7-(3',4'-methylenedioxyphenyl)-2(Z),4(Z)-heptadienoyl]pyrrolidine"", ""Acteoside; [β-3,4-dihydroxyphenyl)-ethyl]-(3'-O-α-L-rhamnopyranosyl)-(4'-O-cafeoyl)-β-D-glycopyranoside, verbascoside"", 'Piperol B', '(-)-Hardwickiic acid', ""5-[3''-(β-D-glucopyranosyloxy)propyl]-7-methoxy-2-(3',4'-methylenedioxyphenyl)benzofuran"", '3,4,5-Triacetoxybenzoic acid', '1-(5,7-dihydroxy-2,2-dimethylchroman-6-yl)-3-(1,1,4a-trimethyl-2,3,4,4a,9a-hexahydro-1H-xanthen-7-yl)propan-1-one', 'Methyl (E)-6,7,8-trimethoxycinnamate', '3,4,5-Trimethoxyphenyl-1-O-β-D-(5-O-syringoyl)-apiofuranosyl-(1→6)-β-D-glucopyranoside', '6-[8(Z),11(Z),14-pentadecatrienyl]salicylic acid', 'Sorbifolin', ""Nitensoside A; Sorbifolin 6-O-α-rhamnopyranosyl(1'''→6'')-β-glucopyranoside"", 'Casearin O; (1R*,3S*,5S*,6aR*,7R*,8R*,9S*,10S*,10aR*)-1,10-Bis(acetyloxy)-5-methoxy-7,8-dimethyl-7-[(2Z)-3-methylpenta-2,4-dien-1-yl]-3,5,6,6a,7,8,9,10-octahydronaphtho[1,8a-c]furan-3,9-diyl Dibutanoate', 'shidasterone', '5-hydroxymethyl- 2-furancarboxaldehyde; 5-hydroxymethyl-2-furfuraldehyde', 'atalaphyllinine', 'N-[10- (13,14-methylenedioxyphenyl)-7(E)-pentaenoyl]-pyrrolidine', '2-Methyl-5-methoxy-benzopyran-4-one', '3,4-dihydroxybenzoic acid geranyl ester', 'N-[10-(13,14-methylenedioxyphenyl)-7(E),9(Z)-pentadienoyl]-pyrrolidine', 'Gedunin', '3-O-β-D-quinovopyranosyl cincholic acid', 'Afzelin, 3-O-α-rhamnosyl kaempferol', 'Egonol', '4-Nerolidilcatechol', ""2-(2'-O-transcoumaroyl)-C-β-D-glucopyranosyl-1,3,6,7-tetrahydroxyxanthone"", 'Syringic acid', '(+)-3-O-feruloylcassine', '6-pentadecylsalicylic acid', 'Methyl-2,2-dimethylchroman-6-carboxylate', ""Myrsinoic acid A, 3-Geranyl-4-hydroxy-5-(3'',3''-dimethylallyl)benzoic acid"", '20α-Hydroxymaytenin; 20-hydroxy-20-epi-tingenone', 'Platydesmine', 'Leiokinine A', 'Cabraleadiol', 'schaftoside', ""(2S)-Methyl-8-isopentyl-2-methyl-2-(4'-methylpentyl)chroman-6-carboxylate"", '(-)-Epigallocatechin-3-O-gallate', 'Casearin D; (1R*,3S*,5S*,6aR*,7R*,8R*,9S*,10S*,10aR*)-1-(Acetyloxy)-3,5,6,6a,7,8,9,10-octahydro-5,10-dihydroxy-7,8-dimethyl-7-[(2Z)-3-methylpenta-2,4-dien-1-yl]naphtho[1,8a-c]furan-3,9-diyl Dibutanoate', 'Rel. (+)-(7S,10S) 3,12-dihydroxycalamenene', 'carlinoside', 'Methyl-8-(ethanoyloxy)-2,2-dimethyl-2H-chromene-6-carboxylate', 'arjunolic acid', 'stachysterone', 'Ethyl 2,4-dihydroxy-5,6-dimethylbenzoate', 'Amentoflavone 7”,4”’-dimethyl ether', 'Picramnioside F', 'Lauryl gallate', 'Syringaldehyde', '22-hydroxytirucalla-7,24-diene-2,3-dione', 'Trans-3’-methylsulphonylallyl trans-cinnamate', 'germacrene D', 'Methyl gallate', '5-[8(Z),11(Z)-pentadecadienyl]resorcinol', '(-)-Spectalinine', '(3-(2-(4-hydroxyphenyl)-2-oxoethyl)-5,6-dihydropyridin- 2(1H)-one)', 'Mangiferin', 'Salacin', 'Viburgenin', ""Pterogynoside; Kaempferol-3-O-(3''-O-4'''-methylgallate-α-L-rhamnoside)"", 'Isobutyl gallate', '7′-multijuguinone', 'Griseofulvin', ""7-Hydroxy-4',6-dimethoxyisoflavone; Afrormosin; Afromosin"", '8-methoxymellein', '(±)-Syringaresinol', 'Cyclo-(L-Pro-L-Val)', 'Acetonide of odoratol', '(−)-Grandisin', '2β-Hydroxyzuelanin-6β-cinnamate', 'Cognatine', 'Fagaramide', 'Chalepin', 'Chlorogenic acid', '(4R)-4,8-dihydroxy-α-tetralone', 'Kaempferol']]",doi_name
"['10.1590/S0102-695X2007000300003', 'Amentoflavone 7”,4”’-dimethyl ether']","['10.1590/S0102-695X2007000300003', ['guaiol', 'Hinesol', 'γ-eudesmol', 'α-eudesmol', 'Galioside aglicone', '11-O-trans-feruloylteucrein', 'Teucrein', 'Apodanthoside', 'Galioside', 'Mycoleptone A', '9-hydroxyeugenin', 'Mycoleptone B', 'Eugenitin', 'Austdiol', '6-methoxyeugenin', 'Mycoleptone A tetraacetate', 'Austdiol diacetate', '5,7-dimethoxy-2,2-dimethyl-2H-1-benzopyran-6-propanoate', 'Chlorogenic acid methyl ester, Methyl (1S,3R,4R,5R)-3-{[(2E)-3-(3,4-dihydroxyphenyl)-2-propenoyl]oxy}-1,4,5-trihydroxycyclohexanecarboxylate', '7-Methoxydiderroside', ""6'-Acetyl-β-D-glucopyranosyldiderroside"", 'Diderroside', 'Secoxyloganin', '(-)-3-O-acetyl-spectaline', 'cyclo (L)-Pro-Gly', ""4-Methoxy-3-(3',7'-dimethylocta-2'-E-6'-dienyl)benzoic acid"", ""3-(3',7 '-dimethyl-2',6 '-octadienyl)-4-methoxy-benzoic acid"", 'Methyl-8-hydroxy-2,2-dimethyl-2H-chromene-6-carboxylate', 'Verrucosin', 'Epi-guaiacin', 'Nectandrin B', '7-Methyl-sargachromenol; 2,7,8-Trimethyl-2-[(3-E,7-Z)-4,12-dimethyl-8-carboxyl-3,7,11-tridecatrienyl]-3-chromen-6-ol, β-caroteno', '2-n-Propylquinoline', ""2-(3',4'-methylenedioxyphenylethyl)-Quinoline"", '2-n-Pentylquinoline', ""2-(1'-pentenyl)-Quinoline"", ""3',4'-methylenedioxy-5,5',6,7-tetramethoxyflavone"", ""2'-hydroxy-3,4,4'-trimethoxy-5',6'-(2'',2''-dimethylpyrano)-chalcone"", ""3',4'-methylenedioxy-5,6,7- trimethoxyflavone"", ""3',4'-methylenedioxy-5,7-dimethoxyflavone"", 'Xanthyletin', '17-(3,4-Methylenedioxyphenyl)-heptadecanoic acid', 'Tithonine', 'Farnisine', '19´-(3,4-Methylenedioxyphenyl)-nonadecanoic acid', 'Sargaquinoic acid', ""7,4'-Dimethoxyflavone"", ""Juruenolic acid; 2-(4'-Methylpentenyl-3)-10-oxoundecan-2,6-dienoic acid"", 'Sargachromenol', ""7,4'-Dihydroxyflavone"", 'Fasciculiferin', '(+)-Guaiacin', '21´-(3,4-Methylenedioxyphenyl)-henicosanoic acid', ""2',6'-Dihydroxy-4'-methoxydihydrochalcone"", ""Methyl taboganate; Methyl 4-hydroxy-3-(3'-methyl-1'-oxo-2'-butenyl)benzoate"", 'Methyl 2,2-dimethyl-1-oxo-2H-1-benzopyran-6-carboxylate', '3,4,5-Trimethoxydihydrocinnamic acid', ""4-Hydroxy-3-(3',7'-dimethylocta-2'-E-6'-dienyl)benzoic acid"", ""Hostmaniene; 4-Hydroxy-3-(2',3'-dihydroxy-3'-methylbutyl)benzoate"", ""Methyl 4-hydroxy-3-(3'-methyl-2'-butenyl)benzoate"", 'Piperaduncine B', ""4-Hydroxy-(3',7'-dimethyl-1'-oxo-octa-2'-Z-6'-dienyl)benzoic acid"", ""Methyl 4-hydroxy-3-(3'-methyl-2'-hydroxy-3'-butenyl)benzoate"", ""Aduncumene; Methyl 2-methoxy-5-(3'-methyl-1'-oxo-2'-butenyl)benzoate"", 'Citibrasine', '2,3-dihydro-4,9-dihydroxy-2-(2-hydroxy-propan-2-yl)- 11-methoxy-10-methylfuro[3,2-b]acridin-5(10H)-one', 'bis-5-hydroxyacronycine', 'Stearic acid 4-pentoyloxyphenethyl ester', '3,3-O-dimethylquercetin', '2α,3α,19α- trihydroxyurs-12-en-28-oic acid', 'penduletin 4-O-methyl ether', '3-O-methylquercetin', 'acacetin', '3,7,4-O-trimethylkaempferol', 'p-hydroxybenzoic acid', '2α,3α-dihydroxyolean-12- en-28-oic acid', 'Chrysoeriol', '21α,25-dimethylmelianodiol', '21β,25-dimethylmelianodiol', '3,21-Di-epi-feroniellide B', 'Taraxerol acetate', 'Aphidicolin', 'Isopimpinellin', 'Kaempferol-3-O-rutinoside', 'Kaempferol-3-O-α-L-rhamnopyranosyl-(1→6)-β-D-galactopyranoside', 'Catechin, Ent-catechin', 'Procyanidin B-3', 'Kaempferol-3-O-D-glucopyranoside', 'Quercetin-3-O-α-L-rhamnopyranosyl-(1→6)-β-D-galactopyranoside', 'Kaempferol-3-O-α-L-rhamnopyranosyl-(1-6)-α-L-rhamnopyranosyl-(1-4)-β-D-glucopyranoside', '6-Hydroxy-rutin', 'Kaempferol-3-O-D-galactopyranoside', 'Citrusinine-II', 'Glycocitrine-I', '1,3,5-trihydroxy- 2,8-bis(3-methylbut-2-enyl)-10-methyl-9-acridone', 'Glycocitrine-IV', '1,3,5-trihydroxy-4-methoxy-10-methyl- 2,8-bis(3-methylbut-2-enyl)acridin-9(10H)-one', 'Pyranofoline', 'Citrusinine-I', '5-hydroxynoracronycine; Atalaphyllidine', '3,4-dihydro-3,5,8-trihydroxy-6-methoxy-2,2,7-trimethyl-2Hpyrano[ 2,3-a]acridin-12(7H)-one', 'Methyl (3R,4R,5R)-3-{[(2E)-3-(3,4-dihydroxyphenyl)-2-propenoyl]oxy}-1,4,5-trihydroxycyclohexanecarboxylate', 'Methyl (3R,4R,5R)-3-{[(2Z)-3-(3,4-dihydroxyphenyl)-2-propenoyl]oxy}-1,4,5-trihydroxycyclohexanecarboxylate', 'Oleanonic acid', 'Piscidinol A', 'Iso-odoratol', 'Pentaol', 'cryptomeridiol', '3,11-dioxoolean-12-en-28- onic acid', 'Hispidol A', 'Nilocetin', 'Beauvericin', 'Anhydrofusarubin', ""Rel-(7R,8S,7'S,8'S)-9-hydroxy-4',5'-methylenedioxy-3,4,5,3'-tetramethoxy-7,7'-epoxylignan"", ""Rel-(7R,8S,7'S,8'S)-4,5,4',5'-dimethylenedioxy-3,3'-dimethoxy-7,7'-epoxylignan"", ""Rel-(7R,8S,7'S,8'S)-4'-hydroxy-3,4,5,3',5'-pentamethoxy-7,7'-epoxylignan"", ""Rel-(7R,8S,7'S,8'S)-4-hydroxy-4',5'-methylenedioxy-3,5,3'-trimethoxy-7,7'-epoxylignan"", ""Rel-(7R,8S,7'S,8'S)-4',5'-methylenedioxy-3,4,5,3'-tetramethoxy-7,7'-epoxylignan"", '(+)-Erythravine', '(+)-α-Hydroxyerysotrine', '(+)-11α-Hydroxyerythravine', 'Ferulic acid', 'α-Gardiol', 'β-Gardiol', '8,9-dihydropiplartine; N-(12,13,14-trimethoxydihydrocinnamoyl)-Δ3-pyridin-2-one', '10,11-dihydropiperine; Δα,β-dihydropiperine', '(E)-piplartine', '4,5-dihydropiperyline', ""N-[3-(6'-methoxy-3',4'-methy-lenedioxyphenyl)-2(Z)-propenoyl]pyrrolidine"", 'Piperine', '4,5-dihydropiperlonguminine; Piperlonguminine', '(Z)-piplartine; 8(Z)-N-(12,13, 14-trimethoxycinnamoyl)- 3-pyridin-2-one', 'Pellitorine', '(3Z,5Z)-N-isobutyl-8-(30,40-methylenedioxy-phenyl)-heptadienamide', 'Clusifoliol', ""Isoswertisin-4'-methyl-ether-2''α-L-rhamnoside"", '2-Episesalatin', ""Isoswertisin-2''α1-L-rhamnoside"", 'Sesartemin', '5,7-dimethoxy-2,2-dimethyl-2H-1-benzopyran-6-propanoic acid', 'astilbin; Rel-(2R, 3R)-dihydroquercetin-3-O-±-L-rhamnoside', 'Tagitinin C', '1-methoxy-3-hydroxy-3,10b-4,5a-diepoxy-8b-isobutyroyloxygermacr-11(13)-en-6a,12-olide', ""3',4',5',3,5,7,8-heptamethoxyflavone"", ""3,5,6,7,3',4',5'-heptamethoxyflavonol"", ""3,4-dimethyl-2-(4'-hydroxy-3',5'-dimethoxyphenyl)-5-methoxy-tetrahydrofuran"", ""1,4-Dihydroxy-2-(3',7'-dimethyl-1'-oxo-2'-E-6'-octadienyl)benzene"", ""4-Hydroxy-3-(3',7'-dimethyl-3'-hydroxy-1'-oxo-6'-octenyl)benzoic acid"", ""4-Hydroxy-(3',7'-dimethyl-1'-oxo-octa-2'-E-6'-dienyl)benzoic acid"", ""Isosakuranetin; 5,7-dihydroxy-4'-methoxyflavanone"", ""Sakuranetin; 5,4'-dihydroxy-7-methoxyflavanone"", 'Nitensidine E', 'Nitensidine D', 'Harman-3-carboxylic acid', '5α-carboxystrictosidine', 'Strictosidine acid', '3,4-dehydro-strictosidine', '3,4-dehydrostrictosidine acid', 'Cordifoline', 'Turbinatine', 'Deoxycordifoline', 'Ergosterol peroxide', '(22E,24R)-ergosta-4,6,8(14),22-tetraen-3-one', 'Dimethyl terephthalate', '8-hydroxy-6-methoxy-3-methylisocoumarin', 'Pimara-7,15-dien-3β-ol', '4-metoxi-6-[2-(metilamino)fenil]- 2H-piran-2-ona', 'Methacrylic acid', 'β-caryophyllene, trans-caryophyllene', 'Cusculine; 1,2,3,5,6-pentamethoxy-9-acridone', 'Cuspanine; 1-hydroxy-2,3,5,6-tetramethoxy-9-acridone', '2α,3α-Dihydroxy-urs-12-en-28-oic acid', 'Oleanolic acid 3-sophoroside', '3-O-β-D-(6’-methyl)-glucopyranosyl-28-O-β-D-glucopyranosyl-oleanate', 'Haplotusine', '5-hydroxyflavone', '2-phenyl-4H-chromen-4-one', 'β-Sitosterol benzoate', 'Sinapyl 4-O-β-D-glucopyranoside aldehyde', 'N-acetylnonaine', 'Sinapyl 4-O-β-D-glucopyranoside alcohol', 'Liriodenine', '[10]-gingerol', ""2,4-Dihydroxy-6-[(1'E,3'E)-penta-1', 3'-dienyl]-benzaldehyde"", 'Nitensidine A', '2-methyl-5-[8(Z)-pentadecenyl]resorcinol', '2-hydroxyphenylacetic acid', '3-O-β-D-quinovopyranosyl quinovic acid', 'Kaempferol', ""8-hydroxy-3,5,7,3',4',5'-hexamethoxyflavonol"", '(4R)-4,8-dihydroxy-α-tetralone', 'Chlorogenic acid', 'Chalepin', ""2-(2'-O-trans-caffeoyl)-C-β-D-glucopyranosyl-1,3,6,7-tetrahydroxyxanthone"", 'Netzahualcoyene', 'Casearin X Dialdehyde; (2R*,4aS*,5S*,7R*,8R*,8aS*)-4,4a-Diformyl-1,2,4a,5,6,7,8,8a-octahydro-5-hydroxy-7,8-dimethyl-8-[(2Z)-3-methylpenta-2,4-dien-1-yl]naphthalen-2-yl Butanoate', 'polypodine B', 'n-Propyl gallate', 'Leptomerine', '5-hydroxy-N-methylseverifoline', '19,20-Epoxycytochalasin N', 'ellagic acid 4-O-α-L-rhamnopyranoside; eschweilenol C', 'Mayoside C', 'Ourateacatechin', ""3',4',5',5,7-pentamethoxyflavone"", '2-methyl-5-pentadecylresorcinol', '3β-hydroxy-stigmast-5-en-7-one; 24-β-7-oxositosterol', 'scillascillin', '7′-multijuguinone', 'Griseofulvin', ""7-Hydroxy-4',6-dimethoxyisoflavone; Afrormosin; Afromosin"", '8-methoxymellein', '(±)-Syringaresinol', 'Cyclo-(L-Pro-L-Val)', '5-hydroxymellein', 'fraxinellonone', 'Dibenzyl trisulphide', 'Maytenin, Tingenone', 'urauchimycin B', 'Ocotillone', 'des-N-methylnoracronycine', 'Sorbifolin 6-O-β-glucopyranoside', 'Rel-2α-hydroxyzuelanin-6β-benzoate', '2,6-di-O-acetylcasearupestrin D', ""Methyl-2,2-dimethyl-8-(3'-methylbut-2'-enyl)chroman-6-carboxylate"", '2,7-Di-O-acetylcasearupestrin A', 'Nitensidine B', '1-methyl-2-n-nonyl-4-quinolone', '5-[8(Z),11(Z),14-pentadecatrienyl]resorcinol', 'Odoratol', ""2',5-dihydroxy-3-methoxy-8-dimethylallyl-6, 7-(2' ',2''-dimethylpyrano)-dihydroflavonol"", '2-n-nonyl-4-quinolone', 'Cytochalasin D', 'Isoorientin', 'Gallic acid; 3,4,5-trihydroxybenzoic acid', 'Maculosidine', 'Podocarpusflavone A', 'Casearupestrin C', '6α-malonyloxy-n-butyl ester manoyl oxide', 'citrusinine-I', 'Ricinine', 'Leptophyllin A', '5-pentadecylresorcinol', 'Homoegonol', '[8]-gingerol', '4-Hydroxymellein', '3,4,5-trimethoxyphenyl 1-O-β-D-apiofuranosyl-(1→6)-O-β-D-glucopyranoside', 'β-photogedunin', 'n-Butyl gallate', ""5-[3''-(β-D-glucopyranosyloxy)propyl]-7-methoxy-2-(3',4'-dimethoxyphenyl)benzofuran"", '3,12-Dihydroxycadalene', 'Dibenzyl sulphide', '(-) Cis-4-hydroxy-6-deoxyscytalone', 'Plumericin', '5-[8(Z),11(Z)-pentadecadienyl]resorcinol', '(-)-Spectalinine', 'Netzahualcoyondiol', '19,20-Epoxycytochalasin D', 'fumiquinozoline F', 'Kaempferol 3-O-α-L-rhamnopyranosyl (1→6)-O-[β -D-glucopyranosyl (1→3)-O-α-L-rhamnopyranosyl-(1→2)]-O-β -D-glucopyranosyl', '3β-O-[α-L-rhamnopyranosyl-(1→2)-O-β-D-glucopyranosyl-(1→2)-O-β-D-glucopyranosyl]-28-O-β-D-glucopyranoside pomolate', 'Dibenzyl tetrasulphide', '3-Oxoursolic acid', 'Casearupestrin B', 'toonacilin', 'Uracil', '1-O-(E)-feruloyl-β-D-glucopyranoside', '19,20-Epoxycytochalasin C', 'urauchimycin A', 'p-Coumaric acid', '(-)-Epigallocatechin', 'Netzahualcoyonol', '1-[3-(3,7-dimethylocta-2,6-dien-1-yl)-2,4,6- trihydroxyphenyl]-3-(4-hydroxyphenyl)propan-1-one', '6α-malonyloxymanoyl oxide', 'Benzylhydroxymethyl sulphide', '1,6-di-O-caffeoyl-β-D-glucopyranoside', '2-methyl-5-[8(Z),11(Z),14-pentadecatrienyl]resorcinol', 'Pristimerin; 20α-3-hydroxy-2-oxo-24-nor-friedela-1-10,3,5,7-tetraen-carboxylic acid-29-methylester', 'Photogedunin', 'Casearin X; (1R*,3S*,5S*,6aR*,7S*,8S*,10R*,10aR*)-1-(Acetyloxy)-3,5,6,6a,7,8,9,10-octahydro-10-hydroxy-7,8-dimethyl-7-[(2Z)-3-methylpenta-2,4-dien-1-yl]naphtho[1,8a-c]furan-3,5-diyl Dibutanoate', 'Skimmianine', 'p-hydroxybenzoic acid-geranyl ester', 'Dibenzyl disulphide', 'Proanthocyanidin', 'neoisoastilbin', '7-hydroxy-3- (11-dimethylallyl)-8-methoxycoumarin', ""N-[7-(3',4'-methylenedioxyphenyl)-2(Z),4(Z)-heptadienoyl]pyrrolidine"", ""Acteoside; [β-3,4-dihydroxyphenyl)-ethyl]-(3'-O-α-L-rhamnopyranosyl)-(4'-O-cafeoyl)-β-D-glycopyranoside, verbascoside"", '20-hydroxyecdysone; polypodine A', '3-Acetyl aleuritolic acid', 'Alkenoic acid', 'Quercetin 3-O-α-L-rhamnopyranosyl (1→6)-O-[β -D-glucopyranosyl (1→3)-O-α-L-rhamnopyranosyl-(1→2)]-O-β -D-glucopyranosyl', 'Heveaflavone', 'Arboreumine', 'Quercetin', ""2-(2'-O-trans-cinnamoyl)-C-β-D-glucopyranosyl-1,3,6,7-tetrahydroxyxanthone"", 'Kokusaginine', 'Piperol B', '(-)-Hardwickiic acid', ""5-[3''-(β-D-glucopyranosyloxy)propyl]-7-methoxy-2-(3',4'-methylenedioxyphenyl)benzofuran"", '28-O-β-D-glucopyranosyl quinovic acid', '2-Methyl-4-hydroxy-butyl caffeoate', 'N-1,N-2,N-3-Triisopentenylguanidine', 'n-Pentyl gallate', 'Orcinol', 'Periconicin B', 'Phomopsilactone', ""(2S)-8-Isopentyl-2-methyl-2-(4'-methylpentyl)chroman-6-carboxylic acid"", '2,2-dimethyl-2H-chromene-6-carboxylic acid', '1,2-dihydro- 3β-hydroxy-7-deacetoxy-7-oxogedunin', '6α-acetoxy-14β,15β-epoxyazadirone', ""2-(R)-Methyl-6-(S)-(tetradecyl-13'-one)-3(R)-O-tert-butyldimethylsilyl-piperidine"", '(2S)-Methyl-2-methyl-8-(3""-methylbut-2""-enyl)-2-(4\'-methylpent-3\'-enyl)-2H-chromene-6-carboxylate', 'Casearin T', 'Piperyline, N-[10-(13,14-methylenedioxyphenyl)-7(E),9(E)-pentadienoyl]-pyrrolidine', 'ω-fenil alcanoic acid', '2-butyl-D-fructofuranoside', ""Gaudichaudianic acid; (2S)-2-methyl-2-(4'methyl-3'-pentenyl)-8-(3''-methyl-2-butenyl)- 2H-1-benzopyran-6-carboxylic acid"", 'limonexic acid', 'Pedalitin', 'Methyl angolensate', ""5-(3'' -Hydroxypropyl)-7-methoxy-2-(3',4' -methyl-enedioxyphenyl)benzofuran"", '22β-hydroxypristimerin', '1- (5,7-dihydroxy-2,2-dimethylchroman-6-yl)-3-(2,2-dimethylchroman- 6-yl)propan-1-one', 'Canavaline', 'Di-hydrodehydrodiconiferyl alcohol', '3,11,12-Trihydroxycadalene', 'Quercetin 3-O-sophoroside', '(3R,4R)-3,4-Dihydro-4,6-dihydroxy-3-methyl-1-oxo-1H-isochromene-5-carboxylic acid', '24-methylene-3,22-dihydroxycholesterol', 'amorphispironone', 'Casearupestrin D', 'Chaetoglobosin B', ""2-(2'-O-benzoyl)-C-β-D-glucopyranosyl-1,3,6,7-tetrahydroxyxanthone"", 'Isoplumericin', 'α-L-xylopyranosyl-(4""→20)-(3-O-β-D-glucopyranosyl)-1\'-O-E-caffeoyl-β-D-glucopyranoside', 'epoxy-fraxinellone', '12′-hydroxy-7′-multijuguinone', 'Kaempferitrin', '(R)-7-Hydroxymellein', '6α-acetoxymanoyl oxide', 'Methyl-8-hydroxy-2,2-dimethylchroman-6-carboxylate', 'Nitensidine C', 'Dipropyl disulphide', '2-methyl-5-[8(Z),11(Z)-pentadecadienyl]resorcinol', 'Methyl 6,7,8-trimethoxydihydrocinnamate', '2-Hexyl-3-methyl-butanodioic acid', 'fraxinellone', '6-[ 8(Z),11(Z) -pentadecadienyl] salicylic acid', '6-[8(Z)-pentadecenyl]salicylic acid', '(2S)-2-methyl-8-(3""-methylbut-2""-enyl)-2-(4\'-methylpent-3\'-enyl)-2H-chromene-6-carboxylic acid', 'Burchellin', '5-[8(Z)-pentadecenyl]resorcinol', 'Luteolin; 2-(3,4-dihydroxyphenyl)-5,7-dihydroxy-4H-chromen-4-one', 'Sinapic acid', '19,20-Epoxycytochalasin Q', '19,20-Epoxycytochalasin R', 'Di(benzyltrithio) methane', 'Rel-(+)-(7S,9R,10S)-3,9,12-trihydroxycalamenene', 'Casearin S', '11β-acetoxyobacunone', '1-(5,7-dihydroxy-2,2-dimethylchroman- 6-yl)-3-[4-hydroxy-3-(3-methylbut-2-en-1-yl)- phenyl]propan-1-one', 'Muraxanthone', 'Odoratone', 'Rel-6β-hydroxyzuelanin-2β-benzoate', 'shidasterone', '5-hydroxymethyl- 2-furancarboxaldehyde; 5-hydroxymethyl-2-furfuraldehyde', 'atalaphyllinine', 'N-[10- (13,14-methylenedioxyphenyl)-7(E)-pentaenoyl]-pyrrolidine', '2-Methyl-5-methoxy-benzopyran-4-one', '3,4-dihydroxybenzoic acid geranyl ester', 'N-[10-(13,14-methylenedioxyphenyl)-7(E),9(Z)-pentadienoyl]-pyrrolidine', 'Gedunin', 'Pedalin, pedalitin 6-O-β -glucopyranoside', '(+)-3-O-feruloylcassine', '1-(5,7-dihydroxy-2,2-dimethylchroman-6-yl)-3-(1,1,4a-trimethyl-2,3,4,4a,9a-hexahydro-1H-xanthen-7-yl)propan-1-one', 'Methyl (E)-6,7,8-trimethoxycinnamate', '3,4,5-Trimethoxyphenyl-1-O-β-D-(5-O-syringoyl)-apiofuranosyl-(1→6)-β-D-glucopyranoside', 'Caseargrewiin F; (1R*,3S*,5S*,6aR*,7S*,8R*,10R*,10aR*)-1,3-Bis(acetyloxy)-3,5,6,6a,7,8,9,10-octahydro-10-hydroxy-7,8-dimethyl-7-[(2Z)-3-methylpenta-2,4-dien-1-yl]naphtho[1,8a-c]furan-5-yl Butanoate', 'Casearin L; (1R*,3S*,5S*,6aR*,7R*,8R*,9S*,10S*,10aR*)-1,10-Bis(acetyloxy)-3,5,6,6a,7,8,9,10-octahydro-9-hydroxy-5-methoxy-7,8-dimethyl-7-[(2Z)-3-methylpenta-2,4-dien-1-yl]naphtho[1,8a-c]-furan-3-yl Butanoate', 'Platydesmine', 'Leiokinine A', 'Cabraleadiol', 'schaftoside', ""(2S)-Methyl-8-isopentyl-2-methyl-2-(4'-methylpentyl)chroman-6-carboxylate"", '3,4,5-Triacetoxybenzoic acid', 'Casearupestrin A', '2-oxo-piperol B; (7S*, 8R*, 1R*, 3R*)-3,4,5-trimethoxy-3,7-cyclo-8,1-neolig-8-ene-2,4(3H)-dione', 'taxifolin', ""(2'S)-2-(propan-2'-ol)-5-hydroxy-benzopyran-4-one"", ""Myrsinoic acid A, 3-Geranyl-4-hydroxy-5-(3'',3''-dimethylallyl)benzoic acid"", '20α-Hydroxymaytenin; 20-hydroxy-20-epi-tingenone', '(-)-Epigallocatechin-3-O-gallate', 'Casearin D; (1R*,3S*,5S*,6aR*,7R*,8R*,9S*,10S*,10aR*)-1-(Acetyloxy)-3,5,6,6a,7,8,9,10-octahydro-5,10-dihydroxy-7,8-dimethyl-7-[(2Z)-3-methylpenta-2,4-dien-1-yl]naphtho[1,8a-c]furan-3,9-diyl Dibutanoate', 'Rel. (+)-(7S,10S) 3,12-dihydroxycalamenene', 'carlinoside', '(3R,4R)-4,7-Dihydroxymellein', ""Nitensoside B; Pedalitin 6-O-α-rhamnopyranosyl(1'''→6'')-β-glucopyranoside"", 'Amentoflavone', 'Methyl gallate', '3-O-β-D-quinovopyranosyl cincholic acid', 'Afzelin, 3-O-α-rhamnosyl kaempferol', 'Egonol', '4-Nerolidilcatechol', ""2-(2'-O-transcoumaroyl)-C-β-D-glucopyranosyl-1,3,6,7-tetrahydroxyxanthone"", 'Syringic acid', 'Syringaldehyde', '22-hydroxytirucalla-7,24-diene-2,3-dione', 'Trans-3’-methylsulphonylallyl trans-cinnamate', '(3-(2-(4-hydroxyphenyl)-2-oxoethyl)-5,6-dihydropyridin- 2(1H)-one)', 'Mangiferin', 'Salacin', 'Viburgenin', ""Pterogynoside; Kaempferol-3-O-(3''-O-4'''-methylgallate-α-L-rhamnoside)"", 'Isobutyl gallate', '6-[8(Z),11(Z),14-pentadecatrienyl]salicylic acid', 'Sorbifolin', ""Nitensoside A; Sorbifolin 6-O-α-rhamnopyranosyl(1'''→6'')-β-glucopyranoside"", 'Casearin O; (1R*,3S*,5S*,6aR*,7R*,8R*,9S*,10S*,10aR*)-1,10-Bis(acetyloxy)-5-methoxy-7,8-dimethyl-7-[(2Z)-3-methylpenta-2,4-dien-1-yl]-3,5,6,6a,7,8,9,10-octahydronaphtho[1,8a-c]furan-3,9-diyl Dibutanoate', 'germacrene D', '6-pentadecylsalicylic acid', 'Methyl-2,2-dimethylchroman-6-carboxylate', ""3',4',5',5,7,8-hexamethoxyflavone"", 'Isopropyl gallate', '6β-hydroxy-7-epigardoside methyl ester', 'Tetrahydropiperyline, N-[10-(13,14-methylenedioxyphenyl)-pentanoyl]-pyrrolidine', 'Piperovatine', '2,4,6-trimethoxybenzoic acid', '1-O-(E)-caffeoyl-β-D-glucopyranoside', 'Quercitrin, 3-O-α-rhamnosylquercetin', 'Caseobliquin A', 'Methyl-8-(ethanoyloxy)-2,2-dimethyl-2H-chromene-6-carboxylate', 'arjunolic acid', 'stachysterone', 'Ethyl 2,4-dihydroxy-5,6-dimethylbenzoate', 'Amentoflavone 7”,4”’-dimethyl ether', 'Picramnioside F', 'Lauryl gallate', 'Acetonide of odoratol', '(−)-Grandisin', '24-methylenecycloartan-3b-ol', 'Ixoside', '2β-Hydroxyzuelanin-6β-cinnamate', 'Cognatine', 'Fagaramide']]",doi_name
"['10.1021/np030100t', ""2-(2'-O-trans-cinnamoyl)-C-β-D-glucopyranosyl-1,3,6,7-tetrahydroxyxanthone""]","['10.1021/np030100t', ['Galioside aglicone', 'Teucrein', '11-O-trans-feruloylteucrein', 'Apodanthoside', 'Galioside', 'Hinesol', 'guaiol', 'γ-eudesmol', 'α-eudesmol', 'Mycoleptone A', '9-hydroxyeugenin', 'Eugenitin', 'Austdiol diacetate', 'Austdiol', 'Mycoleptone B', '6-methoxyeugenin', 'Mycoleptone A tetraacetate', ""2'-hydroxy-3,4,4'-trimethoxy-5',6'-(2'',2''-dimethylpyrano)-chalcone"", ""3',4'-methylenedioxy-5,6,7- trimethoxyflavone"", ""3',4'-methylenedioxy-5,5',6,7-tetramethoxyflavone"", ""3',4'-methylenedioxy-5,7-dimethoxyflavone"", '3,21-Di-epi-feroniellide B', '21β,25-dimethylmelianodiol', '21α,25-dimethylmelianodiol', 'Secoxyloganin', '7-Methoxydiderroside', ""6'-Acetyl-β-D-glucopyranosyldiderroside"", 'Diderroside', '5,7-dimethoxy-2,2-dimethyl-2H-1-benzopyran-6-propanoate', 'Sargachromenol', ""7,4'-Dihydroxyflavone"", 'Sargaquinoic acid', '21´-(3,4-Methylenedioxyphenyl)-henicosanoic acid', ""7,4'-Dimethoxyflavone"", '19´-(3,4-Methylenedioxyphenyl)-nonadecanoic acid', '(+)-Guaiacin', 'Farnisine', ""Juruenolic acid; 2-(4'-Methylpentenyl-3)-10-oxoundecan-2,6-dienoic acid"", 'Fasciculiferin', 'Tithonine', '17-(3,4-Methylenedioxyphenyl)-heptadecanoic acid', ""3-(3',7 '-dimethyl-2',6 '-octadienyl)-4-methoxy-benzoic acid"", ""4-Methoxy-3-(3',7'-dimethylocta-2'-E-6'-dienyl)benzoic acid"", 'Methyl-8-hydroxy-2,2-dimethyl-2H-chromene-6-carboxylate', 'Nectandrin B', 'Verrucosin', 'Epi-guaiacin', '7-Methyl-sargachromenol; 2,7,8-Trimethyl-2-[(3-E,7-Z)-4,12-dimethyl-8-carboxyl-3,7,11-tridecatrienyl]-3-chromen-6-ol, β-caroteno', 'Chlorogenic acid methyl ester, Methyl (1S,3R,4R,5R)-3-{[(2E)-3-(3,4-dihydroxyphenyl)-2-propenoyl]oxy}-1,4,5-trihydroxycyclohexanecarboxylate', '(-)-3-O-acetyl-spectaline', '2,3-dihydro-4,9-dihydroxy-2-(2-hydroxy-propan-2-yl)- 11-methoxy-10-methylfuro[3,2-b]acridin-5(10H)-one', 'bis-5-hydroxyacronycine', 'Citibrasine', ""Rel-(7R,8S,7'S,8'S)-4'-hydroxy-3,4,5,3',5'-pentamethoxy-7,7'-epoxylignan"", ""Rel-(7R,8S,7'S,8'S)-4-hydroxy-4',5'-methylenedioxy-3,5,3'-trimethoxy-7,7'-epoxylignan"", ""Rel-(7R,8S,7'S,8'S)-9-hydroxy-4',5'-methylenedioxy-3,4,5,3'-tetramethoxy-7,7'-epoxylignan"", ""Rel-(7R,8S,7'S,8'S)-4',5'-methylenedioxy-3,4,5,3'-tetramethoxy-7,7'-epoxylignan"", ""Rel-(7R,8S,7'S,8'S)-4,5,4',5'-dimethylenedioxy-3,3'-dimethoxy-7,7'-epoxylignan"", ""2-(1'-pentenyl)-Quinoline"", '2-n-Propylquinoline', '2-n-Pentylquinoline', ""2-(3',4'-methylenedioxyphenylethyl)-Quinoline"", 'α-Gardiol', 'Ferulic acid', 'β-Gardiol', 'Xanthyletin', 'cyclo (L)-Pro-Gly', 'Pyranofoline', 'Citrusinine-I', '5-hydroxynoracronycine; Atalaphyllidine', 'Glycocitrine-IV', 'Glycocitrine-I', '1,3,5-trihydroxy- 2,8-bis(3-methylbut-2-enyl)-10-methyl-9-acridone', 'Citrusinine-II', '1,3,5-trihydroxy-4-methoxy-10-methyl- 2,8-bis(3-methylbut-2-enyl)acridin-9(10H)-one', '3,4-dihydro-3,5,8-trihydroxy-6-methoxy-2,2,7-trimethyl-2Hpyrano[ 2,3-a]acridin-12(7H)-one', 'Nitensidine E', 'Nitensidine D', 'p-hydroxybenzoic acid', '2α,3α-dihydroxyolean-12- en-28-oic acid', 'penduletin 4-O-methyl ether', '3,3-O-dimethylquercetin', '3,7,4-O-trimethylkaempferol', '3-O-methylquercetin', 'acacetin', 'Chrysoeriol', '2α,3α,19α- trihydroxyurs-12-en-28-oic acid', ""3,4-dimethyl-2-(4'-hydroxy-3',5'-dimethoxyphenyl)-5-methoxy-tetrahydrofuran"", '10,11-dihydropiperine; Δα,β-dihydropiperine', '8,9-dihydropiplartine; N-(12,13,14-trimethoxydihydrocinnamoyl)-Δ3-pyridin-2-one', 'Piperine', '4,5-dihydropiperlonguminine; Piperlonguminine', ""N-[3-(6'-methoxy-3',4'-methy-lenedioxyphenyl)-2(Z)-propenoyl]pyrrolidine"", '(E)-piplartine', '4,5-dihydropiperyline', '(Z)-piplartine; 8(Z)-N-(12,13, 14-trimethoxycinnamoyl)- 3-pyridin-2-one', '(3Z,5Z)-N-isobutyl-8-(30,40-methylenedioxy-phenyl)-heptadienamide', 'Pellitorine', '(+)-Erythravine', '(+)-11α-Hydroxyerythravine', '(+)-α-Hydroxyerysotrine', 'Kaempferol-3-O-α-L-rhamnopyranosyl-(1→6)-β-D-galactopyranoside', 'Kaempferol-3-O-rutinoside', 'Catechin, Ent-catechin', '6-Hydroxy-rutin', 'Procyanidin B-3', 'Kaempferol-3-O-α-L-rhamnopyranosyl-(1-6)-α-L-rhamnopyranosyl-(1-4)-β-D-glucopyranoside', 'Quercetin-3-O-α-L-rhamnopyranosyl-(1→6)-β-D-galactopyranoside', 'Kaempferol-3-O-D-glucopyranoside', 'Kaempferol-3-O-D-galactopyranoside', ""Aduncumene; Methyl 2-methoxy-5-(3'-methyl-1'-oxo-2'-butenyl)benzoate"", ""4-Hydroxy-(3',7'-dimethyl-1'-oxo-octa-2'-Z-6'-dienyl)benzoic acid"", ""Methyl 4-hydroxy-3-(3'-methyl-2'-hydroxy-3'-butenyl)benzoate"", ""4-Hydroxy-3-(3',7'-dimethylocta-2'-E-6'-dienyl)benzoic acid"", 'Piperaduncine B', ""Hostmaniene; 4-Hydroxy-3-(2',3'-dihydroxy-3'-methylbutyl)benzoate"", ""Methyl taboganate; Methyl 4-hydroxy-3-(3'-methyl-1'-oxo-2'-butenyl)benzoate"", ""Methyl 4-hydroxy-3-(3'-methyl-2'-butenyl)benzoate"", '3,4,5-Trimethoxydihydrocinnamic acid', 'Methyl 2,2-dimethyl-1-oxo-2H-1-benzopyran-6-carboxylate', ""2',6'-Dihydroxy-4'-methoxydihydrochalcone"", '5,7-dimethoxy-2,2-dimethyl-2H-1-benzopyran-6-propanoic acid', 'Aphidicolin', 'Isopimpinellin', '3,4-dehydro-strictosidine', 'Harman-3-carboxylic acid', '3,4-dehydrostrictosidine acid', 'Cordifoline', 'Turbinatine', 'Strictosidine acid', '5α-carboxystrictosidine', 'Deoxycordifoline', 'Taraxerol acetate', 'Methyl (3R,4R,5R)-3-{[(2E)-3-(3,4-dihydroxyphenyl)-2-propenoyl]oxy}-1,4,5-trihydroxycyclohexanecarboxylate', 'Methyl (3R,4R,5R)-3-{[(2Z)-3-(3,4-dihydroxyphenyl)-2-propenoyl]oxy}-1,4,5-trihydroxycyclohexanecarboxylate', 'Beauvericin', 'Anhydrofusarubin', ""3',4',5',3,5,7,8-heptamethoxyflavone"", ""3,5,6,7,3',4',5'-heptamethoxyflavonol"", '1-methoxy-3-hydroxy-3,10b-4,5a-diepoxy-8b-isobutyroyloxygermacr-11(13)-en-6a,12-olide', 'Tagitinin C', ""4-Hydroxy-3-(3',7'-dimethyl-3'-hydroxy-1'-oxo-6'-octenyl)benzoic acid"", ""1,4-Dihydroxy-2-(3',7'-dimethyl-1'-oxo-2'-E-6'-octadienyl)benzene"", ""Isosakuranetin; 5,7-dihydroxy-4'-methoxyflavanone"", ""4-Hydroxy-(3',7'-dimethyl-1'-oxo-octa-2'-E-6'-dienyl)benzoic acid"", ""Sakuranetin; 5,4'-dihydroxy-7-methoxyflavanone"", 'Nilocetin', 'Hispidol A', 'Pentaol', '3,11-dioxoolean-12-en-28- onic acid', 'cryptomeridiol', 'Iso-odoratol', 'Piscidinol A', 'Oleanonic acid', 'astilbin; Rel-(2R, 3R)-dihydroquercetin-3-O-±-L-rhamnoside', '4-metoxi-6-[2-(metilamino)fenil]- 2H-piran-2-ona', 'Stearic acid 4-pentoyloxyphenethyl ester', 'Clusifoliol', ""Isoswertisin-4'-methyl-ether-2''α-L-rhamnoside"", '2-Episesalatin', ""Isoswertisin-2''α1-L-rhamnoside"", 'Sesartemin', '8-hydroxy-6-methoxy-3-methylisocoumarin', 'Ergosterol peroxide', '(22E,24R)-ergosta-4,6,8(14),22-tetraen-3-one', 'Dimethyl terephthalate', 'Pimara-7,15-dien-3β-ol', 'β-caryophyllene, trans-caryophyllene', 'Methacrylic acid', 'Cusculine; 1,2,3,5,6-pentamethoxy-9-acridone', 'Cuspanine; 1-hydroxy-2,3,5,6-tetramethoxy-9-acridone', '2α,3α-Dihydroxy-urs-12-en-28-oic acid', 'Oleanolic acid 3-sophoroside', '3-O-β-D-(6’-methyl)-glucopyranosyl-28-O-β-D-glucopyranosyl-oleanate', 'β-Sitosterol benzoate', '5-hydroxyflavone', '2-phenyl-4H-chromen-4-one', 'Haplotusine', 'Sinapyl 4-O-β-D-glucopyranoside aldehyde', 'N-acetylnonaine', 'Sinapyl 4-O-β-D-glucopyranoside alcohol', 'Liriodenine', '[10]-gingerol', ""2,4-Dihydroxy-6-[(1'E,3'E)-penta-1', 3'-dienyl]-benzaldehyde"", '2-methyl-5-[8(Z)-pentadecenyl]resorcinol', 'Kaempferol', '2-hydroxyphenylacetic acid', '3-O-β-D-quinovopyranosyl quinovic acid', '(4R)-4,8-dihydroxy-α-tetralone', 'scillascillin', 'Chlorogenic acid', 'Chalepin', 'Kokusaginine', ""2-(2'-O-trans-caffeoyl)-C-β-D-glucopyranosyl-1,3,6,7-tetrahydroxyxanthone"", 'Netzahualcoyene', 'Casearin X Dialdehyde; (2R*,4aS*,5S*,7R*,8R*,8aS*)-4,4a-Diformyl-1,2,4a,5,6,7,8,8a-octahydro-5-hydroxy-7,8-dimethyl-8-[(2Z)-3-methylpenta-2,4-dien-1-yl]naphthalen-2-yl Butanoate', 'polypodine B', 'n-Propyl gallate', 'Leptomerine', '5-hydroxy-N-methylseverifoline', '19,20-Epoxycytochalasin N', 'ellagic acid 4-O-α-L-rhamnopyranoside; eschweilenol C', 'Mayoside C', 'Ourateacatechin', ""3',4',5',5,7-pentamethoxyflavone"", '2-methyl-5-pentadecylresorcinol', '3β-hydroxy-stigmast-5-en-7-one; 24-β-7-oxositosterol', ""Pterogynoside; Kaempferol-3-O-(3''-O-4'''-methylgallate-α-L-rhamnoside)"", 'Isobutyl gallate', '7′-multijuguinone', 'Griseofulvin', ""7-Hydroxy-4',6-dimethoxyisoflavone; Afrormosin; Afromosin"", '8-methoxymellein', '(±)-Syringaresinol', 'fraxinellonone', 'Quercetin', ""2-(2'-O-trans-cinnamoyl)-C-β-D-glucopyranosyl-1,3,6,7-tetrahydroxyxanthone"", 'Ocotillone', 'des-N-methylnoracronycine', 'Sorbifolin 6-O-β-glucopyranoside', 'Rel-2α-hydroxyzuelanin-6β-benzoate', '2,6-di-O-acetylcasearupestrin D', ""Methyl-2,2-dimethyl-8-(3'-methylbut-2'-enyl)chroman-6-carboxylate"", '2,7-Di-O-acetylcasearupestrin A', 'Nitensidine B', '1-methyl-2-n-nonyl-4-quinolone', '5-[8(Z),11(Z),14-pentadecatrienyl]resorcinol', 'Nitensidine A', ""8-hydroxy-3,5,7,3',4',5'-hexamethoxyflavonol"", 'Odoratol', 'Cytochalasin D', 'Isoorientin', 'Uracil', 'Maculosidine', 'Podocarpusflavone A', 'Casearupestrin C', '6α-malonyloxy-n-butyl ester manoyl oxide', 'citrusinine-I', 'Ricinine', 'Leptophyllin A', '5-pentadecylresorcinol', 'urauchimycin B', 'Homoegonol', '[8]-gingerol', '4-Hydroxymellein', '5-hydroxymellein', 'Pristimerin; 20α-3-hydroxy-2-oxo-24-nor-friedela-1-10,3,5,7-tetraen-carboxylic acid-29-methylester', '3,4,5-trimethoxyphenyl 1-O-β-D-apiofuranosyl-(1→6)-O-β-D-glucopyranoside', 'β-photogedunin', 'n-Butyl gallate', 'Dibenzyl sulphide', '(-) Cis-4-hydroxy-6-deoxyscytalone', 'Plumericin', '5-[8(Z),11(Z)-pentadecadienyl]resorcinol', '(-)-Spectalinine', '19,20-Epoxycytochalasin D', 'fumiquinozoline F', 'Kaempferol 3-O-α-L-rhamnopyranosyl (1→6)-O-[β -D-glucopyranosyl (1→3)-O-α-L-rhamnopyranosyl-(1→2)]-O-β -D-glucopyranosyl', '3β-O-[α-L-rhamnopyranosyl-(1→2)-O-β-D-glucopyranosyl-(1→2)-O-β-D-glucopyranosyl]-28-O-β-D-glucopyranoside pomolate', 'Dibenzyl tetrasulphide', ""2',5-dihydroxy-3-methoxy-8-dimethylallyl-6, 7-(2' ',2''-dimethylpyrano)-dihydroflavonol"", '2-n-nonyl-4-quinolone', 'Heveaflavone', 'Arboreumine', '3-Oxoursolic acid', 'Casearupestrin B', 'toonacilin', 'Pedalitin', 'urauchimycin A', 'p-Coumaric acid', '(-)-Epigallocatechin', 'Netzahualcoyonol', '1-[3-(3,7-dimethylocta-2,6-dien-1-yl)-2,4,6- trihydroxyphenyl]-3-(4-hydroxyphenyl)propan-1-one', '6α-malonyloxymanoyl oxide', 'Benzylhydroxymethyl sulphide', '1,6-di-O-caffeoyl-β-D-glucopyranoside', '2-methyl-5-[8(Z),11(Z),14-pentadecatrienyl]resorcinol', 'Netzahualcoyondiol', '1,2-dihydro- 3β-hydroxy-7-deacetoxy-7-oxogedunin', 'Photogedunin', 'Casearin X; (1R*,3S*,5S*,6aR*,7S*,8S*,10R*,10aR*)-1-(Acetyloxy)-3,5,6,6a,7,8,9,10-octahydro-10-hydroxy-7,8-dimethyl-7-[(2Z)-3-methylpenta-2,4-dien-1-yl]naphtho[1,8a-c]furan-3,5-diyl Dibutanoate', 'Skimmianine', 'p-hydroxybenzoic acid-geranyl ester', 'Dibenzyl disulphide', 'Proanthocyanidin', ""5-[3''-(β-D-glucopyranosyloxy)propyl]-7-methoxy-2-(3',4'-dimethoxyphenyl)benzofuran"", '3,12-Dihydroxycadalene', '7-hydroxy-3- (11-dimethylallyl)-8-methoxycoumarin', ""N-[7-(3',4'-methylenedioxyphenyl)-2(Z),4(Z)-heptadienoyl]pyrrolidine"", ""Acteoside; [β-3,4-dihydroxyphenyl)-ethyl]-(3'-O-α-L-rhamnopyranosyl)-(4'-O-cafeoyl)-β-D-glycopyranoside, verbascoside"", '20-hydroxyecdysone; polypodine A', '3-Acetyl aleuritolic acid', 'Alkenoic acid', 'Quercetin 3-O-α-L-rhamnopyranosyl (1→6)-O-[β -D-glucopyranosyl (1→3)-O-α-L-rhamnopyranosyl-(1→2)]-O-β -D-glucopyranosyl', 'Quercitrin, 3-O-α-rhamnosylquercetin', 'Caseobliquin A', 'Methyl angolensate', ""5-(3'' -Hydroxypropyl)-7-methoxy-2-(3',4' -methyl-enedioxyphenyl)benzofuran"", '22β-hydroxypristimerin', '1- (5,7-dihydroxy-2,2-dimethylchroman-6-yl)-3-(2,2-dimethylchroman- 6-yl)propan-1-one', 'Canavaline', 'Di-hydrodehydrodiconiferyl alcohol', '1-O-(E)-feruloyl-β-D-glucopyranoside', '19,20-Epoxycytochalasin C', 'n-Pentyl gallate', 'Orcinol', 'Periconicin B', 'Phomopsilactone', ""(2S)-8-Isopentyl-2-methyl-2-(4'-methylpentyl)chroman-6-carboxylic acid"", '2,2-dimethyl-2H-chromene-6-carboxylic acid', 'α-L-xylopyranosyl-(4""→20)-(3-O-β-D-glucopyranosyl)-1\'-O-E-caffeoyl-β-D-glucopyranoside', ""2-(R)-Methyl-6-(S)-(tetradecyl-13'-one)-3(R)-O-tert-butyldimethylsilyl-piperidine"", '(2S)-Methyl-2-methyl-8-(3""-methylbut-2""-enyl)-2-(4\'-methylpent-3\'-enyl)-2H-chromene-6-carboxylate', 'Casearin T', 'Piperyline, N-[10-(13,14-methylenedioxyphenyl)-7(E),9(E)-pentadienoyl]-pyrrolidine', 'ω-fenil alcanoic acid', '2-butyl-D-fructofuranoside', ""Gaudichaudianic acid; (2S)-2-methyl-2-(4'methyl-3'-pentenyl)-8-(3''-methyl-2-butenyl)- 2H-1-benzopyran-6-carboxylic acid"", 'limonexic acid', 'Di(benzyltrithio) methane', '28-O-β-D-glucopyranosyl quinovic acid', '2-Methyl-4-hydroxy-butyl caffeoate', 'N-1,N-2,N-3-Triisopentenylguanidine', 'Dibenzyl trisulphide', 'Maytenin, Tingenone', 'Gallic acid; 3,4,5-trihydroxybenzoic acid', '(3R,4R)-3,4-Dihydro-4,6-dihydroxy-3-methyl-1-oxo-1H-isochromene-5-carboxylic acid', '24-methylene-3,22-dihydroxycholesterol', 'amorphispironone', 'Casearupestrin D', 'Chaetoglobosin B', ""2-(2'-O-benzoyl)-C-β-D-glucopyranosyl-1,3,6,7-tetrahydroxyxanthone"", 'Isoplumericin', '6α-acetoxy-14β,15β-epoxyazadirone', 'epoxy-fraxinellone', '12′-hydroxy-7′-multijuguinone', 'Kaempferitrin', 'Nitensidine C', 'neoisoastilbin', '(R)-7-Hydroxymellein', '6α-acetoxymanoyl oxide', 'Methyl-8-hydroxy-2,2-dimethylchroman-6-carboxylate', '2-methyl-5-[8(Z),11(Z)-pentadecadienyl]resorcinol', 'Methyl 6,7,8-trimethoxydihydrocinnamate', '2-Hexyl-3-methyl-butanodioic acid', 'fraxinellone', '6-[ 8(Z),11(Z) -pentadecadienyl] salicylic acid', 'N-[10-(13,14-methylenedioxyphenyl)-7(E),9(Z)-pentadienoyl]-pyrrolidine', '6-[8(Z)-pentadecenyl]salicylic acid', '(2S)-2-methyl-8-(3""-methylbut-2""-enyl)-2-(4\'-methylpent-3\'-enyl)-2H-chromene-6-carboxylic acid', 'Burchellin', '5-[8(Z)-pentadecenyl]resorcinol', 'Luteolin; 2-(3,4-dihydroxyphenyl)-5,7-dihydroxy-4H-chromen-4-one', 'Sinapic acid', '19,20-Epoxycytochalasin Q', '19,20-Epoxycytochalasin R', '3,11,12-Trihydroxycadalene', 'Quercetin 3-O-sophoroside', '11β-acetoxyobacunone', '1-(5,7-dihydroxy-2,2-dimethylchroman- 6-yl)-3-[4-hydroxy-3-(3-methylbut-2-en-1-yl)- phenyl]propan-1-one', 'Muraxanthone', '3,4,5-Triacetoxybenzoic acid', 'Odoratone', 'Rel-6β-hydroxyzuelanin-2β-benzoate', 'shidasterone', '5-hydroxymethyl- 2-furancarboxaldehyde; 5-hydroxymethyl-2-furfuraldehyde', 'atalaphyllinine', 'N-[10- (13,14-methylenedioxyphenyl)-7(E)-pentaenoyl]-pyrrolidine', '2-Methyl-5-methoxy-benzopyran-4-one', '3,4-dihydroxybenzoic acid geranyl ester', 'Gedunin', 'Pedalin, pedalitin 6-O-β -glucopyranoside', 'Caseargrewiin F; (1R*,3S*,5S*,6aR*,7S*,8R*,10R*,10aR*)-1,3-Bis(acetyloxy)-3,5,6,6a,7,8,9,10-octahydro-10-hydroxy-7,8-dimethyl-7-[(2Z)-3-methylpenta-2,4-dien-1-yl]naphtho[1,8a-c]furan-5-yl Butanoate', 'Dipropyl disulphide', '1-(5,7-dihydroxy-2,2-dimethylchroman-6-yl)-3-(1,1,4a-trimethyl-2,3,4,4a,9a-hexahydro-1H-xanthen-7-yl)propan-1-one', 'Methyl (E)-6,7,8-trimethoxycinnamate', '3,4,5-Trimethoxyphenyl-1-O-β-D-(5-O-syringoyl)-apiofuranosyl-(1→6)-β-D-glucopyranoside', '6-[8(Z),11(Z),14-pentadecatrienyl]salicylic acid', 'Casearin L; (1R*,3S*,5S*,6aR*,7R*,8R*,9S*,10S*,10aR*)-1,10-Bis(acetyloxy)-3,5,6,6a,7,8,9,10-octahydro-9-hydroxy-5-methoxy-7,8-dimethyl-7-[(2Z)-3-methylpenta-2,4-dien-1-yl]naphtho[1,8a-c]-furan-3-yl Butanoate', 'Platydesmine', 'Leiokinine A', 'Cabraleadiol', 'schaftoside', ""(2S)-Methyl-8-isopentyl-2-methyl-2-(4'-methylpentyl)chroman-6-carboxylate"", 'Casearupestrin A', '2-oxo-piperol B; (7S*, 8R*, 1R*, 3R*)-3,4,5-trimethoxy-3,7-cyclo-8,1-neolig-8-ene-2,4(3H)-dione', 'taxifolin', ""(2'S)-2-(propan-2'-ol)-5-hydroxy-benzopyran-4-one"", 'Rel-(+)-(7S,9R,10S)-3,9,12-trihydroxycalamenene', 'Casearin S', ""Myrsinoic acid A, 3-Geranyl-4-hydroxy-5-(3'',3''-dimethylallyl)benzoic acid"", '20α-Hydroxymaytenin; 20-hydroxy-20-epi-tingenone', '(-)-Epigallocatechin-3-O-gallate', 'Casearin D; (1R*,3S*,5S*,6aR*,7R*,8R*,9S*,10S*,10aR*)-1-(Acetyloxy)-3,5,6,6a,7,8,9,10-octahydro-5,10-dihydroxy-7,8-dimethyl-7-[(2Z)-3-methylpenta-2,4-dien-1-yl]naphtho[1,8a-c]furan-3,9-diyl Dibutanoate', 'Rel. (+)-(7S,10S) 3,12-dihydroxycalamenene', '(3R,4R)-4,7-Dihydroxymellein', ""Nitensoside B; Pedalitin 6-O-α-rhamnopyranosyl(1'''→6'')-β-glucopyranoside"", 'Methyl gallate', '3-O-β-D-quinovopyranosyl cincholic acid', 'Afzelin, 3-O-α-rhamnosyl kaempferol', 'Egonol', '4-Nerolidilcatechol', ""2-(2'-O-transcoumaroyl)-C-β-D-glucopyranosyl-1,3,6,7-tetrahydroxyxanthone"", 'Syringic acid', '(+)-3-O-feruloylcassine', 'Amentoflavone', 'Amentoflavone 7”,4”’-dimethyl ether', 'Picramnioside F', 'Lauryl gallate', 'Syringaldehyde', '22-hydroxytirucalla-7,24-diene-2,3-dione', 'Trans-3’-methylsulphonylallyl trans-cinnamate', '(3-(2-(4-hydroxyphenyl)-2-oxoethyl)-5,6-dihydropyridin- 2(1H)-one)', 'Mangiferin', 'Viburgenin', 'Sorbifolin', ""Nitensoside A; Sorbifolin 6-O-α-rhamnopyranosyl(1'''→6'')-β-glucopyranoside"", 'Casearin O; (1R*,3S*,5S*,6aR*,7R*,8R*,9S*,10S*,10aR*)-1,10-Bis(acetyloxy)-5-methoxy-7,8-dimethyl-7-[(2Z)-3-methylpenta-2,4-dien-1-yl]-3,5,6,6a,7,8,9,10-octahydronaphtho[1,8a-c]furan-3,9-diyl Dibutanoate', 'germacrene D', 'Salacin', '6-pentadecylsalicylic acid', 'Methyl-2,2-dimethylchroman-6-carboxylate', ""3',4',5',5,7,8-hexamethoxyflavone"", 'Isopropyl gallate', '6β-hydroxy-7-epigardoside methyl ester', 'Tetrahydropiperyline, N-[10-(13,14-methylenedioxyphenyl)-pentanoyl]-pyrrolidine', 'Piperovatine', '2,4,6-trimethoxybenzoic acid', '1-O-(E)-caffeoyl-β-D-glucopyranoside', 'Piperol B', '(-)-Hardwickiic acid', ""5-[3''-(β-D-glucopyranosyloxy)propyl]-7-methoxy-2-(3',4'-methylenedioxyphenyl)benzofuran"", 'carlinoside', 'Methyl-8-(ethanoyloxy)-2,2-dimethyl-2H-chromene-6-carboxylate', '2β-Hydroxyzuelanin-6β-cinnamate', 'arjunolic acid', 'stachysterone', 'Ethyl 2,4-dihydroxy-5,6-dimethylbenzoate', 'Cyclo-(L-Pro-L-Val)', 'Acetonide of odoratol', '(−)-Grandisin', '24-methylenecycloartan-3b-ol', 'Ixoside', 'Cognatine', 'Fagaramide']]",doi_name
"['10.5935/0103-5053.19930018', ""3',4',5',5,7,8-hexamethoxyflavone""]","['10.5935/0103-5053.19930018', ['Farnisine', 'Ourateacatechin', 'Mayoside C', 'Mycoleptone B', '2-phenyl-4H-chromen-4-one', '1,3,5-trihydroxy-4-methoxy-10-methyl- 2,8-bis(3-methylbut-2-enyl)acridin-9(10H)-one', 'Chlorogenic acid', '10,11-dihydropiperine; Δα,β-dihydropiperine', 'Teucrein', 'Chalepin', 'Pellitorine', 'Haplotusine', '3,4-dehydrostrictosidine acid', ""Sakuranetin; 5,4'-dihydroxy-7-methoxyflavanone"", 'Methyl 2,2-dimethyl-1-oxo-2H-1-benzopyran-6-carboxylate', 'Apodanthoside', '7′-multijuguinone', 'Isobutyl gallate', 'Oleanonic acid', ""Pterogynoside; Kaempferol-3-O-(3''-O-4'''-methylgallate-α-L-rhamnoside)"", 'Viburgenin', 'Piperaduncine B', 'Liriodenine', 'ellagic acid 4-O-α-L-rhamnopyranoside; eschweilenol C', 'Tithonine', '19,20-Epoxycytochalasin N', '5-hydroxy-N-methylseverifoline', 'Leptomerine', 'Strictosidine acid', ""Rel-(7R,8S,7'S,8'S)-4,5,4',5'-dimethylenedioxy-3,3'-dimethoxy-7,7'-epoxylignan"", 'Ferulic acid', ""8-hydroxy-3,5,7,3',4',5'-hexamethoxyflavonol"", 'Nitensidine D', 'Fagaramide', 'Cognatine', '11-O-trans-feruloylteucrein', 'cyclo (L)-Pro-Gly', '4-metoxi-6-[2-(metilamino)fenil]- 2H-piran-2-ona', 'germacrene D', 'Casearin O; (1R*,3S*,5S*,6aR*,7R*,8R*,9S*,10S*,10aR*)-1,10-Bis(acetyloxy)-5-methoxy-7,8-dimethyl-7-[(2Z)-3-methylpenta-2,4-dien-1-yl]-3,5,6,6a,7,8,9,10-octahydronaphtho[1,8a-c]furan-3,9-diyl Dibutanoate', 'Secoxyloganin', ""Isoswertisin-4'-methyl-ether-2''α-L-rhamnoside"", 'α-eudesmol', 'Catechin, Ent-catechin', ""Isoswertisin-2''α1-L-rhamnoside"", ""Nitensoside A; Sorbifolin 6-O-α-rhamnopyranosyl(1'''→6'')-β-glucopyranoside"", 'Sorbifolin', 'Dimethyl terephthalate', '6-[8(Z),11(Z),14-pentadecatrienyl]salicylic acid', 'Chlorogenic acid methyl ester, Methyl (1S,3R,4R,5R)-3-{[(2E)-3-(3,4-dihydroxyphenyl)-2-propenoyl]oxy}-1,4,5-trihydroxycyclohexanecarboxylate', '3,4,5-Trimethoxyphenyl-1-O-β-D-(5-O-syringoyl)-apiofuranosyl-(1→6)-β-D-glucopyranoside', 'Methyl (E)-6,7,8-trimethoxycinnamate', '1-(5,7-dihydroxy-2,2-dimethylchroman-6-yl)-3-(1,1,4a-trimethyl-2,3,4,4a,9a-hexahydro-1H-xanthen-7-yl)propan-1-one', 'Amentoflavone', 'Clusifoliol', ""Nitensoside B; Pedalitin 6-O-α-rhamnopyranosyl(1'''→6'')-β-glucopyranoside"", '(3R,4R)-4,7-Dihydroxymellein', '1-(5,7-dihydroxy-2,2-dimethylchroman- 6-yl)-3-[4-hydroxy-3-(3-methylbut-2-en-1-yl)- phenyl]propan-1-one', '5,7-dimethoxy-2,2-dimethyl-2H-1-benzopyran-6-propanoate', '11β-acetoxyobacunone', 'Casearin S', 'Rel-(+)-(7S,9R,10S)-3,9,12-trihydroxycalamenene', '5-hydroxynoracronycine; Atalaphyllidine', ""(2'S)-2-(propan-2'-ol)-5-hydroxy-benzopyran-4-one"", 'Pentaol', 'taxifolin', '2-oxo-piperol B; (7S*, 8R*, 1R*, 3R*)-3,4,5-trimethoxy-3,7-cyclo-8,1-neolig-8-ene-2,4(3H)-dione', 'Piperine', 'Casearupestrin A', 'Nitensidine E', '6-[ 8(Z),11(Z) -pentadecadienyl] salicylic acid', 'fraxinellone', '2-Hexyl-3-methyl-butanodioic acid', ""3-(3',7 '-dimethyl-2',6 '-octadienyl)-4-methoxy-benzoic acid"", 'Methyl 6,7,8-trimethoxydihydrocinnamate', 'Stearic acid 4-pentoyloxyphenethyl ester', '2-methyl-5-[8(Z),11(Z)-pentadecadienyl]resorcinol', 'Dipropyl disulphide', 'Nitensidine C', 'Ergosterol peroxide', 'Kaempferitrin', '12′-hydroxy-7′-multijuguinone', 'Galioside aglicone', 'epoxy-fraxinellone', '9-hydroxyeugenin', '6α-acetoxy-14β,15β-epoxyazadirone', 'Methyl-8-hydroxy-2,2-dimethylchroman-6-carboxylate', '6α-acetoxymanoyl oxide', ""Rel-(7R,8S,7'S,8'S)-4-hydroxy-4',5'-methylenedioxy-3,5,3'-trimethoxy-7,7'-epoxylignan"", '(R)-7-Hydroxymellein', 'Harman-3-carboxylic acid', 'neoisoastilbin', 'Proanthocyanidin', 'Dibenzyl disulphide', '3-O-β-D-(6’-methyl)-glucopyranosyl-28-O-β-D-glucopyranosyl-oleanate', '3,7,4-O-trimethylkaempferol', 'p-hydroxybenzoic acid-geranyl ester', '(3Z,5Z)-N-isobutyl-8-(30,40-methylenedioxy-phenyl)-heptadienamide', 'Skimmianine', ""3',4',5',3,5,7,8-heptamethoxyflavone"", 'Citrusinine-II', ""6'-Acetyl-β-D-glucopyranosyldiderroside"", ""Acteoside; [β-3,4-dihydroxyphenyl)-ethyl]-(3'-O-α-L-rhamnopyranosyl)-(4'-O-cafeoyl)-β-D-glycopyranoside, verbascoside"", 'Kaempferol-3-O-D-galactopyranoside', ""N-[7-(3',4'-methylenedioxyphenyl)-2(Z),4(Z)-heptadienoyl]pyrrolidine"", '7-hydroxy-3- (11-dimethylallyl)-8-methoxycoumarin', '3,12-Dihydroxycadalene', ""5-[3''-(β-D-glucopyranosyloxy)propyl]-7-methoxy-2-(3',4'-dimethoxyphenyl)benzofuran"", 'n-Butyl gallate', 'Hinesol', 'β-photogedunin', '17-(3,4-Methylenedioxyphenyl)-heptadecanoic acid', '3,4,5-trimethoxyphenyl 1-O-β-D-apiofuranosyl-(1→6)-O-β-D-glucopyranoside', 'Pristimerin; 20α-3-hydroxy-2-oxo-24-nor-friedela-1-10,3,5,7-tetraen-carboxylic acid-29-methylester', '3,3-O-dimethylquercetin', 'Pyranofoline', '5-hydroxyflavone', 'Netzahualcoyondiol', '4,5-dihydropiperyline', 'Procyanidin B-3', '(-)-Spectalinine', '5-[8(Z),11(Z)-pentadecadienyl]resorcinol', 'Plumericin', '(-) Cis-4-hydroxy-6-deoxyscytalone', 'Dibenzyl sulphide', 'fraxinellonone', '5-hydroxymellein', '8-hydroxy-6-methoxy-3-methylisocoumarin', '4-Hydroxymellein', '[8]-gingerol', ""Rel-(7R,8S,7'S,8'S)-9-hydroxy-4',5'-methylenedioxy-3,4,5,3'-tetramethoxy-7,7'-epoxylignan"", 'Homoegonol', ""7,4'-Dihydroxyflavone"", 'urauchimycin B', 'Oleanolic acid 3-sophoroside', '3,4,5-Trimethoxydihydrocinnamic acid', 'Maytenin, Tingenone', 'Dibenzyl trisulphide', ""Methyl 4-hydroxy-3-(3'-methyl-2'-hydroxy-3'-butenyl)benzoate"", 'N-1,N-2,N-3-Triisopentenylguanidine', '21α,25-dimethylmelianodiol', 'Tagitinin C', '5α-carboxystrictosidine', '2-Methyl-4-hydroxy-butyl caffeoate', '(Z)-piplartine; 8(Z)-N-(12,13, 14-trimethoxycinnamoyl)- 3-pyridin-2-one', '28-O-β-D-glucopyranosyl quinovic acid', ""5-[3''-(β-D-glucopyranosyloxy)propyl]-7-methoxy-2-(3',4'-methylenedioxyphenyl)benzofuran"", '(-)-Hardwickiic acid', 'Piperol B', 'Diderroside', '1-O-(E)-caffeoyl-β-D-glucopyranoside', ""3',4'-methylenedioxy-5,7-dimethoxyflavone"", 'Nectandrin B', '2,4,6-trimethoxybenzoic acid', 'Piperovatine', 'Tetrahydropiperyline, N-[10-(13,14-methylenedioxyphenyl)-pentanoyl]-pyrrolidine', '6β-hydroxy-7-epigardoside methyl ester', 'Isopropyl gallate', ""3',4',5',5,7,8-hexamethoxyflavone"", 'n-Propyl gallate', 'polypodine B', 'Casearin X Dialdehyde; (2R*,4aS*,5S*,7R*,8R*,8aS*)-4,4a-Diformyl-1,2,4a,5,6,7,8,8a-octahydro-5-hydroxy-7,8-dimethyl-8-[(2Z)-3-methylpenta-2,4-dien-1-yl]naphthalen-2-yl Butanoate', 'Netzahualcoyene', ""2'-hydroxy-3,4,4'-trimethoxy-5',6'-(2'',2''-dimethylpyrano)-chalcone"", ""2-(2'-O-trans-caffeoyl)-C-β-D-glucopyranosyl-1,3,6,7-tetrahydroxyxanthone"", 'Kokusaginine', ""2-(2'-O-trans-cinnamoyl)-C-β-D-glucopyranosyl-1,3,6,7-tetrahydroxyxanthone"", 'Quercetin', 'Di-hydrodehydrodiconiferyl alcohol', 'Canavaline', '1- (5,7-dihydroxy-2,2-dimethylchroman-6-yl)-3-(2,2-dimethylchroman- 6-yl)propan-1-one', '22β-hydroxypristimerin', ""5-(3'' -Hydroxypropyl)-7-methoxy-2-(3',4' -methyl-enedioxyphenyl)benzofuran"", 'Methyl angolensate', 'bis-5-hydroxyacronycine', 'Caseobliquin A', ""Rel-(7R,8S,7'S,8'S)-4'-hydroxy-3,4,5,3',5'-pentamethoxy-7,7'-epoxylignan"", 'p-hydroxybenzoic acid', 'β-Gardiol', 'Cusculine; 1,2,3,5,6-pentamethoxy-9-acridone', 'Quercitrin, 3-O-α-rhamnosylquercetin', 'Gallic acid; 3,4,5-trihydroxybenzoic acid', ""Methyl 4-hydroxy-3-(3'-methyl-2'-butenyl)benzoate"", '5-[8(Z),11(Z),14-pentadecatrienyl]resorcinol', '1-methyl-2-n-nonyl-4-quinolone', 'Sesartemin', 'N-acetylnonaine', 'Nitensidine B', '2,7-Di-O-acetylcasearupestrin A', ""Methyl-2,2-dimethyl-8-(3'-methylbut-2'-enyl)chroman-6-carboxylate"", '6-methoxyeugenin', '2,6-di-O-acetylcasearupestrin D', 'Rel-2α-hydroxyzuelanin-6β-benzoate', 'Sorbifolin 6-O-β-glucopyranoside', 'des-N-methylnoracronycine', 'Ocotillone', 'Sinapyl 4-O-β-D-glucopyranoside alcohol', ""4-Hydroxy-(3',7'-dimethyl-1'-oxo-octa-2'-E-6'-dienyl)benzoic acid"", '5-pentadecylresorcinol', 'Piscidinol A', '21β,25-dimethylmelianodiol', 'Leptophyllin A', '19´-(3,4-Methylenedioxyphenyl)-nonadecanoic acid', 'Citibrasine', 'Ricinine', 'citrusinine-I', 'Austdiol', '6α-malonyloxy-n-butyl ester manoyl oxide', 'Xanthyletin', 'Casearupestrin C', 'Podocarpusflavone A', 'Maculosidine', 'Galioside', 'astilbin; Rel-(2R, 3R)-dihydroquercetin-3-O-±-L-rhamnoside', 'penduletin 4-O-methyl ether', 'Eugenitin', 'Isoorientin', 'Cytochalasin D', '2-n-nonyl-4-quinolone', 'Kaempferol-3-O-α-L-rhamnopyranosyl-(1-6)-α-L-rhamnopyranosyl-(1-4)-β-D-glucopyranoside', ""2',5-dihydroxy-3-methoxy-8-dimethylallyl-6, 7-(2' ',2''-dimethylpyrano)-dihydroflavonol"", 'Dibenzyl tetrasulphide', 'Hispidol A', '3β-O-[α-L-rhamnopyranosyl-(1→2)-O-β-D-glucopyranosyl-(1→2)-O-β-D-glucopyranosyl]-28-O-β-D-glucopyranoside pomolate', 'Kaempferol 3-O-α-L-rhamnopyranosyl (1→6)-O-[β -D-glucopyranosyl (1→3)-O-α-L-rhamnopyranosyl-(1→2)]-O-β -D-glucopyranosyl', '7-Methyl-sargachromenol; 2,7,8-Trimethyl-2-[(3-E,7-Z)-4,12-dimethyl-8-carboxyl-3,7,11-tridecatrienyl]-3-chromen-6-ol, β-caroteno', 'fumiquinozoline F', '6-Hydroxy-rutin', '19,20-Epoxycytochalasin D', '(E)-piplartine', 'Kaempferol-3-O-D-glucopyranoside', '2-methyl-5-[8(Z),11(Z),14-pentadecatrienyl]resorcinol', '1,6-di-O-caffeoyl-β-D-glucopyranoside', 'Benzylhydroxymethyl sulphide', ""Rel-(7R,8S,7'S,8'S)-4',5'-methylenedioxy-3,4,5,3'-tetramethoxy-7,7'-epoxylignan"", '6α-malonyloxymanoyl oxide', '1-[3-(3,7-dimethylocta-2,6-dien-1-yl)-2,4,6- trihydroxyphenyl]-3-(4-hydroxyphenyl)propan-1-one', 'Netzahualcoyonol', ""4-Methoxy-3-(3',7'-dimethylocta-2'-E-6'-dienyl)benzoic acid"", '(-)-Epigallocatechin', 'Isopimpinellin', 'γ-eudesmol', 'p-Coumaric acid', 'urauchimycin A', 'β-Sitosterol benzoate', 'Uracil', 'toonacilin', '2,3-dihydro-4,9-dihydroxy-2-(2-hydroxy-propan-2-yl)- 11-methoxy-10-methylfuro[3,2-b]acridin-5(10H)-one', 'Casearupestrin B', '3-Oxoursolic acid', 'Arboreumine', 'Heveaflavone', 'Sargachromenol', 'Quercetin 3-O-α-L-rhamnopyranosyl (1→6)-O-[β -D-glucopyranosyl (1→3)-O-α-L-rhamnopyranosyl-(1→2)]-O-β -D-glucopyranosyl', 'Methyl-8-hydroxy-2,2-dimethyl-2H-chromene-6-carboxylate', 'Sinapyl 4-O-β-D-glucopyranoside aldehyde', 'Alkenoic acid', '3,21-Di-epi-feroniellide B', 'Sargaquinoic acid', '3-Acetyl aleuritolic acid', '20-hydroxyecdysone; polypodine A', '1,3,5-trihydroxy- 2,8-bis(3-methylbut-2-enyl)-10-methyl-9-acridone', 'Casearin X; (1R*,3S*,5S*,6aR*,7S*,8S*,10R*,10aR*)-1-(Acetyloxy)-3,5,6,6a,7,8,9,10-octahydro-10-hydroxy-7,8-dimethyl-7-[(2Z)-3-methylpenta-2,4-dien-1-yl]naphtho[1,8a-c]furan-3,5-diyl Dibutanoate', ""3',4'-methylenedioxy-5,6,7- trimethoxyflavone"", 'Photogedunin', '1,2-dihydro- 3β-hydroxy-7-deacetoxy-7-oxogedunin', '2,2-dimethyl-2H-chromene-6-carboxylic acid', ""(2S)-8-Isopentyl-2-methyl-2-(4'-methylpentyl)chroman-6-carboxylic acid"", 'Phomopsilactone', 'Periconicin B', 'Orcinol', 'Verrucosin', '2α,3α,19α- trihydroxyurs-12-en-28-oic acid', 'n-Pentyl gallate', '19,20-Epoxycytochalasin C', '1-methoxy-3-hydroxy-3,10b-4,5a-diepoxy-8b-isobutyroyloxygermacr-11(13)-en-6a,12-olide', '1-O-(E)-feruloyl-β-D-glucopyranoside', 'Pedalitin', 'limonexic acid', ""Gaudichaudianic acid; (2S)-2-methyl-2-(4'methyl-3'-pentenyl)-8-(3''-methyl-2-butenyl)- 2H-1-benzopyran-6-carboxylic acid"", '2-butyl-D-fructofuranoside', 'ω-fenil alcanoic acid', ""2-(3',4'-methylenedioxyphenylethyl)-Quinoline"", 'Piperyline, N-[10-(13,14-methylenedioxyphenyl)-7(E),9(E)-pentadienoyl]-pyrrolidine', 'Casearin T', '(2S)-Methyl-2-methyl-8-(3""-methylbut-2""-enyl)-2-(4\'-methylpent-3\'-enyl)-2H-chromene-6-carboxylate', 'Methyl (3R,4R,5R)-3-{[(2Z)-3-(3,4-dihydroxyphenyl)-2-propenoyl]oxy}-1,4,5-trihydroxycyclohexanecarboxylate', '2-n-Pentylquinoline', ""Juruenolic acid; 2-(4'-Methylpentenyl-3)-10-oxoundecan-2,6-dienoic acid"", '2α,3α-Dihydroxy-urs-12-en-28-oic acid', ""2-(R)-Methyl-6-(S)-(tetradecyl-13'-one)-3(R)-O-tert-butyldimethylsilyl-piperidine"", ""Isosakuranetin; 5,7-dihydroxy-4'-methoxyflavanone"", 'Pimara-7,15-dien-3β-ol', 'α-L-xylopyranosyl-(4""→20)-(3-O-β-D-glucopyranosyl)-1\'-O-E-caffeoyl-β-D-glucopyranoside', ""2',6'-Dihydroxy-4'-methoxydihydrochalcone"", 'Isoplumericin', '3,4-dehydro-strictosidine', ""2-(2'-O-benzoyl)-C-β-D-glucopyranosyl-1,3,6,7-tetrahydroxyxanthone"", 'Chaetoglobosin B', 'cryptomeridiol', 'Methyl (3R,4R,5R)-3-{[(2E)-3-(3,4-dihydroxyphenyl)-2-propenoyl]oxy}-1,4,5-trihydroxycyclohexanecarboxylate', 'Casearupestrin D', 'amorphispironone', '24-methylene-3,22-dihydroxycholesterol', '(3R,4R)-3,4-Dihydro-4,6-dihydroxy-3-methyl-1-oxo-1H-isochromene-5-carboxylic acid', 'Quercetin-3-O-α-L-rhamnopyranosyl-(1→6)-β-D-galactopyranoside', 'Quercetin 3-O-sophoroside', '3,11,12-Trihydroxycadalene', 'Di(benzyltrithio) methane', '3,4-dihydro-3,5,8-trihydroxy-6-methoxy-2,2,7-trimethyl-2Hpyrano[ 2,3-a]acridin-12(7H)-one', 'Muraxanthone', 'Glycocitrine-IV', '3,11-dioxoolean-12-en-28- onic acid', 'Cordifoline', '19,20-Epoxycytochalasin R', '19,20-Epoxycytochalasin Q', 'Mycoleptone A', 'Sinapic acid', 'Luteolin; 2-(3,4-dihydroxyphenyl)-5,7-dihydroxy-4H-chromen-4-one', '5-[8(Z)-pentadecenyl]resorcinol', 'Burchellin', '(2S)-2-methyl-8-(3""-methylbut-2""-enyl)-2-(4\'-methylpent-3\'-enyl)-2H-chromene-6-carboxylic acid', 'α-Gardiol', '6-[8(Z)-pentadecenyl]salicylic acid', '3-O-methylquercetin', 'N-[10-(13,14-methylenedioxyphenyl)-7(E),9(Z)-pentadienoyl]-pyrrolidine', 'guaiol', '3,4-dihydroxybenzoic acid geranyl ester', ""1,4-Dihydroxy-2-(3',7'-dimethyl-1'-oxo-2'-E-6'-octadienyl)benzene"", '4,5-dihydropiperlonguminine; Piperlonguminine', '2-Methyl-5-methoxy-benzopyran-4-one', 'N-[10- (13,14-methylenedioxyphenyl)-7(E)-pentaenoyl]-pyrrolidine', 'β-caryophyllene, trans-caryophyllene', 'atalaphyllinine', 'Nilocetin', ""3,4-dimethyl-2-(4'-hydroxy-3',5'-dimethoxyphenyl)-5-methoxy-tetrahydrofuran"", '5-hydroxymethyl- 2-furancarboxaldehyde; 5-hydroxymethyl-2-furfuraldehyde', 'shidasterone', 'Rel-6β-hydroxyzuelanin-2β-benzoate', 'Odoratone', 'Fasciculiferin', '3,4,5-Triacetoxybenzoic acid', ""(2S)-Methyl-8-isopentyl-2-methyl-2-(4'-methylpentyl)chroman-6-carboxylate"", 'schaftoside', 'Kaempferol-3-O-rutinoside', 'Cabraleadiol', '7-Methoxydiderroside', 'Leiokinine A', ""4-Hydroxy-(3',7'-dimethyl-1'-oxo-octa-2'-Z-6'-dienyl)benzoic acid"", 'Platydesmine', 'Casearin L; (1R*,3S*,5S*,6aR*,7R*,8R*,9S*,10S*,10aR*)-1,10-Bis(acetyloxy)-3,5,6,6a,7,8,9,10-octahydro-9-hydroxy-5-methoxy-7,8-dimethyl-7-[(2Z)-3-methylpenta-2,4-dien-1-yl]naphtho[1,8a-c]-furan-3-yl Butanoate', 'Iso-odoratol', 'Caseargrewiin F; (1R*,3S*,5S*,6aR*,7S*,8R*,10R*,10aR*)-1,3-Bis(acetyloxy)-3,5,6,6a,7,8,9,10-octahydro-10-hydroxy-7,8-dimethyl-7-[(2Z)-3-methylpenta-2,4-dien-1-yl]naphtho[1,8a-c]furan-5-yl Butanoate', '(+)-Erythravine', 'Pedalin, pedalitin 6-O-β -glucopyranoside', 'Gedunin', ""Methyl taboganate; Methyl 4-hydroxy-3-(3'-methyl-1'-oxo-2'-butenyl)benzoate"", ""2-(1'-pentenyl)-Quinoline"", '(+)-3-O-feruloylcassine', 'Turbinatine', 'Epi-guaiacin', 'Syringic acid', 'Deoxycordifoline', ""2-(2'-O-transcoumaroyl)-C-β-D-glucopyranosyl-1,3,6,7-tetrahydroxyxanthone"", '(+)-11α-Hydroxyerythravine', ""3',4'-methylenedioxy-5,5',6,7-tetramethoxyflavone"", '4-Nerolidilcatechol', '21´-(3,4-Methylenedioxyphenyl)-henicosanoic acid', 'Egonol', 'Afzelin, 3-O-α-rhamnosyl kaempferol', '3-O-β-D-quinovopyranosyl cincholic acid', 'Methyl gallate', 'Glycocitrine-I', 'Kaempferol-3-O-α-L-rhamnopyranosyl-(1→6)-β-D-galactopyranoside', 'Methyl-8-(ethanoyloxy)-2,2-dimethyl-2H-chromene-6-carboxylate', 'acacetin', 'carlinoside', 'Rel. (+)-(7S,10S) 3,12-dihydroxycalamenene', 'Casearin D; (1R*,3S*,5S*,6aR*,7R*,8R*,9S*,10S*,10aR*)-1-(Acetyloxy)-3,5,6,6a,7,8,9,10-octahydro-5,10-dihydroxy-7,8-dimethyl-7-[(2Z)-3-methylpenta-2,4-dien-1-yl]naphtho[1,8a-c]furan-3,9-diyl Dibutanoate', '(-)-Epigallocatechin-3-O-gallate', ""4-Hydroxy-3-(3',7'-dimethylocta-2'-E-6'-dienyl)benzoic acid"", '2-n-Propylquinoline', 'Methacrylic acid', 'Chrysoeriol', '20α-Hydroxymaytenin; 20-hydroxy-20-epi-tingenone', ""Myrsinoic acid A, 3-Geranyl-4-hydroxy-5-(3'',3''-dimethylallyl)benzoic acid"", 'Methyl-2,2-dimethylchroman-6-carboxylate', '(+)-Guaiacin', '6-pentadecylsalicylic acid', 'Salacin', 'Mangiferin', '(3-(2-(4-hydroxyphenyl)-2-oxoethyl)-5,6-dihydropyridin- 2(1H)-one)', 'Trans-3’-methylsulphonylallyl trans-cinnamate', '5,7-dimethoxy-2,2-dimethyl-2H-1-benzopyran-6-propanoic acid', '22-hydroxytirucalla-7,24-diene-2,3-dione', '(-)-3-O-acetyl-spectaline', 'Syringaldehyde', 'Lauryl gallate', ""Hostmaniene; 4-Hydroxy-3-(2',3'-dihydroxy-3'-methylbutyl)benzoate"", 'Picramnioside F', 'Amentoflavone 7”,4”’-dimethyl ether', 'Ethyl 2,4-dihydroxy-5,6-dimethylbenzoate', 'stachysterone', '2-Episesalatin', 'arjunolic acid', '2β-Hydroxyzuelanin-6β-cinnamate', 'Ixoside', '24-methylenecycloartan-3b-ol', '(−)-Grandisin', 'Acetonide of odoratol', 'Cyclo-(L-Pro-L-Val)', '(±)-Syringaresinol', ""N-[3-(6'-methoxy-3',4'-methy-lenedioxyphenyl)-2(Z)-propenoyl]pyrrolidine"", '8-methoxymellein', ""7-Hydroxy-4',6-dimethoxyisoflavone; Afrormosin; Afromosin"", 'Griseofulvin', 'Mycoleptone A tetraacetate', '2-methyl-5-[8(Z)-pentadecenyl]resorcinol', 'Citrusinine-I', '8,9-dihydropiplartine; N-(12,13,14-trimethoxydihydrocinnamoyl)-Δ3-pyridin-2-one', 'Kaempferol', '(4R)-4,8-dihydroxy-α-tetralone', 'scillascillin', '3β-hydroxy-stigmast-5-en-7-one; 24-β-7-oxositosterol', 'Anhydrofusarubin', 'Cuspanine; 1-hydroxy-2,3,5,6-tetramethoxy-9-acridone', '2α,3α-dihydroxyolean-12- en-28-oic acid', '2-methyl-5-pentadecylresorcinol', 'Taraxerol acetate', ""Aduncumene; Methyl 2-methoxy-5-(3'-methyl-1'-oxo-2'-butenyl)benzoate"", 'Aphidicolin', ""3',4',5',5,7-pentamethoxyflavone"", 'Beauvericin', 'Nitensidine A', '[10]-gingerol', '(22E,24R)-ergosta-4,6,8(14),22-tetraen-3-one', '(+)-α-Hydroxyerysotrine', ""4-Hydroxy-3-(3',7'-dimethyl-3'-hydroxy-1'-oxo-6'-octenyl)benzoic acid"", 'Austdiol diacetate', '3-O-β-D-quinovopyranosyl quinovic acid', '2-hydroxyphenylacetic acid', ""7,4'-Dimethoxyflavone"", ""3,5,6,7,3',4',5'-heptamethoxyflavonol"", ""2,4-Dihydroxy-6-[(1'E,3'E)-penta-1', 3'-dienyl]-benzaldehyde"", 'Odoratol']]",doi_name
"['10.2174/187152010794728620', 'Gedunin']","['10.2174/187152010794728620', ['guaiol', 'γ-eudesmol', 'Hinesol', 'α-eudesmol', '2,3-dihydro-4,9-dihydroxy-2-(2-hydroxy-propan-2-yl)- 11-methoxy-10-methylfuro[3,2-b]acridin-5(10H)-one', 'Citibrasine', 'bis-5-hydroxyacronycine', '11-O-trans-feruloylteucrein', 'Teucrein', 'Galioside aglicone', 'Galioside', 'Apodanthoside', 'Chlorogenic acid methyl ester, Methyl (1S,3R,4R,5R)-3-{[(2E)-3-(3,4-dihydroxyphenyl)-2-propenoyl]oxy}-1,4,5-trihydroxycyclohexanecarboxylate', '21β,25-dimethylmelianodiol', '21α,25-dimethylmelianodiol', '3,21-Di-epi-feroniellide B', '5-hydroxynoracronycine; Atalaphyllidine', '3,4-dihydro-3,5,8-trihydroxy-6-methoxy-2,2,7-trimethyl-2Hpyrano[ 2,3-a]acridin-12(7H)-one', 'Glycocitrine-IV', 'Citrusinine-II', '1,3,5-trihydroxy- 2,8-bis(3-methylbut-2-enyl)-10-methyl-9-acridone', 'Citrusinine-I', 'Pyranofoline', '1,3,5-trihydroxy-4-methoxy-10-methyl- 2,8-bis(3-methylbut-2-enyl)acridin-9(10H)-one', 'Glycocitrine-I', 'astilbin; Rel-(2R, 3R)-dihydroquercetin-3-O-±-L-rhamnoside', 'Beauvericin', 'Anhydrofusarubin', 'Stearic acid 4-pentoyloxyphenethyl ester', '(-)-3-O-acetyl-spectaline', 'cryptomeridiol', '3,11-dioxoolean-12-en-28- onic acid', 'Piscidinol A', 'Oleanonic acid', 'Pentaol', 'Iso-odoratol', 'Nilocetin', 'Hispidol A', ""Isoswertisin-4'-methyl-ether-2''α-L-rhamnoside"", 'Clusifoliol', 'Sesartemin', ""Isoswertisin-2''α1-L-rhamnoside"", '2-Episesalatin', 'Aphidicolin', '5,7-dimethoxy-2,2-dimethyl-2H-1-benzopyran-6-propanoate', ""3,4-dimethyl-2-(4'-hydroxy-3',5'-dimethoxyphenyl)-5-methoxy-tetrahydrofuran"", 'Taraxerol acetate', '2α,3α,19α- trihydroxyurs-12-en-28-oic acid', 'penduletin 4-O-methyl ether', '3,3-O-dimethylquercetin', 'Chrysoeriol', 'acacetin', '3-O-methylquercetin', 'p-hydroxybenzoic acid', '2α,3α-dihydroxyolean-12- en-28-oic acid', '3,7,4-O-trimethylkaempferol', ""Aduncumene; Methyl 2-methoxy-5-(3'-methyl-1'-oxo-2'-butenyl)benzoate"", ""Methyl taboganate; Methyl 4-hydroxy-3-(3'-methyl-1'-oxo-2'-butenyl)benzoate"", 'Methyl 2,2-dimethyl-1-oxo-2H-1-benzopyran-6-carboxylate', ""2',6'-Dihydroxy-4'-methoxydihydrochalcone"", ""Methyl 4-hydroxy-3-(3'-methyl-2'-butenyl)benzoate"", '3,4,5-Trimethoxydihydrocinnamic acid', ""Methyl 4-hydroxy-3-(3'-methyl-2'-hydroxy-3'-butenyl)benzoate"", 'Piperaduncine B', ""4-Hydroxy-(3',7'-dimethyl-1'-oxo-octa-2'-Z-6'-dienyl)benzoic acid"", ""4-Hydroxy-3-(3',7'-dimethylocta-2'-E-6'-dienyl)benzoic acid"", ""Hostmaniene; 4-Hydroxy-3-(2',3'-dihydroxy-3'-methylbutyl)benzoate"", 'Xanthyletin', 'Secoxyloganin', '7-Methoxydiderroside', 'Diderroside', ""6'-Acetyl-β-D-glucopyranosyldiderroside"", '(+)-11α-Hydroxyerythravine', '(+)-Erythravine', '(+)-α-Hydroxyerysotrine', 'Strictosidine acid', 'Turbinatine', '3,4-dehydrostrictosidine acid', 'Harman-3-carboxylic acid', '3,4-dehydro-strictosidine', 'Cordifoline', '5α-carboxystrictosidine', 'Deoxycordifoline', ""2-(3',4'-methylenedioxyphenylethyl)-Quinoline"", '2-n-Propylquinoline', ""2-(1'-pentenyl)-Quinoline"", '2-n-Pentylquinoline', '4-metoxi-6-[2-(metilamino)fenil]- 2H-piran-2-ona', 'Methyl (3R,4R,5R)-3-{[(2Z)-3-(3,4-dihydroxyphenyl)-2-propenoyl]oxy}-1,4,5-trihydroxycyclohexanecarboxylate', 'Methyl (3R,4R,5R)-3-{[(2E)-3-(3,4-dihydroxyphenyl)-2-propenoyl]oxy}-1,4,5-trihydroxycyclohexanecarboxylate', ""2'-hydroxy-3,4,4'-trimethoxy-5',6'-(2'',2''-dimethylpyrano)-chalcone"", ""3',4'-methylenedioxy-5,6,7- trimethoxyflavone"", ""3',4'-methylenedioxy-5,5',6,7-tetramethoxyflavone"", ""3',4'-methylenedioxy-5,7-dimethoxyflavone"", '9-hydroxyeugenin', 'Mycoleptone A', 'Austdiol', 'Mycoleptone A tetraacetate', 'Mycoleptone B', 'Austdiol diacetate', '6-methoxyeugenin', 'Eugenitin', 'Nitensidine D', 'Nitensidine E', 'cyclo (L)-Pro-Gly', 'Pimara-7,15-dien-3β-ol', 'Ergosterol peroxide', '8-hydroxy-6-methoxy-3-methylisocoumarin', '(22E,24R)-ergosta-4,6,8(14),22-tetraen-3-one', 'Dimethyl terephthalate', ""4-Hydroxy-3-(3',7'-dimethyl-3'-hydroxy-1'-oxo-6'-octenyl)benzoic acid"", ""Sakuranetin; 5,4'-dihydroxy-7-methoxyflavanone"", ""1,4-Dihydroxy-2-(3',7'-dimethyl-1'-oxo-2'-E-6'-octadienyl)benzene"", ""4-Hydroxy-(3',7'-dimethyl-1'-oxo-octa-2'-E-6'-dienyl)benzoic acid"", ""Isosakuranetin; 5,7-dihydroxy-4'-methoxyflavanone"", ""4-Methoxy-3-(3',7'-dimethylocta-2'-E-6'-dienyl)benzoic acid"", ""3-(3',7 '-dimethyl-2',6 '-octadienyl)-4-methoxy-benzoic acid"", 'Methyl-8-hydroxy-2,2-dimethyl-2H-chromene-6-carboxylate', 'Methacrylic acid', 'Nectandrin B', 'Verrucosin', 'Epi-guaiacin', '7-Methyl-sargachromenol; 2,7,8-Trimethyl-2-[(3-E,7-Z)-4,12-dimethyl-8-carboxyl-3,7,11-tridecatrienyl]-3-chromen-6-ol, β-caroteno', 'α-Gardiol', 'β-Gardiol', 'Ferulic acid', 'Isopimpinellin', '1-methoxy-3-hydroxy-3,10b-4,5a-diepoxy-8b-isobutyroyloxygermacr-11(13)-en-6a,12-olide', 'Tagitinin C', '5,7-dimethoxy-2,2-dimethyl-2H-1-benzopyran-6-propanoic acid', ""Rel-(7R,8S,7'S,8'S)-4-hydroxy-4',5'-methylenedioxy-3,5,3'-trimethoxy-7,7'-epoxylignan"", ""Rel-(7R,8S,7'S,8'S)-4',5'-methylenedioxy-3,4,5,3'-tetramethoxy-7,7'-epoxylignan"", ""Rel-(7R,8S,7'S,8'S)-4,5,4',5'-dimethylenedioxy-3,3'-dimethoxy-7,7'-epoxylignan"", ""Rel-(7R,8S,7'S,8'S)-9-hydroxy-4',5'-methylenedioxy-3,4,5,3'-tetramethoxy-7,7'-epoxylignan"", ""Rel-(7R,8S,7'S,8'S)-4'-hydroxy-3,4,5,3',5'-pentamethoxy-7,7'-epoxylignan"", 'β-caryophyllene, trans-caryophyllene', ""3,5,6,7,3',4',5'-heptamethoxyflavonol"", ""3',4',5',3,5,7,8-heptamethoxyflavone"", '(+)-Guaiacin', 'Sargachromenol', ""7,4'-Dihydroxyflavone"", '21´-(3,4-Methylenedioxyphenyl)-henicosanoic acid', 'Sargaquinoic acid', ""7,4'-Dimethoxyflavone"", '17-(3,4-Methylenedioxyphenyl)-heptadecanoic acid', '19´-(3,4-Methylenedioxyphenyl)-nonadecanoic acid', 'Farnisine', 'Tithonine', ""Juruenolic acid; 2-(4'-Methylpentenyl-3)-10-oxoundecan-2,6-dienoic acid"", 'Fasciculiferin', 'Kaempferol-3-O-α-L-rhamnopyranosyl-(1→6)-β-D-galactopyranoside', 'Kaempferol-3-O-rutinoside', 'Catechin, Ent-catechin', 'Procyanidin B-3', '6-Hydroxy-rutin', 'Kaempferol-3-O-α-L-rhamnopyranosyl-(1-6)-α-L-rhamnopyranosyl-(1-4)-β-D-glucopyranoside', 'Kaempferol-3-O-D-glucopyranoside', 'Kaempferol-3-O-D-galactopyranoside', 'Quercetin-3-O-α-L-rhamnopyranosyl-(1→6)-β-D-galactopyranoside', ""N-[3-(6'-methoxy-3',4'-methy-lenedioxyphenyl)-2(Z)-propenoyl]pyrrolidine"", 'Piperine', '4,5-dihydropiperlonguminine; Piperlonguminine', '(Z)-piplartine; 8(Z)-N-(12,13, 14-trimethoxycinnamoyl)- 3-pyridin-2-one', '8,9-dihydropiplartine; N-(12,13,14-trimethoxydihydrocinnamoyl)-Δ3-pyridin-2-one', '4,5-dihydropiperyline', '(E)-piplartine', '10,11-dihydropiperine; Δα,β-dihydropiperine', '(3Z,5Z)-N-isobutyl-8-(30,40-methylenedioxy-phenyl)-heptadienamide', 'Pellitorine', 'Cuspanine; 1-hydroxy-2,3,5,6-tetramethoxy-9-acridone', 'Cusculine; 1,2,3,5,6-pentamethoxy-9-acridone', '2α,3α-Dihydroxy-urs-12-en-28-oic acid', 'Oleanolic acid 3-sophoroside', '3-O-β-D-(6’-methyl)-glucopyranosyl-28-O-β-D-glucopyranosyl-oleanate', 'Haplotusine', 'β-Sitosterol benzoate', '5-hydroxyflavone', '2-phenyl-4H-chromen-4-one', 'Sinapyl 4-O-β-D-glucopyranoside aldehyde', 'Sinapyl 4-O-β-D-glucopyranoside alcohol', 'Liriodenine', 'N-acetylnonaine', '[10]-gingerol', ""2,4-Dihydroxy-6-[(1'E,3'E)-penta-1', 3'-dienyl]-benzaldehyde"", '2-methyl-5-[8(Z)-pentadecenyl]resorcinol', '3β-hydroxy-stigmast-5-en-7-one; 24-β-7-oxositosterol', 'scillascillin', 'Piperol B', '(-)-Hardwickiic acid', ""5-[3''-(β-D-glucopyranosyloxy)propyl]-7-methoxy-2-(3',4'-methylenedioxyphenyl)benzofuran"", '28-O-β-D-glucopyranosyl quinovic acid', '2-Methyl-4-hydroxy-butyl caffeoate', 'N-1,N-2,N-3-Triisopentenylguanidine', 'Dibenzyl trisulphide', 'Maytenin, Tingenone', 'urauchimycin B', ""2-(2'-O-trans-caffeoyl)-C-β-D-glucopyranosyl-1,3,6,7-tetrahydroxyxanthone"", 'Netzahualcoyene', 'Nitensidine A', ""8-hydroxy-3,5,7,3',4',5'-hexamethoxyflavonol"", 'Odoratol', 'Leptomerine', '5-hydroxy-N-methylseverifoline', '19,20-Epoxycytochalasin N', 'ellagic acid 4-O-α-L-rhamnopyranoside; eschweilenol C', 'Mayoside C', 'Ourateacatechin', ""3',4',5',5,7-pentamethoxyflavone"", '2-methyl-5-pentadecylresorcinol', '(−)-Grandisin', '24-methylenecycloartan-3b-ol', 'Ixoside', '2β-Hydroxyzuelanin-6β-cinnamate', 'Cognatine', '5-[8(Z),11(Z)-pentadecadienyl]resorcinol', '(-)-Spectalinine', '1- (5,7-dihydroxy-2,2-dimethylchroman-6-yl)-3-(2,2-dimethylchroman- 6-yl)propan-1-one', 'Canavaline', 'Di-hydrodehydrodiconiferyl alcohol', 'Quercetin', ""2-(2'-O-trans-cinnamoyl)-C-β-D-glucopyranosyl-1,3,6,7-tetrahydroxyxanthone"", 'Kokusaginine', 'Ocotillone', 'des-N-methylnoracronycine', 'Sorbifolin 6-O-β-glucopyranoside', 'Rel-2α-hydroxyzuelanin-6β-benzoate', '2,6-di-O-acetylcasearupestrin D', ""Methyl-2,2-dimethyl-8-(3'-methylbut-2'-enyl)chroman-6-carboxylate"", '2,7-Di-O-acetylcasearupestrin A', 'Nitensidine B', '19,20-Epoxycytochalasin D', 'fumiquinozoline F', 'Kaempferol 3-O-α-L-rhamnopyranosyl (1→6)-O-[β -D-glucopyranosyl (1→3)-O-α-L-rhamnopyranosyl-(1→2)]-O-β -D-glucopyranosyl', '3β-O-[α-L-rhamnopyranosyl-(1→2)-O-β-D-glucopyranosyl-(1→2)-O-β-D-glucopyranosyl]-28-O-β-D-glucopyranoside pomolate', 'Dibenzyl tetrasulphide', '1-methyl-2-n-nonyl-4-quinolone', '5-[8(Z),11(Z),14-pentadecatrienyl]resorcinol', 'Gallic acid; 3,4,5-trihydroxybenzoic acid', 'Homoegonol', '[8]-gingerol', '4-Hydroxymellein', '5-hydroxymellein', 'fraxinellonone', 'Dibenzyl sulphide', '(-) Cis-4-hydroxy-6-deoxyscytalone', 'Plumericin', '(-)-Epigallocatechin', 'Netzahualcoyonol', '1-[3-(3,7-dimethylocta-2,6-dien-1-yl)-2,4,6- trihydroxyphenyl]-3-(4-hydroxyphenyl)propan-1-one', '6α-malonyloxymanoyl oxide', 'Benzylhydroxymethyl sulphide', '1,6-di-O-caffeoyl-β-D-glucopyranoside', '2-methyl-5-[8(Z),11(Z),14-pentadecatrienyl]resorcinol', 'Netzahualcoyondiol', 'Maculosidine', 'Podocarpusflavone A', 'Casearupestrin C', '6α-malonyloxy-n-butyl ester manoyl oxide', 'citrusinine-I', 'Ricinine', 'Leptophyllin A', '5-pentadecylresorcinol', '3,4,5-trimethoxyphenyl 1-O-β-D-apiofuranosyl-(1→6)-O-β-D-glucopyranoside', 'β-photogedunin', 'n-Butyl gallate', ""5-[3''-(β-D-glucopyranosyloxy)propyl]-7-methoxy-2-(3',4'-dimethoxyphenyl)benzofuran"", '3,12-Dihydroxycadalene', '7-hydroxy-3- (11-dimethylallyl)-8-methoxycoumarin', ""N-[7-(3',4'-methylenedioxyphenyl)-2(Z),4(Z)-heptadienoyl]pyrrolidine"", ""Acteoside; [β-3,4-dihydroxyphenyl)-ethyl]-(3'-O-α-L-rhamnopyranosyl)-(4'-O-cafeoyl)-β-D-glycopyranoside, verbascoside"", '20-hydroxyecdysone; polypodine A', '3-Acetyl aleuritolic acid', ""2',5-dihydroxy-3-methoxy-8-dimethylallyl-6, 7-(2' ',2''-dimethylpyrano)-dihydroflavonol"", '2-n-nonyl-4-quinolone', 'Cytochalasin D', 'Isoorientin', 'urauchimycin A', 'p-Coumaric acid', '22β-hydroxypristimerin', 'Alkenoic acid', 'Quercetin 3-O-α-L-rhamnopyranosyl (1→6)-O-[β -D-glucopyranosyl (1→3)-O-α-L-rhamnopyranosyl-(1→2)]-O-β -D-glucopyranosyl', 'Heveaflavone', 'Arboreumine', '3-Oxoursolic acid', 'Casearupestrin B', 'toonacilin', 'Uracil', '1-O-(E)-feruloyl-β-D-glucopyranoside', '19,20-Epoxycytochalasin C', 'n-Pentyl gallate', 'Orcinol', 'Periconicin B', 'Phomopsilactone', 'Pristimerin; 20α-3-hydroxy-2-oxo-24-nor-friedela-1-10,3,5,7-tetraen-carboxylic acid-29-methylester', 'limonexic acid', 'Pedalitin', 'Casearin X Dialdehyde; (2R*,4aS*,5S*,7R*,8R*,8aS*)-4,4a-Diformyl-1,2,4a,5,6,7,8,8a-octahydro-5-hydroxy-7,8-dimethyl-8-[(2Z)-3-methylpenta-2,4-dien-1-yl]naphthalen-2-yl Butanoate', 'polypodine B', 'n-Propyl gallate', ""3',4',5',5,7,8-hexamethoxyflavone"", 'Isopropyl gallate', '6β-hydroxy-7-epigardoside methyl ester', 'Tetrahydropiperyline, N-[10-(13,14-methylenedioxyphenyl)-pentanoyl]-pyrrolidine', 'Piperovatine', '2,4,6-trimethoxybenzoic acid', '1-O-(E)-caffeoyl-β-D-glucopyranoside', 'Quercitrin, 3-O-α-rhamnosylquercetin', 'Caseobliquin A', 'Methyl angolensate', ""5-(3'' -Hydroxypropyl)-7-methoxy-2-(3',4' -methyl-enedioxyphenyl)benzofuran"", 'Di(benzyltrithio) methane', '3,11,12-Trihydroxycadalene', 'Quercetin 3-O-sophoroside', '(3R,4R)-3,4-Dihydro-4,6-dihydroxy-3-methyl-1-oxo-1H-isochromene-5-carboxylic acid', ""(2S)-8-Isopentyl-2-methyl-2-(4'-methylpentyl)chroman-6-carboxylic acid"", '2,2-dimethyl-2H-chromene-6-carboxylic acid', '1,2-dihydro- 3β-hydroxy-7-deacetoxy-7-oxogedunin', 'Photogedunin', 'Casearin X; (1R*,3S*,5S*,6aR*,7S*,8S*,10R*,10aR*)-1-(Acetyloxy)-3,5,6,6a,7,8,9,10-octahydro-10-hydroxy-7,8-dimethyl-7-[(2Z)-3-methylpenta-2,4-dien-1-yl]naphtho[1,8a-c]furan-3,5-diyl Dibutanoate', ""2-(R)-Methyl-6-(S)-(tetradecyl-13'-one)-3(R)-O-tert-butyldimethylsilyl-piperidine"", '(2S)-Methyl-2-methyl-8-(3""-methylbut-2""-enyl)-2-(4\'-methylpent-3\'-enyl)-2H-chromene-6-carboxylate', 'Casearin T', 'Piperyline, N-[10-(13,14-methylenedioxyphenyl)-7(E),9(E)-pentadienoyl]-pyrrolidine', 'ω-fenil alcanoic acid', '2-butyl-D-fructofuranoside', ""Gaudichaudianic acid; (2S)-2-methyl-2-(4'methyl-3'-pentenyl)-8-(3''-methyl-2-butenyl)- 2H-1-benzopyran-6-carboxylic acid"", 'Kaempferitrin', 'Nitensidine C', 'Dipropyl disulphide', '2-methyl-5-[8(Z),11(Z)-pentadecadienyl]resorcinol', 'Methyl 6,7,8-trimethoxydihydrocinnamate', '2-Hexyl-3-methyl-butanodioic acid', 'fraxinellone', 'Skimmianine', 'p-hydroxybenzoic acid-geranyl ester', 'Dibenzyl disulphide', 'Proanthocyanidin', 'neoisoastilbin', '(R)-7-Hydroxymellein', '6α-acetoxymanoyl oxide', 'Methyl-8-hydroxy-2,2-dimethylchroman-6-carboxylate', '6α-acetoxy-14β,15β-epoxyazadirone', '19,20-Epoxycytochalasin R', 'Muraxanthone', 'Odoratone', 'Rel-6β-hydroxyzuelanin-2β-benzoate', 'shidasterone', '5-hydroxymethyl- 2-furancarboxaldehyde; 5-hydroxymethyl-2-furfuraldehyde', 'atalaphyllinine', '24-methylene-3,22-dihydroxycholesterol', 'amorphispironone', 'Casearupestrin D', 'Chaetoglobosin B', ""2-(2'-O-benzoyl)-C-β-D-glucopyranosyl-1,3,6,7-tetrahydroxyxanthone"", 'Isoplumericin', 'α-L-xylopyranosyl-(4""→20)-(3-O-β-D-glucopyranosyl)-1\'-O-E-caffeoyl-β-D-glucopyranoside', 'epoxy-fraxinellone', '12′-hydroxy-7′-multijuguinone', 'Caseargrewiin F; (1R*,3S*,5S*,6aR*,7S*,8R*,10R*,10aR*)-1,3-Bis(acetyloxy)-3,5,6,6a,7,8,9,10-octahydro-10-hydroxy-7,8-dimethyl-7-[(2Z)-3-methylpenta-2,4-dien-1-yl]naphtho[1,8a-c]furan-5-yl Butanoate', 'Casearin L; (1R*,3S*,5S*,6aR*,7R*,8R*,9S*,10S*,10aR*)-1,10-Bis(acetyloxy)-3,5,6,6a,7,8,9,10-octahydro-9-hydroxy-5-methoxy-7,8-dimethyl-7-[(2Z)-3-methylpenta-2,4-dien-1-yl]naphtho[1,8a-c]-furan-3-yl Butanoate', 'Platydesmine', 'Leiokinine A', 'Cabraleadiol', 'schaftoside', ""(2S)-Methyl-8-isopentyl-2-methyl-2-(4'-methylpentyl)chroman-6-carboxylate"", '3,4,5-Triacetoxybenzoic acid', '6-[ 8(Z),11(Z) -pentadecadienyl] salicylic acid', '6-[8(Z)-pentadecenyl]salicylic acid', '(2S)-2-methyl-8-(3""-methylbut-2""-enyl)-2-(4\'-methylpent-3\'-enyl)-2H-chromene-6-carboxylic acid', 'Burchellin', '5-[8(Z)-pentadecenyl]resorcinol', 'Luteolin; 2-(3,4-dihydroxyphenyl)-5,7-dihydroxy-4H-chromen-4-one', 'Sinapic acid', '19,20-Epoxycytochalasin Q', 'Casearin S', '11β-acetoxyobacunone', '1-(5,7-dihydroxy-2,2-dimethylchroman- 6-yl)-3-[4-hydroxy-3-(3-methylbut-2-en-1-yl)- phenyl]propan-1-one', '(3R,4R)-4,7-Dihydroxymellein', ""Nitensoside B; Pedalitin 6-O-α-rhamnopyranosyl(1'''→6'')-β-glucopyranoside"", 'Amentoflavone', 'Methyl gallate', '3-O-β-D-quinovopyranosyl cincholic acid', 'Afzelin, 3-O-α-rhamnosyl kaempferol', 'Egonol', 'N-[10- (13,14-methylenedioxyphenyl)-7(E)-pentaenoyl]-pyrrolidine', '2-Methyl-5-methoxy-benzopyran-4-one', '3,4-dihydroxybenzoic acid geranyl ester', 'N-[10-(13,14-methylenedioxyphenyl)-7(E),9(Z)-pentadienoyl]-pyrrolidine', 'Gedunin', 'Pedalin, pedalitin 6-O-β -glucopyranoside', 'Syringic acid', '(+)-3-O-feruloylcassine', '1-(5,7-dihydroxy-2,2-dimethylchroman-6-yl)-3-(1,1,4a-trimethyl-2,3,4,4a,9a-hexahydro-1H-xanthen-7-yl)propan-1-one', 'Methyl (E)-6,7,8-trimethoxycinnamate', '3,4,5-Trimethoxyphenyl-1-O-β-D-(5-O-syringoyl)-apiofuranosyl-(1→6)-β-D-glucopyranoside', '6-[8(Z),11(Z),14-pentadecatrienyl]salicylic acid', 'Sorbifolin', ""Nitensoside A; Sorbifolin 6-O-α-rhamnopyranosyl(1'''→6'')-β-glucopyranoside"", 'Casearin O; (1R*,3S*,5S*,6aR*,7R*,8R*,9S*,10S*,10aR*)-1,10-Bis(acetyloxy)-5-methoxy-7,8-dimethyl-7-[(2Z)-3-methylpenta-2,4-dien-1-yl]-3,5,6,6a,7,8,9,10-octahydronaphtho[1,8a-c]furan-3,9-diyl Dibutanoate', 'germacrene D', '6-pentadecylsalicylic acid', 'Casearupestrin A', '2-oxo-piperol B; (7S*, 8R*, 1R*, 3R*)-3,4,5-trimethoxy-3,7-cyclo-8,1-neolig-8-ene-2,4(3H)-dione', 'taxifolin', ""(2'S)-2-(propan-2'-ol)-5-hydroxy-benzopyran-4-one"", 'Rel-(+)-(7S,9R,10S)-3,9,12-trihydroxycalamenene', ""Myrsinoic acid A, 3-Geranyl-4-hydroxy-5-(3'',3''-dimethylallyl)benzoic acid"", '20α-Hydroxymaytenin; 20-hydroxy-20-epi-tingenone', '(-)-Epigallocatechin-3-O-gallate', 'Casearin D; (1R*,3S*,5S*,6aR*,7R*,8R*,9S*,10S*,10aR*)-1-(Acetyloxy)-3,5,6,6a,7,8,9,10-octahydro-5,10-dihydroxy-7,8-dimethyl-7-[(2Z)-3-methylpenta-2,4-dien-1-yl]naphtho[1,8a-c]furan-3,9-diyl Dibutanoate', 'Rel. (+)-(7S,10S) 3,12-dihydroxycalamenene', 'carlinoside', 'Methyl-8-(ethanoyloxy)-2,2-dimethyl-2H-chromene-6-carboxylate', 'arjunolic acid', 'stachysterone', 'Ethyl 2,4-dihydroxy-5,6-dimethylbenzoate', 'Amentoflavone 7”,4”’-dimethyl ether', 'Picramnioside F', 'Lauryl gallate', 'Syringaldehyde', '4-Nerolidilcatechol', ""2-(2'-O-transcoumaroyl)-C-β-D-glucopyranosyl-1,3,6,7-tetrahydroxyxanthone"", '22-hydroxytirucalla-7,24-diene-2,3-dione', 'Trans-3’-methylsulphonylallyl trans-cinnamate', '(3-(2-(4-hydroxyphenyl)-2-oxoethyl)-5,6-dihydropyridin- 2(1H)-one)', 'Mangiferin', 'Salacin', 'Viburgenin', ""Pterogynoside; Kaempferol-3-O-(3''-O-4'''-methylgallate-α-L-rhamnoside)"", 'Isobutyl gallate', '7′-multijuguinone', 'Griseofulvin', ""7-Hydroxy-4',6-dimethoxyisoflavone; Afrormosin; Afromosin"", '8-methoxymellein', '(±)-Syringaresinol', 'Cyclo-(L-Pro-L-Val)', 'Acetonide of odoratol', 'Methyl-2,2-dimethylchroman-6-carboxylate', 'Fagaramide', 'Chalepin', 'Chlorogenic acid', '(4R)-4,8-dihydroxy-α-tetralone', 'Kaempferol', '3-O-β-D-quinovopyranosyl quinovic acid', '2-hydroxyphenylacetic acid']]",doi_name
"['10.1590/S0103-50532002000100010', '1-methyl-2-n-nonyl-4-quinolone']","['10.1590/S0103-50532002000100010', [""3',4',5',3,5,7,8-heptamethoxyflavone"", ""3,5,6,7,3',4',5'-heptamethoxyflavonol"", 'γ-eudesmol', 'guaiol', 'Hinesol', 'α-eudesmol', 'Kaempferol-3-O-α-L-rhamnopyranosyl-(1→6)-β-D-galactopyranoside', 'Kaempferol-3-O-rutinoside', 'Catechin, Ent-catechin', '6-Hydroxy-rutin', 'Kaempferol-3-O-α-L-rhamnopyranosyl-(1-6)-α-L-rhamnopyranosyl-(1-4)-β-D-glucopyranoside', 'Procyanidin B-3', 'Kaempferol-3-O-D-glucopyranoside', 'Kaempferol-3-O-D-galactopyranoside', 'Quercetin-3-O-α-L-rhamnopyranosyl-(1→6)-β-D-galactopyranoside', 'Galioside aglicone', 'Teucrein', '11-O-trans-feruloylteucrein', 'Galioside', 'Apodanthoside', '(+)-11α-Hydroxyerythravine', '(+)-Erythravine', '(+)-α-Hydroxyerysotrine', 'Pimara-7,15-dien-3β-ol', 'Dimethyl terephthalate', '8-hydroxy-6-methoxy-3-methylisocoumarin', '(22E,24R)-ergosta-4,6,8(14),22-tetraen-3-one', 'Ergosterol peroxide', '5,7-dimethoxy-2,2-dimethyl-2H-1-benzopyran-6-propanoic acid', ""3,4-dimethyl-2-(4'-hydroxy-3',5'-dimethoxyphenyl)-5-methoxy-tetrahydrofuran"", 'Beauvericin', 'Anhydrofusarubin', 'Chlorogenic acid methyl ester, Methyl (1S,3R,4R,5R)-3-{[(2E)-3-(3,4-dihydroxyphenyl)-2-propenoyl]oxy}-1,4,5-trihydroxycyclohexanecarboxylate', 'Methyl (3R,4R,5R)-3-{[(2E)-3-(3,4-dihydroxyphenyl)-2-propenoyl]oxy}-1,4,5-trihydroxycyclohexanecarboxylate', 'Methyl (3R,4R,5R)-3-{[(2Z)-3-(3,4-dihydroxyphenyl)-2-propenoyl]oxy}-1,4,5-trihydroxycyclohexanecarboxylate', '4-metoxi-6-[2-(metilamino)fenil]- 2H-piran-2-ona', '1-methoxy-3-hydroxy-3,10b-4,5a-diepoxy-8b-isobutyroyloxygermacr-11(13)-en-6a,12-olide', 'Tagitinin C', ""7,4'-Dimethoxyflavone"", 'Sargachromenol', ""7,4'-Dihydroxyflavone"", '(+)-Guaiacin', '19´-(3,4-Methylenedioxyphenyl)-nonadecanoic acid', 'Farnisine', 'Sargaquinoic acid', '21´-(3,4-Methylenedioxyphenyl)-henicosanoic acid', ""Juruenolic acid; 2-(4'-Methylpentenyl-3)-10-oxoundecan-2,6-dienoic acid"", 'Tithonine', 'Fasciculiferin', '17-(3,4-Methylenedioxyphenyl)-heptadecanoic acid', 'Nitensidine D', 'Nitensidine E', 'Taraxerol acetate', ""Isosakuranetin; 5,7-dihydroxy-4'-methoxyflavanone"", ""4-Hydroxy-(3',7'-dimethyl-1'-oxo-octa-2'-E-6'-dienyl)benzoic acid"", ""1,4-Dihydroxy-2-(3',7'-dimethyl-1'-oxo-2'-E-6'-octadienyl)benzene"", ""Sakuranetin; 5,4'-dihydroxy-7-methoxyflavanone"", ""4-Hydroxy-3-(3',7'-dimethyl-3'-hydroxy-1'-oxo-6'-octenyl)benzoic acid"", 'Aphidicolin', '3,3-O-dimethylquercetin', '2α,3α,19α- trihydroxyurs-12-en-28-oic acid', 'penduletin 4-O-methyl ether', '3,7,4-O-trimethylkaempferol', '3-O-methylquercetin', 'Chrysoeriol', '2α,3α-dihydroxyolean-12- en-28-oic acid', 'p-hydroxybenzoic acid', 'acacetin', '9-hydroxyeugenin', 'Mycoleptone A', 'Austdiol', '6-methoxyeugenin', 'Eugenitin', 'Mycoleptone A tetraacetate', 'Mycoleptone B', 'Austdiol diacetate', 'Turbinatine', 'Cordifoline', 'Harman-3-carboxylic acid', '3,4-dehydro-strictosidine', '5α-carboxystrictosidine', 'Strictosidine acid', '3,4-dehydrostrictosidine acid', 'Deoxycordifoline', ""3',4'-methylenedioxy-5,5',6,7-tetramethoxyflavone"", ""2'-hydroxy-3,4,4'-trimethoxy-5',6'-(2'',2''-dimethylpyrano)-chalcone"", ""3',4'-methylenedioxy-5,6,7- trimethoxyflavone"", ""3',4'-methylenedioxy-5,7-dimethoxyflavone"", '2-Episesalatin', ""Isoswertisin-2''α1-L-rhamnoside"", 'Sesartemin', 'Clusifoliol', ""Isoswertisin-4'-methyl-ether-2''α-L-rhamnoside"", 'astilbin; Rel-(2R, 3R)-dihydroquercetin-3-O-±-L-rhamnoside', ""Methyl 4-hydroxy-3-(3'-methyl-2'-hydroxy-3'-butenyl)benzoate"", ""Aduncumene; Methyl 2-methoxy-5-(3'-methyl-1'-oxo-2'-butenyl)benzoate"", ""4-Hydroxy-(3',7'-dimethyl-1'-oxo-octa-2'-Z-6'-dienyl)benzoic acid"", ""Methyl taboganate; Methyl 4-hydroxy-3-(3'-methyl-1'-oxo-2'-butenyl)benzoate"", ""Hostmaniene; 4-Hydroxy-3-(2',3'-dihydroxy-3'-methylbutyl)benzoate"", ""4-Hydroxy-3-(3',7'-dimethylocta-2'-E-6'-dienyl)benzoic acid"", ""2',6'-Dihydroxy-4'-methoxydihydrochalcone"", 'Piperaduncine B', ""Methyl 4-hydroxy-3-(3'-methyl-2'-butenyl)benzoate"", '3,4,5-Trimethoxydihydrocinnamic acid', 'Methyl 2,2-dimethyl-1-oxo-2H-1-benzopyran-6-carboxylate', '2-n-Propylquinoline', ""2-(3',4'-methylenedioxyphenylethyl)-Quinoline"", ""2-(1'-pentenyl)-Quinoline"", '2-n-Pentylquinoline', '5,7-dimethoxy-2,2-dimethyl-2H-1-benzopyran-6-propanoate', '21α,25-dimethylmelianodiol', '3,21-Di-epi-feroniellide B', '21β,25-dimethylmelianodiol', '(-)-3-O-acetyl-spectaline', 'cryptomeridiol', 'Pentaol', 'Oleanonic acid', '3,11-dioxoolean-12-en-28- onic acid', 'Iso-odoratol', 'Piscidinol A', 'Nilocetin', 'Hispidol A', '1,3,5-trihydroxy- 2,8-bis(3-methylbut-2-enyl)-10-methyl-9-acridone', 'Citrusinine-I', '5-hydroxynoracronycine; Atalaphyllidine', '3,4-dihydro-3,5,8-trihydroxy-6-methoxy-2,2,7-trimethyl-2Hpyrano[ 2,3-a]acridin-12(7H)-one', 'Glycocitrine-I', 'Glycocitrine-IV', 'Pyranofoline', 'Citrusinine-II', '1,3,5-trihydroxy-4-methoxy-10-methyl- 2,8-bis(3-methylbut-2-enyl)acridin-9(10H)-one', '7-Methoxydiderroside', ""6'-Acetyl-β-D-glucopyranosyldiderroside"", 'Diderroside', 'Secoxyloganin', 'Methacrylic acid', 'β-Gardiol', 'α-Gardiol', 'Ferulic acid', '2,3-dihydro-4,9-dihydroxy-2-(2-hydroxy-propan-2-yl)- 11-methoxy-10-methylfuro[3,2-b]acridin-5(10H)-one', 'Citibrasine', 'bis-5-hydroxyacronycine', 'Xanthyletin', ""Rel-(7R,8S,7'S,8'S)-9-hydroxy-4',5'-methylenedioxy-3,4,5,3'-tetramethoxy-7,7'-epoxylignan"", ""Rel-(7R,8S,7'S,8'S)-4-hydroxy-4',5'-methylenedioxy-3,5,3'-trimethoxy-7,7'-epoxylignan"", ""Rel-(7R,8S,7'S,8'S)-4',5'-methylenedioxy-3,4,5,3'-tetramethoxy-7,7'-epoxylignan"", ""Rel-(7R,8S,7'S,8'S)-4,5,4',5'-dimethylenedioxy-3,3'-dimethoxy-7,7'-epoxylignan"", ""Rel-(7R,8S,7'S,8'S)-4'-hydroxy-3,4,5,3',5'-pentamethoxy-7,7'-epoxylignan"", 'Stearic acid 4-pentoyloxyphenethyl ester', 'cyclo (L)-Pro-Gly', '7-Methyl-sargachromenol; 2,7,8-Trimethyl-2-[(3-E,7-Z)-4,12-dimethyl-8-carboxyl-3,7,11-tridecatrienyl]-3-chromen-6-ol, β-caroteno', 'Nectandrin B', 'Verrucosin', 'Epi-guaiacin', 'Isopimpinellin', ""4-Methoxy-3-(3',7'-dimethylocta-2'-E-6'-dienyl)benzoic acid"", ""3-(3',7 '-dimethyl-2',6 '-octadienyl)-4-methoxy-benzoic acid"", 'Methyl-8-hydroxy-2,2-dimethyl-2H-chromene-6-carboxylate', ""N-[3-(6'-methoxy-3',4'-methy-lenedioxyphenyl)-2(Z)-propenoyl]pyrrolidine"", '4,5-dihydropiperyline', '(E)-piplartine', '4,5-dihydropiperlonguminine; Piperlonguminine', '10,11-dihydropiperine; Δα,β-dihydropiperine', '(Z)-piplartine; 8(Z)-N-(12,13, 14-trimethoxycinnamoyl)- 3-pyridin-2-one', 'Piperine', '8,9-dihydropiplartine; N-(12,13,14-trimethoxydihydrocinnamoyl)-Δ3-pyridin-2-one', '(3Z,5Z)-N-isobutyl-8-(30,40-methylenedioxy-phenyl)-heptadienamide', 'Pellitorine', 'β-caryophyllene, trans-caryophyllene', 'Cusculine; 1,2,3,5,6-pentamethoxy-9-acridone', 'Cuspanine; 1-hydroxy-2,3,5,6-tetramethoxy-9-acridone', '2α,3α-Dihydroxy-urs-12-en-28-oic acid', 'Oleanolic acid 3-sophoroside', '3-O-β-D-(6’-methyl)-glucopyranosyl-28-O-β-D-glucopyranosyl-oleanate', 'β-Sitosterol benzoate', '2-phenyl-4H-chromen-4-one', '5-hydroxyflavone', 'Haplotusine', 'Sinapyl 4-O-β-D-glucopyranoside aldehyde', 'N-acetylnonaine', 'Liriodenine', 'Sinapyl 4-O-β-D-glucopyranoside alcohol', '[10]-gingerol', ""2,4-Dihydroxy-6-[(1'E,3'E)-penta-1', 3'-dienyl]-benzaldehyde"", '2-methyl-5-[8(Z)-pentadecenyl]resorcinol', 'Nitensidine A', '3β-hydroxy-stigmast-5-en-7-one; 24-β-7-oxositosterol', 'scillascillin', 'Homoegonol', '[8]-gingerol', '4-Hydroxymellein', '5-hydroxymellein', 'fraxinellonone', 'Dibenzyl sulphide', '(-) Cis-4-hydroxy-6-deoxyscytalone', 'Plumericin', '5-[8(Z),11(Z)-pentadecadienyl]resorcinol', '(-)-Spectalinine', '2,7-Di-O-acetylcasearupestrin A', 'Nitensidine B', '2-hydroxyphenylacetic acid', ""8-hydroxy-3,5,7,3',4',5'-hexamethoxyflavonol"", 'Odoratol', 'Leptomerine', '5-hydroxy-N-methylseverifoline', '19,20-Epoxycytochalasin N', 'ellagic acid 4-O-α-L-rhamnopyranoside; eschweilenol C', 'Mayoside C', 'Ourateacatechin', ""3',4',5',5,7-pentamethoxyflavone"", '2-methyl-5-pentadecylresorcinol', '24-methylenecycloartan-3b-ol', 'Ixoside', '2β-Hydroxyzuelanin-6β-cinnamate', '7-hydroxy-3- (11-dimethylallyl)-8-methoxycoumarin', ""N-[7-(3',4'-methylenedioxyphenyl)-2(Z),4(Z)-heptadienoyl]pyrrolidine"", ""Acteoside; [β-3,4-dihydroxyphenyl)-ethyl]-(3'-O-α-L-rhamnopyranosyl)-(4'-O-cafeoyl)-β-D-glycopyranoside, verbascoside"", '22β-hydroxypristimerin', '1- (5,7-dihydroxy-2,2-dimethylchroman-6-yl)-3-(2,2-dimethylchroman- 6-yl)propan-1-one', 'Canavaline', 'Di-hydrodehydrodiconiferyl alcohol', 'Quercetin', ""2-(2'-O-trans-cinnamoyl)-C-β-D-glucopyranosyl-1,3,6,7-tetrahydroxyxanthone"", 'Kokusaginine', 'Ocotillone', 'des-N-methylnoracronycine', 'Sorbifolin 6-O-β-glucopyranoside', 'Rel-2α-hydroxyzuelanin-6β-benzoate', '2,6-di-O-acetylcasearupestrin D', ""Methyl-2,2-dimethyl-8-(3'-methylbut-2'-enyl)chroman-6-carboxylate"", 'Ricinine', 'Leptophyllin A', '5-pentadecylresorcinol', '19,20-Epoxycytochalasin D', 'fumiquinozoline F', 'Kaempferol 3-O-α-L-rhamnopyranosyl (1→6)-O-[β -D-glucopyranosyl (1→3)-O-α-L-rhamnopyranosyl-(1→2)]-O-β -D-glucopyranosyl', '3β-O-[α-L-rhamnopyranosyl-(1→2)-O-β-D-glucopyranosyl-(1→2)-O-β-D-glucopyranosyl]-28-O-β-D-glucopyranoside pomolate', '1-methyl-2-n-nonyl-4-quinolone', '5-[8(Z),11(Z),14-pentadecatrienyl]resorcinol', 'Gallic acid; 3,4,5-trihydroxybenzoic acid', 'Pristimerin; 20α-3-hydroxy-2-oxo-24-nor-friedela-1-10,3,5,7-tetraen-carboxylic acid-29-methylester', '3,4,5-trimethoxyphenyl 1-O-β-D-apiofuranosyl-(1→6)-O-β-D-glucopyranoside', 'β-photogedunin', 'n-Butyl gallate', ""5-[3''-(β-D-glucopyranosyloxy)propyl]-7-methoxy-2-(3',4'-dimethoxyphenyl)benzofuran"", '3,12-Dihydroxycadalene', 'Benzylhydroxymethyl sulphide', 'Isopropyl gallate', '6β-hydroxy-7-epigardoside methyl ester', 'Tetrahydropiperyline, N-[10-(13,14-methylenedioxyphenyl)-pentanoyl]-pyrrolidine', 'Piperovatine', '2,4,6-trimethoxybenzoic acid', '1-O-(E)-caffeoyl-β-D-glucopyranoside', 'Quercitrin, 3-O-α-rhamnosylquercetin', 'Caseobliquin A', 'Methyl angolensate', ""5-(3'' -Hydroxypropyl)-7-methoxy-2-(3',4' -methyl-enedioxyphenyl)benzofuran"", 'Maculosidine', 'Podocarpusflavone A', 'Casearupestrin C', '6α-malonyloxy-n-butyl ester manoyl oxide', 'citrusinine-I', 'Arboreumine', '3-Oxoursolic acid', 'Casearupestrin B', 'toonacilin', 'Uracil', 'Dibenzyl tetrasulphide', ""2',5-dihydroxy-3-methoxy-8-dimethylallyl-6, 7-(2' ',2''-dimethylpyrano)-dihydroflavonol"", '2-n-nonyl-4-quinolone', 'Cytochalasin D', 'Isoorientin', 'urauchimycin A', 'p-Coumaric acid', '(-)-Epigallocatechin', 'Netzahualcoyonol', '1-[3-(3,7-dimethylocta-2,6-dien-1-yl)-2,4,6- trihydroxyphenyl]-3-(4-hydroxyphenyl)propan-1-one', '6α-malonyloxymanoyl oxide', 'Proanthocyanidin', 'neoisoastilbin', '(R)-7-Hydroxymellein', '6α-acetoxymanoyl oxide', 'Methyl-8-hydroxy-2,2-dimethylchroman-6-carboxylate', '6α-acetoxy-14β,15β-epoxyazadirone', '1-O-(E)-feruloyl-β-D-glucopyranoside', '19,20-Epoxycytochalasin C', 'n-Pentyl gallate', '1,6-di-O-caffeoyl-β-D-glucopyranoside', '2-methyl-5-[8(Z),11(Z),14-pentadecatrienyl]resorcinol', '20-hydroxyecdysone; polypodine A', '3-Acetyl aleuritolic acid', 'Alkenoic acid', 'Quercetin 3-O-α-L-rhamnopyranosyl (1→6)-O-[β -D-glucopyranosyl (1→3)-O-α-L-rhamnopyranosyl-(1→2)]-O-β -D-glucopyranosyl', 'Heveaflavone', 'Orcinol', 'Periconicin B', 'Phomopsilactone', ""(2S)-8-Isopentyl-2-methyl-2-(4'-methylpentyl)chroman-6-carboxylic acid"", '2,2-dimethyl-2H-chromene-6-carboxylic acid', '1,2-dihydro- 3β-hydroxy-7-deacetoxy-7-oxogedunin', 'Photogedunin', 'Casearin X; (1R*,3S*,5S*,6aR*,7S*,8S*,10R*,10aR*)-1-(Acetyloxy)-3,5,6,6a,7,8,9,10-octahydro-10-hydroxy-7,8-dimethyl-7-[(2Z)-3-methylpenta-2,4-dien-1-yl]naphtho[1,8a-c]furan-3,5-diyl Dibutanoate', ""2-(R)-Methyl-6-(S)-(tetradecyl-13'-one)-3(R)-O-tert-butyldimethylsilyl-piperidine"", '(2S)-Methyl-2-methyl-8-(3""-methylbut-2""-enyl)-2-(4\'-methylpent-3\'-enyl)-2H-chromene-6-carboxylate', 'Casearin T', 'Piperyline, N-[10-(13,14-methylenedioxyphenyl)-7(E),9(E)-pentadienoyl]-pyrrolidine', 'ω-fenil alcanoic acid', 'Skimmianine', 'p-hydroxybenzoic acid-geranyl ester', 'Dibenzyl disulphide', 'n-Propyl gallate', ""3',4',5',5,7,8-hexamethoxyflavone"", '2-butyl-D-fructofuranoside', ""Gaudichaudianic acid; (2S)-2-methyl-2-(4'methyl-3'-pentenyl)-8-(3''-methyl-2-butenyl)- 2H-1-benzopyran-6-carboxylic acid"", 'limonexic acid', 'Pedalitin', 'epoxy-fraxinellone', '12′-hydroxy-7′-multijuguinone', 'Kaempferitrin', 'Nitensidine C', 'Dipropyl disulphide', '2-methyl-5-[8(Z),11(Z)-pentadecadienyl]resorcinol', 'Methyl 6,7,8-trimethoxydihydrocinnamate', '2-Hexyl-3-methyl-butanodioic acid', 'fraxinellone', '6-[ 8(Z),11(Z) -pentadecadienyl] salicylic acid', '6-[8(Z)-pentadecenyl]salicylic acid', '(2S)-2-methyl-8-(3""-methylbut-2""-enyl)-2-(4\'-methylpent-3\'-enyl)-2H-chromene-6-carboxylic acid', 'Burchellin', '5-[8(Z)-pentadecenyl]resorcinol', '(-)-Hardwickiic acid', ""5-[3''-(β-D-glucopyranosyloxy)propyl]-7-methoxy-2-(3',4'-methylenedioxyphenyl)benzofuran"", '28-O-β-D-glucopyranosyl quinovic acid', '2-Methyl-4-hydroxy-butyl caffeoate', 'N-1,N-2,N-3-Triisopentenylguanidine', 'Dibenzyl trisulphide', 'Maytenin, Tingenone', 'urauchimycin B', ""2-(2'-O-trans-caffeoyl)-C-β-D-glucopyranosyl-1,3,6,7-tetrahydroxyxanthone"", 'Netzahualcoyene', 'Casearin X Dialdehyde; (2R*,4aS*,5S*,7R*,8R*,8aS*)-4,4a-Diformyl-1,2,4a,5,6,7,8,8a-octahydro-5-hydroxy-7,8-dimethyl-8-[(2Z)-3-methylpenta-2,4-dien-1-yl]naphthalen-2-yl Butanoate', 'polypodine B', 'shidasterone', '5-hydroxymethyl- 2-furancarboxaldehyde; 5-hydroxymethyl-2-furfuraldehyde', 'atalaphyllinine', 'N-[10- (13,14-methylenedioxyphenyl)-7(E)-pentaenoyl]-pyrrolidine', '2-Methyl-5-methoxy-benzopyran-4-one', 'Di(benzyltrithio) methane', '3,11,12-Trihydroxycadalene', 'Quercetin 3-O-sophoroside', '(3R,4R)-3,4-Dihydro-4,6-dihydroxy-3-methyl-1-oxo-1H-isochromene-5-carboxylic acid', '24-methylene-3,22-dihydroxycholesterol', 'amorphispironone', 'Casearupestrin D', 'Chaetoglobosin B', ""2-(2'-O-benzoyl)-C-β-D-glucopyranosyl-1,3,6,7-tetrahydroxyxanthone"", 'Isoplumericin', 'α-L-xylopyranosyl-(4""→20)-(3-O-β-D-glucopyranosyl)-1\'-O-E-caffeoyl-β-D-glucopyranoside', 'taxifolin', ""(2'S)-2-(propan-2'-ol)-5-hydroxy-benzopyran-4-one"", 'Rel-(+)-(7S,9R,10S)-3,9,12-trihydroxycalamenene', 'Casearin S', '11β-acetoxyobacunone', '1-(5,7-dihydroxy-2,2-dimethylchroman- 6-yl)-3-[4-hydroxy-3-(3-methylbut-2-en-1-yl)- phenyl]propan-1-one', '(3R,4R)-4,7-Dihydroxymellein', ""Nitensoside B; Pedalitin 6-O-α-rhamnopyranosyl(1'''→6'')-β-glucopyranoside"", 'Amentoflavone', 'Luteolin; 2-(3,4-dihydroxyphenyl)-5,7-dihydroxy-4H-chromen-4-one', 'Sinapic acid', '19,20-Epoxycytochalasin Q', '19,20-Epoxycytochalasin R', 'Muraxanthone', 'Odoratone', 'Rel-6β-hydroxyzuelanin-2β-benzoate', 'Caseargrewiin F; (1R*,3S*,5S*,6aR*,7S*,8R*,10R*,10aR*)-1,3-Bis(acetyloxy)-3,5,6,6a,7,8,9,10-octahydro-10-hydroxy-7,8-dimethyl-7-[(2Z)-3-methylpenta-2,4-dien-1-yl]naphtho[1,8a-c]furan-5-yl Butanoate', 'Casearin L; (1R*,3S*,5S*,6aR*,7R*,8R*,9S*,10S*,10aR*)-1,10-Bis(acetyloxy)-3,5,6,6a,7,8,9,10-octahydro-9-hydroxy-5-methoxy-7,8-dimethyl-7-[(2Z)-3-methylpenta-2,4-dien-1-yl]naphtho[1,8a-c]-furan-3-yl Butanoate', 'Platydesmine', 'Leiokinine A', 'Cabraleadiol', 'schaftoside', ""(2S)-Methyl-8-isopentyl-2-methyl-2-(4'-methylpentyl)chroman-6-carboxylate"", '3,4,5-Triacetoxybenzoic acid', 'Methyl gallate', '3-O-β-D-quinovopyranosyl cincholic acid', 'Afzelin, 3-O-α-rhamnosyl kaempferol', 'Egonol', '3,4-dihydroxybenzoic acid geranyl ester', 'N-[10-(13,14-methylenedioxyphenyl)-7(E),9(Z)-pentadienoyl]-pyrrolidine', 'Casearupestrin A', '2-oxo-piperol B; (7S*, 8R*, 1R*, 3R*)-3,4,5-trimethoxy-3,7-cyclo-8,1-neolig-8-ene-2,4(3H)-dione', '4-Nerolidilcatechol', ""2-(2'-O-transcoumaroyl)-C-β-D-glucopyranosyl-1,3,6,7-tetrahydroxyxanthone"", 'Syringic acid', '(+)-3-O-feruloylcassine', '1-(5,7-dihydroxy-2,2-dimethylchroman-6-yl)-3-(1,1,4a-trimethyl-2,3,4,4a,9a-hexahydro-1H-xanthen-7-yl)propan-1-one', 'Methyl (E)-6,7,8-trimethoxycinnamate', '3,4,5-Trimethoxyphenyl-1-O-β-D-(5-O-syringoyl)-apiofuranosyl-(1→6)-β-D-glucopyranoside', '6-[8(Z),11(Z),14-pentadecatrienyl]salicylic acid', 'Sorbifolin', ""Nitensoside A; Sorbifolin 6-O-α-rhamnopyranosyl(1'''→6'')-β-glucopyranoside"", 'Casearin O; (1R*,3S*,5S*,6aR*,7R*,8R*,9S*,10S*,10aR*)-1,10-Bis(acetyloxy)-5-methoxy-7,8-dimethyl-7-[(2Z)-3-methylpenta-2,4-dien-1-yl]-3,5,6,6a,7,8,9,10-octahydronaphtho[1,8a-c]furan-3,9-diyl Dibutanoate', 'germacrene D', '6-pentadecylsalicylic acid', 'Methyl-2,2-dimethylchroman-6-carboxylate', 'Gedunin', 'Pedalin, pedalitin 6-O-β -glucopyranoside', '(−)-Grandisin', ""Myrsinoic acid A, 3-Geranyl-4-hydroxy-5-(3'',3''-dimethylallyl)benzoic acid"", '20α-Hydroxymaytenin; 20-hydroxy-20-epi-tingenone', '(-)-Epigallocatechin-3-O-gallate', 'Casearin D; (1R*,3S*,5S*,6aR*,7R*,8R*,9S*,10S*,10aR*)-1-(Acetyloxy)-3,5,6,6a,7,8,9,10-octahydro-5,10-dihydroxy-7,8-dimethyl-7-[(2Z)-3-methylpenta-2,4-dien-1-yl]naphtho[1,8a-c]furan-3,9-diyl Dibutanoate', 'Rel. (+)-(7S,10S) 3,12-dihydroxycalamenene', 'carlinoside', 'Methyl-8-(ethanoyloxy)-2,2-dimethyl-2H-chromene-6-carboxylate', 'arjunolic acid', 'stachysterone', 'Ethyl 2,4-dihydroxy-5,6-dimethylbenzoate', 'Amentoflavone 7”,4”’-dimethyl ether', 'Picramnioside F', 'Lauryl gallate', 'Syringaldehyde', '22-hydroxytirucalla-7,24-diene-2,3-dione', 'Netzahualcoyondiol', 'Piperol B', 'Trans-3’-methylsulphonylallyl trans-cinnamate', '(3-(2-(4-hydroxyphenyl)-2-oxoethyl)-5,6-dihydropyridin- 2(1H)-one)', 'Mangiferin', 'Salacin', 'Viburgenin', ""Pterogynoside; Kaempferol-3-O-(3''-O-4'''-methylgallate-α-L-rhamnoside)"", 'Isobutyl gallate', '7′-multijuguinone', 'Griseofulvin', ""7-Hydroxy-4',6-dimethoxyisoflavone; Afrormosin; Afromosin"", '8-methoxymellein', '(±)-Syringaresinol', 'Cyclo-(L-Pro-L-Val)', 'Acetonide of odoratol', 'Cognatine', 'Fagaramide', 'Chalepin', 'Chlorogenic acid', '(4R)-4,8-dihydroxy-α-tetralone', 'Kaempferol', '3-O-β-D-quinovopyranosyl quinovic acid']]",doi_name
"['10.1080/14786410600907002', 'citrusinine-I']","['10.1080/14786410600907002', ['guaiol', 'γ-eudesmol', 'Hinesol', 'α-eudesmol', 'Teucrein', '11-O-trans-feruloylteucrein', 'Galioside aglicone', 'Galioside', 'Apodanthoside', 'Aphidicolin', '3,3-O-dimethylquercetin', '3,7,4-O-trimethylkaempferol', 'p-hydroxybenzoic acid', 'penduletin 4-O-methyl ether', '3-O-methylquercetin', '2α,3α-dihydroxyolean-12- en-28-oic acid', 'acacetin', 'Chrysoeriol', '2α,3α,19α- trihydroxyurs-12-en-28-oic acid', ""3,4-dimethyl-2-(4'-hydroxy-3',5'-dimethoxyphenyl)-5-methoxy-tetrahydrofuran"", 'Beauvericin', 'Anhydrofusarubin', 'Tagitinin C', '1-methoxy-3-hydroxy-3,10b-4,5a-diepoxy-8b-isobutyroyloxygermacr-11(13)-en-6a,12-olide', ""4-Hydroxy-(3',7'-dimethyl-1'-oxo-octa-2'-E-6'-dienyl)benzoic acid"", ""4-Hydroxy-3-(3',7'-dimethyl-3'-hydroxy-1'-oxo-6'-octenyl)benzoic acid"", ""Sakuranetin; 5,4'-dihydroxy-7-methoxyflavanone"", ""1,4-Dihydroxy-2-(3',7'-dimethyl-1'-oxo-2'-E-6'-octadienyl)benzene"", ""Isosakuranetin; 5,7-dihydroxy-4'-methoxyflavanone"", '(+)-11α-Hydroxyerythravine', '(+)-α-Hydroxyerysotrine', '(+)-Erythravine', '4-metoxi-6-[2-(metilamino)fenil]- 2H-piran-2-ona', 'Citrusinine-I', 'Pyranofoline', '5-hydroxynoracronycine; Atalaphyllidine', '1,3,5-trihydroxy-4-methoxy-10-methyl- 2,8-bis(3-methylbut-2-enyl)acridin-9(10H)-one', 'Citrusinine-II', '1,3,5-trihydroxy- 2,8-bis(3-methylbut-2-enyl)-10-methyl-9-acridone', 'Glycocitrine-IV', 'Glycocitrine-I', '3,4-dihydro-3,5,8-trihydroxy-6-methoxy-2,2,7-trimethyl-2Hpyrano[ 2,3-a]acridin-12(7H)-one', 'Pimara-7,15-dien-3β-ol', '8-hydroxy-6-methoxy-3-methylisocoumarin', 'Dimethyl terephthalate', 'Ergosterol peroxide', '(22E,24R)-ergosta-4,6,8(14),22-tetraen-3-one', 'Chlorogenic acid methyl ester, Methyl (1S,3R,4R,5R)-3-{[(2E)-3-(3,4-dihydroxyphenyl)-2-propenoyl]oxy}-1,4,5-trihydroxycyclohexanecarboxylate', '9-hydroxyeugenin', 'Mycoleptone A', 'Mycoleptone B', 'Austdiol', 'Eugenitin', 'Austdiol diacetate', '6-methoxyeugenin', 'Mycoleptone A tetraacetate', '2,3-dihydro-4,9-dihydroxy-2-(2-hydroxy-propan-2-yl)- 11-methoxy-10-methylfuro[3,2-b]acridin-5(10H)-one', 'Citibrasine', 'bis-5-hydroxyacronycine', ""3',4',5',3,5,7,8-heptamethoxyflavone"", ""3,5,6,7,3',4',5'-heptamethoxyflavonol"", 'Taraxerol acetate', '5,7-dimethoxy-2,2-dimethyl-2H-1-benzopyran-6-propanoate', '(-)-3-O-acetyl-spectaline', 'Methyl (3R,4R,5R)-3-{[(2E)-3-(3,4-dihydroxyphenyl)-2-propenoyl]oxy}-1,4,5-trihydroxycyclohexanecarboxylate', 'Methyl (3R,4R,5R)-3-{[(2Z)-3-(3,4-dihydroxyphenyl)-2-propenoyl]oxy}-1,4,5-trihydroxycyclohexanecarboxylate', 'Nitensidine D', 'Nitensidine E', '3,21-Di-epi-feroniellide B', '21α,25-dimethylmelianodiol', '21β,25-dimethylmelianodiol', ""3',4'-methylenedioxy-5,6,7- trimethoxyflavone"", ""3',4'-methylenedioxy-5,5',6,7-tetramethoxyflavone"", ""2'-hydroxy-3,4,4'-trimethoxy-5',6'-(2'',2''-dimethylpyrano)-chalcone"", ""3',4'-methylenedioxy-5,7-dimethoxyflavone"", 'Hispidol A', 'Nilocetin', 'Pentaol', '3,11-dioxoolean-12-en-28- onic acid', 'Piscidinol A', 'cryptomeridiol', 'Iso-odoratol', 'Oleanonic acid', 'astilbin; Rel-(2R, 3R)-dihydroquercetin-3-O-±-L-rhamnoside', 'Clusifoliol', ""Isoswertisin-4'-methyl-ether-2''α-L-rhamnoside"", '2-Episesalatin', ""Isoswertisin-2''α1-L-rhamnoside"", 'Sesartemin', 'Procyanidin B-3', 'Kaempferol-3-O-D-glucopyranoside', '6-Hydroxy-rutin', 'Quercetin-3-O-α-L-rhamnopyranosyl-(1→6)-β-D-galactopyranoside', 'Kaempferol-3-O-D-galactopyranoside', 'Kaempferol-3-O-α-L-rhamnopyranosyl-(1-6)-α-L-rhamnopyranosyl-(1-4)-β-D-glucopyranoside', 'Kaempferol-3-O-rutinoside', 'Catechin, Ent-catechin', 'Kaempferol-3-O-α-L-rhamnopyranosyl-(1→6)-β-D-galactopyranoside', 'Turbinatine', 'Harman-3-carboxylic acid', 'Strictosidine acid', '3,4-dehydrostrictosidine acid', 'Cordifoline', '3,4-dehydro-strictosidine', '5α-carboxystrictosidine', 'Deoxycordifoline', 'β-Gardiol', 'α-Gardiol', 'Ferulic acid', '5,7-dimethoxy-2,2-dimethyl-2H-1-benzopyran-6-propanoic acid', '17-(3,4-Methylenedioxyphenyl)-heptadecanoic acid', 'Sargaquinoic acid', ""Juruenolic acid; 2-(4'-Methylpentenyl-3)-10-oxoundecan-2,6-dienoic acid"", '(+)-Guaiacin', '21´-(3,4-Methylenedioxyphenyl)-henicosanoic acid', 'Fasciculiferin', 'Sargachromenol', '19´-(3,4-Methylenedioxyphenyl)-nonadecanoic acid', ""7,4'-Dimethoxyflavone"", ""7,4'-Dihydroxyflavone"", 'Farnisine', 'Tithonine', 'Epi-guaiacin', 'Verrucosin', '7-Methyl-sargachromenol; 2,7,8-Trimethyl-2-[(3-E,7-Z)-4,12-dimethyl-8-carboxyl-3,7,11-tridecatrienyl]-3-chromen-6-ol, β-caroteno', 'Nectandrin B', ""2-(3',4'-methylenedioxyphenylethyl)-Quinoline"", ""2-(1'-pentenyl)-Quinoline"", '2-n-Pentylquinoline', '2-n-Propylquinoline', ""4-Hydroxy-(3',7'-dimethyl-1'-oxo-octa-2'-Z-6'-dienyl)benzoic acid"", ""Aduncumene; Methyl 2-methoxy-5-(3'-methyl-1'-oxo-2'-butenyl)benzoate"", ""Methyl 4-hydroxy-3-(3'-methyl-2'-hydroxy-3'-butenyl)benzoate"", '3,4,5-Trimethoxydihydrocinnamic acid', ""Methyl taboganate; Methyl 4-hydroxy-3-(3'-methyl-1'-oxo-2'-butenyl)benzoate"", ""4-Hydroxy-3-(3',7'-dimethylocta-2'-E-6'-dienyl)benzoic acid"", ""Hostmaniene; 4-Hydroxy-3-(2',3'-dihydroxy-3'-methylbutyl)benzoate"", ""2',6'-Dihydroxy-4'-methoxydihydrochalcone"", ""Methyl 4-hydroxy-3-(3'-methyl-2'-butenyl)benzoate"", 'Piperaduncine B', 'Methyl 2,2-dimethyl-1-oxo-2H-1-benzopyran-6-carboxylate', 'Secoxyloganin', '7-Methoxydiderroside', 'Diderroside', ""6'-Acetyl-β-D-glucopyranosyldiderroside"", 'Stearic acid 4-pentoyloxyphenethyl ester', 'Methyl-8-hydroxy-2,2-dimethyl-2H-chromene-6-carboxylate', ""4-Methoxy-3-(3',7'-dimethylocta-2'-E-6'-dienyl)benzoic acid"", ""3-(3',7 '-dimethyl-2',6 '-octadienyl)-4-methoxy-benzoic acid"", ""Rel-(7R,8S,7'S,8'S)-4-hydroxy-4',5'-methylenedioxy-3,5,3'-trimethoxy-7,7'-epoxylignan"", ""Rel-(7R,8S,7'S,8'S)-4'-hydroxy-3,4,5,3',5'-pentamethoxy-7,7'-epoxylignan"", ""Rel-(7R,8S,7'S,8'S)-4',5'-methylenedioxy-3,4,5,3'-tetramethoxy-7,7'-epoxylignan"", ""Rel-(7R,8S,7'S,8'S)-4,5,4',5'-dimethylenedioxy-3,3'-dimethoxy-7,7'-epoxylignan"", ""Rel-(7R,8S,7'S,8'S)-9-hydroxy-4',5'-methylenedioxy-3,4,5,3'-tetramethoxy-7,7'-epoxylignan"", 'Xanthyletin', '(3Z,5Z)-N-isobutyl-8-(30,40-methylenedioxy-phenyl)-heptadienamide', 'Pellitorine', '10,11-dihydropiperine; Δα,β-dihydropiperine', '8,9-dihydropiplartine; N-(12,13,14-trimethoxydihydrocinnamoyl)-Δ3-pyridin-2-one', '4,5-dihydropiperyline', '(E)-piplartine', ""N-[3-(6'-methoxy-3',4'-methy-lenedioxyphenyl)-2(Z)-propenoyl]pyrrolidine"", '(Z)-piplartine; 8(Z)-N-(12,13, 14-trimethoxycinnamoyl)- 3-pyridin-2-one', 'Piperine', '4,5-dihydropiperlonguminine; Piperlonguminine', 'Methacrylic acid', 'cyclo (L)-Pro-Gly', 'Isopimpinellin', 'β-caryophyllene, trans-caryophyllene', 'Cusculine; 1,2,3,5,6-pentamethoxy-9-acridone', 'Cuspanine; 1-hydroxy-2,3,5,6-tetramethoxy-9-acridone', '2α,3α-Dihydroxy-urs-12-en-28-oic acid', 'Oleanolic acid 3-sophoroside', '3-O-β-D-(6’-methyl)-glucopyranosyl-28-O-β-D-glucopyranosyl-oleanate', 'β-Sitosterol benzoate', '2-phenyl-4H-chromen-4-one', '5-hydroxyflavone', 'Haplotusine', 'Sinapyl 4-O-β-D-glucopyranoside aldehyde', 'N-acetylnonaine', 'Liriodenine', 'Sinapyl 4-O-β-D-glucopyranoside alcohol', '[10]-gingerol', ""2,4-Dihydroxy-6-[(1'E,3'E)-penta-1', 3'-dienyl]-benzaldehyde"", '2-methyl-5-[8(Z)-pentadecenyl]resorcinol', 'Nitensidine A', '2-hydroxyphenylacetic acid', '3-O-β-D-quinovopyranosyl quinovic acid', ""8-hydroxy-3,5,7,3',4',5'-hexamethoxyflavonol"", 'Kaempferol', '(4R)-4,8-dihydroxy-α-tetralone', 'Chlorogenic acid', 'Odoratol', 'Chalepin', '3β-hydroxy-stigmast-5-en-7-one; 24-β-7-oxositosterol', 'scillascillin', 'Homoegonol', '[8]-gingerol', '2,7-Di-O-acetylcasearupestrin A', 'Nitensidine B', '1-methyl-2-n-nonyl-4-quinolone', 'Leptomerine', '5-hydroxy-N-methylseverifoline', '19,20-Epoxycytochalasin N', 'ellagic acid 4-O-α-L-rhamnopyranoside; eschweilenol C', 'Mayoside C', 'Ourateacatechin', ""3',4',5',5,7-pentamethoxyflavone"", '2-methyl-5-pentadecylresorcinol', 'Griseofulvin', ""7-Hydroxy-4',6-dimethoxyisoflavone; Afrormosin; Afromosin"", '8-methoxymellein', '(±)-Syringaresinol', 'Cyclo-(L-Pro-L-Val)', 'citrusinine-I', 'Ricinine', 'Leptophyllin A', '5-pentadecylresorcinol', 'Skimmianine', 'p-hydroxybenzoic acid-geranyl ester', '3,12-Dihydroxycadalene', '7-hydroxy-3- (11-dimethylallyl)-8-methoxycoumarin', ""N-[7-(3',4'-methylenedioxyphenyl)-2(Z),4(Z)-heptadienoyl]pyrrolidine"", ""Acteoside; [β-3,4-dihydroxyphenyl)-ethyl]-(3'-O-α-L-rhamnopyranosyl)-(4'-O-cafeoyl)-β-D-glycopyranoside, verbascoside"", 'Ocotillone', 'des-N-methylnoracronycine', 'Sorbifolin 6-O-β-glucopyranoside', 'Rel-2α-hydroxyzuelanin-6β-benzoate', '2,6-di-O-acetylcasearupestrin D', ""Methyl-2,2-dimethyl-8-(3'-methylbut-2'-enyl)chroman-6-carboxylate"", 'Canavaline', 'Di-hydrodehydrodiconiferyl alcohol', 'Quercetin', ""2-(2'-O-trans-cinnamoyl)-C-β-D-glucopyranosyl-1,3,6,7-tetrahydroxyxanthone"", 'Kokusaginine', 'Pristimerin; 20α-3-hydroxy-2-oxo-24-nor-friedela-1-10,3,5,7-tetraen-carboxylic acid-29-methylester', '3,4,5-trimethoxyphenyl 1-O-β-D-apiofuranosyl-(1→6)-O-β-D-glucopyranoside', 'β-photogedunin', 'n-Butyl gallate', ""5-[3''-(β-D-glucopyranosyloxy)propyl]-7-methoxy-2-(3',4'-dimethoxyphenyl)benzofuran"", '5-[8(Z),11(Z),14-pentadecatrienyl]resorcinol', 'Gallic acid; 3,4,5-trihydroxybenzoic acid', 'Maculosidine', 'Podocarpusflavone A', 'Casearupestrin C', '6α-malonyloxy-n-butyl ester manoyl oxide', 'Proanthocyanidin', 'neoisoastilbin', '(R)-7-Hydroxymellein', '6α-acetoxymanoyl oxide', 'Methyl-8-hydroxy-2,2-dimethylchroman-6-carboxylate', '6α-acetoxy-14β,15β-epoxyazadirone', '19,20-Epoxycytochalasin D', 'fumiquinozoline F', 'Kaempferol 3-O-α-L-rhamnopyranosyl (1→6)-O-[β -D-glucopyranosyl (1→3)-O-α-L-rhamnopyranosyl-(1→2)]-O-β -D-glucopyranosyl', '3β-O-[α-L-rhamnopyranosyl-(1→2)-O-β-D-glucopyranosyl-(1→2)-O-β-D-glucopyranosyl]-28-O-β-D-glucopyranoside pomolate', 'Dibenzyl tetrasulphide', ""2',5-dihydroxy-3-methoxy-8-dimethylallyl-6, 7-(2' ',2''-dimethylpyrano)-dihydroflavonol"", 'Methyl angolensate', ""5-(3'' -Hydroxypropyl)-7-methoxy-2-(3',4' -methyl-enedioxyphenyl)benzofuran"", '22β-hydroxypristimerin', '1- (5,7-dihydroxy-2,2-dimethylchroman-6-yl)-3-(2,2-dimethylchroman- 6-yl)propan-1-one', 'toonacilin', 'Uracil', '1-O-(E)-feruloyl-β-D-glucopyranoside', '2-n-nonyl-4-quinolone', 'Cytochalasin D', 'Isoorientin', 'urauchimycin A', 'p-Coumaric acid', '(-)-Epigallocatechin', 'Netzahualcoyonol', '1-[3-(3,7-dimethylocta-2,6-dien-1-yl)-2,4,6- trihydroxyphenyl]-3-(4-hydroxyphenyl)propan-1-one', '6α-malonyloxymanoyl oxide', 'Benzylhydroxymethyl sulphide', '1,6-di-O-caffeoyl-β-D-glucopyranoside', '2-methyl-5-[8(Z),11(Z),14-pentadecatrienyl]resorcinol', 'Dibenzyl disulphide', 'Isopropyl gallate', '6β-hydroxy-7-epigardoside methyl ester', 'Tetrahydropiperyline, N-[10-(13,14-methylenedioxyphenyl)-pentanoyl]-pyrrolidine', 'Piperovatine', '2,4,6-trimethoxybenzoic acid', '1-O-(E)-caffeoyl-β-D-glucopyranoside', 'Quercitrin, 3-O-α-rhamnosylquercetin', 'Caseobliquin A', '20-hydroxyecdysone; polypodine A', '3-Acetyl aleuritolic acid', 'Alkenoic acid', 'Quercetin 3-O-α-L-rhamnopyranosyl (1→6)-O-[β -D-glucopyranosyl (1→3)-O-α-L-rhamnopyranosyl-(1→2)]-O-β -D-glucopyranosyl', 'Heveaflavone', 'Arboreumine', '3-Oxoursolic acid', 'Casearupestrin B', '19,20-Epoxycytochalasin C', 'n-Pentyl gallate', 'Orcinol', 'Periconicin B', 'Phomopsilactone', ""(2S)-8-Isopentyl-2-methyl-2-(4'-methylpentyl)chroman-6-carboxylic acid"", '2,2-dimethyl-2H-chromene-6-carboxylic acid', '1,2-dihydro- 3β-hydroxy-7-deacetoxy-7-oxogedunin', 'Photogedunin', 'Casearin X; (1R*,3S*,5S*,6aR*,7S*,8S*,10R*,10aR*)-1-(Acetyloxy)-3,5,6,6a,7,8,9,10-octahydro-10-hydroxy-7,8-dimethyl-7-[(2Z)-3-methylpenta-2,4-dien-1-yl]naphtho[1,8a-c]furan-3,5-diyl Dibutanoate', ""2-(R)-Methyl-6-(S)-(tetradecyl-13'-one)-3(R)-O-tert-butyldimethylsilyl-piperidine"", '(2S)-Methyl-2-methyl-8-(3""-methylbut-2""-enyl)-2-(4\'-methylpent-3\'-enyl)-2H-chromene-6-carboxylate', 'Casearin X Dialdehyde; (2R*,4aS*,5S*,7R*,8R*,8aS*)-4,4a-Diformyl-1,2,4a,5,6,7,8,8a-octahydro-5-hydroxy-7,8-dimethyl-8-[(2Z)-3-methylpenta-2,4-dien-1-yl]naphthalen-2-yl Butanoate', 'polypodine B', 'n-Propyl gallate', ""3',4',5',5,7,8-hexamethoxyflavone"", 'Isoplumericin', 'α-L-xylopyranosyl-(4""→20)-(3-O-β-D-glucopyranosyl)-1\'-O-E-caffeoyl-β-D-glucopyranoside', 'Casearin T', 'Piperyline, N-[10-(13,14-methylenedioxyphenyl)-7(E),9(E)-pentadienoyl]-pyrrolidine', 'ω-fenil alcanoic acid', '2-butyl-D-fructofuranoside', ""Gaudichaudianic acid; (2S)-2-methyl-2-(4'methyl-3'-pentenyl)-8-(3''-methyl-2-butenyl)- 2H-1-benzopyran-6-carboxylic acid"", 'limonexic acid', 'Pedalitin', 'epoxy-fraxinellone', '12′-hydroxy-7′-multijuguinone', 'Kaempferitrin', 'Nitensidine C', 'Dipropyl disulphide', '2-methyl-5-[8(Z),11(Z)-pentadecadienyl]resorcinol', 'Methyl 6,7,8-trimethoxydihydrocinnamate', 'taxifolin', ""(2'S)-2-(propan-2'-ol)-5-hydroxy-benzopyran-4-one"", 'Rel-(+)-(7S,9R,10S)-3,9,12-trihydroxycalamenene', 'Casearin S', '2-Hexyl-3-methyl-butanodioic acid', 'fraxinellone', '6-[ 8(Z),11(Z) -pentadecadienyl] salicylic acid', 'Di(benzyltrithio) methane', '3,11,12-Trihydroxycadalene', 'Quercetin 3-O-sophoroside', '(3R,4R)-3,4-Dihydro-4,6-dihydroxy-3-methyl-1-oxo-1H-isochromene-5-carboxylic acid', '24-methylene-3,22-dihydroxycholesterol', 'amorphispironone', 'Casearupestrin D', 'Chaetoglobosin B', ""2-(2'-O-benzoyl)-C-β-D-glucopyranosyl-1,3,6,7-tetrahydroxyxanthone"", '5-hydroxymethyl- 2-furancarboxaldehyde; 5-hydroxymethyl-2-furfuraldehyde', 'atalaphyllinine', 'N-[10- (13,14-methylenedioxyphenyl)-7(E)-pentaenoyl]-pyrrolidine', '2-Methyl-5-methoxy-benzopyran-4-one', '3,4-dihydroxybenzoic acid geranyl ester', '6-[8(Z)-pentadecenyl]salicylic acid', '(2S)-2-methyl-8-(3""-methylbut-2""-enyl)-2-(4\'-methylpent-3\'-enyl)-2H-chromene-6-carboxylic acid', 'Burchellin', '5-[8(Z)-pentadecenyl]resorcinol', 'Luteolin; 2-(3,4-dihydroxyphenyl)-5,7-dihydroxy-4H-chromen-4-one', 'Sinapic acid', '19,20-Epoxycytochalasin Q', '19,20-Epoxycytochalasin R', 'Muraxanthone', 'Casearupestrin A', '2-oxo-piperol B; (7S*, 8R*, 1R*, 3R*)-3,4,5-trimethoxy-3,7-cyclo-8,1-neolig-8-ene-2,4(3H)-dione', '28-O-β-D-glucopyranosyl quinovic acid', '2-Methyl-4-hydroxy-butyl caffeoate', 'N-1,N-2,N-3-Triisopentenylguanidine', 'Dibenzyl trisulphide', 'Maytenin, Tingenone', 'urauchimycin B', ""2-(2'-O-trans-caffeoyl)-C-β-D-glucopyranosyl-1,3,6,7-tetrahydroxyxanthone"", 'Netzahualcoyene', '11β-acetoxyobacunone', '1-(5,7-dihydroxy-2,2-dimethylchroman- 6-yl)-3-[4-hydroxy-3-(3-methylbut-2-en-1-yl)- phenyl]propan-1-one', '(3R,4R)-4,7-Dihydroxymellein', ""Nitensoside B; Pedalitin 6-O-α-rhamnopyranosyl(1'''→6'')-β-glucopyranoside"", 'Amentoflavone', 'Odoratone', 'Rel-6β-hydroxyzuelanin-2β-benzoate', 'shidasterone', 'Gedunin', 'Pedalin, pedalitin 6-O-β -glucopyranoside', 'Caseargrewiin F; (1R*,3S*,5S*,6aR*,7S*,8R*,10R*,10aR*)-1,3-Bis(acetyloxy)-3,5,6,6a,7,8,9,10-octahydro-10-hydroxy-7,8-dimethyl-7-[(2Z)-3-methylpenta-2,4-dien-1-yl]naphtho[1,8a-c]furan-5-yl Butanoate', 'Casearin L; (1R*,3S*,5S*,6aR*,7R*,8R*,9S*,10S*,10aR*)-1,10-Bis(acetyloxy)-3,5,6,6a,7,8,9,10-octahydro-9-hydroxy-5-methoxy-7,8-dimethyl-7-[(2Z)-3-methylpenta-2,4-dien-1-yl]naphtho[1,8a-c]-furan-3-yl Butanoate', 'Platydesmine', 'Leiokinine A', 'Cabraleadiol', 'schaftoside', ""(2S)-Methyl-8-isopentyl-2-methyl-2-(4'-methylpentyl)chroman-6-carboxylate"", '3,4,5-Triacetoxybenzoic acid', '1-(5,7-dihydroxy-2,2-dimethylchroman-6-yl)-3-(1,1,4a-trimethyl-2,3,4,4a,9a-hexahydro-1H-xanthen-7-yl)propan-1-one', 'Methyl (E)-6,7,8-trimethoxycinnamate', 'Netzahualcoyondiol', 'Piperol B', '(-)-Hardwickiic acid', ""5-[3''-(β-D-glucopyranosyloxy)propyl]-7-methoxy-2-(3',4'-methylenedioxyphenyl)benzofuran"", 'Methyl-8-(ethanoyloxy)-2,2-dimethyl-2H-chromene-6-carboxylate', 'arjunolic acid', '3,4,5-Trimethoxyphenyl-1-O-β-D-(5-O-syringoyl)-apiofuranosyl-(1→6)-β-D-glucopyranoside', '6-[8(Z),11(Z),14-pentadecatrienyl]salicylic acid', 'Sorbifolin', ""Nitensoside A; Sorbifolin 6-O-α-rhamnopyranosyl(1'''→6'')-β-glucopyranoside"", 'Casearin O; (1R*,3S*,5S*,6aR*,7R*,8R*,9S*,10S*,10aR*)-1,10-Bis(acetyloxy)-5-methoxy-7,8-dimethyl-7-[(2Z)-3-methylpenta-2,4-dien-1-yl]-3,5,6,6a,7,8,9,10-octahydronaphtho[1,8a-c]furan-3,9-diyl Dibutanoate', 'germacrene D', 'Methyl gallate', '3-O-β-D-quinovopyranosyl cincholic acid', 'Afzelin, 3-O-α-rhamnosyl kaempferol', 'Egonol', '4-Nerolidilcatechol', ""2-(2'-O-transcoumaroyl)-C-β-D-glucopyranosyl-1,3,6,7-tetrahydroxyxanthone"", 'Syringic acid', 'N-[10-(13,14-methylenedioxyphenyl)-7(E),9(Z)-pentadienoyl]-pyrrolidine', '(3-(2-(4-hydroxyphenyl)-2-oxoethyl)-5,6-dihydropyridin- 2(1H)-one)', 'Mangiferin', 'Salacin', 'Viburgenin', ""Pterogynoside; Kaempferol-3-O-(3''-O-4'''-methylgallate-α-L-rhamnoside)"", 'Isobutyl gallate', '7′-multijuguinone', '(+)-3-O-feruloylcassine', '6-pentadecylsalicylic acid', 'Methyl-2,2-dimethylchroman-6-carboxylate', ""Myrsinoic acid A, 3-Geranyl-4-hydroxy-5-(3'',3''-dimethylallyl)benzoic acid"", '20α-Hydroxymaytenin; 20-hydroxy-20-epi-tingenone', '(-)-Epigallocatechin-3-O-gallate', 'Casearin D; (1R*,3S*,5S*,6aR*,7R*,8R*,9S*,10S*,10aR*)-1-(Acetyloxy)-3,5,6,6a,7,8,9,10-octahydro-5,10-dihydroxy-7,8-dimethyl-7-[(2Z)-3-methylpenta-2,4-dien-1-yl]naphtho[1,8a-c]furan-3,9-diyl Dibutanoate', 'Rel. (+)-(7S,10S) 3,12-dihydroxycalamenene', 'carlinoside', '4-Hydroxymellein', '5-hydroxymellein', 'fraxinellonone', 'Dibenzyl sulphide', '(-) Cis-4-hydroxy-6-deoxyscytalone', 'Plumericin', '5-[8(Z),11(Z)-pentadecadienyl]resorcinol', '(-)-Spectalinine', 'stachysterone', 'Ethyl 2,4-dihydroxy-5,6-dimethylbenzoate', 'Amentoflavone 7”,4”’-dimethyl ether', 'Picramnioside F', 'Lauryl gallate', 'Syringaldehyde', '22-hydroxytirucalla-7,24-diene-2,3-dione', 'Trans-3’-methylsulphonylallyl trans-cinnamate', 'Acetonide of odoratol', '(−)-Grandisin', '24-methylenecycloartan-3b-ol', 'Ixoside', '2β-Hydroxyzuelanin-6β-cinnamate', 'Cognatine', 'Fagaramide']]",doi_name
"['10.1248/cpb.56.407', ""2-(R)-Methyl-6-(S)-(tetradecyl-13'-one)-3(R)-O-tert-butyldimethylsilyl-piperidine""]","['10.1248/cpb.56.407', ['guaiol', 'Hinesol', 'γ-eudesmol', 'α-eudesmol', '11-O-trans-feruloylteucrein', 'Teucrein', 'Apodanthoside', 'Galioside', 'Galioside aglicone', '5,7-dimethoxy-2,2-dimethyl-2H-1-benzopyran-6-propanoate', 'Epi-guaiacin', 'Verrucosin', '7-Methyl-sargachromenol; 2,7,8-Trimethyl-2-[(3-E,7-Z)-4,12-dimethyl-8-carboxyl-3,7,11-tridecatrienyl]-3-chromen-6-ol, β-caroteno', 'Nectandrin B', ""4-Methoxy-3-(3',7'-dimethylocta-2'-E-6'-dienyl)benzoic acid"", 'Methyl-8-hydroxy-2,2-dimethyl-2H-chromene-6-carboxylate', ""3-(3',7 '-dimethyl-2',6 '-octadienyl)-4-methoxy-benzoic acid"", '9-hydroxyeugenin', 'Mycoleptone A', 'Austdiol diacetate', 'Mycoleptone A tetraacetate', 'Austdiol', '6-methoxyeugenin', 'Eugenitin', 'Mycoleptone B', ""2-(1'-pentenyl)-Quinoline"", '2-n-Pentylquinoline', ""2-(3',4'-methylenedioxyphenylethyl)-Quinoline"", '2-n-Propylquinoline', 'Chlorogenic acid methyl ester, Methyl (1S,3R,4R,5R)-3-{[(2E)-3-(3,4-dihydroxyphenyl)-2-propenoyl]oxy}-1,4,5-trihydroxycyclohexanecarboxylate', 'cyclo (L)-Pro-Gly', '7-Methoxydiderroside', 'Diderroside', ""6'-Acetyl-β-D-glucopyranosyldiderroside"", 'Secoxyloganin', '(-)-3-O-acetyl-spectaline', 'Isopimpinellin', 'Xanthyletin', ""Rel-(7R,8S,7'S,8'S)-4'-hydroxy-3,4,5,3',5'-pentamethoxy-7,7'-epoxylignan"", ""Rel-(7R,8S,7'S,8'S)-4-hydroxy-4',5'-methylenedioxy-3,5,3'-trimethoxy-7,7'-epoxylignan"", ""Rel-(7R,8S,7'S,8'S)-9-hydroxy-4',5'-methylenedioxy-3,4,5,3'-tetramethoxy-7,7'-epoxylignan"", ""Rel-(7R,8S,7'S,8'S)-4,5,4',5'-dimethylenedioxy-3,3'-dimethoxy-7,7'-epoxylignan"", ""Rel-(7R,8S,7'S,8'S)-4',5'-methylenedioxy-3,4,5,3'-tetramethoxy-7,7'-epoxylignan"", 'Aphidicolin', ""Methyl 4-hydroxy-3-(3'-methyl-2'-hydroxy-3'-butenyl)benzoate"", ""Aduncumene; Methyl 2-methoxy-5-(3'-methyl-1'-oxo-2'-butenyl)benzoate"", ""4-Hydroxy-(3',7'-dimethyl-1'-oxo-octa-2'-Z-6'-dienyl)benzoic acid"", 'Methyl 2,2-dimethyl-1-oxo-2H-1-benzopyran-6-carboxylate', ""Methyl taboganate; Methyl 4-hydroxy-3-(3'-methyl-1'-oxo-2'-butenyl)benzoate"", ""Hostmaniene; 4-Hydroxy-3-(2',3'-dihydroxy-3'-methylbutyl)benzoate"", ""4-Hydroxy-3-(3',7'-dimethylocta-2'-E-6'-dienyl)benzoic acid"", ""2',6'-Dihydroxy-4'-methoxydihydrochalcone"", 'Piperaduncine B', ""Methyl 4-hydroxy-3-(3'-methyl-2'-butenyl)benzoate"", '3,4,5-Trimethoxydihydrocinnamic acid', 'Clusifoliol', ""Isoswertisin-4'-methyl-ether-2''α-L-rhamnoside"", 'Sesartemin', ""Isoswertisin-2''α1-L-rhamnoside"", '2-Episesalatin', ""3,4-dimethyl-2-(4'-hydroxy-3',5'-dimethoxyphenyl)-5-methoxy-tetrahydrofuran"", '3,21-Di-epi-feroniellide B', '21β,25-dimethylmelianodiol', '21α,25-dimethylmelianodiol', 'bis-5-hydroxyacronycine', 'Citibrasine', '2,3-dihydro-4,9-dihydroxy-2-(2-hydroxy-propan-2-yl)- 11-methoxy-10-methylfuro[3,2-b]acridin-5(10H)-one', 'Methyl (3R,4R,5R)-3-{[(2E)-3-(3,4-dihydroxyphenyl)-2-propenoyl]oxy}-1,4,5-trihydroxycyclohexanecarboxylate', 'Methyl (3R,4R,5R)-3-{[(2Z)-3-(3,4-dihydroxyphenyl)-2-propenoyl]oxy}-1,4,5-trihydroxycyclohexanecarboxylate', '(+)-11α-Hydroxyerythravine', '(+)-Erythravine', '(+)-α-Hydroxyerysotrine', 'Taraxerol acetate', 'Beauvericin', 'Anhydrofusarubin', '5-hydroxynoracronycine; Atalaphyllidine', '1,3,5-trihydroxy-4-methoxy-10-methyl- 2,8-bis(3-methylbut-2-enyl)acridin-9(10H)-one', 'Pyranofoline', 'Citrusinine-II', 'Citrusinine-I', '3,4-dihydro-3,5,8-trihydroxy-6-methoxy-2,2,7-trimethyl-2Hpyrano[ 2,3-a]acridin-12(7H)-one', 'Glycocitrine-IV', 'Glycocitrine-I', '1,3,5-trihydroxy- 2,8-bis(3-methylbut-2-enyl)-10-methyl-9-acridone', 'Stearic acid 4-pentoyloxyphenethyl ester', ""1,4-Dihydroxy-2-(3',7'-dimethyl-1'-oxo-2'-E-6'-octadienyl)benzene"", ""4-Hydroxy-(3',7'-dimethyl-1'-oxo-octa-2'-E-6'-dienyl)benzoic acid"", ""Isosakuranetin; 5,7-dihydroxy-4'-methoxyflavanone"", ""4-Hydroxy-3-(3',7'-dimethyl-3'-hydroxy-1'-oxo-6'-octenyl)benzoic acid"", ""Sakuranetin; 5,4'-dihydroxy-7-methoxyflavanone"", '17-(3,4-Methylenedioxyphenyl)-heptadecanoic acid', '19´-(3,4-Methylenedioxyphenyl)-nonadecanoic acid', ""7,4'-Dimethoxyflavone"", '21´-(3,4-Methylenedioxyphenyl)-henicosanoic acid', ""7,4'-Dihydroxyflavone"", 'Sargaquinoic acid', 'Farnisine', 'Sargachromenol', '(+)-Guaiacin', 'Tithonine', ""Juruenolic acid; 2-(4'-Methylpentenyl-3)-10-oxoundecan-2,6-dienoic acid"", 'Fasciculiferin', 'astilbin; Rel-(2R, 3R)-dihydroquercetin-3-O-±-L-rhamnoside', 'Nitensidine D', 'Nitensidine E', '4-metoxi-6-[2-(metilamino)fenil]- 2H-piran-2-ona', 'Strictosidine acid', 'Turbinatine', 'Cordifoline', '3,4-dehydrostrictosidine acid', 'Harman-3-carboxylic acid', '3,4-dehydro-strictosidine', '5α-carboxystrictosidine', 'Deoxycordifoline', ""3',4'-methylenedioxy-5,5',6,7-tetramethoxyflavone"", ""2'-hydroxy-3,4,4'-trimethoxy-5',6'-(2'',2''-dimethylpyrano)-chalcone"", ""3',4'-methylenedioxy-5,7-dimethoxyflavone"", ""3',4'-methylenedioxy-5,6,7- trimethoxyflavone"", 'Nilocetin', 'Hispidol A', 'Piscidinol A', 'cryptomeridiol', '3,11-dioxoolean-12-en-28- onic acid', 'Pentaol', 'Oleanonic acid', 'Iso-odoratol', 'α-Gardiol', 'β-Gardiol', 'Ferulic acid', 'Methacrylic acid', 'Kaempferol-3-O-rutinoside', 'Quercetin-3-O-α-L-rhamnopyranosyl-(1→6)-β-D-galactopyranoside', 'Kaempferol-3-O-D-galactopyranoside', 'Procyanidin B-3', '6-Hydroxy-rutin', 'Kaempferol-3-O-D-glucopyranoside', 'Kaempferol-3-O-α-L-rhamnopyranosyl-(1-6)-α-L-rhamnopyranosyl-(1-4)-β-D-glucopyranoside', 'Kaempferol-3-O-α-L-rhamnopyranosyl-(1→6)-β-D-galactopyranoside', 'Catechin, Ent-catechin', '1-methoxy-3-hydroxy-3,10b-4,5a-diepoxy-8b-isobutyroyloxygermacr-11(13)-en-6a,12-olide', 'Tagitinin C', '5,7-dimethoxy-2,2-dimethyl-2H-1-benzopyran-6-propanoic acid', ""3',4',5',3,5,7,8-heptamethoxyflavone"", ""3,5,6,7,3',4',5'-heptamethoxyflavonol"", 'penduletin 4-O-methyl ether', '2α,3α,19α- trihydroxyurs-12-en-28-oic acid', '3,3-O-dimethylquercetin', 'Chrysoeriol', '3-O-methylquercetin', '3,7,4-O-trimethylkaempferol', 'acacetin', 'p-hydroxybenzoic acid', '2α,3α-dihydroxyolean-12- en-28-oic acid', '8,9-dihydropiplartine; N-(12,13,14-trimethoxydihydrocinnamoyl)-Δ3-pyridin-2-one', '4,5-dihydropiperlonguminine; Piperlonguminine', 'Piperine', '(Z)-piplartine; 8(Z)-N-(12,13, 14-trimethoxycinnamoyl)- 3-pyridin-2-one', '(E)-piplartine', '10,11-dihydropiperine; Δα,β-dihydropiperine', '4,5-dihydropiperyline', ""N-[3-(6'-methoxy-3',4'-methy-lenedioxyphenyl)-2(Z)-propenoyl]pyrrolidine"", '(3Z,5Z)-N-isobutyl-8-(30,40-methylenedioxy-phenyl)-heptadienamide', 'Pellitorine', 'Pimara-7,15-dien-3β-ol', 'Ergosterol peroxide', 'Dimethyl terephthalate', '(22E,24R)-ergosta-4,6,8(14),22-tetraen-3-one', '8-hydroxy-6-methoxy-3-methylisocoumarin', 'β-caryophyllene, trans-caryophyllene', 'Cusculine; 1,2,3,5,6-pentamethoxy-9-acridone', 'Cuspanine; 1-hydroxy-2,3,5,6-tetramethoxy-9-acridone', '2α,3α-Dihydroxy-urs-12-en-28-oic acid', 'Oleanolic acid 3-sophoroside', '3-O-β-D-(6’-methyl)-glucopyranosyl-28-O-β-D-glucopyranosyl-oleanate', '5-hydroxyflavone', 'β-Sitosterol benzoate', '2-phenyl-4H-chromen-4-one', 'Haplotusine', 'Sinapyl 4-O-β-D-glucopyranoside aldehyde', 'Sinapyl 4-O-β-D-glucopyranoside alcohol', 'Liriodenine', 'N-acetylnonaine', '[10]-gingerol', ""2,4-Dihydroxy-6-[(1'E,3'E)-penta-1', 3'-dienyl]-benzaldehyde"", 'Nitensidine A', '2-methyl-5-[8(Z)-pentadecenyl]resorcinol', '2-hydroxyphenylacetic acid', '3-O-β-D-quinovopyranosyl quinovic acid', ""8-hydroxy-3,5,7,3',4',5'-hexamethoxyflavonol"", 'Kaempferol', '(4R)-4,8-dihydroxy-α-tetralone', 'Chlorogenic acid', 'Odoratol', 'Chalepin', ""2-(2'-O-trans-caffeoyl)-C-β-D-glucopyranosyl-1,3,6,7-tetrahydroxyxanthone"", 'Netzahualcoyene', 'Casearin X Dialdehyde; (2R*,4aS*,5S*,7R*,8R*,8aS*)-4,4a-Diformyl-1,2,4a,5,6,7,8,8a-octahydro-5-hydroxy-7,8-dimethyl-8-[(2Z)-3-methylpenta-2,4-dien-1-yl]naphthalen-2-yl Butanoate', 'polypodine B', '5-hydroxy-N-methylseverifoline', '19,20-Epoxycytochalasin N', 'ellagic acid 4-O-α-L-rhamnopyranoside; eschweilenol C', 'Mayoside C', 'Ourateacatechin', ""3',4',5',5,7-pentamethoxyflavone"", '2-methyl-5-pentadecylresorcinol', '3β-hydroxy-stigmast-5-en-7-one; 24-β-7-oxositosterol', 'scillascillin', 'Isobutyl gallate', '7′-multijuguinone', 'Griseofulvin', ""7-Hydroxy-4',6-dimethoxyisoflavone; Afrormosin; Afromosin"", '8-methoxymellein', '(±)-Syringaresinol', 'Cyclo-(L-Pro-L-Val)', 'fraxinellonone', 'Dibenzyl sulphide', 'Dibenzyl trisulphide', 'Maytenin, Tingenone', 'urauchimycin B', 'Ocotillone', 'des-N-methylnoracronycine', 'Sorbifolin 6-O-β-glucopyranoside', 'Rel-2α-hydroxyzuelanin-6β-benzoate', '2,6-di-O-acetylcasearupestrin D', ""Methyl-2,2-dimethyl-8-(3'-methylbut-2'-enyl)chroman-6-carboxylate"", '2,7-Di-O-acetylcasearupestrin A', 'Nitensidine B', '1-methyl-2-n-nonyl-4-quinolone', '5-[8(Z),11(Z),14-pentadecatrienyl]resorcinol', 'Leptomerine', '2-n-nonyl-4-quinolone', 'Cytochalasin D', 'Isoorientin', 'Gallic acid; 3,4,5-trihydroxybenzoic acid', 'Maculosidine', 'Podocarpusflavone A', 'Casearupestrin C', '6α-malonyloxy-n-butyl ester manoyl oxide', 'citrusinine-I', 'Ricinine', 'Leptophyllin A', '5-pentadecylresorcinol', 'Homoegonol', '[8]-gingerol', '4-Hydroxymellein', '5-hydroxymellein', '1,6-di-O-caffeoyl-β-D-glucopyranoside', '2-methyl-5-[8(Z),11(Z),14-pentadecatrienyl]resorcinol', 'Pristimerin; 20α-3-hydroxy-2-oxo-24-nor-friedela-1-10,3,5,7-tetraen-carboxylic acid-29-methylester', '3,4,5-trimethoxyphenyl 1-O-β-D-apiofuranosyl-(1→6)-O-β-D-glucopyranoside', 'β-photogedunin', '(-) Cis-4-hydroxy-6-deoxyscytalone', 'Plumericin', '5-[8(Z),11(Z)-pentadecadienyl]resorcinol', '(-)-Spectalinine', 'Netzahualcoyondiol', '19,20-Epoxycytochalasin D', 'fumiquinozoline F', 'Kaempferol 3-O-α-L-rhamnopyranosyl (1→6)-O-[β -D-glucopyranosyl (1→3)-O-α-L-rhamnopyranosyl-(1→2)]-O-β -D-glucopyranosyl', '3β-O-[α-L-rhamnopyranosyl-(1→2)-O-β-D-glucopyranosyl-(1→2)-O-β-D-glucopyranosyl]-28-O-β-D-glucopyranoside pomolate', 'Dibenzyl tetrasulphide', ""2',5-dihydroxy-3-methoxy-8-dimethylallyl-6, 7-(2' ',2''-dimethylpyrano)-dihydroflavonol"", '20-hydroxyecdysone; polypodine A', '3-Acetyl aleuritolic acid', 'Alkenoic acid', 'Quercetin 3-O-α-L-rhamnopyranosyl (1→6)-O-[β -D-glucopyranosyl (1→3)-O-α-L-rhamnopyranosyl-(1→2)]-O-β -D-glucopyranosyl', 'Heveaflavone', 'Arboreumine', '3-Oxoursolic acid', 'Casearupestrin B', 'toonacilin', 'urauchimycin A', 'p-Coumaric acid', '(-)-Epigallocatechin', 'Netzahualcoyonol', '1-[3-(3,7-dimethylocta-2,6-dien-1-yl)-2,4,6- trihydroxyphenyl]-3-(4-hydroxyphenyl)propan-1-one', '6α-malonyloxymanoyl oxide', 'Benzylhydroxymethyl sulphide', 'Di-hydrodehydrodiconiferyl alcohol', 'Quercetin', ""2-(2'-O-trans-cinnamoyl)-C-β-D-glucopyranosyl-1,3,6,7-tetrahydroxyxanthone"", 'Kokusaginine', 'Piperol B', '(-)-Hardwickiic acid', ""5-[3''-(β-D-glucopyranosyloxy)propyl]-7-methoxy-2-(3',4'-methylenedioxyphenyl)benzofuran"", '28-O-β-D-glucopyranosyl quinovic acid', '2-Methyl-4-hydroxy-butyl caffeoate', 'N-1,N-2,N-3-Triisopentenylguanidine', 'n-Butyl gallate', ""5-[3''-(β-D-glucopyranosyloxy)propyl]-7-methoxy-2-(3',4'-dimethoxyphenyl)benzofuran"", '3,12-Dihydroxycadalene', '7-hydroxy-3- (11-dimethylallyl)-8-methoxycoumarin', ""N-[7-(3',4'-methylenedioxyphenyl)-2(Z),4(Z)-heptadienoyl]pyrrolidine"", ""Acteoside; [β-3,4-dihydroxyphenyl)-ethyl]-(3'-O-α-L-rhamnopyranosyl)-(4'-O-cafeoyl)-β-D-glycopyranoside, verbascoside"", '19,20-Epoxycytochalasin C', 'n-Pentyl gallate', 'Orcinol', 'Periconicin B', 'Phomopsilactone', ""(2S)-8-Isopentyl-2-methyl-2-(4'-methylpentyl)chroman-6-carboxylic acid"", '2,2-dimethyl-2H-chromene-6-carboxylic acid', '1,2-dihydro- 3β-hydroxy-7-deacetoxy-7-oxogedunin', 'Photogedunin', 'Casearin X; (1R*,3S*,5S*,6aR*,7S*,8S*,10R*,10aR*)-1-(Acetyloxy)-3,5,6,6a,7,8,9,10-octahydro-10-hydroxy-7,8-dimethyl-7-[(2Z)-3-methylpenta-2,4-dien-1-yl]naphtho[1,8a-c]furan-3,5-diyl Dibutanoate', ""2-(R)-Methyl-6-(S)-(tetradecyl-13'-one)-3(R)-O-tert-butyldimethylsilyl-piperidine"", 'Methyl angolensate', ""5-(3'' -Hydroxypropyl)-7-methoxy-2-(3',4' -methyl-enedioxyphenyl)benzofuran"", '22β-hydroxypristimerin', '1- (5,7-dihydroxy-2,2-dimethylchroman-6-yl)-3-(2,2-dimethylchroman- 6-yl)propan-1-one', 'Canavaline', 'Isoplumericin', 'α-L-xylopyranosyl-(4""→20)-(3-O-β-D-glucopyranosyl)-1\'-O-E-caffeoyl-β-D-glucopyranoside', '(2S)-Methyl-2-methyl-8-(3""-methylbut-2""-enyl)-2-(4\'-methylpent-3\'-enyl)-2H-chromene-6-carboxylate', 'Casearin T', 'Piperyline, N-[10-(13,14-methylenedioxyphenyl)-7(E),9(E)-pentadienoyl]-pyrrolidine', 'ω-fenil alcanoic acid', '2-butyl-D-fructofuranoside', ""Gaudichaudianic acid; (2S)-2-methyl-2-(4'methyl-3'-pentenyl)-8-(3''-methyl-2-butenyl)- 2H-1-benzopyran-6-carboxylic acid"", 'limonexic acid', 'Pedalitin', 'Skimmianine', 'p-hydroxybenzoic acid-geranyl ester', 'Dibenzyl disulphide', 'Proanthocyanidin', 'Uracil', '1-O-(E)-feruloyl-β-D-glucopyranoside', 'Nitensidine C', 'Dipropyl disulphide', 'neoisoastilbin', '(R)-7-Hydroxymellein', '6α-acetoxymanoyl oxide', 'Methyl-8-hydroxy-2,2-dimethylchroman-6-carboxylate', '6α-acetoxy-14β,15β-epoxyazadirone', 'Di(benzyltrithio) methane', '3,11,12-Trihydroxycadalene', 'Quercetin 3-O-sophoroside', '(3R,4R)-3,4-Dihydro-4,6-dihydroxy-3-methyl-1-oxo-1H-isochromene-5-carboxylic acid', '24-methylene-3,22-dihydroxycholesterol', 'amorphispironone', 'Casearupestrin D', 'Chaetoglobosin B', ""2-(2'-O-benzoyl)-C-β-D-glucopyranosyl-1,3,6,7-tetrahydroxyxanthone"", 'N-[10- (13,14-methylenedioxyphenyl)-7(E)-pentaenoyl]-pyrrolidine', '2-Methyl-5-methoxy-benzopyran-4-one', '3,4-dihydroxybenzoic acid geranyl ester', 'N-[10-(13,14-methylenedioxyphenyl)-7(E),9(Z)-pentadienoyl]-pyrrolidine', '6-[8(Z)-pentadecenyl]salicylic acid', '(2S)-2-methyl-8-(3""-methylbut-2""-enyl)-2-(4\'-methylpent-3\'-enyl)-2H-chromene-6-carboxylic acid', 'Burchellin', '5-[8(Z)-pentadecenyl]resorcinol', 'Luteolin; 2-(3,4-dihydroxyphenyl)-5,7-dihydroxy-4H-chromen-4-one', 'Sinapic acid', '19,20-Epoxycytochalasin Q', '19,20-Epoxycytochalasin R', 'Muraxanthone', 'epoxy-fraxinellone', '12′-hydroxy-7′-multijuguinone', 'Kaempferitrin', '3,4,5-Triacetoxybenzoic acid', 'Casearupestrin A', '2-oxo-piperol B; (7S*, 8R*, 1R*, 3R*)-3,4,5-trimethoxy-3,7-cyclo-8,1-neolig-8-ene-2,4(3H)-dione', 'taxifolin', ""(2'S)-2-(propan-2'-ol)-5-hydroxy-benzopyran-4-one"", 'Rel-(+)-(7S,9R,10S)-3,9,12-trihydroxycalamenene', '2-methyl-5-[8(Z),11(Z)-pentadecadienyl]resorcinol', 'Methyl 6,7,8-trimethoxydihydrocinnamate', '2-Hexyl-3-methyl-butanodioic acid', 'fraxinellone', '6-[ 8(Z),11(Z) -pentadecadienyl] salicylic acid', 'Odoratone', 'Rel-6β-hydroxyzuelanin-2β-benzoate', 'shidasterone', '5-hydroxymethyl- 2-furancarboxaldehyde; 5-hydroxymethyl-2-furfuraldehyde', 'atalaphyllinine', 'Egonol', '4-Nerolidilcatechol', ""2-(2'-O-transcoumaroyl)-C-β-D-glucopyranosyl-1,3,6,7-tetrahydroxyxanthone"", 'Syringic acid', '(+)-3-O-feruloylcassine', '1-(5,7-dihydroxy-2,2-dimethylchroman-6-yl)-3-(1,1,4a-trimethyl-2,3,4,4a,9a-hexahydro-1H-xanthen-7-yl)propan-1-one', 'Methyl (E)-6,7,8-trimethoxycinnamate', 'Gedunin', 'Pedalin, pedalitin 6-O-β -glucopyranoside', 'Caseargrewiin F; (1R*,3S*,5S*,6aR*,7S*,8R*,10R*,10aR*)-1,3-Bis(acetyloxy)-3,5,6,6a,7,8,9,10-octahydro-10-hydroxy-7,8-dimethyl-7-[(2Z)-3-methylpenta-2,4-dien-1-yl]naphtho[1,8a-c]furan-5-yl Butanoate', 'Casearin L; (1R*,3S*,5S*,6aR*,7R*,8R*,9S*,10S*,10aR*)-1,10-Bis(acetyloxy)-3,5,6,6a,7,8,9,10-octahydro-9-hydroxy-5-methoxy-7,8-dimethyl-7-[(2Z)-3-methylpenta-2,4-dien-1-yl]naphtho[1,8a-c]-furan-3-yl Butanoate', 'Platydesmine', 'Leiokinine A', 'Cabraleadiol', 'schaftoside', ""(2S)-Methyl-8-isopentyl-2-methyl-2-(4'-methylpentyl)chroman-6-carboxylate"", 'Methyl-2,2-dimethylchroman-6-carboxylate', ""Myrsinoic acid A, 3-Geranyl-4-hydroxy-5-(3'',3''-dimethylallyl)benzoic acid"", '20α-Hydroxymaytenin; 20-hydroxy-20-epi-tingenone', '(-)-Epigallocatechin-3-O-gallate', 'Casearin D; (1R*,3S*,5S*,6aR*,7R*,8R*,9S*,10S*,10aR*)-1-(Acetyloxy)-3,5,6,6a,7,8,9,10-octahydro-5,10-dihydroxy-7,8-dimethyl-7-[(2Z)-3-methylpenta-2,4-dien-1-yl]naphtho[1,8a-c]furan-3,9-diyl Dibutanoate', 'Rel. (+)-(7S,10S) 3,12-dihydroxycalamenene', 'carlinoside', 'Casearin S', '11β-acetoxyobacunone', '1-(5,7-dihydroxy-2,2-dimethylchroman- 6-yl)-3-[4-hydroxy-3-(3-methylbut-2-en-1-yl)- phenyl]propan-1-one', '(3R,4R)-4,7-Dihydroxymellein', ""Nitensoside B; Pedalitin 6-O-α-rhamnopyranosyl(1'''→6'')-β-glucopyranoside"", 'Amentoflavone', 'Methyl gallate', '3-O-β-D-quinovopyranosyl cincholic acid', 'Afzelin, 3-O-α-rhamnosyl kaempferol', 'Lauryl gallate', 'Syringaldehyde', '22-hydroxytirucalla-7,24-diene-2,3-dione', 'Trans-3’-methylsulphonylallyl trans-cinnamate', '(3-(2-(4-hydroxyphenyl)-2-oxoethyl)-5,6-dihydropyridin- 2(1H)-one)', 'Mangiferin', 'Salacin', 'Viburgenin', ""Pterogynoside; Kaempferol-3-O-(3''-O-4'''-methylgallate-α-L-rhamnoside)"", '3,4,5-Trimethoxyphenyl-1-O-β-D-(5-O-syringoyl)-apiofuranosyl-(1→6)-β-D-glucopyranoside', '6-[8(Z),11(Z),14-pentadecatrienyl]salicylic acid', 'Sorbifolin', ""Nitensoside A; Sorbifolin 6-O-α-rhamnopyranosyl(1'''→6'')-β-glucopyranoside"", 'Casearin O; (1R*,3S*,5S*,6aR*,7R*,8R*,9S*,10S*,10aR*)-1,10-Bis(acetyloxy)-5-methoxy-7,8-dimethyl-7-[(2Z)-3-methylpenta-2,4-dien-1-yl]-3,5,6,6a,7,8,9,10-octahydronaphtho[1,8a-c]furan-3,9-diyl Dibutanoate', 'germacrene D', '6-pentadecylsalicylic acid', 'n-Propyl gallate', ""3',4',5',5,7,8-hexamethoxyflavone"", 'Isopropyl gallate', '6β-hydroxy-7-epigardoside methyl ester', 'Tetrahydropiperyline, N-[10-(13,14-methylenedioxyphenyl)-pentanoyl]-pyrrolidine', 'Piperovatine', '2,4,6-trimethoxybenzoic acid', '1-O-(E)-caffeoyl-β-D-glucopyranoside', 'Quercitrin, 3-O-α-rhamnosylquercetin', 'Caseobliquin A', 'Methyl-8-(ethanoyloxy)-2,2-dimethyl-2H-chromene-6-carboxylate', 'arjunolic acid', 'stachysterone', 'Ethyl 2,4-dihydroxy-5,6-dimethylbenzoate', 'Amentoflavone 7”,4”’-dimethyl ether', 'Picramnioside F', 'Acetonide of odoratol', '(−)-Grandisin', '24-methylenecycloartan-3b-ol', 'Ixoside', '2β-Hydroxyzuelanin-6β-cinnamate', 'Cognatine', 'Fagaramide']]",doi_name
"['10.1016/j.jfca.2003.09.013', 'p-Coumaric acid']","['10.1016/j.jfca.2003.09.013', ['4-metoxi-6-[2-(metilamino)fenil]- 2H-piran-2-ona', 'α-eudesmol', 'guaiol', 'γ-eudesmol', 'Hinesol', ""3,4-dimethyl-2-(4'-hydroxy-3',5'-dimethoxyphenyl)-5-methoxy-tetrahydrofuran"", 'Tagitinin C', '1-methoxy-3-hydroxy-3,10b-4,5a-diepoxy-8b-isobutyroyloxygermacr-11(13)-en-6a,12-olide', 'Pimara-7,15-dien-3β-ol', '8-hydroxy-6-methoxy-3-methylisocoumarin', 'Ergosterol peroxide', 'Dimethyl terephthalate', '(22E,24R)-ergosta-4,6,8(14),22-tetraen-3-one', ""3',4',5',3,5,7,8-heptamethoxyflavone"", ""3,5,6,7,3',4',5'-heptamethoxyflavonol"", '5,7-dimethoxy-2,2-dimethyl-2H-1-benzopyran-6-propanoic acid', 'Anhydrofusarubin', 'Beauvericin', 'Kaempferol-3-O-α-L-rhamnopyranosyl-(1-6)-α-L-rhamnopyranosyl-(1-4)-β-D-glucopyranoside', 'Procyanidin B-3', 'Kaempferol-3-O-rutinoside', 'Quercetin-3-O-α-L-rhamnopyranosyl-(1→6)-β-D-galactopyranoside', '6-Hydroxy-rutin', 'Kaempferol-3-O-D-glucopyranoside', 'Catechin, Ent-catechin', 'Kaempferol-3-O-D-galactopyranoside', 'Kaempferol-3-O-α-L-rhamnopyranosyl-(1→6)-β-D-galactopyranoside', '11-O-trans-feruloylteucrein', 'Teucrein', 'Galioside aglicone', 'Apodanthoside', 'Galioside', 'Aphidicolin', '(+)-11α-Hydroxyerythravine', '(+)-α-Hydroxyerysotrine', '(+)-Erythravine', 'Taraxerol acetate', ""4-Hydroxy-3-(3',7'-dimethyl-3'-hydroxy-1'-oxo-6'-octenyl)benzoic acid"", ""Sakuranetin; 5,4'-dihydroxy-7-methoxyflavanone"", ""4-Hydroxy-(3',7'-dimethyl-1'-oxo-octa-2'-E-6'-dienyl)benzoic acid"", ""1,4-Dihydroxy-2-(3',7'-dimethyl-1'-oxo-2'-E-6'-octadienyl)benzene"", ""Isosakuranetin; 5,7-dihydroxy-4'-methoxyflavanone"", 'Chlorogenic acid methyl ester, Methyl (1S,3R,4R,5R)-3-{[(2E)-3-(3,4-dihydroxyphenyl)-2-propenoyl]oxy}-1,4,5-trihydroxycyclohexanecarboxylate', 'Strictosidine acid', '3,4-dehydro-strictosidine', '5α-carboxystrictosidine', 'Cordifoline', '3,4-dehydrostrictosidine acid', 'Turbinatine', 'Harman-3-carboxylic acid', 'Deoxycordifoline', 'Methyl (3R,4R,5R)-3-{[(2E)-3-(3,4-dihydroxyphenyl)-2-propenoyl]oxy}-1,4,5-trihydroxycyclohexanecarboxylate', 'Methyl (3R,4R,5R)-3-{[(2Z)-3-(3,4-dihydroxyphenyl)-2-propenoyl]oxy}-1,4,5-trihydroxycyclohexanecarboxylate', 'astilbin; Rel-(2R, 3R)-dihydroquercetin-3-O-±-L-rhamnoside', '17-(3,4-Methylenedioxyphenyl)-heptadecanoic acid', 'Fasciculiferin', 'Tithonine', '19´-(3,4-Methylenedioxyphenyl)-nonadecanoic acid', ""7,4'-Dihydroxyflavone"", ""Juruenolic acid; 2-(4'-Methylpentenyl-3)-10-oxoundecan-2,6-dienoic acid"", 'Sargaquinoic acid', 'Farnisine', 'Sargachromenol', ""7,4'-Dimethoxyflavone"", '21´-(3,4-Methylenedioxyphenyl)-henicosanoic acid', '(+)-Guaiacin', 'Nitensidine E', 'Nitensidine D', '2α,3α,19α- trihydroxyurs-12-en-28-oic acid', '3,3-O-dimethylquercetin', 'penduletin 4-O-methyl ether', 'p-hydroxybenzoic acid', 'acacetin', '3,7,4-O-trimethylkaempferol', '3-O-methylquercetin', '2α,3α-dihydroxyolean-12- en-28-oic acid', 'Chrysoeriol', 'α-Gardiol', 'β-Gardiol', 'Ferulic acid', '5,7-dimethoxy-2,2-dimethyl-2H-1-benzopyran-6-propanoate', ""2-(1'-pentenyl)-Quinoline"", ""2-(3',4'-methylenedioxyphenylethyl)-Quinoline"", '2-n-Pentylquinoline', '2-n-Propylquinoline', ""3',4'-methylenedioxy-5,5',6,7-tetramethoxyflavone"", ""3',4'-methylenedioxy-5,6,7- trimethoxyflavone"", ""2'-hydroxy-3,4,4'-trimethoxy-5',6'-(2'',2''-dimethylpyrano)-chalcone"", ""3',4'-methylenedioxy-5,7-dimethoxyflavone"", '21β,25-dimethylmelianodiol', '3,21-Di-epi-feroniellide B', '21α,25-dimethylmelianodiol', '2-Episesalatin', ""Isoswertisin-2''α1-L-rhamnoside"", 'Sesartemin', 'Clusifoliol', ""Isoswertisin-4'-methyl-ether-2''α-L-rhamnoside"", '7-Methyl-sargachromenol; 2,7,8-Trimethyl-2-[(3-E,7-Z)-4,12-dimethyl-8-carboxyl-3,7,11-tridecatrienyl]-3-chromen-6-ol, β-caroteno', 'Epi-guaiacin', 'Verrucosin', 'Nectandrin B', 'Mycoleptone A', '9-hydroxyeugenin', 'Austdiol diacetate', 'Austdiol', 'Eugenitin', 'Mycoleptone B', 'Mycoleptone A tetraacetate', '6-methoxyeugenin', 'Citrusinine-I', '1,3,5-trihydroxy-4-methoxy-10-methyl- 2,8-bis(3-methylbut-2-enyl)acridin-9(10H)-one', 'Glycocitrine-IV', '3,4-dihydro-3,5,8-trihydroxy-6-methoxy-2,2,7-trimethyl-2Hpyrano[ 2,3-a]acridin-12(7H)-one', 'Glycocitrine-I', '1,3,5-trihydroxy- 2,8-bis(3-methylbut-2-enyl)-10-methyl-9-acridone', 'Citrusinine-II', '5-hydroxynoracronycine; Atalaphyllidine', 'Pyranofoline', 'Methacrylic acid', ""Rel-(7R,8S,7'S,8'S)-4-hydroxy-4',5'-methylenedioxy-3,5,3'-trimethoxy-7,7'-epoxylignan"", ""Rel-(7R,8S,7'S,8'S)-4',5'-methylenedioxy-3,4,5,3'-tetramethoxy-7,7'-epoxylignan"", ""Rel-(7R,8S,7'S,8'S)-4'-hydroxy-3,4,5,3',5'-pentamethoxy-7,7'-epoxylignan"", ""Rel-(7R,8S,7'S,8'S)-9-hydroxy-4',5'-methylenedioxy-3,4,5,3'-tetramethoxy-7,7'-epoxylignan"", ""Rel-(7R,8S,7'S,8'S)-4,5,4',5'-dimethylenedioxy-3,3'-dimethoxy-7,7'-epoxylignan"", 'Nilocetin', 'Hispidol A', 'Iso-odoratol', 'Oleanonic acid', 'Piscidinol A', 'Pentaol', '3,11-dioxoolean-12-en-28- onic acid', 'cryptomeridiol', '(-)-3-O-acetyl-spectaline', '2,3-dihydro-4,9-dihydroxy-2-(2-hydroxy-propan-2-yl)- 11-methoxy-10-methylfuro[3,2-b]acridin-5(10H)-one', 'bis-5-hydroxyacronycine', 'Citibrasine', ""Aduncumene; Methyl 2-methoxy-5-(3'-methyl-1'-oxo-2'-butenyl)benzoate"", ""4-Hydroxy-(3',7'-dimethyl-1'-oxo-octa-2'-Z-6'-dienyl)benzoic acid"", ""Methyl 4-hydroxy-3-(3'-methyl-2'-hydroxy-3'-butenyl)benzoate"", ""Hostmaniene; 4-Hydroxy-3-(2',3'-dihydroxy-3'-methylbutyl)benzoate"", ""4-Hydroxy-3-(3',7'-dimethylocta-2'-E-6'-dienyl)benzoic acid"", '3,4,5-Trimethoxydihydrocinnamic acid', 'Piperaduncine B', ""Methyl taboganate; Methyl 4-hydroxy-3-(3'-methyl-1'-oxo-2'-butenyl)benzoate"", ""Methyl 4-hydroxy-3-(3'-methyl-2'-butenyl)benzoate"", ""2',6'-Dihydroxy-4'-methoxydihydrochalcone"", 'Methyl 2,2-dimethyl-1-oxo-2H-1-benzopyran-6-carboxylate', '8,9-dihydropiplartine; N-(12,13,14-trimethoxydihydrocinnamoyl)-Δ3-pyridin-2-one', 'Piperine', '4,5-dihydropiperlonguminine; Piperlonguminine', ""N-[3-(6'-methoxy-3',4'-methy-lenedioxyphenyl)-2(Z)-propenoyl]pyrrolidine"", '4,5-dihydropiperyline', '(Z)-piplartine; 8(Z)-N-(12,13, 14-trimethoxycinnamoyl)- 3-pyridin-2-one', '10,11-dihydropiperine; Δα,β-dihydropiperine', 'Pellitorine', '(E)-piplartine', '(3Z,5Z)-N-isobutyl-8-(30,40-methylenedioxy-phenyl)-heptadienamide', 'β-caryophyllene, trans-caryophyllene', 'Stearic acid 4-pentoyloxyphenethyl ester', 'Xanthyletin', ""6'-Acetyl-β-D-glucopyranosyldiderroside"", 'Diderroside', '7-Methoxydiderroside', 'Secoxyloganin', 'Isopimpinellin', ""4-Methoxy-3-(3',7'-dimethylocta-2'-E-6'-dienyl)benzoic acid"", ""3-(3',7 '-dimethyl-2',6 '-octadienyl)-4-methoxy-benzoic acid"", 'Methyl-8-hydroxy-2,2-dimethyl-2H-chromene-6-carboxylate', 'cyclo (L)-Pro-Gly', 'Cusculine; 1,2,3,5,6-pentamethoxy-9-acridone', 'Cuspanine; 1-hydroxy-2,3,5,6-tetramethoxy-9-acridone', '2α,3α-Dihydroxy-urs-12-en-28-oic acid', 'Haplotusine', 'β-Sitosterol benzoate', '5-hydroxyflavone', '2-phenyl-4H-chromen-4-one', 'Oleanolic acid 3-sophoroside', '3-O-β-D-(6’-methyl)-glucopyranosyl-28-O-β-D-glucopyranosyl-oleanate', 'Sinapyl 4-O-β-D-glucopyranoside aldehyde', 'Sinapyl 4-O-β-D-glucopyranoside alcohol', 'Liriodenine', 'N-acetylnonaine', '[10]-gingerol', '3β-hydroxy-stigmast-5-en-7-one; 24-β-7-oxositosterol', 'scillascillin', 'Piperol B', '(-)-Hardwickiic acid', ""5-[3''-(β-D-glucopyranosyloxy)propyl]-7-methoxy-2-(3',4'-methylenedioxyphenyl)benzofuran"", '28-O-β-D-glucopyranosyl quinovic acid', '2-Methyl-4-hydroxy-butyl caffeoate', 'N-1,N-2,N-3-Triisopentenylguanidine', 'Dibenzyl trisulphide', 'Maytenin, Tingenone', 'urauchimycin B', 'Mangiferin', 'Viburgenin', ""Pterogynoside; Kaempferol-3-O-(3''-O-4'''-methylgallate-α-L-rhamnoside)"", 'Isobutyl gallate', '1-methyl-2-n-nonyl-4-quinolone', ""2,4-Dihydroxy-6-[(1'E,3'E)-penta-1', 3'-dienyl]-benzaldehyde"", 'Nitensidine A', ""8-hydroxy-3,5,7,3',4',5'-hexamethoxyflavonol"", 'Odoratol', 'Leptomerine', '5-hydroxy-N-methylseverifoline', '19,20-Epoxycytochalasin N', 'ellagic acid 4-O-α-L-rhamnopyranoside; eschweilenol C', 'Mayoside C', 'Ourateacatechin', ""3',4',5',5,7-pentamethoxyflavone"", '2-methyl-5-pentadecylresorcinol', 'Ixoside', 'Cognatine', 'Fagaramide', 'Maculosidine', 'Podocarpusflavone A', 'Casearupestrin C', '1- (5,7-dihydroxy-2,2-dimethylchroman-6-yl)-3-(2,2-dimethylchroman- 6-yl)propan-1-one', 'Canavaline', 'Di-hydrodehydrodiconiferyl alcohol', 'Quercetin', ""2-(2'-O-trans-cinnamoyl)-C-β-D-glucopyranosyl-1,3,6,7-tetrahydroxyxanthone"", 'Ocotillone', 'des-N-methylnoracronycine', 'Sorbifolin 6-O-β-glucopyranoside', 'Rel-2α-hydroxyzuelanin-6β-benzoate', '2,6-di-O-acetylcasearupestrin D', ""Methyl-2,2-dimethyl-8-(3'-methylbut-2'-enyl)chroman-6-carboxylate"", '2,7-Di-O-acetylcasearupestrin A', 'Nitensidine B', 'fumiquinozoline F', 'Kaempferol 3-O-α-L-rhamnopyranosyl (1→6)-O-[β -D-glucopyranosyl (1→3)-O-α-L-rhamnopyranosyl-(1→2)]-O-β -D-glucopyranosyl', '3β-O-[α-L-rhamnopyranosyl-(1→2)-O-β-D-glucopyranosyl-(1→2)-O-β-D-glucopyranosyl]-28-O-β-D-glucopyranoside pomolate', 'Dibenzyl tetrasulphide', ""2',5-dihydroxy-3-methoxy-8-dimethylallyl-6, 7-(2' ',2''-dimethylpyrano)-dihydroflavonol"", '5-[8(Z),11(Z),14-pentadecatrienyl]resorcinol', 'Netzahualcoyondiol', 'Pristimerin; 20α-3-hydroxy-2-oxo-24-nor-friedela-1-10,3,5,7-tetraen-carboxylic acid-29-methylester', '3,4,5-trimethoxyphenyl 1-O-β-D-apiofuranosyl-(1→6)-O-β-D-glucopyranoside', 'β-photogedunin', 'n-Butyl gallate', ""5-[3''-(β-D-glucopyranosyloxy)propyl]-7-methoxy-2-(3',4'-dimethoxyphenyl)benzofuran"", '3,12-Dihydroxycadalene', '7-hydroxy-3- (11-dimethylallyl)-8-methoxycoumarin', ""N-[7-(3',4'-methylenedioxyphenyl)-2(Z),4(Z)-heptadienoyl]pyrrolidine"", ""Acteoside; [β-3,4-dihydroxyphenyl)-ethyl]-(3'-O-α-L-rhamnopyranosyl)-(4'-O-cafeoyl)-β-D-glycopyranoside, verbascoside"", 'Uracil', 'urauchimycin A', 'p-Coumaric acid', '(-)-Epigallocatechin', 'Netzahualcoyonol', '1-[3-(3,7-dimethylocta-2,6-dien-1-yl)-2,4,6- trihydroxyphenyl]-3-(4-hydroxyphenyl)propan-1-one', '6α-malonyloxymanoyl oxide', 'Benzylhydroxymethyl sulphide', '1,6-di-O-caffeoyl-β-D-glucopyranoside', '2-methyl-5-[8(Z),11(Z),14-pentadecatrienyl]resorcinol', '6α-malonyloxy-n-butyl ester manoyl oxide', 'citrusinine-I', 'Ricinine', 'Leptophyllin A', '5-pentadecylresorcinol', '19,20-Epoxycytochalasin D', ""3',4',5',5,7,8-hexamethoxyflavone"", 'Isopropyl gallate', '6β-hydroxy-7-epigardoside methyl ester', 'Tetrahydropiperyline, N-[10-(13,14-methylenedioxyphenyl)-pentanoyl]-pyrrolidine', 'Piperovatine', '2,4,6-trimethoxybenzoic acid', '1-O-(E)-caffeoyl-β-D-glucopyranoside', 'Gallic acid; 3,4,5-trihydroxybenzoic acid', 'Quercitrin, 3-O-α-rhamnosylquercetin', 'Caseobliquin A', 'Methyl angolensate', ""5-(3'' -Hydroxypropyl)-7-methoxy-2-(3',4' -methyl-enedioxyphenyl)benzofuran"", '22β-hydroxypristimerin', '2-n-nonyl-4-quinolone', 'Cytochalasin D', 'Isoorientin', 'Periconicin B', 'Phomopsilactone', ""(2S)-8-Isopentyl-2-methyl-2-(4'-methylpentyl)chroman-6-carboxylic acid"", '2,2-dimethyl-2H-chromene-6-carboxylic acid', 'Skimmianine', 'p-hydroxybenzoic acid-geranyl ester', 'Dibenzyl disulphide', 'Proanthocyanidin', 'neoisoastilbin', '(R)-7-Hydroxymellein', '6α-acetoxymanoyl oxide', 'Methyl-8-hydroxy-2,2-dimethylchroman-6-carboxylate', '20-hydroxyecdysone; polypodine A', '3-Acetyl aleuritolic acid', 'Alkenoic acid', 'n-Propyl gallate', ""Gaudichaudianic acid; (2S)-2-methyl-2-(4'methyl-3'-pentenyl)-8-(3''-methyl-2-butenyl)- 2H-1-benzopyran-6-carboxylic acid"", 'limonexic acid', '6α-acetoxy-14β,15β-epoxyazadirone', 'epoxy-fraxinellone', '12′-hydroxy-7′-multijuguinone', 'Quercetin 3-O-α-L-rhamnopyranosyl (1→6)-O-[β -D-glucopyranosyl (1→3)-O-α-L-rhamnopyranosyl-(1→2)]-O-β -D-glucopyranosyl', 'Heveaflavone', 'Arboreumine', '3-Oxoursolic acid', 'Casearupestrin B', 'toonacilin', 'Pedalitin', '1-O-(E)-feruloyl-β-D-glucopyranoside', '19,20-Epoxycytochalasin C', 'n-Pentyl gallate', 'Orcinol', 'Di(benzyltrithio) methane', '3,11,12-Trihydroxycadalene', 'Quercetin 3-O-sophoroside', '(3R,4R)-3,4-Dihydro-4,6-dihydroxy-3-methyl-1-oxo-1H-isochromene-5-carboxylic acid', '24-methylene-3,22-dihydroxycholesterol', 'amorphispironone', '1,2-dihydro- 3β-hydroxy-7-deacetoxy-7-oxogedunin', 'Photogedunin', 'Casearin X; (1R*,3S*,5S*,6aR*,7S*,8S*,10R*,10aR*)-1-(Acetyloxy)-3,5,6,6a,7,8,9,10-octahydro-10-hydroxy-7,8-dimethyl-7-[(2Z)-3-methylpenta-2,4-dien-1-yl]naphtho[1,8a-c]furan-3,5-diyl Dibutanoate', 'α-L-xylopyranosyl-(4""→20)-(3-O-β-D-glucopyranosyl)-1\'-O-E-caffeoyl-β-D-glucopyranoside', ""2-(R)-Methyl-6-(S)-(tetradecyl-13'-one)-3(R)-O-tert-butyldimethylsilyl-piperidine"", '(2S)-Methyl-2-methyl-8-(3""-methylbut-2""-enyl)-2-(4\'-methylpent-3\'-enyl)-2H-chromene-6-carboxylate', 'Casearin T', 'Piperyline, N-[10-(13,14-methylenedioxyphenyl)-7(E),9(E)-pentadienoyl]-pyrrolidine', 'ω-fenil alcanoic acid', '2-butyl-D-fructofuranoside', '6-[8(Z)-pentadecenyl]salicylic acid', '(2S)-2-methyl-8-(3""-methylbut-2""-enyl)-2-(4\'-methylpent-3\'-enyl)-2H-chromene-6-carboxylic acid', 'Burchellin', '5-[8(Z)-pentadecenyl]resorcinol', 'Luteolin; 2-(3,4-dihydroxyphenyl)-5,7-dihydroxy-4H-chromen-4-one', 'Sinapic acid', '19,20-Epoxycytochalasin Q', '19,20-Epoxycytochalasin R', 'Kaempferitrin', 'Nitensidine C', 'Dipropyl disulphide', '2-methyl-5-[8(Z),11(Z)-pentadecadienyl]resorcinol', 'Methyl 6,7,8-trimethoxydihydrocinnamate', '2-Hexyl-3-methyl-butanodioic acid', 'fraxinellone', '6-[ 8(Z),11(Z) -pentadecadienyl] salicylic acid', 'taxifolin', ""(2'S)-2-(propan-2'-ol)-5-hydroxy-benzopyran-4-one"", 'Rel-(+)-(7S,9R,10S)-3,9,12-trihydroxycalamenene', 'Casearin S', '11β-acetoxyobacunone', '1-(5,7-dihydroxy-2,2-dimethylchroman- 6-yl)-3-[4-hydroxy-3-(3-methylbut-2-en-1-yl)- phenyl]propan-1-one', '(3R,4R)-4,7-Dihydroxymellein', ""Nitensoside B; Pedalitin 6-O-α-rhamnopyranosyl(1'''→6'')-β-glucopyranoside"", '3,4,5-Triacetoxybenzoic acid', 'Odoratone', 'Rel-6β-hydroxyzuelanin-2β-benzoate', 'Casearupestrin D', 'Chaetoglobosin B', ""2-(2'-O-benzoyl)-C-β-D-glucopyranosyl-1,3,6,7-tetrahydroxyxanthone"", 'Isoplumericin', 'N-[10-(13,14-methylenedioxyphenyl)-7(E),9(Z)-pentadienoyl]-pyrrolidine', '4-Hydroxymellein', '5-hydroxymellein', 'fraxinellonone', 'Dibenzyl sulphide', '(-) Cis-4-hydroxy-6-deoxyscytalone', 'Plumericin', '5-[8(Z),11(Z)-pentadecadienyl]resorcinol', '(-)-Spectalinine', 'Kokusaginine', ""2-(2'-O-trans-caffeoyl)-C-β-D-glucopyranosyl-1,3,6,7-tetrahydroxyxanthone"", 'Netzahualcoyene', 'Casearin X Dialdehyde; (2R*,4aS*,5S*,7R*,8R*,8aS*)-4,4a-Diformyl-1,2,4a,5,6,7,8,8a-octahydro-5-hydroxy-7,8-dimethyl-8-[(2Z)-3-methylpenta-2,4-dien-1-yl]naphthalen-2-yl Butanoate', 'polypodine B', 'Muraxanthone', 'Casearupestrin A', '2-oxo-piperol B; (7S*, 8R*, 1R*, 3R*)-3,4,5-trimethoxy-3,7-cyclo-8,1-neolig-8-ene-2,4(3H)-dione', ""Nitensoside A; Sorbifolin 6-O-α-rhamnopyranosyl(1'''→6'')-β-glucopyranoside"", 'Casearin O; (1R*,3S*,5S*,6aR*,7R*,8R*,9S*,10S*,10aR*)-1,10-Bis(acetyloxy)-5-methoxy-7,8-dimethyl-7-[(2Z)-3-methylpenta-2,4-dien-1-yl]-3,5,6,6a,7,8,9,10-octahydronaphtho[1,8a-c]furan-3,9-diyl Dibutanoate', 'germacrene D', 'shidasterone', '5-hydroxymethyl- 2-furancarboxaldehyde; 5-hydroxymethyl-2-furfuraldehyde', 'atalaphyllinine', 'N-[10- (13,14-methylenedioxyphenyl)-7(E)-pentaenoyl]-pyrrolidine', '2-Methyl-5-methoxy-benzopyran-4-one', '3,4-dihydroxybenzoic acid geranyl ester', 'Gedunin', 'Pedalin, pedalitin 6-O-β -glucopyranoside', 'Caseargrewiin F; (1R*,3S*,5S*,6aR*,7S*,8R*,10R*,10aR*)-1,3-Bis(acetyloxy)-3,5,6,6a,7,8,9,10-octahydro-10-hydroxy-7,8-dimethyl-7-[(2Z)-3-methylpenta-2,4-dien-1-yl]naphtho[1,8a-c]furan-5-yl Butanoate', 'Casearin L; (1R*,3S*,5S*,6aR*,7R*,8R*,9S*,10S*,10aR*)-1,10-Bis(acetyloxy)-3,5,6,6a,7,8,9,10-octahydro-9-hydroxy-5-methoxy-7,8-dimethyl-7-[(2Z)-3-methylpenta-2,4-dien-1-yl]naphtho[1,8a-c]-furan-3-yl Butanoate', 'Platydesmine', 'Homoegonol', '[8]-gingerol', '6-pentadecylsalicylic acid', 'Methyl-2,2-dimethylchroman-6-carboxylate', ""Myrsinoic acid A, 3-Geranyl-4-hydroxy-5-(3'',3''-dimethylallyl)benzoic acid"", '20α-Hydroxymaytenin; 20-hydroxy-20-epi-tingenone', '(-)-Epigallocatechin-3-O-gallate', 'Casearin D; (1R*,3S*,5S*,6aR*,7R*,8R*,9S*,10S*,10aR*)-1-(Acetyloxy)-3,5,6,6a,7,8,9,10-octahydro-5,10-dihydroxy-7,8-dimethyl-7-[(2Z)-3-methylpenta-2,4-dien-1-yl]naphtho[1,8a-c]furan-3,9-diyl Dibutanoate', 'Leiokinine A', 'Cabraleadiol', 'schaftoside', ""(2S)-Methyl-8-isopentyl-2-methyl-2-(4'-methylpentyl)chroman-6-carboxylate"", 'Amentoflavone', '1-(5,7-dihydroxy-2,2-dimethylchroman-6-yl)-3-(1,1,4a-trimethyl-2,3,4,4a,9a-hexahydro-1H-xanthen-7-yl)propan-1-one', 'Methyl (E)-6,7,8-trimethoxycinnamate', '3,4,5-Trimethoxyphenyl-1-O-β-D-(5-O-syringoyl)-apiofuranosyl-(1→6)-β-D-glucopyranoside', '6-[8(Z),11(Z),14-pentadecatrienyl]salicylic acid', 'Sorbifolin', 'Amentoflavone 7”,4”’-dimethyl ether', 'Picramnioside F', 'Lauryl gallate', 'Syringaldehyde', '22-hydroxytirucalla-7,24-diene-2,3-dione', 'Trans-3’-methylsulphonylallyl trans-cinnamate', '(3-(2-(4-hydroxyphenyl)-2-oxoethyl)-5,6-dihydropyridin- 2(1H)-one)', 'Methyl gallate', '3-O-β-D-quinovopyranosyl cincholic acid', 'Afzelin, 3-O-α-rhamnosyl kaempferol', 'Egonol', '4-Nerolidilcatechol', ""2-(2'-O-transcoumaroyl)-C-β-D-glucopyranosyl-1,3,6,7-tetrahydroxyxanthone"", 'Syringic acid', '(+)-3-O-feruloylcassine', 'Salacin', '7′-multijuguinone', 'Griseofulvin', ""7-Hydroxy-4',6-dimethoxyisoflavone; Afrormosin; Afromosin"", '8-methoxymellein', '(±)-Syringaresinol', 'Cyclo-(L-Pro-L-Val)', 'Acetonide of odoratol', '(−)-Grandisin', '24-methylenecycloartan-3b-ol', 'Rel. (+)-(7S,10S) 3,12-dihydroxycalamenene', 'carlinoside', 'Methyl-8-(ethanoyloxy)-2,2-dimethyl-2H-chromene-6-carboxylate', '2β-Hydroxyzuelanin-6β-cinnamate', 'arjunolic acid', 'stachysterone', 'Ethyl 2,4-dihydroxy-5,6-dimethylbenzoate', 'Chalepin', 'Chlorogenic acid', '(4R)-4,8-dihydroxy-α-tetralone', 'Kaempferol', '3-O-β-D-quinovopyranosyl quinovic acid', '2-hydroxyphenylacetic acid', '2-methyl-5-[8(Z)-pentadecenyl]resorcinol']]",doi_name
"['10.1248/cpb.56.723', 'Pedalitin']","['10.1248/cpb.56.723', ['cyclo (L)-Pro-Gly', 'guaiol', 'γ-eudesmol', 'Hinesol', 'α-eudesmol', ""4-Methoxy-3-(3',7'-dimethylocta-2'-E-6'-dienyl)benzoic acid"", 'Methyl-8-hydroxy-2,2-dimethyl-2H-chromene-6-carboxylate', ""3-(3',7 '-dimethyl-2',6 '-octadienyl)-4-methoxy-benzoic acid"", 'Teucrein', '11-O-trans-feruloylteucrein', 'Galioside', 'Apodanthoside', 'Galioside aglicone', '21β,25-dimethylmelianodiol', '21α,25-dimethylmelianodiol', '3,21-Di-epi-feroniellide B', 'Xanthyletin', 'Mycoleptone A', '9-hydroxyeugenin', 'Austdiol', '6-methoxyeugenin', 'Eugenitin', 'Austdiol diacetate', 'Mycoleptone A tetraacetate', 'Mycoleptone B', 'bis-5-hydroxyacronycine', 'Citibrasine', '2,3-dihydro-4,9-dihydroxy-2-(2-hydroxy-propan-2-yl)- 11-methoxy-10-methylfuro[3,2-b]acridin-5(10H)-one', ""3',4'-methylenedioxy-5,6,7- trimethoxyflavone"", ""3',4'-methylenedioxy-5,5',6,7-tetramethoxyflavone"", ""2'-hydroxy-3,4,4'-trimethoxy-5',6'-(2'',2''-dimethylpyrano)-chalcone"", ""3',4'-methylenedioxy-5,7-dimethoxyflavone"", '(-)-3-O-acetyl-spectaline', 'Stearic acid 4-pentoyloxyphenethyl ester', 'Secoxyloganin', '7-Methoxydiderroside', ""6'-Acetyl-β-D-glucopyranosyldiderroside"", 'Diderroside', '5,7-dimethoxy-2,2-dimethyl-2H-1-benzopyran-6-propanoate', 'Nectandrin B', '7-Methyl-sargachromenol; 2,7,8-Trimethyl-2-[(3-E,7-Z)-4,12-dimethyl-8-carboxyl-3,7,11-tridecatrienyl]-3-chromen-6-ol, β-caroteno', 'Verrucosin', 'Epi-guaiacin', 'Piscidinol A', 'Pentaol', 'Iso-odoratol', '3,11-dioxoolean-12-en-28- onic acid', 'cryptomeridiol', 'Oleanonic acid', 'Nilocetin', 'Hispidol A', 'Chlorogenic acid methyl ester, Methyl (1S,3R,4R,5R)-3-{[(2E)-3-(3,4-dihydroxyphenyl)-2-propenoyl]oxy}-1,4,5-trihydroxycyclohexanecarboxylate', 'Isopimpinellin', 'penduletin 4-O-methyl ether', '3,3-O-dimethylquercetin', '2α,3α,19α- trihydroxyurs-12-en-28-oic acid', '3,7,4-O-trimethylkaempferol', '3-O-methylquercetin', 'acacetin', 'Chrysoeriol', 'p-hydroxybenzoic acid', '2α,3α-dihydroxyolean-12- en-28-oic acid', '3,4,5-Trimethoxydihydrocinnamic acid', ""2',6'-Dihydroxy-4'-methoxydihydrochalcone"", 'Methyl 2,2-dimethyl-1-oxo-2H-1-benzopyran-6-carboxylate', ""Methyl 4-hydroxy-3-(3'-methyl-2'-butenyl)benzoate"", 'Piperaduncine B', ""Hostmaniene; 4-Hydroxy-3-(2',3'-dihydroxy-3'-methylbutyl)benzoate"", ""4-Hydroxy-3-(3',7'-dimethylocta-2'-E-6'-dienyl)benzoic acid"", ""Methyl taboganate; Methyl 4-hydroxy-3-(3'-methyl-1'-oxo-2'-butenyl)benzoate"", ""Aduncumene; Methyl 2-methoxy-5-(3'-methyl-1'-oxo-2'-butenyl)benzoate"", ""Methyl 4-hydroxy-3-(3'-methyl-2'-hydroxy-3'-butenyl)benzoate"", ""4-Hydroxy-(3',7'-dimethyl-1'-oxo-octa-2'-Z-6'-dienyl)benzoic acid"", 'Pyranofoline', 'Glycocitrine-I', 'Glycocitrine-IV', 'Citrusinine-I', '5-hydroxynoracronycine; Atalaphyllidine', '3,4-dihydro-3,5,8-trihydroxy-6-methoxy-2,2,7-trimethyl-2Hpyrano[ 2,3-a]acridin-12(7H)-one', '1,3,5-trihydroxy-4-methoxy-10-methyl- 2,8-bis(3-methylbut-2-enyl)acridin-9(10H)-one', 'Citrusinine-II', '1,3,5-trihydroxy- 2,8-bis(3-methylbut-2-enyl)-10-methyl-9-acridone', ""Rel-(7R,8S,7'S,8'S)-4',5'-methylenedioxy-3,4,5,3'-tetramethoxy-7,7'-epoxylignan"", ""Rel-(7R,8S,7'S,8'S)-4-hydroxy-4',5'-methylenedioxy-3,5,3'-trimethoxy-7,7'-epoxylignan"", ""Rel-(7R,8S,7'S,8'S)-4'-hydroxy-3,4,5,3',5'-pentamethoxy-7,7'-epoxylignan"", ""Rel-(7R,8S,7'S,8'S)-4,5,4',5'-dimethylenedioxy-3,3'-dimethoxy-7,7'-epoxylignan"", ""Rel-(7R,8S,7'S,8'S)-9-hydroxy-4',5'-methylenedioxy-3,4,5,3'-tetramethoxy-7,7'-epoxylignan"", 'Clusifoliol', ""Isoswertisin-2''α1-L-rhamnoside"", ""Isoswertisin-4'-methyl-ether-2''α-L-rhamnoside"", '2-Episesalatin', 'Sesartemin', 'Methyl (3R,4R,5R)-3-{[(2Z)-3-(3,4-dihydroxyphenyl)-2-propenoyl]oxy}-1,4,5-trihydroxycyclohexanecarboxylate', 'Methyl (3R,4R,5R)-3-{[(2E)-3-(3,4-dihydroxyphenyl)-2-propenoyl]oxy}-1,4,5-trihydroxycyclohexanecarboxylate', '17-(3,4-Methylenedioxyphenyl)-heptadecanoic acid', ""7,4'-Dihydroxyflavone"", 'Farnisine', 'Sargachromenol', 'Sargaquinoic acid', '19´-(3,4-Methylenedioxyphenyl)-nonadecanoic acid', ""7,4'-Dimethoxyflavone"", '21´-(3,4-Methylenedioxyphenyl)-henicosanoic acid', '(+)-Guaiacin', 'Tithonine', 'Fasciculiferin', ""Juruenolic acid; 2-(4'-Methylpentenyl-3)-10-oxoundecan-2,6-dienoic acid"", ""2-(1'-pentenyl)-Quinoline"", ""2-(3',4'-methylenedioxyphenylethyl)-Quinoline"", '2-n-Pentylquinoline', '2-n-Propylquinoline', 'β-caryophyllene, trans-caryophyllene', ""4-Hydroxy-3-(3',7'-dimethyl-3'-hydroxy-1'-oxo-6'-octenyl)benzoic acid"", ""1,4-Dihydroxy-2-(3',7'-dimethyl-1'-oxo-2'-E-6'-octadienyl)benzene"", ""Isosakuranetin; 5,7-dihydroxy-4'-methoxyflavanone"", ""4-Hydroxy-(3',7'-dimethyl-1'-oxo-octa-2'-E-6'-dienyl)benzoic acid"", ""Sakuranetin; 5,4'-dihydroxy-7-methoxyflavanone"", 'astilbin; Rel-(2R, 3R)-dihydroquercetin-3-O-±-L-rhamnoside', 'Aphidicolin', 'Strictosidine acid', '5α-carboxystrictosidine', '3,4-dehydro-strictosidine', 'Turbinatine', 'Harman-3-carboxylic acid', 'Cordifoline', '3,4-dehydrostrictosidine acid', 'Deoxycordifoline', 'Taraxerol acetate', 'Beauvericin', 'Anhydrofusarubin', 'Methacrylic acid', 'Nitensidine E', 'Nitensidine D', 'Pimara-7,15-dien-3β-ol', 'Dimethyl terephthalate', '8-hydroxy-6-methoxy-3-methylisocoumarin', '(22E,24R)-ergosta-4,6,8(14),22-tetraen-3-one', 'Ergosterol peroxide', '5,7-dimethoxy-2,2-dimethyl-2H-1-benzopyran-6-propanoic acid', '(+)-Erythravine', '(+)-11α-Hydroxyerythravine', '(+)-α-Hydroxyerysotrine', '(3Z,5Z)-N-isobutyl-8-(30,40-methylenedioxy-phenyl)-heptadienamide', 'Pellitorine', ""N-[3-(6'-methoxy-3',4'-methy-lenedioxyphenyl)-2(Z)-propenoyl]pyrrolidine"", '4,5-dihydropiperlonguminine; Piperlonguminine', '8,9-dihydropiplartine; N-(12,13,14-trimethoxydihydrocinnamoyl)-Δ3-pyridin-2-one', 'Piperine', '10,11-dihydropiperine; Δα,β-dihydropiperine', '4,5-dihydropiperyline', '(E)-piplartine', '(Z)-piplartine; 8(Z)-N-(12,13, 14-trimethoxycinnamoyl)- 3-pyridin-2-one', 'Catechin, Ent-catechin', 'Kaempferol-3-O-α-L-rhamnopyranosyl-(1→6)-β-D-galactopyranoside', 'Kaempferol-3-O-rutinoside', 'Kaempferol-3-O-α-L-rhamnopyranosyl-(1-6)-α-L-rhamnopyranosyl-(1-4)-β-D-glucopyranoside', 'Quercetin-3-O-α-L-rhamnopyranosyl-(1→6)-β-D-galactopyranoside', 'Procyanidin B-3', 'Kaempferol-3-O-D-galactopyranoside', 'Kaempferol-3-O-D-glucopyranoside', '6-Hydroxy-rutin', 'α-Gardiol', 'β-Gardiol', 'Ferulic acid', ""3,4-dimethyl-2-(4'-hydroxy-3',5'-dimethoxyphenyl)-5-methoxy-tetrahydrofuran"", '1-methoxy-3-hydroxy-3,10b-4,5a-diepoxy-8b-isobutyroyloxygermacr-11(13)-en-6a,12-olide', 'Tagitinin C', ""3',4',5',3,5,7,8-heptamethoxyflavone"", ""3,5,6,7,3',4',5'-heptamethoxyflavonol"", '4-metoxi-6-[2-(metilamino)fenil]- 2H-piran-2-ona', 'Cuspanine; 1-hydroxy-2,3,5,6-tetramethoxy-9-acridone', 'Cusculine; 1,2,3,5,6-pentamethoxy-9-acridone', '2α,3α-Dihydroxy-urs-12-en-28-oic acid', '3-O-β-D-(6’-methyl)-glucopyranosyl-28-O-β-D-glucopyranosyl-oleanate', 'Oleanolic acid 3-sophoroside', '5-hydroxyflavone', 'β-Sitosterol benzoate', '2-phenyl-4H-chromen-4-one', 'Haplotusine', 'Sinapyl 4-O-β-D-glucopyranoside aldehyde', 'Sinapyl 4-O-β-D-glucopyranoside alcohol', 'N-acetylnonaine', 'Liriodenine', '[10]-gingerol', ""2,4-Dihydroxy-6-[(1'E,3'E)-penta-1', 3'-dienyl]-benzaldehyde"", 'Nitensidine A', '2-methyl-5-[8(Z)-pentadecenyl]resorcinol', '2-hydroxyphenylacetic acid', 'Gallic acid; 3,4,5-trihydroxybenzoic acid', 'Quercitrin, 3-O-α-rhamnosylquercetin', 'Caseobliquin A', 'Methyl angolensate', ""5-(3'' -Hydroxypropyl)-7-methoxy-2-(3',4' -methyl-enedioxyphenyl)benzofuran"", '22β-hydroxypristimerin', '1- (5,7-dihydroxy-2,2-dimethylchroman-6-yl)-3-(2,2-dimethylchroman- 6-yl)propan-1-one', 'Canavaline', 'Di-hydrodehydrodiconiferyl alcohol', 'Quercetin', ""2-(2'-O-trans-cinnamoyl)-C-β-D-glucopyranosyl-1,3,6,7-tetrahydroxyxanthone"", '5-hydroxy-N-methylseverifoline', '19,20-Epoxycytochalasin N', 'ellagic acid 4-O-α-L-rhamnopyranoside; eschweilenol C', 'Mayoside C', 'Ourateacatechin', ""3',4',5',5,7-pentamethoxyflavone"", '2-methyl-5-pentadecylresorcinol', '3β-hydroxy-stigmast-5-en-7-one; 24-β-7-oxositosterol', 'scillascillin', ""7-Hydroxy-4',6-dimethoxyisoflavone; Afrormosin; Afromosin"", '8-methoxymellein', '(±)-Syringaresinol', 'Cyclo-(L-Pro-L-Val)', 'Acetonide of odoratol', '(−)-Grandisin', '24-methylenecycloartan-3b-ol', '2,7-Di-O-acetylcasearupestrin A', 'Nitensidine B', '1-methyl-2-n-nonyl-4-quinolone', '5-[8(Z),11(Z),14-pentadecatrienyl]resorcinol', 'Kokusaginine', ""2-(2'-O-trans-caffeoyl)-C-β-D-glucopyranosyl-1,3,6,7-tetrahydroxyxanthone"", 'Netzahualcoyene', 'Casearin X Dialdehyde; (2R*,4aS*,5S*,7R*,8R*,8aS*)-4,4a-Diformyl-1,2,4a,5,6,7,8,8a-octahydro-5-hydroxy-7,8-dimethyl-8-[(2Z)-3-methylpenta-2,4-dien-1-yl]naphthalen-2-yl Butanoate', 'polypodine B', 'n-Propyl gallate', ""3',4',5',5,7,8-hexamethoxyflavone"", 'Isopropyl gallate', '3-O-β-D-quinovopyranosyl quinovic acid', ""8-hydroxy-3,5,7,3',4',5'-hexamethoxyflavonol"", 'Odoratol', 'Leptomerine', '2,4,6-trimethoxybenzoic acid', '1-O-(E)-caffeoyl-β-D-glucopyranoside', 'Maculosidine', 'Podocarpusflavone A', 'Casearupestrin C', '6α-malonyloxy-n-butyl ester manoyl oxide', 'citrusinine-I', 'Ricinine', 'Leptophyllin A', '5-pentadecylresorcinol', '19,20-Epoxycytochalasin D', 'fumiquinozoline F', 'Kaempferol 3-O-α-L-rhamnopyranosyl (1→6)-O-[β -D-glucopyranosyl (1→3)-O-α-L-rhamnopyranosyl-(1→2)]-O-β -D-glucopyranosyl', 'Rel-2α-hydroxyzuelanin-6β-benzoate', '2,6-di-O-acetylcasearupestrin D', ""Methyl-2,2-dimethyl-8-(3'-methylbut-2'-enyl)chroman-6-carboxylate"", ""2',5-dihydroxy-3-methoxy-8-dimethylallyl-6, 7-(2' ',2''-dimethylpyrano)-dihydroflavonol"", '2-n-nonyl-4-quinolone', 'Cytochalasin D', 'Isoorientin', 'Piperol B', '(-)-Hardwickiic acid', ""5-[3''-(β-D-glucopyranosyloxy)propyl]-7-methoxy-2-(3',4'-methylenedioxyphenyl)benzofuran"", '28-O-β-D-glucopyranosyl quinovic acid', '2-Methyl-4-hydroxy-butyl caffeoate', 'N-1,N-2,N-3-Triisopentenylguanidine', 'Dibenzyl trisulphide', 'Maytenin, Tingenone', 'Uracil', '6β-hydroxy-7-epigardoside methyl ester', 'Tetrahydropiperyline, N-[10-(13,14-methylenedioxyphenyl)-pentanoyl]-pyrrolidine', 'Piperovatine', 'urauchimycin A', 'p-Coumaric acid', '(-)-Epigallocatechin', 'Netzahualcoyonol', '1-[3-(3,7-dimethylocta-2,6-dien-1-yl)-2,4,6- trihydroxyphenyl]-3-(4-hydroxyphenyl)propan-1-one', '6α-malonyloxymanoyl oxide', 'Benzylhydroxymethyl sulphide', '1,6-di-O-caffeoyl-β-D-glucopyranoside', '2-methyl-5-[8(Z),11(Z),14-pentadecatrienyl]resorcinol', '20-hydroxyecdysone; polypodine A', '3-Acetyl aleuritolic acid', 'Alkenoic acid', 'Quercetin 3-O-α-L-rhamnopyranosyl (1→6)-O-[β -D-glucopyranosyl (1→3)-O-α-L-rhamnopyranosyl-(1→2)]-O-β -D-glucopyranosyl', 'Heveaflavone', '3β-O-[α-L-rhamnopyranosyl-(1→2)-O-β-D-glucopyranosyl-(1→2)-O-β-D-glucopyranosyl]-28-O-β-D-glucopyranoside pomolate', 'Dibenzyl tetrasulphide', 'Arboreumine', '3-Oxoursolic acid', 'Casearupestrin B', 'toonacilin', 'urauchimycin B', 'Homoegonol', '[8]-gingerol', '4-Hydroxymellein', '5-hydroxymellein', 'fraxinellonone', 'Dibenzyl sulphide', '(-) Cis-4-hydroxy-6-deoxyscytalone', 'Plumericin', '5-[8(Z),11(Z)-pentadecadienyl]resorcinol', '(-)-Spectalinine', 'Pedalitin', ""Acteoside; [β-3,4-dihydroxyphenyl)-ethyl]-(3'-O-α-L-rhamnopyranosyl)-(4'-O-cafeoyl)-β-D-glycopyranoside, verbascoside"", '1-O-(E)-feruloyl-β-D-glucopyranoside', '19,20-Epoxycytochalasin C', 'n-Pentyl gallate', 'Orcinol', 'Periconicin B', 'Phomopsilactone', ""(2S)-8-Isopentyl-2-methyl-2-(4'-methylpentyl)chroman-6-carboxylic acid"", '2,2-dimethyl-2H-chromene-6-carboxylic acid', '1,2-dihydro- 3β-hydroxy-7-deacetoxy-7-oxogedunin', 'Photogedunin', 'Casearin X; (1R*,3S*,5S*,6aR*,7S*,8S*,10R*,10aR*)-1-(Acetyloxy)-3,5,6,6a,7,8,9,10-octahydro-10-hydroxy-7,8-dimethyl-7-[(2Z)-3-methylpenta-2,4-dien-1-yl]naphtho[1,8a-c]furan-3,5-diyl Dibutanoate', 'α-L-xylopyranosyl-(4""→20)-(3-O-β-D-glucopyranosyl)-1\'-O-E-caffeoyl-β-D-glucopyranoside', ""2-(R)-Methyl-6-(S)-(tetradecyl-13'-one)-3(R)-O-tert-butyldimethylsilyl-piperidine"", '(2S)-Methyl-2-methyl-8-(3""-methylbut-2""-enyl)-2-(4\'-methylpent-3\'-enyl)-2H-chromene-6-carboxylate', 'Casearin T', 'Proanthocyanidin', 'neoisoastilbin', 'Piperyline, N-[10-(13,14-methylenedioxyphenyl)-7(E),9(E)-pentadienoyl]-pyrrolidine', 'ω-fenil alcanoic acid', '2-butyl-D-fructofuranoside', ""Gaudichaudianic acid; (2S)-2-methyl-2-(4'methyl-3'-pentenyl)-8-(3''-methyl-2-butenyl)- 2H-1-benzopyran-6-carboxylic acid"", 'limonexic acid', 'Netzahualcoyondiol', 'Pristimerin; 20α-3-hydroxy-2-oxo-24-nor-friedela-1-10,3,5,7-tetraen-carboxylic acid-29-methylester', '3,4,5-trimethoxyphenyl 1-O-β-D-apiofuranosyl-(1→6)-O-β-D-glucopyranoside', 'β-photogedunin', 'n-Butyl gallate', ""5-[3''-(β-D-glucopyranosyloxy)propyl]-7-methoxy-2-(3',4'-dimethoxyphenyl)benzofuran"", '3,12-Dihydroxycadalene', '7-hydroxy-3- (11-dimethylallyl)-8-methoxycoumarin', ""N-[7-(3',4'-methylenedioxyphenyl)-2(Z),4(Z)-heptadienoyl]pyrrolidine"", '3,4,5-Triacetoxybenzoic acid', 'Odoratone', 'Rel-6β-hydroxyzuelanin-2β-benzoate', 'Di(benzyltrithio) methane', '3,11,12-Trihydroxycadalene', 'Quercetin 3-O-sophoroside', '(3R,4R)-3,4-Dihydro-4,6-dihydroxy-3-methyl-1-oxo-1H-isochromene-5-carboxylic acid', '24-methylene-3,22-dihydroxycholesterol', 'amorphispironone', 'Casearupestrin D', 'Chaetoglobosin B', ""2-(2'-O-benzoyl)-C-β-D-glucopyranosyl-1,3,6,7-tetrahydroxyxanthone"", 'Isoplumericin', 'Skimmianine', 'p-hydroxybenzoic acid-geranyl ester', 'Dibenzyl disulphide', 'Methyl 6,7,8-trimethoxydihydrocinnamate', '2-Hexyl-3-methyl-butanodioic acid', 'fraxinellone', '(R)-7-Hydroxymellein', '6α-acetoxymanoyl oxide', 'Methyl-8-hydroxy-2,2-dimethylchroman-6-carboxylate', 'N-[10-(13,14-methylenedioxyphenyl)-7(E),9(Z)-pentadienoyl]-pyrrolidine', '6-[8(Z)-pentadecenyl]salicylic acid', '(2S)-2-methyl-8-(3""-methylbut-2""-enyl)-2-(4\'-methylpent-3\'-enyl)-2H-chromene-6-carboxylic acid', 'Burchellin', '5-[8(Z)-pentadecenyl]resorcinol', 'Luteolin; 2-(3,4-dihydroxyphenyl)-5,7-dihydroxy-4H-chromen-4-one', 'Sinapic acid', '19,20-Epoxycytochalasin Q', '19,20-Epoxycytochalasin R', 'Muraxanthone', ""(2'S)-2-(propan-2'-ol)-5-hydroxy-benzopyran-4-one"", 'Rel-(+)-(7S,9R,10S)-3,9,12-trihydroxycalamenene', 'Casearin S', 'shidasterone', '5-hydroxymethyl- 2-furancarboxaldehyde; 5-hydroxymethyl-2-furfuraldehyde', 'atalaphyllinine', 'N-[10- (13,14-methylenedioxyphenyl)-7(E)-pentaenoyl]-pyrrolidine', '2-Methyl-5-methoxy-benzopyran-4-one', '3,4-dihydroxybenzoic acid geranyl ester', '6α-acetoxy-14β,15β-epoxyazadirone', 'epoxy-fraxinellone', '12′-hydroxy-7′-multijuguinone', 'Kaempferitrin', 'Nitensidine C', 'Dipropyl disulphide', '2-methyl-5-[8(Z),11(Z)-pentadecadienyl]resorcinol', '6-pentadecylsalicylic acid', 'Methyl-2,2-dimethylchroman-6-carboxylate', ""Myrsinoic acid A, 3-Geranyl-4-hydroxy-5-(3'',3''-dimethylallyl)benzoic acid"", '6-[ 8(Z),11(Z) -pentadecadienyl] salicylic acid', 'Gedunin', 'Pedalin, pedalitin 6-O-β -glucopyranoside', 'Caseargrewiin F; (1R*,3S*,5S*,6aR*,7S*,8R*,10R*,10aR*)-1,3-Bis(acetyloxy)-3,5,6,6a,7,8,9,10-octahydro-10-hydroxy-7,8-dimethyl-7-[(2Z)-3-methylpenta-2,4-dien-1-yl]naphtho[1,8a-c]furan-5-yl Butanoate', 'Casearin L; (1R*,3S*,5S*,6aR*,7R*,8R*,9S*,10S*,10aR*)-1,10-Bis(acetyloxy)-3,5,6,6a,7,8,9,10-octahydro-9-hydroxy-5-methoxy-7,8-dimethyl-7-[(2Z)-3-methylpenta-2,4-dien-1-yl]naphtho[1,8a-c]-furan-3-yl Butanoate', 'Platydesmine', 'Leiokinine A', 'Cabraleadiol', 'schaftoside', ""(2S)-Methyl-8-isopentyl-2-methyl-2-(4'-methylpentyl)chroman-6-carboxylate"", 'Casearupestrin A', '2-oxo-piperol B; (7S*, 8R*, 1R*, 3R*)-3,4,5-trimethoxy-3,7-cyclo-8,1-neolig-8-ene-2,4(3H)-dione', 'taxifolin', 'Casearin O; (1R*,3S*,5S*,6aR*,7R*,8R*,9S*,10S*,10aR*)-1,10-Bis(acetyloxy)-5-methoxy-7,8-dimethyl-7-[(2Z)-3-methylpenta-2,4-dien-1-yl]-3,5,6,6a,7,8,9,10-octahydronaphtho[1,8a-c]furan-3,9-diyl Dibutanoate', 'germacrene D', '2β-Hydroxyzuelanin-6β-cinnamate', '11β-acetoxyobacunone', '1-(5,7-dihydroxy-2,2-dimethylchroman- 6-yl)-3-[4-hydroxy-3-(3-methylbut-2-en-1-yl)- phenyl]propan-1-one', '(3R,4R)-4,7-Dihydroxymellein', ""Nitensoside B; Pedalitin 6-O-α-rhamnopyranosyl(1'''→6'')-β-glucopyranoside"", 'Methyl gallate', '3-O-β-D-quinovopyranosyl cincholic acid', 'Afzelin, 3-O-α-rhamnosyl kaempferol', 'Egonol', '4-Nerolidilcatechol', ""2-(2'-O-transcoumaroyl)-C-β-D-glucopyranosyl-1,3,6,7-tetrahydroxyxanthone"", 'Syringic acid', '(+)-3-O-feruloylcassine', 'Salacin', 'Isobutyl gallate', '7′-multijuguinone', 'Griseofulvin', '20α-Hydroxymaytenin; 20-hydroxy-20-epi-tingenone', '(-)-Epigallocatechin-3-O-gallate', 'Casearin D; (1R*,3S*,5S*,6aR*,7R*,8R*,9S*,10S*,10aR*)-1-(Acetyloxy)-3,5,6,6a,7,8,9,10-octahydro-5,10-dihydroxy-7,8-dimethyl-7-[(2Z)-3-methylpenta-2,4-dien-1-yl]naphtho[1,8a-c]furan-3,9-diyl Dibutanoate', 'Rel. (+)-(7S,10S) 3,12-dihydroxycalamenene', 'carlinoside', 'Methyl-8-(ethanoyloxy)-2,2-dimethyl-2H-chromene-6-carboxylate', 'Amentoflavone', '1-(5,7-dihydroxy-2,2-dimethylchroman-6-yl)-3-(1,1,4a-trimethyl-2,3,4,4a,9a-hexahydro-1H-xanthen-7-yl)propan-1-one', 'Methyl (E)-6,7,8-trimethoxycinnamate', '3,4,5-Trimethoxyphenyl-1-O-β-D-(5-O-syringoyl)-apiofuranosyl-(1→6)-β-D-glucopyranoside', '6-[8(Z),11(Z),14-pentadecatrienyl]salicylic acid', 'Sorbifolin', ""Nitensoside A; Sorbifolin 6-O-α-rhamnopyranosyl(1'''→6'')-β-glucopyranoside"", 'Ocotillone', 'des-N-methylnoracronycine', 'Sorbifolin 6-O-β-glucopyranoside', 'arjunolic acid', 'stachysterone', 'Ethyl 2,4-dihydroxy-5,6-dimethylbenzoate', 'Amentoflavone 7”,4”’-dimethyl ether', 'Picramnioside F', 'Lauryl gallate', 'Syringaldehyde', '22-hydroxytirucalla-7,24-diene-2,3-dione', 'Trans-3’-methylsulphonylallyl trans-cinnamate', '(3-(2-(4-hydroxyphenyl)-2-oxoethyl)-5,6-dihydropyridin- 2(1H)-one)', 'Mangiferin', 'Viburgenin', ""Pterogynoside; Kaempferol-3-O-(3''-O-4'''-methylgallate-α-L-rhamnoside)"", 'Ixoside', 'Cognatine', 'Fagaramide', 'Chalepin', 'Chlorogenic acid', '(4R)-4,8-dihydroxy-α-tetralone', 'Kaempferol']]",doi_name
"['10.1590/S0100-40422010001000006', '19,20-Epoxycytochalasin D']","['10.1590/S0100-40422010001000006', ['2α,3α-Dihydroxy-urs-12-en-28-oic acid', 'Haplotusine', '5-hydroxyflavone', 'β-Sitosterol benzoate', '2-phenyl-4H-chromen-4-one', 'Oleanolic acid 3-sophoroside', '3-O-β-D-(6’-methyl)-glucopyranosyl-28-O-β-D-glucopyranosyl-oleanate', 'N-acetylnonaine', 'Sinapyl 4-O-β-D-glucopyranoside alcohol', 'Liriodenine', 'Sinapyl 4-O-β-D-glucopyranoside aldehyde', 'Hinesol', 'guaiol', 'γ-eudesmol', 'α-eudesmol', 'Galioside aglicone', '11-O-trans-feruloylteucrein', 'Teucrein', 'Galioside', 'Apodanthoside', ""3,5,6,7,3',4',5'-heptamethoxyflavonol"", ""3',4',5',3,5,7,8-heptamethoxyflavone"", 'Anhydrofusarubin', 'Beauvericin', 'Procyanidin B-3', 'Kaempferol-3-O-α-L-rhamnopyranosyl-(1-6)-α-L-rhamnopyranosyl-(1-4)-β-D-glucopyranoside', 'Quercetin-3-O-α-L-rhamnopyranosyl-(1→6)-β-D-galactopyranoside', 'Catechin, Ent-catechin', 'Kaempferol-3-O-rutinoside', 'Kaempferol-3-O-α-L-rhamnopyranosyl-(1→6)-β-D-galactopyranoside', 'Kaempferol-3-O-D-galactopyranoside', '6-Hydroxy-rutin', 'Kaempferol-3-O-D-glucopyranoside', '5,7-dimethoxy-2,2-dimethyl-2H-1-benzopyran-6-propanoic acid', 'Methyl (3R,4R,5R)-3-{[(2Z)-3-(3,4-dihydroxyphenyl)-2-propenoyl]oxy}-1,4,5-trihydroxycyclohexanecarboxylate', 'Methyl (3R,4R,5R)-3-{[(2E)-3-(3,4-dihydroxyphenyl)-2-propenoyl]oxy}-1,4,5-trihydroxycyclohexanecarboxylate', 'Sargachromenol', '21´-(3,4-Methylenedioxyphenyl)-henicosanoic acid', ""Juruenolic acid; 2-(4'-Methylpentenyl-3)-10-oxoundecan-2,6-dienoic acid"", ""7,4'-Dimethoxyflavone"", 'Farnisine', 'Tithonine', '19´-(3,4-Methylenedioxyphenyl)-nonadecanoic acid', 'Fasciculiferin', '(+)-Guaiacin', 'Sargaquinoic acid', ""7,4'-Dihydroxyflavone"", '17-(3,4-Methylenedioxyphenyl)-heptadecanoic acid', 'Chlorogenic acid methyl ester, Methyl (1S,3R,4R,5R)-3-{[(2E)-3-(3,4-dihydroxyphenyl)-2-propenoyl]oxy}-1,4,5-trihydroxycyclohexanecarboxylate', '5,7-dimethoxy-2,2-dimethyl-2H-1-benzopyran-6-propanoate', 'Ergosterol peroxide', '8-hydroxy-6-methoxy-3-methylisocoumarin', 'Dimethyl terephthalate', 'Pimara-7,15-dien-3β-ol', '(22E,24R)-ergosta-4,6,8(14),22-tetraen-3-one', ""6'-Acetyl-β-D-glucopyranosyldiderroside"", '7-Methoxydiderroside', 'Diderroside', 'Secoxyloganin', '2-Episesalatin', ""Isoswertisin-2''α1-L-rhamnoside"", ""Isoswertisin-4'-methyl-ether-2''α-L-rhamnoside"", 'Clusifoliol', 'Sesartemin', 'Methacrylic acid', ""Isosakuranetin; 5,7-dihydroxy-4'-methoxyflavanone"", ""Sakuranetin; 5,4'-dihydroxy-7-methoxyflavanone"", ""1,4-Dihydroxy-2-(3',7'-dimethyl-1'-oxo-2'-E-6'-octadienyl)benzene"", ""4-Hydroxy-(3',7'-dimethyl-1'-oxo-octa-2'-E-6'-dienyl)benzoic acid"", ""4-Hydroxy-3-(3',7'-dimethyl-3'-hydroxy-1'-oxo-6'-octenyl)benzoic acid"", ""Hostmaniene; 4-Hydroxy-3-(2',3'-dihydroxy-3'-methylbutyl)benzoate"", ""4-Hydroxy-3-(3',7'-dimethylocta-2'-E-6'-dienyl)benzoic acid"", '3,4,5-Trimethoxydihydrocinnamic acid', 'Methyl 2,2-dimethyl-1-oxo-2H-1-benzopyran-6-carboxylate', ""4-Hydroxy-(3',7'-dimethyl-1'-oxo-octa-2'-Z-6'-dienyl)benzoic acid"", ""Methyl 4-hydroxy-3-(3'-methyl-2'-butenyl)benzoate"", ""Methyl 4-hydroxy-3-(3'-methyl-2'-hydroxy-3'-butenyl)benzoate"", ""Aduncumene; Methyl 2-methoxy-5-(3'-methyl-1'-oxo-2'-butenyl)benzoate"", ""Methyl taboganate; Methyl 4-hydroxy-3-(3'-methyl-1'-oxo-2'-butenyl)benzoate"", ""2',6'-Dihydroxy-4'-methoxydihydrochalcone"", 'Piperaduncine B', '(3Z,5Z)-N-isobutyl-8-(30,40-methylenedioxy-phenyl)-heptadienamide', 'Pellitorine', '(Z)-piplartine; 8(Z)-N-(12,13, 14-trimethoxycinnamoyl)- 3-pyridin-2-one', ""N-[3-(6'-methoxy-3',4'-methy-lenedioxyphenyl)-2(Z)-propenoyl]pyrrolidine"", '(E)-piplartine', '8,9-dihydropiplartine; N-(12,13,14-trimethoxydihydrocinnamoyl)-Δ3-pyridin-2-one', 'Piperine', '10,11-dihydropiperine; Δα,β-dihydropiperine', '4,5-dihydropiperlonguminine; Piperlonguminine', '4,5-dihydropiperyline', '(+)-α-Hydroxyerysotrine', '(+)-Erythravine', '(+)-11α-Hydroxyerythravine', 'Isopimpinellin', '9-hydroxyeugenin', 'Mycoleptone A', 'Eugenitin', 'Austdiol diacetate', '6-methoxyeugenin', 'Mycoleptone B', 'Mycoleptone A tetraacetate', 'Austdiol', '(-)-3-O-acetyl-spectaline', '1,3,5-trihydroxy- 2,8-bis(3-methylbut-2-enyl)-10-methyl-9-acridone', 'Pyranofoline', '1,3,5-trihydroxy-4-methoxy-10-methyl- 2,8-bis(3-methylbut-2-enyl)acridin-9(10H)-one', '3,4-dihydro-3,5,8-trihydroxy-6-methoxy-2,2,7-trimethyl-2Hpyrano[ 2,3-a]acridin-12(7H)-one', 'Glycocitrine-I', 'Citrusinine-I', 'Glycocitrine-IV', '5-hydroxynoracronycine; Atalaphyllidine', 'Citrusinine-II', 'cyclo (L)-Pro-Gly', '3,3-O-dimethylquercetin', 'penduletin 4-O-methyl ether', '2α,3α,19α- trihydroxyurs-12-en-28-oic acid', 'acacetin', 'Chrysoeriol', '3,7,4-O-trimethylkaempferol', '3-O-methylquercetin', 'p-hydroxybenzoic acid', '2α,3α-dihydroxyolean-12- en-28-oic acid', 'Taraxerol acetate', 'Aphidicolin', ""4-Methoxy-3-(3',7'-dimethylocta-2'-E-6'-dienyl)benzoic acid"", 'Methyl-8-hydroxy-2,2-dimethyl-2H-chromene-6-carboxylate', ""3-(3',7 '-dimethyl-2',6 '-octadienyl)-4-methoxy-benzoic acid"", ""3,4-dimethyl-2-(4'-hydroxy-3',5'-dimethoxyphenyl)-5-methoxy-tetrahydrofuran"", 'Stearic acid 4-pentoyloxyphenethyl ester', 'Pentaol', '3,11-dioxoolean-12-en-28- onic acid', 'Hispidol A', 'Oleanonic acid', 'cryptomeridiol', 'Piscidinol A', 'Nilocetin', 'Iso-odoratol', ""3',4'-methylenedioxy-5,5',6,7-tetramethoxyflavone"", ""2'-hydroxy-3,4,4'-trimethoxy-5',6'-(2'',2''-dimethylpyrano)-chalcone"", ""3',4'-methylenedioxy-5,6,7- trimethoxyflavone"", ""3',4'-methylenedioxy-5,7-dimethoxyflavone"", '4-metoxi-6-[2-(metilamino)fenil]- 2H-piran-2-ona', 'astilbin; Rel-(2R, 3R)-dihydroquercetin-3-O-±-L-rhamnoside', ""Rel-(7R,8S,7'S,8'S)-4-hydroxy-4',5'-methylenedioxy-3,5,3'-trimethoxy-7,7'-epoxylignan"", ""Rel-(7R,8S,7'S,8'S)-4,5,4',5'-dimethylenedioxy-3,3'-dimethoxy-7,7'-epoxylignan"", ""Rel-(7R,8S,7'S,8'S)-4'-hydroxy-3,4,5,3',5'-pentamethoxy-7,7'-epoxylignan"", ""Rel-(7R,8S,7'S,8'S)-4',5'-methylenedioxy-3,4,5,3'-tetramethoxy-7,7'-epoxylignan"", ""Rel-(7R,8S,7'S,8'S)-9-hydroxy-4',5'-methylenedioxy-3,4,5,3'-tetramethoxy-7,7'-epoxylignan"", 'Nitensidine D', 'Nitensidine E', 'Xanthyletin', '2-n-Propylquinoline', ""2-(1'-pentenyl)-Quinoline"", ""2-(3',4'-methylenedioxyphenylethyl)-Quinoline"", '2-n-Pentylquinoline', '1-methoxy-3-hydroxy-3,10b-4,5a-diepoxy-8b-isobutyroyloxygermacr-11(13)-en-6a,12-olide', 'Tagitinin C', 'Deoxycordifoline', '3,4-dehydrostrictosidine acid', 'Cordifoline', 'Strictosidine acid', 'Harman-3-carboxylic acid', 'Turbinatine', '5α-carboxystrictosidine', '3,4-dehydro-strictosidine', 'Ferulic acid', 'β-Gardiol', 'α-Gardiol', 'Nectandrin B', 'Epi-guaiacin', 'Verrucosin', '7-Methyl-sargachromenol; 2,7,8-Trimethyl-2-[(3-E,7-Z)-4,12-dimethyl-8-carboxyl-3,7,11-tridecatrienyl]-3-chromen-6-ol, β-caroteno', '21α,25-dimethylmelianodiol', '3,21-Di-epi-feroniellide B', '21β,25-dimethylmelianodiol', '2,3-dihydro-4,9-dihydroxy-2-(2-hydroxy-propan-2-yl)- 11-methoxy-10-methylfuro[3,2-b]acridin-5(10H)-one', 'bis-5-hydroxyacronycine', 'Citibrasine', 'β-caryophyllene, trans-caryophyllene', 'Cusculine; 1,2,3,5,6-pentamethoxy-9-acridone', 'Cuspanine; 1-hydroxy-2,3,5,6-tetramethoxy-9-acridone', '[10]-gingerol', ""2,4-Dihydroxy-6-[(1'E,3'E)-penta-1', 3'-dienyl]-benzaldehyde"", '2-methyl-5-[8(Z)-pentadecenyl]resorcinol', 'Kaempferol', '2-hydroxyphenylacetic acid', '3-O-β-D-quinovopyranosyl quinovic acid', '(4R)-4,8-dihydroxy-α-tetralone', 'scillascillin', 'Chlorogenic acid', 'Chalepin', 'Piperol B', '(-)-Hardwickiic acid', ""5-[3''-(β-D-glucopyranosyloxy)propyl]-7-methoxy-2-(3',4'-methylenedioxyphenyl)benzofuran"", '28-O-β-D-glucopyranosyl quinovic acid', '2-Methyl-4-hydroxy-butyl caffeoate', 'N-1,N-2,N-3-Triisopentenylguanidine', 'Odoratol', 'Leptomerine', '5-hydroxy-N-methylseverifoline', '19,20-Epoxycytochalasin N', 'ellagic acid 4-O-α-L-rhamnopyranoside; eschweilenol C', 'Mayoside C', 'Ourateacatechin', ""3',4',5',5,7-pentamethoxyflavone"", '2-methyl-5-pentadecylresorcinol', '3β-hydroxy-stigmast-5-en-7-one; 24-β-7-oxositosterol', 'Isobutyl gallate', '7′-multijuguinone', 'Griseofulvin', ""7-Hydroxy-4',6-dimethoxyisoflavone; Afrormosin; Afromosin"", '8-methoxymellein', '(±)-Syringaresinol', '(-) Cis-4-hydroxy-6-deoxyscytalone', 'Plumericin', '5-[8(Z),11(Z)-pentadecadienyl]resorcinol', '(-)-Spectalinine', 'Ocotillone', 'des-N-methylnoracronycine', 'Sorbifolin 6-O-β-glucopyranoside', 'Rel-2α-hydroxyzuelanin-6β-benzoate', '2,6-di-O-acetylcasearupestrin D', ""Methyl-2,2-dimethyl-8-(3'-methylbut-2'-enyl)chroman-6-carboxylate"", '2,7-Di-O-acetylcasearupestrin A', 'Nitensidine B', '1-methyl-2-n-nonyl-4-quinolone', '5-[8(Z),11(Z),14-pentadecatrienyl]resorcinol', 'Nitensidine A', ""8-hydroxy-3,5,7,3',4',5'-hexamethoxyflavonol"", 'Dibenzyl tetrasulphide', ""2',5-dihydroxy-3-methoxy-8-dimethylallyl-6, 7-(2' ',2''-dimethylpyrano)-dihydroflavonol"", '2-n-nonyl-4-quinolone', 'Maculosidine', 'Podocarpusflavone A', 'Casearupestrin C', '6α-malonyloxy-n-butyl ester manoyl oxide', 'citrusinine-I', 'Ricinine', 'Leptophyllin A', '5-pentadecylresorcinol', 'Netzahualcoyondiol', 'Pristimerin; 20α-3-hydroxy-2-oxo-24-nor-friedela-1-10,3,5,7-tetraen-carboxylic acid-29-methylester', '3,4,5-trimethoxyphenyl 1-O-β-D-apiofuranosyl-(1→6)-O-β-D-glucopyranoside', 'fraxinellonone', 'Dibenzyl sulphide', '1,6-di-O-caffeoyl-β-D-glucopyranoside', '2-methyl-5-[8(Z),11(Z),14-pentadecatrienyl]resorcinol', 'Skimmianine', 'p-hydroxybenzoic acid-geranyl ester', 'Dibenzyl disulphide', 'β-photogedunin', 'n-Butyl gallate', ""5-[3''-(β-D-glucopyranosyloxy)propyl]-7-methoxy-2-(3',4'-dimethoxyphenyl)benzofuran"", '3,12-Dihydroxycadalene', '7-hydroxy-3- (11-dimethylallyl)-8-methoxycoumarin', ""N-[7-(3',4'-methylenedioxyphenyl)-2(Z),4(Z)-heptadienoyl]pyrrolidine"", ""Acteoside; [β-3,4-dihydroxyphenyl)-ethyl]-(3'-O-α-L-rhamnopyranosyl)-(4'-O-cafeoyl)-β-D-glycopyranoside, verbascoside"", '19,20-Epoxycytochalasin D', 'fumiquinozoline F', 'Kaempferol 3-O-α-L-rhamnopyranosyl (1→6)-O-[β -D-glucopyranosyl (1→3)-O-α-L-rhamnopyranosyl-(1→2)]-O-β -D-glucopyranosyl', '3β-O-[α-L-rhamnopyranosyl-(1→2)-O-β-D-glucopyranosyl-(1→2)-O-β-D-glucopyranosyl]-28-O-β-D-glucopyranoside pomolate', ""2-(2'-O-trans-cinnamoyl)-C-β-D-glucopyranosyl-1,3,6,7-tetrahydroxyxanthone"", 'urauchimycin B', 'Homoegonol', '[8]-gingerol', '4-Hydroxymellein', '5-hydroxymellein', 'Cytochalasin D', 'Isoorientin', 'Uracil', 'urauchimycin A', 'p-Coumaric acid', '(-)-Epigallocatechin', 'Netzahualcoyonol', '1-[3-(3,7-dimethylocta-2,6-dien-1-yl)-2,4,6- trihydroxyphenyl]-3-(4-hydroxyphenyl)propan-1-one', '6α-malonyloxymanoyl oxide', 'Benzylhydroxymethyl sulphide', '20-hydroxyecdysone; polypodine A', '3-Acetyl aleuritolic acid', 'Alkenoic acid', 'Quercetin 3-O-α-L-rhamnopyranosyl (1→6)-O-[β -D-glucopyranosyl (1→3)-O-α-L-rhamnopyranosyl-(1→2)]-O-β -D-glucopyranosyl', 'Heveaflavone', 'Arboreumine', '3-Oxoursolic acid', 'Casearupestrin B', 'Caseobliquin A', 'Methyl angolensate', ""5-(3'' -Hydroxypropyl)-7-methoxy-2-(3',4' -methyl-enedioxyphenyl)benzofuran"", '22β-hydroxypristimerin', '1- (5,7-dihydroxy-2,2-dimethylchroman-6-yl)-3-(2,2-dimethylchroman- 6-yl)propan-1-one', 'Canavaline', 'Di-hydrodehydrodiconiferyl alcohol', 'Quercetin', 'Pedalitin', '1-O-(E)-feruloyl-β-D-glucopyranoside', '19,20-Epoxycytochalasin C', 'n-Pentyl gallate', 'Orcinol', 'Periconicin B', 'Phomopsilactone', ""(2S)-8-Isopentyl-2-methyl-2-(4'-methylpentyl)chroman-6-carboxylic acid"", '2,2-dimethyl-2H-chromene-6-carboxylic acid', '1,2-dihydro- 3β-hydroxy-7-deacetoxy-7-oxogedunin', 'Photogedunin', 'Proanthocyanidin', 'neoisoastilbin', '(R)-7-Hydroxymellein', '6α-acetoxymanoyl oxide', 'Methyl-8-hydroxy-2,2-dimethylchroman-6-carboxylate', 'Methyl 6,7,8-trimethoxydihydrocinnamate', 'Casearin X; (1R*,3S*,5S*,6aR*,7S*,8S*,10R*,10aR*)-1-(Acetyloxy)-3,5,6,6a,7,8,9,10-octahydro-10-hydroxy-7,8-dimethyl-7-[(2Z)-3-methylpenta-2,4-dien-1-yl]naphtho[1,8a-c]furan-3,5-diyl Dibutanoate', 'α-L-xylopyranosyl-(4""→20)-(3-O-β-D-glucopyranosyl)-1\'-O-E-caffeoyl-β-D-glucopyranoside', ""2-(R)-Methyl-6-(S)-(tetradecyl-13'-one)-3(R)-O-tert-butyldimethylsilyl-piperidine"", '(2S)-Methyl-2-methyl-8-(3""-methylbut-2""-enyl)-2-(4\'-methylpent-3\'-enyl)-2H-chromene-6-carboxylate', 'Casearin T', 'Piperyline, N-[10-(13,14-methylenedioxyphenyl)-7(E),9(E)-pentadienoyl]-pyrrolidine', 'ω-fenil alcanoic acid', '2-butyl-D-fructofuranoside', ""Gaudichaudianic acid; (2S)-2-methyl-2-(4'methyl-3'-pentenyl)-8-(3''-methyl-2-butenyl)- 2H-1-benzopyran-6-carboxylic acid"", 'limonexic acid', 'Di(benzyltrithio) methane', '3,11,12-Trihydroxycadalene', 'Quercetin 3-O-sophoroside', '(3R,4R)-3,4-Dihydro-4,6-dihydroxy-3-methyl-1-oxo-1H-isochromene-5-carboxylic acid', 'toonacilin', '1-O-(E)-caffeoyl-β-D-glucopyranoside', 'Gallic acid; 3,4,5-trihydroxybenzoic acid', 'Quercitrin, 3-O-α-rhamnosylquercetin', '24-methylene-3,22-dihydroxycholesterol', 'amorphispironone', 'Casearupestrin D', 'Chaetoglobosin B', ""2-(2'-O-benzoyl)-C-β-D-glucopyranosyl-1,3,6,7-tetrahydroxyxanthone"", 'Isoplumericin', '6α-acetoxy-14β,15β-epoxyazadirone', 'epoxy-fraxinellone', '12′-hydroxy-7′-multijuguinone', 'Kaempferitrin', 'Nitensidine C', 'Dipropyl disulphide', '2-methyl-5-[8(Z),11(Z)-pentadecadienyl]resorcinol', '(2S)-2-methyl-8-(3""-methylbut-2""-enyl)-2-(4\'-methylpent-3\'-enyl)-2H-chromene-6-carboxylic acid', 'Burchellin', '5-[8(Z)-pentadecenyl]resorcinol', 'Luteolin; 2-(3,4-dihydroxyphenyl)-5,7-dihydroxy-4H-chromen-4-one', 'Sinapic acid', '19,20-Epoxycytochalasin Q', '19,20-Epoxycytochalasin R', 'Muraxanthone', 'polypodine B', 'n-Propyl gallate', ""3',4',5',5,7,8-hexamethoxyflavone"", 'Isopropyl gallate', '6β-hydroxy-7-epigardoside methyl ester', 'Tetrahydropiperyline, N-[10-(13,14-methylenedioxyphenyl)-pentanoyl]-pyrrolidine', 'Piperovatine', '2,4,6-trimethoxybenzoic acid', 'Odoratone', 'Rel-6β-hydroxyzuelanin-2β-benzoate', 'shidasterone', '5-hydroxymethyl- 2-furancarboxaldehyde; 5-hydroxymethyl-2-furfuraldehyde', 'atalaphyllinine', 'N-[10- (13,14-methylenedioxyphenyl)-7(E)-pentaenoyl]-pyrrolidine', '2-Methyl-5-methoxy-benzopyran-4-one', '3,4-dihydroxybenzoic acid geranyl ester', 'Casearupestrin A', '2-oxo-piperol B; (7S*, 8R*, 1R*, 3R*)-3,4,5-trimethoxy-3,7-cyclo-8,1-neolig-8-ene-2,4(3H)-dione', 'taxifolin', '2-Hexyl-3-methyl-butanodioic acid', 'fraxinellone', '6-[ 8(Z),11(Z) -pentadecadienyl] salicylic acid', 'N-[10-(13,14-methylenedioxyphenyl)-7(E),9(Z)-pentadienoyl]-pyrrolidine', '6-[8(Z)-pentadecenyl]salicylic acid', '1-(5,7-dihydroxy-2,2-dimethylchroman-6-yl)-3-(1,1,4a-trimethyl-2,3,4,4a,9a-hexahydro-1H-xanthen-7-yl)propan-1-one', ""(2'S)-2-(propan-2'-ol)-5-hydroxy-benzopyran-4-one"", 'Rel-(+)-(7S,9R,10S)-3,9,12-trihydroxycalamenene', 'Casearin S', '11β-acetoxyobacunone', '1-(5,7-dihydroxy-2,2-dimethylchroman- 6-yl)-3-[4-hydroxy-3-(3-methylbut-2-en-1-yl)- phenyl]propan-1-one', '(3R,4R)-4,7-Dihydroxymellein', ""Nitensoside B; Pedalitin 6-O-α-rhamnopyranosyl(1'''→6'')-β-glucopyranoside"", 'Gedunin', 'Pedalin, pedalitin 6-O-β -glucopyranoside', 'Caseargrewiin F; (1R*,3S*,5S*,6aR*,7S*,8R*,10R*,10aR*)-1,3-Bis(acetyloxy)-3,5,6,6a,7,8,9,10-octahydro-10-hydroxy-7,8-dimethyl-7-[(2Z)-3-methylpenta-2,4-dien-1-yl]naphtho[1,8a-c]furan-5-yl Butanoate', 'Casearin L; (1R*,3S*,5S*,6aR*,7R*,8R*,9S*,10S*,10aR*)-1,10-Bis(acetyloxy)-3,5,6,6a,7,8,9,10-octahydro-9-hydroxy-5-methoxy-7,8-dimethyl-7-[(2Z)-3-methylpenta-2,4-dien-1-yl]naphtho[1,8a-c]-furan-3-yl Butanoate', 'Platydesmine', 'Leiokinine A', 'Cabraleadiol', '3,4,5-Triacetoxybenzoic acid', ""Myrsinoic acid A, 3-Geranyl-4-hydroxy-5-(3'',3''-dimethylallyl)benzoic acid"", '20α-Hydroxymaytenin; 20-hydroxy-20-epi-tingenone', '(-)-Epigallocatechin-3-O-gallate', 'Casearin D; (1R*,3S*,5S*,6aR*,7R*,8R*,9S*,10S*,10aR*)-1-(Acetyloxy)-3,5,6,6a,7,8,9,10-octahydro-5,10-dihydroxy-7,8-dimethyl-7-[(2Z)-3-methylpenta-2,4-dien-1-yl]naphtho[1,8a-c]furan-3,9-diyl Dibutanoate', 'Rel. (+)-(7S,10S) 3,12-dihydroxycalamenene', 'schaftoside', ""(2S)-Methyl-8-isopentyl-2-methyl-2-(4'-methylpentyl)chroman-6-carboxylate"", 'Methyl gallate', '3-O-β-D-quinovopyranosyl cincholic acid', 'Afzelin, 3-O-α-rhamnosyl kaempferol', 'Egonol', '4-Nerolidilcatechol', ""2-(2'-O-transcoumaroyl)-C-β-D-glucopyranosyl-1,3,6,7-tetrahydroxyxanthone"", 'Syringic acid', '(+)-3-O-feruloylcassine', 'Amentoflavone', '22-hydroxytirucalla-7,24-diene-2,3-dione', 'Trans-3’-methylsulphonylallyl trans-cinnamate', '(3-(2-(4-hydroxyphenyl)-2-oxoethyl)-5,6-dihydropyridin- 2(1H)-one)', 'Mangiferin', 'Viburgenin', ""Pterogynoside; Kaempferol-3-O-(3''-O-4'''-methylgallate-α-L-rhamnoside)"", 'Methyl (E)-6,7,8-trimethoxycinnamate', '3,4,5-Trimethoxyphenyl-1-O-β-D-(5-O-syringoyl)-apiofuranosyl-(1→6)-β-D-glucopyranoside', '6-[8(Z),11(Z),14-pentadecatrienyl]salicylic acid', 'Sorbifolin', ""Nitensoside A; Sorbifolin 6-O-α-rhamnopyranosyl(1'''→6'')-β-glucopyranoside"", 'Casearin O; (1R*,3S*,5S*,6aR*,7R*,8R*,9S*,10S*,10aR*)-1,10-Bis(acetyloxy)-5-methoxy-7,8-dimethyl-7-[(2Z)-3-methylpenta-2,4-dien-1-yl]-3,5,6,6a,7,8,9,10-octahydronaphtho[1,8a-c]furan-3,9-diyl Dibutanoate', 'germacrene D', 'Salacin', '6-pentadecylsalicylic acid', 'Methyl-2,2-dimethylchroman-6-carboxylate', 'Dibenzyl trisulphide', 'Maytenin, Tingenone', 'Kokusaginine', ""2-(2'-O-trans-caffeoyl)-C-β-D-glucopyranosyl-1,3,6,7-tetrahydroxyxanthone"", 'Netzahualcoyene', 'Casearin X Dialdehyde; (2R*,4aS*,5S*,7R*,8R*,8aS*)-4,4a-Diformyl-1,2,4a,5,6,7,8,8a-octahydro-5-hydroxy-7,8-dimethyl-8-[(2Z)-3-methylpenta-2,4-dien-1-yl]naphthalen-2-yl Butanoate', 'carlinoside', 'Methyl-8-(ethanoyloxy)-2,2-dimethyl-2H-chromene-6-carboxylate', '2β-Hydroxyzuelanin-6β-cinnamate', 'arjunolic acid', 'stachysterone', 'Ethyl 2,4-dihydroxy-5,6-dimethylbenzoate', 'Amentoflavone 7”,4”’-dimethyl ether', 'Picramnioside F', 'Lauryl gallate', 'Syringaldehyde', 'Cyclo-(L-Pro-L-Val)', 'Acetonide of odoratol', '(−)-Grandisin', '24-methylenecycloartan-3b-ol', 'Ixoside', 'Cognatine', 'Fagaramide']]",doi_name
"['10.1016/j.bse.2006.06.007', '(4R)-4,8-dihydroxy-α-tetralone']","['10.1016/j.bse.2006.06.007', ['Xanthyletin', 'Methacrylic acid', 'Methyl-8-hydroxy-2,2-dimethyl-2H-chromene-6-carboxylate', ""3-(3',7 '-dimethyl-2',6 '-octadienyl)-4-methoxy-benzoic acid"", ""4-Methoxy-3-(3',7'-dimethylocta-2'-E-6'-dienyl)benzoic acid"", ""4-Hydroxy-3-(3',7'-dimethyl-3'-hydroxy-1'-oxo-6'-octenyl)benzoic acid"", ""1,4-Dihydroxy-2-(3',7'-dimethyl-1'-oxo-2'-E-6'-octadienyl)benzene"", ""Sakuranetin; 5,4'-dihydroxy-7-methoxyflavanone"", ""Isosakuranetin; 5,7-dihydroxy-4'-methoxyflavanone"", ""4-Hydroxy-(3',7'-dimethyl-1'-oxo-octa-2'-E-6'-dienyl)benzoic acid"", 'Sesartemin', '2-Episesalatin', ""Isoswertisin-2''α1-L-rhamnoside"", 'Clusifoliol', ""Isoswertisin-4'-methyl-ether-2''α-L-rhamnoside"", 'Chlorogenic acid methyl ester, Methyl (1S,3R,4R,5R)-3-{[(2E)-3-(3,4-dihydroxyphenyl)-2-propenoyl]oxy}-1,4,5-trihydroxycyclohexanecarboxylate', 'γ-eudesmol', 'guaiol', 'α-eudesmol', 'Hinesol', ""3',4'-methylenedioxy-5,6,7- trimethoxyflavone"", ""2'-hydroxy-3,4,4'-trimethoxy-5',6'-(2'',2''-dimethylpyrano)-chalcone"", ""3',4'-methylenedioxy-5,5',6,7-tetramethoxyflavone"", ""3',4'-methylenedioxy-5,7-dimethoxyflavone"", 'cryptomeridiol', 'Oleanonic acid', 'Iso-odoratol', 'Pentaol', '3,11-dioxoolean-12-en-28- onic acid', 'Piscidinol A', 'Nilocetin', 'Hispidol A', 'cyclo (L)-Pro-Gly', '5,7-dimethoxy-2,2-dimethyl-2H-1-benzopyran-6-propanoate', 'Glycocitrine-IV', '1,3,5-trihydroxy- 2,8-bis(3-methylbut-2-enyl)-10-methyl-9-acridone', 'Citrusinine-II', 'Glycocitrine-I', '5-hydroxynoracronycine; Atalaphyllidine', '1,3,5-trihydroxy-4-methoxy-10-methyl- 2,8-bis(3-methylbut-2-enyl)acridin-9(10H)-one', 'Pyranofoline', '3,4-dihydro-3,5,8-trihydroxy-6-methoxy-2,2,7-trimethyl-2Hpyrano[ 2,3-a]acridin-12(7H)-one', 'Citrusinine-I', 'Isopimpinellin', 'Anhydrofusarubin', 'Beauvericin', '17-(3,4-Methylenedioxyphenyl)-heptadecanoic acid', ""7,4'-Dimethoxyflavone"", 'Sargachromenol', 'Sargaquinoic acid', '19´-(3,4-Methylenedioxyphenyl)-nonadecanoic acid', '(+)-Guaiacin', 'Farnisine', '21´-(3,4-Methylenedioxyphenyl)-henicosanoic acid', ""7,4'-Dihydroxyflavone"", 'Tithonine', 'Fasciculiferin', ""Juruenolic acid; 2-(4'-Methylpentenyl-3)-10-oxoundecan-2,6-dienoic acid"", 'Mycoleptone A', '9-hydroxyeugenin', 'Eugenitin', 'Austdiol diacetate', 'Mycoleptone A tetraacetate', 'Austdiol', '6-methoxyeugenin', 'Mycoleptone B', ""4-Hydroxy-(3',7'-dimethyl-1'-oxo-octa-2'-Z-6'-dienyl)benzoic acid"", ""Methyl 4-hydroxy-3-(3'-methyl-2'-hydroxy-3'-butenyl)benzoate"", ""Aduncumene; Methyl 2-methoxy-5-(3'-methyl-1'-oxo-2'-butenyl)benzoate"", 'Methyl 2,2-dimethyl-1-oxo-2H-1-benzopyran-6-carboxylate', '3,4,5-Trimethoxydihydrocinnamic acid', ""2',6'-Dihydroxy-4'-methoxydihydrochalcone"", ""4-Hydroxy-3-(3',7'-dimethylocta-2'-E-6'-dienyl)benzoic acid"", ""Hostmaniene; 4-Hydroxy-3-(2',3'-dihydroxy-3'-methylbutyl)benzoate"", 'Piperaduncine B', ""Methyl taboganate; Methyl 4-hydroxy-3-(3'-methyl-1'-oxo-2'-butenyl)benzoate"", ""Methyl 4-hydroxy-3-(3'-methyl-2'-butenyl)benzoate"", 'astilbin; Rel-(2R, 3R)-dihydroquercetin-3-O-±-L-rhamnoside', 'Stearic acid 4-pentoyloxyphenethyl ester', '11-O-trans-feruloylteucrein', 'Teucrein', 'Apodanthoside', 'Galioside', 'Galioside aglicone', 'Methyl (3R,4R,5R)-3-{[(2E)-3-(3,4-dihydroxyphenyl)-2-propenoyl]oxy}-1,4,5-trihydroxycyclohexanecarboxylate', 'Methyl (3R,4R,5R)-3-{[(2Z)-3-(3,4-dihydroxyphenyl)-2-propenoyl]oxy}-1,4,5-trihydroxycyclohexanecarboxylate', '21α,25-dimethylmelianodiol', '21β,25-dimethylmelianodiol', '3,21-Di-epi-feroniellide B', 'Verrucosin', '7-Methyl-sargachromenol; 2,7,8-Trimethyl-2-[(3-E,7-Z)-4,12-dimethyl-8-carboxyl-3,7,11-tridecatrienyl]-3-chromen-6-ol, β-caroteno', 'Epi-guaiacin', 'Nectandrin B', 'β-caryophyllene, trans-caryophyllene', 'Ergosterol peroxide', '8-hydroxy-6-methoxy-3-methylisocoumarin', 'Pimara-7,15-dien-3β-ol', 'Dimethyl terephthalate', '(22E,24R)-ergosta-4,6,8(14),22-tetraen-3-one', '(-)-3-O-acetyl-spectaline', '2,3-dihydro-4,9-dihydroxy-2-(2-hydroxy-propan-2-yl)- 11-methoxy-10-methylfuro[3,2-b]acridin-5(10H)-one', 'bis-5-hydroxyacronycine', 'Citibrasine', '7-Methoxydiderroside', ""6'-Acetyl-β-D-glucopyranosyldiderroside"", 'Diderroside', 'Secoxyloganin', 'Taraxerol acetate', '(+)-α-Hydroxyerysotrine', '(+)-Erythravine', '(+)-11α-Hydroxyerythravine', 'Aphidicolin', '2α,3α,19α- trihydroxyurs-12-en-28-oic acid', 'penduletin 4-O-methyl ether', '3,3-O-dimethylquercetin', 'acacetin', '2α,3α-dihydroxyolean-12- en-28-oic acid', '3-O-methylquercetin', '3,7,4-O-trimethylkaempferol', 'p-hydroxybenzoic acid', 'Chrysoeriol', 'Tagitinin C', '1-methoxy-3-hydroxy-3,10b-4,5a-diepoxy-8b-isobutyroyloxygermacr-11(13)-en-6a,12-olide', '5,7-dimethoxy-2,2-dimethyl-2H-1-benzopyran-6-propanoic acid', 'Quercetin-3-O-α-L-rhamnopyranosyl-(1→6)-β-D-galactopyranoside', 'Kaempferol-3-O-α-L-rhamnopyranosyl-(1-6)-α-L-rhamnopyranosyl-(1-4)-β-D-glucopyranoside', 'Kaempferol-3-O-α-L-rhamnopyranosyl-(1→6)-β-D-galactopyranoside', 'Kaempferol-3-O-rutinoside', 'Kaempferol-3-O-D-glucopyranoside', '6-Hydroxy-rutin', 'Kaempferol-3-O-D-galactopyranoside', 'Procyanidin B-3', 'Catechin, Ent-catechin', ""2-(3',4'-methylenedioxyphenylethyl)-Quinoline"", '2-n-Pentylquinoline', ""2-(1'-pentenyl)-Quinoline"", '2-n-Propylquinoline', ""Rel-(7R,8S,7'S,8'S)-4',5'-methylenedioxy-3,4,5,3'-tetramethoxy-7,7'-epoxylignan"", ""Rel-(7R,8S,7'S,8'S)-4'-hydroxy-3,4,5,3',5'-pentamethoxy-7,7'-epoxylignan"", ""Rel-(7R,8S,7'S,8'S)-4-hydroxy-4',5'-methylenedioxy-3,5,3'-trimethoxy-7,7'-epoxylignan"", ""Rel-(7R,8S,7'S,8'S)-9-hydroxy-4',5'-methylenedioxy-3,4,5,3'-tetramethoxy-7,7'-epoxylignan"", ""Rel-(7R,8S,7'S,8'S)-4,5,4',5'-dimethylenedioxy-3,3'-dimethoxy-7,7'-epoxylignan"", 'Nitensidine D', 'Nitensidine E', '(3Z,5Z)-N-isobutyl-8-(30,40-methylenedioxy-phenyl)-heptadienamide', 'Pellitorine', ""N-[3-(6'-methoxy-3',4'-methy-lenedioxyphenyl)-2(Z)-propenoyl]pyrrolidine"", '(E)-piplartine', '(Z)-piplartine; 8(Z)-N-(12,13, 14-trimethoxycinnamoyl)- 3-pyridin-2-one', '4,5-dihydropiperyline', '8,9-dihydropiplartine; N-(12,13,14-trimethoxydihydrocinnamoyl)-Δ3-pyridin-2-one', '10,11-dihydropiperine; Δα,β-dihydropiperine', '4,5-dihydropiperlonguminine; Piperlonguminine', 'Piperine', '3,4-dehydrostrictosidine acid', '5α-carboxystrictosidine', 'Cordifoline', 'Harman-3-carboxylic acid', '3,4-dehydro-strictosidine', 'Turbinatine', 'Strictosidine acid', 'Deoxycordifoline', 'Cusculine; 1,2,3,5,6-pentamethoxy-9-acridone', 'Cuspanine; 1-hydroxy-2,3,5,6-tetramethoxy-9-acridone', ""3,4-dimethyl-2-(4'-hydroxy-3',5'-dimethoxyphenyl)-5-methoxy-tetrahydrofuran"", '4-metoxi-6-[2-(metilamino)fenil]- 2H-piran-2-ona', 'α-Gardiol', 'β-Gardiol', 'Ferulic acid', ""3,5,6,7,3',4',5'-heptamethoxyflavonol"", ""3',4',5',3,5,7,8-heptamethoxyflavone"", '2α,3α-Dihydroxy-urs-12-en-28-oic acid', 'Oleanolic acid 3-sophoroside', '3-O-β-D-(6’-methyl)-glucopyranosyl-28-O-β-D-glucopyranosyl-oleanate', 'Haplotusine', '5-hydroxyflavone', 'β-Sitosterol benzoate', '2-phenyl-4H-chromen-4-one', 'Sinapyl 4-O-β-D-glucopyranoside aldehyde', 'Sinapyl 4-O-β-D-glucopyranoside alcohol', 'Liriodenine', 'N-acetylnonaine', '[10]-gingerol', ""2,4-Dihydroxy-6-[(1'E,3'E)-penta-1', 3'-dienyl]-benzaldehyde"", 'Nitensidine A', 'Quercitrin, 3-O-α-rhamnosylquercetin', 'Caseobliquin A', 'Methyl angolensate', ""5-(3'' -Hydroxypropyl)-7-methoxy-2-(3',4' -methyl-enedioxyphenyl)benzofuran"", '22β-hydroxypristimerin', '1- (5,7-dihydroxy-2,2-dimethylchroman-6-yl)-3-(2,2-dimethylchroman- 6-yl)propan-1-one', 'Canavaline', 'Di-hydrodehydrodiconiferyl alcohol', 'Quercetin', ""2-(2'-O-trans-cinnamoyl)-C-β-D-glucopyranosyl-1,3,6,7-tetrahydroxyxanthone"", 'Ocotillone', 'des-N-methylnoracronycine', 'Sorbifolin 6-O-β-glucopyranoside', 'ellagic acid 4-O-α-L-rhamnopyranoside; eschweilenol C', 'Mayoside C', 'Ourateacatechin', ""3',4',5',5,7-pentamethoxyflavone"", '2-methyl-5-pentadecylresorcinol', '3β-hydroxy-stigmast-5-en-7-one; 24-β-7-oxositosterol', 'scillascillin', 'Gallic acid; 3,4,5-trihydroxybenzoic acid', '8-methoxymellein', '(±)-Syringaresinol', 'Cyclo-(L-Pro-L-Val)', 'Acetonide of odoratol', '(−)-Grandisin', '24-methylenecycloartan-3b-ol', 'Ixoside', 'Cognatine', 'Kokusaginine', ""2-(2'-O-trans-caffeoyl)-C-β-D-glucopyranosyl-1,3,6,7-tetrahydroxyxanthone"", 'Netzahualcoyene', 'Casearin X Dialdehyde; (2R*,4aS*,5S*,7R*,8R*,8aS*)-4,4a-Diformyl-1,2,4a,5,6,7,8,8a-octahydro-5-hydroxy-7,8-dimethyl-8-[(2Z)-3-methylpenta-2,4-dien-1-yl]naphthalen-2-yl Butanoate', 'polypodine B', 'n-Propyl gallate', ""3',4',5',5,7,8-hexamethoxyflavone"", 'Isopropyl gallate', '6β-hydroxy-7-epigardoside methyl ester', 'Tetrahydropiperyline, N-[10-(13,14-methylenedioxyphenyl)-pentanoyl]-pyrrolidine', '2-methyl-5-[8(Z)-pentadecenyl]resorcinol', ""8-hydroxy-3,5,7,3',4',5'-hexamethoxyflavonol"", 'Odoratol', 'Leptomerine', '5-hydroxy-N-methylseverifoline', '19,20-Epoxycytochalasin N', 'Casearupestrin C', '6α-malonyloxy-n-butyl ester manoyl oxide', 'citrusinine-I', 'Ricinine', 'Leptophyllin A', '5-pentadecylresorcinol', '19,20-Epoxycytochalasin D', 'fumiquinozoline F', 'Kaempferol 3-O-α-L-rhamnopyranosyl (1→6)-O-[β -D-glucopyranosyl (1→3)-O-α-L-rhamnopyranosyl-(1→2)]-O-β -D-glucopyranosyl', '3β-O-[α-L-rhamnopyranosyl-(1→2)-O-β-D-glucopyranosyl-(1→2)-O-β-D-glucopyranosyl]-28-O-β-D-glucopyranoside pomolate', 'Dibenzyl tetrasulphide', ""Methyl-2,2-dimethyl-8-(3'-methylbut-2'-enyl)chroman-6-carboxylate"", '2,7-Di-O-acetylcasearupestrin A', 'Nitensidine B', '1-methyl-2-n-nonyl-4-quinolone', '5-[8(Z),11(Z),14-pentadecatrienyl]resorcinol', 'Isoorientin', 'Piperol B', '(-)-Hardwickiic acid', ""5-[3''-(β-D-glucopyranosyloxy)propyl]-7-methoxy-2-(3',4'-methylenedioxyphenyl)benzofuran"", '28-O-β-D-glucopyranosyl quinovic acid', '2-Methyl-4-hydroxy-butyl caffeoate', 'N-1,N-2,N-3-Triisopentenylguanidine', 'Dibenzyl trisulphide', 'Maytenin, Tingenone', 'Uracil', 'urauchimycin A', 'Piperovatine', '2,4,6-trimethoxybenzoic acid', '1-O-(E)-caffeoyl-β-D-glucopyranoside', 'Maculosidine', 'Podocarpusflavone A', 'Netzahualcoyonol', '1-[3-(3,7-dimethylocta-2,6-dien-1-yl)-2,4,6- trihydroxyphenyl]-3-(4-hydroxyphenyl)propan-1-one', '6α-malonyloxymanoyl oxide', 'Benzylhydroxymethyl sulphide', '1,6-di-O-caffeoyl-β-D-glucopyranoside', '2-methyl-5-[8(Z),11(Z),14-pentadecatrienyl]resorcinol', '20-hydroxyecdysone; polypodine A', '3-Acetyl aleuritolic acid', 'Alkenoic acid', 'Quercetin 3-O-α-L-rhamnopyranosyl (1→6)-O-[β -D-glucopyranosyl (1→3)-O-α-L-rhamnopyranosyl-(1→2)]-O-β -D-glucopyranosyl', 'Heveaflavone', 'Arboreumine', '3-Oxoursolic acid', ""2',5-dihydroxy-3-methoxy-8-dimethylallyl-6, 7-(2' ',2''-dimethylpyrano)-dihydroflavonol"", '2-n-nonyl-4-quinolone', 'Cytochalasin D', 'urauchimycin B', 'Homoegonol', '[8]-gingerol', '4-Hydroxymellein', '5-hydroxymellein', 'fraxinellonone', 'Dibenzyl sulphide', '(-) Cis-4-hydroxy-6-deoxyscytalone', 'Plumericin', '5-[8(Z),11(Z)-pentadecadienyl]resorcinol', '(-)-Spectalinine', 'Pedalitin', '1-O-(E)-feruloyl-β-D-glucopyranoside', '19,20-Epoxycytochalasin C', 'p-Coumaric acid', '(-)-Epigallocatechin', 'Orcinol', 'Periconicin B', 'Phomopsilactone', ""(2S)-8-Isopentyl-2-methyl-2-(4'-methylpentyl)chroman-6-carboxylic acid"", '2,2-dimethyl-2H-chromene-6-carboxylic acid', '1,2-dihydro- 3β-hydroxy-7-deacetoxy-7-oxogedunin', 'Photogedunin', 'Casearin X; (1R*,3S*,5S*,6aR*,7S*,8S*,10R*,10aR*)-1-(Acetyloxy)-3,5,6,6a,7,8,9,10-octahydro-10-hydroxy-7,8-dimethyl-7-[(2Z)-3-methylpenta-2,4-dien-1-yl]naphtho[1,8a-c]furan-3,5-diyl Dibutanoate', 'α-L-xylopyranosyl-(4""→20)-(3-O-β-D-glucopyranosyl)-1\'-O-E-caffeoyl-β-D-glucopyranoside', ""2-(R)-Methyl-6-(S)-(tetradecyl-13'-one)-3(R)-O-tert-butyldimethylsilyl-piperidine"", '(2S)-Methyl-2-methyl-8-(3""-methylbut-2""-enyl)-2-(4\'-methylpent-3\'-enyl)-2H-chromene-6-carboxylate', 'Casearin T', 'Piperyline, N-[10-(13,14-methylenedioxyphenyl)-7(E),9(E)-pentadienoyl]-pyrrolidine', 'ω-fenil alcanoic acid', 'Casearupestrin B', 'toonacilin', '2-butyl-D-fructofuranoside', ""Gaudichaudianic acid; (2S)-2-methyl-2-(4'methyl-3'-pentenyl)-8-(3''-methyl-2-butenyl)- 2H-1-benzopyran-6-carboxylic acid"", 'limonexic acid', 'Netzahualcoyondiol', 'Pristimerin; 20α-3-hydroxy-2-oxo-24-nor-friedela-1-10,3,5,7-tetraen-carboxylic acid-29-methylester', '3,4,5-trimethoxyphenyl 1-O-β-D-apiofuranosyl-(1→6)-O-β-D-glucopyranoside', 'β-photogedunin', 'n-Butyl gallate', ""5-[3''-(β-D-glucopyranosyloxy)propyl]-7-methoxy-2-(3',4'-dimethoxyphenyl)benzofuran"", '3,12-Dihydroxycadalene', '7-hydroxy-3- (11-dimethylallyl)-8-methoxycoumarin', ""N-[7-(3',4'-methylenedioxyphenyl)-2(Z),4(Z)-heptadienoyl]pyrrolidine"", ""Acteoside; [β-3,4-dihydroxyphenyl)-ethyl]-(3'-O-α-L-rhamnopyranosyl)-(4'-O-cafeoyl)-β-D-glycopyranoside, verbascoside"", 'Di(benzyltrithio) methane', '3,11,12-Trihydroxycadalene', 'n-Pentyl gallate', 'Quercetin 3-O-sophoroside', '(3R,4R)-3,4-Dihydro-4,6-dihydroxy-3-methyl-1-oxo-1H-isochromene-5-carboxylic acid', '24-methylene-3,22-dihydroxycholesterol', 'amorphispironone', 'Casearupestrin D', 'Chaetoglobosin B', ""2-(2'-O-benzoyl)-C-β-D-glucopyranosyl-1,3,6,7-tetrahydroxyxanthone"", 'Isoplumericin', 'N-[10-(13,14-methylenedioxyphenyl)-7(E),9(Z)-pentadienoyl]-pyrrolidine', '6-[8(Z)-pentadecenyl]salicylic acid', '(2S)-2-methyl-8-(3""-methylbut-2""-enyl)-2-(4\'-methylpent-3\'-enyl)-2H-chromene-6-carboxylic acid', 'Burchellin', '5-[8(Z)-pentadecenyl]resorcinol', 'Luteolin; 2-(3,4-dihydroxyphenyl)-5,7-dihydroxy-4H-chromen-4-one', 'Sinapic acid', '19,20-Epoxycytochalasin Q', 'fraxinellone', '6-[ 8(Z),11(Z) -pentadecadienyl] salicylic acid', '19,20-Epoxycytochalasin R', 'Muraxanthone', 'Skimmianine', 'p-hydroxybenzoic acid-geranyl ester', 'Dibenzyl disulphide', 'Proanthocyanidin', 'neoisoastilbin', '(R)-7-Hydroxymellein', '6α-acetoxymanoyl oxide', 'Methyl-8-hydroxy-2,2-dimethylchroman-6-carboxylate', '3,4,5-Triacetoxybenzoic acid', 'Odoratone', 'Rel-6β-hydroxyzuelanin-2β-benzoate', 'shidasterone', 'Casearin S', '11β-acetoxyobacunone', '5-hydroxymethyl- 2-furancarboxaldehyde; 5-hydroxymethyl-2-furfuraldehyde', 'atalaphyllinine', 'N-[10- (13,14-methylenedioxyphenyl)-7(E)-pentaenoyl]-pyrrolidine', '2-Methyl-5-methoxy-benzopyran-4-one', '3,4-dihydroxybenzoic acid geranyl ester', '6α-acetoxy-14β,15β-epoxyazadirone', 'epoxy-fraxinellone', '12′-hydroxy-7′-multijuguinone', 'Kaempferitrin', 'Nitensidine C', 'Dipropyl disulphide', '2-methyl-5-[8(Z),11(Z)-pentadecadienyl]resorcinol', 'Methyl 6,7,8-trimethoxydihydrocinnamate', '2-Hexyl-3-methyl-butanodioic acid', ""Myrsinoic acid A, 3-Geranyl-4-hydroxy-5-(3'',3''-dimethylallyl)benzoic acid"", '20α-Hydroxymaytenin; 20-hydroxy-20-epi-tingenone', 'Gedunin', 'Pedalin, pedalitin 6-O-β -glucopyranoside', 'Caseargrewiin F; (1R*,3S*,5S*,6aR*,7S*,8R*,10R*,10aR*)-1,3-Bis(acetyloxy)-3,5,6,6a,7,8,9,10-octahydro-10-hydroxy-7,8-dimethyl-7-[(2Z)-3-methylpenta-2,4-dien-1-yl]naphtho[1,8a-c]furan-5-yl Butanoate', 'Casearin L; (1R*,3S*,5S*,6aR*,7R*,8R*,9S*,10S*,10aR*)-1,10-Bis(acetyloxy)-3,5,6,6a,7,8,9,10-octahydro-9-hydroxy-5-methoxy-7,8-dimethyl-7-[(2Z)-3-methylpenta-2,4-dien-1-yl]naphtho[1,8a-c]-furan-3-yl Butanoate', 'Platydesmine', 'Leiokinine A', 'Cabraleadiol', 'schaftoside', ""(2S)-Methyl-8-isopentyl-2-methyl-2-(4'-methylpentyl)chroman-6-carboxylate"", 'Casearupestrin A', '2-oxo-piperol B; (7S*, 8R*, 1R*, 3R*)-3,4,5-trimethoxy-3,7-cyclo-8,1-neolig-8-ene-2,4(3H)-dione', 'taxifolin', ""(2'S)-2-(propan-2'-ol)-5-hydroxy-benzopyran-4-one"", 'Rel-(+)-(7S,9R,10S)-3,9,12-trihydroxycalamenene', '2β-Hydroxyzuelanin-6β-cinnamate', 'arjunolic acid', '1-(5,7-dihydroxy-2,2-dimethylchroman- 6-yl)-3-[4-hydroxy-3-(3-methylbut-2-en-1-yl)- phenyl]propan-1-one', '(3R,4R)-4,7-Dihydroxymellein', ""Nitensoside B; Pedalitin 6-O-α-rhamnopyranosyl(1'''→6'')-β-glucopyranoside"", 'Methyl gallate', '3-O-β-D-quinovopyranosyl cincholic acid', 'Afzelin, 3-O-α-rhamnosyl kaempferol', 'Egonol', '4-Nerolidilcatechol', ""2-(2'-O-transcoumaroyl)-C-β-D-glucopyranosyl-1,3,6,7-tetrahydroxyxanthone"", 'Syringic acid', '(+)-3-O-feruloylcassine', 'Salacin', '6-pentadecylsalicylic acid', 'Methyl-2,2-dimethylchroman-6-carboxylate', 'Griseofulvin', ""7-Hydroxy-4',6-dimethoxyisoflavone; Afrormosin; Afromosin"", '(-)-Epigallocatechin-3-O-gallate', 'Casearin D; (1R*,3S*,5S*,6aR*,7R*,8R*,9S*,10S*,10aR*)-1-(Acetyloxy)-3,5,6,6a,7,8,9,10-octahydro-5,10-dihydroxy-7,8-dimethyl-7-[(2Z)-3-methylpenta-2,4-dien-1-yl]naphtho[1,8a-c]furan-3,9-diyl Dibutanoate', 'Rel. (+)-(7S,10S) 3,12-dihydroxycalamenene', 'carlinoside', 'Methyl-8-(ethanoyloxy)-2,2-dimethyl-2H-chromene-6-carboxylate', 'Amentoflavone', '1-(5,7-dihydroxy-2,2-dimethylchroman-6-yl)-3-(1,1,4a-trimethyl-2,3,4,4a,9a-hexahydro-1H-xanthen-7-yl)propan-1-one', 'Methyl (E)-6,7,8-trimethoxycinnamate', '3,4,5-Trimethoxyphenyl-1-O-β-D-(5-O-syringoyl)-apiofuranosyl-(1→6)-β-D-glucopyranoside', '6-[8(Z),11(Z),14-pentadecatrienyl]salicylic acid', 'Sorbifolin', ""Nitensoside A; Sorbifolin 6-O-α-rhamnopyranosyl(1'''→6'')-β-glucopyranoside"", 'Casearin O; (1R*,3S*,5S*,6aR*,7R*,8R*,9S*,10S*,10aR*)-1,10-Bis(acetyloxy)-5-methoxy-7,8-dimethyl-7-[(2Z)-3-methylpenta-2,4-dien-1-yl]-3,5,6,6a,7,8,9,10-octahydronaphtho[1,8a-c]furan-3,9-diyl Dibutanoate', 'germacrene D', 'Rel-2α-hydroxyzuelanin-6β-benzoate', '2,6-di-O-acetylcasearupestrin D', 'stachysterone', 'Ethyl 2,4-dihydroxy-5,6-dimethylbenzoate', 'Amentoflavone 7”,4”’-dimethyl ether', 'Picramnioside F', 'Lauryl gallate', 'Syringaldehyde', '22-hydroxytirucalla-7,24-diene-2,3-dione', 'Trans-3’-methylsulphonylallyl trans-cinnamate', '(3-(2-(4-hydroxyphenyl)-2-oxoethyl)-5,6-dihydropyridin- 2(1H)-one)', 'Mangiferin', 'Viburgenin', ""Pterogynoside; Kaempferol-3-O-(3''-O-4'''-methylgallate-α-L-rhamnoside)"", 'Isobutyl gallate', '7′-multijuguinone', 'Fagaramide', 'Chalepin', 'Chlorogenic acid', '(4R)-4,8-dihydroxy-α-tetralone', 'Kaempferol', '3-O-β-D-quinovopyranosyl quinovic acid', '2-hydroxyphenylacetic acid']]",doi_name
"['10.1248/bpb.31.538', 'Methyl-8-(ethanoyloxy)-2,2-dimethyl-2H-chromene-6-carboxylate']","['10.1248/bpb.31.538', ['guaiol', 'γ-eudesmol', 'Hinesol', 'α-eudesmol', '11-O-trans-feruloylteucrein', 'Teucrein', 'Galioside aglicone', 'Apodanthoside', 'Galioside', '2,3-dihydro-4,9-dihydroxy-2-(2-hydroxy-propan-2-yl)- 11-methoxy-10-methylfuro[3,2-b]acridin-5(10H)-one', 'bis-5-hydroxyacronycine', 'Citibrasine', 'Chlorogenic acid methyl ester, Methyl (1S,3R,4R,5R)-3-{[(2E)-3-(3,4-dihydroxyphenyl)-2-propenoyl]oxy}-1,4,5-trihydroxycyclohexanecarboxylate', '(-)-3-O-acetyl-spectaline', '5,7-dimethoxy-2,2-dimethyl-2H-1-benzopyran-6-propanoate', 'Clusifoliol', ""Isoswertisin-4'-methyl-ether-2''α-L-rhamnoside"", '2-Episesalatin', 'Sesartemin', ""Isoswertisin-2''α1-L-rhamnoside"", 'Piscidinol A', 'cryptomeridiol', '3,11-dioxoolean-12-en-28- onic acid', 'Iso-odoratol', 'Oleanonic acid', 'Pentaol', 'Nilocetin', 'Hispidol A', 'Stearic acid 4-pentoyloxyphenethyl ester', '21β,25-dimethylmelianodiol', '3,21-Di-epi-feroniellide B', '21α,25-dimethylmelianodiol', 'astilbin; Rel-(2R, 3R)-dihydroquercetin-3-O-±-L-rhamnoside', '9-hydroxyeugenin', 'Mycoleptone A', 'Mycoleptone B', 'Eugenitin', 'Austdiol diacetate', '6-methoxyeugenin', 'Austdiol', 'Mycoleptone A tetraacetate', 'Taraxerol acetate', 'Methyl (3R,4R,5R)-3-{[(2Z)-3-(3,4-dihydroxyphenyl)-2-propenoyl]oxy}-1,4,5-trihydroxycyclohexanecarboxylate', 'Methyl (3R,4R,5R)-3-{[(2E)-3-(3,4-dihydroxyphenyl)-2-propenoyl]oxy}-1,4,5-trihydroxycyclohexanecarboxylate', '3,3-O-dimethylquercetin', 'penduletin 4-O-methyl ether', '2α,3α,19α- trihydroxyurs-12-en-28-oic acid', 'p-hydroxybenzoic acid', 'Chrysoeriol', 'acacetin', '2α,3α-dihydroxyolean-12- en-28-oic acid', '3,7,4-O-trimethylkaempferol', '3-O-methylquercetin', 'Anhydrofusarubin', 'Beauvericin', ""4-Methoxy-3-(3',7'-dimethylocta-2'-E-6'-dienyl)benzoic acid"", 'Methyl-8-hydroxy-2,2-dimethyl-2H-chromene-6-carboxylate', ""3-(3',7 '-dimethyl-2',6 '-octadienyl)-4-methoxy-benzoic acid"", 'cyclo (L)-Pro-Gly', ""Methyl 4-hydroxy-3-(3'-methyl-2'-butenyl)benzoate"", 'Methyl 2,2-dimethyl-1-oxo-2H-1-benzopyran-6-carboxylate', '3,4,5-Trimethoxydihydrocinnamic acid', ""Methyl taboganate; Methyl 4-hydroxy-3-(3'-methyl-1'-oxo-2'-butenyl)benzoate"", 'Piperaduncine B', ""4-Hydroxy-3-(3',7'-dimethylocta-2'-E-6'-dienyl)benzoic acid"", ""Hostmaniene; 4-Hydroxy-3-(2',3'-dihydroxy-3'-methylbutyl)benzoate"", ""2',6'-Dihydroxy-4'-methoxydihydrochalcone"", ""Methyl 4-hydroxy-3-(3'-methyl-2'-hydroxy-3'-butenyl)benzoate"", ""Aduncumene; Methyl 2-methoxy-5-(3'-methyl-1'-oxo-2'-butenyl)benzoate"", ""4-Hydroxy-(3',7'-dimethyl-1'-oxo-octa-2'-Z-6'-dienyl)benzoic acid"", ""3,4-dimethyl-2-(4'-hydroxy-3',5'-dimethoxyphenyl)-5-methoxy-tetrahydrofuran"", 'Xanthyletin', 'Aphidicolin', '(+)-Erythravine', '(+)-α-Hydroxyerysotrine', '(+)-11α-Hydroxyerythravine', 'Secoxyloganin', '7-Methoxydiderroside', ""6'-Acetyl-β-D-glucopyranosyldiderroside"", 'Diderroside', 'Deoxycordifoline', '3,4-dehydro-strictosidine', '3,4-dehydrostrictosidine acid', 'Turbinatine', 'Cordifoline', 'Strictosidine acid', '5α-carboxystrictosidine', 'Harman-3-carboxylic acid', ""3',4'-methylenedioxy-5,6,7- trimethoxyflavone"", ""3',4'-methylenedioxy-5,5',6,7-tetramethoxyflavone"", ""2'-hydroxy-3,4,4'-trimethoxy-5',6'-(2'',2''-dimethylpyrano)-chalcone"", ""3',4'-methylenedioxy-5,7-dimethoxyflavone"", '1,3,5-trihydroxy- 2,8-bis(3-methylbut-2-enyl)-10-methyl-9-acridone', '5-hydroxynoracronycine; Atalaphyllidine', '3,4-dihydro-3,5,8-trihydroxy-6-methoxy-2,2,7-trimethyl-2Hpyrano[ 2,3-a]acridin-12(7H)-one', 'Glycocitrine-IV', 'Pyranofoline', 'Glycocitrine-I', 'Citrusinine-I', '1,3,5-trihydroxy-4-methoxy-10-methyl- 2,8-bis(3-methylbut-2-enyl)acridin-9(10H)-one', 'Citrusinine-II', ""2-(1'-pentenyl)-Quinoline"", '2-n-Pentylquinoline', '2-n-Propylquinoline', ""2-(3',4'-methylenedioxyphenylethyl)-Quinoline"", 'Nitensidine E', 'Nitensidine D', ""4-Hydroxy-3-(3',7'-dimethyl-3'-hydroxy-1'-oxo-6'-octenyl)benzoic acid"", ""Sakuranetin; 5,4'-dihydroxy-7-methoxyflavanone"", ""1,4-Dihydroxy-2-(3',7'-dimethyl-1'-oxo-2'-E-6'-octadienyl)benzene"", ""4-Hydroxy-(3',7'-dimethyl-1'-oxo-octa-2'-E-6'-dienyl)benzoic acid"", ""Isosakuranetin; 5,7-dihydroxy-4'-methoxyflavanone"", 'Nectandrin B', 'Verrucosin', 'Epi-guaiacin', '7-Methyl-sargachromenol; 2,7,8-Trimethyl-2-[(3-E,7-Z)-4,12-dimethyl-8-carboxyl-3,7,11-tridecatrienyl]-3-chromen-6-ol, β-caroteno', ""Rel-(7R,8S,7'S,8'S)-4,5,4',5'-dimethylenedioxy-3,3'-dimethoxy-7,7'-epoxylignan"", ""Rel-(7R,8S,7'S,8'S)-4'-hydroxy-3,4,5,3',5'-pentamethoxy-7,7'-epoxylignan"", ""Rel-(7R,8S,7'S,8'S)-4',5'-methylenedioxy-3,4,5,3'-tetramethoxy-7,7'-epoxylignan"", ""Rel-(7R,8S,7'S,8'S)-4-hydroxy-4',5'-methylenedioxy-3,5,3'-trimethoxy-7,7'-epoxylignan"", ""Rel-(7R,8S,7'S,8'S)-9-hydroxy-4',5'-methylenedioxy-3,4,5,3'-tetramethoxy-7,7'-epoxylignan"", 'Ergosterol peroxide', 'Dimethyl terephthalate', 'Pimara-7,15-dien-3β-ol', '8-hydroxy-6-methoxy-3-methylisocoumarin', '(22E,24R)-ergosta-4,6,8(14),22-tetraen-3-one', '4-metoxi-6-[2-(metilamino)fenil]- 2H-piran-2-ona', ""Juruenolic acid; 2-(4'-Methylpentenyl-3)-10-oxoundecan-2,6-dienoic acid"", ""7,4'-Dihydroxyflavone"", '19´-(3,4-Methylenedioxyphenyl)-nonadecanoic acid', 'Sargachromenol', 'Sargaquinoic acid', '21´-(3,4-Methylenedioxyphenyl)-henicosanoic acid', ""7,4'-Dimethoxyflavone"", 'Farnisine', 'Tithonine', 'Fasciculiferin', '(+)-Guaiacin', '17-(3,4-Methylenedioxyphenyl)-heptadecanoic acid', 'Isopimpinellin', ""3',4',5',3,5,7,8-heptamethoxyflavone"", ""3,5,6,7,3',4',5'-heptamethoxyflavonol"", 'Methacrylic acid', 'Tagitinin C', '1-methoxy-3-hydroxy-3,10b-4,5a-diepoxy-8b-isobutyroyloxygermacr-11(13)-en-6a,12-olide', '5,7-dimethoxy-2,2-dimethyl-2H-1-benzopyran-6-propanoic acid', 'Ferulic acid', 'α-Gardiol', 'β-Gardiol', 'Kaempferol-3-O-D-galactopyranoside', '6-Hydroxy-rutin', 'Kaempferol-3-O-α-L-rhamnopyranosyl-(1-6)-α-L-rhamnopyranosyl-(1-4)-β-D-glucopyranoside', 'Kaempferol-3-O-D-glucopyranoside', 'Quercetin-3-O-α-L-rhamnopyranosyl-(1→6)-β-D-galactopyranoside', 'Procyanidin B-3', 'Kaempferol-3-O-α-L-rhamnopyranosyl-(1→6)-β-D-galactopyranoside', 'Kaempferol-3-O-rutinoside', 'Catechin, Ent-catechin', 'β-caryophyllene, trans-caryophyllene', ""N-[3-(6'-methoxy-3',4'-methy-lenedioxyphenyl)-2(Z)-propenoyl]pyrrolidine"", '4,5-dihydropiperlonguminine; Piperlonguminine', '10,11-dihydropiperine; Δα,β-dihydropiperine', '8,9-dihydropiplartine; N-(12,13,14-trimethoxydihydrocinnamoyl)-Δ3-pyridin-2-one', '4,5-dihydropiperyline', '(E)-piplartine', 'Piperine', '(Z)-piplartine; 8(Z)-N-(12,13, 14-trimethoxycinnamoyl)- 3-pyridin-2-one', 'Pellitorine', '(3Z,5Z)-N-isobutyl-8-(30,40-methylenedioxy-phenyl)-heptadienamide', 'Cusculine; 1,2,3,5,6-pentamethoxy-9-acridone', 'Cuspanine; 1-hydroxy-2,3,5,6-tetramethoxy-9-acridone', '2α,3α-Dihydroxy-urs-12-en-28-oic acid', '3-O-β-D-(6’-methyl)-glucopyranosyl-28-O-β-D-glucopyranosyl-oleanate', 'Oleanolic acid 3-sophoroside', '2-phenyl-4H-chromen-4-one', '5-hydroxyflavone', 'β-Sitosterol benzoate', 'Haplotusine', 'Sinapyl 4-O-β-D-glucopyranoside aldehyde', 'N-acetylnonaine', 'Liriodenine', 'Sinapyl 4-O-β-D-glucopyranoside alcohol', '[10]-gingerol', '3β-hydroxy-stigmast-5-en-7-one; 24-β-7-oxositosterol', 'scillascillin', ""2-(2'-O-trans-caffeoyl)-C-β-D-glucopyranosyl-1,3,6,7-tetrahydroxyxanthone"", 'Netzahualcoyene', 'Casearin X Dialdehyde; (2R*,4aS*,5S*,7R*,8R*,8aS*)-4,4a-Diformyl-1,2,4a,5,6,7,8,8a-octahydro-5-hydroxy-7,8-dimethyl-8-[(2Z)-3-methylpenta-2,4-dien-1-yl]naphthalen-2-yl Butanoate', 'polypodine B', 'n-Propyl gallate', ""3',4',5',5,7,8-hexamethoxyflavone"", 'Isopropyl gallate', '6β-hydroxy-7-epigardoside methyl ester', 'Tetrahydropiperyline, N-[10-(13,14-methylenedioxyphenyl)-pentanoyl]-pyrrolidine', 'Piperovatine', '2,4,6-trimethoxybenzoic acid', '1-O-(E)-caffeoyl-β-D-glucopyranoside', 'Piperol B', ""2,4-Dihydroxy-6-[(1'E,3'E)-penta-1', 3'-dienyl]-benzaldehyde"", 'Nitensidine A', ""8-hydroxy-3,5,7,3',4',5'-hexamethoxyflavonol"", 'Odoratol', 'Leptomerine', '5-hydroxy-N-methylseverifoline', '19,20-Epoxycytochalasin N', 'ellagic acid 4-O-α-L-rhamnopyranoside; eschweilenol C', 'Mayoside C', 'Ourateacatechin', ""3',4',5',5,7-pentamethoxyflavone"", '2-methyl-5-pentadecylresorcinol', 'Ixoside', '2β-Hydroxyzuelanin-6β-cinnamate', 'Cognatine', 'Fagaramide', '5-hydroxymellein', '22β-hydroxypristimerin', '1- (5,7-dihydroxy-2,2-dimethylchroman-6-yl)-3-(2,2-dimethylchroman- 6-yl)propan-1-one', 'Canavaline', 'Di-hydrodehydrodiconiferyl alcohol', 'Quercetin', ""2-(2'-O-trans-cinnamoyl)-C-β-D-glucopyranosyl-1,3,6,7-tetrahydroxyxanthone"", 'Kokusaginine', 'Ocotillone', 'des-N-methylnoracronycine', 'Sorbifolin 6-O-β-glucopyranoside', 'Rel-2α-hydroxyzuelanin-6β-benzoate', '2,6-di-O-acetylcasearupestrin D', ""Methyl-2,2-dimethyl-8-(3'-methylbut-2'-enyl)chroman-6-carboxylate"", '2,7-Di-O-acetylcasearupestrin A', 'Nitensidine B', 'Dibenzyl tetrasulphide', ""2',5-dihydroxy-3-methoxy-8-dimethylallyl-6, 7-(2' ',2''-dimethylpyrano)-dihydroflavonol"", '1-methyl-2-n-nonyl-4-quinolone', '5-[8(Z),11(Z),14-pentadecatrienyl]resorcinol', 'Gallic acid; 3,4,5-trihydroxybenzoic acid', 'Maculosidine', 'Podocarpusflavone A', 'Casearupestrin C', '6α-malonyloxy-n-butyl ester manoyl oxide', 'citrusinine-I', 'Ricinine', 'Leptophyllin A', '5-pentadecylresorcinol', 'Homoegonol', '[8]-gingerol', '4-Hydroxymellein', '1-[3-(3,7-dimethylocta-2,6-dien-1-yl)-2,4,6- trihydroxyphenyl]-3-(4-hydroxyphenyl)propan-1-one', '6α-malonyloxymanoyl oxide', 'Benzylhydroxymethyl sulphide', '1,6-di-O-caffeoyl-β-D-glucopyranoside', '2-methyl-5-[8(Z),11(Z),14-pentadecatrienyl]resorcinol', 'fraxinellonone', 'Dibenzyl sulphide', '(-) Cis-4-hydroxy-6-deoxyscytalone', 'Plumericin', '5-[8(Z),11(Z)-pentadecadienyl]resorcinol', '(-)-Spectalinine', 'Netzahualcoyondiol', '19,20-Epoxycytochalasin D', 'fumiquinozoline F', 'Kaempferol 3-O-α-L-rhamnopyranosyl (1→6)-O-[β -D-glucopyranosyl (1→3)-O-α-L-rhamnopyranosyl-(1→2)]-O-β -D-glucopyranosyl', '3β-O-[α-L-rhamnopyranosyl-(1→2)-O-β-D-glucopyranosyl-(1→2)-O-β-D-glucopyranosyl]-28-O-β-D-glucopyranoside pomolate', ""5-[3''-(β-D-glucopyranosyloxy)propyl]-7-methoxy-2-(3',4'-dimethoxyphenyl)benzofuran"", '3,12-Dihydroxycadalene', '7-hydroxy-3- (11-dimethylallyl)-8-methoxycoumarin', ""N-[7-(3',4'-methylenedioxyphenyl)-2(Z),4(Z)-heptadienoyl]pyrrolidine"", ""Acteoside; [β-3,4-dihydroxyphenyl)-ethyl]-(3'-O-α-L-rhamnopyranosyl)-(4'-O-cafeoyl)-β-D-glycopyranoside, verbascoside"", '20-hydroxyecdysone; polypodine A', '3-Acetyl aleuritolic acid', 'Alkenoic acid', 'Quercetin 3-O-α-L-rhamnopyranosyl (1→6)-O-[β -D-glucopyranosyl (1→3)-O-α-L-rhamnopyranosyl-(1→2)]-O-β -D-glucopyranosyl', '2-n-nonyl-4-quinolone', 'Cytochalasin D', 'Isoorientin', 'urauchimycin A', 'p-Coumaric acid', '(-)-Epigallocatechin', 'Netzahualcoyonol', '1,2-dihydro- 3β-hydroxy-7-deacetoxy-7-oxogedunin', ""5-[3''-(β-D-glucopyranosyloxy)propyl]-7-methoxy-2-(3',4'-methylenedioxyphenyl)benzofuran"", '28-O-β-D-glucopyranosyl quinovic acid', '2-Methyl-4-hydroxy-butyl caffeoate', 'N-1,N-2,N-3-Triisopentenylguanidine', 'Dibenzyl trisulphide', 'Maytenin, Tingenone', 'urauchimycin B', 'Quercitrin, 3-O-α-rhamnosylquercetin', 'Caseobliquin A', 'Methyl angolensate', ""5-(3'' -Hydroxypropyl)-7-methoxy-2-(3',4' -methyl-enedioxyphenyl)benzofuran"", 'Pristimerin; 20α-3-hydroxy-2-oxo-24-nor-friedela-1-10,3,5,7-tetraen-carboxylic acid-29-methylester', '3,4,5-trimethoxyphenyl 1-O-β-D-apiofuranosyl-(1→6)-O-β-D-glucopyranoside', 'β-photogedunin', 'n-Butyl gallate', '6α-acetoxy-14β,15β-epoxyazadirone', ""2-(R)-Methyl-6-(S)-(tetradecyl-13'-one)-3(R)-O-tert-butyldimethylsilyl-piperidine"", 'Heveaflavone', 'Arboreumine', '3-Oxoursolic acid', 'Casearupestrin B', 'toonacilin', 'Uracil', '1-O-(E)-feruloyl-β-D-glucopyranoside', '19,20-Epoxycytochalasin C', 'n-Pentyl gallate', 'Orcinol', 'Periconicin B', 'Phomopsilactone', ""(2S)-8-Isopentyl-2-methyl-2-(4'-methylpentyl)chroman-6-carboxylic acid"", '2,2-dimethyl-2H-chromene-6-carboxylic acid', '3,11,12-Trihydroxycadalene', 'Quercetin 3-O-sophoroside', '(3R,4R)-3,4-Dihydro-4,6-dihydroxy-3-methyl-1-oxo-1H-isochromene-5-carboxylic acid', '24-methylene-3,22-dihydroxycholesterol', 'amorphispironone', 'Casearupestrin D', 'Photogedunin', 'Casearin X; (1R*,3S*,5S*,6aR*,7S*,8S*,10R*,10aR*)-1-(Acetyloxy)-3,5,6,6a,7,8,9,10-octahydro-10-hydroxy-7,8-dimethyl-7-[(2Z)-3-methylpenta-2,4-dien-1-yl]naphtho[1,8a-c]furan-3,5-diyl Dibutanoate', 'Skimmianine', 'p-hydroxybenzoic acid-geranyl ester', 'Dibenzyl disulphide', 'Proanthocyanidin', 'neoisoastilbin', '(R)-7-Hydroxymellein', '6α-acetoxymanoyl oxide', 'Methyl-8-hydroxy-2,2-dimethylchroman-6-carboxylate', 'Dipropyl disulphide', '2-methyl-5-[8(Z),11(Z)-pentadecadienyl]resorcinol', 'Methyl 6,7,8-trimethoxydihydrocinnamate', '2-Hexyl-3-methyl-butanodioic acid', 'fraxinellone', '6-[ 8(Z),11(Z) -pentadecadienyl] salicylic acid', '6-[8(Z)-pentadecenyl]salicylic acid', '(2S)-Methyl-2-methyl-8-(3""-methylbut-2""-enyl)-2-(4\'-methylpent-3\'-enyl)-2H-chromene-6-carboxylate', 'Casearin T', 'Piperyline, N-[10-(13,14-methylenedioxyphenyl)-7(E),9(E)-pentadienoyl]-pyrrolidine', 'ω-fenil alcanoic acid', '2-butyl-D-fructofuranoside', ""Gaudichaudianic acid; (2S)-2-methyl-2-(4'methyl-3'-pentenyl)-8-(3''-methyl-2-butenyl)- 2H-1-benzopyran-6-carboxylic acid"", 'limonexic acid', 'Pedalitin', 'Di(benzyltrithio) methane', 'Muraxanthone', 'Odoratone', 'Rel-6β-hydroxyzuelanin-2β-benzoate', 'shidasterone', '5-hydroxymethyl- 2-furancarboxaldehyde; 5-hydroxymethyl-2-furfuraldehyde', 'atalaphyllinine', 'N-[10- (13,14-methylenedioxyphenyl)-7(E)-pentaenoyl]-pyrrolidine', '2-Methyl-5-methoxy-benzopyran-4-one', 'Chaetoglobosin B', ""2-(2'-O-benzoyl)-C-β-D-glucopyranosyl-1,3,6,7-tetrahydroxyxanthone"", 'Isoplumericin', 'α-L-xylopyranosyl-(4""→20)-(3-O-β-D-glucopyranosyl)-1\'-O-E-caffeoyl-β-D-glucopyranoside', 'epoxy-fraxinellone', '12′-hydroxy-7′-multijuguinone', 'Kaempferitrin', 'Nitensidine C', 'Caseargrewiin F; (1R*,3S*,5S*,6aR*,7S*,8R*,10R*,10aR*)-1,3-Bis(acetyloxy)-3,5,6,6a,7,8,9,10-octahydro-10-hydroxy-7,8-dimethyl-7-[(2Z)-3-methylpenta-2,4-dien-1-yl]naphtho[1,8a-c]furan-5-yl Butanoate', 'Casearin L; (1R*,3S*,5S*,6aR*,7R*,8R*,9S*,10S*,10aR*)-1,10-Bis(acetyloxy)-3,5,6,6a,7,8,9,10-octahydro-9-hydroxy-5-methoxy-7,8-dimethyl-7-[(2Z)-3-methylpenta-2,4-dien-1-yl]naphtho[1,8a-c]-furan-3-yl Butanoate', 'Platydesmine', 'Leiokinine A', 'Cabraleadiol', 'schaftoside', ""(2S)-Methyl-8-isopentyl-2-methyl-2-(4'-methylpentyl)chroman-6-carboxylate"", '3,4,5-Triacetoxybenzoic acid', 'Casearupestrin A', '(2S)-2-methyl-8-(3""-methylbut-2""-enyl)-2-(4\'-methylpent-3\'-enyl)-2H-chromene-6-carboxylic acid', 'Burchellin', '5-[8(Z)-pentadecenyl]resorcinol', 'Luteolin; 2-(3,4-dihydroxyphenyl)-5,7-dihydroxy-4H-chromen-4-one', 'Sinapic acid', '19,20-Epoxycytochalasin Q', '19,20-Epoxycytochalasin R', 'Casearin S', '11β-acetoxyobacunone', '1-(5,7-dihydroxy-2,2-dimethylchroman- 6-yl)-3-[4-hydroxy-3-(3-methylbut-2-en-1-yl)- phenyl]propan-1-one', '(3R,4R)-4,7-Dihydroxymellein', ""Nitensoside B; Pedalitin 6-O-α-rhamnopyranosyl(1'''→6'')-β-glucopyranoside"", 'Amentoflavone', 'Methyl gallate', '3-O-β-D-quinovopyranosyl cincholic acid', 'Afzelin, 3-O-α-rhamnosyl kaempferol', 'Egonol', '4-Nerolidilcatechol', ""2-(2'-O-transcoumaroyl)-C-β-D-glucopyranosyl-1,3,6,7-tetrahydroxyxanthone"", '3,4-dihydroxybenzoic acid geranyl ester', 'N-[10-(13,14-methylenedioxyphenyl)-7(E),9(Z)-pentadienoyl]-pyrrolidine', 'Gedunin', 'Pedalin, pedalitin 6-O-β -glucopyranoside', '1-(5,7-dihydroxy-2,2-dimethylchroman-6-yl)-3-(1,1,4a-trimethyl-2,3,4,4a,9a-hexahydro-1H-xanthen-7-yl)propan-1-one', 'Methyl (E)-6,7,8-trimethoxycinnamate', '3,4,5-Trimethoxyphenyl-1-O-β-D-(5-O-syringoyl)-apiofuranosyl-(1→6)-β-D-glucopyranoside', '6-[8(Z),11(Z),14-pentadecatrienyl]salicylic acid', 'Sorbifolin', ""Nitensoside A; Sorbifolin 6-O-α-rhamnopyranosyl(1'''→6'')-β-glucopyranoside"", 'Casearin O; (1R*,3S*,5S*,6aR*,7R*,8R*,9S*,10S*,10aR*)-1,10-Bis(acetyloxy)-5-methoxy-7,8-dimethyl-7-[(2Z)-3-methylpenta-2,4-dien-1-yl]-3,5,6,6a,7,8,9,10-octahydronaphtho[1,8a-c]furan-3,9-diyl Dibutanoate', 'germacrene D', '6-pentadecylsalicylic acid', 'Methyl-2,2-dimethylchroman-6-carboxylate', ""Myrsinoic acid A, 3-Geranyl-4-hydroxy-5-(3'',3''-dimethylallyl)benzoic acid"", '20α-Hydroxymaytenin; 20-hydroxy-20-epi-tingenone', '2-oxo-piperol B; (7S*, 8R*, 1R*, 3R*)-3,4,5-trimethoxy-3,7-cyclo-8,1-neolig-8-ene-2,4(3H)-dione', 'taxifolin', ""(2'S)-2-(propan-2'-ol)-5-hydroxy-benzopyran-4-one"", 'Rel-(+)-(7S,9R,10S)-3,9,12-trihydroxycalamenene', '(-)-Epigallocatechin-3-O-gallate', 'Casearin D; (1R*,3S*,5S*,6aR*,7R*,8R*,9S*,10S*,10aR*)-1-(Acetyloxy)-3,5,6,6a,7,8,9,10-octahydro-5,10-dihydroxy-7,8-dimethyl-7-[(2Z)-3-methylpenta-2,4-dien-1-yl]naphtho[1,8a-c]furan-3,9-diyl Dibutanoate', 'Rel. (+)-(7S,10S) 3,12-dihydroxycalamenene', 'carlinoside', 'Methyl-8-(ethanoyloxy)-2,2-dimethyl-2H-chromene-6-carboxylate', 'arjunolic acid', 'stachysterone', 'Ethyl 2,4-dihydroxy-5,6-dimethylbenzoate', 'Amentoflavone 7”,4”’-dimethyl ether', 'Picramnioside F', 'Lauryl gallate', 'Syringaldehyde', '22-hydroxytirucalla-7,24-diene-2,3-dione', 'Trans-3’-methylsulphonylallyl trans-cinnamate', 'Syringic acid', '(+)-3-O-feruloylcassine', '(-)-Hardwickiic acid', '(3-(2-(4-hydroxyphenyl)-2-oxoethyl)-5,6-dihydropyridin- 2(1H)-one)', 'Mangiferin', 'Salacin', 'Viburgenin', ""Pterogynoside; Kaempferol-3-O-(3''-O-4'''-methylgallate-α-L-rhamnoside)"", 'Isobutyl gallate', '7′-multijuguinone', 'Griseofulvin', ""7-Hydroxy-4',6-dimethoxyisoflavone; Afrormosin; Afromosin"", '8-methoxymellein', '(±)-Syringaresinol', 'Cyclo-(L-Pro-L-Val)', 'Acetonide of odoratol', '(−)-Grandisin', '24-methylenecycloartan-3b-ol', 'Chalepin', 'Chlorogenic acid', '(4R)-4,8-dihydroxy-α-tetralone', 'Kaempferol', '3-O-β-D-quinovopyranosyl quinovic acid', '2-hydroxyphenylacetic acid', '2-methyl-5-[8(Z)-pentadecenyl]resorcinol']]",doi_name
"['10.1248/bpb.31.538', ""Gaudichaudianic acid; (2S)-2-methyl-2-(4'methyl-3'-pentenyl)-8-(3''-methyl-2-butenyl)- 2H-1-benzopyran-6-carboxylic acid""]","['10.1248/bpb.31.538', ['guaiol', 'γ-eudesmol', 'Hinesol', 'α-eudesmol', '11-O-trans-feruloylteucrein', 'Teucrein', 'Galioside aglicone', 'Apodanthoside', 'Galioside', '2,3-dihydro-4,9-dihydroxy-2-(2-hydroxy-propan-2-yl)- 11-methoxy-10-methylfuro[3,2-b]acridin-5(10H)-one', 'bis-5-hydroxyacronycine', 'Citibrasine', 'Chlorogenic acid methyl ester, Methyl (1S,3R,4R,5R)-3-{[(2E)-3-(3,4-dihydroxyphenyl)-2-propenoyl]oxy}-1,4,5-trihydroxycyclohexanecarboxylate', '(-)-3-O-acetyl-spectaline', '5,7-dimethoxy-2,2-dimethyl-2H-1-benzopyran-6-propanoate', 'Clusifoliol', ""Isoswertisin-4'-methyl-ether-2''α-L-rhamnoside"", '2-Episesalatin', 'Sesartemin', ""Isoswertisin-2''α1-L-rhamnoside"", 'Piscidinol A', 'cryptomeridiol', '3,11-dioxoolean-12-en-28- onic acid', 'Iso-odoratol', 'Oleanonic acid', 'Pentaol', 'Nilocetin', 'Hispidol A', 'Stearic acid 4-pentoyloxyphenethyl ester', '21β,25-dimethylmelianodiol', '3,21-Di-epi-feroniellide B', '21α,25-dimethylmelianodiol', 'astilbin; Rel-(2R, 3R)-dihydroquercetin-3-O-±-L-rhamnoside', '9-hydroxyeugenin', 'Mycoleptone A', 'Mycoleptone B', 'Eugenitin', 'Austdiol diacetate', '6-methoxyeugenin', 'Austdiol', 'Mycoleptone A tetraacetate', 'Taraxerol acetate', 'Methyl (3R,4R,5R)-3-{[(2Z)-3-(3,4-dihydroxyphenyl)-2-propenoyl]oxy}-1,4,5-trihydroxycyclohexanecarboxylate', 'Methyl (3R,4R,5R)-3-{[(2E)-3-(3,4-dihydroxyphenyl)-2-propenoyl]oxy}-1,4,5-trihydroxycyclohexanecarboxylate', '3,3-O-dimethylquercetin', 'penduletin 4-O-methyl ether', '2α,3α,19α- trihydroxyurs-12-en-28-oic acid', 'p-hydroxybenzoic acid', 'Chrysoeriol', 'acacetin', '2α,3α-dihydroxyolean-12- en-28-oic acid', '3,7,4-O-trimethylkaempferol', '3-O-methylquercetin', 'Anhydrofusarubin', 'Beauvericin', ""4-Methoxy-3-(3',7'-dimethylocta-2'-E-6'-dienyl)benzoic acid"", 'Methyl-8-hydroxy-2,2-dimethyl-2H-chromene-6-carboxylate', ""3-(3',7 '-dimethyl-2',6 '-octadienyl)-4-methoxy-benzoic acid"", 'cyclo (L)-Pro-Gly', ""Methyl 4-hydroxy-3-(3'-methyl-2'-butenyl)benzoate"", 'Methyl 2,2-dimethyl-1-oxo-2H-1-benzopyran-6-carboxylate', '3,4,5-Trimethoxydihydrocinnamic acid', ""Methyl taboganate; Methyl 4-hydroxy-3-(3'-methyl-1'-oxo-2'-butenyl)benzoate"", 'Piperaduncine B', ""4-Hydroxy-3-(3',7'-dimethylocta-2'-E-6'-dienyl)benzoic acid"", ""Hostmaniene; 4-Hydroxy-3-(2',3'-dihydroxy-3'-methylbutyl)benzoate"", ""2',6'-Dihydroxy-4'-methoxydihydrochalcone"", ""Methyl 4-hydroxy-3-(3'-methyl-2'-hydroxy-3'-butenyl)benzoate"", ""Aduncumene; Methyl 2-methoxy-5-(3'-methyl-1'-oxo-2'-butenyl)benzoate"", ""4-Hydroxy-(3',7'-dimethyl-1'-oxo-octa-2'-Z-6'-dienyl)benzoic acid"", ""3,4-dimethyl-2-(4'-hydroxy-3',5'-dimethoxyphenyl)-5-methoxy-tetrahydrofuran"", 'Xanthyletin', 'Aphidicolin', '(+)-Erythravine', '(+)-α-Hydroxyerysotrine', '(+)-11α-Hydroxyerythravine', 'Secoxyloganin', '7-Methoxydiderroside', ""6'-Acetyl-β-D-glucopyranosyldiderroside"", 'Diderroside', 'Deoxycordifoline', '3,4-dehydro-strictosidine', '3,4-dehydrostrictosidine acid', 'Turbinatine', 'Cordifoline', 'Strictosidine acid', '5α-carboxystrictosidine', 'Harman-3-carboxylic acid', ""3',4'-methylenedioxy-5,6,7- trimethoxyflavone"", ""3',4'-methylenedioxy-5,5',6,7-tetramethoxyflavone"", ""2'-hydroxy-3,4,4'-trimethoxy-5',6'-(2'',2''-dimethylpyrano)-chalcone"", ""3',4'-methylenedioxy-5,7-dimethoxyflavone"", '1,3,5-trihydroxy- 2,8-bis(3-methylbut-2-enyl)-10-methyl-9-acridone', '5-hydroxynoracronycine; Atalaphyllidine', '3,4-dihydro-3,5,8-trihydroxy-6-methoxy-2,2,7-trimethyl-2Hpyrano[ 2,3-a]acridin-12(7H)-one', 'Glycocitrine-IV', 'Pyranofoline', 'Glycocitrine-I', 'Citrusinine-I', '1,3,5-trihydroxy-4-methoxy-10-methyl- 2,8-bis(3-methylbut-2-enyl)acridin-9(10H)-one', 'Citrusinine-II', ""2-(1'-pentenyl)-Quinoline"", '2-n-Pentylquinoline', '2-n-Propylquinoline', ""2-(3',4'-methylenedioxyphenylethyl)-Quinoline"", 'Nitensidine E', 'Nitensidine D', ""4-Hydroxy-3-(3',7'-dimethyl-3'-hydroxy-1'-oxo-6'-octenyl)benzoic acid"", ""Sakuranetin; 5,4'-dihydroxy-7-methoxyflavanone"", ""1,4-Dihydroxy-2-(3',7'-dimethyl-1'-oxo-2'-E-6'-octadienyl)benzene"", ""4-Hydroxy-(3',7'-dimethyl-1'-oxo-octa-2'-E-6'-dienyl)benzoic acid"", ""Isosakuranetin; 5,7-dihydroxy-4'-methoxyflavanone"", 'Nectandrin B', 'Verrucosin', 'Epi-guaiacin', '7-Methyl-sargachromenol; 2,7,8-Trimethyl-2-[(3-E,7-Z)-4,12-dimethyl-8-carboxyl-3,7,11-tridecatrienyl]-3-chromen-6-ol, β-caroteno', ""Rel-(7R,8S,7'S,8'S)-4,5,4',5'-dimethylenedioxy-3,3'-dimethoxy-7,7'-epoxylignan"", ""Rel-(7R,8S,7'S,8'S)-4'-hydroxy-3,4,5,3',5'-pentamethoxy-7,7'-epoxylignan"", ""Rel-(7R,8S,7'S,8'S)-4',5'-methylenedioxy-3,4,5,3'-tetramethoxy-7,7'-epoxylignan"", ""Rel-(7R,8S,7'S,8'S)-4-hydroxy-4',5'-methylenedioxy-3,5,3'-trimethoxy-7,7'-epoxylignan"", ""Rel-(7R,8S,7'S,8'S)-9-hydroxy-4',5'-methylenedioxy-3,4,5,3'-tetramethoxy-7,7'-epoxylignan"", 'Ergosterol peroxide', 'Dimethyl terephthalate', 'Pimara-7,15-dien-3β-ol', '8-hydroxy-6-methoxy-3-methylisocoumarin', '(22E,24R)-ergosta-4,6,8(14),22-tetraen-3-one', '4-metoxi-6-[2-(metilamino)fenil]- 2H-piran-2-ona', ""Juruenolic acid; 2-(4'-Methylpentenyl-3)-10-oxoundecan-2,6-dienoic acid"", ""7,4'-Dihydroxyflavone"", '19´-(3,4-Methylenedioxyphenyl)-nonadecanoic acid', 'Sargachromenol', 'Sargaquinoic acid', '21´-(3,4-Methylenedioxyphenyl)-henicosanoic acid', ""7,4'-Dimethoxyflavone"", 'Farnisine', 'Tithonine', 'Fasciculiferin', '(+)-Guaiacin', '17-(3,4-Methylenedioxyphenyl)-heptadecanoic acid', 'Isopimpinellin', ""3',4',5',3,5,7,8-heptamethoxyflavone"", ""3,5,6,7,3',4',5'-heptamethoxyflavonol"", 'Methacrylic acid', 'Tagitinin C', '1-methoxy-3-hydroxy-3,10b-4,5a-diepoxy-8b-isobutyroyloxygermacr-11(13)-en-6a,12-olide', '5,7-dimethoxy-2,2-dimethyl-2H-1-benzopyran-6-propanoic acid', 'Ferulic acid', 'α-Gardiol', 'β-Gardiol', 'Kaempferol-3-O-D-galactopyranoside', '6-Hydroxy-rutin', 'Kaempferol-3-O-α-L-rhamnopyranosyl-(1-6)-α-L-rhamnopyranosyl-(1-4)-β-D-glucopyranoside', 'Kaempferol-3-O-D-glucopyranoside', 'Quercetin-3-O-α-L-rhamnopyranosyl-(1→6)-β-D-galactopyranoside', 'Procyanidin B-3', 'Kaempferol-3-O-α-L-rhamnopyranosyl-(1→6)-β-D-galactopyranoside', 'Kaempferol-3-O-rutinoside', 'Catechin, Ent-catechin', 'β-caryophyllene, trans-caryophyllene', ""N-[3-(6'-methoxy-3',4'-methy-lenedioxyphenyl)-2(Z)-propenoyl]pyrrolidine"", '4,5-dihydropiperlonguminine; Piperlonguminine', '10,11-dihydropiperine; Δα,β-dihydropiperine', '8,9-dihydropiplartine; N-(12,13,14-trimethoxydihydrocinnamoyl)-Δ3-pyridin-2-one', '4,5-dihydropiperyline', '(E)-piplartine', 'Piperine', '(Z)-piplartine; 8(Z)-N-(12,13, 14-trimethoxycinnamoyl)- 3-pyridin-2-one', 'Pellitorine', '(3Z,5Z)-N-isobutyl-8-(30,40-methylenedioxy-phenyl)-heptadienamide', 'Cusculine; 1,2,3,5,6-pentamethoxy-9-acridone', 'Cuspanine; 1-hydroxy-2,3,5,6-tetramethoxy-9-acridone', '2α,3α-Dihydroxy-urs-12-en-28-oic acid', '3-O-β-D-(6’-methyl)-glucopyranosyl-28-O-β-D-glucopyranosyl-oleanate', 'Oleanolic acid 3-sophoroside', '2-phenyl-4H-chromen-4-one', '5-hydroxyflavone', 'β-Sitosterol benzoate', 'Haplotusine', 'Sinapyl 4-O-β-D-glucopyranoside aldehyde', 'N-acetylnonaine', 'Liriodenine', 'Sinapyl 4-O-β-D-glucopyranoside alcohol', '[10]-gingerol', '3β-hydroxy-stigmast-5-en-7-one; 24-β-7-oxositosterol', 'scillascillin', ""2-(2'-O-trans-caffeoyl)-C-β-D-glucopyranosyl-1,3,6,7-tetrahydroxyxanthone"", 'Netzahualcoyene', 'Casearin X Dialdehyde; (2R*,4aS*,5S*,7R*,8R*,8aS*)-4,4a-Diformyl-1,2,4a,5,6,7,8,8a-octahydro-5-hydroxy-7,8-dimethyl-8-[(2Z)-3-methylpenta-2,4-dien-1-yl]naphthalen-2-yl Butanoate', 'polypodine B', 'n-Propyl gallate', ""3',4',5',5,7,8-hexamethoxyflavone"", 'Isopropyl gallate', '6β-hydroxy-7-epigardoside methyl ester', 'Tetrahydropiperyline, N-[10-(13,14-methylenedioxyphenyl)-pentanoyl]-pyrrolidine', 'Piperovatine', '2,4,6-trimethoxybenzoic acid', '1-O-(E)-caffeoyl-β-D-glucopyranoside', 'Piperol B', ""2,4-Dihydroxy-6-[(1'E,3'E)-penta-1', 3'-dienyl]-benzaldehyde"", 'Nitensidine A', ""8-hydroxy-3,5,7,3',4',5'-hexamethoxyflavonol"", 'Odoratol', 'Leptomerine', '5-hydroxy-N-methylseverifoline', '19,20-Epoxycytochalasin N', 'ellagic acid 4-O-α-L-rhamnopyranoside; eschweilenol C', 'Mayoside C', 'Ourateacatechin', ""3',4',5',5,7-pentamethoxyflavone"", '2-methyl-5-pentadecylresorcinol', 'Ixoside', '2β-Hydroxyzuelanin-6β-cinnamate', 'Cognatine', 'Fagaramide', '5-hydroxymellein', '22β-hydroxypristimerin', '1- (5,7-dihydroxy-2,2-dimethylchroman-6-yl)-3-(2,2-dimethylchroman- 6-yl)propan-1-one', 'Canavaline', 'Di-hydrodehydrodiconiferyl alcohol', 'Quercetin', ""2-(2'-O-trans-cinnamoyl)-C-β-D-glucopyranosyl-1,3,6,7-tetrahydroxyxanthone"", 'Kokusaginine', 'Ocotillone', 'des-N-methylnoracronycine', 'Sorbifolin 6-O-β-glucopyranoside', 'Rel-2α-hydroxyzuelanin-6β-benzoate', '2,6-di-O-acetylcasearupestrin D', ""Methyl-2,2-dimethyl-8-(3'-methylbut-2'-enyl)chroman-6-carboxylate"", '2,7-Di-O-acetylcasearupestrin A', 'Nitensidine B', 'Dibenzyl tetrasulphide', ""2',5-dihydroxy-3-methoxy-8-dimethylallyl-6, 7-(2' ',2''-dimethylpyrano)-dihydroflavonol"", '1-methyl-2-n-nonyl-4-quinolone', '5-[8(Z),11(Z),14-pentadecatrienyl]resorcinol', 'Gallic acid; 3,4,5-trihydroxybenzoic acid', 'Maculosidine', 'Podocarpusflavone A', 'Casearupestrin C', '6α-malonyloxy-n-butyl ester manoyl oxide', 'citrusinine-I', 'Ricinine', 'Leptophyllin A', '5-pentadecylresorcinol', 'Homoegonol', '[8]-gingerol', '4-Hydroxymellein', '1-[3-(3,7-dimethylocta-2,6-dien-1-yl)-2,4,6- trihydroxyphenyl]-3-(4-hydroxyphenyl)propan-1-one', '6α-malonyloxymanoyl oxide', 'Benzylhydroxymethyl sulphide', '1,6-di-O-caffeoyl-β-D-glucopyranoside', '2-methyl-5-[8(Z),11(Z),14-pentadecatrienyl]resorcinol', 'fraxinellonone', 'Dibenzyl sulphide', '(-) Cis-4-hydroxy-6-deoxyscytalone', 'Plumericin', '5-[8(Z),11(Z)-pentadecadienyl]resorcinol', '(-)-Spectalinine', 'Netzahualcoyondiol', '19,20-Epoxycytochalasin D', 'fumiquinozoline F', 'Kaempferol 3-O-α-L-rhamnopyranosyl (1→6)-O-[β -D-glucopyranosyl (1→3)-O-α-L-rhamnopyranosyl-(1→2)]-O-β -D-glucopyranosyl', '3β-O-[α-L-rhamnopyranosyl-(1→2)-O-β-D-glucopyranosyl-(1→2)-O-β-D-glucopyranosyl]-28-O-β-D-glucopyranoside pomolate', ""5-[3''-(β-D-glucopyranosyloxy)propyl]-7-methoxy-2-(3',4'-dimethoxyphenyl)benzofuran"", '3,12-Dihydroxycadalene', '7-hydroxy-3- (11-dimethylallyl)-8-methoxycoumarin', ""N-[7-(3',4'-methylenedioxyphenyl)-2(Z),4(Z)-heptadienoyl]pyrrolidine"", ""Acteoside; [β-3,4-dihydroxyphenyl)-ethyl]-(3'-O-α-L-rhamnopyranosyl)-(4'-O-cafeoyl)-β-D-glycopyranoside, verbascoside"", '20-hydroxyecdysone; polypodine A', '3-Acetyl aleuritolic acid', 'Alkenoic acid', 'Quercetin 3-O-α-L-rhamnopyranosyl (1→6)-O-[β -D-glucopyranosyl (1→3)-O-α-L-rhamnopyranosyl-(1→2)]-O-β -D-glucopyranosyl', '2-n-nonyl-4-quinolone', 'Cytochalasin D', 'Isoorientin', 'urauchimycin A', 'p-Coumaric acid', '(-)-Epigallocatechin', 'Netzahualcoyonol', '1,2-dihydro- 3β-hydroxy-7-deacetoxy-7-oxogedunin', ""5-[3''-(β-D-glucopyranosyloxy)propyl]-7-methoxy-2-(3',4'-methylenedioxyphenyl)benzofuran"", '28-O-β-D-glucopyranosyl quinovic acid', '2-Methyl-4-hydroxy-butyl caffeoate', 'N-1,N-2,N-3-Triisopentenylguanidine', 'Dibenzyl trisulphide', 'Maytenin, Tingenone', 'urauchimycin B', 'Quercitrin, 3-O-α-rhamnosylquercetin', 'Caseobliquin A', 'Methyl angolensate', ""5-(3'' -Hydroxypropyl)-7-methoxy-2-(3',4' -methyl-enedioxyphenyl)benzofuran"", 'Pristimerin; 20α-3-hydroxy-2-oxo-24-nor-friedela-1-10,3,5,7-tetraen-carboxylic acid-29-methylester', '3,4,5-trimethoxyphenyl 1-O-β-D-apiofuranosyl-(1→6)-O-β-D-glucopyranoside', 'β-photogedunin', 'n-Butyl gallate', '6α-acetoxy-14β,15β-epoxyazadirone', ""2-(R)-Methyl-6-(S)-(tetradecyl-13'-one)-3(R)-O-tert-butyldimethylsilyl-piperidine"", 'Heveaflavone', 'Arboreumine', '3-Oxoursolic acid', 'Casearupestrin B', 'toonacilin', 'Uracil', '1-O-(E)-feruloyl-β-D-glucopyranoside', '19,20-Epoxycytochalasin C', 'n-Pentyl gallate', 'Orcinol', 'Periconicin B', 'Phomopsilactone', ""(2S)-8-Isopentyl-2-methyl-2-(4'-methylpentyl)chroman-6-carboxylic acid"", '2,2-dimethyl-2H-chromene-6-carboxylic acid', '3,11,12-Trihydroxycadalene', 'Quercetin 3-O-sophoroside', '(3R,4R)-3,4-Dihydro-4,6-dihydroxy-3-methyl-1-oxo-1H-isochromene-5-carboxylic acid', '24-methylene-3,22-dihydroxycholesterol', 'amorphispironone', 'Casearupestrin D', 'Photogedunin', 'Casearin X; (1R*,3S*,5S*,6aR*,7S*,8S*,10R*,10aR*)-1-(Acetyloxy)-3,5,6,6a,7,8,9,10-octahydro-10-hydroxy-7,8-dimethyl-7-[(2Z)-3-methylpenta-2,4-dien-1-yl]naphtho[1,8a-c]furan-3,5-diyl Dibutanoate', 'Skimmianine', 'p-hydroxybenzoic acid-geranyl ester', 'Dibenzyl disulphide', 'Proanthocyanidin', 'neoisoastilbin', '(R)-7-Hydroxymellein', '6α-acetoxymanoyl oxide', 'Methyl-8-hydroxy-2,2-dimethylchroman-6-carboxylate', 'Dipropyl disulphide', '2-methyl-5-[8(Z),11(Z)-pentadecadienyl]resorcinol', 'Methyl 6,7,8-trimethoxydihydrocinnamate', '2-Hexyl-3-methyl-butanodioic acid', 'fraxinellone', '6-[ 8(Z),11(Z) -pentadecadienyl] salicylic acid', '6-[8(Z)-pentadecenyl]salicylic acid', '(2S)-Methyl-2-methyl-8-(3""-methylbut-2""-enyl)-2-(4\'-methylpent-3\'-enyl)-2H-chromene-6-carboxylate', 'Casearin T', 'Piperyline, N-[10-(13,14-methylenedioxyphenyl)-7(E),9(E)-pentadienoyl]-pyrrolidine', 'ω-fenil alcanoic acid', '2-butyl-D-fructofuranoside', ""Gaudichaudianic acid; (2S)-2-methyl-2-(4'methyl-3'-pentenyl)-8-(3''-methyl-2-butenyl)- 2H-1-benzopyran-6-carboxylic acid"", 'limonexic acid', 'Pedalitin', 'Di(benzyltrithio) methane', 'Muraxanthone', 'Odoratone', 'Rel-6β-hydroxyzuelanin-2β-benzoate', 'shidasterone', '5-hydroxymethyl- 2-furancarboxaldehyde; 5-hydroxymethyl-2-furfuraldehyde', 'atalaphyllinine', 'N-[10- (13,14-methylenedioxyphenyl)-7(E)-pentaenoyl]-pyrrolidine', '2-Methyl-5-methoxy-benzopyran-4-one', 'Chaetoglobosin B', ""2-(2'-O-benzoyl)-C-β-D-glucopyranosyl-1,3,6,7-tetrahydroxyxanthone"", 'Isoplumericin', 'α-L-xylopyranosyl-(4""→20)-(3-O-β-D-glucopyranosyl)-1\'-O-E-caffeoyl-β-D-glucopyranoside', 'epoxy-fraxinellone', '12′-hydroxy-7′-multijuguinone', 'Kaempferitrin', 'Nitensidine C', 'Caseargrewiin F; (1R*,3S*,5S*,6aR*,7S*,8R*,10R*,10aR*)-1,3-Bis(acetyloxy)-3,5,6,6a,7,8,9,10-octahydro-10-hydroxy-7,8-dimethyl-7-[(2Z)-3-methylpenta-2,4-dien-1-yl]naphtho[1,8a-c]furan-5-yl Butanoate', 'Casearin L; (1R*,3S*,5S*,6aR*,7R*,8R*,9S*,10S*,10aR*)-1,10-Bis(acetyloxy)-3,5,6,6a,7,8,9,10-octahydro-9-hydroxy-5-methoxy-7,8-dimethyl-7-[(2Z)-3-methylpenta-2,4-dien-1-yl]naphtho[1,8a-c]-furan-3-yl Butanoate', 'Platydesmine', 'Leiokinine A', 'Cabraleadiol', 'schaftoside', ""(2S)-Methyl-8-isopentyl-2-methyl-2-(4'-methylpentyl)chroman-6-carboxylate"", '3,4,5-Triacetoxybenzoic acid', 'Casearupestrin A', '(2S)-2-methyl-8-(3""-methylbut-2""-enyl)-2-(4\'-methylpent-3\'-enyl)-2H-chromene-6-carboxylic acid', 'Burchellin', '5-[8(Z)-pentadecenyl]resorcinol', 'Luteolin; 2-(3,4-dihydroxyphenyl)-5,7-dihydroxy-4H-chromen-4-one', 'Sinapic acid', '19,20-Epoxycytochalasin Q', '19,20-Epoxycytochalasin R', 'Casearin S', '11β-acetoxyobacunone', '1-(5,7-dihydroxy-2,2-dimethylchroman- 6-yl)-3-[4-hydroxy-3-(3-methylbut-2-en-1-yl)- phenyl]propan-1-one', '(3R,4R)-4,7-Dihydroxymellein', ""Nitensoside B; Pedalitin 6-O-α-rhamnopyranosyl(1'''→6'')-β-glucopyranoside"", 'Amentoflavone', 'Methyl gallate', '3-O-β-D-quinovopyranosyl cincholic acid', 'Afzelin, 3-O-α-rhamnosyl kaempferol', 'Egonol', '4-Nerolidilcatechol', ""2-(2'-O-transcoumaroyl)-C-β-D-glucopyranosyl-1,3,6,7-tetrahydroxyxanthone"", '3,4-dihydroxybenzoic acid geranyl ester', 'N-[10-(13,14-methylenedioxyphenyl)-7(E),9(Z)-pentadienoyl]-pyrrolidine', 'Gedunin', 'Pedalin, pedalitin 6-O-β -glucopyranoside', '1-(5,7-dihydroxy-2,2-dimethylchroman-6-yl)-3-(1,1,4a-trimethyl-2,3,4,4a,9a-hexahydro-1H-xanthen-7-yl)propan-1-one', 'Methyl (E)-6,7,8-trimethoxycinnamate', '3,4,5-Trimethoxyphenyl-1-O-β-D-(5-O-syringoyl)-apiofuranosyl-(1→6)-β-D-glucopyranoside', '6-[8(Z),11(Z),14-pentadecatrienyl]salicylic acid', 'Sorbifolin', ""Nitensoside A; Sorbifolin 6-O-α-rhamnopyranosyl(1'''→6'')-β-glucopyranoside"", 'Casearin O; (1R*,3S*,5S*,6aR*,7R*,8R*,9S*,10S*,10aR*)-1,10-Bis(acetyloxy)-5-methoxy-7,8-dimethyl-7-[(2Z)-3-methylpenta-2,4-dien-1-yl]-3,5,6,6a,7,8,9,10-octahydronaphtho[1,8a-c]furan-3,9-diyl Dibutanoate', 'germacrene D', '6-pentadecylsalicylic acid', 'Methyl-2,2-dimethylchroman-6-carboxylate', ""Myrsinoic acid A, 3-Geranyl-4-hydroxy-5-(3'',3''-dimethylallyl)benzoic acid"", '20α-Hydroxymaytenin; 20-hydroxy-20-epi-tingenone', '2-oxo-piperol B; (7S*, 8R*, 1R*, 3R*)-3,4,5-trimethoxy-3,7-cyclo-8,1-neolig-8-ene-2,4(3H)-dione', 'taxifolin', ""(2'S)-2-(propan-2'-ol)-5-hydroxy-benzopyran-4-one"", 'Rel-(+)-(7S,9R,10S)-3,9,12-trihydroxycalamenene', '(-)-Epigallocatechin-3-O-gallate', 'Casearin D; (1R*,3S*,5S*,6aR*,7R*,8R*,9S*,10S*,10aR*)-1-(Acetyloxy)-3,5,6,6a,7,8,9,10-octahydro-5,10-dihydroxy-7,8-dimethyl-7-[(2Z)-3-methylpenta-2,4-dien-1-yl]naphtho[1,8a-c]furan-3,9-diyl Dibutanoate', 'Rel. (+)-(7S,10S) 3,12-dihydroxycalamenene', 'carlinoside', 'Methyl-8-(ethanoyloxy)-2,2-dimethyl-2H-chromene-6-carboxylate', 'arjunolic acid', 'stachysterone', 'Ethyl 2,4-dihydroxy-5,6-dimethylbenzoate', 'Amentoflavone 7”,4”’-dimethyl ether', 'Picramnioside F', 'Lauryl gallate', 'Syringaldehyde', '22-hydroxytirucalla-7,24-diene-2,3-dione', 'Trans-3’-methylsulphonylallyl trans-cinnamate', 'Syringic acid', '(+)-3-O-feruloylcassine', '(-)-Hardwickiic acid', '(3-(2-(4-hydroxyphenyl)-2-oxoethyl)-5,6-dihydropyridin- 2(1H)-one)', 'Mangiferin', 'Salacin', 'Viburgenin', ""Pterogynoside; Kaempferol-3-O-(3''-O-4'''-methylgallate-α-L-rhamnoside)"", 'Isobutyl gallate', '7′-multijuguinone', 'Griseofulvin', ""7-Hydroxy-4',6-dimethoxyisoflavone; Afrormosin; Afromosin"", '8-methoxymellein', '(±)-Syringaresinol', 'Cyclo-(L-Pro-L-Val)', 'Acetonide of odoratol', '(−)-Grandisin', '24-methylenecycloartan-3b-ol', 'Chalepin', 'Chlorogenic acid', '(4R)-4,8-dihydroxy-α-tetralone', 'Kaempferol', '3-O-β-D-quinovopyranosyl quinovic acid', '2-hydroxyphenylacetic acid', '2-methyl-5-[8(Z)-pentadecenyl]resorcinol']]",doi_name
"['10.1515/znb-2005-0715', 'Syringaldehyde']","['10.1515/znb-2005-0715', ['guaiol', 'Hinesol', 'γ-eudesmol', 'α-eudesmol', 'Galioside aglicone', 'Teucrein', '11-O-trans-feruloylteucrein', 'Galioside', 'Apodanthoside', ""3,4-dimethyl-2-(4'-hydroxy-3',5'-dimethoxyphenyl)-5-methoxy-tetrahydrofuran"", '2α,3α,19α- trihydroxyurs-12-en-28-oic acid', 'penduletin 4-O-methyl ether', '3,3-O-dimethylquercetin', '3-O-methylquercetin', '3,7,4-O-trimethylkaempferol', 'p-hydroxybenzoic acid', 'acacetin', '2α,3α-dihydroxyolean-12- en-28-oic acid', 'Chrysoeriol', 'Kaempferol-3-O-rutinoside', 'Catechin, Ent-catechin', 'Kaempferol-3-O-α-L-rhamnopyranosyl-(1→6)-β-D-galactopyranoside', 'Kaempferol-3-O-D-glucopyranoside', 'Kaempferol-3-O-D-galactopyranoside', '6-Hydroxy-rutin', 'Quercetin-3-O-α-L-rhamnopyranosyl-(1→6)-β-D-galactopyranoside', 'Procyanidin B-3', 'Kaempferol-3-O-α-L-rhamnopyranosyl-(1-6)-α-L-rhamnopyranosyl-(1-4)-β-D-glucopyranoside', ""3,5,6,7,3',4',5'-heptamethoxyflavonol"", ""3',4',5',3,5,7,8-heptamethoxyflavone"", 'Nitensidine D', 'Nitensidine E', 'Anhydrofusarubin', 'Beauvericin', '(+)-α-Hydroxyerysotrine', '(+)-11α-Hydroxyerythravine', '(+)-Erythravine', '21β,25-dimethylmelianodiol', '3,21-Di-epi-feroniellide B', '21α,25-dimethylmelianodiol', 'Turbinatine', 'Harman-3-carboxylic acid', 'Cordifoline', '3,4-dehydrostrictosidine acid', '3,4-dehydro-strictosidine', '5α-carboxystrictosidine', 'Strictosidine acid', 'Deoxycordifoline', '8-hydroxy-6-methoxy-3-methylisocoumarin', 'Dimethyl terephthalate', '(22E,24R)-ergosta-4,6,8(14),22-tetraen-3-one', 'Ergosterol peroxide', 'Pimara-7,15-dien-3β-ol', 'Taraxerol acetate', 'Aphidicolin', '1-methoxy-3-hydroxy-3,10b-4,5a-diepoxy-8b-isobutyroyloxygermacr-11(13)-en-6a,12-olide', 'Tagitinin C', '2-Episesalatin', ""Isoswertisin-2''α1-L-rhamnoside"", ""Isoswertisin-4'-methyl-ether-2''α-L-rhamnoside"", 'Sesartemin', 'Clusifoliol', '4-metoxi-6-[2-(metilamino)fenil]- 2H-piran-2-ona', ""2-(3',4'-methylenedioxyphenylethyl)-Quinoline"", ""2-(1'-pentenyl)-Quinoline"", '2-n-Propylquinoline', '2-n-Pentylquinoline', 'Mycoleptone A', '9-hydroxyeugenin', 'Austdiol diacetate', '6-methoxyeugenin', 'Eugenitin', 'Mycoleptone B', 'Mycoleptone A tetraacetate', 'Austdiol', 'Methyl (3R,4R,5R)-3-{[(2Z)-3-(3,4-dihydroxyphenyl)-2-propenoyl]oxy}-1,4,5-trihydroxycyclohexanecarboxylate', 'Methyl (3R,4R,5R)-3-{[(2E)-3-(3,4-dihydroxyphenyl)-2-propenoyl]oxy}-1,4,5-trihydroxycyclohexanecarboxylate', '(-)-3-O-acetyl-spectaline', 'Secoxyloganin', '7-Methoxydiderroside', ""6'-Acetyl-β-D-glucopyranosyldiderroside"", 'Diderroside', 'Chlorogenic acid methyl ester, Methyl (1S,3R,4R,5R)-3-{[(2E)-3-(3,4-dihydroxyphenyl)-2-propenoyl]oxy}-1,4,5-trihydroxycyclohexanecarboxylate', '5,7-dimethoxy-2,2-dimethyl-2H-1-benzopyran-6-propanoate', '(3Z,5Z)-N-isobutyl-8-(30,40-methylenedioxy-phenyl)-heptadienamide', 'Pellitorine', '10,11-dihydropiperine; Δα,β-dihydropiperine', '(Z)-piplartine; 8(Z)-N-(12,13, 14-trimethoxycinnamoyl)- 3-pyridin-2-one', '4,5-dihydropiperlonguminine; Piperlonguminine', 'Piperine', ""N-[3-(6'-methoxy-3',4'-methy-lenedioxyphenyl)-2(Z)-propenoyl]pyrrolidine"", '8,9-dihydropiplartine; N-(12,13,14-trimethoxydihydrocinnamoyl)-Δ3-pyridin-2-one', '4,5-dihydropiperyline', '(E)-piplartine', ""3',4'-methylenedioxy-5,5',6,7-tetramethoxyflavone"", ""2'-hydroxy-3,4,4'-trimethoxy-5',6'-(2'',2''-dimethylpyrano)-chalcone"", ""3',4'-methylenedioxy-5,6,7- trimethoxyflavone"", ""3',4'-methylenedioxy-5,7-dimethoxyflavone"", ""4-Hydroxy-3-(3',7'-dimethyl-3'-hydroxy-1'-oxo-6'-octenyl)benzoic acid"", ""4-Hydroxy-(3',7'-dimethyl-1'-oxo-octa-2'-E-6'-dienyl)benzoic acid"", ""Sakuranetin; 5,4'-dihydroxy-7-methoxyflavanone"", ""Isosakuranetin; 5,7-dihydroxy-4'-methoxyflavanone"", ""1,4-Dihydroxy-2-(3',7'-dimethyl-1'-oxo-2'-E-6'-octadienyl)benzene"", 'α-Gardiol', 'β-Gardiol', 'Ferulic acid', ""Aduncumene; Methyl 2-methoxy-5-(3'-methyl-1'-oxo-2'-butenyl)benzoate"", ""4-Hydroxy-(3',7'-dimethyl-1'-oxo-octa-2'-Z-6'-dienyl)benzoic acid"", ""Methyl 4-hydroxy-3-(3'-methyl-2'-hydroxy-3'-butenyl)benzoate"", ""Methyl taboganate; Methyl 4-hydroxy-3-(3'-methyl-1'-oxo-2'-butenyl)benzoate"", 'Piperaduncine B', ""Hostmaniene; 4-Hydroxy-3-(2',3'-dihydroxy-3'-methylbutyl)benzoate"", '3,4,5-Trimethoxydihydrocinnamic acid', ""Methyl 4-hydroxy-3-(3'-methyl-2'-butenyl)benzoate"", ""2',6'-Dihydroxy-4'-methoxydihydrochalcone"", 'Methyl 2,2-dimethyl-1-oxo-2H-1-benzopyran-6-carboxylate', ""4-Hydroxy-3-(3',7'-dimethylocta-2'-E-6'-dienyl)benzoic acid"", '5,7-dimethoxy-2,2-dimethyl-2H-1-benzopyran-6-propanoic acid', 'Nectandrin B', 'Epi-guaiacin', 'Verrucosin', '7-Methyl-sargachromenol; 2,7,8-Trimethyl-2-[(3-E,7-Z)-4,12-dimethyl-8-carboxyl-3,7,11-tridecatrienyl]-3-chromen-6-ol, β-caroteno', ""Rel-(7R,8S,7'S,8'S)-9-hydroxy-4',5'-methylenedioxy-3,4,5,3'-tetramethoxy-7,7'-epoxylignan"", ""Rel-(7R,8S,7'S,8'S)-4-hydroxy-4',5'-methylenedioxy-3,5,3'-trimethoxy-7,7'-epoxylignan"", ""Rel-(7R,8S,7'S,8'S)-4,5,4',5'-dimethylenedioxy-3,3'-dimethoxy-7,7'-epoxylignan"", ""Rel-(7R,8S,7'S,8'S)-4'-hydroxy-3,4,5,3',5'-pentamethoxy-7,7'-epoxylignan"", ""Rel-(7R,8S,7'S,8'S)-4',5'-methylenedioxy-3,4,5,3'-tetramethoxy-7,7'-epoxylignan"", 'astilbin; Rel-(2R, 3R)-dihydroquercetin-3-O-±-L-rhamnoside', '19´-(3,4-Methylenedioxyphenyl)-nonadecanoic acid', 'Sargaquinoic acid', 'Sargachromenol', ""7,4'-Dihydroxyflavone"", 'Farnisine', '21´-(3,4-Methylenedioxyphenyl)-henicosanoic acid', '(+)-Guaiacin', ""7,4'-Dimethoxyflavone"", 'Fasciculiferin', 'Tithonine', ""Juruenolic acid; 2-(4'-Methylpentenyl-3)-10-oxoundecan-2,6-dienoic acid"", '17-(3,4-Methylenedioxyphenyl)-heptadecanoic acid', 'Citrusinine-II', 'Citrusinine-I', '1,3,5-trihydroxy- 2,8-bis(3-methylbut-2-enyl)-10-methyl-9-acridone', 'Pyranofoline', '3,4-dihydro-3,5,8-trihydroxy-6-methoxy-2,2,7-trimethyl-2Hpyrano[ 2,3-a]acridin-12(7H)-one', '5-hydroxynoracronycine; Atalaphyllidine', 'Glycocitrine-I', 'Glycocitrine-IV', '1,3,5-trihydroxy-4-methoxy-10-methyl- 2,8-bis(3-methylbut-2-enyl)acridin-9(10H)-one', 'Xanthyletin', 'Stearic acid 4-pentoyloxyphenethyl ester', '2,3-dihydro-4,9-dihydroxy-2-(2-hydroxy-propan-2-yl)- 11-methoxy-10-methylfuro[3,2-b]acridin-5(10H)-one', 'bis-5-hydroxyacronycine', 'Citibrasine', 'Piscidinol A', '3,11-dioxoolean-12-en-28- onic acid', 'Pentaol', 'cryptomeridiol', 'Iso-odoratol', 'Oleanonic acid', 'Hispidol A', 'Nilocetin', 'Isopimpinellin', 'cyclo (L)-Pro-Gly', ""3-(3',7 '-dimethyl-2',6 '-octadienyl)-4-methoxy-benzoic acid"", ""4-Methoxy-3-(3',7'-dimethylocta-2'-E-6'-dienyl)benzoic acid"", 'Methyl-8-hydroxy-2,2-dimethyl-2H-chromene-6-carboxylate', 'Methacrylic acid', 'β-caryophyllene, trans-caryophyllene', 'Cuspanine; 1-hydroxy-2,3,5,6-tetramethoxy-9-acridone', 'Cusculine; 1,2,3,5,6-pentamethoxy-9-acridone', '2α,3α-Dihydroxy-urs-12-en-28-oic acid', '3-O-β-D-(6’-methyl)-glucopyranosyl-28-O-β-D-glucopyranosyl-oleanate', 'Oleanolic acid 3-sophoroside', '5-hydroxyflavone', 'β-Sitosterol benzoate', '2-phenyl-4H-chromen-4-one', 'Haplotusine', 'Sinapyl 4-O-β-D-glucopyranoside aldehyde', 'Sinapyl 4-O-β-D-glucopyranoside alcohol', 'N-acetylnonaine', 'Liriodenine', '[10]-gingerol', ""2,4-Dihydroxy-6-[(1'E,3'E)-penta-1', 3'-dienyl]-benzaldehyde"", '2-methyl-5-[8(Z)-pentadecenyl]resorcinol', 'Kaempferol', '2-hydroxyphenylacetic acid', '3-O-β-D-quinovopyranosyl quinovic acid', '(4R)-4,8-dihydroxy-α-tetralone', 'scillascillin', 'Chlorogenic acid', 'Chalepin', 'Nitensidine A', 'Fagaramide', 'Quercitrin, 3-O-α-rhamnosylquercetin', 'Caseobliquin A', 'Methyl angolensate', ""5-(3'' -Hydroxypropyl)-7-methoxy-2-(3',4' -methyl-enedioxyphenyl)benzofuran"", '19,20-Epoxycytochalasin N', 'ellagic acid 4-O-α-L-rhamnopyranoside; eschweilenol C', 'Mayoside C', 'Ourateacatechin', ""3',4',5',5,7-pentamethoxyflavone"", '2-methyl-5-pentadecylresorcinol', '3β-hydroxy-stigmast-5-en-7-one; 24-β-7-oxositosterol', 'Gallic acid; 3,4,5-trihydroxybenzoic acid', '(3-(2-(4-hydroxyphenyl)-2-oxoethyl)-5,6-dihydropyridin- 2(1H)-one)', 'Mangiferin', 'Viburgenin', ""Pterogynoside; Kaempferol-3-O-(3''-O-4'''-methylgallate-α-L-rhamnoside)"", 'Isobutyl gallate', '7′-multijuguinone', 'Griseofulvin', ""7-Hydroxy-4',6-dimethoxyisoflavone; Afrormosin; Afromosin"", 'Tetrahydropiperyline, N-[10-(13,14-methylenedioxyphenyl)-pentanoyl]-pyrrolidine', 'Piperovatine', '2,4,6-trimethoxybenzoic acid', '1-O-(E)-caffeoyl-β-D-glucopyranoside', 'Ocotillone', 'des-N-methylnoracronycine', 'Sorbifolin 6-O-β-glucopyranoside', 'Rel-2α-hydroxyzuelanin-6β-benzoate', '2,6-di-O-acetylcasearupestrin D', ""Methyl-2,2-dimethyl-8-(3'-methylbut-2'-enyl)chroman-6-carboxylate"", '2,7-Di-O-acetylcasearupestrin A', 'Cognatine', ""8-hydroxy-3,5,7,3',4',5'-hexamethoxyflavonol"", 'Odoratol', 'Leptomerine', '5-hydroxy-N-methylseverifoline', 'Maculosidine', 'Podocarpusflavone A', 'Casearupestrin C', '6α-malonyloxy-n-butyl ester manoyl oxide', 'citrusinine-I', 'Ricinine', 'Leptophyllin A', '5-pentadecylresorcinol', 'Piperol B', '(-)-Hardwickiic acid', ""5-[3''-(β-D-glucopyranosyloxy)propyl]-7-methoxy-2-(3',4'-methylenedioxyphenyl)benzofuran"", '28-O-β-D-glucopyranosyl quinovic acid', 'n-Propyl gallate', ""3',4',5',5,7,8-hexamethoxyflavone"", 'Isopropyl gallate', '6β-hydroxy-7-epigardoside methyl ester', 'N-1,N-2,N-3-Triisopentenylguanidine', 'Dibenzyl trisulphide', 'Maytenin, Tingenone', '19,20-Epoxycytochalasin D', 'fumiquinozoline F', 'Kaempferol 3-O-α-L-rhamnopyranosyl (1→6)-O-[β -D-glucopyranosyl (1→3)-O-α-L-rhamnopyranosyl-(1→2)]-O-β -D-glucopyranosyl', '3β-O-[α-L-rhamnopyranosyl-(1→2)-O-β-D-glucopyranosyl-(1→2)-O-β-D-glucopyranosyl]-28-O-β-D-glucopyranoside pomolate', 'Dibenzyl tetrasulphide', ""2',5-dihydroxy-3-methoxy-8-dimethylallyl-6, 7-(2' ',2''-dimethylpyrano)-dihydroflavonol"", '2-n-nonyl-4-quinolone', 'Cytochalasin D', 'Isoorientin', 'Uracil', 'Nitensidine B', '1-methyl-2-n-nonyl-4-quinolone', '5-[8(Z),11(Z),14-pentadecatrienyl]resorcinol', 'Arboreumine', '3-Oxoursolic acid', 'urauchimycin A', 'p-Coumaric acid', '(-)-Epigallocatechin', 'Netzahualcoyonol', '1-[3-(3,7-dimethylocta-2,6-dien-1-yl)-2,4,6- trihydroxyphenyl]-3-(4-hydroxyphenyl)propan-1-one', '6α-malonyloxymanoyl oxide', 'Benzylhydroxymethyl sulphide', '1,6-di-O-caffeoyl-β-D-glucopyranoside', '2-methyl-5-[8(Z),11(Z),14-pentadecatrienyl]resorcinol', 'urauchimycin B', 'Homoegonol', '[8]-gingerol', '4-Hydroxymellein', '2-Methyl-4-hydroxy-butyl caffeoate', '1,2-dihydro- 3β-hydroxy-7-deacetoxy-7-oxogedunin', 'Photogedunin', 'Casearin X; (1R*,3S*,5S*,6aR*,7S*,8S*,10R*,10aR*)-1-(Acetyloxy)-3,5,6,6a,7,8,9,10-octahydro-10-hydroxy-7,8-dimethyl-7-[(2Z)-3-methylpenta-2,4-dien-1-yl]naphtho[1,8a-c]furan-3,5-diyl Dibutanoate', 'Netzahualcoyondiol', '5-hydroxymellein', 'fraxinellonone', 'Dibenzyl sulphide', '(-) Cis-4-hydroxy-6-deoxyscytalone', 'Plumericin', '5-[8(Z),11(Z)-pentadecadienyl]resorcinol', '(-)-Spectalinine', '20-hydroxyecdysone; polypodine A', '3-Acetyl aleuritolic acid', 'Alkenoic acid', 'Quercetin 3-O-α-L-rhamnopyranosyl (1→6)-O-[β -D-glucopyranosyl (1→3)-O-α-L-rhamnopyranosyl-(1→2)]-O-β -D-glucopyranosyl', 'Heveaflavone', ""2-(R)-Methyl-6-(S)-(tetradecyl-13'-one)-3(R)-O-tert-butyldimethylsilyl-piperidine"", '(2S)-Methyl-2-methyl-8-(3""-methylbut-2""-enyl)-2-(4\'-methylpent-3\'-enyl)-2H-chromene-6-carboxylate', 'Casearin T', 'Piperyline, N-[10-(13,14-methylenedioxyphenyl)-7(E),9(E)-pentadienoyl]-pyrrolidine', 'ω-fenil alcanoic acid', 'Casearupestrin B', 'toonacilin', 'Pedalitin', '1-O-(E)-feruloyl-β-D-glucopyranoside', '19,20-Epoxycytochalasin C', 'n-Pentyl gallate', 'Orcinol', 'Periconicin B', 'Phomopsilactone', ""(2S)-8-Isopentyl-2-methyl-2-(4'-methylpentyl)chroman-6-carboxylic acid"", '2,2-dimethyl-2H-chromene-6-carboxylic acid', 'Casearupestrin D', 'Chaetoglobosin B', ""2-(2'-O-benzoyl)-C-β-D-glucopyranosyl-1,3,6,7-tetrahydroxyxanthone"", 'Isoplumericin', 'Skimmianine', 'p-hydroxybenzoic acid-geranyl ester', 'Pristimerin; 20α-3-hydroxy-2-oxo-24-nor-friedela-1-10,3,5,7-tetraen-carboxylic acid-29-methylester', '3,4,5-trimethoxyphenyl 1-O-β-D-apiofuranosyl-(1→6)-O-β-D-glucopyranoside', 'β-photogedunin', 'n-Butyl gallate', ""5-[3''-(β-D-glucopyranosyloxy)propyl]-7-methoxy-2-(3',4'-dimethoxyphenyl)benzofuran"", '3,12-Dihydroxycadalene', '7-hydroxy-3- (11-dimethylallyl)-8-methoxycoumarin', ""N-[7-(3',4'-methylenedioxyphenyl)-2(Z),4(Z)-heptadienoyl]pyrrolidine"", ""Acteoside; [β-3,4-dihydroxyphenyl)-ethyl]-(3'-O-α-L-rhamnopyranosyl)-(4'-O-cafeoyl)-β-D-glycopyranoside, verbascoside"", 'α-L-xylopyranosyl-(4""→20)-(3-O-β-D-glucopyranosyl)-1\'-O-E-caffeoyl-β-D-glucopyranoside', 'Burchellin', '5-[8(Z)-pentadecenyl]resorcinol', 'Luteolin; 2-(3,4-dihydroxyphenyl)-5,7-dihydroxy-4H-chromen-4-one', 'Sinapic acid', '19,20-Epoxycytochalasin Q', '19,20-Epoxycytochalasin R', 'Muraxanthone', '2-butyl-D-fructofuranoside', ""Gaudichaudianic acid; (2S)-2-methyl-2-(4'methyl-3'-pentenyl)-8-(3''-methyl-2-butenyl)- 2H-1-benzopyran-6-carboxylic acid"", 'limonexic acid', 'Di(benzyltrithio) methane', '3,11,12-Trihydroxycadalene', 'Quercetin 3-O-sophoroside', '(3R,4R)-3,4-Dihydro-4,6-dihydroxy-3-methyl-1-oxo-1H-isochromene-5-carboxylic acid', '24-methylene-3,22-dihydroxycholesterol', 'amorphispironone', '2-Methyl-5-methoxy-benzopyran-4-one', '3,4-dihydroxybenzoic acid geranyl ester', '6α-acetoxy-14β,15β-epoxyazadirone', 'epoxy-fraxinellone', '12′-hydroxy-7′-multijuguinone', 'Kaempferitrin', 'Nitensidine C', 'Dibenzyl disulphide', 'Proanthocyanidin', 'neoisoastilbin', '(R)-7-Hydroxymellein', '6α-acetoxymanoyl oxide', 'Methyl-8-hydroxy-2,2-dimethylchroman-6-carboxylate', 'N-[10-(13,14-methylenedioxyphenyl)-7(E),9(Z)-pentadienoyl]-pyrrolidine', '6-[8(Z)-pentadecenyl]salicylic acid', '(2S)-2-methyl-8-(3""-methylbut-2""-enyl)-2-(4\'-methylpent-3\'-enyl)-2H-chromene-6-carboxylic acid', 'Gedunin', 'Pedalin, pedalitin 6-O-β -glucopyranoside', 'Caseargrewiin F; (1R*,3S*,5S*,6aR*,7S*,8R*,10R*,10aR*)-1,3-Bis(acetyloxy)-3,5,6,6a,7,8,9,10-octahydro-10-hydroxy-7,8-dimethyl-7-[(2Z)-3-methylpenta-2,4-dien-1-yl]naphtho[1,8a-c]furan-5-yl Butanoate', 'Casearin L; (1R*,3S*,5S*,6aR*,7R*,8R*,9S*,10S*,10aR*)-1,10-Bis(acetyloxy)-3,5,6,6a,7,8,9,10-octahydro-9-hydroxy-5-methoxy-7,8-dimethyl-7-[(2Z)-3-methylpenta-2,4-dien-1-yl]naphtho[1,8a-c]-furan-3-yl Butanoate', 'Platydesmine', 'Leiokinine A', 'Cabraleadiol', 'schaftoside', ""(2S)-Methyl-8-isopentyl-2-methyl-2-(4'-methylpentyl)chroman-6-carboxylate"", '3,4,5-Triacetoxybenzoic acid', 'Odoratone', 'Rel-6β-hydroxyzuelanin-2β-benzoate', 'shidasterone', '5-hydroxymethyl- 2-furancarboxaldehyde; 5-hydroxymethyl-2-furfuraldehyde', 'atalaphyllinine', 'N-[10- (13,14-methylenedioxyphenyl)-7(E)-pentaenoyl]-pyrrolidine', '11β-acetoxyobacunone', '1-(5,7-dihydroxy-2,2-dimethylchroman- 6-yl)-3-[4-hydroxy-3-(3-methylbut-2-en-1-yl)- phenyl]propan-1-one', '(3R,4R)-4,7-Dihydroxymellein', ""Nitensoside B; Pedalitin 6-O-α-rhamnopyranosyl(1'''→6'')-β-glucopyranoside"", 'Methyl gallate', '3-O-β-D-quinovopyranosyl cincholic acid', 'Afzelin, 3-O-α-rhamnosyl kaempferol', 'Egonol', '4-Nerolidilcatechol', ""2-(2'-O-transcoumaroyl)-C-β-D-glucopyranosyl-1,3,6,7-tetrahydroxyxanthone"", 'Dipropyl disulphide', '2-methyl-5-[8(Z),11(Z)-pentadecadienyl]resorcinol', 'Methyl 6,7,8-trimethoxydihydrocinnamate', '2-Hexyl-3-methyl-butanodioic acid', 'fraxinellone', '6-[ 8(Z),11(Z) -pentadecadienyl] salicylic acid', ""Myrsinoic acid A, 3-Geranyl-4-hydroxy-5-(3'',3''-dimethylallyl)benzoic acid"", '20α-Hydroxymaytenin; 20-hydroxy-20-epi-tingenone', '(-)-Epigallocatechin-3-O-gallate', 'Casearin D; (1R*,3S*,5S*,6aR*,7R*,8R*,9S*,10S*,10aR*)-1-(Acetyloxy)-3,5,6,6a,7,8,9,10-octahydro-5,10-dihydroxy-7,8-dimethyl-7-[(2Z)-3-methylpenta-2,4-dien-1-yl]naphtho[1,8a-c]furan-3,9-diyl Dibutanoate', 'Rel. (+)-(7S,10S) 3,12-dihydroxycalamenene', 'carlinoside', 'Methyl-8-(ethanoyloxy)-2,2-dimethyl-2H-chromene-6-carboxylate', 'Amentoflavone', '1-(5,7-dihydroxy-2,2-dimethylchroman-6-yl)-3-(1,1,4a-trimethyl-2,3,4,4a,9a-hexahydro-1H-xanthen-7-yl)propan-1-one', 'Methyl (E)-6,7,8-trimethoxycinnamate', 'Casearupestrin A', '2-oxo-piperol B; (7S*, 8R*, 1R*, 3R*)-3,4,5-trimethoxy-3,7-cyclo-8,1-neolig-8-ene-2,4(3H)-dione', 'taxifolin', ""(2'S)-2-(propan-2'-ol)-5-hydroxy-benzopyran-4-one"", 'Rel-(+)-(7S,9R,10S)-3,9,12-trihydroxycalamenene', 'Casearin S', 'germacrene D', '2β-Hydroxyzuelanin-6β-cinnamate', 'arjunolic acid', 'stachysterone', 'Ethyl 2,4-dihydroxy-5,6-dimethylbenzoate', 'Amentoflavone 7”,4”’-dimethyl ether', 'Picramnioside F', 'Lauryl gallate', 'Syringaldehyde', '22-hydroxytirucalla-7,24-diene-2,3-dione', 'Trans-3’-methylsulphonylallyl trans-cinnamate', 'Syringic acid', '(+)-3-O-feruloylcassine', 'Salacin', '6-pentadecylsalicylic acid', 'Methyl-2,2-dimethylchroman-6-carboxylate', '22β-hydroxypristimerin', '1- (5,7-dihydroxy-2,2-dimethylchroman-6-yl)-3-(2,2-dimethylchroman- 6-yl)propan-1-one', 'Canavaline', 'Di-hydrodehydrodiconiferyl alcohol', 'Quercetin', ""2-(2'-O-trans-cinnamoyl)-C-β-D-glucopyranosyl-1,3,6,7-tetrahydroxyxanthone"", 'Kokusaginine', ""2-(2'-O-trans-caffeoyl)-C-β-D-glucopyranosyl-1,3,6,7-tetrahydroxyxanthone"", 'Netzahualcoyene', 'Casearin X Dialdehyde; (2R*,4aS*,5S*,7R*,8R*,8aS*)-4,4a-Diformyl-1,2,4a,5,6,7,8,8a-octahydro-5-hydroxy-7,8-dimethyl-8-[(2Z)-3-methylpenta-2,4-dien-1-yl]naphthalen-2-yl Butanoate', 'polypodine B', '3,4,5-Trimethoxyphenyl-1-O-β-D-(5-O-syringoyl)-apiofuranosyl-(1→6)-β-D-glucopyranoside', '6-[8(Z),11(Z),14-pentadecatrienyl]salicylic acid', 'Sorbifolin', ""Nitensoside A; Sorbifolin 6-O-α-rhamnopyranosyl(1'''→6'')-β-glucopyranoside"", 'Casearin O; (1R*,3S*,5S*,6aR*,7R*,8R*,9S*,10S*,10aR*)-1,10-Bis(acetyloxy)-5-methoxy-7,8-dimethyl-7-[(2Z)-3-methylpenta-2,4-dien-1-yl]-3,5,6,6a,7,8,9,10-octahydronaphtho[1,8a-c]furan-3,9-diyl Dibutanoate', '8-methoxymellein', '(±)-Syringaresinol', 'Cyclo-(L-Pro-L-Val)', 'Acetonide of odoratol', '(−)-Grandisin', '24-methylenecycloartan-3b-ol', 'Ixoside']]",doi_name
"['10.1016/S0031-9422(97)00598-0', ""8-hydroxy-3,5,7,3',4',5'-hexamethoxyflavonol""]","['10.1016/S0031-9422(97)00598-0', ['α-Gardiol', 'Ferulic acid', 'β-Gardiol', 'Galioside aglicone', 'Teucrein', '11-O-trans-feruloylteucrein', 'Apodanthoside', 'Galioside', 'γ-eudesmol', 'Hinesol', 'α-eudesmol', 'guaiol', 'Mycoleptone A', '9-hydroxyeugenin', 'Eugenitin', 'Austdiol', 'Mycoleptone B', 'Mycoleptone A tetraacetate', '6-methoxyeugenin', 'Austdiol diacetate', ""3,4-dimethyl-2-(4'-hydroxy-3',5'-dimethoxyphenyl)-5-methoxy-tetrahydrofuran"", '2-n-Pentylquinoline', ""2-(3',4'-methylenedioxyphenylethyl)-Quinoline"", ""2-(1'-pentenyl)-Quinoline"", '2-n-Propylquinoline', ""Rel-(7R,8S,7'S,8'S)-4-hydroxy-4',5'-methylenedioxy-3,5,3'-trimethoxy-7,7'-epoxylignan"", ""Rel-(7R,8S,7'S,8'S)-4',5'-methylenedioxy-3,4,5,3'-tetramethoxy-7,7'-epoxylignan"", ""Rel-(7R,8S,7'S,8'S)-9-hydroxy-4',5'-methylenedioxy-3,4,5,3'-tetramethoxy-7,7'-epoxylignan"", ""Rel-(7R,8S,7'S,8'S)-4,5,4',5'-dimethylenedioxy-3,3'-dimethoxy-7,7'-epoxylignan"", ""Rel-(7R,8S,7'S,8'S)-4'-hydroxy-3,4,5,3',5'-pentamethoxy-7,7'-epoxylignan"", '3,3-O-dimethylquercetin', 'penduletin 4-O-methyl ether', '2α,3α,19α- trihydroxyurs-12-en-28-oic acid', 'p-hydroxybenzoic acid', '3,7,4-O-trimethylkaempferol', 'Chrysoeriol', 'acacetin', '2α,3α-dihydroxyolean-12- en-28-oic acid', '3-O-methylquercetin', 'Aphidicolin', ""2'-hydroxy-3,4,4'-trimethoxy-5',6'-(2'',2''-dimethylpyrano)-chalcone"", ""3',4'-methylenedioxy-5,6,7- trimethoxyflavone"", ""3',4'-methylenedioxy-5,5',6,7-tetramethoxyflavone"", ""3',4'-methylenedioxy-5,7-dimethoxyflavone"", 'Nectandrin B', 'Verrucosin', 'Epi-guaiacin', '7-Methyl-sargachromenol; 2,7,8-Trimethyl-2-[(3-E,7-Z)-4,12-dimethyl-8-carboxyl-3,7,11-tridecatrienyl]-3-chromen-6-ol, β-caroteno', '2,3-dihydro-4,9-dihydroxy-2-(2-hydroxy-propan-2-yl)- 11-methoxy-10-methylfuro[3,2-b]acridin-5(10H)-one', 'bis-5-hydroxyacronycine', 'Citibrasine', 'β-caryophyllene, trans-caryophyllene', '5,7-dimethoxy-2,2-dimethyl-2H-1-benzopyran-6-propanoate', ""3,5,6,7,3',4',5'-heptamethoxyflavonol"", ""3',4',5',3,5,7,8-heptamethoxyflavone"", 'Secoxyloganin', 'Diderroside', ""6'-Acetyl-β-D-glucopyranosyldiderroside"", '7-Methoxydiderroside', '17-(3,4-Methylenedioxyphenyl)-heptadecanoic acid', '21´-(3,4-Methylenedioxyphenyl)-henicosanoic acid', ""7,4'-Dimethoxyflavone"", '19´-(3,4-Methylenedioxyphenyl)-nonadecanoic acid', 'Farnisine', 'Sargachromenol', '(+)-Guaiacin', ""7,4'-Dihydroxyflavone"", 'Sargaquinoic acid', ""Juruenolic acid; 2-(4'-Methylpentenyl-3)-10-oxoundecan-2,6-dienoic acid"", 'Tithonine', 'Fasciculiferin', '(+)-11α-Hydroxyerythravine', '(+)-α-Hydroxyerysotrine', '(+)-Erythravine', 'Pimara-7,15-dien-3β-ol', 'Dimethyl terephthalate', '(22E,24R)-ergosta-4,6,8(14),22-tetraen-3-one', '8-hydroxy-6-methoxy-3-methylisocoumarin', 'Ergosterol peroxide', 'Taraxerol acetate', 'Kaempferol-3-O-α-L-rhamnopyranosyl-(1→6)-β-D-galactopyranoside', 'Kaempferol-3-O-rutinoside', 'Catechin, Ent-catechin', '6-Hydroxy-rutin', 'Procyanidin B-3', 'Kaempferol-3-O-D-galactopyranoside', 'Kaempferol-3-O-α-L-rhamnopyranosyl-(1-6)-α-L-rhamnopyranosyl-(1-4)-β-D-glucopyranoside', 'Kaempferol-3-O-D-glucopyranoside', 'Quercetin-3-O-α-L-rhamnopyranosyl-(1→6)-β-D-galactopyranoside', ""4-Methoxy-3-(3',7'-dimethylocta-2'-E-6'-dienyl)benzoic acid"", 'Methyl-8-hydroxy-2,2-dimethyl-2H-chromene-6-carboxylate', ""3-(3',7 '-dimethyl-2',6 '-octadienyl)-4-methoxy-benzoic acid"", '3,21-Di-epi-feroniellide B', '21α,25-dimethylmelianodiol', '21β,25-dimethylmelianodiol', 'Cuspanine; 1-hydroxy-2,3,5,6-tetramethoxy-9-acridone', 'Cusculine; 1,2,3,5,6-pentamethoxy-9-acridone', 'Tagitinin C', '1-methoxy-3-hydroxy-3,10b-4,5a-diepoxy-8b-isobutyroyloxygermacr-11(13)-en-6a,12-olide', 'Xanthyletin', ""1,4-Dihydroxy-2-(3',7'-dimethyl-1'-oxo-2'-E-6'-octadienyl)benzene"", ""4-Hydroxy-3-(3',7'-dimethyl-3'-hydroxy-1'-oxo-6'-octenyl)benzoic acid"", ""4-Hydroxy-(3',7'-dimethyl-1'-oxo-octa-2'-E-6'-dienyl)benzoic acid"", ""Sakuranetin; 5,4'-dihydroxy-7-methoxyflavanone"", ""Isosakuranetin; 5,7-dihydroxy-4'-methoxyflavanone"", '4-metoxi-6-[2-(metilamino)fenil]- 2H-piran-2-ona', 'Chlorogenic acid methyl ester, Methyl (1S,3R,4R,5R)-3-{[(2E)-3-(3,4-dihydroxyphenyl)-2-propenoyl]oxy}-1,4,5-trihydroxycyclohexanecarboxylate', 'cyclo (L)-Pro-Gly', '5,7-dimethoxy-2,2-dimethyl-2H-1-benzopyran-6-propanoic acid', 'Beauvericin', 'Anhydrofusarubin', '(E)-piplartine', '4,5-dihydropiperlonguminine; Piperlonguminine', 'Piperine', ""N-[3-(6'-methoxy-3',4'-methy-lenedioxyphenyl)-2(Z)-propenoyl]pyrrolidine"", '(Z)-piplartine; 8(Z)-N-(12,13, 14-trimethoxycinnamoyl)- 3-pyridin-2-one', '8,9-dihydropiplartine; N-(12,13,14-trimethoxydihydrocinnamoyl)-Δ3-pyridin-2-one', '4,5-dihydropiperyline', '10,11-dihydropiperine; Δα,β-dihydropiperine', 'Pellitorine', '(3Z,5Z)-N-isobutyl-8-(30,40-methylenedioxy-phenyl)-heptadienamide', 'Nitensidine D', 'Nitensidine E', 'Isopimpinellin', 'Methyl (3R,4R,5R)-3-{[(2E)-3-(3,4-dihydroxyphenyl)-2-propenoyl]oxy}-1,4,5-trihydroxycyclohexanecarboxylate', 'Methyl (3R,4R,5R)-3-{[(2Z)-3-(3,4-dihydroxyphenyl)-2-propenoyl]oxy}-1,4,5-trihydroxycyclohexanecarboxylate', 'Deoxycordifoline', 'Cordifoline', '3,4-dehydrostrictosidine acid', 'Strictosidine acid', '5α-carboxystrictosidine', 'Harman-3-carboxylic acid', 'Turbinatine', '3,4-dehydro-strictosidine', '(-)-3-O-acetyl-spectaline', 'astilbin; Rel-(2R, 3R)-dihydroquercetin-3-O-±-L-rhamnoside', 'Nilocetin', 'Hispidol A', 'Oleanonic acid', '3,11-dioxoolean-12-en-28- onic acid', 'cryptomeridiol', 'Iso-odoratol', 'Piscidinol A', 'Pentaol', ""Aduncumene; Methyl 2-methoxy-5-(3'-methyl-1'-oxo-2'-butenyl)benzoate"", ""4-Hydroxy-(3',7'-dimethyl-1'-oxo-octa-2'-Z-6'-dienyl)benzoic acid"", ""Methyl 4-hydroxy-3-(3'-methyl-2'-hydroxy-3'-butenyl)benzoate"", ""2',6'-Dihydroxy-4'-methoxydihydrochalcone"", '3,4,5-Trimethoxydihydrocinnamic acid', ""Hostmaniene; 4-Hydroxy-3-(2',3'-dihydroxy-3'-methylbutyl)benzoate"", ""Methyl taboganate; Methyl 4-hydroxy-3-(3'-methyl-1'-oxo-2'-butenyl)benzoate"", 'Piperaduncine B', 'Methyl 2,2-dimethyl-1-oxo-2H-1-benzopyran-6-carboxylate', ""4-Hydroxy-3-(3',7'-dimethylocta-2'-E-6'-dienyl)benzoic acid"", ""Methyl 4-hydroxy-3-(3'-methyl-2'-butenyl)benzoate"", 'Stearic acid 4-pentoyloxyphenethyl ester', ""Isoswertisin-2''α1-L-rhamnoside"", '2-Episesalatin', 'Sesartemin', 'Clusifoliol', ""Isoswertisin-4'-methyl-ether-2''α-L-rhamnoside"", '3,4-dihydro-3,5,8-trihydroxy-6-methoxy-2,2,7-trimethyl-2Hpyrano[ 2,3-a]acridin-12(7H)-one', 'Citrusinine-I', '1,3,5-trihydroxy- 2,8-bis(3-methylbut-2-enyl)-10-methyl-9-acridone', '5-hydroxynoracronycine; Atalaphyllidine', 'Glycocitrine-I', '1,3,5-trihydroxy-4-methoxy-10-methyl- 2,8-bis(3-methylbut-2-enyl)acridin-9(10H)-one', 'Glycocitrine-IV', 'Citrusinine-II', 'Pyranofoline', 'Methacrylic acid', '2α,3α-Dihydroxy-urs-12-en-28-oic acid', 'Oleanolic acid 3-sophoroside', '3-O-β-D-(6’-methyl)-glucopyranosyl-28-O-β-D-glucopyranosyl-oleanate', 'β-Sitosterol benzoate', '5-hydroxyflavone', '2-phenyl-4H-chromen-4-one', 'Haplotusine', 'Sinapyl 4-O-β-D-glucopyranoside aldehyde', 'N-acetylnonaine', 'Sinapyl 4-O-β-D-glucopyranoside alcohol', 'Liriodenine', '[10]-gingerol', ""2,4-Dihydroxy-6-[(1'E,3'E)-penta-1', 3'-dienyl]-benzaldehyde"", '2-methyl-5-[8(Z)-pentadecenyl]resorcinol', 'Nitensidine A', 'scillascillin', 'Piperol B', '(-)-Hardwickiic acid', ""5-[3''-(β-D-glucopyranosyloxy)propyl]-7-methoxy-2-(3',4'-methylenedioxyphenyl)benzofuran"", '28-O-β-D-glucopyranosyl quinovic acid', '2-Methyl-4-hydroxy-butyl caffeoate', 'N-1,N-2,N-3-Triisopentenylguanidine', 'Dibenzyl trisulphide', 'Maytenin, Tingenone', 'Kokusaginine', ""2-(2'-O-trans-caffeoyl)-C-β-D-glucopyranosyl-1,3,6,7-tetrahydroxyxanthone"", 'Netzahualcoyene', 'Leptomerine', '5-hydroxy-N-methylseverifoline', '19,20-Epoxycytochalasin N', 'ellagic acid 4-O-α-L-rhamnopyranoside; eschweilenol C', 'Mayoside C', 'Ourateacatechin', ""3',4',5',5,7-pentamethoxyflavone"", '2-methyl-5-pentadecylresorcinol', '3β-hydroxy-stigmast-5-en-7-one; 24-β-7-oxositosterol', '8-methoxymellein', '(±)-Syringaresinol', 'Cyclo-(L-Pro-L-Val)', 'Acetonide of odoratol', '(−)-Grandisin', '24-methylenecycloartan-3b-ol', 'Ixoside', 'Homoegonol', '[8]-gingerol', '4-Hydroxymellein', '5-hydroxymellein', 'fraxinellonone', 'Dibenzyl sulphide', '(-) Cis-4-hydroxy-6-deoxyscytalone', 'Plumericin', '5-[8(Z),11(Z)-pentadecadienyl]resorcinol', '(-)-Spectalinine', 'Maculosidine', 'Podocarpusflavone A', 'Casearupestrin C', '2-hydroxyphenylacetic acid', ""8-hydroxy-3,5,7,3',4',5'-hexamethoxyflavonol"", 'Odoratol', '1-methyl-2-n-nonyl-4-quinolone', '6α-malonyloxy-n-butyl ester manoyl oxide', 'citrusinine-I', 'Ricinine', 'Leptophyllin A', '5-pentadecylresorcinol', 'Netzahualcoyondiol', 'Pristimerin; 20α-3-hydroxy-2-oxo-24-nor-friedela-1-10,3,5,7-tetraen-carboxylic acid-29-methylester', '3,4,5-trimethoxyphenyl 1-O-β-D-apiofuranosyl-(1→6)-O-β-D-glucopyranoside', 'β-photogedunin', 'n-Butyl gallate', ""5-[3''-(β-D-glucopyranosyloxy)propyl]-7-methoxy-2-(3',4'-dimethoxyphenyl)benzofuran"", '3,12-Dihydroxycadalene', '7-hydroxy-3- (11-dimethylallyl)-8-methoxycoumarin', '5-[8(Z),11(Z),14-pentadecatrienyl]resorcinol', 'urauchimycin B', 'Isoorientin', 'Uracil', 'urauchimycin A', 'p-Coumaric acid', 'Canavaline', 'Di-hydrodehydrodiconiferyl alcohol', 'Quercetin', ""2-(2'-O-trans-cinnamoyl)-C-β-D-glucopyranosyl-1,3,6,7-tetrahydroxyxanthone"", 'Ocotillone', 'des-N-methylnoracronycine', 'Sorbifolin 6-O-β-glucopyranoside', 'Rel-2α-hydroxyzuelanin-6β-benzoate', '2,6-di-O-acetylcasearupestrin D', ""Methyl-2,2-dimethyl-8-(3'-methylbut-2'-enyl)chroman-6-carboxylate"", '2,7-Di-O-acetylcasearupestrin A', 'Nitensidine B', 'p-hydroxybenzoic acid-geranyl ester', 'Dibenzyl disulphide', 'Proanthocyanidin', 'neoisoastilbin', '(R)-7-Hydroxymellein', '6α-acetoxymanoyl oxide', ""N-[7-(3',4'-methylenedioxyphenyl)-2(Z),4(Z)-heptadienoyl]pyrrolidine"", ""Acteoside; [β-3,4-dihydroxyphenyl)-ethyl]-(3'-O-α-L-rhamnopyranosyl)-(4'-O-cafeoyl)-β-D-glycopyranoside, verbascoside"", '19,20-Epoxycytochalasin D', 'fumiquinozoline F', 'Kaempferol 3-O-α-L-rhamnopyranosyl (1→6)-O-[β -D-glucopyranosyl (1→3)-O-α-L-rhamnopyranosyl-(1→2)]-O-β -D-glucopyranosyl', '3β-O-[α-L-rhamnopyranosyl-(1→2)-O-β-D-glucopyranosyl-(1→2)-O-β-D-glucopyranosyl]-28-O-β-D-glucopyranoside pomolate', 'Dibenzyl tetrasulphide', ""2',5-dihydroxy-3-methoxy-8-dimethylallyl-6, 7-(2' ',2''-dimethylpyrano)-dihydroflavonol"", '2-n-nonyl-4-quinolone', 'Cytochalasin D', 'Arboreumine', '3-Oxoursolic acid', 'Casearupestrin B', 'toonacilin', 'Pedalitin', '1-O-(E)-feruloyl-β-D-glucopyranoside', '19,20-Epoxycytochalasin C', 'n-Pentyl gallate', '(-)-Epigallocatechin', 'Netzahualcoyonol', '1-[3-(3,7-dimethylocta-2,6-dien-1-yl)-2,4,6- trihydroxyphenyl]-3-(4-hydroxyphenyl)propan-1-one', '6α-malonyloxymanoyl oxide', 'Benzylhydroxymethyl sulphide', '1,6-di-O-caffeoyl-β-D-glucopyranoside', '2-methyl-5-[8(Z),11(Z),14-pentadecatrienyl]resorcinol', 'Skimmianine', '1,2-dihydro- 3β-hydroxy-7-deacetoxy-7-oxogedunin', 'Photogedunin', 'Casearin X; (1R*,3S*,5S*,6aR*,7S*,8S*,10R*,10aR*)-1-(Acetyloxy)-3,5,6,6a,7,8,9,10-octahydro-10-hydroxy-7,8-dimethyl-7-[(2Z)-3-methylpenta-2,4-dien-1-yl]naphtho[1,8a-c]furan-3,5-diyl Dibutanoate', 'α-L-xylopyranosyl-(4""→20)-(3-O-β-D-glucopyranosyl)-1\'-O-E-caffeoyl-β-D-glucopyranoside', ""2-(R)-Methyl-6-(S)-(tetradecyl-13'-one)-3(R)-O-tert-butyldimethylsilyl-piperidine"", '(2S)-Methyl-2-methyl-8-(3""-methylbut-2""-enyl)-2-(4\'-methylpent-3\'-enyl)-2H-chromene-6-carboxylate', 'Casearin T', 'Piperyline, N-[10-(13,14-methylenedioxyphenyl)-7(E),9(E)-pentadienoyl]-pyrrolidine', 'ω-fenil alcanoic acid', '2-butyl-D-fructofuranoside', 'Methyl-8-hydroxy-2,2-dimethylchroman-6-carboxylate', '20-hydroxyecdysone; polypodine A', '3-Acetyl aleuritolic acid', 'Alkenoic acid', 'Quercetin 3-O-α-L-rhamnopyranosyl (1→6)-O-[β -D-glucopyranosyl (1→3)-O-α-L-rhamnopyranosyl-(1→2)]-O-β -D-glucopyranosyl', 'Heveaflavone', 'epoxy-fraxinellone', '12′-hydroxy-7′-multijuguinone', 'Kaempferitrin', 'Nitensidine C', 'Dipropyl disulphide', '2-methyl-5-[8(Z),11(Z)-pentadecadienyl]resorcinol', 'Methyl 6,7,8-trimethoxydihydrocinnamate', '2-Hexyl-3-methyl-butanodioic acid', 'fraxinellone', '6-[ 8(Z),11(Z) -pentadecadienyl] salicylic acid', 'Di(benzyltrithio) methane', 'Orcinol', 'Periconicin B', 'Phomopsilactone', ""(2S)-8-Isopentyl-2-methyl-2-(4'-methylpentyl)chroman-6-carboxylic acid"", '2,2-dimethyl-2H-chromene-6-carboxylic acid', 'Quercetin 3-O-sophoroside', '(3R,4R)-3,4-Dihydro-4,6-dihydroxy-3-methyl-1-oxo-1H-isochromene-5-carboxylic acid', '24-methylene-3,22-dihydroxycholesterol', 'amorphispironone', 'Casearupestrin D', 'Chaetoglobosin B', ""2-(2'-O-benzoyl)-C-β-D-glucopyranosyl-1,3,6,7-tetrahydroxyxanthone"", 'Isoplumericin', 'N-[10-(13,14-methylenedioxyphenyl)-7(E),9(Z)-pentadienoyl]-pyrrolidine', '6-[8(Z)-pentadecenyl]salicylic acid', '(2S)-2-methyl-8-(3""-methylbut-2""-enyl)-2-(4\'-methylpent-3\'-enyl)-2H-chromene-6-carboxylic acid', 'Burchellin', '5-[8(Z)-pentadecenyl]resorcinol', ""Gaudichaudianic acid; (2S)-2-methyl-2-(4'methyl-3'-pentenyl)-8-(3''-methyl-2-butenyl)- 2H-1-benzopyran-6-carboxylic acid"", 'limonexic acid', '6α-acetoxy-14β,15β-epoxyazadirone', '22β-hydroxypristimerin', '1- (5,7-dihydroxy-2,2-dimethylchroman-6-yl)-3-(2,2-dimethylchroman- 6-yl)propan-1-one', 'Luteolin; 2-(3,4-dihydroxyphenyl)-5,7-dihydroxy-4H-chromen-4-one', 'Sinapic acid', '19,20-Epoxycytochalasin Q', '19,20-Epoxycytochalasin R', 'Muraxanthone', '3,4,5-Triacetoxybenzoic acid', 'Odoratone', 'Rel-6β-hydroxyzuelanin-2β-benzoate', 'shidasterone', '5-hydroxymethyl- 2-furancarboxaldehyde; 5-hydroxymethyl-2-furfuraldehyde', 'atalaphyllinine', 'N-[10- (13,14-methylenedioxyphenyl)-7(E)-pentaenoyl]-pyrrolidine', '2-Methyl-5-methoxy-benzopyran-4-one', '3,11,12-Trihydroxycadalene', ""Nitensoside B; Pedalitin 6-O-α-rhamnopyranosyl(1'''→6'')-β-glucopyranoside"", 'Gedunin', 'polypodine B', 'n-Propyl gallate', ""3',4',5',5,7,8-hexamethoxyflavone"", 'Isopropyl gallate', '6β-hydroxy-7-epigardoside methyl ester', 'Tetrahydropiperyline, N-[10-(13,14-methylenedioxyphenyl)-pentanoyl]-pyrrolidine', 'Piperovatine', '2,4,6-trimethoxybenzoic acid', '1-O-(E)-caffeoyl-β-D-glucopyranoside', 'Gallic acid; 3,4,5-trihydroxybenzoic acid', 'Quercitrin, 3-O-α-rhamnosylquercetin', 'Caseobliquin A', 'Methyl angolensate', ""5-(3'' -Hydroxypropyl)-7-methoxy-2-(3',4' -methyl-enedioxyphenyl)benzofuran"", ""(2S)-Methyl-8-isopentyl-2-methyl-2-(4'-methylpentyl)chroman-6-carboxylate"", 'Methyl gallate', '3-O-β-D-quinovopyranosyl cincholic acid', 'Afzelin, 3-O-α-rhamnosyl kaempferol', 'Egonol', '4-Nerolidilcatechol', '3,4-dihydroxybenzoic acid geranyl ester', 'Casearupestrin A', '2-oxo-piperol B; (7S*, 8R*, 1R*, 3R*)-3,4,5-trimethoxy-3,7-cyclo-8,1-neolig-8-ene-2,4(3H)-dione', 'taxifolin', ""(2'S)-2-(propan-2'-ol)-5-hydroxy-benzopyran-4-one"", 'Rel-(+)-(7S,9R,10S)-3,9,12-trihydroxycalamenene', 'Casearin S', '11β-acetoxyobacunone', '1-(5,7-dihydroxy-2,2-dimethylchroman- 6-yl)-3-[4-hydroxy-3-(3-methylbut-2-en-1-yl)- phenyl]propan-1-one', '(3R,4R)-4,7-Dihydroxymellein', 'Methyl (E)-6,7,8-trimethoxycinnamate', '3,4,5-Trimethoxyphenyl-1-O-β-D-(5-O-syringoyl)-apiofuranosyl-(1→6)-β-D-glucopyranoside', '6-[8(Z),11(Z),14-pentadecatrienyl]salicylic acid', 'Sorbifolin', ""Nitensoside A; Sorbifolin 6-O-α-rhamnopyranosyl(1'''→6'')-β-glucopyranoside"", 'Casearin O; (1R*,3S*,5S*,6aR*,7R*,8R*,9S*,10S*,10aR*)-1,10-Bis(acetyloxy)-5-methoxy-7,8-dimethyl-7-[(2Z)-3-methylpenta-2,4-dien-1-yl]-3,5,6,6a,7,8,9,10-octahydronaphtho[1,8a-c]furan-3,9-diyl Dibutanoate', 'germacrene D', 'Salacin', '6-pentadecylsalicylic acid', 'Pedalin, pedalitin 6-O-β -glucopyranoside', 'Caseargrewiin F; (1R*,3S*,5S*,6aR*,7S*,8R*,10R*,10aR*)-1,3-Bis(acetyloxy)-3,5,6,6a,7,8,9,10-octahydro-10-hydroxy-7,8-dimethyl-7-[(2Z)-3-methylpenta-2,4-dien-1-yl]naphtho[1,8a-c]furan-5-yl Butanoate', 'Casearin L; (1R*,3S*,5S*,6aR*,7R*,8R*,9S*,10S*,10aR*)-1,10-Bis(acetyloxy)-3,5,6,6a,7,8,9,10-octahydro-9-hydroxy-5-methoxy-7,8-dimethyl-7-[(2Z)-3-methylpenta-2,4-dien-1-yl]naphtho[1,8a-c]-furan-3-yl Butanoate', 'Platydesmine', 'Leiokinine A', 'Cabraleadiol', 'schaftoside', '20α-Hydroxymaytenin; 20-hydroxy-20-epi-tingenone', '(-)-Epigallocatechin-3-O-gallate', 'Casearin D; (1R*,3S*,5S*,6aR*,7R*,8R*,9S*,10S*,10aR*)-1-(Acetyloxy)-3,5,6,6a,7,8,9,10-octahydro-5,10-dihydroxy-7,8-dimethyl-7-[(2Z)-3-methylpenta-2,4-dien-1-yl]naphtho[1,8a-c]furan-3,9-diyl Dibutanoate', 'Rel. (+)-(7S,10S) 3,12-dihydroxycalamenene', 'carlinoside', 'Methyl-8-(ethanoyloxy)-2,2-dimethyl-2H-chromene-6-carboxylate', '2β-Hydroxyzuelanin-6β-cinnamate', 'arjunolic acid', 'stachysterone', 'Ethyl 2,4-dihydroxy-5,6-dimethylbenzoate', 'Amentoflavone 7”,4”’-dimethyl ether', ""2-(2'-O-transcoumaroyl)-C-β-D-glucopyranosyl-1,3,6,7-tetrahydroxyxanthone"", 'Syringic acid', '(+)-3-O-feruloylcassine', 'Amentoflavone', '1-(5,7-dihydroxy-2,2-dimethylchroman-6-yl)-3-(1,1,4a-trimethyl-2,3,4,4a,9a-hexahydro-1H-xanthen-7-yl)propan-1-one', 'Casearin X Dialdehyde; (2R*,4aS*,5S*,7R*,8R*,8aS*)-4,4a-Diformyl-1,2,4a,5,6,7,8,8a-octahydro-5-hydroxy-7,8-dimethyl-8-[(2Z)-3-methylpenta-2,4-dien-1-yl]naphthalen-2-yl Butanoate', 'Picramnioside F', 'Lauryl gallate', 'Syringaldehyde', '22-hydroxytirucalla-7,24-diene-2,3-dione', 'Trans-3’-methylsulphonylallyl trans-cinnamate', '(3-(2-(4-hydroxyphenyl)-2-oxoethyl)-5,6-dihydropyridin- 2(1H)-one)', 'Mangiferin', 'Viburgenin', ""Pterogynoside; Kaempferol-3-O-(3''-O-4'''-methylgallate-α-L-rhamnoside)"", 'Isobutyl gallate', '7′-multijuguinone', 'Griseofulvin', ""7-Hydroxy-4',6-dimethoxyisoflavone; Afrormosin; Afromosin"", 'Methyl-2,2-dimethylchroman-6-carboxylate', ""Myrsinoic acid A, 3-Geranyl-4-hydroxy-5-(3'',3''-dimethylallyl)benzoic acid"", 'Cognatine', 'Fagaramide', 'Chalepin', 'Chlorogenic acid', '(4R)-4,8-dihydroxy-α-tetralone', 'Kaempferol', '3-O-β-D-quinovopyranosyl quinovic acid']]",doi_name
"['10.1021/np9004079', '2β-Hydroxyzuelanin-6β-cinnamate']","['10.1021/np9004079', ['Teucrein', '11-O-trans-feruloylteucrein', 'Galioside', 'Apodanthoside', 'Galioside aglicone', 'Hinesol', 'guaiol', 'γ-eudesmol', 'α-eudesmol', 'Mycoleptone A', '9-hydroxyeugenin', 'Eugenitin', 'Austdiol diacetate', 'Austdiol', '6-methoxyeugenin', 'Mycoleptone B', 'Mycoleptone A tetraacetate', ""2'-hydroxy-3,4,4'-trimethoxy-5',6'-(2'',2''-dimethylpyrano)-chalcone"", ""3',4'-methylenedioxy-5,6,7- trimethoxyflavone"", ""3',4'-methylenedioxy-5,5',6,7-tetramethoxyflavone"", ""3',4'-methylenedioxy-5,7-dimethoxyflavone"", 'Farnisine', '21´-(3,4-Methylenedioxyphenyl)-henicosanoic acid', 'Sargachromenol', ""7,4'-Dimethoxyflavone"", '19´-(3,4-Methylenedioxyphenyl)-nonadecanoic acid', ""7,4'-Dihydroxyflavone"", 'Sargaquinoic acid', '(+)-Guaiacin', 'Tithonine', ""Juruenolic acid; 2-(4'-Methylpentenyl-3)-10-oxoundecan-2,6-dienoic acid"", 'Fasciculiferin', '17-(3,4-Methylenedioxyphenyl)-heptadecanoic acid', '7-Methoxydiderroside', 'Diderroside', 'Secoxyloganin', ""6'-Acetyl-β-D-glucopyranosyldiderroside"", 'Kaempferol-3-O-rutinoside', 'Catechin, Ent-catechin', 'Kaempferol-3-O-α-L-rhamnopyranosyl-(1→6)-β-D-galactopyranoside', 'Kaempferol-3-O-D-galactopyranoside', 'Kaempferol-3-O-α-L-rhamnopyranosyl-(1-6)-α-L-rhamnopyranosyl-(1-4)-β-D-glucopyranoside', 'Quercetin-3-O-α-L-rhamnopyranosyl-(1→6)-β-D-galactopyranoside', 'Procyanidin B-3', '6-Hydroxy-rutin', 'Kaempferol-3-O-D-glucopyranoside', 'β-Gardiol', 'α-Gardiol', 'Ferulic acid', '(3Z,5Z)-N-isobutyl-8-(30,40-methylenedioxy-phenyl)-heptadienamide', 'Pellitorine', 'Piperine', '10,11-dihydropiperine; Δα,β-dihydropiperine', '4,5-dihydropiperyline', '(E)-piplartine', '(Z)-piplartine; 8(Z)-N-(12,13, 14-trimethoxycinnamoyl)- 3-pyridin-2-one', ""N-[3-(6'-methoxy-3',4'-methy-lenedioxyphenyl)-2(Z)-propenoyl]pyrrolidine"", '4,5-dihydropiperlonguminine; Piperlonguminine', '8,9-dihydropiplartine; N-(12,13,14-trimethoxydihydrocinnamoyl)-Δ3-pyridin-2-one', ""4-Methoxy-3-(3',7'-dimethylocta-2'-E-6'-dienyl)benzoic acid"", ""3-(3',7 '-dimethyl-2',6 '-octadienyl)-4-methoxy-benzoic acid"", 'Methyl-8-hydroxy-2,2-dimethyl-2H-chromene-6-carboxylate', '(+)-α-Hydroxyerysotrine', '(+)-Erythravine', '(+)-11α-Hydroxyerythravine', ""Rel-(7R,8S,7'S,8'S)-4',5'-methylenedioxy-3,4,5,3'-tetramethoxy-7,7'-epoxylignan"", ""Rel-(7R,8S,7'S,8'S)-9-hydroxy-4',5'-methylenedioxy-3,4,5,3'-tetramethoxy-7,7'-epoxylignan"", ""Rel-(7R,8S,7'S,8'S)-4-hydroxy-4',5'-methylenedioxy-3,5,3'-trimethoxy-7,7'-epoxylignan"", ""Rel-(7R,8S,7'S,8'S)-4'-hydroxy-3,4,5,3',5'-pentamethoxy-7,7'-epoxylignan"", ""Rel-(7R,8S,7'S,8'S)-4,5,4',5'-dimethylenedioxy-3,3'-dimethoxy-7,7'-epoxylignan"", 'Isopimpinellin', 'Epi-guaiacin', 'Verrucosin', 'Nectandrin B', '7-Methyl-sargachromenol; 2,7,8-Trimethyl-2-[(3-E,7-Z)-4,12-dimethyl-8-carboxyl-3,7,11-tridecatrienyl]-3-chromen-6-ol, β-caroteno', '2α,3α,19α- trihydroxyurs-12-en-28-oic acid', 'penduletin 4-O-methyl ether', '3,3-O-dimethylquercetin', '3-O-methylquercetin', '2α,3α-dihydroxyolean-12- en-28-oic acid', 'p-hydroxybenzoic acid', 'Chrysoeriol', 'acacetin', '3,7,4-O-trimethylkaempferol', '5,7-dimethoxy-2,2-dimethyl-2H-1-benzopyran-6-propanoate', 'Chlorogenic acid methyl ester, Methyl (1S,3R,4R,5R)-3-{[(2E)-3-(3,4-dihydroxyphenyl)-2-propenoyl]oxy}-1,4,5-trihydroxycyclohexanecarboxylate', '3,21-Di-epi-feroniellide B', '21β,25-dimethylmelianodiol', '21α,25-dimethylmelianodiol', 'Xanthyletin', 'Citibrasine', 'bis-5-hydroxyacronycine', '2,3-dihydro-4,9-dihydroxy-2-(2-hydroxy-propan-2-yl)- 11-methoxy-10-methylfuro[3,2-b]acridin-5(10H)-one', ""4-Hydroxy-(3',7'-dimethyl-1'-oxo-octa-2'-Z-6'-dienyl)benzoic acid"", ""Aduncumene; Methyl 2-methoxy-5-(3'-methyl-1'-oxo-2'-butenyl)benzoate"", ""Methyl 4-hydroxy-3-(3'-methyl-2'-hydroxy-3'-butenyl)benzoate"", 'Methyl 2,2-dimethyl-1-oxo-2H-1-benzopyran-6-carboxylate', ""2',6'-Dihydroxy-4'-methoxydihydrochalcone"", ""Hostmaniene; 4-Hydroxy-3-(2',3'-dihydroxy-3'-methylbutyl)benzoate"", ""4-Hydroxy-3-(3',7'-dimethylocta-2'-E-6'-dienyl)benzoic acid"", 'Piperaduncine B', ""Methyl taboganate; Methyl 4-hydroxy-3-(3'-methyl-1'-oxo-2'-butenyl)benzoate"", '3,4,5-Trimethoxydihydrocinnamic acid', ""Methyl 4-hydroxy-3-(3'-methyl-2'-butenyl)benzoate"", '1,3,5-trihydroxy-4-methoxy-10-methyl- 2,8-bis(3-methylbut-2-enyl)acridin-9(10H)-one', '1,3,5-trihydroxy- 2,8-bis(3-methylbut-2-enyl)-10-methyl-9-acridone', '3,4-dihydro-3,5,8-trihydroxy-6-methoxy-2,2,7-trimethyl-2Hpyrano[ 2,3-a]acridin-12(7H)-one', 'Citrusinine-II', 'Glycocitrine-IV', 'Citrusinine-I', '5-hydroxynoracronycine; Atalaphyllidine', 'Glycocitrine-I', 'Pyranofoline', ""3',4',5',3,5,7,8-heptamethoxyflavone"", ""3,5,6,7,3',4',5'-heptamethoxyflavonol"", 'cyclo (L)-Pro-Gly', 'Aphidicolin', '5,7-dimethoxy-2,2-dimethyl-2H-1-benzopyran-6-propanoic acid', '2-n-Pentylquinoline', ""2-(1'-pentenyl)-Quinoline"", ""2-(3',4'-methylenedioxyphenylethyl)-Quinoline"", '2-n-Propylquinoline', '(-)-3-O-acetyl-spectaline', 'Tagitinin C', '1-methoxy-3-hydroxy-3,10b-4,5a-diepoxy-8b-isobutyroyloxygermacr-11(13)-en-6a,12-olide', ""4-Hydroxy-3-(3',7'-dimethyl-3'-hydroxy-1'-oxo-6'-octenyl)benzoic acid"", ""Isosakuranetin; 5,7-dihydroxy-4'-methoxyflavanone"", ""1,4-Dihydroxy-2-(3',7'-dimethyl-1'-oxo-2'-E-6'-octadienyl)benzene"", ""4-Hydroxy-(3',7'-dimethyl-1'-oxo-octa-2'-E-6'-dienyl)benzoic acid"", ""Sakuranetin; 5,4'-dihydroxy-7-methoxyflavanone"", 'Methyl (3R,4R,5R)-3-{[(2E)-3-(3,4-dihydroxyphenyl)-2-propenoyl]oxy}-1,4,5-trihydroxycyclohexanecarboxylate', 'Methyl (3R,4R,5R)-3-{[(2Z)-3-(3,4-dihydroxyphenyl)-2-propenoyl]oxy}-1,4,5-trihydroxycyclohexanecarboxylate', ""3,4-dimethyl-2-(4'-hydroxy-3',5'-dimethoxyphenyl)-5-methoxy-tetrahydrofuran"", 'Anhydrofusarubin', 'Beauvericin', 'Nitensidine D', 'Nitensidine E', 'Taraxerol acetate', 'Pimara-7,15-dien-3β-ol', '(22E,24R)-ergosta-4,6,8(14),22-tetraen-3-one', 'Dimethyl terephthalate', '8-hydroxy-6-methoxy-3-methylisocoumarin', 'Ergosterol peroxide', 'Pentaol', 'Piscidinol A', 'Iso-odoratol', '3,11-dioxoolean-12-en-28- onic acid', 'cryptomeridiol', 'Oleanonic acid', 'Nilocetin', 'Hispidol A', 'astilbin; Rel-(2R, 3R)-dihydroquercetin-3-O-±-L-rhamnoside', 'Clusifoliol', ""Isoswertisin-4'-methyl-ether-2''α-L-rhamnoside"", ""Isoswertisin-2''α1-L-rhamnoside"", '2-Episesalatin', 'Sesartemin', 'β-caryophyllene, trans-caryophyllene', 'Deoxycordifoline', 'Cordifoline', '3,4-dehydrostrictosidine acid', 'Turbinatine', 'Harman-3-carboxylic acid', 'Strictosidine acid', '3,4-dehydro-strictosidine', '5α-carboxystrictosidine', 'Stearic acid 4-pentoyloxyphenethyl ester', 'Methacrylic acid', '4-metoxi-6-[2-(metilamino)fenil]- 2H-piran-2-ona', 'Cusculine; 1,2,3,5,6-pentamethoxy-9-acridone', 'Cuspanine; 1-hydroxy-2,3,5,6-tetramethoxy-9-acridone', '2α,3α-Dihydroxy-urs-12-en-28-oic acid', 'Oleanolic acid 3-sophoroside', '3-O-β-D-(6’-methyl)-glucopyranosyl-28-O-β-D-glucopyranosyl-oleanate', 'β-Sitosterol benzoate', '5-hydroxyflavone', 'Haplotusine', '2-phenyl-4H-chromen-4-one', 'Sinapyl 4-O-β-D-glucopyranoside aldehyde', 'Sinapyl 4-O-β-D-glucopyranoside alcohol', 'N-acetylnonaine', 'Liriodenine', '[10]-gingerol', ""2,4-Dihydroxy-6-[(1'E,3'E)-penta-1', 3'-dienyl]-benzaldehyde"", '2-methyl-5-[8(Z)-pentadecenyl]resorcinol', 'Kaempferol', '2-hydroxyphenylacetic acid', '3-O-β-D-quinovopyranosyl quinovic acid', '(4R)-4,8-dihydroxy-α-tetralone', 'scillascillin', '3β-hydroxy-stigmast-5-en-7-one; 24-β-7-oxositosterol', 'Kokusaginine', ""2-(2'-O-trans-caffeoyl)-C-β-D-glucopyranosyl-1,3,6,7-tetrahydroxyxanthone"", 'Netzahualcoyene', 'Casearin X Dialdehyde; (2R*,4aS*,5S*,7R*,8R*,8aS*)-4,4a-Diformyl-1,2,4a,5,6,7,8,8a-octahydro-5-hydroxy-7,8-dimethyl-8-[(2Z)-3-methylpenta-2,4-dien-1-yl]naphthalen-2-yl Butanoate', 'polypodine B', 'n-Propyl gallate', ""3',4',5',5,7,8-hexamethoxyflavone"", ""8-hydroxy-3,5,7,3',4',5'-hexamethoxyflavonol"", 'Odoratol', 'Leptomerine', '5-hydroxy-N-methylseverifoline', '19,20-Epoxycytochalasin N', 'ellagic acid 4-O-α-L-rhamnopyranoside; eschweilenol C', 'Mayoside C', 'Ourateacatechin', ""3',4',5',5,7-pentamethoxyflavone"", '2-methyl-5-pentadecylresorcinol', '7′-multijuguinone', 'Griseofulvin', ""7-Hydroxy-4',6-dimethoxyisoflavone; Afrormosin; Afromosin"", '8-methoxymellein', '(±)-Syringaresinol', 'Cyclo-(L-Pro-L-Val)', 'fraxinellonone', ""Methyl-2,2-dimethyl-8-(3'-methylbut-2'-enyl)chroman-6-carboxylate"", '2,7-Di-O-acetylcasearupestrin A', 'Nitensidine B', '1-methyl-2-n-nonyl-4-quinolone', '5-[8(Z),11(Z),14-pentadecatrienyl]resorcinol', 'Piperol B', '(-)-Hardwickiic acid', ""5-[3''-(β-D-glucopyranosyloxy)propyl]-7-methoxy-2-(3',4'-methylenedioxyphenyl)benzofuran"", '28-O-β-D-glucopyranosyl quinovic acid', '2-Methyl-4-hydroxy-butyl caffeoate', 'N-1,N-2,N-3-Triisopentenylguanidine', 'Dibenzyl trisulphide', 'Maytenin, Tingenone', 'Chlorogenic acid', 'Nitensidine A', 'Cytochalasin D', 'Isoorientin', 'Uracil', 'Maculosidine', 'Podocarpusflavone A', 'Casearupestrin C', '6α-malonyloxy-n-butyl ester manoyl oxide', 'citrusinine-I', 'Ricinine', 'Leptophyllin A', '5-pentadecylresorcinol', 'urauchimycin B', 'Homoegonol', '[8]-gingerol', '4-Hydroxymellein', '5-hydroxymellein', 'Pristimerin; 20α-3-hydroxy-2-oxo-24-nor-friedela-1-10,3,5,7-tetraen-carboxylic acid-29-methylester', '3,4,5-trimethoxyphenyl 1-O-β-D-apiofuranosyl-(1→6)-O-β-D-glucopyranoside', 'β-photogedunin', 'n-Butyl gallate', 'Dibenzyl sulphide', '(-) Cis-4-hydroxy-6-deoxyscytalone', 'Plumericin', '5-[8(Z),11(Z)-pentadecadienyl]resorcinol', '(-)-Spectalinine', '19,20-Epoxycytochalasin D', 'fumiquinozoline F', 'Kaempferol 3-O-α-L-rhamnopyranosyl (1→6)-O-[β -D-glucopyranosyl (1→3)-O-α-L-rhamnopyranosyl-(1→2)]-O-β -D-glucopyranosyl', '3β-O-[α-L-rhamnopyranosyl-(1→2)-O-β-D-glucopyranosyl-(1→2)-O-β-D-glucopyranosyl]-28-O-β-D-glucopyranoside pomolate', 'Dibenzyl tetrasulphide', ""2',5-dihydroxy-3-methoxy-8-dimethylallyl-6, 7-(2' ',2''-dimethylpyrano)-dihydroflavonol"", '2-n-nonyl-4-quinolone', ""2-(2'-O-trans-cinnamoyl)-C-β-D-glucopyranosyl-1,3,6,7-tetrahydroxyxanthone"", 'Ocotillone', 'des-N-methylnoracronycine', 'Sorbifolin 6-O-β-glucopyranoside', 'Rel-2α-hydroxyzuelanin-6β-benzoate', '2,6-di-O-acetylcasearupestrin D', 'urauchimycin A', 'p-Coumaric acid', '(-)-Epigallocatechin', 'Netzahualcoyonol', '1-[3-(3,7-dimethylocta-2,6-dien-1-yl)-2,4,6- trihydroxyphenyl]-3-(4-hydroxyphenyl)propan-1-one', '6α-malonyloxymanoyl oxide', 'Benzylhydroxymethyl sulphide', '1,6-di-O-caffeoyl-β-D-glucopyranoside', '2-methyl-5-[8(Z),11(Z),14-pentadecatrienyl]resorcinol', 'Netzahualcoyondiol', 'Alkenoic acid', 'Quercetin 3-O-α-L-rhamnopyranosyl (1→6)-O-[β -D-glucopyranosyl (1→3)-O-α-L-rhamnopyranosyl-(1→2)]-O-β -D-glucopyranosyl', 'Heveaflavone', 'Arboreumine', '3-Oxoursolic acid', 'Casearupestrin B', 'toonacilin', 'Pedalitin', 'Caseobliquin A', 'Methyl angolensate', ""5-(3'' -Hydroxypropyl)-7-methoxy-2-(3',4' -methyl-enedioxyphenyl)benzofuran"", '22β-hydroxypristimerin', '1- (5,7-dihydroxy-2,2-dimethylchroman-6-yl)-3-(2,2-dimethylchroman- 6-yl)propan-1-one', 'Canavaline', 'Di-hydrodehydrodiconiferyl alcohol', 'Quercetin', ""(2S)-8-Isopentyl-2-methyl-2-(4'-methylpentyl)chroman-6-carboxylic acid"", '2,2-dimethyl-2H-chromene-6-carboxylic acid', '1,2-dihydro- 3β-hydroxy-7-deacetoxy-7-oxogedunin', 'Photogedunin', 'Casearin X; (1R*,3S*,5S*,6aR*,7S*,8S*,10R*,10aR*)-1-(Acetyloxy)-3,5,6,6a,7,8,9,10-octahydro-10-hydroxy-7,8-dimethyl-7-[(2Z)-3-methylpenta-2,4-dien-1-yl]naphtho[1,8a-c]furan-3,5-diyl Dibutanoate', 'Skimmianine', 'p-hydroxybenzoic acid-geranyl ester', 'Dibenzyl disulphide', 'Proanthocyanidin', ""5-[3''-(β-D-glucopyranosyloxy)propyl]-7-methoxy-2-(3',4'-dimethoxyphenyl)benzofuran"", '3,12-Dihydroxycadalene', '7-hydroxy-3- (11-dimethylallyl)-8-methoxycoumarin', ""N-[7-(3',4'-methylenedioxyphenyl)-2(Z),4(Z)-heptadienoyl]pyrrolidine"", ""Acteoside; [β-3,4-dihydroxyphenyl)-ethyl]-(3'-O-α-L-rhamnopyranosyl)-(4'-O-cafeoyl)-β-D-glycopyranoside, verbascoside"", '20-hydroxyecdysone; polypodine A', '3-Acetyl aleuritolic acid', 'α-L-xylopyranosyl-(4""→20)-(3-O-β-D-glucopyranosyl)-1\'-O-E-caffeoyl-β-D-glucopyranoside', ""2-(R)-Methyl-6-(S)-(tetradecyl-13'-one)-3(R)-O-tert-butyldimethylsilyl-piperidine"", '(2S)-Methyl-2-methyl-8-(3""-methylbut-2""-enyl)-2-(4\'-methylpent-3\'-enyl)-2H-chromene-6-carboxylate', 'Casearin T', 'Piperyline, N-[10-(13,14-methylenedioxyphenyl)-7(E),9(E)-pentadienoyl]-pyrrolidine', 'ω-fenil alcanoic acid', '2-butyl-D-fructofuranoside', ""Gaudichaudianic acid; (2S)-2-methyl-2-(4'methyl-3'-pentenyl)-8-(3''-methyl-2-butenyl)- 2H-1-benzopyran-6-carboxylic acid"", 'limonexic acid', 'Di(benzyltrithio) methane', '1-O-(E)-feruloyl-β-D-glucopyranoside', '19,20-Epoxycytochalasin C', 'n-Pentyl gallate', 'Orcinol', 'Periconicin B', 'Phomopsilactone', '24-methylene-3,22-dihydroxycholesterol', 'amorphispironone', 'Casearupestrin D', 'Chaetoglobosin B', ""2-(2'-O-benzoyl)-C-β-D-glucopyranosyl-1,3,6,7-tetrahydroxyxanthone"", 'Isoplumericin', 'N-[10-(13,14-methylenedioxyphenyl)-7(E),9(Z)-pentadienoyl]-pyrrolidine', '6-[8(Z)-pentadecenyl]salicylic acid', '(2S)-2-methyl-8-(3""-methylbut-2""-enyl)-2-(4\'-methylpent-3\'-enyl)-2H-chromene-6-carboxylic acid', 'Burchellin', '5-[8(Z)-pentadecenyl]resorcinol', 'Luteolin; 2-(3,4-dihydroxyphenyl)-5,7-dihydroxy-4H-chromen-4-one', 'neoisoastilbin', '(R)-7-Hydroxymellein', '6α-acetoxymanoyl oxide', 'Methyl-8-hydroxy-2,2-dimethylchroman-6-carboxylate', '19,20-Epoxycytochalasin Q', '19,20-Epoxycytochalasin R', 'Muraxanthone', '6α-acetoxy-14β,15β-epoxyazadirone', 'epoxy-fraxinellone', '12′-hydroxy-7′-multijuguinone', 'Kaempferitrin', 'Nitensidine C', 'Dipropyl disulphide', '2-methyl-5-[8(Z),11(Z)-pentadecadienyl]resorcinol', 'Methyl 6,7,8-trimethoxydihydrocinnamate', '2-Hexyl-3-methyl-butanodioic acid', 'fraxinellone', '3,11,12-Trihydroxycadalene', 'Quercetin 3-O-sophoroside', '(3R,4R)-3,4-Dihydro-4,6-dihydroxy-3-methyl-1-oxo-1H-isochromene-5-carboxylic acid', ""(2S)-Methyl-8-isopentyl-2-methyl-2-(4'-methylpentyl)chroman-6-carboxylate"", '6-[ 8(Z),11(Z) -pentadecadienyl] salicylic acid', '3,4,5-Triacetoxybenzoic acid', 'Odoratone', 'Rel-6β-hydroxyzuelanin-2β-benzoate', 'shidasterone', '5-hydroxymethyl- 2-furancarboxaldehyde; 5-hydroxymethyl-2-furfuraldehyde', 'atalaphyllinine', 'N-[10- (13,14-methylenedioxyphenyl)-7(E)-pentaenoyl]-pyrrolidine', '2-Methyl-5-methoxy-benzopyran-4-one', '3,4-dihydroxybenzoic acid geranyl ester', 'Casearupestrin A', '2-oxo-piperol B; (7S*, 8R*, 1R*, 3R*)-3,4,5-trimethoxy-3,7-cyclo-8,1-neolig-8-ene-2,4(3H)-dione', 'taxifolin', ""(2'S)-2-(propan-2'-ol)-5-hydroxy-benzopyran-4-one"", 'Sinapic acid', '6-[8(Z),11(Z),14-pentadecatrienyl]salicylic acid', 'Sorbifolin', 'Rel-(+)-(7S,9R,10S)-3,9,12-trihydroxycalamenene', 'Casearin S', '11β-acetoxyobacunone', '1-(5,7-dihydroxy-2,2-dimethylchroman- 6-yl)-3-[4-hydroxy-3-(3-methylbut-2-en-1-yl)- phenyl]propan-1-one', '(3R,4R)-4,7-Dihydroxymellein', ""Nitensoside B; Pedalitin 6-O-α-rhamnopyranosyl(1'''→6'')-β-glucopyranoside"", 'Gedunin', 'Pedalin, pedalitin 6-O-β -glucopyranoside', 'Caseargrewiin F; (1R*,3S*,5S*,6aR*,7S*,8R*,10R*,10aR*)-1,3-Bis(acetyloxy)-3,5,6,6a,7,8,9,10-octahydro-10-hydroxy-7,8-dimethyl-7-[(2Z)-3-methylpenta-2,4-dien-1-yl]naphtho[1,8a-c]furan-5-yl Butanoate', 'Casearin L; (1R*,3S*,5S*,6aR*,7R*,8R*,9S*,10S*,10aR*)-1,10-Bis(acetyloxy)-3,5,6,6a,7,8,9,10-octahydro-9-hydroxy-5-methoxy-7,8-dimethyl-7-[(2Z)-3-methylpenta-2,4-dien-1-yl]naphtho[1,8a-c]-furan-3-yl Butanoate', 'Platydesmine', 'Leiokinine A', 'Cabraleadiol', 'schaftoside', 'Casearin D; (1R*,3S*,5S*,6aR*,7R*,8R*,9S*,10S*,10aR*)-1-(Acetyloxy)-3,5,6,6a,7,8,9,10-octahydro-5,10-dihydroxy-7,8-dimethyl-7-[(2Z)-3-methylpenta-2,4-dien-1-yl]naphtho[1,8a-c]furan-3,9-diyl Dibutanoate', 'Rel. (+)-(7S,10S) 3,12-dihydroxycalamenene', 'carlinoside', 'Methyl-8-(ethanoyloxy)-2,2-dimethyl-2H-chromene-6-carboxylate', 'Methyl gallate', '3-O-β-D-quinovopyranosyl cincholic acid', 'Afzelin, 3-O-α-rhamnosyl kaempferol', 'Egonol', '4-Nerolidilcatechol', ""2-(2'-O-transcoumaroyl)-C-β-D-glucopyranosyl-1,3,6,7-tetrahydroxyxanthone"", 'Syringic acid', '(+)-3-O-feruloylcassine', 'Amentoflavone', '1-(5,7-dihydroxy-2,2-dimethylchroman-6-yl)-3-(1,1,4a-trimethyl-2,3,4,4a,9a-hexahydro-1H-xanthen-7-yl)propan-1-one', 'Methyl (E)-6,7,8-trimethoxycinnamate', '3,4,5-Trimethoxyphenyl-1-O-β-D-(5-O-syringoyl)-apiofuranosyl-(1→6)-β-D-glucopyranoside', '22-hydroxytirucalla-7,24-diene-2,3-dione', 'Trans-3’-methylsulphonylallyl trans-cinnamate', '(3-(2-(4-hydroxyphenyl)-2-oxoethyl)-5,6-dihydropyridin- 2(1H)-one)', 'Mangiferin', 'Viburgenin', ""Pterogynoside; Kaempferol-3-O-(3''-O-4'''-methylgallate-α-L-rhamnoside)"", 'Isobutyl gallate', ""Nitensoside A; Sorbifolin 6-O-α-rhamnopyranosyl(1'''→6'')-β-glucopyranoside"", 'Casearin O; (1R*,3S*,5S*,6aR*,7R*,8R*,9S*,10S*,10aR*)-1,10-Bis(acetyloxy)-5-methoxy-7,8-dimethyl-7-[(2Z)-3-methylpenta-2,4-dien-1-yl]-3,5,6,6a,7,8,9,10-octahydronaphtho[1,8a-c]furan-3,9-diyl Dibutanoate', 'germacrene D', 'Salacin', '6-pentadecylsalicylic acid', 'Methyl-2,2-dimethylchroman-6-carboxylate', ""Myrsinoic acid A, 3-Geranyl-4-hydroxy-5-(3'',3''-dimethylallyl)benzoic acid"", '20α-Hydroxymaytenin; 20-hydroxy-20-epi-tingenone', '(-)-Epigallocatechin-3-O-gallate', 'Isopropyl gallate', '6β-hydroxy-7-epigardoside methyl ester', 'Tetrahydropiperyline, N-[10-(13,14-methylenedioxyphenyl)-pentanoyl]-pyrrolidine', 'Piperovatine', '2,4,6-trimethoxybenzoic acid', '1-O-(E)-caffeoyl-β-D-glucopyranoside', 'Gallic acid; 3,4,5-trihydroxybenzoic acid', 'Quercitrin, 3-O-α-rhamnosylquercetin', '2β-Hydroxyzuelanin-6β-cinnamate', 'arjunolic acid', 'stachysterone', 'Ethyl 2,4-dihydroxy-5,6-dimethylbenzoate', 'Amentoflavone 7”,4”’-dimethyl ether', 'Picramnioside F', 'Lauryl gallate', 'Syringaldehyde', 'Acetonide of odoratol', '(−)-Grandisin', '24-methylenecycloartan-3b-ol', 'Ixoside', 'Cognatine', 'Fagaramide', 'Chalepin']]",doi_name
"['10.1590/S0100-40422005000600011', '2-Hexyl-3-methyl-butanodioic acid']","['10.1590/S0100-40422005000600011', ['2α,3α-Dihydroxy-urs-12-en-28-oic acid', 'Haplotusine', '5-hydroxyflavone', 'β-Sitosterol benzoate', '2-phenyl-4H-chromen-4-one', 'Oleanolic acid 3-sophoroside', '3-O-β-D-(6’-methyl)-glucopyranosyl-28-O-β-D-glucopyranosyl-oleanate', 'N-acetylnonaine', 'Sinapyl 4-O-β-D-glucopyranoside alcohol', 'Liriodenine', 'Sinapyl 4-O-β-D-glucopyranoside aldehyde', 'Hinesol', 'guaiol', 'γ-eudesmol', 'α-eudesmol', 'Galioside aglicone', '11-O-trans-feruloylteucrein', 'Teucrein', 'Galioside', 'Apodanthoside', ""3',4',5',3,5,7,8-heptamethoxyflavone"", ""3,5,6,7,3',4',5'-heptamethoxyflavonol"", 'Anhydrofusarubin', 'Beauvericin', 'Procyanidin B-3', 'Kaempferol-3-O-D-glucopyranoside', 'Kaempferol-3-O-rutinoside', 'Quercetin-3-O-α-L-rhamnopyranosyl-(1→6)-β-D-galactopyranoside', 'Kaempferol-3-O-α-L-rhamnopyranosyl-(1→6)-β-D-galactopyranoside', '6-Hydroxy-rutin', 'Kaempferol-3-O-D-galactopyranoside', 'Kaempferol-3-O-α-L-rhamnopyranosyl-(1-6)-α-L-rhamnopyranosyl-(1-4)-β-D-glucopyranoside', 'Catechin, Ent-catechin', '5,7-dimethoxy-2,2-dimethyl-2H-1-benzopyran-6-propanoic acid', 'Methyl (3R,4R,5R)-3-{[(2Z)-3-(3,4-dihydroxyphenyl)-2-propenoyl]oxy}-1,4,5-trihydroxycyclohexanecarboxylate', 'Methyl (3R,4R,5R)-3-{[(2E)-3-(3,4-dihydroxyphenyl)-2-propenoyl]oxy}-1,4,5-trihydroxycyclohexanecarboxylate', 'Pimara-7,15-dien-3β-ol', 'Ergosterol peroxide', '8-hydroxy-6-methoxy-3-methylisocoumarin', '(22E,24R)-ergosta-4,6,8(14),22-tetraen-3-one', 'Dimethyl terephthalate', '5,7-dimethoxy-2,2-dimethyl-2H-1-benzopyran-6-propanoate', 'Chlorogenic acid methyl ester, Methyl (1S,3R,4R,5R)-3-{[(2E)-3-(3,4-dihydroxyphenyl)-2-propenoyl]oxy}-1,4,5-trihydroxycyclohexanecarboxylate', '17-(3,4-Methylenedioxyphenyl)-heptadecanoic acid', 'Farnisine', '19´-(3,4-Methylenedioxyphenyl)-nonadecanoic acid', 'Sargaquinoic acid', '(+)-Guaiacin', '21´-(3,4-Methylenedioxyphenyl)-henicosanoic acid', ""7,4'-Dimethoxyflavone"", 'Sargachromenol', ""7,4'-Dihydroxyflavone"", 'Fasciculiferin', ""Juruenolic acid; 2-(4'-Methylpentenyl-3)-10-oxoundecan-2,6-dienoic acid"", 'Tithonine', ""1,4-Dihydroxy-2-(3',7'-dimethyl-1'-oxo-2'-E-6'-octadienyl)benzene"", ""4-Hydroxy-3-(3',7'-dimethyl-3'-hydroxy-1'-oxo-6'-octenyl)benzoic acid"", ""Isosakuranetin; 5,7-dihydroxy-4'-methoxyflavanone"", ""4-Hydroxy-(3',7'-dimethyl-1'-oxo-octa-2'-E-6'-dienyl)benzoic acid"", ""Sakuranetin; 5,4'-dihydroxy-7-methoxyflavanone"", ""Isoswertisin-4'-methyl-ether-2''α-L-rhamnoside"", 'Clusifoliol', '2-Episesalatin', ""Isoswertisin-2''α1-L-rhamnoside"", 'Sesartemin', '4,5-dihydropiperlonguminine; Piperlonguminine', '10,11-dihydropiperine; Δα,β-dihydropiperine', '(E)-piplartine', '4,5-dihydropiperyline', '(Z)-piplartine; 8(Z)-N-(12,13, 14-trimethoxycinnamoyl)- 3-pyridin-2-one', 'Piperine', ""N-[3-(6'-methoxy-3',4'-methy-lenedioxyphenyl)-2(Z)-propenoyl]pyrrolidine"", '8,9-dihydropiplartine; N-(12,13,14-trimethoxydihydrocinnamoyl)-Δ3-pyridin-2-one', '(3Z,5Z)-N-isobutyl-8-(30,40-methylenedioxy-phenyl)-heptadienamide', 'Pellitorine', '(+)-Erythravine', '(+)-α-Hydroxyerysotrine', '(+)-11α-Hydroxyerythravine', '7-Methoxydiderroside', 'Diderroside', 'Secoxyloganin', ""6'-Acetyl-β-D-glucopyranosyldiderroside"", ""3,4-dimethyl-2-(4'-hydroxy-3',5'-dimethoxyphenyl)-5-methoxy-tetrahydrofuran"", ""4-Hydroxy-(3',7'-dimethyl-1'-oxo-octa-2'-Z-6'-dienyl)benzoic acid"", ""Methyl 4-hydroxy-3-(3'-methyl-2'-hydroxy-3'-butenyl)benzoate"", ""Aduncumene; Methyl 2-methoxy-5-(3'-methyl-1'-oxo-2'-butenyl)benzoate"", 'Piperaduncine B', ""Hostmaniene; 4-Hydroxy-3-(2',3'-dihydroxy-3'-methylbutyl)benzoate"", ""Methyl taboganate; Methyl 4-hydroxy-3-(3'-methyl-1'-oxo-2'-butenyl)benzoate"", ""2',6'-Dihydroxy-4'-methoxydihydrochalcone"", ""Methyl 4-hydroxy-3-(3'-methyl-2'-butenyl)benzoate"", ""4-Hydroxy-3-(3',7'-dimethylocta-2'-E-6'-dienyl)benzoic acid"", 'Methyl 2,2-dimethyl-1-oxo-2H-1-benzopyran-6-carboxylate', '3,4,5-Trimethoxydihydrocinnamic acid', 'Aphidicolin', 'Methacrylic acid', 'Taraxerol acetate', 'penduletin 4-O-methyl ether', '3,3-O-dimethylquercetin', '2α,3α,19α- trihydroxyurs-12-en-28-oic acid', '2α,3α-dihydroxyolean-12- en-28-oic acid', 'Chrysoeriol', '3-O-methylquercetin', 'acacetin', '3,7,4-O-trimethylkaempferol', 'p-hydroxybenzoic acid', 'Mycoleptone A', '9-hydroxyeugenin', 'Austdiol diacetate', 'Eugenitin', 'Mycoleptone A tetraacetate', '6-methoxyeugenin', 'Austdiol', 'Mycoleptone B', '(-)-3-O-acetyl-spectaline', 'Isopimpinellin', '4-metoxi-6-[2-(metilamino)fenil]- 2H-piran-2-ona', 'astilbin; Rel-(2R, 3R)-dihydroquercetin-3-O-±-L-rhamnoside', '1,3,5-trihydroxy-4-methoxy-10-methyl- 2,8-bis(3-methylbut-2-enyl)acridin-9(10H)-one', '1,3,5-trihydroxy- 2,8-bis(3-methylbut-2-enyl)-10-methyl-9-acridone', 'Pyranofoline', 'Glycocitrine-I', 'Glycocitrine-IV', 'Citrusinine-II', 'Citrusinine-I', '3,4-dihydro-3,5,8-trihydroxy-6-methoxy-2,2,7-trimethyl-2Hpyrano[ 2,3-a]acridin-12(7H)-one', '5-hydroxynoracronycine; Atalaphyllidine', 'Nitensidine D', 'Nitensidine E', 'cyclo (L)-Pro-Gly', '3,11-dioxoolean-12-en-28- onic acid', 'cryptomeridiol', 'Oleanonic acid', 'Nilocetin', 'Hispidol A', 'Piscidinol A', 'Pentaol', 'Iso-odoratol', 'Stearic acid 4-pentoyloxyphenethyl ester', ""Rel-(7R,8S,7'S,8'S)-4'-hydroxy-3,4,5,3',5'-pentamethoxy-7,7'-epoxylignan"", ""Rel-(7R,8S,7'S,8'S)-4-hydroxy-4',5'-methylenedioxy-3,5,3'-trimethoxy-7,7'-epoxylignan"", ""Rel-(7R,8S,7'S,8'S)-4,5,4',5'-dimethylenedioxy-3,3'-dimethoxy-7,7'-epoxylignan"", ""Rel-(7R,8S,7'S,8'S)-9-hydroxy-4',5'-methylenedioxy-3,4,5,3'-tetramethoxy-7,7'-epoxylignan"", ""Rel-(7R,8S,7'S,8'S)-4',5'-methylenedioxy-3,4,5,3'-tetramethoxy-7,7'-epoxylignan"", ""4-Methoxy-3-(3',7'-dimethylocta-2'-E-6'-dienyl)benzoic acid"", 'Methyl-8-hydroxy-2,2-dimethyl-2H-chromene-6-carboxylate', ""3-(3',7 '-dimethyl-2',6 '-octadienyl)-4-methoxy-benzoic acid"", 'α-Gardiol', 'Ferulic acid', 'β-Gardiol', '1-methoxy-3-hydroxy-3,10b-4,5a-diepoxy-8b-isobutyroyloxygermacr-11(13)-en-6a,12-olide', 'Tagitinin C', '2-n-Pentylquinoline', '2-n-Propylquinoline', ""2-(1'-pentenyl)-Quinoline"", ""2-(3',4'-methylenedioxyphenylethyl)-Quinoline"", '5α-carboxystrictosidine', 'Strictosidine acid', 'Turbinatine', '3,4-dehydrostrictosidine acid', 'Harman-3-carboxylic acid', 'Cordifoline', '3,4-dehydro-strictosidine', 'Deoxycordifoline', ""2'-hydroxy-3,4,4'-trimethoxy-5',6'-(2'',2''-dimethylpyrano)-chalcone"", ""3',4'-methylenedioxy-5,6,7- trimethoxyflavone"", ""3',4'-methylenedioxy-5,5',6,7-tetramethoxyflavone"", ""3',4'-methylenedioxy-5,7-dimethoxyflavone"", 'Xanthyletin', 'Nectandrin B', '7-Methyl-sargachromenol; 2,7,8-Trimethyl-2-[(3-E,7-Z)-4,12-dimethyl-8-carboxyl-3,7,11-tridecatrienyl]-3-chromen-6-ol, β-caroteno', 'Epi-guaiacin', 'Verrucosin', '21α,25-dimethylmelianodiol', '3,21-Di-epi-feroniellide B', '21β,25-dimethylmelianodiol', 'bis-5-hydroxyacronycine', 'Citibrasine', '2,3-dihydro-4,9-dihydroxy-2-(2-hydroxy-propan-2-yl)- 11-methoxy-10-methylfuro[3,2-b]acridin-5(10H)-one', 'β-caryophyllene, trans-caryophyllene', 'Cusculine; 1,2,3,5,6-pentamethoxy-9-acridone', 'Cuspanine; 1-hydroxy-2,3,5,6-tetramethoxy-9-acridone', '[10]-gingerol', ""2,4-Dihydroxy-6-[(1'E,3'E)-penta-1', 3'-dienyl]-benzaldehyde"", '2-methyl-5-[8(Z)-pentadecenyl]resorcinol', 'Kaempferol', '2-hydroxyphenylacetic acid', '3-O-β-D-quinovopyranosyl quinovic acid', '(4R)-4,8-dihydroxy-α-tetralone', 'scillascillin', 'Chlorogenic acid', 'Chalepin', 'Piperol B', '(-)-Hardwickiic acid', ""5-[3''-(β-D-glucopyranosyloxy)propyl]-7-methoxy-2-(3',4'-methylenedioxyphenyl)benzofuran"", '28-O-β-D-glucopyranosyl quinovic acid', '2-Methyl-4-hydroxy-butyl caffeoate', 'N-1,N-2,N-3-Triisopentenylguanidine', '5-hydroxy-N-methylseverifoline', '19,20-Epoxycytochalasin N', 'ellagic acid 4-O-α-L-rhamnopyranoside; eschweilenol C', 'Mayoside C', 'Ourateacatechin', ""3',4',5',5,7-pentamethoxyflavone"", '2-methyl-5-pentadecylresorcinol', '3β-hydroxy-stigmast-5-en-7-one; 24-β-7-oxositosterol', 'Viburgenin', ""Pterogynoside; Kaempferol-3-O-(3''-O-4'''-methylgallate-α-L-rhamnoside)"", 'Isobutyl gallate', '7′-multijuguinone', 'Griseofulvin', ""7-Hydroxy-4',6-dimethoxyisoflavone; Afrormosin; Afromosin"", '8-methoxymellein', '(±)-Syringaresinol', '5-[8(Z),11(Z)-pentadecadienyl]resorcinol', '(-)-Spectalinine', 'Ocotillone', 'des-N-methylnoracronycine', 'Sorbifolin 6-O-β-glucopyranoside', 'Rel-2α-hydroxyzuelanin-6β-benzoate', '2,6-di-O-acetylcasearupestrin D', ""Methyl-2,2-dimethyl-8-(3'-methylbut-2'-enyl)chroman-6-carboxylate"", '2,7-Di-O-acetylcasearupestrin A', 'Nitensidine B', '1-methyl-2-n-nonyl-4-quinolone', '5-[8(Z),11(Z),14-pentadecatrienyl]resorcinol', 'Nitensidine A', ""8-hydroxy-3,5,7,3',4',5'-hexamethoxyflavonol"", 'Odoratol', 'Leptomerine', 'Maculosidine', 'Podocarpusflavone A', 'Casearupestrin C', '6α-malonyloxy-n-butyl ester manoyl oxide', 'citrusinine-I', 'Ricinine', 'Leptophyllin A', '5-pentadecylresorcinol', 'Netzahualcoyondiol', 'Pristimerin; 20α-3-hydroxy-2-oxo-24-nor-friedela-1-10,3,5,7-tetraen-carboxylic acid-29-methylester', '3,4,5-trimethoxyphenyl 1-O-β-D-apiofuranosyl-(1→6)-O-β-D-glucopyranoside', 'β-photogedunin', 'fraxinellonone', 'Dibenzyl sulphide', '(-) Cis-4-hydroxy-6-deoxyscytalone', 'Plumericin', '20-hydroxyecdysone; polypodine A', '3-Acetyl aleuritolic acid', 'n-Butyl gallate', ""5-[3''-(β-D-glucopyranosyloxy)propyl]-7-methoxy-2-(3',4'-dimethoxyphenyl)benzofuran"", '3,12-Dihydroxycadalene', '7-hydroxy-3- (11-dimethylallyl)-8-methoxycoumarin', ""N-[7-(3',4'-methylenedioxyphenyl)-2(Z),4(Z)-heptadienoyl]pyrrolidine"", ""Acteoside; [β-3,4-dihydroxyphenyl)-ethyl]-(3'-O-α-L-rhamnopyranosyl)-(4'-O-cafeoyl)-β-D-glycopyranoside, verbascoside"", '19,20-Epoxycytochalasin D', 'fumiquinozoline F', 'Kaempferol 3-O-α-L-rhamnopyranosyl (1→6)-O-[β -D-glucopyranosyl (1→3)-O-α-L-rhamnopyranosyl-(1→2)]-O-β -D-glucopyranosyl', '3β-O-[α-L-rhamnopyranosyl-(1→2)-O-β-D-glucopyranosyl-(1→2)-O-β-D-glucopyranosyl]-28-O-β-D-glucopyranoside pomolate', 'Dibenzyl tetrasulphide', ""2',5-dihydroxy-3-methoxy-8-dimethylallyl-6, 7-(2' ',2''-dimethylpyrano)-dihydroflavonol"", '2-n-nonyl-4-quinolone', 'Cytochalasin D', 'p-hydroxybenzoic acid-geranyl ester', 'Dibenzyl disulphide', 'Proanthocyanidin', 'neoisoastilbin', '(R)-7-Hydroxymellein', 'Isoorientin', 'Uracil', 'urauchimycin A', 'p-Coumaric acid', '(-)-Epigallocatechin', 'Netzahualcoyonol', '1-[3-(3,7-dimethylocta-2,6-dien-1-yl)-2,4,6- trihydroxyphenyl]-3-(4-hydroxyphenyl)propan-1-one', '6α-malonyloxymanoyl oxide', 'Benzylhydroxymethyl sulphide', '1,6-di-O-caffeoyl-β-D-glucopyranoside', '2-methyl-5-[8(Z),11(Z),14-pentadecatrienyl]resorcinol', 'Di-hydrodehydrodiconiferyl alcohol', 'Quercetin', ""2-(2'-O-trans-cinnamoyl)-C-β-D-glucopyranosyl-1,3,6,7-tetrahydroxyxanthone"", 'urauchimycin B', 'Homoegonol', '[8]-gingerol', '4-Hydroxymellein', '5-hydroxymellein', 'Alkenoic acid', 'Quercetin 3-O-α-L-rhamnopyranosyl (1→6)-O-[β -D-glucopyranosyl (1→3)-O-α-L-rhamnopyranosyl-(1→2)]-O-β -D-glucopyranosyl', 'Heveaflavone', 'Arboreumine', '3-Oxoursolic acid', 'Casearupestrin B', 'toonacilin', 'Skimmianine', '1-O-(E)-feruloyl-β-D-glucopyranoside', '19,20-Epoxycytochalasin C', 'n-Pentyl gallate', 'Orcinol', 'Periconicin B', 'Phomopsilactone', ""(2S)-8-Isopentyl-2-methyl-2-(4'-methylpentyl)chroman-6-carboxylic acid"", '2,2-dimethyl-2H-chromene-6-carboxylic acid', '1,2-dihydro- 3β-hydroxy-7-deacetoxy-7-oxogedunin', 'Photogedunin', 'Caseobliquin A', 'Methyl angolensate', ""5-(3'' -Hydroxypropyl)-7-methoxy-2-(3',4' -methyl-enedioxyphenyl)benzofuran"", '22β-hydroxypristimerin', '1- (5,7-dihydroxy-2,2-dimethylchroman-6-yl)-3-(2,2-dimethylchroman- 6-yl)propan-1-one', 'Canavaline', 'Casearin X; (1R*,3S*,5S*,6aR*,7S*,8S*,10R*,10aR*)-1-(Acetyloxy)-3,5,6,6a,7,8,9,10-octahydro-10-hydroxy-7,8-dimethyl-7-[(2Z)-3-methylpenta-2,4-dien-1-yl]naphtho[1,8a-c]furan-3,5-diyl Dibutanoate', 'α-L-xylopyranosyl-(4""→20)-(3-O-β-D-glucopyranosyl)-1\'-O-E-caffeoyl-β-D-glucopyranoside', ""2-(R)-Methyl-6-(S)-(tetradecyl-13'-one)-3(R)-O-tert-butyldimethylsilyl-piperidine"", '(2S)-Methyl-2-methyl-8-(3""-methylbut-2""-enyl)-2-(4\'-methylpent-3\'-enyl)-2H-chromene-6-carboxylate', 'Casearin T', 'Piperyline, N-[10-(13,14-methylenedioxyphenyl)-7(E),9(E)-pentadienoyl]-pyrrolidine', 'ω-fenil alcanoic acid', '2-butyl-D-fructofuranoside', ""Gaudichaudianic acid; (2S)-2-methyl-2-(4'methyl-3'-pentenyl)-8-(3''-methyl-2-butenyl)- 2H-1-benzopyran-6-carboxylic acid"", 'limonexic acid', 'Di(benzyltrithio) methane', '3,11,12-Trihydroxycadalene', 'Quercetin 3-O-sophoroside', '6α-acetoxymanoyl oxide', 'Methyl-8-hydroxy-2,2-dimethylchroman-6-carboxylate', 'Pedalitin', '1-O-(E)-caffeoyl-β-D-glucopyranoside', 'Gallic acid; 3,4,5-trihydroxybenzoic acid', 'Quercitrin, 3-O-α-rhamnosylquercetin', '(3R,4R)-3,4-Dihydro-4,6-dihydroxy-3-methyl-1-oxo-1H-isochromene-5-carboxylic acid', '24-methylene-3,22-dihydroxycholesterol', 'amorphispironone', 'Casearupestrin D', 'Chaetoglobosin B', ""2-(2'-O-benzoyl)-C-β-D-glucopyranosyl-1,3,6,7-tetrahydroxyxanthone"", 'Isoplumericin', 'N-[10-(13,14-methylenedioxyphenyl)-7(E),9(Z)-pentadienoyl]-pyrrolidine', '6-[8(Z)-pentadecenyl]salicylic acid', '(2S)-2-methyl-8-(3""-methylbut-2""-enyl)-2-(4\'-methylpent-3\'-enyl)-2H-chromene-6-carboxylic acid', 'Burchellin', '5-[8(Z)-pentadecenyl]resorcinol', 'Luteolin; 2-(3,4-dihydroxyphenyl)-5,7-dihydroxy-4H-chromen-4-one', '6α-acetoxy-14β,15β-epoxyazadirone', 'epoxy-fraxinellone', '12′-hydroxy-7′-multijuguinone', 'Kaempferitrin', 'Nitensidine C', 'Dipropyl disulphide', '2-methyl-5-[8(Z),11(Z)-pentadecadienyl]resorcinol', 'Methyl 6,7,8-trimethoxydihydrocinnamate', 'polypodine B', 'n-Propyl gallate', ""3',4',5',5,7,8-hexamethoxyflavone"", 'Isopropyl gallate', '6β-hydroxy-7-epigardoside methyl ester', 'Tetrahydropiperyline, N-[10-(13,14-methylenedioxyphenyl)-pentanoyl]-pyrrolidine', 'Piperovatine', '2,4,6-trimethoxybenzoic acid', 'fraxinellone', '6-[ 8(Z),11(Z) -pentadecadienyl] salicylic acid', '3,4,5-Triacetoxybenzoic acid', 'Odoratone', 'Rel-6β-hydroxyzuelanin-2β-benzoate', 'shidasterone', '5-hydroxymethyl- 2-furancarboxaldehyde; 5-hydroxymethyl-2-furfuraldehyde', 'atalaphyllinine', 'N-[10- (13,14-methylenedioxyphenyl)-7(E)-pentaenoyl]-pyrrolidine', '2-Methyl-5-methoxy-benzopyran-4-one', '3,4-dihydroxybenzoic acid geranyl ester', 'Gedunin', 'Sinapic acid', '19,20-Epoxycytochalasin Q', '19,20-Epoxycytochalasin R', 'Muraxanthone', '(+)-3-O-feruloylcassine', 'Pedalin, pedalitin 6-O-β -glucopyranoside', 'Caseargrewiin F; (1R*,3S*,5S*,6aR*,7S*,8R*,10R*,10aR*)-1,3-Bis(acetyloxy)-3,5,6,6a,7,8,9,10-octahydro-10-hydroxy-7,8-dimethyl-7-[(2Z)-3-methylpenta-2,4-dien-1-yl]naphtho[1,8a-c]furan-5-yl Butanoate', 'Casearin L; (1R*,3S*,5S*,6aR*,7R*,8R*,9S*,10S*,10aR*)-1,10-Bis(acetyloxy)-3,5,6,6a,7,8,9,10-octahydro-9-hydroxy-5-methoxy-7,8-dimethyl-7-[(2Z)-3-methylpenta-2,4-dien-1-yl]naphtho[1,8a-c]-furan-3-yl Butanoate', 'Platydesmine', 'Leiokinine A', 'Cabraleadiol', 'schaftoside', ""(2S)-Methyl-8-isopentyl-2-methyl-2-(4'-methylpentyl)chroman-6-carboxylate"", 'Casearupestrin A', '2-oxo-piperol B; (7S*, 8R*, 1R*, 3R*)-3,4,5-trimethoxy-3,7-cyclo-8,1-neolig-8-ene-2,4(3H)-dione', 'taxifolin', ""(2'S)-2-(propan-2'-ol)-5-hydroxy-benzopyran-4-one"", 'Rel-(+)-(7S,9R,10S)-3,9,12-trihydroxycalamenene', 'Casearin S', '2-Hexyl-3-methyl-butanodioic acid', 'Amentoflavone', '1-(5,7-dihydroxy-2,2-dimethylchroman-6-yl)-3-(1,1,4a-trimethyl-2,3,4,4a,9a-hexahydro-1H-xanthen-7-yl)propan-1-one', 'Methyl (E)-6,7,8-trimethoxycinnamate', '3,4,5-Trimethoxyphenyl-1-O-β-D-(5-O-syringoyl)-apiofuranosyl-(1→6)-β-D-glucopyranoside', '6-[8(Z),11(Z),14-pentadecatrienyl]salicylic acid', '11β-acetoxyobacunone', '1-(5,7-dihydroxy-2,2-dimethylchroman- 6-yl)-3-[4-hydroxy-3-(3-methylbut-2-en-1-yl)- phenyl]propan-1-one', '(3R,4R)-4,7-Dihydroxymellein', ""Nitensoside B; Pedalitin 6-O-α-rhamnopyranosyl(1'''→6'')-β-glucopyranoside"", 'Methyl gallate', '3-O-β-D-quinovopyranosyl cincholic acid', 'Afzelin, 3-O-α-rhamnosyl kaempferol', 'Egonol', '4-Nerolidilcatechol', ""2-(2'-O-transcoumaroyl)-C-β-D-glucopyranosyl-1,3,6,7-tetrahydroxyxanthone"", 'Syringic acid', 'Lauryl gallate', 'Syringaldehyde', '22-hydroxytirucalla-7,24-diene-2,3-dione', 'Trans-3’-methylsulphonylallyl trans-cinnamate', '(3-(2-(4-hydroxyphenyl)-2-oxoethyl)-5,6-dihydropyridin- 2(1H)-one)', 'Mangiferin', 'Salacin', '6-pentadecylsalicylic acid', 'Methyl-2,2-dimethylchroman-6-carboxylate', ""Myrsinoic acid A, 3-Geranyl-4-hydroxy-5-(3'',3''-dimethylallyl)benzoic acid"", '20α-Hydroxymaytenin; 20-hydroxy-20-epi-tingenone', '(-)-Epigallocatechin-3-O-gallate', 'Casearin D; (1R*,3S*,5S*,6aR*,7R*,8R*,9S*,10S*,10aR*)-1-(Acetyloxy)-3,5,6,6a,7,8,9,10-octahydro-5,10-dihydroxy-7,8-dimethyl-7-[(2Z)-3-methylpenta-2,4-dien-1-yl]naphtho[1,8a-c]furan-3,9-diyl Dibutanoate', 'Rel. (+)-(7S,10S) 3,12-dihydroxycalamenene', 'carlinoside', 'Methyl-8-(ethanoyloxy)-2,2-dimethyl-2H-chromene-6-carboxylate', 'Dibenzyl trisulphide', 'Maytenin, Tingenone', 'Kokusaginine', ""2-(2'-O-trans-caffeoyl)-C-β-D-glucopyranosyl-1,3,6,7-tetrahydroxyxanthone"", 'Netzahualcoyene', 'Casearin X Dialdehyde; (2R*,4aS*,5S*,7R*,8R*,8aS*)-4,4a-Diformyl-1,2,4a,5,6,7,8,8a-octahydro-5-hydroxy-7,8-dimethyl-8-[(2Z)-3-methylpenta-2,4-dien-1-yl]naphthalen-2-yl Butanoate', 'Sorbifolin', ""Nitensoside A; Sorbifolin 6-O-α-rhamnopyranosyl(1'''→6'')-β-glucopyranoside"", 'Casearin O; (1R*,3S*,5S*,6aR*,7R*,8R*,9S*,10S*,10aR*)-1,10-Bis(acetyloxy)-5-methoxy-7,8-dimethyl-7-[(2Z)-3-methylpenta-2,4-dien-1-yl]-3,5,6,6a,7,8,9,10-octahydronaphtho[1,8a-c]furan-3,9-diyl Dibutanoate', 'germacrene D', '2β-Hydroxyzuelanin-6β-cinnamate', 'arjunolic acid', 'stachysterone', 'Ethyl 2,4-dihydroxy-5,6-dimethylbenzoate', 'Amentoflavone 7”,4”’-dimethyl ether', 'Picramnioside F', 'Cyclo-(L-Pro-L-Val)', 'Acetonide of odoratol', '(−)-Grandisin', '24-methylenecycloartan-3b-ol', 'Ixoside', 'Cognatine', 'Fagaramide']]",doi_name
"['10.1002/ps.1278', 'carlinoside']","['10.1002/ps.1278', ['guaiol', 'γ-eudesmol', 'Hinesol', 'α-eudesmol', 'Pimara-7,15-dien-3β-ol', 'Ergosterol peroxide', '8-hydroxy-6-methoxy-3-methylisocoumarin', '(22E,24R)-ergosta-4,6,8(14),22-tetraen-3-one', 'Dimethyl terephthalate', '11-O-trans-feruloylteucrein', 'Teucrein', 'Galioside aglicone', 'Apodanthoside', 'Galioside', ""3,4-dimethyl-2-(4'-hydroxy-3',5'-dimethoxyphenyl)-5-methoxy-tetrahydrofuran"", ""3',4',5',3,5,7,8-heptamethoxyflavone"", ""3,5,6,7,3',4',5'-heptamethoxyflavonol"", '3,3-O-dimethylquercetin', 'penduletin 4-O-methyl ether', '2α,3α,19α- trihydroxyurs-12-en-28-oic acid', '2α,3α-dihydroxyolean-12- en-28-oic acid', '3,7,4-O-trimethylkaempferol', 'p-hydroxybenzoic acid', '3-O-methylquercetin', 'Chrysoeriol', 'acacetin', 'Tagitinin C', '1-methoxy-3-hydroxy-3,10b-4,5a-diepoxy-8b-isobutyroyloxygermacr-11(13)-en-6a,12-olide', ""4-Hydroxy-3-(3',7'-dimethyl-3'-hydroxy-1'-oxo-6'-octenyl)benzoic acid"", ""4-Hydroxy-(3',7'-dimethyl-1'-oxo-octa-2'-E-6'-dienyl)benzoic acid"", ""Isosakuranetin; 5,7-dihydroxy-4'-methoxyflavanone"", ""1,4-Dihydroxy-2-(3',7'-dimethyl-1'-oxo-2'-E-6'-octadienyl)benzene"", ""Sakuranetin; 5,4'-dihydroxy-7-methoxyflavanone"", ""3',4'-methylenedioxy-5,6,7- trimethoxyflavone"", ""2'-hydroxy-3,4,4'-trimethoxy-5',6'-(2'',2''-dimethylpyrano)-chalcone"", ""3',4'-methylenedioxy-5,5',6,7-tetramethoxyflavone"", ""3',4'-methylenedioxy-5,7-dimethoxyflavone"", 'Aphidicolin', '21β,25-dimethylmelianodiol', '3,21-Di-epi-feroniellide B', '21α,25-dimethylmelianodiol', 'Cordifoline', 'Turbinatine', '3,4-dehydro-strictosidine', '3,4-dehydrostrictosidine acid', 'Strictosidine acid', '5α-carboxystrictosidine', 'Harman-3-carboxylic acid', 'Deoxycordifoline', '(+)-11α-Hydroxyerythravine', '(+)-Erythravine', '(+)-α-Hydroxyerysotrine', '4-metoxi-6-[2-(metilamino)fenil]- 2H-piran-2-ona', 'Kaempferol-3-O-rutinoside', 'Kaempferol-3-O-α-L-rhamnopyranosyl-(1→6)-β-D-galactopyranoside', 'Catechin, Ent-catechin', 'Procyanidin B-3', 'Kaempferol-3-O-D-galactopyranoside', '6-Hydroxy-rutin', 'Kaempferol-3-O-α-L-rhamnopyranosyl-(1-6)-α-L-rhamnopyranosyl-(1-4)-β-D-glucopyranoside', 'Quercetin-3-O-α-L-rhamnopyranosyl-(1→6)-β-D-galactopyranoside', 'Kaempferol-3-O-D-glucopyranoside', 'Taraxerol acetate', 'Nitensidine E', 'Nitensidine D', 'Beauvericin', 'Anhydrofusarubin', 'Hispidol A', 'Nilocetin', 'Oleanonic acid', 'Pentaol', 'cryptomeridiol', 'Iso-odoratol', 'Piscidinol A', '3,11-dioxoolean-12-en-28- onic acid', ""Isoswertisin-4'-methyl-ether-2''α-L-rhamnoside"", 'Clusifoliol', '2-Episesalatin', ""Isoswertisin-2''α1-L-rhamnoside"", 'Sesartemin', 'Citibrasine', '2,3-dihydro-4,9-dihydroxy-2-(2-hydroxy-propan-2-yl)- 11-methoxy-10-methylfuro[3,2-b]acridin-5(10H)-one', 'bis-5-hydroxyacronycine', 'astilbin; Rel-(2R, 3R)-dihydroquercetin-3-O-±-L-rhamnoside', 'Methyl (3R,4R,5R)-3-{[(2Z)-3-(3,4-dihydroxyphenyl)-2-propenoyl]oxy}-1,4,5-trihydroxycyclohexanecarboxylate', 'Methyl (3R,4R,5R)-3-{[(2E)-3-(3,4-dihydroxyphenyl)-2-propenoyl]oxy}-1,4,5-trihydroxycyclohexanecarboxylate', 'Chlorogenic acid methyl ester, Methyl (1S,3R,4R,5R)-3-{[(2E)-3-(3,4-dihydroxyphenyl)-2-propenoyl]oxy}-1,4,5-trihydroxycyclohexanecarboxylate', 'Mycoleptone A', '9-hydroxyeugenin', 'Mycoleptone A tetraacetate', 'Eugenitin', 'Mycoleptone B', 'Austdiol', 'Austdiol diacetate', '6-methoxyeugenin', 'α-Gardiol', 'β-Gardiol', 'Ferulic acid', 'Xanthyletin', '5,7-dimethoxy-2,2-dimethyl-2H-1-benzopyran-6-propanoic acid', '17-(3,4-Methylenedioxyphenyl)-heptadecanoic acid', ""7,4'-Dimethoxyflavone"", '21´-(3,4-Methylenedioxyphenyl)-henicosanoic acid', ""7,4'-Dihydroxyflavone"", '(+)-Guaiacin', '19´-(3,4-Methylenedioxyphenyl)-nonadecanoic acid', 'Sargachromenol', 'Sargaquinoic acid', 'Farnisine', ""Juruenolic acid; 2-(4'-Methylpentenyl-3)-10-oxoundecan-2,6-dienoic acid"", 'Fasciculiferin', 'Tithonine', '(-)-3-O-acetyl-spectaline', 'Stearic acid 4-pentoyloxyphenethyl ester', ""Rel-(7R,8S,7'S,8'S)-4',5'-methylenedioxy-3,4,5,3'-tetramethoxy-7,7'-epoxylignan"", ""Rel-(7R,8S,7'S,8'S)-4'-hydroxy-3,4,5,3',5'-pentamethoxy-7,7'-epoxylignan"", ""Rel-(7R,8S,7'S,8'S)-9-hydroxy-4',5'-methylenedioxy-3,4,5,3'-tetramethoxy-7,7'-epoxylignan"", ""Rel-(7R,8S,7'S,8'S)-4,5,4',5'-dimethylenedioxy-3,3'-dimethoxy-7,7'-epoxylignan"", ""Rel-(7R,8S,7'S,8'S)-4-hydroxy-4',5'-methylenedioxy-3,5,3'-trimethoxy-7,7'-epoxylignan"", '2-n-Propylquinoline', ""2-(1'-pentenyl)-Quinoline"", '2-n-Pentylquinoline', ""2-(3',4'-methylenedioxyphenylethyl)-Quinoline"", 'Epi-guaiacin', 'Verrucosin', '7-Methyl-sargachromenol; 2,7,8-Trimethyl-2-[(3-E,7-Z)-4,12-dimethyl-8-carboxyl-3,7,11-tridecatrienyl]-3-chromen-6-ol, β-caroteno', 'Nectandrin B', '1,3,5-trihydroxy- 2,8-bis(3-methylbut-2-enyl)-10-methyl-9-acridone', '5-hydroxynoracronycine; Atalaphyllidine', '3,4-dihydro-3,5,8-trihydroxy-6-methoxy-2,2,7-trimethyl-2Hpyrano[ 2,3-a]acridin-12(7H)-one', 'Citrusinine-I', 'Pyranofoline', 'Citrusinine-II', '1,3,5-trihydroxy-4-methoxy-10-methyl- 2,8-bis(3-methylbut-2-enyl)acridin-9(10H)-one', 'Glycocitrine-IV', 'Glycocitrine-I', '5,7-dimethoxy-2,2-dimethyl-2H-1-benzopyran-6-propanoate', 'β-caryophyllene, trans-caryophyllene', '3,4,5-Trimethoxydihydrocinnamic acid', ""4-Hydroxy-3-(3',7'-dimethylocta-2'-E-6'-dienyl)benzoic acid"", 'Methyl 2,2-dimethyl-1-oxo-2H-1-benzopyran-6-carboxylate', ""2',6'-Dihydroxy-4'-methoxydihydrochalcone"", ""Methyl 4-hydroxy-3-(3'-methyl-2'-butenyl)benzoate"", ""Methyl taboganate; Methyl 4-hydroxy-3-(3'-methyl-1'-oxo-2'-butenyl)benzoate"", ""Hostmaniene; 4-Hydroxy-3-(2',3'-dihydroxy-3'-methylbutyl)benzoate"", 'Piperaduncine B', ""4-Hydroxy-(3',7'-dimethyl-1'-oxo-octa-2'-Z-6'-dienyl)benzoic acid"", ""Aduncumene; Methyl 2-methoxy-5-(3'-methyl-1'-oxo-2'-butenyl)benzoate"", ""Methyl 4-hydroxy-3-(3'-methyl-2'-hydroxy-3'-butenyl)benzoate"", '7-Methoxydiderroside', 'Secoxyloganin', 'Diderroside', ""6'-Acetyl-β-D-glucopyranosyldiderroside"", 'Methacrylic acid', ""4-Methoxy-3-(3',7'-dimethylocta-2'-E-6'-dienyl)benzoic acid"", 'Methyl-8-hydroxy-2,2-dimethyl-2H-chromene-6-carboxylate', ""3-(3',7 '-dimethyl-2',6 '-octadienyl)-4-methoxy-benzoic acid"", 'cyclo (L)-Pro-Gly', 'Isopimpinellin', ""N-[3-(6'-methoxy-3',4'-methy-lenedioxyphenyl)-2(Z)-propenoyl]pyrrolidine"", '8,9-dihydropiplartine; N-(12,13,14-trimethoxydihydrocinnamoyl)-Δ3-pyridin-2-one', '(E)-piplartine', '10,11-dihydropiperine; Δα,β-dihydropiperine', 'Piperine', '4,5-dihydropiperlonguminine; Piperlonguminine', '4,5-dihydropiperyline', '(Z)-piplartine; 8(Z)-N-(12,13, 14-trimethoxycinnamoyl)- 3-pyridin-2-one', '(3Z,5Z)-N-isobutyl-8-(30,40-methylenedioxy-phenyl)-heptadienamide', 'Pellitorine', 'Cusculine; 1,2,3,5,6-pentamethoxy-9-acridone', 'Cuspanine; 1-hydroxy-2,3,5,6-tetramethoxy-9-acridone', '2α,3α-Dihydroxy-urs-12-en-28-oic acid', '3-O-β-D-(6’-methyl)-glucopyranosyl-28-O-β-D-glucopyranosyl-oleanate', 'Oleanolic acid 3-sophoroside', '5-hydroxyflavone', '2-phenyl-4H-chromen-4-one', 'β-Sitosterol benzoate', 'Haplotusine', 'Sinapyl 4-O-β-D-glucopyranoside aldehyde', 'N-acetylnonaine', 'Liriodenine', 'Sinapyl 4-O-β-D-glucopyranoside alcohol', '[10]-gingerol', ""2,4-Dihydroxy-6-[(1'E,3'E)-penta-1', 3'-dienyl]-benzaldehyde"", '2-methyl-5-[8(Z)-pentadecenyl]resorcinol', 'Nitensidine A', '2-hydroxyphenylacetic acid', '3-O-β-D-quinovopyranosyl quinovic acid', ""8-hydroxy-3,5,7,3',4',5'-hexamethoxyflavonol"", '2-methyl-5-pentadecylresorcinol', '3β-hydroxy-stigmast-5-en-7-one; 24-β-7-oxositosterol', 'scillascillin', '(4R)-4,8-dihydroxy-α-tetralone', 'Homoegonol', '[8]-gingerol', '4-Hydroxymellein', '5-hydroxymellein', 'fraxinellonone', 'Sorbifolin 6-O-β-glucopyranoside', 'Rel-2α-hydroxyzuelanin-6β-benzoate', '2,6-di-O-acetylcasearupestrin D', ""Methyl-2,2-dimethyl-8-(3'-methylbut-2'-enyl)chroman-6-carboxylate"", '2,7-Di-O-acetylcasearupestrin A', 'Odoratol', 'Leptomerine', '5-hydroxy-N-methylseverifoline', '19,20-Epoxycytochalasin N', 'ellagic acid 4-O-α-L-rhamnopyranoside; eschweilenol C', 'Mayoside C', 'Ourateacatechin', ""3',4',5',5,7-pentamethoxyflavone"", 'Acetonide of odoratol', '(−)-Grandisin', '24-methylenecycloartan-3b-ol', 'Skimmianine', 'p-hydroxybenzoic acid-geranyl ester', 'Dibenzyl disulphide', 'Proanthocyanidin', 'neoisoastilbin', '(R)-7-Hydroxymellein', ""5-(3'' -Hydroxypropyl)-7-methoxy-2-(3',4' -methyl-enedioxyphenyl)benzofuran"", '22β-hydroxypristimerin', '1- (5,7-dihydroxy-2,2-dimethylchroman-6-yl)-3-(2,2-dimethylchroman- 6-yl)propan-1-one', 'Canavaline', 'Di-hydrodehydrodiconiferyl alcohol', 'Quercetin', ""2-(2'-O-trans-cinnamoyl)-C-β-D-glucopyranosyl-1,3,6,7-tetrahydroxyxanthone"", 'Kokusaginine', 'Ocotillone', 'des-N-methylnoracronycine', '6α-acetoxy-14β,15β-epoxyazadirone', 'Maculosidine', 'Podocarpusflavone A', 'Casearupestrin C', '6α-malonyloxy-n-butyl ester manoyl oxide', 'citrusinine-I', 'Ricinine', 'Leptophyllin A', '5-pentadecylresorcinol', '19,20-Epoxycytochalasin D', 'fumiquinozoline F', 'Kaempferol 3-O-α-L-rhamnopyranosyl (1→6)-O-[β -D-glucopyranosyl (1→3)-O-α-L-rhamnopyranosyl-(1→2)]-O-β -D-glucopyranosyl', 'Nitensidine B', '1-methyl-2-n-nonyl-4-quinolone', '5-[8(Z),11(Z),14-pentadecatrienyl]resorcinol', 'Gallic acid; 3,4,5-trihydroxybenzoic acid', 'Caseobliquin A', 'Methyl angolensate', '3β-O-[α-L-rhamnopyranosyl-(1→2)-O-β-D-glucopyranosyl-(1→2)-O-β-D-glucopyranosyl]-28-O-β-D-glucopyranoside pomolate', 'Dibenzyl tetrasulphide', ""2',5-dihydroxy-3-methoxy-8-dimethylallyl-6, 7-(2' ',2''-dimethylpyrano)-dihydroflavonol"", '2-n-nonyl-4-quinolone', 'Cytochalasin D', 'Isoorientin', 'urauchimycin A', 'p-Coumaric acid', '(-)-Epigallocatechin', 'Netzahualcoyonol', '1-[3-(3,7-dimethylocta-2,6-dien-1-yl)-2,4,6- trihydroxyphenyl]-3-(4-hydroxyphenyl)propan-1-one', '6α-malonyloxymanoyl oxide', '6α-acetoxymanoyl oxide', 'Methyl-8-hydroxy-2,2-dimethylchroman-6-carboxylate', 'Dipropyl disulphide', '2-methyl-5-[8(Z),11(Z)-pentadecadienyl]resorcinol', 'Methyl 6,7,8-trimethoxydihydrocinnamate', '2-Hexyl-3-methyl-butanodioic acid', 'fraxinellone', '6-[ 8(Z),11(Z) -pentadecadienyl] salicylic acid', 'polypodine B', 'n-Propyl gallate', ""3',4',5',5,7,8-hexamethoxyflavone"", 'Isopropyl gallate', '6β-hydroxy-7-epigardoside methyl ester', 'Tetrahydropiperyline, N-[10-(13,14-methylenedioxyphenyl)-pentanoyl]-pyrrolidine', 'Piperovatine', '2,4,6-trimethoxybenzoic acid', '1-O-(E)-caffeoyl-β-D-glucopyranoside', 'Quercitrin, 3-O-α-rhamnosylquercetin', 'Quercetin 3-O-α-L-rhamnopyranosyl (1→6)-O-[β -D-glucopyranosyl (1→3)-O-α-L-rhamnopyranosyl-(1→2)]-O-β -D-glucopyranosyl', 'Heveaflavone', 'Arboreumine', '3-Oxoursolic acid', 'Casearupestrin B', 'toonacilin', 'Uracil', '1-O-(E)-feruloyl-β-D-glucopyranoside', '19,20-Epoxycytochalasin C', 'Benzylhydroxymethyl sulphide', '1,6-di-O-caffeoyl-β-D-glucopyranoside', '2-methyl-5-[8(Z),11(Z),14-pentadecatrienyl]resorcinol', 'epoxy-fraxinellone', '12′-hydroxy-7′-multijuguinone', 'Kaempferitrin', 'Nitensidine C', 'Casearupestrin D', 'Chaetoglobosin B', 'n-Pentyl gallate', 'Orcinol', 'Periconicin B', 'Phomopsilactone', ""(2S)-8-Isopentyl-2-methyl-2-(4'-methylpentyl)chroman-6-carboxylic acid"", '2,2-dimethyl-2H-chromene-6-carboxylic acid', '1,2-dihydro- 3β-hydroxy-7-deacetoxy-7-oxogedunin', 'Photogedunin', 'Casearin X; (1R*,3S*,5S*,6aR*,7S*,8S*,10R*,10aR*)-1-(Acetyloxy)-3,5,6,6a,7,8,9,10-octahydro-10-hydroxy-7,8-dimethyl-7-[(2Z)-3-methylpenta-2,4-dien-1-yl]naphtho[1,8a-c]furan-3,5-diyl Dibutanoate', ""2-(R)-Methyl-6-(S)-(tetradecyl-13'-one)-3(R)-O-tert-butyldimethylsilyl-piperidine"", '(2S)-Methyl-2-methyl-8-(3""-methylbut-2""-enyl)-2-(4\'-methylpent-3\'-enyl)-2H-chromene-6-carboxylate', '20-hydroxyecdysone; polypodine A', '3-Acetyl aleuritolic acid', 'Alkenoic acid', ""2-(2'-O-trans-caffeoyl)-C-β-D-glucopyranosyl-1,3,6,7-tetrahydroxyxanthone"", 'Netzahualcoyene', 'Casearin X Dialdehyde; (2R*,4aS*,5S*,7R*,8R*,8aS*)-4,4a-Diformyl-1,2,4a,5,6,7,8,8a-octahydro-5-hydroxy-7,8-dimethyl-8-[(2Z)-3-methylpenta-2,4-dien-1-yl]naphthalen-2-yl Butanoate', 'Casearin T', 'Piperyline, N-[10-(13,14-methylenedioxyphenyl)-7(E),9(E)-pentadienoyl]-pyrrolidine', 'ω-fenil alcanoic acid', '2-butyl-D-fructofuranoside', ""Gaudichaudianic acid; (2S)-2-methyl-2-(4'methyl-3'-pentenyl)-8-(3''-methyl-2-butenyl)- 2H-1-benzopyran-6-carboxylic acid"", 'limonexic acid', 'Pedalitin', 'Di(benzyltrithio) methane', '3,11,12-Trihydroxycadalene', 'Quercetin 3-O-sophoroside', '(3R,4R)-3,4-Dihydro-4,6-dihydroxy-3-methyl-1-oxo-1H-isochromene-5-carboxylic acid', '24-methylene-3,22-dihydroxycholesterol', 'amorphispironone', 'taxifolin', ""(2'S)-2-(propan-2'-ol)-5-hydroxy-benzopyran-4-one"", 'Rel-(+)-(7S,9R,10S)-3,9,12-trihydroxycalamenene', 'Casearin S', '11β-acetoxyobacunone', '1-(5,7-dihydroxy-2,2-dimethylchroman- 6-yl)-3-[4-hydroxy-3-(3-methylbut-2-en-1-yl)- phenyl]propan-1-one', '(3R,4R)-4,7-Dihydroxymellein', 'Piperol B', '(-)-Hardwickiic acid', ""5-[3''-(β-D-glucopyranosyloxy)propyl]-7-methoxy-2-(3',4'-methylenedioxyphenyl)benzofuran"", '28-O-β-D-glucopyranosyl quinovic acid', '2-Methyl-4-hydroxy-butyl caffeoate', 'N-1,N-2,N-3-Triisopentenylguanidine', 'Dibenzyl trisulphide', 'Maytenin, Tingenone', 'urauchimycin B', '6-[8(Z)-pentadecenyl]salicylic acid', '(2S)-2-methyl-8-(3""-methylbut-2""-enyl)-2-(4\'-methylpent-3\'-enyl)-2H-chromene-6-carboxylic acid', 'Burchellin', '5-[8(Z)-pentadecenyl]resorcinol', 'Luteolin; 2-(3,4-dihydroxyphenyl)-5,7-dihydroxy-4H-chromen-4-one', 'Sinapic acid', '19,20-Epoxycytochalasin Q', '19,20-Epoxycytochalasin R', 'Muraxanthone', 'Odoratone', 'Rel-6β-hydroxyzuelanin-2β-benzoate', ""2-(2'-O-benzoyl)-C-β-D-glucopyranosyl-1,3,6,7-tetrahydroxyxanthone"", 'Isoplumericin', 'α-L-xylopyranosyl-(4""→20)-(3-O-β-D-glucopyranosyl)-1\'-O-E-caffeoyl-β-D-glucopyranoside', 'Casearupestrin A', '2-oxo-piperol B; (7S*, 8R*, 1R*, 3R*)-3,4,5-trimethoxy-3,7-cyclo-8,1-neolig-8-ene-2,4(3H)-dione', ""N-[7-(3',4'-methylenedioxyphenyl)-2(Z),4(Z)-heptadienoyl]pyrrolidine"", ""Acteoside; [β-3,4-dihydroxyphenyl)-ethyl]-(3'-O-α-L-rhamnopyranosyl)-(4'-O-cafeoyl)-β-D-glycopyranoside, verbascoside"", 'shidasterone', '5-hydroxymethyl- 2-furancarboxaldehyde; 5-hydroxymethyl-2-furfuraldehyde', 'atalaphyllinine', 'N-[10- (13,14-methylenedioxyphenyl)-7(E)-pentaenoyl]-pyrrolidine', '2-Methyl-5-methoxy-benzopyran-4-one', '3,4-dihydroxybenzoic acid geranyl ester', 'N-[10-(13,14-methylenedioxyphenyl)-7(E),9(Z)-pentadienoyl]-pyrrolidine', 'Gedunin', 'Pedalin, pedalitin 6-O-β -glucopyranoside', 'Caseargrewiin F; (1R*,3S*,5S*,6aR*,7S*,8R*,10R*,10aR*)-1,3-Bis(acetyloxy)-3,5,6,6a,7,8,9,10-octahydro-10-hydroxy-7,8-dimethyl-7-[(2Z)-3-methylpenta-2,4-dien-1-yl]naphtho[1,8a-c]furan-5-yl Butanoate', 'Casearin L; (1R*,3S*,5S*,6aR*,7R*,8R*,9S*,10S*,10aR*)-1,10-Bis(acetyloxy)-3,5,6,6a,7,8,9,10-octahydro-9-hydroxy-5-methoxy-7,8-dimethyl-7-[(2Z)-3-methylpenta-2,4-dien-1-yl]naphtho[1,8a-c]-furan-3-yl Butanoate', 'Platydesmine', ""Nitensoside B; Pedalitin 6-O-α-rhamnopyranosyl(1'''→6'')-β-glucopyranoside"", 'Amentoflavone', 'Methyl (E)-6,7,8-trimethoxycinnamate', '3,4,5-Trimethoxyphenyl-1-O-β-D-(5-O-syringoyl)-apiofuranosyl-(1→6)-β-D-glucopyranoside', '6-[8(Z),11(Z),14-pentadecatrienyl]salicylic acid', 'Sorbifolin', ""Nitensoside A; Sorbifolin 6-O-α-rhamnopyranosyl(1'''→6'')-β-glucopyranoside"", 'Casearin O; (1R*,3S*,5S*,6aR*,7R*,8R*,9S*,10S*,10aR*)-1,10-Bis(acetyloxy)-5-methoxy-7,8-dimethyl-7-[(2Z)-3-methylpenta-2,4-dien-1-yl]-3,5,6,6a,7,8,9,10-octahydronaphtho[1,8a-c]furan-3,9-diyl Dibutanoate', 'germacrene D', '(-)-Spectalinine', 'Netzahualcoyondiol', 'Pristimerin; 20α-3-hydroxy-2-oxo-24-nor-friedela-1-10,3,5,7-tetraen-carboxylic acid-29-methylester', '3,4,5-trimethoxyphenyl 1-O-β-D-apiofuranosyl-(1→6)-O-β-D-glucopyranoside', 'β-photogedunin', 'n-Butyl gallate', ""5-[3''-(β-D-glucopyranosyloxy)propyl]-7-methoxy-2-(3',4'-dimethoxyphenyl)benzofuran"", '3,12-Dihydroxycadalene', '7-hydroxy-3- (11-dimethylallyl)-8-methoxycoumarin', 'Afzelin, 3-O-α-rhamnosyl kaempferol', 'Egonol', '4-Nerolidilcatechol', ""2-(2'-O-transcoumaroyl)-C-β-D-glucopyranosyl-1,3,6,7-tetrahydroxyxanthone"", 'Syringic acid', '(+)-3-O-feruloylcassine', '6-pentadecylsalicylic acid', 'Methyl-2,2-dimethylchroman-6-carboxylate', ""Myrsinoic acid A, 3-Geranyl-4-hydroxy-5-(3'',3''-dimethylallyl)benzoic acid"", '20α-Hydroxymaytenin; 20-hydroxy-20-epi-tingenone', 'Leiokinine A', 'Cabraleadiol', 'schaftoside', ""(2S)-Methyl-8-isopentyl-2-methyl-2-(4'-methylpentyl)chroman-6-carboxylate"", '3,4,5-Triacetoxybenzoic acid', '1-(5,7-dihydroxy-2,2-dimethylchroman-6-yl)-3-(1,1,4a-trimethyl-2,3,4,4a,9a-hexahydro-1H-xanthen-7-yl)propan-1-one', '(±)-Syringaresinol', 'Cyclo-(L-Pro-L-Val)', '(-)-Epigallocatechin-3-O-gallate', 'Casearin D; (1R*,3S*,5S*,6aR*,7R*,8R*,9S*,10S*,10aR*)-1-(Acetyloxy)-3,5,6,6a,7,8,9,10-octahydro-5,10-dihydroxy-7,8-dimethyl-7-[(2Z)-3-methylpenta-2,4-dien-1-yl]naphtho[1,8a-c]furan-3,9-diyl Dibutanoate', 'Rel. (+)-(7S,10S) 3,12-dihydroxycalamenene', 'carlinoside', 'Methyl-8-(ethanoyloxy)-2,2-dimethyl-2H-chromene-6-carboxylate', 'arjunolic acid', 'stachysterone', 'Ethyl 2,4-dihydroxy-5,6-dimethylbenzoate', 'Amentoflavone 7”,4”’-dimethyl ether', 'Picramnioside F', 'Lauryl gallate', 'Syringaldehyde', 'Methyl gallate', '3-O-β-D-quinovopyranosyl cincholic acid', 'Dibenzyl sulphide', '(-) Cis-4-hydroxy-6-deoxyscytalone', 'Plumericin', '5-[8(Z),11(Z)-pentadecadienyl]resorcinol', '22-hydroxytirucalla-7,24-diene-2,3-dione', 'Trans-3’-methylsulphonylallyl trans-cinnamate', '(3-(2-(4-hydroxyphenyl)-2-oxoethyl)-5,6-dihydropyridin- 2(1H)-one)', 'Mangiferin', 'Salacin', 'Viburgenin', ""Pterogynoside; Kaempferol-3-O-(3''-O-4'''-methylgallate-α-L-rhamnoside)"", 'Isobutyl gallate', '7′-multijuguinone', 'Griseofulvin', ""7-Hydroxy-4',6-dimethoxyisoflavone; Afrormosin; Afromosin"", '8-methoxymellein', 'Ixoside', '2β-Hydroxyzuelanin-6β-cinnamate', 'Cognatine', 'Fagaramide', 'Chalepin', 'Chlorogenic acid', 'Kaempferol']]",doi_name
"['10.1023/A:1025694720727', 'germacrene D']","['10.1023/A:1025694720727', ['guaiol', 'γ-eudesmol', 'Hinesol', 'α-eudesmol', 'Teucrein', '11-O-trans-feruloylteucrein', 'Galioside aglicone', 'Galioside', 'Apodanthoside', 'Mycoleptone A', '9-hydroxyeugenin', 'Eugenitin', 'Austdiol', '6-methoxyeugenin', 'Mycoleptone A tetraacetate', 'Austdiol diacetate', 'Mycoleptone B', ""3',4'-methylenedioxy-5,6,7- trimethoxyflavone"", ""3',4'-methylenedioxy-5,5',6,7-tetramethoxyflavone"", ""2'-hydroxy-3,4,4'-trimethoxy-5',6'-(2'',2''-dimethylpyrano)-chalcone"", ""3',4'-methylenedioxy-5,7-dimethoxyflavone"", '3,3-O-dimethylquercetin', '2α,3α,19α- trihydroxyurs-12-en-28-oic acid', 'penduletin 4-O-methyl ether', '3-O-methylquercetin', '3,7,4-O-trimethylkaempferol', 'p-hydroxybenzoic acid', '2α,3α-dihydroxyolean-12- en-28-oic acid', 'Chrysoeriol', 'acacetin', '2-n-Pentylquinoline', ""2-(1'-pentenyl)-Quinoline"", ""2-(3',4'-methylenedioxyphenylethyl)-Quinoline"", '2-n-Propylquinoline', 'α-Gardiol', 'β-Gardiol', 'Ferulic acid', 'Chlorogenic acid methyl ester, Methyl (1S,3R,4R,5R)-3-{[(2E)-3-(3,4-dihydroxyphenyl)-2-propenoyl]oxy}-1,4,5-trihydroxycyclohexanecarboxylate', 'Secoxyloganin', 'Diderroside', ""6'-Acetyl-β-D-glucopyranosyldiderroside"", '7-Methoxydiderroside', ""3',4',5',3,5,7,8-heptamethoxyflavone"", ""3,5,6,7,3',4',5'-heptamethoxyflavonol"", ""3,4-dimethyl-2-(4'-hydroxy-3',5'-dimethoxyphenyl)-5-methoxy-tetrahydrofuran"", '3,21-Di-epi-feroniellide B', '21β,25-dimethylmelianodiol', '21α,25-dimethylmelianodiol', '5,7-dimethoxy-2,2-dimethyl-2H-1-benzopyran-6-propanoate', 'Anhydrofusarubin', 'Beauvericin', 'Aphidicolin', ""Rel-(7R,8S,7'S,8'S)-4-hydroxy-4',5'-methylenedioxy-3,5,3'-trimethoxy-7,7'-epoxylignan"", ""Rel-(7R,8S,7'S,8'S)-9-hydroxy-4',5'-methylenedioxy-3,4,5,3'-tetramethoxy-7,7'-epoxylignan"", ""Rel-(7R,8S,7'S,8'S)-4'-hydroxy-3,4,5,3',5'-pentamethoxy-7,7'-epoxylignan"", ""Rel-(7R,8S,7'S,8'S)-4,5,4',5'-dimethylenedioxy-3,3'-dimethoxy-7,7'-epoxylignan"", ""Rel-(7R,8S,7'S,8'S)-4',5'-methylenedioxy-3,4,5,3'-tetramethoxy-7,7'-epoxylignan"", '2,3-dihydro-4,9-dihydroxy-2-(2-hydroxy-propan-2-yl)- 11-methoxy-10-methylfuro[3,2-b]acridin-5(10H)-one', 'bis-5-hydroxyacronycine', 'Citibrasine', ""4-Methoxy-3-(3',7'-dimethylocta-2'-E-6'-dienyl)benzoic acid"", ""3-(3',7 '-dimethyl-2',6 '-octadienyl)-4-methoxy-benzoic acid"", 'Methyl-8-hydroxy-2,2-dimethyl-2H-chromene-6-carboxylate', 'Procyanidin B-3', 'Kaempferol-3-O-α-L-rhamnopyranosyl-(1→6)-β-D-galactopyranoside', 'Quercetin-3-O-α-L-rhamnopyranosyl-(1→6)-β-D-galactopyranoside', 'Kaempferol-3-O-D-glucopyranoside', 'Kaempferol-3-O-α-L-rhamnopyranosyl-(1-6)-α-L-rhamnopyranosyl-(1-4)-β-D-glucopyranoside', '6-Hydroxy-rutin', 'Kaempferol-3-O-D-galactopyranoside', 'Catechin, Ent-catechin', 'Kaempferol-3-O-rutinoside', '(+)-Erythravine', '(+)-11α-Hydroxyerythravine', '(+)-α-Hydroxyerysotrine', 'Xanthyletin', 'Taraxerol acetate', 'Epi-guaiacin', '7-Methyl-sargachromenol; 2,7,8-Trimethyl-2-[(3-E,7-Z)-4,12-dimethyl-8-carboxyl-3,7,11-tridecatrienyl]-3-chromen-6-ol, β-caroteno', 'Verrucosin', 'Nectandrin B', '17-(3,4-Methylenedioxyphenyl)-heptadecanoic acid', '21´-(3,4-Methylenedioxyphenyl)-henicosanoic acid', '(+)-Guaiacin', 'Sargachromenol', ""7,4'-Dihydroxyflavone"", 'Sargaquinoic acid', '19´-(3,4-Methylenedioxyphenyl)-nonadecanoic acid', 'Farnisine', ""7,4'-Dimethoxyflavone"", 'Fasciculiferin', ""Juruenolic acid; 2-(4'-Methylpentenyl-3)-10-oxoundecan-2,6-dienoic acid"", 'Tithonine', 'Methyl (3R,4R,5R)-3-{[(2Z)-3-(3,4-dihydroxyphenyl)-2-propenoyl]oxy}-1,4,5-trihydroxycyclohexanecarboxylate', 'Methyl (3R,4R,5R)-3-{[(2E)-3-(3,4-dihydroxyphenyl)-2-propenoyl]oxy}-1,4,5-trihydroxycyclohexanecarboxylate', '5,7-dimethoxy-2,2-dimethyl-2H-1-benzopyran-6-propanoic acid', 'cyclo (L)-Pro-Gly', 'Dimethyl terephthalate', 'Ergosterol peroxide', '(22E,24R)-ergosta-4,6,8(14),22-tetraen-3-one', '8-hydroxy-6-methoxy-3-methylisocoumarin', 'Pimara-7,15-dien-3β-ol', '(-)-3-O-acetyl-spectaline', ""4-Hydroxy-3-(3',7'-dimethyl-3'-hydroxy-1'-oxo-6'-octenyl)benzoic acid"", ""Isosakuranetin; 5,7-dihydroxy-4'-methoxyflavanone"", ""1,4-Dihydroxy-2-(3',7'-dimethyl-1'-oxo-2'-E-6'-octadienyl)benzene"", ""4-Hydroxy-(3',7'-dimethyl-1'-oxo-octa-2'-E-6'-dienyl)benzoic acid"", ""Sakuranetin; 5,4'-dihydroxy-7-methoxyflavanone"", 'Citrusinine-II', 'Glycocitrine-IV', 'Citrusinine-I', '3,4-dihydro-3,5,8-trihydroxy-6-methoxy-2,2,7-trimethyl-2Hpyrano[ 2,3-a]acridin-12(7H)-one', 'Glycocitrine-I', '1,3,5-trihydroxy- 2,8-bis(3-methylbut-2-enyl)-10-methyl-9-acridone', '5-hydroxynoracronycine; Atalaphyllidine', 'Pyranofoline', '1,3,5-trihydroxy-4-methoxy-10-methyl- 2,8-bis(3-methylbut-2-enyl)acridin-9(10H)-one', 'Nilocetin', 'Hispidol A', 'Iso-odoratol', 'Pentaol', 'cryptomeridiol', '3,11-dioxoolean-12-en-28- onic acid', 'Piscidinol A', 'Oleanonic acid', 'Tagitinin C', '1-methoxy-3-hydroxy-3,10b-4,5a-diepoxy-8b-isobutyroyloxygermacr-11(13)-en-6a,12-olide', 'Isopimpinellin', ""Isoswertisin-2''α1-L-rhamnoside"", '2-Episesalatin', 'Sesartemin', 'Clusifoliol', ""Isoswertisin-4'-methyl-ether-2''α-L-rhamnoside"", 'Nitensidine D', 'Nitensidine E', '4,5-dihydropiperyline', '8,9-dihydropiplartine; N-(12,13,14-trimethoxydihydrocinnamoyl)-Δ3-pyridin-2-one', ""N-[3-(6'-methoxy-3',4'-methy-lenedioxyphenyl)-2(Z)-propenoyl]pyrrolidine"", '(E)-piplartine', 'Piperine', '10,11-dihydropiperine; Δα,β-dihydropiperine', '4,5-dihydropiperlonguminine; Piperlonguminine', '(Z)-piplartine; 8(Z)-N-(12,13, 14-trimethoxycinnamoyl)- 3-pyridin-2-one', 'Pellitorine', '(3Z,5Z)-N-isobutyl-8-(30,40-methylenedioxy-phenyl)-heptadienamide', ""Aduncumene; Methyl 2-methoxy-5-(3'-methyl-1'-oxo-2'-butenyl)benzoate"", ""2',6'-Dihydroxy-4'-methoxydihydrochalcone"", ""4-Hydroxy-3-(3',7'-dimethylocta-2'-E-6'-dienyl)benzoic acid"", ""Methyl taboganate; Methyl 4-hydroxy-3-(3'-methyl-1'-oxo-2'-butenyl)benzoate"", '3,4,5-Trimethoxydihydrocinnamic acid', 'Methyl 2,2-dimethyl-1-oxo-2H-1-benzopyran-6-carboxylate', ""Methyl 4-hydroxy-3-(3'-methyl-2'-hydroxy-3'-butenyl)benzoate"", ""Hostmaniene; 4-Hydroxy-3-(2',3'-dihydroxy-3'-methylbutyl)benzoate"", ""4-Hydroxy-(3',7'-dimethyl-1'-oxo-octa-2'-Z-6'-dienyl)benzoic acid"", 'Piperaduncine B', ""Methyl 4-hydroxy-3-(3'-methyl-2'-butenyl)benzoate"", 'Stearic acid 4-pentoyloxyphenethyl ester', 'astilbin; Rel-(2R, 3R)-dihydroquercetin-3-O-±-L-rhamnoside', 'Deoxycordifoline', 'Cordifoline', 'Strictosidine acid', '3,4-dehydrostrictosidine acid', '3,4-dehydro-strictosidine', '5α-carboxystrictosidine', 'Turbinatine', 'Harman-3-carboxylic acid', '4-metoxi-6-[2-(metilamino)fenil]- 2H-piran-2-ona', 'β-caryophyllene, trans-caryophyllene', 'Methacrylic acid', 'Cusculine; 1,2,3,5,6-pentamethoxy-9-acridone', 'Cuspanine; 1-hydroxy-2,3,5,6-tetramethoxy-9-acridone', '2α,3α-Dihydroxy-urs-12-en-28-oic acid', 'Oleanolic acid 3-sophoroside', '3-O-β-D-(6’-methyl)-glucopyranosyl-28-O-β-D-glucopyranosyl-oleanate', 'Haplotusine', 'β-Sitosterol benzoate', '5-hydroxyflavone', '2-phenyl-4H-chromen-4-one', 'Sinapyl 4-O-β-D-glucopyranoside aldehyde', 'N-acetylnonaine', 'Liriodenine', 'Sinapyl 4-O-β-D-glucopyranoside alcohol', '[10]-gingerol', ""2,4-Dihydroxy-6-[(1'E,3'E)-penta-1', 3'-dienyl]-benzaldehyde"", '2-methyl-5-[8(Z)-pentadecenyl]resorcinol', 'Nitensidine A', '2-hydroxyphenylacetic acid', '3-O-β-D-quinovopyranosyl quinovic acid', 'Kaempferol', '3β-hydroxy-stigmast-5-en-7-one; 24-β-7-oxositosterol', 'scillascillin', 'urauchimycin B', 'Homoegonol', '[8]-gingerol', '4-Hydroxymellein', '5-hydroxymellein', 'fraxinellonone', 'Dibenzyl sulphide', '7-hydroxy-3- (11-dimethylallyl)-8-methoxycoumarin', ""N-[7-(3',4'-methylenedioxyphenyl)-2(Z),4(Z)-heptadienoyl]pyrrolidine"", ""Acteoside; [β-3,4-dihydroxyphenyl)-ethyl]-(3'-O-α-L-rhamnopyranosyl)-(4'-O-cafeoyl)-β-D-glycopyranoside, verbascoside"", '(4R)-4,8-dihydroxy-α-tetralone', ""8-hydroxy-3,5,7,3',4',5'-hexamethoxyflavonol"", 'Odoratol', 'Leptomerine', '5-hydroxy-N-methylseverifoline', '19,20-Epoxycytochalasin N', 'ellagic acid 4-O-α-L-rhamnopyranoside; eschweilenol C', 'Mayoside C', 'Ourateacatechin', ""3',4',5',5,7-pentamethoxyflavone"", '2-methyl-5-pentadecylresorcinol', 'Cyclo-(L-Pro-L-Val)', 'Acetonide of odoratol', 'Nitensidine B', '1-methyl-2-n-nonyl-4-quinolone', '5-[8(Z),11(Z),14-pentadecatrienyl]resorcinol', 'Maculosidine', '1- (5,7-dihydroxy-2,2-dimethylchroman-6-yl)-3-(2,2-dimethylchroman- 6-yl)propan-1-one', 'Canavaline', 'Di-hydrodehydrodiconiferyl alcohol', 'Quercetin', ""2-(2'-O-trans-cinnamoyl)-C-β-D-glucopyranosyl-1,3,6,7-tetrahydroxyxanthone"", 'Netzahualcoyondiol', 'Pristimerin; 20α-3-hydroxy-2-oxo-24-nor-friedela-1-10,3,5,7-tetraen-carboxylic acid-29-methylester', '3,4,5-trimethoxyphenyl 1-O-β-D-apiofuranosyl-(1→6)-O-β-D-glucopyranoside', 'β-photogedunin', 'n-Butyl gallate', ""5-[3''-(β-D-glucopyranosyloxy)propyl]-7-methoxy-2-(3',4'-dimethoxyphenyl)benzofuran"", '3,12-Dihydroxycadalene', 'citrusinine-I', 'Ricinine', 'Leptophyllin A', '5-pentadecylresorcinol', 'Skimmianine', 'p-hydroxybenzoic acid-geranyl ester', 'Dibenzyl disulphide', 'Proanthocyanidin', 'neoisoastilbin', 'Ocotillone', 'des-N-methylnoracronycine', 'Sorbifolin 6-O-β-glucopyranoside', 'Rel-2α-hydroxyzuelanin-6β-benzoate', '2,6-di-O-acetylcasearupestrin D', ""Methyl-2,2-dimethyl-8-(3'-methylbut-2'-enyl)chroman-6-carboxylate"", '2,7-Di-O-acetylcasearupestrin A', '(R)-7-Hydroxymellein', '6α-acetoxymanoyl oxide', 'Methyl-8-hydroxy-2,2-dimethylchroman-6-carboxylate', '19,20-Epoxycytochalasin D', 'fumiquinozoline F', 'Kaempferol 3-O-α-L-rhamnopyranosyl (1→6)-O-[β -D-glucopyranosyl (1→3)-O-α-L-rhamnopyranosyl-(1→2)]-O-β -D-glucopyranosyl', '3β-O-[α-L-rhamnopyranosyl-(1→2)-O-β-D-glucopyranosyl-(1→2)-O-β-D-glucopyranosyl]-28-O-β-D-glucopyranoside pomolate', 'Dibenzyl tetrasulphide', ""2',5-dihydroxy-3-methoxy-8-dimethylallyl-6, 7-(2' ',2''-dimethylpyrano)-dihydroflavonol"", '2-n-nonyl-4-quinolone', 'Cytochalasin D', 'Isoorientin', 'Uracil', 'Podocarpusflavone A', 'Casearupestrin C', '6α-malonyloxy-n-butyl ester manoyl oxide', 'fraxinellone', '6-[ 8(Z),11(Z) -pentadecadienyl] salicylic acid', 'urauchimycin A', 'p-Coumaric acid', '(-)-Epigallocatechin', 'Netzahualcoyonol', '1-[3-(3,7-dimethylocta-2,6-dien-1-yl)-2,4,6- trihydroxyphenyl]-3-(4-hydroxyphenyl)propan-1-one', '6α-malonyloxymanoyl oxide', 'Benzylhydroxymethyl sulphide', '1,6-di-O-caffeoyl-β-D-glucopyranoside', '2-methyl-5-[8(Z),11(Z),14-pentadecatrienyl]resorcinol', '20-hydroxyecdysone; polypodine A', '3-Acetyl aleuritolic acid', 'Alkenoic acid', 'Quercetin 3-O-α-L-rhamnopyranosyl (1→6)-O-[β -D-glucopyranosyl (1→3)-O-α-L-rhamnopyranosyl-(1→2)]-O-β -D-glucopyranosyl', 'Heveaflavone', 'Casearin X; (1R*,3S*,5S*,6aR*,7S*,8S*,10R*,10aR*)-1-(Acetyloxy)-3,5,6,6a,7,8,9,10-octahydro-10-hydroxy-7,8-dimethyl-7-[(2Z)-3-methylpenta-2,4-dien-1-yl]naphtho[1,8a-c]furan-3,5-diyl Dibutanoate', 'α-L-xylopyranosyl-(4""→20)-(3-O-β-D-glucopyranosyl)-1\'-O-E-caffeoyl-β-D-glucopyranoside', ""2-(R)-Methyl-6-(S)-(tetradecyl-13'-one)-3(R)-O-tert-butyldimethylsilyl-piperidine"", 'Arboreumine', '3-Oxoursolic acid', 'Casearupestrin B', 'toonacilin', '6α-acetoxy-14β,15β-epoxyazadirone', 'epoxy-fraxinellone', '12′-hydroxy-7′-multijuguinone', 'Kaempferitrin', 'Nitensidine C', 'Dipropyl disulphide', '2-methyl-5-[8(Z),11(Z)-pentadecadienyl]resorcinol', 'Methyl 6,7,8-trimethoxydihydrocinnamate', '2-Hexyl-3-methyl-butanodioic acid', '(3R,4R)-3,4-Dihydro-4,6-dihydroxy-3-methyl-1-oxo-1H-isochromene-5-carboxylic acid', '24-methylene-3,22-dihydroxycholesterol', 'amorphispironone', 'Casearupestrin D', 'Chaetoglobosin B', 'Pedalitin', '1-O-(E)-feruloyl-β-D-glucopyranoside', '19,20-Epoxycytochalasin C', 'n-Pentyl gallate', 'Orcinol', 'Periconicin B', 'Phomopsilactone', ""(2S)-8-Isopentyl-2-methyl-2-(4'-methylpentyl)chroman-6-carboxylic acid"", '2,2-dimethyl-2H-chromene-6-carboxylic acid', '1,2-dihydro- 3β-hydroxy-7-deacetoxy-7-oxogedunin', 'Photogedunin', 'Gallic acid; 3,4,5-trihydroxybenzoic acid', 'Quercitrin, 3-O-α-rhamnosylquercetin', 'Caseobliquin A', 'Methyl angolensate', ""5-(3'' -Hydroxypropyl)-7-methoxy-2-(3',4' -methyl-enedioxyphenyl)benzofuran"", '22β-hydroxypristimerin', '(2S)-Methyl-2-methyl-8-(3""-methylbut-2""-enyl)-2-(4\'-methylpent-3\'-enyl)-2H-chromene-6-carboxylate', 'Casearin T', 'Piperyline, N-[10-(13,14-methylenedioxyphenyl)-7(E),9(E)-pentadienoyl]-pyrrolidine', 'ω-fenil alcanoic acid', '2-butyl-D-fructofuranoside', ""Gaudichaudianic acid; (2S)-2-methyl-2-(4'methyl-3'-pentenyl)-8-(3''-methyl-2-butenyl)- 2H-1-benzopyran-6-carboxylic acid"", 'limonexic acid', 'Di(benzyltrithio) methane', '3,11,12-Trihydroxycadalene', 'Quercetin 3-O-sophoroside', 'taxifolin', ""(2'S)-2-(propan-2'-ol)-5-hydroxy-benzopyran-4-one"", 'Rel-(+)-(7S,9R,10S)-3,9,12-trihydroxycalamenene', 'Casearin S', '11β-acetoxyobacunone', '1-(5,7-dihydroxy-2,2-dimethylchroman- 6-yl)-3-[4-hydroxy-3-(3-methylbut-2-en-1-yl)- phenyl]propan-1-one', '(3R,4R)-4,7-Dihydroxymellein', 'polypodine B', 'n-Propyl gallate', ""3',4',5',5,7,8-hexamethoxyflavone"", 'Isopropyl gallate', '6β-hydroxy-7-epigardoside methyl ester', 'Tetrahydropiperyline, N-[10-(13,14-methylenedioxyphenyl)-pentanoyl]-pyrrolidine', 'Piperovatine', '2,4,6-trimethoxybenzoic acid', '1-O-(E)-caffeoyl-β-D-glucopyranoside', 'N-[10-(13,14-methylenedioxyphenyl)-7(E),9(Z)-pentadienoyl]-pyrrolidine', '6-[8(Z)-pentadecenyl]salicylic acid', '(2S)-2-methyl-8-(3""-methylbut-2""-enyl)-2-(4\'-methylpent-3\'-enyl)-2H-chromene-6-carboxylic acid', 'Burchellin', '5-[8(Z)-pentadecenyl]resorcinol', 'Luteolin; 2-(3,4-dihydroxyphenyl)-5,7-dihydroxy-4H-chromen-4-one', 'Sinapic acid', '19,20-Epoxycytochalasin Q', '19,20-Epoxycytochalasin R', 'Muraxanthone', '3,4,5-Triacetoxybenzoic acid', 'Odoratone', ""2-(2'-O-benzoyl)-C-β-D-glucopyranosyl-1,3,6,7-tetrahydroxyxanthone"", 'Isoplumericin', 'Casearupestrin A', '2-oxo-piperol B; (7S*, 8R*, 1R*, 3R*)-3,4,5-trimethoxy-3,7-cyclo-8,1-neolig-8-ene-2,4(3H)-dione', '3,4-dihydroxybenzoic acid geranyl ester', 'Gedunin', 'Pedalin, pedalitin 6-O-β -glucopyranoside', 'Caseargrewiin F; (1R*,3S*,5S*,6aR*,7S*,8R*,10R*,10aR*)-1,3-Bis(acetyloxy)-3,5,6,6a,7,8,9,10-octahydro-10-hydroxy-7,8-dimethyl-7-[(2Z)-3-methylpenta-2,4-dien-1-yl]naphtho[1,8a-c]furan-5-yl Butanoate', 'Casearin L; (1R*,3S*,5S*,6aR*,7R*,8R*,9S*,10S*,10aR*)-1,10-Bis(acetyloxy)-3,5,6,6a,7,8,9,10-octahydro-9-hydroxy-5-methoxy-7,8-dimethyl-7-[(2Z)-3-methylpenta-2,4-dien-1-yl]naphtho[1,8a-c]-furan-3-yl Butanoate', ""5-[3''-(β-D-glucopyranosyloxy)propyl]-7-methoxy-2-(3',4'-methylenedioxyphenyl)benzofuran"", '28-O-β-D-glucopyranosyl quinovic acid', '2-Methyl-4-hydroxy-butyl caffeoate', 'N-1,N-2,N-3-Triisopentenylguanidine', 'Dibenzyl trisulphide', 'Maytenin, Tingenone', 'Kokusaginine', ""2-(2'-O-trans-caffeoyl)-C-β-D-glucopyranosyl-1,3,6,7-tetrahydroxyxanthone"", 'Netzahualcoyene', 'Casearin X Dialdehyde; (2R*,4aS*,5S*,7R*,8R*,8aS*)-4,4a-Diformyl-1,2,4a,5,6,7,8,8a-octahydro-5-hydroxy-7,8-dimethyl-8-[(2Z)-3-methylpenta-2,4-dien-1-yl]naphthalen-2-yl Butanoate', ""Nitensoside B; Pedalitin 6-O-α-rhamnopyranosyl(1'''→6'')-β-glucopyranoside"", 'schaftoside', ""(2S)-Methyl-8-isopentyl-2-methyl-2-(4'-methylpentyl)chroman-6-carboxylate"", 'Amentoflavone', '1-(5,7-dihydroxy-2,2-dimethylchroman-6-yl)-3-(1,1,4a-trimethyl-2,3,4,4a,9a-hexahydro-1H-xanthen-7-yl)propan-1-one', 'Methyl (E)-6,7,8-trimethoxycinnamate', '3,4,5-Trimethoxyphenyl-1-O-β-D-(5-O-syringoyl)-apiofuranosyl-(1→6)-β-D-glucopyranoside', '6-[8(Z),11(Z),14-pentadecatrienyl]salicylic acid', 'Sorbifolin', ""Nitensoside A; Sorbifolin 6-O-α-rhamnopyranosyl(1'''→6'')-β-glucopyranoside"", 'Casearin O; (1R*,3S*,5S*,6aR*,7R*,8R*,9S*,10S*,10aR*)-1,10-Bis(acetyloxy)-5-methoxy-7,8-dimethyl-7-[(2Z)-3-methylpenta-2,4-dien-1-yl]-3,5,6,6a,7,8,9,10-octahydronaphtho[1,8a-c]furan-3,9-diyl Dibutanoate', 'Rel-6β-hydroxyzuelanin-2β-benzoate', 'shidasterone', '5-hydroxymethyl- 2-furancarboxaldehyde; 5-hydroxymethyl-2-furfuraldehyde', 'atalaphyllinine', 'N-[10- (13,14-methylenedioxyphenyl)-7(E)-pentaenoyl]-pyrrolidine', '2-Methyl-5-methoxy-benzopyran-4-one', 'Methyl gallate', '3-O-β-D-quinovopyranosyl cincholic acid', 'Afzelin, 3-O-α-rhamnosyl kaempferol', 'Egonol', '4-Nerolidilcatechol', ""2-(2'-O-transcoumaroyl)-C-β-D-glucopyranosyl-1,3,6,7-tetrahydroxyxanthone"", 'Syringic acid', '(+)-3-O-feruloylcassine', 'Salacin', '6-pentadecylsalicylic acid', 'Methyl-2,2-dimethylchroman-6-carboxylate', ""Myrsinoic acid A, 3-Geranyl-4-hydroxy-5-(3'',3''-dimethylallyl)benzoic acid"", '20α-Hydroxymaytenin; 20-hydroxy-20-epi-tingenone', 'Platydesmine', 'Leiokinine A', 'Cabraleadiol', ""7-Hydroxy-4',6-dimethoxyisoflavone; Afrormosin; Afromosin"", '8-methoxymellein', '(±)-Syringaresinol', '(-)-Epigallocatechin-3-O-gallate', 'Casearin D; (1R*,3S*,5S*,6aR*,7R*,8R*,9S*,10S*,10aR*)-1-(Acetyloxy)-3,5,6,6a,7,8,9,10-octahydro-5,10-dihydroxy-7,8-dimethyl-7-[(2Z)-3-methylpenta-2,4-dien-1-yl]naphtho[1,8a-c]furan-3,9-diyl Dibutanoate', 'Rel. (+)-(7S,10S) 3,12-dihydroxycalamenene', 'carlinoside', 'Methyl-8-(ethanoyloxy)-2,2-dimethyl-2H-chromene-6-carboxylate', '2β-Hydroxyzuelanin-6β-cinnamate', 'arjunolic acid', 'stachysterone', 'Ethyl 2,4-dihydroxy-5,6-dimethylbenzoate', 'Amentoflavone 7”,4”’-dimethyl ether', 'Picramnioside F', 'Lauryl gallate', 'germacrene D', '(-) Cis-4-hydroxy-6-deoxyscytalone', 'Plumericin', '5-[8(Z),11(Z)-pentadecadienyl]resorcinol', '(-)-Spectalinine', 'Piperol B', '(-)-Hardwickiic acid', 'Syringaldehyde', '22-hydroxytirucalla-7,24-diene-2,3-dione', 'Trans-3’-methylsulphonylallyl trans-cinnamate', '(3-(2-(4-hydroxyphenyl)-2-oxoethyl)-5,6-dihydropyridin- 2(1H)-one)', 'Mangiferin', 'Viburgenin', ""Pterogynoside; Kaempferol-3-O-(3''-O-4'''-methylgallate-α-L-rhamnoside)"", 'Isobutyl gallate', '7′-multijuguinone', 'Griseofulvin', '(−)-Grandisin', '24-methylenecycloartan-3b-ol', 'Ixoside', 'Cognatine', 'Fagaramide', 'Chalepin', 'Chlorogenic acid']]",doi_name
"['10.1016/0031-9422(91)85077-D', '2-Methyl-4-hydroxy-butyl caffeoate']","['10.1016/0031-9422(91)85077-D', ['α-Gardiol', 'β-Gardiol', 'Ferulic acid', 'Teucrein', '11-O-trans-feruloylteucrein', 'Galioside', 'Galioside aglicone', 'Apodanthoside', 'Hinesol', 'guaiol', 'γ-eudesmol', 'α-eudesmol', 'β-caryophyllene, trans-caryophyllene', ""3,4-dimethyl-2-(4'-hydroxy-3',5'-dimethoxyphenyl)-5-methoxy-tetrahydrofuran"", '2-n-Pentylquinoline', ""2-(3',4'-methylenedioxyphenylethyl)-Quinoline"", ""2-(1'-pentenyl)-Quinoline"", '2-n-Propylquinoline', '2,3-dihydro-4,9-dihydroxy-2-(2-hydroxy-propan-2-yl)- 11-methoxy-10-methylfuro[3,2-b]acridin-5(10H)-one', 'Citibrasine', 'bis-5-hydroxyacronycine', 'Nectandrin B', 'Epi-guaiacin', 'Verrucosin', '7-Methyl-sargachromenol; 2,7,8-Trimethyl-2-[(3-E,7-Z)-4,12-dimethyl-8-carboxyl-3,7,11-tridecatrienyl]-3-chromen-6-ol, β-caroteno', ""2'-hydroxy-3,4,4'-trimethoxy-5',6'-(2'',2''-dimethylpyrano)-chalcone"", ""3',4'-methylenedioxy-5,6,7- trimethoxyflavone"", ""3',4'-methylenedioxy-5,5',6,7-tetramethoxyflavone"", ""3',4'-methylenedioxy-5,7-dimethoxyflavone"", '3,21-Di-epi-feroniellide B', '21α,25-dimethylmelianodiol', '21β,25-dimethylmelianodiol', '3,3-O-dimethylquercetin', 'penduletin 4-O-methyl ether', '2α,3α,19α- trihydroxyurs-12-en-28-oic acid', 'acacetin', 'p-hydroxybenzoic acid', '2α,3α-dihydroxyolean-12- en-28-oic acid', '3,7,4-O-trimethylkaempferol', '3-O-methylquercetin', 'Chrysoeriol', ""Rel-(7R,8S,7'S,8'S)-4-hydroxy-4',5'-methylenedioxy-3,5,3'-trimethoxy-7,7'-epoxylignan"", ""Rel-(7R,8S,7'S,8'S)-4'-hydroxy-3,4,5,3',5'-pentamethoxy-7,7'-epoxylignan"", ""Rel-(7R,8S,7'S,8'S)-9-hydroxy-4',5'-methylenedioxy-3,4,5,3'-tetramethoxy-7,7'-epoxylignan"", ""Rel-(7R,8S,7'S,8'S)-4',5'-methylenedioxy-3,4,5,3'-tetramethoxy-7,7'-epoxylignan"", ""Rel-(7R,8S,7'S,8'S)-4,5,4',5'-dimethylenedioxy-3,3'-dimethoxy-7,7'-epoxylignan"", 'Aphidicolin', 'Mycoleptone A', '9-hydroxyeugenin', 'Austdiol', 'Eugenitin', 'Austdiol diacetate', 'Mycoleptone A tetraacetate', 'Mycoleptone B', '6-methoxyeugenin', 'Secoxyloganin', ""6'-Acetyl-β-D-glucopyranosyldiderroside"", '7-Methoxydiderroside', 'Diderroside', 'Taraxerol acetate', 'Xanthyletin', 'cyclo (L)-Pro-Gly', '5,7-dimethoxy-2,2-dimethyl-2H-1-benzopyran-6-propanoate', ""3,5,6,7,3',4',5'-heptamethoxyflavonol"", ""3',4',5',3,5,7,8-heptamethoxyflavone"", '4-metoxi-6-[2-(metilamino)fenil]- 2H-piran-2-ona', 'Pimara-7,15-dien-3β-ol', '(22E,24R)-ergosta-4,6,8(14),22-tetraen-3-one', '8-hydroxy-6-methoxy-3-methylisocoumarin', 'Ergosterol peroxide', 'Dimethyl terephthalate', '(+)-11α-Hydroxyerythravine', '(+)-Erythravine', '(+)-α-Hydroxyerysotrine', 'Stearic acid 4-pentoyloxyphenethyl ester', ""4-Methoxy-3-(3',7'-dimethylocta-2'-E-6'-dienyl)benzoic acid"", 'Methyl-8-hydroxy-2,2-dimethyl-2H-chromene-6-carboxylate', ""3-(3',7 '-dimethyl-2',6 '-octadienyl)-4-methoxy-benzoic acid"", 'Cusculine; 1,2,3,5,6-pentamethoxy-9-acridone', 'Cuspanine; 1-hydroxy-2,3,5,6-tetramethoxy-9-acridone', 'Chlorogenic acid methyl ester, Methyl (1S,3R,4R,5R)-3-{[(2E)-3-(3,4-dihydroxyphenyl)-2-propenoyl]oxy}-1,4,5-trihydroxycyclohexanecarboxylate', 'Deoxycordifoline', '3,4-dehydro-strictosidine', 'Turbinatine', 'Strictosidine acid', 'Harman-3-carboxylic acid', 'Cordifoline', '3,4-dehydrostrictosidine acid', '5α-carboxystrictosidine', 'Anhydrofusarubin', 'Beauvericin', 'astilbin; Rel-(2R, 3R)-dihydroquercetin-3-O-±-L-rhamnoside', ""Isosakuranetin; 5,7-dihydroxy-4'-methoxyflavanone"", ""1,4-Dihydroxy-2-(3',7'-dimethyl-1'-oxo-2'-E-6'-octadienyl)benzene"", ""4-Hydroxy-(3',7'-dimethyl-1'-oxo-octa-2'-E-6'-dienyl)benzoic acid"", ""Sakuranetin; 5,4'-dihydroxy-7-methoxyflavanone"", ""4-Hydroxy-3-(3',7'-dimethyl-3'-hydroxy-1'-oxo-6'-octenyl)benzoic acid"", 'Nitensidine D', 'Nitensidine E', '1-methoxy-3-hydroxy-3,10b-4,5a-diepoxy-8b-isobutyroyloxygermacr-11(13)-en-6a,12-olide', 'Tagitinin C', '5,7-dimethoxy-2,2-dimethyl-2H-1-benzopyran-6-propanoic acid', '(-)-3-O-acetyl-spectaline', 'Isopimpinellin', '17-(3,4-Methylenedioxyphenyl)-heptadecanoic acid', '(+)-Guaiacin', 'Farnisine', ""7,4'-Dihydroxyflavone"", 'Sargachromenol', ""7,4'-Dimethoxyflavone"", '19´-(3,4-Methylenedioxyphenyl)-nonadecanoic acid', 'Sargaquinoic acid', '21´-(3,4-Methylenedioxyphenyl)-henicosanoic acid', ""Juruenolic acid; 2-(4'-Methylpentenyl-3)-10-oxoundecan-2,6-dienoic acid"", 'Fasciculiferin', 'Tithonine', 'Nilocetin', 'Hispidol A', 'Iso-odoratol', 'Oleanonic acid', 'cryptomeridiol', 'Piscidinol A', '3,11-dioxoolean-12-en-28- onic acid', 'Pentaol', ""4-Hydroxy-(3',7'-dimethyl-1'-oxo-octa-2'-Z-6'-dienyl)benzoic acid"", ""Methyl 4-hydroxy-3-(3'-methyl-2'-hydroxy-3'-butenyl)benzoate"", ""Aduncumene; Methyl 2-methoxy-5-(3'-methyl-1'-oxo-2'-butenyl)benzoate"", '3,4,5-Trimethoxydihydrocinnamic acid', 'Methyl 2,2-dimethyl-1-oxo-2H-1-benzopyran-6-carboxylate', 'Piperaduncine B', ""4-Hydroxy-3-(3',7'-dimethylocta-2'-E-6'-dienyl)benzoic acid"", ""Hostmaniene; 4-Hydroxy-3-(2',3'-dihydroxy-3'-methylbutyl)benzoate"", ""Methyl taboganate; Methyl 4-hydroxy-3-(3'-methyl-1'-oxo-2'-butenyl)benzoate"", ""Methyl 4-hydroxy-3-(3'-methyl-2'-butenyl)benzoate"", ""2',6'-Dihydroxy-4'-methoxydihydrochalcone"", 'Kaempferol-3-O-rutinoside', 'Kaempferol-3-O-α-L-rhamnopyranosyl-(1→6)-β-D-galactopyranoside', 'Catechin, Ent-catechin', 'Kaempferol-3-O-D-glucopyranoside', '6-Hydroxy-rutin', 'Kaempferol-3-O-D-galactopyranoside', 'Quercetin-3-O-α-L-rhamnopyranosyl-(1→6)-β-D-galactopyranoside', 'Procyanidin B-3', 'Kaempferol-3-O-α-L-rhamnopyranosyl-(1-6)-α-L-rhamnopyranosyl-(1-4)-β-D-glucopyranoside', 'Glycocitrine-IV', 'Pyranofoline', '1,3,5-trihydroxy-4-methoxy-10-methyl- 2,8-bis(3-methylbut-2-enyl)acridin-9(10H)-one', 'Citrusinine-II', '5-hydroxynoracronycine; Atalaphyllidine', 'Glycocitrine-I', '1,3,5-trihydroxy- 2,8-bis(3-methylbut-2-enyl)-10-methyl-9-acridone', '3,4-dihydro-3,5,8-trihydroxy-6-methoxy-2,2,7-trimethyl-2Hpyrano[ 2,3-a]acridin-12(7H)-one', 'Citrusinine-I', 'Clusifoliol', ""Isoswertisin-4'-methyl-ether-2''α-L-rhamnoside"", '2-Episesalatin', ""Isoswertisin-2''α1-L-rhamnoside"", 'Sesartemin', '(3Z,5Z)-N-isobutyl-8-(30,40-methylenedioxy-phenyl)-heptadienamide', 'Pellitorine', '10,11-dihydropiperine; Δα,β-dihydropiperine', '(E)-piplartine', '(Z)-piplartine; 8(Z)-N-(12,13, 14-trimethoxycinnamoyl)- 3-pyridin-2-one', 'Piperine', '4,5-dihydropiperyline', '8,9-dihydropiplartine; N-(12,13,14-trimethoxydihydrocinnamoyl)-Δ3-pyridin-2-one', ""N-[3-(6'-methoxy-3',4'-methy-lenedioxyphenyl)-2(Z)-propenoyl]pyrrolidine"", '4,5-dihydropiperlonguminine; Piperlonguminine', 'Methyl (3R,4R,5R)-3-{[(2E)-3-(3,4-dihydroxyphenyl)-2-propenoyl]oxy}-1,4,5-trihydroxycyclohexanecarboxylate', 'Methyl (3R,4R,5R)-3-{[(2Z)-3-(3,4-dihydroxyphenyl)-2-propenoyl]oxy}-1,4,5-trihydroxycyclohexanecarboxylate', 'Methacrylic acid', '2α,3α-Dihydroxy-urs-12-en-28-oic acid', 'Oleanolic acid 3-sophoroside', '3-O-β-D-(6’-methyl)-glucopyranosyl-28-O-β-D-glucopyranosyl-oleanate', '5-hydroxyflavone', '2-phenyl-4H-chromen-4-one', 'β-Sitosterol benzoate', 'Haplotusine', 'Sinapyl 4-O-β-D-glucopyranoside aldehyde', 'Sinapyl 4-O-β-D-glucopyranoside alcohol', 'Liriodenine', 'N-acetylnonaine', '[10]-gingerol', ""2,4-Dihydroxy-6-[(1'E,3'E)-penta-1', 3'-dienyl]-benzaldehyde"", '2-methyl-5-[8(Z)-pentadecenyl]resorcinol', 'Nitensidine A', '2-hydroxyphenylacetic acid', '3-O-β-D-quinovopyranosyl quinovic acid', ""8-hydroxy-3,5,7,3',4',5'-hexamethoxyflavonol"", 'Homoegonol', '[8]-gingerol', '4-Hydroxymellein', '5-hydroxymellein', 'fraxinellonone', 'Dibenzyl sulphide', '(-) Cis-4-hydroxy-6-deoxyscytalone', 'Plumericin', '5-[8(Z),11(Z)-pentadecadienyl]resorcinol', 'Kaempferol', 'Odoratol', 'Leptomerine', '5-hydroxy-N-methylseverifoline', '19,20-Epoxycytochalasin N', 'ellagic acid 4-O-α-L-rhamnopyranoside; eschweilenol C', 'Mayoside C', 'Ourateacatechin', ""3',4',5',5,7-pentamethoxyflavone"", '2-methyl-5-pentadecylresorcinol', '3β-hydroxy-stigmast-5-en-7-one; 24-β-7-oxositosterol', 'scillascillin', 'Cyclo-(L-Pro-L-Val)', 'Acetonide of odoratol', '(−)-Grandisin', '24-methylenecycloartan-3b-ol', 'Kokusaginine', 'Ocotillone', 'des-N-methylnoracronycine', 'Sorbifolin 6-O-β-glucopyranoside', 'Rel-2α-hydroxyzuelanin-6β-benzoate', '2,6-di-O-acetylcasearupestrin D', ""Methyl-2,2-dimethyl-8-(3'-methylbut-2'-enyl)chroman-6-carboxylate"", '2,7-Di-O-acetylcasearupestrin A', 'Nitensidine B', '1-methyl-2-n-nonyl-4-quinolone', '5-[8(Z),11(Z),14-pentadecatrienyl]resorcinol', 'Gallic acid; 3,4,5-trihydroxybenzoic acid', 'Maculosidine', 'Podocarpusflavone A', 'Casearupestrin C', '6α-malonyloxy-n-butyl ester manoyl oxide', 'Proanthocyanidin', 'neoisoastilbin', '(R)-7-Hydroxymellein', '6α-acetoxymanoyl oxide', 'Methyl-8-hydroxy-2,2-dimethylchroman-6-carboxylate', ""Acteoside; [β-3,4-dihydroxyphenyl)-ethyl]-(3'-O-α-L-rhamnopyranosyl)-(4'-O-cafeoyl)-β-D-glycopyranoside, verbascoside"", 'Quercitrin, 3-O-α-rhamnosylquercetin', 'Caseobliquin A', 'Methyl angolensate', ""5-(3'' -Hydroxypropyl)-7-methoxy-2-(3',4' -methyl-enedioxyphenyl)benzofuran"", '22β-hydroxypristimerin', '1- (5,7-dihydroxy-2,2-dimethylchroman-6-yl)-3-(2,2-dimethylchroman- 6-yl)propan-1-one', 'Canavaline', 'Di-hydrodehydrodiconiferyl alcohol', 'Quercetin', ""2-(2'-O-trans-cinnamoyl)-C-β-D-glucopyranosyl-1,3,6,7-tetrahydroxyxanthone"", 'Kaempferol 3-O-α-L-rhamnopyranosyl (1→6)-O-[β -D-glucopyranosyl (1→3)-O-α-L-rhamnopyranosyl-(1→2)]-O-β -D-glucopyranosyl', '3β-O-[α-L-rhamnopyranosyl-(1→2)-O-β-D-glucopyranosyl-(1→2)-O-β-D-glucopyranosyl]-28-O-β-D-glucopyranoside pomolate', 'Dibenzyl tetrasulphide', ""2',5-dihydroxy-3-methoxy-8-dimethylallyl-6, 7-(2' ',2''-dimethylpyrano)-dihydroflavonol"", '2-n-nonyl-4-quinolone', 'Cytochalasin D', 'Isoorientin', 'urauchimycin A', 'p-Coumaric acid', 'citrusinine-I', 'Ricinine', 'Leptophyllin A', '5-pentadecylresorcinol', 'Skimmianine', 'p-hydroxybenzoic acid-geranyl ester', 'Dibenzyl disulphide', 'Netzahualcoyonol', '1-[3-(3,7-dimethylocta-2,6-dien-1-yl)-2,4,6- trihydroxyphenyl]-3-(4-hydroxyphenyl)propan-1-one', '6α-malonyloxymanoyl oxide', 'Benzylhydroxymethyl sulphide', '1,6-di-O-caffeoyl-β-D-glucopyranoside', '2-methyl-5-[8(Z),11(Z),14-pentadecatrienyl]resorcinol', 'epoxy-fraxinellone', '12′-hydroxy-7′-multijuguinone', 'Kaempferitrin', 'Nitensidine C', 'Dipropyl disulphide', '2-methyl-5-[8(Z),11(Z)-pentadecadienyl]resorcinol', 'Methyl 6,7,8-trimethoxydihydrocinnamate', '6α-acetoxy-14β,15β-epoxyazadirone', '19,20-Epoxycytochalasin D', 'fumiquinozoline F', '2-Hexyl-3-methyl-butanodioic acid', 'fraxinellone', '6-[ 8(Z),11(Z) -pentadecadienyl] salicylic acid', '20-hydroxyecdysone; polypodine A', '3-Acetyl aleuritolic acid', 'Alkenoic acid', 'Quercetin 3-O-α-L-rhamnopyranosyl (1→6)-O-[β -D-glucopyranosyl (1→3)-O-α-L-rhamnopyranosyl-(1→2)]-O-β -D-glucopyranosyl', 'Heveaflavone', 'Arboreumine', '3-Oxoursolic acid', 'Casearupestrin B', 'toonacilin', 'Uracil', '1-O-(E)-feruloyl-β-D-glucopyranoside', '19,20-Epoxycytochalasin C', '(-)-Epigallocatechin', '3,12-Dihydroxycadalene', '7-hydroxy-3- (11-dimethylallyl)-8-methoxycoumarin', ""N-[7-(3',4'-methylenedioxyphenyl)-2(Z),4(Z)-heptadienoyl]pyrrolidine"", 'n-Pentyl gallate', 'Orcinol', 'Periconicin B', 'Phomopsilactone', ""(2S)-8-Isopentyl-2-methyl-2-(4'-methylpentyl)chroman-6-carboxylic acid"", '2,2-dimethyl-2H-chromene-6-carboxylic acid', '1,2-dihydro- 3β-hydroxy-7-deacetoxy-7-oxogedunin', 'Photogedunin', 'Casearin X; (1R*,3S*,5S*,6aR*,7S*,8S*,10R*,10aR*)-1-(Acetyloxy)-3,5,6,6a,7,8,9,10-octahydro-10-hydroxy-7,8-dimethyl-7-[(2Z)-3-methylpenta-2,4-dien-1-yl]naphtho[1,8a-c]furan-3,5-diyl Dibutanoate', ""2-(R)-Methyl-6-(S)-(tetradecyl-13'-one)-3(R)-O-tert-butyldimethylsilyl-piperidine"", '(2S)-Methyl-2-methyl-8-(3""-methylbut-2""-enyl)-2-(4\'-methylpent-3\'-enyl)-2H-chromene-6-carboxylate', 'Casearin T', 'Piperyline, N-[10-(13,14-methylenedioxyphenyl)-7(E),9(E)-pentadienoyl]-pyrrolidine', '(3R,4R)-3,4-Dihydro-4,6-dihydroxy-3-methyl-1-oxo-1H-isochromene-5-carboxylic acid', '24-methylene-3,22-dihydroxycholesterol', 'amorphispironone', 'Casearupestrin D', 'Chaetoglobosin B', 'Isopropyl gallate', '6β-hydroxy-7-epigardoside methyl ester', 'Tetrahydropiperyline, N-[10-(13,14-methylenedioxyphenyl)-pentanoyl]-pyrrolidine', 'Piperovatine', '2,4,6-trimethoxybenzoic acid', '1-O-(E)-caffeoyl-β-D-glucopyranoside', 'Pristimerin; 20α-3-hydroxy-2-oxo-24-nor-friedela-1-10,3,5,7-tetraen-carboxylic acid-29-methylester', '3,4,5-trimethoxyphenyl 1-O-β-D-apiofuranosyl-(1→6)-O-β-D-glucopyranoside', 'β-photogedunin', 'n-Butyl gallate', ""5-[3''-(β-D-glucopyranosyloxy)propyl]-7-methoxy-2-(3',4'-dimethoxyphenyl)benzofuran"", '(2S)-2-methyl-8-(3""-methylbut-2""-enyl)-2-(4\'-methylpent-3\'-enyl)-2H-chromene-6-carboxylic acid', 'Burchellin', '5-[8(Z)-pentadecenyl]resorcinol', 'Luteolin; 2-(3,4-dihydroxyphenyl)-5,7-dihydroxy-4H-chromen-4-one', 'Sinapic acid', '19,20-Epoxycytochalasin Q', '19,20-Epoxycytochalasin R', 'Muraxanthone', 'ω-fenil alcanoic acid', '2-butyl-D-fructofuranoside', ""Gaudichaudianic acid; (2S)-2-methyl-2-(4'methyl-3'-pentenyl)-8-(3''-methyl-2-butenyl)- 2H-1-benzopyran-6-carboxylic acid"", 'limonexic acid', 'Pedalitin', 'Di(benzyltrithio) methane', '3,11,12-Trihydroxycadalene', 'Quercetin 3-O-sophoroside', 'Casearupestrin A', '2-oxo-piperol B; (7S*, 8R*, 1R*, 3R*)-3,4,5-trimethoxy-3,7-cyclo-8,1-neolig-8-ene-2,4(3H)-dione', 'taxifolin', ""(2'S)-2-(propan-2'-ol)-5-hydroxy-benzopyran-4-one"", 'Rel-(+)-(7S,9R,10S)-3,9,12-trihydroxycalamenene', 'Casearin S', '11β-acetoxyobacunone', '1-(5,7-dihydroxy-2,2-dimethylchroman- 6-yl)-3-[4-hydroxy-3-(3-methylbut-2-en-1-yl)- phenyl]propan-1-one', '(3R,4R)-4,7-Dihydroxymellein', ""Nitensoside B; Pedalitin 6-O-α-rhamnopyranosyl(1'''→6'')-β-glucopyranoside"", 'Amentoflavone', 'Odoratone', ""2-(2'-O-benzoyl)-C-β-D-glucopyranosyl-1,3,6,7-tetrahydroxyxanthone"", 'Isoplumericin', 'α-L-xylopyranosyl-(4""→20)-(3-O-β-D-glucopyranosyl)-1\'-O-E-caffeoyl-β-D-glucopyranoside', '6-[8(Z)-pentadecenyl]salicylic acid', 'Gedunin', 'Pedalin, pedalitin 6-O-β -glucopyranoside', 'Caseargrewiin F; (1R*,3S*,5S*,6aR*,7S*,8R*,10R*,10aR*)-1,3-Bis(acetyloxy)-3,5,6,6a,7,8,9,10-octahydro-10-hydroxy-7,8-dimethyl-7-[(2Z)-3-methylpenta-2,4-dien-1-yl]naphtho[1,8a-c]furan-5-yl Butanoate', 'Casearin L; (1R*,3S*,5S*,6aR*,7R*,8R*,9S*,10S*,10aR*)-1,10-Bis(acetyloxy)-3,5,6,6a,7,8,9,10-octahydro-9-hydroxy-5-methoxy-7,8-dimethyl-7-[(2Z)-3-methylpenta-2,4-dien-1-yl]naphtho[1,8a-c]-furan-3-yl Butanoate', '28-O-β-D-glucopyranosyl quinovic acid', '2-Methyl-4-hydroxy-butyl caffeoate', 'N-1,N-2,N-3-Triisopentenylguanidine', 'Dibenzyl trisulphide', 'Maytenin, Tingenone', 'urauchimycin B', ""2-(2'-O-trans-caffeoyl)-C-β-D-glucopyranosyl-1,3,6,7-tetrahydroxyxanthone"", 'Netzahualcoyene', 'Casearin X Dialdehyde; (2R*,4aS*,5S*,7R*,8R*,8aS*)-4,4a-Diformyl-1,2,4a,5,6,7,8,8a-octahydro-5-hydroxy-7,8-dimethyl-8-[(2Z)-3-methylpenta-2,4-dien-1-yl]naphthalen-2-yl Butanoate', 'polypodine B', 'n-Propyl gallate', ""3',4',5',5,7,8-hexamethoxyflavone"", ""(2S)-Methyl-8-isopentyl-2-methyl-2-(4'-methylpentyl)chroman-6-carboxylate"", '3,4,5-Triacetoxybenzoic acid', '1-(5,7-dihydroxy-2,2-dimethylchroman-6-yl)-3-(1,1,4a-trimethyl-2,3,4,4a,9a-hexahydro-1H-xanthen-7-yl)propan-1-one', 'Methyl (E)-6,7,8-trimethoxycinnamate', '3,4,5-Trimethoxyphenyl-1-O-β-D-(5-O-syringoyl)-apiofuranosyl-(1→6)-β-D-glucopyranoside', '6-[8(Z),11(Z),14-pentadecatrienyl]salicylic acid', 'Sorbifolin', ""Nitensoside A; Sorbifolin 6-O-α-rhamnopyranosyl(1'''→6'')-β-glucopyranoside"", 'Rel-6β-hydroxyzuelanin-2β-benzoate', 'shidasterone', '5-hydroxymethyl- 2-furancarboxaldehyde; 5-hydroxymethyl-2-furfuraldehyde', 'atalaphyllinine', 'N-[10- (13,14-methylenedioxyphenyl)-7(E)-pentaenoyl]-pyrrolidine', '2-Methyl-5-methoxy-benzopyran-4-one', '3,4-dihydroxybenzoic acid geranyl ester', 'N-[10-(13,14-methylenedioxyphenyl)-7(E),9(Z)-pentadienoyl]-pyrrolidine', 'Methyl gallate', '3-O-β-D-quinovopyranosyl cincholic acid', 'Afzelin, 3-O-α-rhamnosyl kaempferol', 'Egonol', '4-Nerolidilcatechol', ""2-(2'-O-transcoumaroyl)-C-β-D-glucopyranosyl-1,3,6,7-tetrahydroxyxanthone"", 'Syringic acid', '(+)-3-O-feruloylcassine', '6-pentadecylsalicylic acid', 'Methyl-2,2-dimethylchroman-6-carboxylate', ""Myrsinoic acid A, 3-Geranyl-4-hydroxy-5-(3'',3''-dimethylallyl)benzoic acid"", '20α-Hydroxymaytenin; 20-hydroxy-20-epi-tingenone', 'Platydesmine', 'Leiokinine A', 'Cabraleadiol', 'schaftoside', ""7-Hydroxy-4',6-dimethoxyisoflavone; Afrormosin; Afromosin"", '8-methoxymellein', '(±)-Syringaresinol', '(-)-Epigallocatechin-3-O-gallate', 'Casearin D; (1R*,3S*,5S*,6aR*,7R*,8R*,9S*,10S*,10aR*)-1-(Acetyloxy)-3,5,6,6a,7,8,9,10-octahydro-5,10-dihydroxy-7,8-dimethyl-7-[(2Z)-3-methylpenta-2,4-dien-1-yl]naphtho[1,8a-c]furan-3,9-diyl Dibutanoate', 'Rel. (+)-(7S,10S) 3,12-dihydroxycalamenene', 'carlinoside', 'Methyl-8-(ethanoyloxy)-2,2-dimethyl-2H-chromene-6-carboxylate', 'arjunolic acid', 'stachysterone', 'Ethyl 2,4-dihydroxy-5,6-dimethylbenzoate', 'Amentoflavone 7”,4”’-dimethyl ether', 'Picramnioside F', 'Lauryl gallate', 'Casearin O; (1R*,3S*,5S*,6aR*,7R*,8R*,9S*,10S*,10aR*)-1,10-Bis(acetyloxy)-5-methoxy-7,8-dimethyl-7-[(2Z)-3-methylpenta-2,4-dien-1-yl]-3,5,6,6a,7,8,9,10-octahydronaphtho[1,8a-c]furan-3,9-diyl Dibutanoate', 'germacrene D', '(-)-Spectalinine', 'Netzahualcoyondiol', 'Piperol B', '(-)-Hardwickiic acid', ""5-[3''-(β-D-glucopyranosyloxy)propyl]-7-methoxy-2-(3',4'-methylenedioxyphenyl)benzofuran"", 'Syringaldehyde', '22-hydroxytirucalla-7,24-diene-2,3-dione', 'Trans-3’-methylsulphonylallyl trans-cinnamate', '(3-(2-(4-hydroxyphenyl)-2-oxoethyl)-5,6-dihydropyridin- 2(1H)-one)', 'Mangiferin', 'Salacin', 'Viburgenin', ""Pterogynoside; Kaempferol-3-O-(3''-O-4'''-methylgallate-α-L-rhamnoside)"", 'Isobutyl gallate', '7′-multijuguinone', 'Griseofulvin', 'Ixoside', '2β-Hydroxyzuelanin-6β-cinnamate', 'Cognatine', 'Fagaramide', 'Chalepin', 'Chlorogenic acid', '(4R)-4,8-dihydroxy-α-tetralone']]",doi_name
"['10.1002/ps.1278', 'stachysterone']","['10.1002/ps.1278', ['guaiol', 'γ-eudesmol', 'Hinesol', 'α-eudesmol', 'Pimara-7,15-dien-3β-ol', 'Ergosterol peroxide', '8-hydroxy-6-methoxy-3-methylisocoumarin', '(22E,24R)-ergosta-4,6,8(14),22-tetraen-3-one', 'Dimethyl terephthalate', '11-O-trans-feruloylteucrein', 'Teucrein', 'Galioside aglicone', 'Apodanthoside', 'Galioside', ""3,4-dimethyl-2-(4'-hydroxy-3',5'-dimethoxyphenyl)-5-methoxy-tetrahydrofuran"", ""3',4',5',3,5,7,8-heptamethoxyflavone"", ""3,5,6,7,3',4',5'-heptamethoxyflavonol"", '3,3-O-dimethylquercetin', 'penduletin 4-O-methyl ether', '2α,3α,19α- trihydroxyurs-12-en-28-oic acid', '2α,3α-dihydroxyolean-12- en-28-oic acid', '3,7,4-O-trimethylkaempferol', 'p-hydroxybenzoic acid', '3-O-methylquercetin', 'Chrysoeriol', 'acacetin', 'Tagitinin C', '1-methoxy-3-hydroxy-3,10b-4,5a-diepoxy-8b-isobutyroyloxygermacr-11(13)-en-6a,12-olide', ""4-Hydroxy-3-(3',7'-dimethyl-3'-hydroxy-1'-oxo-6'-octenyl)benzoic acid"", ""4-Hydroxy-(3',7'-dimethyl-1'-oxo-octa-2'-E-6'-dienyl)benzoic acid"", ""Isosakuranetin; 5,7-dihydroxy-4'-methoxyflavanone"", ""1,4-Dihydroxy-2-(3',7'-dimethyl-1'-oxo-2'-E-6'-octadienyl)benzene"", ""Sakuranetin; 5,4'-dihydroxy-7-methoxyflavanone"", ""3',4'-methylenedioxy-5,6,7- trimethoxyflavone"", ""2'-hydroxy-3,4,4'-trimethoxy-5',6'-(2'',2''-dimethylpyrano)-chalcone"", ""3',4'-methylenedioxy-5,5',6,7-tetramethoxyflavone"", ""3',4'-methylenedioxy-5,7-dimethoxyflavone"", 'Aphidicolin', '21β,25-dimethylmelianodiol', '3,21-Di-epi-feroniellide B', '21α,25-dimethylmelianodiol', 'Cordifoline', 'Turbinatine', '3,4-dehydro-strictosidine', '3,4-dehydrostrictosidine acid', 'Strictosidine acid', '5α-carboxystrictosidine', 'Harman-3-carboxylic acid', 'Deoxycordifoline', '(+)-11α-Hydroxyerythravine', '(+)-Erythravine', '(+)-α-Hydroxyerysotrine', '4-metoxi-6-[2-(metilamino)fenil]- 2H-piran-2-ona', 'Kaempferol-3-O-rutinoside', 'Kaempferol-3-O-α-L-rhamnopyranosyl-(1→6)-β-D-galactopyranoside', 'Catechin, Ent-catechin', 'Procyanidin B-3', 'Kaempferol-3-O-D-galactopyranoside', '6-Hydroxy-rutin', 'Kaempferol-3-O-α-L-rhamnopyranosyl-(1-6)-α-L-rhamnopyranosyl-(1-4)-β-D-glucopyranoside', 'Quercetin-3-O-α-L-rhamnopyranosyl-(1→6)-β-D-galactopyranoside', 'Kaempferol-3-O-D-glucopyranoside', 'Taraxerol acetate', 'Nitensidine E', 'Nitensidine D', 'Beauvericin', 'Anhydrofusarubin', 'Hispidol A', 'Nilocetin', 'Oleanonic acid', 'Pentaol', 'cryptomeridiol', 'Iso-odoratol', 'Piscidinol A', '3,11-dioxoolean-12-en-28- onic acid', ""Isoswertisin-4'-methyl-ether-2''α-L-rhamnoside"", 'Clusifoliol', '2-Episesalatin', ""Isoswertisin-2''α1-L-rhamnoside"", 'Sesartemin', 'Citibrasine', '2,3-dihydro-4,9-dihydroxy-2-(2-hydroxy-propan-2-yl)- 11-methoxy-10-methylfuro[3,2-b]acridin-5(10H)-one', 'bis-5-hydroxyacronycine', 'astilbin; Rel-(2R, 3R)-dihydroquercetin-3-O-±-L-rhamnoside', 'Methyl (3R,4R,5R)-3-{[(2Z)-3-(3,4-dihydroxyphenyl)-2-propenoyl]oxy}-1,4,5-trihydroxycyclohexanecarboxylate', 'Methyl (3R,4R,5R)-3-{[(2E)-3-(3,4-dihydroxyphenyl)-2-propenoyl]oxy}-1,4,5-trihydroxycyclohexanecarboxylate', 'Chlorogenic acid methyl ester, Methyl (1S,3R,4R,5R)-3-{[(2E)-3-(3,4-dihydroxyphenyl)-2-propenoyl]oxy}-1,4,5-trihydroxycyclohexanecarboxylate', 'Mycoleptone A', '9-hydroxyeugenin', 'Mycoleptone A tetraacetate', 'Eugenitin', 'Mycoleptone B', 'Austdiol', 'Austdiol diacetate', '6-methoxyeugenin', 'α-Gardiol', 'β-Gardiol', 'Ferulic acid', 'Xanthyletin', '5,7-dimethoxy-2,2-dimethyl-2H-1-benzopyran-6-propanoic acid', '17-(3,4-Methylenedioxyphenyl)-heptadecanoic acid', ""7,4'-Dimethoxyflavone"", '21´-(3,4-Methylenedioxyphenyl)-henicosanoic acid', ""7,4'-Dihydroxyflavone"", '(+)-Guaiacin', '19´-(3,4-Methylenedioxyphenyl)-nonadecanoic acid', 'Sargachromenol', 'Sargaquinoic acid', 'Farnisine', ""Juruenolic acid; 2-(4'-Methylpentenyl-3)-10-oxoundecan-2,6-dienoic acid"", 'Fasciculiferin', 'Tithonine', '(-)-3-O-acetyl-spectaline', 'Stearic acid 4-pentoyloxyphenethyl ester', ""Rel-(7R,8S,7'S,8'S)-4',5'-methylenedioxy-3,4,5,3'-tetramethoxy-7,7'-epoxylignan"", ""Rel-(7R,8S,7'S,8'S)-4'-hydroxy-3,4,5,3',5'-pentamethoxy-7,7'-epoxylignan"", ""Rel-(7R,8S,7'S,8'S)-9-hydroxy-4',5'-methylenedioxy-3,4,5,3'-tetramethoxy-7,7'-epoxylignan"", ""Rel-(7R,8S,7'S,8'S)-4,5,4',5'-dimethylenedioxy-3,3'-dimethoxy-7,7'-epoxylignan"", ""Rel-(7R,8S,7'S,8'S)-4-hydroxy-4',5'-methylenedioxy-3,5,3'-trimethoxy-7,7'-epoxylignan"", '2-n-Propylquinoline', ""2-(1'-pentenyl)-Quinoline"", '2-n-Pentylquinoline', ""2-(3',4'-methylenedioxyphenylethyl)-Quinoline"", 'Epi-guaiacin', 'Verrucosin', '7-Methyl-sargachromenol; 2,7,8-Trimethyl-2-[(3-E,7-Z)-4,12-dimethyl-8-carboxyl-3,7,11-tridecatrienyl]-3-chromen-6-ol, β-caroteno', 'Nectandrin B', '1,3,5-trihydroxy- 2,8-bis(3-methylbut-2-enyl)-10-methyl-9-acridone', '5-hydroxynoracronycine; Atalaphyllidine', '3,4-dihydro-3,5,8-trihydroxy-6-methoxy-2,2,7-trimethyl-2Hpyrano[ 2,3-a]acridin-12(7H)-one', 'Citrusinine-I', 'Pyranofoline', 'Citrusinine-II', '1,3,5-trihydroxy-4-methoxy-10-methyl- 2,8-bis(3-methylbut-2-enyl)acridin-9(10H)-one', 'Glycocitrine-IV', 'Glycocitrine-I', '5,7-dimethoxy-2,2-dimethyl-2H-1-benzopyran-6-propanoate', 'β-caryophyllene, trans-caryophyllene', '3,4,5-Trimethoxydihydrocinnamic acid', ""4-Hydroxy-3-(3',7'-dimethylocta-2'-E-6'-dienyl)benzoic acid"", 'Methyl 2,2-dimethyl-1-oxo-2H-1-benzopyran-6-carboxylate', ""2',6'-Dihydroxy-4'-methoxydihydrochalcone"", ""Methyl 4-hydroxy-3-(3'-methyl-2'-butenyl)benzoate"", ""Methyl taboganate; Methyl 4-hydroxy-3-(3'-methyl-1'-oxo-2'-butenyl)benzoate"", ""Hostmaniene; 4-Hydroxy-3-(2',3'-dihydroxy-3'-methylbutyl)benzoate"", 'Piperaduncine B', ""4-Hydroxy-(3',7'-dimethyl-1'-oxo-octa-2'-Z-6'-dienyl)benzoic acid"", ""Aduncumene; Methyl 2-methoxy-5-(3'-methyl-1'-oxo-2'-butenyl)benzoate"", ""Methyl 4-hydroxy-3-(3'-methyl-2'-hydroxy-3'-butenyl)benzoate"", '7-Methoxydiderroside', 'Secoxyloganin', 'Diderroside', ""6'-Acetyl-β-D-glucopyranosyldiderroside"", 'Methacrylic acid', ""4-Methoxy-3-(3',7'-dimethylocta-2'-E-6'-dienyl)benzoic acid"", 'Methyl-8-hydroxy-2,2-dimethyl-2H-chromene-6-carboxylate', ""3-(3',7 '-dimethyl-2',6 '-octadienyl)-4-methoxy-benzoic acid"", 'cyclo (L)-Pro-Gly', 'Isopimpinellin', ""N-[3-(6'-methoxy-3',4'-methy-lenedioxyphenyl)-2(Z)-propenoyl]pyrrolidine"", '8,9-dihydropiplartine; N-(12,13,14-trimethoxydihydrocinnamoyl)-Δ3-pyridin-2-one', '(E)-piplartine', '10,11-dihydropiperine; Δα,β-dihydropiperine', 'Piperine', '4,5-dihydropiperlonguminine; Piperlonguminine', '4,5-dihydropiperyline', '(Z)-piplartine; 8(Z)-N-(12,13, 14-trimethoxycinnamoyl)- 3-pyridin-2-one', '(3Z,5Z)-N-isobutyl-8-(30,40-methylenedioxy-phenyl)-heptadienamide', 'Pellitorine', 'Cusculine; 1,2,3,5,6-pentamethoxy-9-acridone', 'Cuspanine; 1-hydroxy-2,3,5,6-tetramethoxy-9-acridone', '2α,3α-Dihydroxy-urs-12-en-28-oic acid', '3-O-β-D-(6’-methyl)-glucopyranosyl-28-O-β-D-glucopyranosyl-oleanate', 'Oleanolic acid 3-sophoroside', '5-hydroxyflavone', '2-phenyl-4H-chromen-4-one', 'β-Sitosterol benzoate', 'Haplotusine', 'Sinapyl 4-O-β-D-glucopyranoside aldehyde', 'N-acetylnonaine', 'Liriodenine', 'Sinapyl 4-O-β-D-glucopyranoside alcohol', '[10]-gingerol', ""2,4-Dihydroxy-6-[(1'E,3'E)-penta-1', 3'-dienyl]-benzaldehyde"", '2-methyl-5-[8(Z)-pentadecenyl]resorcinol', 'Nitensidine A', '2-hydroxyphenylacetic acid', '3-O-β-D-quinovopyranosyl quinovic acid', ""8-hydroxy-3,5,7,3',4',5'-hexamethoxyflavonol"", '2-methyl-5-pentadecylresorcinol', '3β-hydroxy-stigmast-5-en-7-one; 24-β-7-oxositosterol', 'scillascillin', '(4R)-4,8-dihydroxy-α-tetralone', 'Homoegonol', '[8]-gingerol', '4-Hydroxymellein', '5-hydroxymellein', 'fraxinellonone', 'Sorbifolin 6-O-β-glucopyranoside', 'Rel-2α-hydroxyzuelanin-6β-benzoate', '2,6-di-O-acetylcasearupestrin D', ""Methyl-2,2-dimethyl-8-(3'-methylbut-2'-enyl)chroman-6-carboxylate"", '2,7-Di-O-acetylcasearupestrin A', 'Odoratol', 'Leptomerine', '5-hydroxy-N-methylseverifoline', '19,20-Epoxycytochalasin N', 'ellagic acid 4-O-α-L-rhamnopyranoside; eschweilenol C', 'Mayoside C', 'Ourateacatechin', ""3',4',5',5,7-pentamethoxyflavone"", 'Acetonide of odoratol', '(−)-Grandisin', '24-methylenecycloartan-3b-ol', 'Skimmianine', 'p-hydroxybenzoic acid-geranyl ester', 'Dibenzyl disulphide', 'Proanthocyanidin', 'neoisoastilbin', '(R)-7-Hydroxymellein', ""5-(3'' -Hydroxypropyl)-7-methoxy-2-(3',4' -methyl-enedioxyphenyl)benzofuran"", '22β-hydroxypristimerin', '1- (5,7-dihydroxy-2,2-dimethylchroman-6-yl)-3-(2,2-dimethylchroman- 6-yl)propan-1-one', 'Canavaline', 'Di-hydrodehydrodiconiferyl alcohol', 'Quercetin', ""2-(2'-O-trans-cinnamoyl)-C-β-D-glucopyranosyl-1,3,6,7-tetrahydroxyxanthone"", 'Kokusaginine', 'Ocotillone', 'des-N-methylnoracronycine', '6α-acetoxy-14β,15β-epoxyazadirone', 'Maculosidine', 'Podocarpusflavone A', 'Casearupestrin C', '6α-malonyloxy-n-butyl ester manoyl oxide', 'citrusinine-I', 'Ricinine', 'Leptophyllin A', '5-pentadecylresorcinol', '19,20-Epoxycytochalasin D', 'fumiquinozoline F', 'Kaempferol 3-O-α-L-rhamnopyranosyl (1→6)-O-[β -D-glucopyranosyl (1→3)-O-α-L-rhamnopyranosyl-(1→2)]-O-β -D-glucopyranosyl', 'Nitensidine B', '1-methyl-2-n-nonyl-4-quinolone', '5-[8(Z),11(Z),14-pentadecatrienyl]resorcinol', 'Gallic acid; 3,4,5-trihydroxybenzoic acid', 'Caseobliquin A', 'Methyl angolensate', '3β-O-[α-L-rhamnopyranosyl-(1→2)-O-β-D-glucopyranosyl-(1→2)-O-β-D-glucopyranosyl]-28-O-β-D-glucopyranoside pomolate', 'Dibenzyl tetrasulphide', ""2',5-dihydroxy-3-methoxy-8-dimethylallyl-6, 7-(2' ',2''-dimethylpyrano)-dihydroflavonol"", '2-n-nonyl-4-quinolone', 'Cytochalasin D', 'Isoorientin', 'urauchimycin A', 'p-Coumaric acid', '(-)-Epigallocatechin', 'Netzahualcoyonol', '1-[3-(3,7-dimethylocta-2,6-dien-1-yl)-2,4,6- trihydroxyphenyl]-3-(4-hydroxyphenyl)propan-1-one', '6α-malonyloxymanoyl oxide', '6α-acetoxymanoyl oxide', 'Methyl-8-hydroxy-2,2-dimethylchroman-6-carboxylate', 'Dipropyl disulphide', '2-methyl-5-[8(Z),11(Z)-pentadecadienyl]resorcinol', 'Methyl 6,7,8-trimethoxydihydrocinnamate', '2-Hexyl-3-methyl-butanodioic acid', 'fraxinellone', '6-[ 8(Z),11(Z) -pentadecadienyl] salicylic acid', 'polypodine B', 'n-Propyl gallate', ""3',4',5',5,7,8-hexamethoxyflavone"", 'Isopropyl gallate', '6β-hydroxy-7-epigardoside methyl ester', 'Tetrahydropiperyline, N-[10-(13,14-methylenedioxyphenyl)-pentanoyl]-pyrrolidine', 'Piperovatine', '2,4,6-trimethoxybenzoic acid', '1-O-(E)-caffeoyl-β-D-glucopyranoside', 'Quercitrin, 3-O-α-rhamnosylquercetin', 'Quercetin 3-O-α-L-rhamnopyranosyl (1→6)-O-[β -D-glucopyranosyl (1→3)-O-α-L-rhamnopyranosyl-(1→2)]-O-β -D-glucopyranosyl', 'Heveaflavone', 'Arboreumine', '3-Oxoursolic acid', 'Casearupestrin B', 'toonacilin', 'Uracil', '1-O-(E)-feruloyl-β-D-glucopyranoside', '19,20-Epoxycytochalasin C', 'Benzylhydroxymethyl sulphide', '1,6-di-O-caffeoyl-β-D-glucopyranoside', '2-methyl-5-[8(Z),11(Z),14-pentadecatrienyl]resorcinol', 'epoxy-fraxinellone', '12′-hydroxy-7′-multijuguinone', 'Kaempferitrin', 'Nitensidine C', 'Casearupestrin D', 'Chaetoglobosin B', 'n-Pentyl gallate', 'Orcinol', 'Periconicin B', 'Phomopsilactone', ""(2S)-8-Isopentyl-2-methyl-2-(4'-methylpentyl)chroman-6-carboxylic acid"", '2,2-dimethyl-2H-chromene-6-carboxylic acid', '1,2-dihydro- 3β-hydroxy-7-deacetoxy-7-oxogedunin', 'Photogedunin', 'Casearin X; (1R*,3S*,5S*,6aR*,7S*,8S*,10R*,10aR*)-1-(Acetyloxy)-3,5,6,6a,7,8,9,10-octahydro-10-hydroxy-7,8-dimethyl-7-[(2Z)-3-methylpenta-2,4-dien-1-yl]naphtho[1,8a-c]furan-3,5-diyl Dibutanoate', ""2-(R)-Methyl-6-(S)-(tetradecyl-13'-one)-3(R)-O-tert-butyldimethylsilyl-piperidine"", '(2S)-Methyl-2-methyl-8-(3""-methylbut-2""-enyl)-2-(4\'-methylpent-3\'-enyl)-2H-chromene-6-carboxylate', '20-hydroxyecdysone; polypodine A', '3-Acetyl aleuritolic acid', 'Alkenoic acid', ""2-(2'-O-trans-caffeoyl)-C-β-D-glucopyranosyl-1,3,6,7-tetrahydroxyxanthone"", 'Netzahualcoyene', 'Casearin X Dialdehyde; (2R*,4aS*,5S*,7R*,8R*,8aS*)-4,4a-Diformyl-1,2,4a,5,6,7,8,8a-octahydro-5-hydroxy-7,8-dimethyl-8-[(2Z)-3-methylpenta-2,4-dien-1-yl]naphthalen-2-yl Butanoate', 'Casearin T', 'Piperyline, N-[10-(13,14-methylenedioxyphenyl)-7(E),9(E)-pentadienoyl]-pyrrolidine', 'ω-fenil alcanoic acid', '2-butyl-D-fructofuranoside', ""Gaudichaudianic acid; (2S)-2-methyl-2-(4'methyl-3'-pentenyl)-8-(3''-methyl-2-butenyl)- 2H-1-benzopyran-6-carboxylic acid"", 'limonexic acid', 'Pedalitin', 'Di(benzyltrithio) methane', '3,11,12-Trihydroxycadalene', 'Quercetin 3-O-sophoroside', '(3R,4R)-3,4-Dihydro-4,6-dihydroxy-3-methyl-1-oxo-1H-isochromene-5-carboxylic acid', '24-methylene-3,22-dihydroxycholesterol', 'amorphispironone', 'taxifolin', ""(2'S)-2-(propan-2'-ol)-5-hydroxy-benzopyran-4-one"", 'Rel-(+)-(7S,9R,10S)-3,9,12-trihydroxycalamenene', 'Casearin S', '11β-acetoxyobacunone', '1-(5,7-dihydroxy-2,2-dimethylchroman- 6-yl)-3-[4-hydroxy-3-(3-methylbut-2-en-1-yl)- phenyl]propan-1-one', '(3R,4R)-4,7-Dihydroxymellein', 'Piperol B', '(-)-Hardwickiic acid', ""5-[3''-(β-D-glucopyranosyloxy)propyl]-7-methoxy-2-(3',4'-methylenedioxyphenyl)benzofuran"", '28-O-β-D-glucopyranosyl quinovic acid', '2-Methyl-4-hydroxy-butyl caffeoate', 'N-1,N-2,N-3-Triisopentenylguanidine', 'Dibenzyl trisulphide', 'Maytenin, Tingenone', 'urauchimycin B', '6-[8(Z)-pentadecenyl]salicylic acid', '(2S)-2-methyl-8-(3""-methylbut-2""-enyl)-2-(4\'-methylpent-3\'-enyl)-2H-chromene-6-carboxylic acid', 'Burchellin', '5-[8(Z)-pentadecenyl]resorcinol', 'Luteolin; 2-(3,4-dihydroxyphenyl)-5,7-dihydroxy-4H-chromen-4-one', 'Sinapic acid', '19,20-Epoxycytochalasin Q', '19,20-Epoxycytochalasin R', 'Muraxanthone', 'Odoratone', 'Rel-6β-hydroxyzuelanin-2β-benzoate', ""2-(2'-O-benzoyl)-C-β-D-glucopyranosyl-1,3,6,7-tetrahydroxyxanthone"", 'Isoplumericin', 'α-L-xylopyranosyl-(4""→20)-(3-O-β-D-glucopyranosyl)-1\'-O-E-caffeoyl-β-D-glucopyranoside', 'Casearupestrin A', '2-oxo-piperol B; (7S*, 8R*, 1R*, 3R*)-3,4,5-trimethoxy-3,7-cyclo-8,1-neolig-8-ene-2,4(3H)-dione', ""N-[7-(3',4'-methylenedioxyphenyl)-2(Z),4(Z)-heptadienoyl]pyrrolidine"", ""Acteoside; [β-3,4-dihydroxyphenyl)-ethyl]-(3'-O-α-L-rhamnopyranosyl)-(4'-O-cafeoyl)-β-D-glycopyranoside, verbascoside"", 'shidasterone', '5-hydroxymethyl- 2-furancarboxaldehyde; 5-hydroxymethyl-2-furfuraldehyde', 'atalaphyllinine', 'N-[10- (13,14-methylenedioxyphenyl)-7(E)-pentaenoyl]-pyrrolidine', '2-Methyl-5-methoxy-benzopyran-4-one', '3,4-dihydroxybenzoic acid geranyl ester', 'N-[10-(13,14-methylenedioxyphenyl)-7(E),9(Z)-pentadienoyl]-pyrrolidine', 'Gedunin', 'Pedalin, pedalitin 6-O-β -glucopyranoside', 'Caseargrewiin F; (1R*,3S*,5S*,6aR*,7S*,8R*,10R*,10aR*)-1,3-Bis(acetyloxy)-3,5,6,6a,7,8,9,10-octahydro-10-hydroxy-7,8-dimethyl-7-[(2Z)-3-methylpenta-2,4-dien-1-yl]naphtho[1,8a-c]furan-5-yl Butanoate', 'Casearin L; (1R*,3S*,5S*,6aR*,7R*,8R*,9S*,10S*,10aR*)-1,10-Bis(acetyloxy)-3,5,6,6a,7,8,9,10-octahydro-9-hydroxy-5-methoxy-7,8-dimethyl-7-[(2Z)-3-methylpenta-2,4-dien-1-yl]naphtho[1,8a-c]-furan-3-yl Butanoate', 'Platydesmine', ""Nitensoside B; Pedalitin 6-O-α-rhamnopyranosyl(1'''→6'')-β-glucopyranoside"", 'Amentoflavone', 'Methyl (E)-6,7,8-trimethoxycinnamate', '3,4,5-Trimethoxyphenyl-1-O-β-D-(5-O-syringoyl)-apiofuranosyl-(1→6)-β-D-glucopyranoside', '6-[8(Z),11(Z),14-pentadecatrienyl]salicylic acid', 'Sorbifolin', ""Nitensoside A; Sorbifolin 6-O-α-rhamnopyranosyl(1'''→6'')-β-glucopyranoside"", 'Casearin O; (1R*,3S*,5S*,6aR*,7R*,8R*,9S*,10S*,10aR*)-1,10-Bis(acetyloxy)-5-methoxy-7,8-dimethyl-7-[(2Z)-3-methylpenta-2,4-dien-1-yl]-3,5,6,6a,7,8,9,10-octahydronaphtho[1,8a-c]furan-3,9-diyl Dibutanoate', 'germacrene D', '(-)-Spectalinine', 'Netzahualcoyondiol', 'Pristimerin; 20α-3-hydroxy-2-oxo-24-nor-friedela-1-10,3,5,7-tetraen-carboxylic acid-29-methylester', '3,4,5-trimethoxyphenyl 1-O-β-D-apiofuranosyl-(1→6)-O-β-D-glucopyranoside', 'β-photogedunin', 'n-Butyl gallate', ""5-[3''-(β-D-glucopyranosyloxy)propyl]-7-methoxy-2-(3',4'-dimethoxyphenyl)benzofuran"", '3,12-Dihydroxycadalene', '7-hydroxy-3- (11-dimethylallyl)-8-methoxycoumarin', 'Afzelin, 3-O-α-rhamnosyl kaempferol', 'Egonol', '4-Nerolidilcatechol', ""2-(2'-O-transcoumaroyl)-C-β-D-glucopyranosyl-1,3,6,7-tetrahydroxyxanthone"", 'Syringic acid', '(+)-3-O-feruloylcassine', '6-pentadecylsalicylic acid', 'Methyl-2,2-dimethylchroman-6-carboxylate', ""Myrsinoic acid A, 3-Geranyl-4-hydroxy-5-(3'',3''-dimethylallyl)benzoic acid"", '20α-Hydroxymaytenin; 20-hydroxy-20-epi-tingenone', 'Leiokinine A', 'Cabraleadiol', 'schaftoside', ""(2S)-Methyl-8-isopentyl-2-methyl-2-(4'-methylpentyl)chroman-6-carboxylate"", '3,4,5-Triacetoxybenzoic acid', '1-(5,7-dihydroxy-2,2-dimethylchroman-6-yl)-3-(1,1,4a-trimethyl-2,3,4,4a,9a-hexahydro-1H-xanthen-7-yl)propan-1-one', '(±)-Syringaresinol', 'Cyclo-(L-Pro-L-Val)', '(-)-Epigallocatechin-3-O-gallate', 'Casearin D; (1R*,3S*,5S*,6aR*,7R*,8R*,9S*,10S*,10aR*)-1-(Acetyloxy)-3,5,6,6a,7,8,9,10-octahydro-5,10-dihydroxy-7,8-dimethyl-7-[(2Z)-3-methylpenta-2,4-dien-1-yl]naphtho[1,8a-c]furan-3,9-diyl Dibutanoate', 'Rel. (+)-(7S,10S) 3,12-dihydroxycalamenene', 'carlinoside', 'Methyl-8-(ethanoyloxy)-2,2-dimethyl-2H-chromene-6-carboxylate', 'arjunolic acid', 'stachysterone', 'Ethyl 2,4-dihydroxy-5,6-dimethylbenzoate', 'Amentoflavone 7”,4”’-dimethyl ether', 'Picramnioside F', 'Lauryl gallate', 'Syringaldehyde', 'Methyl gallate', '3-O-β-D-quinovopyranosyl cincholic acid', 'Dibenzyl sulphide', '(-) Cis-4-hydroxy-6-deoxyscytalone', 'Plumericin', '5-[8(Z),11(Z)-pentadecadienyl]resorcinol', '22-hydroxytirucalla-7,24-diene-2,3-dione', 'Trans-3’-methylsulphonylallyl trans-cinnamate', '(3-(2-(4-hydroxyphenyl)-2-oxoethyl)-5,6-dihydropyridin- 2(1H)-one)', 'Mangiferin', 'Salacin', 'Viburgenin', ""Pterogynoside; Kaempferol-3-O-(3''-O-4'''-methylgallate-α-L-rhamnoside)"", 'Isobutyl gallate', '7′-multijuguinone', 'Griseofulvin', ""7-Hydroxy-4',6-dimethoxyisoflavone; Afrormosin; Afromosin"", '8-methoxymellein', 'Ixoside', '2β-Hydroxyzuelanin-6β-cinnamate', 'Cognatine', 'Fagaramide', 'Chalepin', 'Chlorogenic acid', 'Kaempferol']]",doi_name
"['10.1016/j.jpba.2012.08.028', '(−)-Grandisin']","['10.1016/j.jpba.2012.08.028', ['guaiol', 'Hinesol', 'γ-eudesmol', 'α-eudesmol', '5,7-dimethoxy-2,2-dimethyl-2H-1-benzopyran-6-propanoate', 'Chlorogenic acid methyl ester, Methyl (1S,3R,4R,5R)-3-{[(2E)-3-(3,4-dihydroxyphenyl)-2-propenoyl]oxy}-1,4,5-trihydroxycyclohexanecarboxylate', 'Teucrein', '11-O-trans-feruloylteucrein', 'Galioside', 'Apodanthoside', 'Galioside aglicone', 'astilbin; Rel-(2R, 3R)-dihydroquercetin-3-O-±-L-rhamnoside', 'Taraxerol acetate', '(+)-11α-Hydroxyerythravine', '(+)-α-Hydroxyerysotrine', '(+)-Erythravine', 'Citrusinine-II', '1,3,5-trihydroxy- 2,8-bis(3-methylbut-2-enyl)-10-methyl-9-acridone', 'Pyranofoline', 'Citrusinine-I', 'Glycocitrine-IV', '3,4-dihydro-3,5,8-trihydroxy-6-methoxy-2,2,7-trimethyl-2Hpyrano[ 2,3-a]acridin-12(7H)-one', '1,3,5-trihydroxy-4-methoxy-10-methyl- 2,8-bis(3-methylbut-2-enyl)acridin-9(10H)-one', '5-hydroxynoracronycine; Atalaphyllidine', 'Glycocitrine-I', 'Beauvericin', 'Anhydrofusarubin', 'Methyl (3R,4R,5R)-3-{[(2E)-3-(3,4-dihydroxyphenyl)-2-propenoyl]oxy}-1,4,5-trihydroxycyclohexanecarboxylate', 'Methyl (3R,4R,5R)-3-{[(2Z)-3-(3,4-dihydroxyphenyl)-2-propenoyl]oxy}-1,4,5-trihydroxycyclohexanecarboxylate', 'Clusifoliol', ""Isoswertisin-4'-methyl-ether-2''α-L-rhamnoside"", 'Sesartemin', ""Isoswertisin-2''α1-L-rhamnoside"", '2-Episesalatin', '(-)-3-O-acetyl-spectaline', ""3,4-dimethyl-2-(4'-hydroxy-3',5'-dimethoxyphenyl)-5-methoxy-tetrahydrofuran"", 'Aphidicolin', ""Methyl taboganate; Methyl 4-hydroxy-3-(3'-methyl-1'-oxo-2'-butenyl)benzoate"", 'Methyl 2,2-dimethyl-1-oxo-2H-1-benzopyran-6-carboxylate', ""Methyl 4-hydroxy-3-(3'-methyl-2'-butenyl)benzoate"", 'Piperaduncine B', '3,4,5-Trimethoxydihydrocinnamic acid', ""4-Hydroxy-3-(3',7'-dimethylocta-2'-E-6'-dienyl)benzoic acid"", ""Hostmaniene; 4-Hydroxy-3-(2',3'-dihydroxy-3'-methylbutyl)benzoate"", ""2',6'-Dihydroxy-4'-methoxydihydrochalcone"", ""Aduncumene; Methyl 2-methoxy-5-(3'-methyl-1'-oxo-2'-butenyl)benzoate"", ""4-Hydroxy-(3',7'-dimethyl-1'-oxo-octa-2'-Z-6'-dienyl)benzoic acid"", ""Methyl 4-hydroxy-3-(3'-methyl-2'-hydroxy-3'-butenyl)benzoate"", 'Nitensidine D', 'Nitensidine E', ""6'-Acetyl-β-D-glucopyranosyldiderroside"", '7-Methoxydiderroside', 'Diderroside', 'Secoxyloganin', 'Methacrylic acid', ""4-Hydroxy-3-(3',7'-dimethyl-3'-hydroxy-1'-oxo-6'-octenyl)benzoic acid"", ""1,4-Dihydroxy-2-(3',7'-dimethyl-1'-oxo-2'-E-6'-octadienyl)benzene"", ""Isosakuranetin; 5,7-dihydroxy-4'-methoxyflavanone"", ""4-Hydroxy-(3',7'-dimethyl-1'-oxo-octa-2'-E-6'-dienyl)benzoic acid"", ""Sakuranetin; 5,4'-dihydroxy-7-methoxyflavanone"", 'Mycoleptone A', '9-hydroxyeugenin', 'Austdiol diacetate', 'Mycoleptone B', 'Austdiol', 'Mycoleptone A tetraacetate', 'Eugenitin', '6-methoxyeugenin', 'Pentaol', 'Nilocetin', 'cryptomeridiol', 'Oleanonic acid', 'Piscidinol A', 'Hispidol A', 'Iso-odoratol', '3,11-dioxoolean-12-en-28- onic acid', ""Juruenolic acid; 2-(4'-Methylpentenyl-3)-10-oxoundecan-2,6-dienoic acid"", 'Fasciculiferin', ""7,4'-Dimethoxyflavone"", 'Sargachromenol', 'Tithonine', 'Farnisine', '19´-(3,4-Methylenedioxyphenyl)-nonadecanoic acid', ""7,4'-Dihydroxyflavone"", 'Sargaquinoic acid', '21´-(3,4-Methylenedioxyphenyl)-henicosanoic acid', '(+)-Guaiacin', '17-(3,4-Methylenedioxyphenyl)-heptadecanoic acid', 'Stearic acid 4-pentoyloxyphenethyl ester', '1-methoxy-3-hydroxy-3,10b-4,5a-diepoxy-8b-isobutyroyloxygermacr-11(13)-en-6a,12-olide', 'Tagitinin C', 'cyclo (L)-Pro-Gly', '2-n-Propylquinoline', ""2-(1'-pentenyl)-Quinoline"", ""2-(3',4'-methylenedioxyphenylethyl)-Quinoline"", '2-n-Pentylquinoline', '4-metoxi-6-[2-(metilamino)fenil]- 2H-piran-2-ona', 'Cordifoline', 'Harman-3-carboxylic acid', 'Turbinatine', 'Deoxycordifoline', '3,4-dehydro-strictosidine', 'Strictosidine acid', '5α-carboxystrictosidine', '3,4-dehydrostrictosidine acid', 'Nectandrin B', 'Epi-guaiacin', 'Verrucosin', '7-Methyl-sargachromenol; 2,7,8-Trimethyl-2-[(3-E,7-Z)-4,12-dimethyl-8-carboxyl-3,7,11-tridecatrienyl]-3-chromen-6-ol, β-caroteno', 'Xanthyletin', '(22E,24R)-ergosta-4,6,8(14),22-tetraen-3-one', 'Dimethyl terephthalate', 'Ergosterol peroxide', '8-hydroxy-6-methoxy-3-methylisocoumarin', 'Pimara-7,15-dien-3β-ol', '3,21-Di-epi-feroniellide B', '21α,25-dimethylmelianodiol', '21β,25-dimethylmelianodiol', '5,7-dimethoxy-2,2-dimethyl-2H-1-benzopyran-6-propanoic acid', '3,3-O-dimethylquercetin', 'penduletin 4-O-methyl ether', '2α,3α,19α- trihydroxyurs-12-en-28-oic acid', 'Chrysoeriol', 'acacetin', '2α,3α-dihydroxyolean-12- en-28-oic acid', '3,7,4-O-trimethylkaempferol', '3-O-methylquercetin', 'p-hydroxybenzoic acid', ""3',4',5',3,5,7,8-heptamethoxyflavone"", ""3,5,6,7,3',4',5'-heptamethoxyflavonol"", 'Kaempferol-3-O-α-L-rhamnopyranosyl-(1→6)-β-D-galactopyranoside', 'Catechin, Ent-catechin', 'Kaempferol-3-O-rutinoside', 'Kaempferol-3-O-D-glucopyranoside', 'Procyanidin B-3', 'Kaempferol-3-O-D-galactopyranoside', '6-Hydroxy-rutin', 'Kaempferol-3-O-α-L-rhamnopyranosyl-(1-6)-α-L-rhamnopyranosyl-(1-4)-β-D-glucopyranoside', 'Quercetin-3-O-α-L-rhamnopyranosyl-(1→6)-β-D-galactopyranoside', ""4-Methoxy-3-(3',7'-dimethylocta-2'-E-6'-dienyl)benzoic acid"", 'Methyl-8-hydroxy-2,2-dimethyl-2H-chromene-6-carboxylate', ""3-(3',7 '-dimethyl-2',6 '-octadienyl)-4-methoxy-benzoic acid"", '2,3-dihydro-4,9-dihydroxy-2-(2-hydroxy-propan-2-yl)- 11-methoxy-10-methylfuro[3,2-b]acridin-5(10H)-one', 'bis-5-hydroxyacronycine', 'Citibrasine', 'Isopimpinellin', ""2'-hydroxy-3,4,4'-trimethoxy-5',6'-(2'',2''-dimethylpyrano)-chalcone"", ""3',4'-methylenedioxy-5,6,7- trimethoxyflavone"", ""3',4'-methylenedioxy-5,5',6,7-tetramethoxyflavone"", ""3',4'-methylenedioxy-5,7-dimethoxyflavone"", ""Rel-(7R,8S,7'S,8'S)-4',5'-methylenedioxy-3,4,5,3'-tetramethoxy-7,7'-epoxylignan"", ""Rel-(7R,8S,7'S,8'S)-4'-hydroxy-3,4,5,3',5'-pentamethoxy-7,7'-epoxylignan"", ""Rel-(7R,8S,7'S,8'S)-4,5,4',5'-dimethylenedioxy-3,3'-dimethoxy-7,7'-epoxylignan"", ""Rel-(7R,8S,7'S,8'S)-9-hydroxy-4',5'-methylenedioxy-3,4,5,3'-tetramethoxy-7,7'-epoxylignan"", ""Rel-(7R,8S,7'S,8'S)-4-hydroxy-4',5'-methylenedioxy-3,5,3'-trimethoxy-7,7'-epoxylignan"", ""N-[3-(6'-methoxy-3',4'-methy-lenedioxyphenyl)-2(Z)-propenoyl]pyrrolidine"", '(Z)-piplartine; 8(Z)-N-(12,13, 14-trimethoxycinnamoyl)- 3-pyridin-2-one', '8,9-dihydropiplartine; N-(12,13,14-trimethoxydihydrocinnamoyl)-Δ3-pyridin-2-one', '4,5-dihydropiperlonguminine; Piperlonguminine', 'Piperine', '4,5-dihydropiperyline', '10,11-dihydropiperine; Δα,β-dihydropiperine', '(3Z,5Z)-N-isobutyl-8-(30,40-methylenedioxy-phenyl)-heptadienamide', 'Pellitorine', '(E)-piplartine', 'Ferulic acid', 'α-Gardiol', 'β-Gardiol', 'β-caryophyllene, trans-caryophyllene', 'Cusculine; 1,2,3,5,6-pentamethoxy-9-acridone', 'Cuspanine; 1-hydroxy-2,3,5,6-tetramethoxy-9-acridone', '2α,3α-Dihydroxy-urs-12-en-28-oic acid', 'Oleanolic acid 3-sophoroside', '3-O-β-D-(6’-methyl)-glucopyranosyl-28-O-β-D-glucopyranosyl-oleanate', '5-hydroxyflavone', 'β-Sitosterol benzoate', 'Haplotusine', '2-phenyl-4H-chromen-4-one', 'Sinapyl 4-O-β-D-glucopyranoside aldehyde', 'Sinapyl 4-O-β-D-glucopyranoside alcohol', 'N-acetylnonaine', 'Liriodenine', '[10]-gingerol', ""2,4-Dihydroxy-6-[(1'E,3'E)-penta-1', 3'-dienyl]-benzaldehyde"", 'Nitensidine A', '2-methyl-5-[8(Z)-pentadecenyl]resorcinol', '2-hydroxyphenylacetic acid', '3-O-β-D-quinovopyranosyl quinovic acid', ""8-hydroxy-3,5,7,3',4',5'-hexamethoxyflavonol"", 'Kaempferol', '(4R)-4,8-dihydroxy-α-tetralone', 'Chlorogenic acid', 'scillascillin', 'Piperol B', '(-)-Hardwickiic acid', ""5-[3''-(β-D-glucopyranosyloxy)propyl]-7-methoxy-2-(3',4'-methylenedioxyphenyl)benzofuran"", '28-O-β-D-glucopyranosyl quinovic acid', '2-Methyl-4-hydroxy-butyl caffeoate', 'Odoratol', 'Leptomerine', '5-hydroxy-N-methylseverifoline', '19,20-Epoxycytochalasin N', 'ellagic acid 4-O-α-L-rhamnopyranoside; eschweilenol C', 'Mayoside C', 'Ourateacatechin', ""3',4',5',5,7-pentamethoxyflavone"", '2-methyl-5-pentadecylresorcinol', '3β-hydroxy-stigmast-5-en-7-one; 24-β-7-oxositosterol', 'Griseofulvin', ""7-Hydroxy-4',6-dimethoxyisoflavone; Afrormosin; Afromosin"", '8-methoxymellein', '(±)-Syringaresinol', 'Cyclo-(L-Pro-L-Val)', 'Acetonide of odoratol', '19,20-Epoxycytochalasin D', 'fumiquinozoline F', '2,7-Di-O-acetylcasearupestrin A', 'Nitensidine B', '1-methyl-2-n-nonyl-4-quinolone', '5-[8(Z),11(Z),14-pentadecatrienyl]resorcinol', 'Gallic acid; 3,4,5-trihydroxybenzoic acid', 'Homoegonol', '[8]-gingerol', '4-Hydroxymellein', '5-hydroxymellein', 'fraxinellonone', 'Dibenzyl sulphide', '(-) Cis-4-hydroxy-6-deoxyscytalone', 'Plumericin', '5-[8(Z),11(Z)-pentadecadienyl]resorcinol', 'Ocotillone', 'des-N-methylnoracronycine', 'Sorbifolin 6-O-β-glucopyranoside', 'Rel-2α-hydroxyzuelanin-6β-benzoate', '2,6-di-O-acetylcasearupestrin D', ""Methyl-2,2-dimethyl-8-(3'-methylbut-2'-enyl)chroman-6-carboxylate"", '(-)-Spectalinine', 'Netzahualcoyondiol', 'Maculosidine', 'Podocarpusflavone A', 'Casearupestrin C', '6α-malonyloxy-n-butyl ester manoyl oxide', 'citrusinine-I', 'Ricinine', 'Leptophyllin A', '5-pentadecylresorcinol', 'Cytochalasin D', 'Isoorientin', 'urauchimycin A', 'p-Coumaric acid', '(-)-Epigallocatechin', 'Netzahualcoyonol', '1-[3-(3,7-dimethylocta-2,6-dien-1-yl)-2,4,6- trihydroxyphenyl]-3-(4-hydroxyphenyl)propan-1-one', 'Methyl angolensate', ""5-(3'' -Hydroxypropyl)-7-methoxy-2-(3',4' -methyl-enedioxyphenyl)benzofuran"", '22β-hydroxypristimerin', '1- (5,7-dihydroxy-2,2-dimethylchroman-6-yl)-3-(2,2-dimethylchroman- 6-yl)propan-1-one', 'Canavaline', 'Di-hydrodehydrodiconiferyl alcohol', 'Quercetin', ""2-(2'-O-trans-cinnamoyl)-C-β-D-glucopyranosyl-1,3,6,7-tetrahydroxyxanthone"", 'Kokusaginine', 'Benzylhydroxymethyl sulphide', '1,6-di-O-caffeoyl-β-D-glucopyranoside', '2-methyl-5-[8(Z),11(Z),14-pentadecatrienyl]resorcinol', 'Pristimerin; 20α-3-hydroxy-2-oxo-24-nor-friedela-1-10,3,5,7-tetraen-carboxylic acid-29-methylester', '3,4,5-trimethoxyphenyl 1-O-β-D-apiofuranosyl-(1→6)-O-β-D-glucopyranoside', 'β-photogedunin', 'n-Butyl gallate', ""5-[3''-(β-D-glucopyranosyloxy)propyl]-7-methoxy-2-(3',4'-dimethoxyphenyl)benzofuran"", '3,12-Dihydroxycadalene', '7-hydroxy-3- (11-dimethylallyl)-8-methoxycoumarin', ""N-[7-(3',4'-methylenedioxyphenyl)-2(Z),4(Z)-heptadienoyl]pyrrolidine"", 'Kaempferol 3-O-α-L-rhamnopyranosyl (1→6)-O-[β -D-glucopyranosyl (1→3)-O-α-L-rhamnopyranosyl-(1→2)]-O-β -D-glucopyranosyl', '3β-O-[α-L-rhamnopyranosyl-(1→2)-O-β-D-glucopyranosyl-(1→2)-O-β-D-glucopyranosyl]-28-O-β-D-glucopyranoside pomolate', 'Dibenzyl tetrasulphide', ""2',5-dihydroxy-3-methoxy-8-dimethylallyl-6, 7-(2' ',2''-dimethylpyrano)-dihydroflavonol"", '2-n-nonyl-4-quinolone', '1-O-(E)-caffeoyl-β-D-glucopyranoside', 'Quercitrin, 3-O-α-rhamnosylquercetin', 'Caseobliquin A', ""Acteoside; [β-3,4-dihydroxyphenyl)-ethyl]-(3'-O-α-L-rhamnopyranosyl)-(4'-O-cafeoyl)-β-D-glycopyranoside, verbascoside"", '20-hydroxyecdysone; polypodine A', '3-Acetyl aleuritolic acid', 'Alkenoic acid', 'Quercetin 3-O-α-L-rhamnopyranosyl (1→6)-O-[β -D-glucopyranosyl (1→3)-O-α-L-rhamnopyranosyl-(1→2)]-O-β -D-glucopyranosyl', 'Heveaflavone', 'Arboreumine', '3-Oxoursolic acid', 'Casearupestrin B', 'toonacilin', 'Uracil', '1-O-(E)-feruloyl-β-D-glucopyranoside', '6α-malonyloxymanoyl oxide', ""(2S)-8-Isopentyl-2-methyl-2-(4'-methylpentyl)chroman-6-carboxylic acid"", '2,2-dimethyl-2H-chromene-6-carboxylic acid', '1,2-dihydro- 3β-hydroxy-7-deacetoxy-7-oxogedunin', 'Photogedunin', 'Casearin X; (1R*,3S*,5S*,6aR*,7S*,8S*,10R*,10aR*)-1-(Acetyloxy)-3,5,6,6a,7,8,9,10-octahydro-10-hydroxy-7,8-dimethyl-7-[(2Z)-3-methylpenta-2,4-dien-1-yl]naphtho[1,8a-c]furan-3,5-diyl Dibutanoate', 'Skimmianine', 'p-hydroxybenzoic acid-geranyl ester', 'Dibenzyl disulphide', 'polypodine B', 'n-Propyl gallate', ""3',4',5',5,7,8-hexamethoxyflavone"", 'Isopropyl gallate', '6β-hydroxy-7-epigardoside methyl ester', 'Tetrahydropiperyline, N-[10-(13,14-methylenedioxyphenyl)-pentanoyl]-pyrrolidine', 'Piperovatine', '2,4,6-trimethoxybenzoic acid', '6α-acetoxymanoyl oxide', 'Methyl-8-hydroxy-2,2-dimethylchroman-6-carboxylate', '6α-acetoxy-14β,15β-epoxyazadirone', ""2-(R)-Methyl-6-(S)-(tetradecyl-13'-one)-3(R)-O-tert-butyldimethylsilyl-piperidine"", '(2S)-Methyl-2-methyl-8-(3""-methylbut-2""-enyl)-2-(4\'-methylpent-3\'-enyl)-2H-chromene-6-carboxylate', 'Casearin T', 'Piperyline, N-[10-(13,14-methylenedioxyphenyl)-7(E),9(E)-pentadienoyl]-pyrrolidine', 'ω-fenil alcanoic acid', '2-butyl-D-fructofuranoside', ""Gaudichaudianic acid; (2S)-2-methyl-2-(4'methyl-3'-pentenyl)-8-(3''-methyl-2-butenyl)- 2H-1-benzopyran-6-carboxylic acid"", 'limonexic acid', '19,20-Epoxycytochalasin C', 'n-Pentyl gallate', 'Orcinol', 'Periconicin B', 'Phomopsilactone', 'Di(benzyltrithio) methane', '3,11,12-Trihydroxycadalene', 'Quercetin 3-O-sophoroside', '(3R,4R)-3,4-Dihydro-4,6-dihydroxy-3-methyl-1-oxo-1H-isochromene-5-carboxylic acid', '24-methylene-3,22-dihydroxycholesterol', 'amorphispironone', 'Casearupestrin D', 'Chaetoglobosin B', ""2-(2'-O-benzoyl)-C-β-D-glucopyranosyl-1,3,6,7-tetrahydroxyxanthone"", 'Isoplumericin', 'α-L-xylopyranosyl-(4""→20)-(3-O-β-D-glucopyranosyl)-1\'-O-E-caffeoyl-β-D-glucopyranoside', '6-[8(Z)-pentadecenyl]salicylic acid', '(2S)-2-methyl-8-(3""-methylbut-2""-enyl)-2-(4\'-methylpent-3\'-enyl)-2H-chromene-6-carboxylic acid', 'Proanthocyanidin', 'neoisoastilbin', '(R)-7-Hydroxymellein', 'Burchellin', '5-[8(Z)-pentadecenyl]resorcinol', 'Luteolin; 2-(3,4-dihydroxyphenyl)-5,7-dihydroxy-4H-chromen-4-one', 'Sinapic acid', '19,20-Epoxycytochalasin Q', '19,20-Epoxycytochalasin R', 'Muraxanthone', 'epoxy-fraxinellone', '12′-hydroxy-7′-multijuguinone', 'Kaempferitrin', 'Nitensidine C', 'Dipropyl disulphide', '2-methyl-5-[8(Z),11(Z)-pentadecadienyl]resorcinol', 'Methyl 6,7,8-trimethoxydihydrocinnamate', '2-Hexyl-3-methyl-butanodioic acid', 'Pedalitin', 'Casearin S', '11β-acetoxyobacunone', 'fraxinellone', '6-[ 8(Z),11(Z) -pentadecadienyl] salicylic acid', 'Odoratone', 'Rel-6β-hydroxyzuelanin-2β-benzoate', 'shidasterone', '5-hydroxymethyl- 2-furancarboxaldehyde; 5-hydroxymethyl-2-furfuraldehyde', 'atalaphyllinine', 'N-[10- (13,14-methylenedioxyphenyl)-7(E)-pentaenoyl]-pyrrolidine', '2-Methyl-5-methoxy-benzopyran-4-one', '3,4-dihydroxybenzoic acid geranyl ester', 'N-[10-(13,14-methylenedioxyphenyl)-7(E),9(Z)-pentadienoyl]-pyrrolidine', 'Gedunin', 'Pedalin, pedalitin 6-O-β -glucopyranoside', 'Caseargrewiin F; (1R*,3S*,5S*,6aR*,7S*,8R*,10R*,10aR*)-1,3-Bis(acetyloxy)-3,5,6,6a,7,8,9,10-octahydro-10-hydroxy-7,8-dimethyl-7-[(2Z)-3-methylpenta-2,4-dien-1-yl]naphtho[1,8a-c]furan-5-yl Butanoate', '(+)-3-O-feruloylcassine', '1-(5,7-dihydroxy-2,2-dimethylchroman-6-yl)-3-(1,1,4a-trimethyl-2,3,4,4a,9a-hexahydro-1H-xanthen-7-yl)propan-1-one', 'Methyl (E)-6,7,8-trimethoxycinnamate', '3,4,5-Trimethoxyphenyl-1-O-β-D-(5-O-syringoyl)-apiofuranosyl-(1→6)-β-D-glucopyranoside', 'Casearin L; (1R*,3S*,5S*,6aR*,7R*,8R*,9S*,10S*,10aR*)-1,10-Bis(acetyloxy)-3,5,6,6a,7,8,9,10-octahydro-9-hydroxy-5-methoxy-7,8-dimethyl-7-[(2Z)-3-methylpenta-2,4-dien-1-yl]naphtho[1,8a-c]-furan-3-yl Butanoate', 'Platydesmine', 'Leiokinine A', 'Cabraleadiol', 'schaftoside', ""(2S)-Methyl-8-isopentyl-2-methyl-2-(4'-methylpentyl)chroman-6-carboxylate"", '3,4,5-Triacetoxybenzoic acid', 'Casearupestrin A', '2-oxo-piperol B; (7S*, 8R*, 1R*, 3R*)-3,4,5-trimethoxy-3,7-cyclo-8,1-neolig-8-ene-2,4(3H)-dione', 'taxifolin', ""(2'S)-2-(propan-2'-ol)-5-hydroxy-benzopyran-4-one"", 'Rel-(+)-(7S,9R,10S)-3,9,12-trihydroxycalamenene', '(-)-Epigallocatechin-3-O-gallate', 'Casearin D; (1R*,3S*,5S*,6aR*,7R*,8R*,9S*,10S*,10aR*)-1-(Acetyloxy)-3,5,6,6a,7,8,9,10-octahydro-5,10-dihydroxy-7,8-dimethyl-7-[(2Z)-3-methylpenta-2,4-dien-1-yl]naphtho[1,8a-c]furan-3,9-diyl Dibutanoate', 'Rel. (+)-(7S,10S) 3,12-dihydroxycalamenene', 'carlinoside', 'Methyl-8-(ethanoyloxy)-2,2-dimethyl-2H-chromene-6-carboxylate', '1-(5,7-dihydroxy-2,2-dimethylchroman- 6-yl)-3-[4-hydroxy-3-(3-methylbut-2-en-1-yl)- phenyl]propan-1-one', '(3R,4R)-4,7-Dihydroxymellein', ""Nitensoside B; Pedalitin 6-O-α-rhamnopyranosyl(1'''→6'')-β-glucopyranoside"", 'Amentoflavone', 'Methyl gallate', '3-O-β-D-quinovopyranosyl cincholic acid', 'Afzelin, 3-O-α-rhamnosyl kaempferol', 'Egonol', '4-Nerolidilcatechol', ""2-(2'-O-transcoumaroyl)-C-β-D-glucopyranosyl-1,3,6,7-tetrahydroxyxanthone"", 'Syringic acid', '(3-(2-(4-hydroxyphenyl)-2-oxoethyl)-5,6-dihydropyridin- 2(1H)-one)', 'Mangiferin', 'Salacin', 'Viburgenin', ""Pterogynoside; Kaempferol-3-O-(3''-O-4'''-methylgallate-α-L-rhamnoside)"", 'Isobutyl gallate', '7′-multijuguinone', '6-[8(Z),11(Z),14-pentadecatrienyl]salicylic acid', 'Sorbifolin', ""Nitensoside A; Sorbifolin 6-O-α-rhamnopyranosyl(1'''→6'')-β-glucopyranoside"", 'Casearin O; (1R*,3S*,5S*,6aR*,7R*,8R*,9S*,10S*,10aR*)-1,10-Bis(acetyloxy)-5-methoxy-7,8-dimethyl-7-[(2Z)-3-methylpenta-2,4-dien-1-yl]-3,5,6,6a,7,8,9,10-octahydronaphtho[1,8a-c]furan-3,9-diyl Dibutanoate', 'germacrene D', '6-pentadecylsalicylic acid', 'Methyl-2,2-dimethylchroman-6-carboxylate', ""Myrsinoic acid A, 3-Geranyl-4-hydroxy-5-(3'',3''-dimethylallyl)benzoic acid"", '20α-Hydroxymaytenin; 20-hydroxy-20-epi-tingenone', 'N-1,N-2,N-3-Triisopentenylguanidine', 'Dibenzyl trisulphide', 'Maytenin, Tingenone', 'urauchimycin B', ""2-(2'-O-trans-caffeoyl)-C-β-D-glucopyranosyl-1,3,6,7-tetrahydroxyxanthone"", 'Netzahualcoyene', 'Casearin X Dialdehyde; (2R*,4aS*,5S*,7R*,8R*,8aS*)-4,4a-Diformyl-1,2,4a,5,6,7,8,8a-octahydro-5-hydroxy-7,8-dimethyl-8-[(2Z)-3-methylpenta-2,4-dien-1-yl]naphthalen-2-yl Butanoate', 'arjunolic acid', 'stachysterone', 'Ethyl 2,4-dihydroxy-5,6-dimethylbenzoate', 'Amentoflavone 7”,4”’-dimethyl ether', 'Picramnioside F', 'Lauryl gallate', 'Syringaldehyde', '22-hydroxytirucalla-7,24-diene-2,3-dione', 'Trans-3’-methylsulphonylallyl trans-cinnamate', '(−)-Grandisin', '24-methylenecycloartan-3b-ol', 'Ixoside', '2β-Hydroxyzuelanin-6β-cinnamate', 'Cognatine', 'Fagaramide', 'Chalepin']]",doi_name
"['10.1016/j.phytochem.2004.03.039', 'Cognatine']","['10.1016/j.phytochem.2004.03.039', [""Rel-(7R,8S,7'S,8'S)-4-hydroxy-4',5'-methylenedioxy-3,5,3'-trimethoxy-7,7'-epoxylignan"", ""Rel-(7R,8S,7'S,8'S)-4'-hydroxy-3,4,5,3',5'-pentamethoxy-7,7'-epoxylignan"", ""Rel-(7R,8S,7'S,8'S)-4',5'-methylenedioxy-3,4,5,3'-tetramethoxy-7,7'-epoxylignan"", ""Rel-(7R,8S,7'S,8'S)-9-hydroxy-4',5'-methylenedioxy-3,4,5,3'-tetramethoxy-7,7'-epoxylignan"", ""Rel-(7R,8S,7'S,8'S)-4,5,4',5'-dimethylenedioxy-3,3'-dimethoxy-7,7'-epoxylignan"", 'Teucrein', '11-O-trans-feruloylteucrein', 'Galioside', 'Apodanthoside', 'Galioside aglicone', 'guaiol', 'Hinesol', 'γ-eudesmol', 'α-eudesmol', ""3',4'-methylenedioxy-5,6,7- trimethoxyflavone"", ""2'-hydroxy-3,4,4'-trimethoxy-5',6'-(2'',2''-dimethylpyrano)-chalcone"", ""3',4'-methylenedioxy-5,5',6,7-tetramethoxyflavone"", ""3',4'-methylenedioxy-5,7-dimethoxyflavone"", 'Nectandrin B', 'Epi-guaiacin', 'Verrucosin', '7-Methyl-sargachromenol; 2,7,8-Trimethyl-2-[(3-E,7-Z)-4,12-dimethyl-8-carboxyl-3,7,11-tridecatrienyl]-3-chromen-6-ol, β-caroteno', '9-hydroxyeugenin', 'Eugenitin', 'Mycoleptone A', 'Austdiol', '6-methoxyeugenin', 'Mycoleptone A tetraacetate', 'Mycoleptone B', 'Austdiol diacetate', 'Secoxyloganin', 'Diderroside', ""6'-Acetyl-β-D-glucopyranosyldiderroside"", '7-Methoxydiderroside', '2,3-dihydro-4,9-dihydroxy-2-(2-hydroxy-propan-2-yl)- 11-methoxy-10-methylfuro[3,2-b]acridin-5(10H)-one', 'Citibrasine', 'bis-5-hydroxyacronycine', 'Xanthyletin', ""2-(1'-pentenyl)-Quinoline"", '2-n-Propylquinoline', ""2-(3',4'-methylenedioxyphenylethyl)-Quinoline"", '2-n-Pentylquinoline', '21α,25-dimethylmelianodiol', '21β,25-dimethylmelianodiol', '3,21-Di-epi-feroniellide B', 'Pellitorine', '(3Z,5Z)-N-isobutyl-8-(30,40-methylenedioxy-phenyl)-heptadienamide', '10,11-dihydropiperine; Δα,β-dihydropiperine', '(Z)-piplartine; 8(Z)-N-(12,13, 14-trimethoxycinnamoyl)- 3-pyridin-2-one', ""N-[3-(6'-methoxy-3',4'-methy-lenedioxyphenyl)-2(Z)-propenoyl]pyrrolidine"", '4,5-dihydropiperlonguminine; Piperlonguminine', 'Piperine', '4,5-dihydropiperyline', '(E)-piplartine', '8,9-dihydropiplartine; N-(12,13,14-trimethoxydihydrocinnamoyl)-Δ3-pyridin-2-one', ""3-(3',7 '-dimethyl-2',6 '-octadienyl)-4-methoxy-benzoic acid"", ""4-Methoxy-3-(3',7'-dimethylocta-2'-E-6'-dienyl)benzoic acid"", 'Methyl-8-hydroxy-2,2-dimethyl-2H-chromene-6-carboxylate', 'cyclo (L)-Pro-Gly', 'α-Gardiol', 'β-Gardiol', 'Ferulic acid', 'Isopimpinellin', '17-(3,4-Methylenedioxyphenyl)-heptadecanoic acid', ""7,4'-Dimethoxyflavone"", 'Sargaquinoic acid', 'Sargachromenol', ""7,4'-Dihydroxyflavone"", '19´-(3,4-Methylenedioxyphenyl)-nonadecanoic acid', 'Farnisine', '(+)-Guaiacin', '21´-(3,4-Methylenedioxyphenyl)-henicosanoic acid', 'Tithonine', 'Fasciculiferin', ""Juruenolic acid; 2-(4'-Methylpentenyl-3)-10-oxoundecan-2,6-dienoic acid"", 'Methyl 2,2-dimethyl-1-oxo-2H-1-benzopyran-6-carboxylate', ""Methyl taboganate; Methyl 4-hydroxy-3-(3'-methyl-1'-oxo-2'-butenyl)benzoate"", ""Methyl 4-hydroxy-3-(3'-methyl-2'-butenyl)benzoate"", ""4-Hydroxy-3-(3',7'-dimethylocta-2'-E-6'-dienyl)benzoic acid"", ""2',6'-Dihydroxy-4'-methoxydihydrochalcone"", '3,4,5-Trimethoxydihydrocinnamic acid', 'Piperaduncine B', ""Hostmaniene; 4-Hydroxy-3-(2',3'-dihydroxy-3'-methylbutyl)benzoate"", ""Aduncumene; Methyl 2-methoxy-5-(3'-methyl-1'-oxo-2'-butenyl)benzoate"", ""Methyl 4-hydroxy-3-(3'-methyl-2'-hydroxy-3'-butenyl)benzoate"", ""4-Hydroxy-(3',7'-dimethyl-1'-oxo-octa-2'-Z-6'-dienyl)benzoic acid"", 'Chlorogenic acid methyl ester, Methyl (1S,3R,4R,5R)-3-{[(2E)-3-(3,4-dihydroxyphenyl)-2-propenoyl]oxy}-1,4,5-trihydroxycyclohexanecarboxylate', '5,7-dimethoxy-2,2-dimethyl-2H-1-benzopyran-6-propanoate', '1,3,5-trihydroxy- 2,8-bis(3-methylbut-2-enyl)-10-methyl-9-acridone', 'Pyranofoline', '3,4-dihydro-3,5,8-trihydroxy-6-methoxy-2,2,7-trimethyl-2Hpyrano[ 2,3-a]acridin-12(7H)-one', '5-hydroxynoracronycine; Atalaphyllidine', 'Glycocitrine-I', 'Citrusinine-I', 'Glycocitrine-IV', 'Citrusinine-II', '1,3,5-trihydroxy-4-methoxy-10-methyl- 2,8-bis(3-methylbut-2-enyl)acridin-9(10H)-one', '6-Hydroxy-rutin', 'Kaempferol-3-O-α-L-rhamnopyranosyl-(1→6)-β-D-galactopyranoside', 'Kaempferol-3-O-rutinoside', 'Quercetin-3-O-α-L-rhamnopyranosyl-(1→6)-β-D-galactopyranoside', 'Kaempferol-3-O-D-galactopyranoside', 'Kaempferol-3-O-D-glucopyranoside', 'Procyanidin B-3', 'Catechin, Ent-catechin', 'Kaempferol-3-O-α-L-rhamnopyranosyl-(1-6)-α-L-rhamnopyranosyl-(1-4)-β-D-glucopyranoside', '(-)-3-O-acetyl-spectaline', '(+)-Erythravine', '(+)-α-Hydroxyerysotrine', '(+)-11α-Hydroxyerythravine', 'Taraxerol acetate', 'β-caryophyllene, trans-caryophyllene', ""3,4-dimethyl-2-(4'-hydroxy-3',5'-dimethoxyphenyl)-5-methoxy-tetrahydrofuran"", 'Nitensidine E', 'Nitensidine D', 'penduletin 4-O-methyl ether', '3,3-O-dimethylquercetin', '2α,3α,19α- trihydroxyurs-12-en-28-oic acid', '3-O-methylquercetin', 'acacetin', '2α,3α-dihydroxyolean-12- en-28-oic acid', 'p-hydroxybenzoic acid', 'Chrysoeriol', '3,7,4-O-trimethylkaempferol', 'Tagitinin C', '1-methoxy-3-hydroxy-3,10b-4,5a-diepoxy-8b-isobutyroyloxygermacr-11(13)-en-6a,12-olide', '5,7-dimethoxy-2,2-dimethyl-2H-1-benzopyran-6-propanoic acid', ""3',4',5',3,5,7,8-heptamethoxyflavone"", ""3,5,6,7,3',4',5'-heptamethoxyflavonol"", 'Stearic acid 4-pentoyloxyphenethyl ester', ""4-Hydroxy-3-(3',7'-dimethyl-3'-hydroxy-1'-oxo-6'-octenyl)benzoic acid"", ""1,4-Dihydroxy-2-(3',7'-dimethyl-1'-oxo-2'-E-6'-octadienyl)benzene"", ""Sakuranetin; 5,4'-dihydroxy-7-methoxyflavanone"", ""Isosakuranetin; 5,7-dihydroxy-4'-methoxyflavanone"", ""4-Hydroxy-(3',7'-dimethyl-1'-oxo-octa-2'-E-6'-dienyl)benzoic acid"", 'Aphidicolin', ""Isoswertisin-2''α1-L-rhamnoside"", 'Clusifoliol', ""Isoswertisin-4'-methyl-ether-2''α-L-rhamnoside"", '2-Episesalatin', 'Sesartemin', 'astilbin; Rel-(2R, 3R)-dihydroquercetin-3-O-±-L-rhamnoside', 'Beauvericin', 'Anhydrofusarubin', 'Methyl (3R,4R,5R)-3-{[(2Z)-3-(3,4-dihydroxyphenyl)-2-propenoyl]oxy}-1,4,5-trihydroxycyclohexanecarboxylate', 'Methyl (3R,4R,5R)-3-{[(2E)-3-(3,4-dihydroxyphenyl)-2-propenoyl]oxy}-1,4,5-trihydroxycyclohexanecarboxylate', 'Methacrylic acid', 'Deoxycordifoline', '3,4-dehydrostrictosidine acid', 'Harman-3-carboxylic acid', 'Turbinatine', '5α-carboxystrictosidine', '3,4-dehydro-strictosidine', 'Cordifoline', 'Strictosidine acid', 'Piscidinol A', 'Pentaol', 'cryptomeridiol', 'Iso-odoratol', '3,11-dioxoolean-12-en-28- onic acid', 'Oleanonic acid', 'Hispidol A', 'Nilocetin', '4-metoxi-6-[2-(metilamino)fenil]- 2H-piran-2-ona', '(22E,24R)-ergosta-4,6,8(14),22-tetraen-3-one', 'Dimethyl terephthalate', 'Pimara-7,15-dien-3β-ol', 'Ergosterol peroxide', '8-hydroxy-6-methoxy-3-methylisocoumarin', 'Cusculine; 1,2,3,5,6-pentamethoxy-9-acridone', 'Cuspanine; 1-hydroxy-2,3,5,6-tetramethoxy-9-acridone', '2α,3α-Dihydroxy-urs-12-en-28-oic acid', '3-O-β-D-(6’-methyl)-glucopyranosyl-28-O-β-D-glucopyranosyl-oleanate', 'Oleanolic acid 3-sophoroside', 'Haplotusine', 'β-Sitosterol benzoate', '5-hydroxyflavone', '2-phenyl-4H-chromen-4-one', 'Sinapyl 4-O-β-D-glucopyranoside aldehyde', 'Sinapyl 4-O-β-D-glucopyranoside alcohol', 'Liriodenine', 'N-acetylnonaine', '[10]-gingerol', ""2,4-Dihydroxy-6-[(1'E,3'E)-penta-1', 3'-dienyl]-benzaldehyde"", '2-methyl-5-[8(Z)-pentadecenyl]resorcinol', 'Kaempferol', '2-hydroxyphenylacetic acid', '3-O-β-D-quinovopyranosyl quinovic acid', '(4R)-4,8-dihydroxy-α-tetralone', 'scillascillin', 'Chlorogenic acid', 'Chalepin', 'Quercitrin, 3-O-α-rhamnosylquercetin', 'Caseobliquin A', 'Methyl angolensate', ""5-(3'' -Hydroxypropyl)-7-methoxy-2-(3',4' -methyl-enedioxyphenyl)benzofuran"", '22β-hydroxypristimerin', '1- (5,7-dihydroxy-2,2-dimethylchroman-6-yl)-3-(2,2-dimethylchroman- 6-yl)propan-1-one', '19,20-Epoxycytochalasin N', 'ellagic acid 4-O-α-L-rhamnopyranoside; eschweilenol C', 'Mayoside C', 'Ourateacatechin', ""3',4',5',5,7-pentamethoxyflavone"", '2-methyl-5-pentadecylresorcinol', '3β-hydroxy-stigmast-5-en-7-one; 24-β-7-oxositosterol', 'Gallic acid; 3,4,5-trihydroxybenzoic acid', 'Viburgenin', ""Pterogynoside; Kaempferol-3-O-(3''-O-4'''-methylgallate-α-L-rhamnoside)"", 'Isobutyl gallate', '7′-multijuguinone', 'Griseofulvin', ""7-Hydroxy-4',6-dimethoxyisoflavone; Afrormosin; Afromosin"", '8-methoxymellein', '(±)-Syringaresinol', '1-methyl-2-n-nonyl-4-quinolone', '5-[8(Z),11(Z),14-pentadecatrienyl]resorcinol', 'Kokusaginine', ""2-(2'-O-trans-caffeoyl)-C-β-D-glucopyranosyl-1,3,6,7-tetrahydroxyxanthone"", 'Netzahualcoyene', 'Casearin X Dialdehyde; (2R*,4aS*,5S*,7R*,8R*,8aS*)-4,4a-Diformyl-1,2,4a,5,6,7,8,8a-octahydro-5-hydroxy-7,8-dimethyl-8-[(2Z)-3-methylpenta-2,4-dien-1-yl]naphthalen-2-yl Butanoate', 'polypodine B', 'n-Propyl gallate', ""3',4',5',5,7,8-hexamethoxyflavone"", 'Isopropyl gallate', '6β-hydroxy-7-epigardoside methyl ester', 'Nitensidine A', ""8-hydroxy-3,5,7,3',4',5'-hexamethoxyflavonol"", 'Odoratol', 'Leptomerine', '5-hydroxy-N-methylseverifoline', 'Maculosidine', 'Podocarpusflavone A', 'Casearupestrin C', '6α-malonyloxy-n-butyl ester manoyl oxide', 'citrusinine-I', 'Ricinine', 'Leptophyllin A', '5-pentadecylresorcinol', 'Piperol B', '(-)-Hardwickiic acid', ""5-[3''-(β-D-glucopyranosyloxy)propyl]-7-methoxy-2-(3',4'-methylenedioxyphenyl)benzofuran"", '28-O-β-D-glucopyranosyl quinovic acid', '2,6-di-O-acetylcasearupestrin D', ""Methyl-2,2-dimethyl-8-(3'-methylbut-2'-enyl)chroman-6-carboxylate"", '2,7-Di-O-acetylcasearupestrin A', 'Nitensidine B', 'Dibenzyl trisulphide', 'Maytenin, Tingenone', '19,20-Epoxycytochalasin D', 'fumiquinozoline F', 'Kaempferol 3-O-α-L-rhamnopyranosyl (1→6)-O-[β -D-glucopyranosyl (1→3)-O-α-L-rhamnopyranosyl-(1→2)]-O-β -D-glucopyranosyl', '3β-O-[α-L-rhamnopyranosyl-(1→2)-O-β-D-glucopyranosyl-(1→2)-O-β-D-glucopyranosyl]-28-O-β-D-glucopyranoside pomolate', 'Dibenzyl tetrasulphide', ""2',5-dihydroxy-3-methoxy-8-dimethylallyl-6, 7-(2' ',2''-dimethylpyrano)-dihydroflavonol"", '2-n-nonyl-4-quinolone', 'Cytochalasin D', 'Isoorientin', 'Uracil', 'Tetrahydropiperyline, N-[10-(13,14-methylenedioxyphenyl)-pentanoyl]-pyrrolidine', 'Piperovatine', '2,4,6-trimethoxybenzoic acid', '1-O-(E)-caffeoyl-β-D-glucopyranoside', 'urauchimycin A', 'p-Coumaric acid', '(-)-Epigallocatechin', 'Netzahualcoyonol', '1-[3-(3,7-dimethylocta-2,6-dien-1-yl)-2,4,6- trihydroxyphenyl]-3-(4-hydroxyphenyl)propan-1-one', '6α-malonyloxymanoyl oxide', 'Benzylhydroxymethyl sulphide', '1,6-di-O-caffeoyl-β-D-glucopyranoside', '2-methyl-5-[8(Z),11(Z),14-pentadecatrienyl]resorcinol', 'urauchimycin B', 'Homoegonol', '[8]-gingerol', '4-Hydroxymellein', '5-hydroxymellein', '2-Methyl-4-hydroxy-butyl caffeoate', 'N-1,N-2,N-3-Triisopentenylguanidine', '3,4,5-trimethoxyphenyl 1-O-β-D-apiofuranosyl-(1→6)-O-β-D-glucopyranoside', 'fraxinellonone', 'Dibenzyl sulphide', '(-) Cis-4-hydroxy-6-deoxyscytalone', 'Plumericin', '5-[8(Z),11(Z)-pentadecadienyl]resorcinol', '(-)-Spectalinine', '20-hydroxyecdysone; polypodine A', '3-Acetyl aleuritolic acid', 'Alkenoic acid', 'Quercetin 3-O-α-L-rhamnopyranosyl (1→6)-O-[β -D-glucopyranosyl (1→3)-O-α-L-rhamnopyranosyl-(1→2)]-O-β -D-glucopyranosyl', 'Heveaflavone', 'Arboreumine', '3-Oxoursolic acid', 'Casearupestrin B', 'toonacilin', 'ω-fenil alcanoic acid', '2-butyl-D-fructofuranoside', 'Pedalitin', '1-O-(E)-feruloyl-β-D-glucopyranoside', '19,20-Epoxycytochalasin C', 'n-Pentyl gallate', 'Orcinol', 'Periconicin B', 'Phomopsilactone', ""(2S)-8-Isopentyl-2-methyl-2-(4'-methylpentyl)chroman-6-carboxylic acid"", '2,2-dimethyl-2H-chromene-6-carboxylic acid', '1,2-dihydro- 3β-hydroxy-7-deacetoxy-7-oxogedunin', 'Photogedunin', 'Casearin X; (1R*,3S*,5S*,6aR*,7S*,8S*,10R*,10aR*)-1-(Acetyloxy)-3,5,6,6a,7,8,9,10-octahydro-10-hydroxy-7,8-dimethyl-7-[(2Z)-3-methylpenta-2,4-dien-1-yl]naphtho[1,8a-c]furan-3,5-diyl Dibutanoate', 'Netzahualcoyondiol', 'Pristimerin; 20α-3-hydroxy-2-oxo-24-nor-friedela-1-10,3,5,7-tetraen-carboxylic acid-29-methylester', 'Isoplumericin', 'Skimmianine', 'p-hydroxybenzoic acid-geranyl ester', 'Dibenzyl disulphide', 'β-photogedunin', 'n-Butyl gallate', ""5-[3''-(β-D-glucopyranosyloxy)propyl]-7-methoxy-2-(3',4'-dimethoxyphenyl)benzofuran"", '3,12-Dihydroxycadalene', '7-hydroxy-3- (11-dimethylallyl)-8-methoxycoumarin', ""N-[7-(3',4'-methylenedioxyphenyl)-2(Z),4(Z)-heptadienoyl]pyrrolidine"", ""Acteoside; [β-3,4-dihydroxyphenyl)-ethyl]-(3'-O-α-L-rhamnopyranosyl)-(4'-O-cafeoyl)-β-D-glycopyranoside, verbascoside"", 'α-L-xylopyranosyl-(4""→20)-(3-O-β-D-glucopyranosyl)-1\'-O-E-caffeoyl-β-D-glucopyranoside', ""2-(R)-Methyl-6-(S)-(tetradecyl-13'-one)-3(R)-O-tert-butyldimethylsilyl-piperidine"", '(2S)-Methyl-2-methyl-8-(3""-methylbut-2""-enyl)-2-(4\'-methylpent-3\'-enyl)-2H-chromene-6-carboxylate', 'Casearin T', 'Piperyline, N-[10-(13,14-methylenedioxyphenyl)-7(E),9(E)-pentadienoyl]-pyrrolidine', 'Sinapic acid', '19,20-Epoxycytochalasin Q', '19,20-Epoxycytochalasin R', 'Muraxanthone', '3,4,5-Triacetoxybenzoic acid', ""Gaudichaudianic acid; (2S)-2-methyl-2-(4'methyl-3'-pentenyl)-8-(3''-methyl-2-butenyl)- 2H-1-benzopyran-6-carboxylic acid"", 'limonexic acid', 'Di(benzyltrithio) methane', '3,11,12-Trihydroxycadalene', 'Quercetin 3-O-sophoroside', '(3R,4R)-3,4-Dihydro-4,6-dihydroxy-3-methyl-1-oxo-1H-isochromene-5-carboxylic acid', '24-methylene-3,22-dihydroxycholesterol', 'amorphispironone', 'Casearupestrin D', 'Chaetoglobosin B', ""2-(2'-O-benzoyl)-C-β-D-glucopyranosyl-1,3,6,7-tetrahydroxyxanthone"", 'epoxy-fraxinellone', '12′-hydroxy-7′-multijuguinone', 'Kaempferitrin', 'Nitensidine C', 'Dipropyl disulphide', 'Proanthocyanidin', 'neoisoastilbin', '(R)-7-Hydroxymellein', '6α-acetoxymanoyl oxide', 'Methyl-8-hydroxy-2,2-dimethylchroman-6-carboxylate', 'N-[10-(13,14-methylenedioxyphenyl)-7(E),9(Z)-pentadienoyl]-pyrrolidine', '6-[8(Z)-pentadecenyl]salicylic acid', '(2S)-2-methyl-8-(3""-methylbut-2""-enyl)-2-(4\'-methylpent-3\'-enyl)-2H-chromene-6-carboxylic acid', 'Burchellin', '5-[8(Z)-pentadecenyl]resorcinol', 'Luteolin; 2-(3,4-dihydroxyphenyl)-5,7-dihydroxy-4H-chromen-4-one', 'Platydesmine', 'Leiokinine A', 'Cabraleadiol', 'schaftoside', ""(2S)-Methyl-8-isopentyl-2-methyl-2-(4'-methylpentyl)chroman-6-carboxylate"", 'Casearupestrin A', '2-oxo-piperol B; (7S*, 8R*, 1R*, 3R*)-3,4,5-trimethoxy-3,7-cyclo-8,1-neolig-8-ene-2,4(3H)-dione', 'Odoratone', 'Rel-6β-hydroxyzuelanin-2β-benzoate', 'shidasterone', '5-hydroxymethyl- 2-furancarboxaldehyde; 5-hydroxymethyl-2-furfuraldehyde', 'atalaphyllinine', 'N-[10- (13,14-methylenedioxyphenyl)-7(E)-pentaenoyl]-pyrrolidine', '2-Methyl-5-methoxy-benzopyran-4-one', '3,4-dihydroxybenzoic acid geranyl ester', '6α-acetoxy-14β,15β-epoxyazadirone', '3-O-β-D-quinovopyranosyl cincholic acid', 'Afzelin, 3-O-α-rhamnosyl kaempferol', 'Egonol', '4-Nerolidilcatechol', ""2-(2'-O-transcoumaroyl)-C-β-D-glucopyranosyl-1,3,6,7-tetrahydroxyxanthone"", 'Syringic acid', '(+)-3-O-feruloylcassine', '2-methyl-5-[8(Z),11(Z)-pentadecadienyl]resorcinol', 'Methyl 6,7,8-trimethoxydihydrocinnamate', '2-Hexyl-3-methyl-butanodioic acid', 'fraxinellone', '6-[ 8(Z),11(Z) -pentadecadienyl] salicylic acid', 'Gedunin', 'Pedalin, pedalitin 6-O-β -glucopyranoside', 'Caseargrewiin F; (1R*,3S*,5S*,6aR*,7S*,8R*,10R*,10aR*)-1,3-Bis(acetyloxy)-3,5,6,6a,7,8,9,10-octahydro-10-hydroxy-7,8-dimethyl-7-[(2Z)-3-methylpenta-2,4-dien-1-yl]naphtho[1,8a-c]furan-5-yl Butanoate', 'Casearin L; (1R*,3S*,5S*,6aR*,7R*,8R*,9S*,10S*,10aR*)-1,10-Bis(acetyloxy)-3,5,6,6a,7,8,9,10-octahydro-9-hydroxy-5-methoxy-7,8-dimethyl-7-[(2Z)-3-methylpenta-2,4-dien-1-yl]naphtho[1,8a-c]-furan-3-yl Butanoate', 'carlinoside', 'Methyl-8-(ethanoyloxy)-2,2-dimethyl-2H-chromene-6-carboxylate', 'Amentoflavone', '1-(5,7-dihydroxy-2,2-dimethylchroman-6-yl)-3-(1,1,4a-trimethyl-2,3,4,4a,9a-hexahydro-1H-xanthen-7-yl)propan-1-one', 'Methyl (E)-6,7,8-trimethoxycinnamate', '3,4,5-Trimethoxyphenyl-1-O-β-D-(5-O-syringoyl)-apiofuranosyl-(1→6)-β-D-glucopyranoside', '6-[8(Z),11(Z),14-pentadecatrienyl]salicylic acid', 'taxifolin', ""(2'S)-2-(propan-2'-ol)-5-hydroxy-benzopyran-4-one"", 'Rel-(+)-(7S,9R,10S)-3,9,12-trihydroxycalamenene', 'Casearin S', '11β-acetoxyobacunone', '1-(5,7-dihydroxy-2,2-dimethylchroman- 6-yl)-3-[4-hydroxy-3-(3-methylbut-2-en-1-yl)- phenyl]propan-1-one', '(3R,4R)-4,7-Dihydroxymellein', ""Nitensoside B; Pedalitin 6-O-α-rhamnopyranosyl(1'''→6'')-β-glucopyranoside"", 'Methyl gallate', 'Amentoflavone 7”,4”’-dimethyl ether', 'Picramnioside F', 'Lauryl gallate', 'Syringaldehyde', '22-hydroxytirucalla-7,24-diene-2,3-dione', 'Trans-3’-methylsulphonylallyl trans-cinnamate', '(3-(2-(4-hydroxyphenyl)-2-oxoethyl)-5,6-dihydropyridin- 2(1H)-one)', 'Mangiferin', 'Salacin', '6-pentadecylsalicylic acid', 'Methyl-2,2-dimethylchroman-6-carboxylate', ""Myrsinoic acid A, 3-Geranyl-4-hydroxy-5-(3'',3''-dimethylallyl)benzoic acid"", '20α-Hydroxymaytenin; 20-hydroxy-20-epi-tingenone', '(-)-Epigallocatechin-3-O-gallate', 'Casearin D; (1R*,3S*,5S*,6aR*,7R*,8R*,9S*,10S*,10aR*)-1-(Acetyloxy)-3,5,6,6a,7,8,9,10-octahydro-5,10-dihydroxy-7,8-dimethyl-7-[(2Z)-3-methylpenta-2,4-dien-1-yl]naphtho[1,8a-c]furan-3,9-diyl Dibutanoate', 'Rel. (+)-(7S,10S) 3,12-dihydroxycalamenene', 'Canavaline', 'Di-hydrodehydrodiconiferyl alcohol', 'Quercetin', ""2-(2'-O-trans-cinnamoyl)-C-β-D-glucopyranosyl-1,3,6,7-tetrahydroxyxanthone"", 'Ocotillone', 'des-N-methylnoracronycine', 'Sorbifolin 6-O-β-glucopyranoside', 'Rel-2α-hydroxyzuelanin-6β-benzoate', 'Sorbifolin', ""Nitensoside A; Sorbifolin 6-O-α-rhamnopyranosyl(1'''→6'')-β-glucopyranoside"", 'Casearin O; (1R*,3S*,5S*,6aR*,7R*,8R*,9S*,10S*,10aR*)-1,10-Bis(acetyloxy)-5-methoxy-7,8-dimethyl-7-[(2Z)-3-methylpenta-2,4-dien-1-yl]-3,5,6,6a,7,8,9,10-octahydronaphtho[1,8a-c]furan-3,9-diyl Dibutanoate', 'germacrene D', '2β-Hydroxyzuelanin-6β-cinnamate', 'arjunolic acid', 'stachysterone', 'Ethyl 2,4-dihydroxy-5,6-dimethylbenzoate', 'Cyclo-(L-Pro-L-Val)', 'Acetonide of odoratol', '(−)-Grandisin', '24-methylenecycloartan-3b-ol', 'Ixoside', 'Cognatine', 'Fagaramide']]",doi_name
"['10.1016/j.jphotobiol.2013.01.006', 'Kokusaginine']","['10.1016/j.jphotobiol.2013.01.006', ['guaiol', 'Hinesol', 'γ-eudesmol', 'α-eudesmol', 'Galioside aglicone', '11-O-trans-feruloylteucrein', 'Teucrein', 'Apodanthoside', 'Galioside', ""4-Methoxy-3-(3',7'-dimethylocta-2'-E-6'-dienyl)benzoic acid"", 'Methyl-8-hydroxy-2,2-dimethyl-2H-chromene-6-carboxylate', ""3-(3',7 '-dimethyl-2',6 '-octadienyl)-4-methoxy-benzoic acid"", 'cyclo (L)-Pro-Gly', 'Chlorogenic acid methyl ester, Methyl (1S,3R,4R,5R)-3-{[(2E)-3-(3,4-dihydroxyphenyl)-2-propenoyl]oxy}-1,4,5-trihydroxycyclohexanecarboxylate', '2,3-dihydro-4,9-dihydroxy-2-(2-hydroxy-propan-2-yl)- 11-methoxy-10-methylfuro[3,2-b]acridin-5(10H)-one', 'Citibrasine', 'bis-5-hydroxyacronycine', 'Xanthyletin', 'Mycoleptone A', '9-hydroxyeugenin', 'Mycoleptone B', 'Mycoleptone A tetraacetate', 'Eugenitin', 'Austdiol diacetate', '6-methoxyeugenin', 'Austdiol', ""3',4'-methylenedioxy-5,5',6,7-tetramethoxyflavone"", ""3',4'-methylenedioxy-5,6,7- trimethoxyflavone"", ""2'-hydroxy-3,4,4'-trimethoxy-5',6'-(2'',2''-dimethylpyrano)-chalcone"", ""3',4'-methylenedioxy-5,7-dimethoxyflavone"", 'Diderroside', ""6'-Acetyl-β-D-glucopyranosyldiderroside"", '7-Methoxydiderroside', 'Secoxyloganin', 'Stearic acid 4-pentoyloxyphenethyl ester', '5,7-dimethoxy-2,2-dimethyl-2H-1-benzopyran-6-propanoate', 'Hispidol A', 'Nilocetin', 'Oleanonic acid', 'Iso-odoratol', 'Piscidinol A', '3,11-dioxoolean-12-en-28- onic acid', 'cryptomeridiol', 'Pentaol', '(-)-3-O-acetyl-spectaline', '3,3-O-dimethylquercetin', 'penduletin 4-O-methyl ether', '2α,3α,19α- trihydroxyurs-12-en-28-oic acid', '3,7,4-O-trimethylkaempferol', '3-O-methylquercetin', 'acacetin', 'Chrysoeriol', 'p-hydroxybenzoic acid', '2α,3α-dihydroxyolean-12- en-28-oic acid', 'Nectandrin B', '7-Methyl-sargachromenol; 2,7,8-Trimethyl-2-[(3-E,7-Z)-4,12-dimethyl-8-carboxyl-3,7,11-tridecatrienyl]-3-chromen-6-ol, β-caroteno', 'Verrucosin', 'Epi-guaiacin', '3,21-Di-epi-feroniellide B', '21α,25-dimethylmelianodiol', '21β,25-dimethylmelianodiol', ""2-(1'-pentenyl)-Quinoline"", '2-n-Pentylquinoline', ""2-(3',4'-methylenedioxyphenylethyl)-Quinoline"", '2-n-Propylquinoline', ""2',6'-Dihydroxy-4'-methoxydihydrochalcone"", ""Methyl taboganate; Methyl 4-hydroxy-3-(3'-methyl-1'-oxo-2'-butenyl)benzoate"", '3,4,5-Trimethoxydihydrocinnamic acid', 'Piperaduncine B', ""Methyl 4-hydroxy-3-(3'-methyl-2'-butenyl)benzoate"", ""4-Hydroxy-3-(3',7'-dimethylocta-2'-E-6'-dienyl)benzoic acid"", ""Hostmaniene; 4-Hydroxy-3-(2',3'-dihydroxy-3'-methylbutyl)benzoate"", 'Methyl 2,2-dimethyl-1-oxo-2H-1-benzopyran-6-carboxylate', ""Aduncumene; Methyl 2-methoxy-5-(3'-methyl-1'-oxo-2'-butenyl)benzoate"", ""Methyl 4-hydroxy-3-(3'-methyl-2'-hydroxy-3'-butenyl)benzoate"", ""4-Hydroxy-(3',7'-dimethyl-1'-oxo-octa-2'-Z-6'-dienyl)benzoic acid"", ""Rel-(7R,8S,7'S,8'S)-4-hydroxy-4',5'-methylenedioxy-3,5,3'-trimethoxy-7,7'-epoxylignan"", ""Rel-(7R,8S,7'S,8'S)-4',5'-methylenedioxy-3,4,5,3'-tetramethoxy-7,7'-epoxylignan"", ""Rel-(7R,8S,7'S,8'S)-4,5,4',5'-dimethylenedioxy-3,3'-dimethoxy-7,7'-epoxylignan"", ""Rel-(7R,8S,7'S,8'S)-9-hydroxy-4',5'-methylenedioxy-3,4,5,3'-tetramethoxy-7,7'-epoxylignan"", ""Rel-(7R,8S,7'S,8'S)-4'-hydroxy-3,4,5,3',5'-pentamethoxy-7,7'-epoxylignan"", 'Methyl (3R,4R,5R)-3-{[(2E)-3-(3,4-dihydroxyphenyl)-2-propenoyl]oxy}-1,4,5-trihydroxycyclohexanecarboxylate', 'Methyl (3R,4R,5R)-3-{[(2Z)-3-(3,4-dihydroxyphenyl)-2-propenoyl]oxy}-1,4,5-trihydroxycyclohexanecarboxylate', 'Isopimpinellin', 'Sargaquinoic acid', '(+)-Guaiacin', 'Sargachromenol', '21´-(3,4-Methylenedioxyphenyl)-henicosanoic acid', ""7,4'-Dimethoxyflavone"", 'Farnisine', '19´-(3,4-Methylenedioxyphenyl)-nonadecanoic acid', ""7,4'-Dihydroxyflavone"", 'Fasciculiferin', 'Tithonine', ""Juruenolic acid; 2-(4'-Methylpentenyl-3)-10-oxoundecan-2,6-dienoic acid"", '17-(3,4-Methylenedioxyphenyl)-heptadecanoic acid', 'Aphidicolin', ""Isoswertisin-4'-methyl-ether-2''α-L-rhamnoside"", 'Clusifoliol', ""Isoswertisin-2''α1-L-rhamnoside"", '2-Episesalatin', 'Sesartemin', 'Taraxerol acetate', 'Pyranofoline', '3,4-dihydro-3,5,8-trihydroxy-6-methoxy-2,2,7-trimethyl-2Hpyrano[ 2,3-a]acridin-12(7H)-one', 'Citrusinine-I', '5-hydroxynoracronycine; Atalaphyllidine', 'Glycocitrine-I', '1,3,5-trihydroxy-4-methoxy-10-methyl- 2,8-bis(3-methylbut-2-enyl)acridin-9(10H)-one', 'Glycocitrine-IV', '1,3,5-trihydroxy- 2,8-bis(3-methylbut-2-enyl)-10-methyl-9-acridone', 'Citrusinine-II', 'Anhydrofusarubin', 'Beauvericin', 'astilbin; Rel-(2R, 3R)-dihydroquercetin-3-O-±-L-rhamnoside', '(+)-Erythravine', '(+)-11α-Hydroxyerythravine', '(+)-α-Hydroxyerysotrine', ""Sakuranetin; 5,4'-dihydroxy-7-methoxyflavanone"", ""4-Hydroxy-(3',7'-dimethyl-1'-oxo-octa-2'-E-6'-dienyl)benzoic acid"", ""1,4-Dihydroxy-2-(3',7'-dimethyl-1'-oxo-2'-E-6'-octadienyl)benzene"", ""Isosakuranetin; 5,7-dihydroxy-4'-methoxyflavanone"", ""4-Hydroxy-3-(3',7'-dimethyl-3'-hydroxy-1'-oxo-6'-octenyl)benzoic acid"", 'Pimara-7,15-dien-3β-ol', '(22E,24R)-ergosta-4,6,8(14),22-tetraen-3-one', 'Dimethyl terephthalate', '8-hydroxy-6-methoxy-3-methylisocoumarin', 'Ergosterol peroxide', ""3,4-dimethyl-2-(4'-hydroxy-3',5'-dimethoxyphenyl)-5-methoxy-tetrahydrofuran"", '5,7-dimethoxy-2,2-dimethyl-2H-1-benzopyran-6-propanoic acid', 'β-caryophyllene, trans-caryophyllene', 'α-Gardiol', 'Ferulic acid', 'β-Gardiol', ""3',4',5',3,5,7,8-heptamethoxyflavone"", ""3,5,6,7,3',4',5'-heptamethoxyflavonol"", 'Tagitinin C', '1-methoxy-3-hydroxy-3,10b-4,5a-diepoxy-8b-isobutyroyloxygermacr-11(13)-en-6a,12-olide', '3,4-dehydro-strictosidine', 'Cordifoline', 'Harman-3-carboxylic acid', 'Strictosidine acid', '5α-carboxystrictosidine', 'Turbinatine', '3,4-dehydrostrictosidine acid', 'Deoxycordifoline', 'Catechin, Ent-catechin', 'Kaempferol-3-O-rutinoside', 'Kaempferol-3-O-α-L-rhamnopyranosyl-(1→6)-β-D-galactopyranoside', 'Kaempferol-3-O-α-L-rhamnopyranosyl-(1-6)-α-L-rhamnopyranosyl-(1-4)-β-D-glucopyranoside', 'Kaempferol-3-O-D-galactopyranoside', '6-Hydroxy-rutin', 'Kaempferol-3-O-D-glucopyranoside', 'Quercetin-3-O-α-L-rhamnopyranosyl-(1→6)-β-D-galactopyranoside', 'Procyanidin B-3', 'Nitensidine D', 'Nitensidine E', '4,5-dihydropiperlonguminine; Piperlonguminine', ""N-[3-(6'-methoxy-3',4'-methy-lenedioxyphenyl)-2(Z)-propenoyl]pyrrolidine"", '(Z)-piplartine; 8(Z)-N-(12,13, 14-trimethoxycinnamoyl)- 3-pyridin-2-one', '8,9-dihydropiplartine; N-(12,13,14-trimethoxydihydrocinnamoyl)-Δ3-pyridin-2-one', '(E)-piplartine', '10,11-dihydropiperine; Δα,β-dihydropiperine', '4,5-dihydropiperyline', 'Piperine', 'Pellitorine', '(3Z,5Z)-N-isobutyl-8-(30,40-methylenedioxy-phenyl)-heptadienamide', 'Methacrylic acid', '4-metoxi-6-[2-(metilamino)fenil]- 2H-piran-2-ona', 'Cuspanine; 1-hydroxy-2,3,5,6-tetramethoxy-9-acridone', 'Cusculine; 1,2,3,5,6-pentamethoxy-9-acridone', '2α,3α-Dihydroxy-urs-12-en-28-oic acid', 'Oleanolic acid 3-sophoroside', '3-O-β-D-(6’-methyl)-glucopyranosyl-28-O-β-D-glucopyranosyl-oleanate', 'Haplotusine', '2-phenyl-4H-chromen-4-one', 'β-Sitosterol benzoate', '5-hydroxyflavone', 'Sinapyl 4-O-β-D-glucopyranoside aldehyde', 'N-acetylnonaine', 'Liriodenine', 'Sinapyl 4-O-β-D-glucopyranoside alcohol', '[10]-gingerol', ""2,4-Dihydroxy-6-[(1'E,3'E)-penta-1', 3'-dienyl]-benzaldehyde"", 'Nitensidine A', '2-methyl-5-[8(Z)-pentadecenyl]resorcinol', '2-hydroxyphenylacetic acid', '3-O-β-D-quinovopyranosyl quinovic acid', 'scillascillin', 'Piperol B', '(-)-Hardwickiic acid', ""5-[3''-(β-D-glucopyranosyloxy)propyl]-7-methoxy-2-(3',4'-methylenedioxyphenyl)benzofuran"", '28-O-β-D-glucopyranosyl quinovic acid', '2-Methyl-4-hydroxy-butyl caffeoate', 'N-1,N-2,N-3-Triisopentenylguanidine', 'Dibenzyl trisulphide', 'Maytenin, Tingenone', 'urauchimycin B', 'Netzahualcoyondiol', ""8-hydroxy-3,5,7,3',4',5'-hexamethoxyflavonol"", 'Odoratol', 'Leptomerine', '5-hydroxy-N-methylseverifoline', '19,20-Epoxycytochalasin N', 'ellagic acid 4-O-α-L-rhamnopyranoside; eschweilenol C', 'Mayoside C', 'Ourateacatechin', ""3',4',5',5,7-pentamethoxyflavone"", '2-methyl-5-pentadecylresorcinol', '3β-hydroxy-stigmast-5-en-7-one; 24-β-7-oxositosterol', 'Acetonide of odoratol', '(−)-Grandisin', '24-methylenecycloartan-3b-ol', 'Ixoside', ""Methyl-2,2-dimethyl-8-(3'-methylbut-2'-enyl)chroman-6-carboxylate"", '2,7-Di-O-acetylcasearupestrin A', 'Nitensidine B', '1-methyl-2-n-nonyl-4-quinolone', '5-[8(Z),11(Z),14-pentadecatrienyl]resorcinol', 'Gallic acid; 3,4,5-trihydroxybenzoic acid', 'Homoegonol', '[8]-gingerol', '4-Hydroxymellein', '5-hydroxymellein', 'fraxinellonone', 'Dibenzyl sulphide', '(-) Cis-4-hydroxy-6-deoxyscytalone', 'Plumericin', '5-[8(Z),11(Z)-pentadecadienyl]resorcinol', '(-)-Spectalinine', 'fumiquinozoline F', 'Kaempferol 3-O-α-L-rhamnopyranosyl (1→6)-O-[β -D-glucopyranosyl (1→3)-O-α-L-rhamnopyranosyl-(1→2)]-O-β -D-glucopyranosyl', '3β-O-[α-L-rhamnopyranosyl-(1→2)-O-β-D-glucopyranosyl-(1→2)-O-β-D-glucopyranosyl]-28-O-β-D-glucopyranoside pomolate', 'Dibenzyl tetrasulphide', ""2',5-dihydroxy-3-methoxy-8-dimethylallyl-6, 7-(2' ',2''-dimethylpyrano)-dihydroflavonol"", '1- (5,7-dihydroxy-2,2-dimethylchroman-6-yl)-3-(2,2-dimethylchroman- 6-yl)propan-1-one', 'Canavaline', 'Di-hydrodehydrodiconiferyl alcohol', 'Quercetin', ""2-(2'-O-trans-cinnamoyl)-C-β-D-glucopyranosyl-1,3,6,7-tetrahydroxyxanthone"", 'Kokusaginine', 'Ocotillone', 'des-N-methylnoracronycine', 'Sorbifolin 6-O-β-glucopyranoside', 'Rel-2α-hydroxyzuelanin-6β-benzoate', '2,6-di-O-acetylcasearupestrin D', 'n-Butyl gallate', ""5-[3''-(β-D-glucopyranosyloxy)propyl]-7-methoxy-2-(3',4'-dimethoxyphenyl)benzofuran"", '3,12-Dihydroxycadalene', '7-hydroxy-3- (11-dimethylallyl)-8-methoxycoumarin', ""N-[7-(3',4'-methylenedioxyphenyl)-2(Z),4(Z)-heptadienoyl]pyrrolidine"", ""Acteoside; [β-3,4-dihydroxyphenyl)-ethyl]-(3'-O-α-L-rhamnopyranosyl)-(4'-O-cafeoyl)-β-D-glycopyranoside, verbascoside"", 'urauchimycin A', 'Maculosidine', 'Podocarpusflavone A', 'Casearupestrin C', '6α-malonyloxy-n-butyl ester manoyl oxide', 'citrusinine-I', 'Ricinine', 'Leptophyllin A', '5-pentadecylresorcinol', '19,20-Epoxycytochalasin D', '1-[3-(3,7-dimethylocta-2,6-dien-1-yl)-2,4,6- trihydroxyphenyl]-3-(4-hydroxyphenyl)propan-1-one', '6α-malonyloxymanoyl oxide', 'Benzylhydroxymethyl sulphide', '1,6-di-O-caffeoyl-β-D-glucopyranoside', '2-methyl-5-[8(Z),11(Z),14-pentadecatrienyl]resorcinol', '20-hydroxyecdysone; polypodine A', '3-Acetyl aleuritolic acid', 'Alkenoic acid', 'Quercetin 3-O-α-L-rhamnopyranosyl (1→6)-O-[β -D-glucopyranosyl (1→3)-O-α-L-rhamnopyranosyl-(1→2)]-O-β -D-glucopyranosyl', 'Heveaflavone', '2-n-nonyl-4-quinolone', 'Cytochalasin D', 'Isoorientin', 'Pristimerin; 20α-3-hydroxy-2-oxo-24-nor-friedela-1-10,3,5,7-tetraen-carboxylic acid-29-methylester', '3,4,5-trimethoxyphenyl 1-O-β-D-apiofuranosyl-(1→6)-O-β-D-glucopyranoside', 'β-photogedunin', 'Casearupestrin B', 'toonacilin', 'Uracil', '1-O-(E)-feruloyl-β-D-glucopyranoside', '19,20-Epoxycytochalasin C', 'n-Pentyl gallate', 'Orcinol', 'Periconicin B', 'Phomopsilactone', ""(2S)-8-Isopentyl-2-methyl-2-(4'-methylpentyl)chroman-6-carboxylic acid"", '2,2-dimethyl-2H-chromene-6-carboxylic acid', '1,2-dihydro- 3β-hydroxy-7-deacetoxy-7-oxogedunin', 'Photogedunin', 'p-Coumaric acid', '(-)-Epigallocatechin', 'Netzahualcoyonol', '24-methylene-3,22-dihydroxycholesterol', 'amorphispironone', 'Casearupestrin D', 'Casearin X; (1R*,3S*,5S*,6aR*,7S*,8S*,10R*,10aR*)-1-(Acetyloxy)-3,5,6,6a,7,8,9,10-octahydro-10-hydroxy-7,8-dimethyl-7-[(2Z)-3-methylpenta-2,4-dien-1-yl]naphtho[1,8a-c]furan-3,5-diyl Dibutanoate', 'Skimmianine', 'p-hydroxybenzoic acid-geranyl ester', 'Dibenzyl disulphide', 'Proanthocyanidin', 'neoisoastilbin', '(R)-7-Hydroxymellein', '6α-acetoxymanoyl oxide', 'Methyl-8-hydroxy-2,2-dimethylchroman-6-carboxylate', '6α-acetoxy-14β,15β-epoxyazadirone', ""2-(R)-Methyl-6-(S)-(tetradecyl-13'-one)-3(R)-O-tert-butyldimethylsilyl-piperidine"", 'Arboreumine', '3-Oxoursolic acid', 'Caseobliquin A', 'Methyl angolensate', ""5-(3'' -Hydroxypropyl)-7-methoxy-2-(3',4' -methyl-enedioxyphenyl)benzofuran"", '22β-hydroxypristimerin', '(2S)-Methyl-2-methyl-8-(3""-methylbut-2""-enyl)-2-(4\'-methylpent-3\'-enyl)-2H-chromene-6-carboxylate', 'Casearin T', 'Piperyline, N-[10-(13,14-methylenedioxyphenyl)-7(E),9(E)-pentadienoyl]-pyrrolidine', 'ω-fenil alcanoic acid', '2-butyl-D-fructofuranoside', ""Gaudichaudianic acid; (2S)-2-methyl-2-(4'methyl-3'-pentenyl)-8-(3''-methyl-2-butenyl)- 2H-1-benzopyran-6-carboxylic acid"", 'limonexic acid', 'Pedalitin', 'Di(benzyltrithio) methane', '3,11,12-Trihydroxycadalene', 'Quercetin 3-O-sophoroside', '(3R,4R)-3,4-Dihydro-4,6-dihydroxy-3-methyl-1-oxo-1H-isochromene-5-carboxylic acid', '2-methyl-5-[8(Z),11(Z)-pentadecadienyl]resorcinol', 'Methyl 6,7,8-trimethoxydihydrocinnamate', '2-Hexyl-3-methyl-butanodioic acid', 'fraxinellone', '6-[ 8(Z),11(Z) -pentadecadienyl] salicylic acid', 'Casearin X Dialdehyde; (2R*,4aS*,5S*,7R*,8R*,8aS*)-4,4a-Diformyl-1,2,4a,5,6,7,8,8a-octahydro-5-hydroxy-7,8-dimethyl-8-[(2Z)-3-methylpenta-2,4-dien-1-yl]naphthalen-2-yl Butanoate', 'polypodine B', 'n-Propyl gallate', ""3',4',5',5,7,8-hexamethoxyflavone"", 'Isopropyl gallate', '6β-hydroxy-7-epigardoside methyl ester', 'Tetrahydropiperyline, N-[10-(13,14-methylenedioxyphenyl)-pentanoyl]-pyrrolidine', 'Piperovatine', '2,4,6-trimethoxybenzoic acid', '1-O-(E)-caffeoyl-β-D-glucopyranoside', 'Quercitrin, 3-O-α-rhamnosylquercetin', 'Muraxanthone', 'Odoratone', 'Rel-6β-hydroxyzuelanin-2β-benzoate', 'shidasterone', '5-hydroxymethyl- 2-furancarboxaldehyde; 5-hydroxymethyl-2-furfuraldehyde', 'atalaphyllinine', 'N-[10- (13,14-methylenedioxyphenyl)-7(E)-pentaenoyl]-pyrrolidine', 'Chaetoglobosin B', ""2-(2'-O-benzoyl)-C-β-D-glucopyranosyl-1,3,6,7-tetrahydroxyxanthone"", 'Isoplumericin', 'α-L-xylopyranosyl-(4""→20)-(3-O-β-D-glucopyranosyl)-1\'-O-E-caffeoyl-β-D-glucopyranoside', 'epoxy-fraxinellone', '12′-hydroxy-7′-multijuguinone', 'Kaempferitrin', 'Nitensidine C', 'Dipropyl disulphide', ""(2'S)-2-(propan-2'-ol)-5-hydroxy-benzopyran-4-one"", 'Rel-(+)-(7S,9R,10S)-3,9,12-trihydroxycalamenene', 'Casearin S', '11β-acetoxyobacunone', '1-(5,7-dihydroxy-2,2-dimethylchroman- 6-yl)-3-[4-hydroxy-3-(3-methylbut-2-en-1-yl)- phenyl]propan-1-one', '(3R,4R)-4,7-Dihydroxymellein', ""Nitensoside B; Pedalitin 6-O-α-rhamnopyranosyl(1'''→6'')-β-glucopyranoside"", 'Amentoflavone', '6-[8(Z)-pentadecenyl]salicylic acid', '(2S)-2-methyl-8-(3""-methylbut-2""-enyl)-2-(4\'-methylpent-3\'-enyl)-2H-chromene-6-carboxylic acid', 'Burchellin', '5-[8(Z)-pentadecenyl]resorcinol', 'Luteolin; 2-(3,4-dihydroxyphenyl)-5,7-dihydroxy-4H-chromen-4-one', 'Sinapic acid', '19,20-Epoxycytochalasin Q', '19,20-Epoxycytochalasin R', 'Leiokinine A', 'Cabraleadiol', 'schaftoside', ""(2S)-Methyl-8-isopentyl-2-methyl-2-(4'-methylpentyl)chroman-6-carboxylate"", '3,4,5-Triacetoxybenzoic acid', 'Methyl gallate', '3-O-β-D-quinovopyranosyl cincholic acid', 'Afzelin, 3-O-α-rhamnosyl kaempferol', 'Egonol', '4-Nerolidilcatechol', '2-Methyl-5-methoxy-benzopyran-4-one', '3,4-dihydroxybenzoic acid geranyl ester', 'N-[10-(13,14-methylenedioxyphenyl)-7(E),9(Z)-pentadienoyl]-pyrrolidine', 'Casearupestrin A', '2-oxo-piperol B; (7S*, 8R*, 1R*, 3R*)-3,4,5-trimethoxy-3,7-cyclo-8,1-neolig-8-ene-2,4(3H)-dione', 'taxifolin', 'Syringic acid', '(+)-3-O-feruloylcassine', '1-(5,7-dihydroxy-2,2-dimethylchroman-6-yl)-3-(1,1,4a-trimethyl-2,3,4,4a,9a-hexahydro-1H-xanthen-7-yl)propan-1-one', 'Methyl (E)-6,7,8-trimethoxycinnamate', '3,4,5-Trimethoxyphenyl-1-O-β-D-(5-O-syringoyl)-apiofuranosyl-(1→6)-β-D-glucopyranoside', '6-[8(Z),11(Z),14-pentadecatrienyl]salicylic acid', 'Sorbifolin', ""Nitensoside A; Sorbifolin 6-O-α-rhamnopyranosyl(1'''→6'')-β-glucopyranoside"", 'Casearin O; (1R*,3S*,5S*,6aR*,7R*,8R*,9S*,10S*,10aR*)-1,10-Bis(acetyloxy)-5-methoxy-7,8-dimethyl-7-[(2Z)-3-methylpenta-2,4-dien-1-yl]-3,5,6,6a,7,8,9,10-octahydronaphtho[1,8a-c]furan-3,9-diyl Dibutanoate', 'germacrene D', '6-pentadecylsalicylic acid', 'Gedunin', 'Pedalin, pedalitin 6-O-β -glucopyranoside', 'Caseargrewiin F; (1R*,3S*,5S*,6aR*,7S*,8R*,10R*,10aR*)-1,3-Bis(acetyloxy)-3,5,6,6a,7,8,9,10-octahydro-10-hydroxy-7,8-dimethyl-7-[(2Z)-3-methylpenta-2,4-dien-1-yl]naphtho[1,8a-c]furan-5-yl Butanoate', 'Casearin L; (1R*,3S*,5S*,6aR*,7R*,8R*,9S*,10S*,10aR*)-1,10-Bis(acetyloxy)-3,5,6,6a,7,8,9,10-octahydro-9-hydroxy-5-methoxy-7,8-dimethyl-7-[(2Z)-3-methylpenta-2,4-dien-1-yl]naphtho[1,8a-c]-furan-3-yl Butanoate', 'Platydesmine', 'Cyclo-(L-Pro-L-Val)', 'Methyl-2,2-dimethylchroman-6-carboxylate', ""Myrsinoic acid A, 3-Geranyl-4-hydroxy-5-(3'',3''-dimethylallyl)benzoic acid"", '20α-Hydroxymaytenin; 20-hydroxy-20-epi-tingenone', '(-)-Epigallocatechin-3-O-gallate', 'Casearin D; (1R*,3S*,5S*,6aR*,7R*,8R*,9S*,10S*,10aR*)-1-(Acetyloxy)-3,5,6,6a,7,8,9,10-octahydro-5,10-dihydroxy-7,8-dimethyl-7-[(2Z)-3-methylpenta-2,4-dien-1-yl]naphtho[1,8a-c]furan-3,9-diyl Dibutanoate', 'Rel. (+)-(7S,10S) 3,12-dihydroxycalamenene', 'carlinoside', 'Methyl-8-(ethanoyloxy)-2,2-dimethyl-2H-chromene-6-carboxylate', 'arjunolic acid', 'stachysterone', 'Ethyl 2,4-dihydroxy-5,6-dimethylbenzoate', 'Amentoflavone 7”,4”’-dimethyl ether', 'Picramnioside F', 'Lauryl gallate', ""2-(2'-O-transcoumaroyl)-C-β-D-glucopyranosyl-1,3,6,7-tetrahydroxyxanthone"", ""2-(2'-O-trans-caffeoyl)-C-β-D-glucopyranosyl-1,3,6,7-tetrahydroxyxanthone"", 'Netzahualcoyene', 'Syringaldehyde', '22-hydroxytirucalla-7,24-diene-2,3-dione', 'Trans-3’-methylsulphonylallyl trans-cinnamate', '(3-(2-(4-hydroxyphenyl)-2-oxoethyl)-5,6-dihydropyridin- 2(1H)-one)', 'Mangiferin', 'Salacin', 'Viburgenin', ""Pterogynoside; Kaempferol-3-O-(3''-O-4'''-methylgallate-α-L-rhamnoside)"", 'Isobutyl gallate', '7′-multijuguinone', 'Griseofulvin', ""7-Hydroxy-4',6-dimethoxyisoflavone; Afrormosin; Afromosin"", '8-methoxymellein', '(±)-Syringaresinol', '2β-Hydroxyzuelanin-6β-cinnamate', 'Cognatine', 'Fagaramide', 'Chalepin', 'Chlorogenic acid', '(4R)-4,8-dihydroxy-α-tetralone', 'Kaempferol']]",doi_name
"['10.1248/bpb.31.538', ""(2S)-8-Isopentyl-2-methyl-2-(4'-methylpentyl)chroman-6-carboxylic acid""]","['10.1248/bpb.31.538', ['guaiol', 'γ-eudesmol', 'Hinesol', 'α-eudesmol', '11-O-trans-feruloylteucrein', 'Teucrein', 'Galioside aglicone', 'Apodanthoside', 'Galioside', '2,3-dihydro-4,9-dihydroxy-2-(2-hydroxy-propan-2-yl)- 11-methoxy-10-methylfuro[3,2-b]acridin-5(10H)-one', 'bis-5-hydroxyacronycine', 'Citibrasine', 'Chlorogenic acid methyl ester, Methyl (1S,3R,4R,5R)-3-{[(2E)-3-(3,4-dihydroxyphenyl)-2-propenoyl]oxy}-1,4,5-trihydroxycyclohexanecarboxylate', '(-)-3-O-acetyl-spectaline', '5,7-dimethoxy-2,2-dimethyl-2H-1-benzopyran-6-propanoate', 'Clusifoliol', ""Isoswertisin-4'-methyl-ether-2''α-L-rhamnoside"", '2-Episesalatin', 'Sesartemin', ""Isoswertisin-2''α1-L-rhamnoside"", 'Piscidinol A', 'cryptomeridiol', '3,11-dioxoolean-12-en-28- onic acid', 'Iso-odoratol', 'Oleanonic acid', 'Pentaol', 'Nilocetin', 'Hispidol A', 'Stearic acid 4-pentoyloxyphenethyl ester', '21β,25-dimethylmelianodiol', '3,21-Di-epi-feroniellide B', '21α,25-dimethylmelianodiol', 'astilbin; Rel-(2R, 3R)-dihydroquercetin-3-O-±-L-rhamnoside', '9-hydroxyeugenin', 'Mycoleptone A', 'Mycoleptone B', 'Eugenitin', 'Austdiol diacetate', '6-methoxyeugenin', 'Austdiol', 'Mycoleptone A tetraacetate', 'Taraxerol acetate', 'Methyl (3R,4R,5R)-3-{[(2Z)-3-(3,4-dihydroxyphenyl)-2-propenoyl]oxy}-1,4,5-trihydroxycyclohexanecarboxylate', 'Methyl (3R,4R,5R)-3-{[(2E)-3-(3,4-dihydroxyphenyl)-2-propenoyl]oxy}-1,4,5-trihydroxycyclohexanecarboxylate', '3,3-O-dimethylquercetin', 'penduletin 4-O-methyl ether', '2α,3α,19α- trihydroxyurs-12-en-28-oic acid', 'p-hydroxybenzoic acid', 'Chrysoeriol', 'acacetin', '2α,3α-dihydroxyolean-12- en-28-oic acid', '3,7,4-O-trimethylkaempferol', '3-O-methylquercetin', 'Anhydrofusarubin', 'Beauvericin', ""4-Methoxy-3-(3',7'-dimethylocta-2'-E-6'-dienyl)benzoic acid"", 'Methyl-8-hydroxy-2,2-dimethyl-2H-chromene-6-carboxylate', ""3-(3',7 '-dimethyl-2',6 '-octadienyl)-4-methoxy-benzoic acid"", 'cyclo (L)-Pro-Gly', ""Methyl 4-hydroxy-3-(3'-methyl-2'-butenyl)benzoate"", 'Methyl 2,2-dimethyl-1-oxo-2H-1-benzopyran-6-carboxylate', '3,4,5-Trimethoxydihydrocinnamic acid', ""Methyl taboganate; Methyl 4-hydroxy-3-(3'-methyl-1'-oxo-2'-butenyl)benzoate"", 'Piperaduncine B', ""4-Hydroxy-3-(3',7'-dimethylocta-2'-E-6'-dienyl)benzoic acid"", ""Hostmaniene; 4-Hydroxy-3-(2',3'-dihydroxy-3'-methylbutyl)benzoate"", ""2',6'-Dihydroxy-4'-methoxydihydrochalcone"", ""Methyl 4-hydroxy-3-(3'-methyl-2'-hydroxy-3'-butenyl)benzoate"", ""Aduncumene; Methyl 2-methoxy-5-(3'-methyl-1'-oxo-2'-butenyl)benzoate"", ""4-Hydroxy-(3',7'-dimethyl-1'-oxo-octa-2'-Z-6'-dienyl)benzoic acid"", ""3,4-dimethyl-2-(4'-hydroxy-3',5'-dimethoxyphenyl)-5-methoxy-tetrahydrofuran"", 'Xanthyletin', 'Aphidicolin', '(+)-Erythravine', '(+)-α-Hydroxyerysotrine', '(+)-11α-Hydroxyerythravine', 'Secoxyloganin', '7-Methoxydiderroside', ""6'-Acetyl-β-D-glucopyranosyldiderroside"", 'Diderroside', 'Deoxycordifoline', '3,4-dehydro-strictosidine', '3,4-dehydrostrictosidine acid', 'Turbinatine', 'Cordifoline', 'Strictosidine acid', '5α-carboxystrictosidine', 'Harman-3-carboxylic acid', ""3',4'-methylenedioxy-5,6,7- trimethoxyflavone"", ""3',4'-methylenedioxy-5,5',6,7-tetramethoxyflavone"", ""2'-hydroxy-3,4,4'-trimethoxy-5',6'-(2'',2''-dimethylpyrano)-chalcone"", ""3',4'-methylenedioxy-5,7-dimethoxyflavone"", '1,3,5-trihydroxy- 2,8-bis(3-methylbut-2-enyl)-10-methyl-9-acridone', '5-hydroxynoracronycine; Atalaphyllidine', '3,4-dihydro-3,5,8-trihydroxy-6-methoxy-2,2,7-trimethyl-2Hpyrano[ 2,3-a]acridin-12(7H)-one', 'Glycocitrine-IV', 'Pyranofoline', 'Glycocitrine-I', 'Citrusinine-I', '1,3,5-trihydroxy-4-methoxy-10-methyl- 2,8-bis(3-methylbut-2-enyl)acridin-9(10H)-one', 'Citrusinine-II', ""2-(1'-pentenyl)-Quinoline"", '2-n-Pentylquinoline', '2-n-Propylquinoline', ""2-(3',4'-methylenedioxyphenylethyl)-Quinoline"", 'Nitensidine E', 'Nitensidine D', ""4-Hydroxy-3-(3',7'-dimethyl-3'-hydroxy-1'-oxo-6'-octenyl)benzoic acid"", ""Sakuranetin; 5,4'-dihydroxy-7-methoxyflavanone"", ""1,4-Dihydroxy-2-(3',7'-dimethyl-1'-oxo-2'-E-6'-octadienyl)benzene"", ""4-Hydroxy-(3',7'-dimethyl-1'-oxo-octa-2'-E-6'-dienyl)benzoic acid"", ""Isosakuranetin; 5,7-dihydroxy-4'-methoxyflavanone"", 'Nectandrin B', 'Verrucosin', 'Epi-guaiacin', '7-Methyl-sargachromenol; 2,7,8-Trimethyl-2-[(3-E,7-Z)-4,12-dimethyl-8-carboxyl-3,7,11-tridecatrienyl]-3-chromen-6-ol, β-caroteno', ""Rel-(7R,8S,7'S,8'S)-4,5,4',5'-dimethylenedioxy-3,3'-dimethoxy-7,7'-epoxylignan"", ""Rel-(7R,8S,7'S,8'S)-4'-hydroxy-3,4,5,3',5'-pentamethoxy-7,7'-epoxylignan"", ""Rel-(7R,8S,7'S,8'S)-4',5'-methylenedioxy-3,4,5,3'-tetramethoxy-7,7'-epoxylignan"", ""Rel-(7R,8S,7'S,8'S)-4-hydroxy-4',5'-methylenedioxy-3,5,3'-trimethoxy-7,7'-epoxylignan"", ""Rel-(7R,8S,7'S,8'S)-9-hydroxy-4',5'-methylenedioxy-3,4,5,3'-tetramethoxy-7,7'-epoxylignan"", 'Ergosterol peroxide', 'Dimethyl terephthalate', 'Pimara-7,15-dien-3β-ol', '8-hydroxy-6-methoxy-3-methylisocoumarin', '(22E,24R)-ergosta-4,6,8(14),22-tetraen-3-one', '4-metoxi-6-[2-(metilamino)fenil]- 2H-piran-2-ona', ""Juruenolic acid; 2-(4'-Methylpentenyl-3)-10-oxoundecan-2,6-dienoic acid"", ""7,4'-Dihydroxyflavone"", '19´-(3,4-Methylenedioxyphenyl)-nonadecanoic acid', 'Sargachromenol', 'Sargaquinoic acid', '21´-(3,4-Methylenedioxyphenyl)-henicosanoic acid', ""7,4'-Dimethoxyflavone"", 'Farnisine', 'Tithonine', 'Fasciculiferin', '(+)-Guaiacin', '17-(3,4-Methylenedioxyphenyl)-heptadecanoic acid', 'Isopimpinellin', ""3',4',5',3,5,7,8-heptamethoxyflavone"", ""3,5,6,7,3',4',5'-heptamethoxyflavonol"", 'Methacrylic acid', 'Tagitinin C', '1-methoxy-3-hydroxy-3,10b-4,5a-diepoxy-8b-isobutyroyloxygermacr-11(13)-en-6a,12-olide', '5,7-dimethoxy-2,2-dimethyl-2H-1-benzopyran-6-propanoic acid', 'Ferulic acid', 'α-Gardiol', 'β-Gardiol', 'Kaempferol-3-O-D-galactopyranoside', '6-Hydroxy-rutin', 'Kaempferol-3-O-α-L-rhamnopyranosyl-(1-6)-α-L-rhamnopyranosyl-(1-4)-β-D-glucopyranoside', 'Kaempferol-3-O-D-glucopyranoside', 'Quercetin-3-O-α-L-rhamnopyranosyl-(1→6)-β-D-galactopyranoside', 'Procyanidin B-3', 'Kaempferol-3-O-α-L-rhamnopyranosyl-(1→6)-β-D-galactopyranoside', 'Kaempferol-3-O-rutinoside', 'Catechin, Ent-catechin', 'β-caryophyllene, trans-caryophyllene', ""N-[3-(6'-methoxy-3',4'-methy-lenedioxyphenyl)-2(Z)-propenoyl]pyrrolidine"", '4,5-dihydropiperlonguminine; Piperlonguminine', '10,11-dihydropiperine; Δα,β-dihydropiperine', '8,9-dihydropiplartine; N-(12,13,14-trimethoxydihydrocinnamoyl)-Δ3-pyridin-2-one', '4,5-dihydropiperyline', '(E)-piplartine', 'Piperine', '(Z)-piplartine; 8(Z)-N-(12,13, 14-trimethoxycinnamoyl)- 3-pyridin-2-one', 'Pellitorine', '(3Z,5Z)-N-isobutyl-8-(30,40-methylenedioxy-phenyl)-heptadienamide', 'Cusculine; 1,2,3,5,6-pentamethoxy-9-acridone', 'Cuspanine; 1-hydroxy-2,3,5,6-tetramethoxy-9-acridone', '2α,3α-Dihydroxy-urs-12-en-28-oic acid', '3-O-β-D-(6’-methyl)-glucopyranosyl-28-O-β-D-glucopyranosyl-oleanate', 'Oleanolic acid 3-sophoroside', '2-phenyl-4H-chromen-4-one', '5-hydroxyflavone', 'β-Sitosterol benzoate', 'Haplotusine', 'Sinapyl 4-O-β-D-glucopyranoside aldehyde', 'N-acetylnonaine', 'Liriodenine', 'Sinapyl 4-O-β-D-glucopyranoside alcohol', '[10]-gingerol', '3β-hydroxy-stigmast-5-en-7-one; 24-β-7-oxositosterol', 'scillascillin', ""2-(2'-O-trans-caffeoyl)-C-β-D-glucopyranosyl-1,3,6,7-tetrahydroxyxanthone"", 'Netzahualcoyene', 'Casearin X Dialdehyde; (2R*,4aS*,5S*,7R*,8R*,8aS*)-4,4a-Diformyl-1,2,4a,5,6,7,8,8a-octahydro-5-hydroxy-7,8-dimethyl-8-[(2Z)-3-methylpenta-2,4-dien-1-yl]naphthalen-2-yl Butanoate', 'polypodine B', 'n-Propyl gallate', ""3',4',5',5,7,8-hexamethoxyflavone"", 'Isopropyl gallate', '6β-hydroxy-7-epigardoside methyl ester', 'Tetrahydropiperyline, N-[10-(13,14-methylenedioxyphenyl)-pentanoyl]-pyrrolidine', 'Piperovatine', '2,4,6-trimethoxybenzoic acid', '1-O-(E)-caffeoyl-β-D-glucopyranoside', 'Piperol B', ""2,4-Dihydroxy-6-[(1'E,3'E)-penta-1', 3'-dienyl]-benzaldehyde"", 'Nitensidine A', ""8-hydroxy-3,5,7,3',4',5'-hexamethoxyflavonol"", 'Odoratol', 'Leptomerine', '5-hydroxy-N-methylseverifoline', '19,20-Epoxycytochalasin N', 'ellagic acid 4-O-α-L-rhamnopyranoside; eschweilenol C', 'Mayoside C', 'Ourateacatechin', ""3',4',5',5,7-pentamethoxyflavone"", '2-methyl-5-pentadecylresorcinol', 'Ixoside', '2β-Hydroxyzuelanin-6β-cinnamate', 'Cognatine', 'Fagaramide', '5-hydroxymellein', '22β-hydroxypristimerin', '1- (5,7-dihydroxy-2,2-dimethylchroman-6-yl)-3-(2,2-dimethylchroman- 6-yl)propan-1-one', 'Canavaline', 'Di-hydrodehydrodiconiferyl alcohol', 'Quercetin', ""2-(2'-O-trans-cinnamoyl)-C-β-D-glucopyranosyl-1,3,6,7-tetrahydroxyxanthone"", 'Kokusaginine', 'Ocotillone', 'des-N-methylnoracronycine', 'Sorbifolin 6-O-β-glucopyranoside', 'Rel-2α-hydroxyzuelanin-6β-benzoate', '2,6-di-O-acetylcasearupestrin D', ""Methyl-2,2-dimethyl-8-(3'-methylbut-2'-enyl)chroman-6-carboxylate"", '2,7-Di-O-acetylcasearupestrin A', 'Nitensidine B', 'Dibenzyl tetrasulphide', ""2',5-dihydroxy-3-methoxy-8-dimethylallyl-6, 7-(2' ',2''-dimethylpyrano)-dihydroflavonol"", '1-methyl-2-n-nonyl-4-quinolone', '5-[8(Z),11(Z),14-pentadecatrienyl]resorcinol', 'Gallic acid; 3,4,5-trihydroxybenzoic acid', 'Maculosidine', 'Podocarpusflavone A', 'Casearupestrin C', '6α-malonyloxy-n-butyl ester manoyl oxide', 'citrusinine-I', 'Ricinine', 'Leptophyllin A', '5-pentadecylresorcinol', 'Homoegonol', '[8]-gingerol', '4-Hydroxymellein', '1-[3-(3,7-dimethylocta-2,6-dien-1-yl)-2,4,6- trihydroxyphenyl]-3-(4-hydroxyphenyl)propan-1-one', '6α-malonyloxymanoyl oxide', 'Benzylhydroxymethyl sulphide', '1,6-di-O-caffeoyl-β-D-glucopyranoside', '2-methyl-5-[8(Z),11(Z),14-pentadecatrienyl]resorcinol', 'fraxinellonone', 'Dibenzyl sulphide', '(-) Cis-4-hydroxy-6-deoxyscytalone', 'Plumericin', '5-[8(Z),11(Z)-pentadecadienyl]resorcinol', '(-)-Spectalinine', 'Netzahualcoyondiol', '19,20-Epoxycytochalasin D', 'fumiquinozoline F', 'Kaempferol 3-O-α-L-rhamnopyranosyl (1→6)-O-[β -D-glucopyranosyl (1→3)-O-α-L-rhamnopyranosyl-(1→2)]-O-β -D-glucopyranosyl', '3β-O-[α-L-rhamnopyranosyl-(1→2)-O-β-D-glucopyranosyl-(1→2)-O-β-D-glucopyranosyl]-28-O-β-D-glucopyranoside pomolate', ""5-[3''-(β-D-glucopyranosyloxy)propyl]-7-methoxy-2-(3',4'-dimethoxyphenyl)benzofuran"", '3,12-Dihydroxycadalene', '7-hydroxy-3- (11-dimethylallyl)-8-methoxycoumarin', ""N-[7-(3',4'-methylenedioxyphenyl)-2(Z),4(Z)-heptadienoyl]pyrrolidine"", ""Acteoside; [β-3,4-dihydroxyphenyl)-ethyl]-(3'-O-α-L-rhamnopyranosyl)-(4'-O-cafeoyl)-β-D-glycopyranoside, verbascoside"", '20-hydroxyecdysone; polypodine A', '3-Acetyl aleuritolic acid', 'Alkenoic acid', 'Quercetin 3-O-α-L-rhamnopyranosyl (1→6)-O-[β -D-glucopyranosyl (1→3)-O-α-L-rhamnopyranosyl-(1→2)]-O-β -D-glucopyranosyl', '2-n-nonyl-4-quinolone', 'Cytochalasin D', 'Isoorientin', 'urauchimycin A', 'p-Coumaric acid', '(-)-Epigallocatechin', 'Netzahualcoyonol', '1,2-dihydro- 3β-hydroxy-7-deacetoxy-7-oxogedunin', ""5-[3''-(β-D-glucopyranosyloxy)propyl]-7-methoxy-2-(3',4'-methylenedioxyphenyl)benzofuran"", '28-O-β-D-glucopyranosyl quinovic acid', '2-Methyl-4-hydroxy-butyl caffeoate', 'N-1,N-2,N-3-Triisopentenylguanidine', 'Dibenzyl trisulphide', 'Maytenin, Tingenone', 'urauchimycin B', 'Quercitrin, 3-O-α-rhamnosylquercetin', 'Caseobliquin A', 'Methyl angolensate', ""5-(3'' -Hydroxypropyl)-7-methoxy-2-(3',4' -methyl-enedioxyphenyl)benzofuran"", 'Pristimerin; 20α-3-hydroxy-2-oxo-24-nor-friedela-1-10,3,5,7-tetraen-carboxylic acid-29-methylester', '3,4,5-trimethoxyphenyl 1-O-β-D-apiofuranosyl-(1→6)-O-β-D-glucopyranoside', 'β-photogedunin', 'n-Butyl gallate', '6α-acetoxy-14β,15β-epoxyazadirone', ""2-(R)-Methyl-6-(S)-(tetradecyl-13'-one)-3(R)-O-tert-butyldimethylsilyl-piperidine"", 'Heveaflavone', 'Arboreumine', '3-Oxoursolic acid', 'Casearupestrin B', 'toonacilin', 'Uracil', '1-O-(E)-feruloyl-β-D-glucopyranoside', '19,20-Epoxycytochalasin C', 'n-Pentyl gallate', 'Orcinol', 'Periconicin B', 'Phomopsilactone', ""(2S)-8-Isopentyl-2-methyl-2-(4'-methylpentyl)chroman-6-carboxylic acid"", '2,2-dimethyl-2H-chromene-6-carboxylic acid', '3,11,12-Trihydroxycadalene', 'Quercetin 3-O-sophoroside', '(3R,4R)-3,4-Dihydro-4,6-dihydroxy-3-methyl-1-oxo-1H-isochromene-5-carboxylic acid', '24-methylene-3,22-dihydroxycholesterol', 'amorphispironone', 'Casearupestrin D', 'Photogedunin', 'Casearin X; (1R*,3S*,5S*,6aR*,7S*,8S*,10R*,10aR*)-1-(Acetyloxy)-3,5,6,6a,7,8,9,10-octahydro-10-hydroxy-7,8-dimethyl-7-[(2Z)-3-methylpenta-2,4-dien-1-yl]naphtho[1,8a-c]furan-3,5-diyl Dibutanoate', 'Skimmianine', 'p-hydroxybenzoic acid-geranyl ester', 'Dibenzyl disulphide', 'Proanthocyanidin', 'neoisoastilbin', '(R)-7-Hydroxymellein', '6α-acetoxymanoyl oxide', 'Methyl-8-hydroxy-2,2-dimethylchroman-6-carboxylate', 'Dipropyl disulphide', '2-methyl-5-[8(Z),11(Z)-pentadecadienyl]resorcinol', 'Methyl 6,7,8-trimethoxydihydrocinnamate', '2-Hexyl-3-methyl-butanodioic acid', 'fraxinellone', '6-[ 8(Z),11(Z) -pentadecadienyl] salicylic acid', '6-[8(Z)-pentadecenyl]salicylic acid', '(2S)-Methyl-2-methyl-8-(3""-methylbut-2""-enyl)-2-(4\'-methylpent-3\'-enyl)-2H-chromene-6-carboxylate', 'Casearin T', 'Piperyline, N-[10-(13,14-methylenedioxyphenyl)-7(E),9(E)-pentadienoyl]-pyrrolidine', 'ω-fenil alcanoic acid', '2-butyl-D-fructofuranoside', ""Gaudichaudianic acid; (2S)-2-methyl-2-(4'methyl-3'-pentenyl)-8-(3''-methyl-2-butenyl)- 2H-1-benzopyran-6-carboxylic acid"", 'limonexic acid', 'Pedalitin', 'Di(benzyltrithio) methane', 'Muraxanthone', 'Odoratone', 'Rel-6β-hydroxyzuelanin-2β-benzoate', 'shidasterone', '5-hydroxymethyl- 2-furancarboxaldehyde; 5-hydroxymethyl-2-furfuraldehyde', 'atalaphyllinine', 'N-[10- (13,14-methylenedioxyphenyl)-7(E)-pentaenoyl]-pyrrolidine', '2-Methyl-5-methoxy-benzopyran-4-one', 'Chaetoglobosin B', ""2-(2'-O-benzoyl)-C-β-D-glucopyranosyl-1,3,6,7-tetrahydroxyxanthone"", 'Isoplumericin', 'α-L-xylopyranosyl-(4""→20)-(3-O-β-D-glucopyranosyl)-1\'-O-E-caffeoyl-β-D-glucopyranoside', 'epoxy-fraxinellone', '12′-hydroxy-7′-multijuguinone', 'Kaempferitrin', 'Nitensidine C', 'Caseargrewiin F; (1R*,3S*,5S*,6aR*,7S*,8R*,10R*,10aR*)-1,3-Bis(acetyloxy)-3,5,6,6a,7,8,9,10-octahydro-10-hydroxy-7,8-dimethyl-7-[(2Z)-3-methylpenta-2,4-dien-1-yl]naphtho[1,8a-c]furan-5-yl Butanoate', 'Casearin L; (1R*,3S*,5S*,6aR*,7R*,8R*,9S*,10S*,10aR*)-1,10-Bis(acetyloxy)-3,5,6,6a,7,8,9,10-octahydro-9-hydroxy-5-methoxy-7,8-dimethyl-7-[(2Z)-3-methylpenta-2,4-dien-1-yl]naphtho[1,8a-c]-furan-3-yl Butanoate', 'Platydesmine', 'Leiokinine A', 'Cabraleadiol', 'schaftoside', ""(2S)-Methyl-8-isopentyl-2-methyl-2-(4'-methylpentyl)chroman-6-carboxylate"", '3,4,5-Triacetoxybenzoic acid', 'Casearupestrin A', '(2S)-2-methyl-8-(3""-methylbut-2""-enyl)-2-(4\'-methylpent-3\'-enyl)-2H-chromene-6-carboxylic acid', 'Burchellin', '5-[8(Z)-pentadecenyl]resorcinol', 'Luteolin; 2-(3,4-dihydroxyphenyl)-5,7-dihydroxy-4H-chromen-4-one', 'Sinapic acid', '19,20-Epoxycytochalasin Q', '19,20-Epoxycytochalasin R', 'Casearin S', '11β-acetoxyobacunone', '1-(5,7-dihydroxy-2,2-dimethylchroman- 6-yl)-3-[4-hydroxy-3-(3-methylbut-2-en-1-yl)- phenyl]propan-1-one', '(3R,4R)-4,7-Dihydroxymellein', ""Nitensoside B; Pedalitin 6-O-α-rhamnopyranosyl(1'''→6'')-β-glucopyranoside"", 'Amentoflavone', 'Methyl gallate', '3-O-β-D-quinovopyranosyl cincholic acid', 'Afzelin, 3-O-α-rhamnosyl kaempferol', 'Egonol', '4-Nerolidilcatechol', ""2-(2'-O-transcoumaroyl)-C-β-D-glucopyranosyl-1,3,6,7-tetrahydroxyxanthone"", '3,4-dihydroxybenzoic acid geranyl ester', 'N-[10-(13,14-methylenedioxyphenyl)-7(E),9(Z)-pentadienoyl]-pyrrolidine', 'Gedunin', 'Pedalin, pedalitin 6-O-β -glucopyranoside', '1-(5,7-dihydroxy-2,2-dimethylchroman-6-yl)-3-(1,1,4a-trimethyl-2,3,4,4a,9a-hexahydro-1H-xanthen-7-yl)propan-1-one', 'Methyl (E)-6,7,8-trimethoxycinnamate', '3,4,5-Trimethoxyphenyl-1-O-β-D-(5-O-syringoyl)-apiofuranosyl-(1→6)-β-D-glucopyranoside', '6-[8(Z),11(Z),14-pentadecatrienyl]salicylic acid', 'Sorbifolin', ""Nitensoside A; Sorbifolin 6-O-α-rhamnopyranosyl(1'''→6'')-β-glucopyranoside"", 'Casearin O; (1R*,3S*,5S*,6aR*,7R*,8R*,9S*,10S*,10aR*)-1,10-Bis(acetyloxy)-5-methoxy-7,8-dimethyl-7-[(2Z)-3-methylpenta-2,4-dien-1-yl]-3,5,6,6a,7,8,9,10-octahydronaphtho[1,8a-c]furan-3,9-diyl Dibutanoate', 'germacrene D', '6-pentadecylsalicylic acid', 'Methyl-2,2-dimethylchroman-6-carboxylate', ""Myrsinoic acid A, 3-Geranyl-4-hydroxy-5-(3'',3''-dimethylallyl)benzoic acid"", '20α-Hydroxymaytenin; 20-hydroxy-20-epi-tingenone', '2-oxo-piperol B; (7S*, 8R*, 1R*, 3R*)-3,4,5-trimethoxy-3,7-cyclo-8,1-neolig-8-ene-2,4(3H)-dione', 'taxifolin', ""(2'S)-2-(propan-2'-ol)-5-hydroxy-benzopyran-4-one"", 'Rel-(+)-(7S,9R,10S)-3,9,12-trihydroxycalamenene', '(-)-Epigallocatechin-3-O-gallate', 'Casearin D; (1R*,3S*,5S*,6aR*,7R*,8R*,9S*,10S*,10aR*)-1-(Acetyloxy)-3,5,6,6a,7,8,9,10-octahydro-5,10-dihydroxy-7,8-dimethyl-7-[(2Z)-3-methylpenta-2,4-dien-1-yl]naphtho[1,8a-c]furan-3,9-diyl Dibutanoate', 'Rel. (+)-(7S,10S) 3,12-dihydroxycalamenene', 'carlinoside', 'Methyl-8-(ethanoyloxy)-2,2-dimethyl-2H-chromene-6-carboxylate', 'arjunolic acid', 'stachysterone', 'Ethyl 2,4-dihydroxy-5,6-dimethylbenzoate', 'Amentoflavone 7”,4”’-dimethyl ether', 'Picramnioside F', 'Lauryl gallate', 'Syringaldehyde', '22-hydroxytirucalla-7,24-diene-2,3-dione', 'Trans-3’-methylsulphonylallyl trans-cinnamate', 'Syringic acid', '(+)-3-O-feruloylcassine', '(-)-Hardwickiic acid', '(3-(2-(4-hydroxyphenyl)-2-oxoethyl)-5,6-dihydropyridin- 2(1H)-one)', 'Mangiferin', 'Salacin', 'Viburgenin', ""Pterogynoside; Kaempferol-3-O-(3''-O-4'''-methylgallate-α-L-rhamnoside)"", 'Isobutyl gallate', '7′-multijuguinone', 'Griseofulvin', ""7-Hydroxy-4',6-dimethoxyisoflavone; Afrormosin; Afromosin"", '8-methoxymellein', '(±)-Syringaresinol', 'Cyclo-(L-Pro-L-Val)', 'Acetonide of odoratol', '(−)-Grandisin', '24-methylenecycloartan-3b-ol', 'Chalepin', 'Chlorogenic acid', '(4R)-4,8-dihydroxy-α-tetralone', 'Kaempferol', '3-O-β-D-quinovopyranosyl quinovic acid', '2-hydroxyphenylacetic acid', '2-methyl-5-[8(Z)-pentadecenyl]resorcinol']]",doi_name
"['10.1590/S0102-695X2008000200010', ""Acteoside; [β-3,4-dihydroxyphenyl)-ethyl]-(3'-O-α-L-rhamnopyranosyl)-(4'-O-cafeoyl)-β-D-glycopyranoside, verbascoside""]","['10.1590/S0102-695X2008000200010', ['guaiol', 'Hinesol', 'γ-eudesmol', 'α-eudesmol', 'Stearic acid 4-pentoyloxyphenethyl ester', 'Galioside aglicone', '11-O-trans-feruloylteucrein', 'Teucrein', 'Galioside', 'Apodanthoside', 'Chlorogenic acid methyl ester, Methyl (1S,3R,4R,5R)-3-{[(2E)-3-(3,4-dihydroxyphenyl)-2-propenoyl]oxy}-1,4,5-trihydroxycyclohexanecarboxylate', '5,7-dimethoxy-2,2-dimethyl-2H-1-benzopyran-6-propanoate', 'bis-5-hydroxyacronycine', 'Citibrasine', '2,3-dihydro-4,9-dihydroxy-2-(2-hydroxy-propan-2-yl)- 11-methoxy-10-methylfuro[3,2-b]acridin-5(10H)-one', 'Oleanonic acid', 'Iso-odoratol', 'Piscidinol A', 'cryptomeridiol', 'Pentaol', '3,11-dioxoolean-12-en-28- onic acid', 'Hispidol A', 'Nilocetin', 'astilbin; Rel-(2R, 3R)-dihydroquercetin-3-O-±-L-rhamnoside', ""Isoswertisin-2''α1-L-rhamnoside"", '2-Episesalatin', 'Sesartemin', 'Clusifoliol', ""Isoswertisin-4'-methyl-ether-2''α-L-rhamnoside"", '(-)-3-O-acetyl-spectaline', 'Beauvericin', 'Anhydrofusarubin', 'Xanthyletin', 'Taraxerol acetate', '2α,3α,19α- trihydroxyurs-12-en-28-oic acid', '3,3-O-dimethylquercetin', 'penduletin 4-O-methyl ether', 'p-hydroxybenzoic acid', '3,7,4-O-trimethylkaempferol', '3-O-methylquercetin', 'acacetin', 'Chrysoeriol', '2α,3α-dihydroxyolean-12- en-28-oic acid', 'Austdiol diacetate', 'Eugenitin', 'Mycoleptone B', '9-hydroxyeugenin', 'Mycoleptone A', 'Austdiol', '6-methoxyeugenin', 'Mycoleptone A tetraacetate', '7-Methoxydiderroside', 'Diderroside', ""6'-Acetyl-β-D-glucopyranosyldiderroside"", 'Secoxyloganin', ""Aduncumene; Methyl 2-methoxy-5-(3'-methyl-1'-oxo-2'-butenyl)benzoate"", ""4-Hydroxy-(3',7'-dimethyl-1'-oxo-octa-2'-Z-6'-dienyl)benzoic acid"", ""Methyl 4-hydroxy-3-(3'-methyl-2'-hydroxy-3'-butenyl)benzoate"", 'Piperaduncine B', 'Methyl 2,2-dimethyl-1-oxo-2H-1-benzopyran-6-carboxylate', ""Methyl 4-hydroxy-3-(3'-methyl-2'-butenyl)benzoate"", ""Methyl taboganate; Methyl 4-hydroxy-3-(3'-methyl-1'-oxo-2'-butenyl)benzoate"", ""2',6'-Dihydroxy-4'-methoxydihydrochalcone"", '3,4,5-Trimethoxydihydrocinnamic acid', ""Hostmaniene; 4-Hydroxy-3-(2',3'-dihydroxy-3'-methylbutyl)benzoate"", ""4-Hydroxy-3-(3',7'-dimethylocta-2'-E-6'-dienyl)benzoic acid"", 'cyclo (L)-Pro-Gly', '3,21-Di-epi-feroniellide B', '21β,25-dimethylmelianodiol', '21α,25-dimethylmelianodiol', '2-n-Pentylquinoline', '2-n-Propylquinoline', ""2-(3',4'-methylenedioxyphenylethyl)-Quinoline"", ""2-(1'-pentenyl)-Quinoline"", ""4-Methoxy-3-(3',7'-dimethylocta-2'-E-6'-dienyl)benzoic acid"", ""3-(3',7 '-dimethyl-2',6 '-octadienyl)-4-methoxy-benzoic acid"", 'Methyl-8-hydroxy-2,2-dimethyl-2H-chromene-6-carboxylate', ""3,4-dimethyl-2-(4'-hydroxy-3',5'-dimethoxyphenyl)-5-methoxy-tetrahydrofuran"", 'Methyl (3R,4R,5R)-3-{[(2Z)-3-(3,4-dihydroxyphenyl)-2-propenoyl]oxy}-1,4,5-trihydroxycyclohexanecarboxylate', 'Methyl (3R,4R,5R)-3-{[(2E)-3-(3,4-dihydroxyphenyl)-2-propenoyl]oxy}-1,4,5-trihydroxycyclohexanecarboxylate', 'Aphidicolin', '(+)-11α-Hydroxyerythravine', '(+)-α-Hydroxyerysotrine', '(+)-Erythravine', 'Citrusinine-II', 'Glycocitrine-I', '5-hydroxynoracronycine; Atalaphyllidine', '1,3,5-trihydroxy- 2,8-bis(3-methylbut-2-enyl)-10-methyl-9-acridone', 'Glycocitrine-IV', 'Pyranofoline', '1,3,5-trihydroxy-4-methoxy-10-methyl- 2,8-bis(3-methylbut-2-enyl)acridin-9(10H)-one', '3,4-dihydro-3,5,8-trihydroxy-6-methoxy-2,2,7-trimethyl-2Hpyrano[ 2,3-a]acridin-12(7H)-one', 'Citrusinine-I', 'Verrucosin', 'Epi-guaiacin', '7-Methyl-sargachromenol; 2,7,8-Trimethyl-2-[(3-E,7-Z)-4,12-dimethyl-8-carboxyl-3,7,11-tridecatrienyl]-3-chromen-6-ol, β-caroteno', 'Nectandrin B', ""3',4'-methylenedioxy-5,5',6,7-tetramethoxyflavone"", ""2'-hydroxy-3,4,4'-trimethoxy-5',6'-(2'',2''-dimethylpyrano)-chalcone"", ""3',4'-methylenedioxy-5,6,7- trimethoxyflavone"", ""3',4'-methylenedioxy-5,7-dimethoxyflavone"", 'Deoxycordifoline', 'Cordifoline', 'Turbinatine', '5α-carboxystrictosidine', 'Strictosidine acid', 'Harman-3-carboxylic acid', '3,4-dehydrostrictosidine acid', '3,4-dehydro-strictosidine', ""4-Hydroxy-3-(3',7'-dimethyl-3'-hydroxy-1'-oxo-6'-octenyl)benzoic acid"", ""1,4-Dihydroxy-2-(3',7'-dimethyl-1'-oxo-2'-E-6'-octadienyl)benzene"", ""Isosakuranetin; 5,7-dihydroxy-4'-methoxyflavanone"", ""4-Hydroxy-(3',7'-dimethyl-1'-oxo-octa-2'-E-6'-dienyl)benzoic acid"", ""Sakuranetin; 5,4'-dihydroxy-7-methoxyflavanone"", '4-metoxi-6-[2-(metilamino)fenil]- 2H-piran-2-ona', 'Ergosterol peroxide', 'Dimethyl terephthalate', '8-hydroxy-6-methoxy-3-methylisocoumarin', '(22E,24R)-ergosta-4,6,8(14),22-tetraen-3-one', 'Pimara-7,15-dien-3β-ol', 'Methacrylic acid', 'Nitensidine D', 'Nitensidine E', 'Isopimpinellin', '17-(3,4-Methylenedioxyphenyl)-heptadecanoic acid', 'Farnisine', ""7,4'-Dimethoxyflavone"", '21´-(3,4-Methylenedioxyphenyl)-henicosanoic acid', ""7,4'-Dihydroxyflavone"", '19´-(3,4-Methylenedioxyphenyl)-nonadecanoic acid', 'Sargachromenol', 'Sargaquinoic acid', '(+)-Guaiacin', 'Fasciculiferin', 'Tithonine', ""Juruenolic acid; 2-(4'-Methylpentenyl-3)-10-oxoundecan-2,6-dienoic acid"", ""Rel-(7R,8S,7'S,8'S)-9-hydroxy-4',5'-methylenedioxy-3,4,5,3'-tetramethoxy-7,7'-epoxylignan"", ""Rel-(7R,8S,7'S,8'S)-4',5'-methylenedioxy-3,4,5,3'-tetramethoxy-7,7'-epoxylignan"", ""Rel-(7R,8S,7'S,8'S)-4-hydroxy-4',5'-methylenedioxy-3,5,3'-trimethoxy-7,7'-epoxylignan"", ""Rel-(7R,8S,7'S,8'S)-4'-hydroxy-3,4,5,3',5'-pentamethoxy-7,7'-epoxylignan"", ""Rel-(7R,8S,7'S,8'S)-4,5,4',5'-dimethylenedioxy-3,3'-dimethoxy-7,7'-epoxylignan"", 'Tagitinin C', '1-methoxy-3-hydroxy-3,10b-4,5a-diepoxy-8b-isobutyroyloxygermacr-11(13)-en-6a,12-olide', '5,7-dimethoxy-2,2-dimethyl-2H-1-benzopyran-6-propanoic acid', ""3',4',5',3,5,7,8-heptamethoxyflavone"", ""3,5,6,7,3',4',5'-heptamethoxyflavonol"", 'β-Gardiol', 'α-Gardiol', 'Ferulic acid', 'β-caryophyllene, trans-caryophyllene', 'Kaempferol-3-O-α-L-rhamnopyranosyl-(1→6)-β-D-galactopyranoside', 'Kaempferol-3-O-rutinoside', 'Catechin, Ent-catechin', 'Kaempferol-3-O-D-galactopyranoside', 'Procyanidin B-3', 'Quercetin-3-O-α-L-rhamnopyranosyl-(1→6)-β-D-galactopyranoside', 'Kaempferol-3-O-D-glucopyranoside', '6-Hydroxy-rutin', 'Kaempferol-3-O-α-L-rhamnopyranosyl-(1-6)-α-L-rhamnopyranosyl-(1-4)-β-D-glucopyranoside', '(3Z,5Z)-N-isobutyl-8-(30,40-methylenedioxy-phenyl)-heptadienamide', 'Pellitorine', ""N-[3-(6'-methoxy-3',4'-methy-lenedioxyphenyl)-2(Z)-propenoyl]pyrrolidine"", '(E)-piplartine', '8,9-dihydropiplartine; N-(12,13,14-trimethoxydihydrocinnamoyl)-Δ3-pyridin-2-one', '4,5-dihydropiperlonguminine; Piperlonguminine', 'Piperine', '4,5-dihydropiperyline', '10,11-dihydropiperine; Δα,β-dihydropiperine', '(Z)-piplartine; 8(Z)-N-(12,13, 14-trimethoxycinnamoyl)- 3-pyridin-2-one', 'Cusculine; 1,2,3,5,6-pentamethoxy-9-acridone', 'Cuspanine; 1-hydroxy-2,3,5,6-tetramethoxy-9-acridone', '2α,3α-Dihydroxy-urs-12-en-28-oic acid', '3-O-β-D-(6’-methyl)-glucopyranosyl-28-O-β-D-glucopyranosyl-oleanate', 'Oleanolic acid 3-sophoroside', '5-hydroxyflavone', 'β-Sitosterol benzoate', '2-phenyl-4H-chromen-4-one', 'Haplotusine', 'Sinapyl 4-O-β-D-glucopyranoside aldehyde', 'N-acetylnonaine', 'Sinapyl 4-O-β-D-glucopyranoside alcohol', 'Liriodenine', '[10]-gingerol', ""2,4-Dihydroxy-6-[(1'E,3'E)-penta-1', 3'-dienyl]-benzaldehyde"", 'Nitensidine A', '2-methyl-5-[8(Z)-pentadecenyl]resorcinol', '2-hydroxyphenylacetic acid', '3-O-β-D-quinovopyranosyl quinovic acid', ""8-hydroxy-3,5,7,3',4',5'-hexamethoxyflavonol"", 'Kaempferol', '(4R)-4,8-dihydroxy-α-tetralone', 'Chlorogenic acid', ""2-(2'-O-trans-caffeoyl)-C-β-D-glucopyranosyl-1,3,6,7-tetrahydroxyxanthone"", 'Netzahualcoyene', 'Casearin X Dialdehyde; (2R*,4aS*,5S*,7R*,8R*,8aS*)-4,4a-Diformyl-1,2,4a,5,6,7,8,8a-octahydro-5-hydroxy-7,8-dimethyl-8-[(2Z)-3-methylpenta-2,4-dien-1-yl]naphthalen-2-yl Butanoate', 'polypodine B', 'n-Propyl gallate', ""3',4',5',5,7,8-hexamethoxyflavone"", 'Leptomerine', '5-hydroxy-N-methylseverifoline', '19,20-Epoxycytochalasin N', 'ellagic acid 4-O-α-L-rhamnopyranoside; eschweilenol C', 'Mayoside C', 'Ourateacatechin', ""3',4',5',5,7-pentamethoxyflavone"", '2-methyl-5-pentadecylresorcinol', '3β-hydroxy-stigmast-5-en-7-one; 24-β-7-oxositosterol', 'scillascillin', 'Griseofulvin', ""7-Hydroxy-4',6-dimethoxyisoflavone; Afrormosin; Afromosin"", '8-methoxymellein', '(±)-Syringaresinol', 'Cyclo-(L-Pro-L-Val)', 'Acetonide of odoratol', 'Dibenzyl sulphide', '(-) Cis-4-hydroxy-6-deoxyscytalone', 'Dibenzyl trisulphide', 'Maytenin, Tingenone', 'urauchimycin B', 'Ocotillone', 'des-N-methylnoracronycine', 'Sorbifolin 6-O-β-glucopyranoside', 'Rel-2α-hydroxyzuelanin-6β-benzoate', '2,6-di-O-acetylcasearupestrin D', ""Methyl-2,2-dimethyl-8-(3'-methylbut-2'-enyl)chroman-6-carboxylate"", '2,7-Di-O-acetylcasearupestrin A', 'Nitensidine B', '1-methyl-2-n-nonyl-4-quinolone', '5-[8(Z),11(Z),14-pentadecatrienyl]resorcinol', 'Odoratol', '2-n-nonyl-4-quinolone', 'Cytochalasin D', 'Gallic acid; 3,4,5-trihydroxybenzoic acid', 'Maculosidine', 'Podocarpusflavone A', 'Casearupestrin C', '6α-malonyloxy-n-butyl ester manoyl oxide', 'citrusinine-I', 'Ricinine', 'Leptophyllin A', '5-pentadecylresorcinol', 'Homoegonol', '[8]-gingerol', '4-Hydroxymellein', '5-hydroxymellein', 'fraxinellonone', 'Benzylhydroxymethyl sulphide', '1,6-di-O-caffeoyl-β-D-glucopyranoside', '2-methyl-5-[8(Z),11(Z),14-pentadecatrienyl]resorcinol', '20-hydroxyecdysone; polypodine A', '3-Acetyl aleuritolic acid', 'Alkenoic acid', 'Plumericin', '5-[8(Z),11(Z)-pentadecadienyl]resorcinol', '(-)-Spectalinine', 'Netzahualcoyondiol', '19,20-Epoxycytochalasin D', 'fumiquinozoline F', 'Kaempferol 3-O-α-L-rhamnopyranosyl (1→6)-O-[β -D-glucopyranosyl (1→3)-O-α-L-rhamnopyranosyl-(1→2)]-O-β -D-glucopyranosyl', '3β-O-[α-L-rhamnopyranosyl-(1→2)-O-β-D-glucopyranosyl-(1→2)-O-β-D-glucopyranosyl]-28-O-β-D-glucopyranoside pomolate', 'Dibenzyl tetrasulphide', ""2',5-dihydroxy-3-methoxy-8-dimethylallyl-6, 7-(2' ',2''-dimethylpyrano)-dihydroflavonol"", 'Quercetin', ""2-(2'-O-trans-cinnamoyl)-C-β-D-glucopyranosyl-1,3,6,7-tetrahydroxyxanthone"", 'Kokusaginine', 'Piperol B', '(-)-Hardwickiic acid', ""5-[3''-(β-D-glucopyranosyloxy)propyl]-7-methoxy-2-(3',4'-methylenedioxyphenyl)benzofuran"", '28-O-β-D-glucopyranosyl quinovic acid', '2-Methyl-4-hydroxy-butyl caffeoate', 'N-1,N-2,N-3-Triisopentenylguanidine', 'Isoorientin', 'urauchimycin A', 'p-Coumaric acid', '(-)-Epigallocatechin', 'Netzahualcoyonol', '1-[3-(3,7-dimethylocta-2,6-dien-1-yl)-2,4,6- trihydroxyphenyl]-3-(4-hydroxyphenyl)propan-1-one', '6α-malonyloxymanoyl oxide', 'Casearupestrin B', 'toonacilin', 'Uracil', 'Pristimerin; 20α-3-hydroxy-2-oxo-24-nor-friedela-1-10,3,5,7-tetraen-carboxylic acid-29-methylester', '3,4,5-trimethoxyphenyl 1-O-β-D-apiofuranosyl-(1→6)-O-β-D-glucopyranoside', 'β-photogedunin', 'n-Butyl gallate', ""5-[3''-(β-D-glucopyranosyloxy)propyl]-7-methoxy-2-(3',4'-dimethoxyphenyl)benzofuran"", '3,12-Dihydroxycadalene', '7-hydroxy-3- (11-dimethylallyl)-8-methoxycoumarin', 'Methyl angolensate', ""5-(3'' -Hydroxypropyl)-7-methoxy-2-(3',4' -methyl-enedioxyphenyl)benzofuran"", '22β-hydroxypristimerin', '1- (5,7-dihydroxy-2,2-dimethylchroman-6-yl)-3-(2,2-dimethylchroman- 6-yl)propan-1-one', 'Canavaline', 'Di-hydrodehydrodiconiferyl alcohol', '1-O-(E)-feruloyl-β-D-glucopyranoside', '19,20-Epoxycytochalasin C', 'n-Pentyl gallate', 'Orcinol', 'Periconicin B', 'Phomopsilactone', ""(2S)-8-Isopentyl-2-methyl-2-(4'-methylpentyl)chroman-6-carboxylic acid"", '2,2-dimethyl-2H-chromene-6-carboxylic acid', '1,2-dihydro- 3β-hydroxy-7-deacetoxy-7-oxogedunin', 'Photogedunin', 'Casearin X; (1R*,3S*,5S*,6aR*,7S*,8S*,10R*,10aR*)-1-(Acetyloxy)-3,5,6,6a,7,8,9,10-octahydro-10-hydroxy-7,8-dimethyl-7-[(2Z)-3-methylpenta-2,4-dien-1-yl]naphtho[1,8a-c]furan-3,5-diyl Dibutanoate', ""2-(R)-Methyl-6-(S)-(tetradecyl-13'-one)-3(R)-O-tert-butyldimethylsilyl-piperidine"", 'Quercetin 3-O-α-L-rhamnopyranosyl (1→6)-O-[β -D-glucopyranosyl (1→3)-O-α-L-rhamnopyranosyl-(1→2)]-O-β -D-glucopyranosyl', 'Heveaflavone', 'Arboreumine', '3-Oxoursolic acid', '(2S)-Methyl-2-methyl-8-(3""-methylbut-2""-enyl)-2-(4\'-methylpent-3\'-enyl)-2H-chromene-6-carboxylate', 'Casearin T', 'Piperyline, N-[10-(13,14-methylenedioxyphenyl)-7(E),9(E)-pentadienoyl]-pyrrolidine', 'ω-fenil alcanoic acid', '2-butyl-D-fructofuranoside', ""Gaudichaudianic acid; (2S)-2-methyl-2-(4'methyl-3'-pentenyl)-8-(3''-methyl-2-butenyl)- 2H-1-benzopyran-6-carboxylic acid"", 'limonexic acid', 'Pedalitin', 'Skimmianine', 'p-hydroxybenzoic acid-geranyl ester', 'Dibenzyl disulphide', 'Proanthocyanidin', 'neoisoastilbin', '(R)-7-Hydroxymellein', ""N-[7-(3',4'-methylenedioxyphenyl)-2(Z),4(Z)-heptadienoyl]pyrrolidine"", ""Acteoside; [β-3,4-dihydroxyphenyl)-ethyl]-(3'-O-α-L-rhamnopyranosyl)-(4'-O-cafeoyl)-β-D-glycopyranoside, verbascoside"", 'Methyl 6,7,8-trimethoxydihydrocinnamate', '6α-acetoxymanoyl oxide', 'Methyl-8-hydroxy-2,2-dimethylchroman-6-carboxylate', '6α-acetoxy-14β,15β-epoxyazadirone', 'Di(benzyltrithio) methane', '3,11,12-Trihydroxycadalene', 'Quercetin 3-O-sophoroside', '(3R,4R)-3,4-Dihydro-4,6-dihydroxy-3-methyl-1-oxo-1H-isochromene-5-carboxylic acid', '24-methylene-3,22-dihydroxycholesterol', 'amorphispironone', 'Casearupestrin D', 'Chaetoglobosin B', ""2-(2'-O-benzoyl)-C-β-D-glucopyranosyl-1,3,6,7-tetrahydroxyxanthone"", 'Isoplumericin', 'α-L-xylopyranosyl-(4""→20)-(3-O-β-D-glucopyranosyl)-1\'-O-E-caffeoyl-β-D-glucopyranoside', '6-[8(Z)-pentadecenyl]salicylic acid', 'Gedunin', 'Pedalin, pedalitin 6-O-β -glucopyranoside', '(2S)-2-methyl-8-(3""-methylbut-2""-enyl)-2-(4\'-methylpent-3\'-enyl)-2H-chromene-6-carboxylic acid', 'Burchellin', '5-[8(Z)-pentadecenyl]resorcinol', 'Luteolin; 2-(3,4-dihydroxyphenyl)-5,7-dihydroxy-4H-chromen-4-one', 'Sinapic acid', '19,20-Epoxycytochalasin Q', '19,20-Epoxycytochalasin R', 'Muraxanthone', 'epoxy-fraxinellone', '12′-hydroxy-7′-multijuguinone', 'Kaempferitrin', 'Nitensidine C', 'Dipropyl disulphide', '2-methyl-5-[8(Z),11(Z)-pentadecadienyl]resorcinol', 'taxifolin', ""(2'S)-2-(propan-2'-ol)-5-hydroxy-benzopyran-4-one"", 'Rel-(+)-(7S,9R,10S)-3,9,12-trihydroxycalamenene', 'Casearin S', '2-Hexyl-3-methyl-butanodioic acid', 'fraxinellone', '6-[ 8(Z),11(Z) -pentadecadienyl] salicylic acid', 'Odoratone', 'Rel-6β-hydroxyzuelanin-2β-benzoate', 'shidasterone', '5-hydroxymethyl- 2-furancarboxaldehyde; 5-hydroxymethyl-2-furfuraldehyde', 'atalaphyllinine', 'N-[10- (13,14-methylenedioxyphenyl)-7(E)-pentaenoyl]-pyrrolidine', '2-Methyl-5-methoxy-benzopyran-4-one', '3,4-dihydroxybenzoic acid geranyl ester', 'N-[10-(13,14-methylenedioxyphenyl)-7(E),9(Z)-pentadienoyl]-pyrrolidine', ""2-(2'-O-transcoumaroyl)-C-β-D-glucopyranosyl-1,3,6,7-tetrahydroxyxanthone"", 'Syringic acid', '(+)-3-O-feruloylcassine', '1-(5,7-dihydroxy-2,2-dimethylchroman-6-yl)-3-(1,1,4a-trimethyl-2,3,4,4a,9a-hexahydro-1H-xanthen-7-yl)propan-1-one', 'Methyl (E)-6,7,8-trimethoxycinnamate', '3,4,5-Trimethoxyphenyl-1-O-β-D-(5-O-syringoyl)-apiofuranosyl-(1→6)-β-D-glucopyranoside', 'Caseargrewiin F; (1R*,3S*,5S*,6aR*,7S*,8R*,10R*,10aR*)-1,3-Bis(acetyloxy)-3,5,6,6a,7,8,9,10-octahydro-10-hydroxy-7,8-dimethyl-7-[(2Z)-3-methylpenta-2,4-dien-1-yl]naphtho[1,8a-c]furan-5-yl Butanoate', 'Casearin L; (1R*,3S*,5S*,6aR*,7R*,8R*,9S*,10S*,10aR*)-1,10-Bis(acetyloxy)-3,5,6,6a,7,8,9,10-octahydro-9-hydroxy-5-methoxy-7,8-dimethyl-7-[(2Z)-3-methylpenta-2,4-dien-1-yl]naphtho[1,8a-c]-furan-3-yl Butanoate', 'Platydesmine', 'Leiokinine A', 'Cabraleadiol', 'schaftoside', ""(2S)-Methyl-8-isopentyl-2-methyl-2-(4'-methylpentyl)chroman-6-carboxylate"", '3,4,5-Triacetoxybenzoic acid', 'Casearupestrin A', '2-oxo-piperol B; (7S*, 8R*, 1R*, 3R*)-3,4,5-trimethoxy-3,7-cyclo-8,1-neolig-8-ene-2,4(3H)-dione', '20α-Hydroxymaytenin; 20-hydroxy-20-epi-tingenone', '(-)-Epigallocatechin-3-O-gallate', 'Casearin D; (1R*,3S*,5S*,6aR*,7R*,8R*,9S*,10S*,10aR*)-1-(Acetyloxy)-3,5,6,6a,7,8,9,10-octahydro-5,10-dihydroxy-7,8-dimethyl-7-[(2Z)-3-methylpenta-2,4-dien-1-yl]naphtho[1,8a-c]furan-3,9-diyl Dibutanoate', 'Rel. (+)-(7S,10S) 3,12-dihydroxycalamenene', 'carlinoside', 'Methyl-8-(ethanoyloxy)-2,2-dimethyl-2H-chromene-6-carboxylate', '11β-acetoxyobacunone', '1-(5,7-dihydroxy-2,2-dimethylchroman- 6-yl)-3-[4-hydroxy-3-(3-methylbut-2-en-1-yl)- phenyl]propan-1-one', '(3R,4R)-4,7-Dihydroxymellein', ""Nitensoside B; Pedalitin 6-O-α-rhamnopyranosyl(1'''→6'')-β-glucopyranoside"", 'Amentoflavone', 'Methyl gallate', '3-O-β-D-quinovopyranosyl cincholic acid', 'Afzelin, 3-O-α-rhamnosyl kaempferol', 'Egonol', '4-Nerolidilcatechol', 'Trans-3’-methylsulphonylallyl trans-cinnamate', '(3-(2-(4-hydroxyphenyl)-2-oxoethyl)-5,6-dihydropyridin- 2(1H)-one)', 'Mangiferin', 'Salacin', 'Viburgenin', ""Pterogynoside; Kaempferol-3-O-(3''-O-4'''-methylgallate-α-L-rhamnoside)"", 'Isobutyl gallate', '7′-multijuguinone', '6-[8(Z),11(Z),14-pentadecatrienyl]salicylic acid', 'Sorbifolin', ""Nitensoside A; Sorbifolin 6-O-α-rhamnopyranosyl(1'''→6'')-β-glucopyranoside"", 'Casearin O; (1R*,3S*,5S*,6aR*,7R*,8R*,9S*,10S*,10aR*)-1,10-Bis(acetyloxy)-5-methoxy-7,8-dimethyl-7-[(2Z)-3-methylpenta-2,4-dien-1-yl]-3,5,6,6a,7,8,9,10-octahydronaphtho[1,8a-c]furan-3,9-diyl Dibutanoate', 'germacrene D', '6-pentadecylsalicylic acid', 'Methyl-2,2-dimethylchroman-6-carboxylate', ""Myrsinoic acid A, 3-Geranyl-4-hydroxy-5-(3'',3''-dimethylallyl)benzoic acid"", 'Isopropyl gallate', '6β-hydroxy-7-epigardoside methyl ester', 'Tetrahydropiperyline, N-[10-(13,14-methylenedioxyphenyl)-pentanoyl]-pyrrolidine', 'Piperovatine', '2,4,6-trimethoxybenzoic acid', '1-O-(E)-caffeoyl-β-D-glucopyranoside', 'Quercitrin, 3-O-α-rhamnosylquercetin', 'Caseobliquin A', 'arjunolic acid', 'stachysterone', 'Ethyl 2,4-dihydroxy-5,6-dimethylbenzoate', 'Amentoflavone 7”,4”’-dimethyl ether', 'Picramnioside F', 'Lauryl gallate', 'Syringaldehyde', '22-hydroxytirucalla-7,24-diene-2,3-dione', '(−)-Grandisin', '24-methylenecycloartan-3b-ol', 'Ixoside', '2β-Hydroxyzuelanin-6β-cinnamate', 'Cognatine', 'Fagaramide', 'Chalepin']]",doi_name
"['10.1002/cbdv.200590016', 'Netzahualcoyene']","['10.1002/cbdv.200590016', [""3,4-dimethyl-2-(4'-hydroxy-3',5'-dimethoxyphenyl)-5-methoxy-tetrahydrofuran"", 'guaiol', 'γ-eudesmol', 'Hinesol', 'α-eudesmol', 'Galioside aglicone', '11-O-trans-feruloylteucrein', 'Teucrein', 'Apodanthoside', 'Galioside', 'Aphidicolin', 'α-Gardiol', 'Ferulic acid', 'β-Gardiol', '4-metoxi-6-[2-(metilamino)fenil]- 2H-piran-2-ona', '2α,3α,19α- trihydroxyurs-12-en-28-oic acid', 'penduletin 4-O-methyl ether', '3,3-O-dimethylquercetin', 'p-hydroxybenzoic acid', 'Chrysoeriol', 'acacetin', '2α,3α-dihydroxyolean-12- en-28-oic acid', '3-O-methylquercetin', '3,7,4-O-trimethylkaempferol', '(22E,24R)-ergosta-4,6,8(14),22-tetraen-3-one', 'Ergosterol peroxide', '8-hydroxy-6-methoxy-3-methylisocoumarin', 'Dimethyl terephthalate', 'Pimara-7,15-dien-3β-ol', '3,21-Di-epi-feroniellide B', '21α,25-dimethylmelianodiol', '21β,25-dimethylmelianodiol', ""Rel-(7R,8S,7'S,8'S)-4'-hydroxy-3,4,5,3',5'-pentamethoxy-7,7'-epoxylignan"", ""Rel-(7R,8S,7'S,8'S)-4,5,4',5'-dimethylenedioxy-3,3'-dimethoxy-7,7'-epoxylignan"", ""Rel-(7R,8S,7'S,8'S)-9-hydroxy-4',5'-methylenedioxy-3,4,5,3'-tetramethoxy-7,7'-epoxylignan"", ""Rel-(7R,8S,7'S,8'S)-4-hydroxy-4',5'-methylenedioxy-3,5,3'-trimethoxy-7,7'-epoxylignan"", ""Rel-(7R,8S,7'S,8'S)-4',5'-methylenedioxy-3,4,5,3'-tetramethoxy-7,7'-epoxylignan"", ""3',4',5',3,5,7,8-heptamethoxyflavone"", ""3,5,6,7,3',4',5'-heptamethoxyflavonol"", 'bis-5-hydroxyacronycine', '2,3-dihydro-4,9-dihydroxy-2-(2-hydroxy-propan-2-yl)- 11-methoxy-10-methylfuro[3,2-b]acridin-5(10H)-one', 'Citibrasine', 'Deoxycordifoline', 'Turbinatine', 'Strictosidine acid', 'Harman-3-carboxylic acid', '3,4-dehydro-strictosidine', '5α-carboxystrictosidine', '3,4-dehydrostrictosidine acid', 'Cordifoline', '2-n-Propylquinoline', '2-n-Pentylquinoline', ""2-(1'-pentenyl)-Quinoline"", ""2-(3',4'-methylenedioxyphenylethyl)-Quinoline"", 'Anhydrofusarubin', 'Beauvericin', 'Nitensidine D', 'Nitensidine E', 'Verrucosin', 'Epi-guaiacin', '7-Methyl-sargachromenol; 2,7,8-Trimethyl-2-[(3-E,7-Z)-4,12-dimethyl-8-carboxyl-3,7,11-tridecatrienyl]-3-chromen-6-ol, β-caroteno', 'Nectandrin B', ""4-Hydroxy-3-(3',7'-dimethyl-3'-hydroxy-1'-oxo-6'-octenyl)benzoic acid"", ""4-Hydroxy-(3',7'-dimethyl-1'-oxo-octa-2'-E-6'-dienyl)benzoic acid"", ""Isosakuranetin; 5,7-dihydroxy-4'-methoxyflavanone"", ""1,4-Dihydroxy-2-(3',7'-dimethyl-1'-oxo-2'-E-6'-octadienyl)benzene"", ""Sakuranetin; 5,4'-dihydroxy-7-methoxyflavanone"", '5,7-dimethoxy-2,2-dimethyl-2H-1-benzopyran-6-propanoic acid', '9-hydroxyeugenin', 'Mycoleptone A', '6-methoxyeugenin', 'Austdiol diacetate', 'Eugenitin', 'Mycoleptone B', 'Austdiol', 'Mycoleptone A tetraacetate', '5,7-dimethoxy-2,2-dimethyl-2H-1-benzopyran-6-propanoate', ""3',4'-methylenedioxy-5,5',6,7-tetramethoxyflavone"", ""3',4'-methylenedioxy-5,6,7- trimethoxyflavone"", ""2'-hydroxy-3,4,4'-trimethoxy-5',6'-(2'',2''-dimethylpyrano)-chalcone"", ""3',4'-methylenedioxy-5,7-dimethoxyflavone"", 'Methyl (3R,4R,5R)-3-{[(2E)-3-(3,4-dihydroxyphenyl)-2-propenoyl]oxy}-1,4,5-trihydroxycyclohexanecarboxylate', 'Methyl (3R,4R,5R)-3-{[(2Z)-3-(3,4-dihydroxyphenyl)-2-propenoyl]oxy}-1,4,5-trihydroxycyclohexanecarboxylate', '1-methoxy-3-hydroxy-3,10b-4,5a-diepoxy-8b-isobutyroyloxygermacr-11(13)-en-6a,12-olide', 'Tagitinin C', 'Taraxerol acetate', '(-)-3-O-acetyl-spectaline', '(+)-Erythravine', '(+)-11α-Hydroxyerythravine', '(+)-α-Hydroxyerysotrine', 'Kaempferol-3-O-rutinoside', 'Kaempferol-3-O-α-L-rhamnopyranosyl-(1→6)-β-D-galactopyranoside', 'Catechin, Ent-catechin', 'Kaempferol-3-O-α-L-rhamnopyranosyl-(1-6)-α-L-rhamnopyranosyl-(1-4)-β-D-glucopyranoside', 'Kaempferol-3-O-D-glucopyranoside', 'Quercetin-3-O-α-L-rhamnopyranosyl-(1→6)-β-D-galactopyranoside', 'Procyanidin B-3', 'Kaempferol-3-O-D-galactopyranoside', '6-Hydroxy-rutin', ""4-Methoxy-3-(3',7'-dimethylocta-2'-E-6'-dienyl)benzoic acid"", ""3-(3',7 '-dimethyl-2',6 '-octadienyl)-4-methoxy-benzoic acid"", 'Methyl-8-hydroxy-2,2-dimethyl-2H-chromene-6-carboxylate', '17-(3,4-Methylenedioxyphenyl)-heptadecanoic acid', 'Sargachromenol', 'Fasciculiferin', ""7,4'-Dimethoxyflavone"", 'Farnisine', 'Tithonine', ""7,4'-Dihydroxyflavone"", 'Sargaquinoic acid', '21´-(3,4-Methylenedioxyphenyl)-henicosanoic acid', ""Juruenolic acid; 2-(4'-Methylpentenyl-3)-10-oxoundecan-2,6-dienoic acid"", '(+)-Guaiacin', '19´-(3,4-Methylenedioxyphenyl)-nonadecanoic acid', 'Secoxyloganin', 'Diderroside', ""6'-Acetyl-β-D-glucopyranosyldiderroside"", '7-Methoxydiderroside', 'Stearic acid 4-pentoyloxyphenethyl ester', 'β-caryophyllene, trans-caryophyllene', ""Isoswertisin-2''α1-L-rhamnoside"", '2-Episesalatin', 'Sesartemin', ""Isoswertisin-4'-methyl-ether-2''α-L-rhamnoside"", 'Clusifoliol', '(3Z,5Z)-N-isobutyl-8-(30,40-methylenedioxy-phenyl)-heptadienamide', 'Pellitorine', '8,9-dihydropiplartine; N-(12,13,14-trimethoxydihydrocinnamoyl)-Δ3-pyridin-2-one', '10,11-dihydropiperine; Δα,β-dihydropiperine', '4,5-dihydropiperlonguminine; Piperlonguminine', 'Piperine', '(Z)-piplartine; 8(Z)-N-(12,13, 14-trimethoxycinnamoyl)- 3-pyridin-2-one', '4,5-dihydropiperyline', '(E)-piplartine', ""N-[3-(6'-methoxy-3',4'-methy-lenedioxyphenyl)-2(Z)-propenoyl]pyrrolidine"", 'Chlorogenic acid methyl ester, Methyl (1S,3R,4R,5R)-3-{[(2E)-3-(3,4-dihydroxyphenyl)-2-propenoyl]oxy}-1,4,5-trihydroxycyclohexanecarboxylate', 'Oleanonic acid', 'Iso-odoratol', 'Piscidinol A', 'Pentaol', '3,11-dioxoolean-12-en-28- onic acid', 'cryptomeridiol', 'Nilocetin', 'Hispidol A', 'Xanthyletin', 'cyclo (L)-Pro-Gly', ""Methyl 4-hydroxy-3-(3'-methyl-2'-butenyl)benzoate"", '3,4,5-Trimethoxydihydrocinnamic acid', ""2',6'-Dihydroxy-4'-methoxydihydrochalcone"", ""Methyl taboganate; Methyl 4-hydroxy-3-(3'-methyl-1'-oxo-2'-butenyl)benzoate"", ""4-Hydroxy-3-(3',7'-dimethylocta-2'-E-6'-dienyl)benzoic acid"", 'Methyl 2,2-dimethyl-1-oxo-2H-1-benzopyran-6-carboxylate', 'Piperaduncine B', ""Hostmaniene; 4-Hydroxy-3-(2',3'-dihydroxy-3'-methylbutyl)benzoate"", ""4-Hydroxy-(3',7'-dimethyl-1'-oxo-octa-2'-Z-6'-dienyl)benzoic acid"", ""Aduncumene; Methyl 2-methoxy-5-(3'-methyl-1'-oxo-2'-butenyl)benzoate"", ""Methyl 4-hydroxy-3-(3'-methyl-2'-hydroxy-3'-butenyl)benzoate"", 'Isopimpinellin', 'astilbin; Rel-(2R, 3R)-dihydroquercetin-3-O-±-L-rhamnoside', 'Citrusinine-I', 'Pyranofoline', '1,3,5-trihydroxy- 2,8-bis(3-methylbut-2-enyl)-10-methyl-9-acridone', 'Glycocitrine-I', '1,3,5-trihydroxy-4-methoxy-10-methyl- 2,8-bis(3-methylbut-2-enyl)acridin-9(10H)-one', 'Citrusinine-II', '5-hydroxynoracronycine; Atalaphyllidine', 'Glycocitrine-IV', '3,4-dihydro-3,5,8-trihydroxy-6-methoxy-2,2,7-trimethyl-2Hpyrano[ 2,3-a]acridin-12(7H)-one', 'Cusculine; 1,2,3,5,6-pentamethoxy-9-acridone', 'Cuspanine; 1-hydroxy-2,3,5,6-tetramethoxy-9-acridone', 'Methacrylic acid', '2α,3α-Dihydroxy-urs-12-en-28-oic acid', 'Oleanolic acid 3-sophoroside', '3-O-β-D-(6’-methyl)-glucopyranosyl-28-O-β-D-glucopyranosyl-oleanate', 'Haplotusine', 'β-Sitosterol benzoate', '5-hydroxyflavone', '2-phenyl-4H-chromen-4-one', 'Sinapyl 4-O-β-D-glucopyranoside aldehyde', 'Sinapyl 4-O-β-D-glucopyranoside alcohol', 'Liriodenine', 'N-acetylnonaine', '[10]-gingerol', ""2,4-Dihydroxy-6-[(1'E,3'E)-penta-1', 3'-dienyl]-benzaldehyde"", '2-methyl-5-[8(Z)-pentadecenyl]resorcinol', 'Nitensidine A', '2-hydroxyphenylacetic acid', '3-O-β-D-quinovopyranosyl quinovic acid', 'Kaempferol', '(4R)-4,8-dihydroxy-α-tetralone', 'Chlorogenic acid', 'Chalepin', ""8-hydroxy-3,5,7,3',4',5'-hexamethoxyflavonol"", 'Odoratol', 'Kokusaginine', ""2-(2'-O-trans-caffeoyl)-C-β-D-glucopyranosyl-1,3,6,7-tetrahydroxyxanthone"", 'Netzahualcoyene', 'Casearin X Dialdehyde; (2R*,4aS*,5S*,7R*,8R*,8aS*)-4,4a-Diformyl-1,2,4a,5,6,7,8,8a-octahydro-5-hydroxy-7,8-dimethyl-8-[(2Z)-3-methylpenta-2,4-dien-1-yl]naphthalen-2-yl Butanoate', '5-hydroxy-N-methylseverifoline', '19,20-Epoxycytochalasin N', 'ellagic acid 4-O-α-L-rhamnopyranoside; eschweilenol C', 'Mayoside C', 'Ourateacatechin', ""3',4',5',5,7-pentamethoxyflavone"", '2-methyl-5-pentadecylresorcinol', '3β-hydroxy-stigmast-5-en-7-one; 24-β-7-oxositosterol', 'scillascillin', 'Viburgenin', ""Pterogynoside; Kaempferol-3-O-(3''-O-4'''-methylgallate-α-L-rhamnoside)"", 'Isobutyl gallate', '7′-multijuguinone', 'Griseofulvin', ""7-Hydroxy-4',6-dimethoxyisoflavone; Afrormosin; Afromosin"", '8-methoxymellein', 'Canavaline', 'Di-hydrodehydrodiconiferyl alcohol', 'Quercetin', ""2-(2'-O-trans-cinnamoyl)-C-β-D-glucopyranosyl-1,3,6,7-tetrahydroxyxanthone"", 'Ocotillone', 'des-N-methylnoracronycine', 'Sorbifolin 6-O-β-glucopyranoside', 'Rel-2α-hydroxyzuelanin-6β-benzoate', '2,6-di-O-acetylcasearupestrin D', ""Methyl-2,2-dimethyl-8-(3'-methylbut-2'-enyl)chroman-6-carboxylate"", '2,7-Di-O-acetylcasearupestrin A', 'Nitensidine B', '1-methyl-2-n-nonyl-4-quinolone', '5-[8(Z),11(Z),14-pentadecatrienyl]resorcinol', 'Fagaramide', 'Leptomerine', '2-n-nonyl-4-quinolone', 'Cytochalasin D', 'Isoorientin', 'Maculosidine', 'Podocarpusflavone A', 'Casearupestrin C', '6α-malonyloxy-n-butyl ester manoyl oxide', 'citrusinine-I', 'Ricinine', 'Leptophyllin A', '5-pentadecylresorcinol', 'urauchimycin B', 'Homoegonol', '[8]-gingerol', '4-Hydroxymellein', '5-hydroxymellein', '1,6-di-O-caffeoyl-β-D-glucopyranoside', '2-methyl-5-[8(Z),11(Z),14-pentadecatrienyl]resorcinol', 'Netzahualcoyondiol', 'Pristimerin; 20α-3-hydroxy-2-oxo-24-nor-friedela-1-10,3,5,7-tetraen-carboxylic acid-29-methylester', 'fraxinellonone', 'Dibenzyl sulphide', '(-) Cis-4-hydroxy-6-deoxyscytalone', 'Plumericin', '5-[8(Z),11(Z)-pentadecadienyl]resorcinol', '(-)-Spectalinine', '19,20-Epoxycytochalasin D', 'fumiquinozoline F', 'Kaempferol 3-O-α-L-rhamnopyranosyl (1→6)-O-[β -D-glucopyranosyl (1→3)-O-α-L-rhamnopyranosyl-(1→2)]-O-β -D-glucopyranosyl', '3β-O-[α-L-rhamnopyranosyl-(1→2)-O-β-D-glucopyranosyl-(1→2)-O-β-D-glucopyranosyl]-28-O-β-D-glucopyranoside pomolate', 'Dibenzyl tetrasulphide', ""2',5-dihydroxy-3-methoxy-8-dimethylallyl-6, 7-(2' ',2''-dimethylpyrano)-dihydroflavonol"", 'Maytenin, Tingenone', 'Gallic acid; 3,4,5-trihydroxybenzoic acid', 'Quercitrin, 3-O-α-rhamnosylquercetin', 'Caseobliquin A', 'Methyl angolensate', ""5-(3'' -Hydroxypropyl)-7-methoxy-2-(3',4' -methyl-enedioxyphenyl)benzofuran"", '22β-hydroxypristimerin', '1- (5,7-dihydroxy-2,2-dimethylchroman-6-yl)-3-(2,2-dimethylchroman- 6-yl)propan-1-one', 'Uracil', 'urauchimycin A', 'p-Coumaric acid', '(-)-Epigallocatechin', 'Netzahualcoyonol', '1-[3-(3,7-dimethylocta-2,6-dien-1-yl)-2,4,6- trihydroxyphenyl]-3-(4-hydroxyphenyl)propan-1-one', '6α-malonyloxymanoyl oxide', 'Benzylhydroxymethyl sulphide', 'n-Butyl gallate', ""5-[3''-(β-D-glucopyranosyloxy)propyl]-7-methoxy-2-(3',4'-dimethoxyphenyl)benzofuran"", '3,12-Dihydroxycadalene', '7-hydroxy-3- (11-dimethylallyl)-8-methoxycoumarin', ""N-[7-(3',4'-methylenedioxyphenyl)-2(Z),4(Z)-heptadienoyl]pyrrolidine"", ""Acteoside; [β-3,4-dihydroxyphenyl)-ethyl]-(3'-O-α-L-rhamnopyranosyl)-(4'-O-cafeoyl)-β-D-glycopyranoside, verbascoside"", '20-hydroxyecdysone; polypodine A', '3-Acetyl aleuritolic acid', 'Alkenoic acid', 'Quercetin 3-O-α-L-rhamnopyranosyl (1→6)-O-[β -D-glucopyranosyl (1→3)-O-α-L-rhamnopyranosyl-(1→2)]-O-β -D-glucopyranosyl', 'Heveaflavone', 'Arboreumine', '28-O-β-D-glucopyranosyl quinovic acid', '2-Methyl-4-hydroxy-butyl caffeoate', 'N-1,N-2,N-3-Triisopentenylguanidine', 'Dibenzyl trisulphide', 'Casearupestrin B', 'toonacilin', 'Pedalitin', '1-O-(E)-feruloyl-β-D-glucopyranoside', '19,20-Epoxycytochalasin C', 'n-Pentyl gallate', 'Orcinol', 'Periconicin B', 'Phomopsilactone', ""(2S)-8-Isopentyl-2-methyl-2-(4'-methylpentyl)chroman-6-carboxylic acid"", '2,2-dimethyl-2H-chromene-6-carboxylic acid', '1,2-dihydro- 3β-hydroxy-7-deacetoxy-7-oxogedunin', 'Photogedunin', 'Casearin X; (1R*,3S*,5S*,6aR*,7S*,8S*,10R*,10aR*)-1-(Acetyloxy)-3,5,6,6a,7,8,9,10-octahydro-10-hydroxy-7,8-dimethyl-7-[(2Z)-3-methylpenta-2,4-dien-1-yl]naphtho[1,8a-c]furan-3,5-diyl Dibutanoate', '3,4,5-trimethoxyphenyl 1-O-β-D-apiofuranosyl-(1→6)-O-β-D-glucopyranoside', 'β-photogedunin', 'N-[10-(13,14-methylenedioxyphenyl)-7(E),9(Z)-pentadienoyl]-pyrrolidine', 'Skimmianine', 'p-hydroxybenzoic acid-geranyl ester', 'Dibenzyl disulphide', 'Proanthocyanidin', 'neoisoastilbin', '(R)-7-Hydroxymellein', '6α-acetoxymanoyl oxide', 'Methyl-8-hydroxy-2,2-dimethylchroman-6-carboxylate', 'α-L-xylopyranosyl-(4""→20)-(3-O-β-D-glucopyranosyl)-1\'-O-E-caffeoyl-β-D-glucopyranoside', ""2-(R)-Methyl-6-(S)-(tetradecyl-13'-one)-3(R)-O-tert-butyldimethylsilyl-piperidine"", '(2S)-Methyl-2-methyl-8-(3""-methylbut-2""-enyl)-2-(4\'-methylpent-3\'-enyl)-2H-chromene-6-carboxylate', 'Casearin T', 'Piperyline, N-[10-(13,14-methylenedioxyphenyl)-7(E),9(E)-pentadienoyl]-pyrrolidine', 'ω-fenil alcanoic acid', '3-Oxoursolic acid', 'Kaempferitrin', 'Nitensidine C', 'Dipropyl disulphide', '2-butyl-D-fructofuranoside', ""Gaudichaudianic acid; (2S)-2-methyl-2-(4'methyl-3'-pentenyl)-8-(3''-methyl-2-butenyl)- 2H-1-benzopyran-6-carboxylic acid"", 'limonexic acid', 'Di(benzyltrithio) methane', '3,11,12-Trihydroxycadalene', 'Quercetin 3-O-sophoroside', '(3R,4R)-3,4-Dihydro-4,6-dihydroxy-3-methyl-1-oxo-1H-isochromene-5-carboxylic acid', '24-methylene-3,22-dihydroxycholesterol', 'amorphispironone', 'Casearupestrin D', 'Chaetoglobosin B', ""2-(2'-O-benzoyl)-C-β-D-glucopyranosyl-1,3,6,7-tetrahydroxyxanthone"", 'Isoplumericin', 'atalaphyllinine', 'N-[10- (13,14-methylenedioxyphenyl)-7(E)-pentaenoyl]-pyrrolidine', '2-Methyl-5-methoxy-benzopyran-4-one', '3,4-dihydroxybenzoic acid geranyl ester', '6-[8(Z)-pentadecenyl]salicylic acid', '(2S)-2-methyl-8-(3""-methylbut-2""-enyl)-2-(4\'-methylpent-3\'-enyl)-2H-chromene-6-carboxylic acid', 'Burchellin', '5-[8(Z)-pentadecenyl]resorcinol', 'Luteolin; 2-(3,4-dihydroxyphenyl)-5,7-dihydroxy-4H-chromen-4-one', 'Sinapic acid', '19,20-Epoxycytochalasin Q', '19,20-Epoxycytochalasin R', 'Muraxanthone', '6α-acetoxy-14β,15β-epoxyazadirone', 'epoxy-fraxinellone', '12′-hydroxy-7′-multijuguinone', ""(2S)-Methyl-8-isopentyl-2-methyl-2-(4'-methylpentyl)chroman-6-carboxylate"", 'Casearupestrin A', '2-oxo-piperol B; (7S*, 8R*, 1R*, 3R*)-3,4,5-trimethoxy-3,7-cyclo-8,1-neolig-8-ene-2,4(3H)-dione', 'taxifolin', ""(2'S)-2-(propan-2'-ol)-5-hydroxy-benzopyran-4-one"", 'Rel-(+)-(7S,9R,10S)-3,9,12-trihydroxycalamenene', '2-methyl-5-[8(Z),11(Z)-pentadecadienyl]resorcinol', 'Methyl 6,7,8-trimethoxydihydrocinnamate', '2-Hexyl-3-methyl-butanodioic acid', 'fraxinellone', '6-[ 8(Z),11(Z) -pentadecadienyl] salicylic acid', '3,4,5-Triacetoxybenzoic acid', 'Odoratone', 'Rel-6β-hydroxyzuelanin-2β-benzoate', 'shidasterone', '5-hydroxymethyl- 2-furancarboxaldehyde; 5-hydroxymethyl-2-furfuraldehyde', 'Afzelin, 3-O-α-rhamnosyl kaempferol', 'Egonol', '4-Nerolidilcatechol', ""2-(2'-O-transcoumaroyl)-C-β-D-glucopyranosyl-1,3,6,7-tetrahydroxyxanthone"", 'Syringic acid', '(+)-3-O-feruloylcassine', 'Amentoflavone', '1-(5,7-dihydroxy-2,2-dimethylchroman-6-yl)-3-(1,1,4a-trimethyl-2,3,4,4a,9a-hexahydro-1H-xanthen-7-yl)propan-1-one', 'Gedunin', 'Pedalin, pedalitin 6-O-β -glucopyranoside', 'Caseargrewiin F; (1R*,3S*,5S*,6aR*,7S*,8R*,10R*,10aR*)-1,3-Bis(acetyloxy)-3,5,6,6a,7,8,9,10-octahydro-10-hydroxy-7,8-dimethyl-7-[(2Z)-3-methylpenta-2,4-dien-1-yl]naphtho[1,8a-c]furan-5-yl Butanoate', 'Casearin L; (1R*,3S*,5S*,6aR*,7R*,8R*,9S*,10S*,10aR*)-1,10-Bis(acetyloxy)-3,5,6,6a,7,8,9,10-octahydro-9-hydroxy-5-methoxy-7,8-dimethyl-7-[(2Z)-3-methylpenta-2,4-dien-1-yl]naphtho[1,8a-c]-furan-3-yl Butanoate', 'Platydesmine', 'Leiokinine A', 'Cabraleadiol', 'schaftoside', 'Casearin O; (1R*,3S*,5S*,6aR*,7R*,8R*,9S*,10S*,10aR*)-1,10-Bis(acetyloxy)-5-methoxy-7,8-dimethyl-7-[(2Z)-3-methylpenta-2,4-dien-1-yl]-3,5,6,6a,7,8,9,10-octahydronaphtho[1,8a-c]furan-3,9-diyl Dibutanoate', 'germacrene D', 'Salacin', '6-pentadecylsalicylic acid', 'Methyl-2,2-dimethylchroman-6-carboxylate', ""Myrsinoic acid A, 3-Geranyl-4-hydroxy-5-(3'',3''-dimethylallyl)benzoic acid"", '20α-Hydroxymaytenin; 20-hydroxy-20-epi-tingenone', '(-)-Epigallocatechin-3-O-gallate', 'Casearin D; (1R*,3S*,5S*,6aR*,7R*,8R*,9S*,10S*,10aR*)-1-(Acetyloxy)-3,5,6,6a,7,8,9,10-octahydro-5,10-dihydroxy-7,8-dimethyl-7-[(2Z)-3-methylpenta-2,4-dien-1-yl]naphtho[1,8a-c]furan-3,9-diyl Dibutanoate', 'Casearin S', '11β-acetoxyobacunone', '1-(5,7-dihydroxy-2,2-dimethylchroman- 6-yl)-3-[4-hydroxy-3-(3-methylbut-2-en-1-yl)- phenyl]propan-1-one', '(3R,4R)-4,7-Dihydroxymellein', ""Nitensoside B; Pedalitin 6-O-α-rhamnopyranosyl(1'''→6'')-β-glucopyranoside"", 'Methyl gallate', '3-O-β-D-quinovopyranosyl cincholic acid', 'arjunolic acid', 'stachysterone', 'Ethyl 2,4-dihydroxy-5,6-dimethylbenzoate', 'Amentoflavone 7”,4”’-dimethyl ether', 'Picramnioside F', 'Lauryl gallate', 'Syringaldehyde', '22-hydroxytirucalla-7,24-diene-2,3-dione', 'Trans-3’-methylsulphonylallyl trans-cinnamate', '(3-(2-(4-hydroxyphenyl)-2-oxoethyl)-5,6-dihydropyridin- 2(1H)-one)', 'Mangiferin', 'Methyl (E)-6,7,8-trimethoxycinnamate', '3,4,5-Trimethoxyphenyl-1-O-β-D-(5-O-syringoyl)-apiofuranosyl-(1→6)-β-D-glucopyranoside', '6-[8(Z),11(Z),14-pentadecatrienyl]salicylic acid', 'Sorbifolin', ""Nitensoside A; Sorbifolin 6-O-α-rhamnopyranosyl(1'''→6'')-β-glucopyranoside"", 'polypodine B', 'n-Propyl gallate', ""3',4',5',5,7,8-hexamethoxyflavone"", 'Isopropyl gallate', '6β-hydroxy-7-epigardoside methyl ester', 'Tetrahydropiperyline, N-[10-(13,14-methylenedioxyphenyl)-pentanoyl]-pyrrolidine', 'Piperovatine', '2,4,6-trimethoxybenzoic acid', '1-O-(E)-caffeoyl-β-D-glucopyranoside', 'Piperol B', '(-)-Hardwickiic acid', ""5-[3''-(β-D-glucopyranosyloxy)propyl]-7-methoxy-2-(3',4'-methylenedioxyphenyl)benzofuran"", 'Rel. (+)-(7S,10S) 3,12-dihydroxycalamenene', 'carlinoside', 'Methyl-8-(ethanoyloxy)-2,2-dimethyl-2H-chromene-6-carboxylate', '2β-Hydroxyzuelanin-6β-cinnamate', '(±)-Syringaresinol', 'Cyclo-(L-Pro-L-Val)', 'Acetonide of odoratol', '(−)-Grandisin', '24-methylenecycloartan-3b-ol', 'Ixoside', 'Cognatine']]",doi_name
"['10.1016/0031-9422(73)85048-4', ""7-Hydroxy-4',6-dimethoxyisoflavone; Afrormosin; Afromosin""]","['10.1016/0031-9422(73)85048-4', ['Galioside aglicone', 'Teucrein', '11-O-trans-feruloylteucrein', 'Apodanthoside', 'Galioside', 'γ-eudesmol', 'Hinesol', 'α-eudesmol', 'guaiol', 'Ferulic acid', 'β-Gardiol', 'α-Gardiol', '2,3-dihydro-4,9-dihydroxy-2-(2-hydroxy-propan-2-yl)- 11-methoxy-10-methylfuro[3,2-b]acridin-5(10H)-one', 'bis-5-hydroxyacronycine', 'Citibrasine', ""2'-hydroxy-3,4,4'-trimethoxy-5',6'-(2'',2''-dimethylpyrano)-chalcone"", ""3',4'-methylenedioxy-5,6,7- trimethoxyflavone"", ""3',4'-methylenedioxy-5,5',6,7-tetramethoxyflavone"", ""3',4'-methylenedioxy-5,7-dimethoxyflavone"", 'penduletin 4-O-methyl ether', '3,3-O-dimethylquercetin', '2α,3α,19α- trihydroxyurs-12-en-28-oic acid', '3,7,4-O-trimethylkaempferol', 'p-hydroxybenzoic acid', 'acacetin', '2α,3α-dihydroxyolean-12- en-28-oic acid', '3-O-methylquercetin', 'Chrysoeriol', '21β,25-dimethylmelianodiol', '21α,25-dimethylmelianodiol', '3,21-Di-epi-feroniellide B', 'β-caryophyllene, trans-caryophyllene', 'Mycoleptone A', '9-hydroxyeugenin', 'Mycoleptone B', 'Mycoleptone A tetraacetate', '6-methoxyeugenin', 'Eugenitin', 'Austdiol diacetate', 'Austdiol', ""3,4-dimethyl-2-(4'-hydroxy-3',5'-dimethoxyphenyl)-5-methoxy-tetrahydrofuran"", ""Rel-(7R,8S,7'S,8'S)-4',5'-methylenedioxy-3,4,5,3'-tetramethoxy-7,7'-epoxylignan"", ""Rel-(7R,8S,7'S,8'S)-9-hydroxy-4',5'-methylenedioxy-3,4,5,3'-tetramethoxy-7,7'-epoxylignan"", ""Rel-(7R,8S,7'S,8'S)-4,5,4',5'-dimethylenedioxy-3,3'-dimethoxy-7,7'-epoxylignan"", ""Rel-(7R,8S,7'S,8'S)-4-hydroxy-4',5'-methylenedioxy-3,5,3'-trimethoxy-7,7'-epoxylignan"", ""Rel-(7R,8S,7'S,8'S)-4'-hydroxy-3,4,5,3',5'-pentamethoxy-7,7'-epoxylignan"", '2-n-Pentylquinoline', ""2-(3',4'-methylenedioxyphenylethyl)-Quinoline"", ""2-(1'-pentenyl)-Quinoline"", '2-n-Propylquinoline', 'Aphidicolin', ""6'-Acetyl-β-D-glucopyranosyldiderroside"", 'Diderroside', '7-Methoxydiderroside', 'Secoxyloganin', ""3-(3',7 '-dimethyl-2',6 '-octadienyl)-4-methoxy-benzoic acid"", ""4-Methoxy-3-(3',7'-dimethylocta-2'-E-6'-dienyl)benzoic acid"", 'Methyl-8-hydroxy-2,2-dimethyl-2H-chromene-6-carboxylate', ""3',4',5',3,5,7,8-heptamethoxyflavone"", ""3,5,6,7,3',4',5'-heptamethoxyflavonol"", '5,7-dimethoxy-2,2-dimethyl-2H-1-benzopyran-6-propanoic acid', 'cyclo (L)-Pro-Gly', 'Anhydrofusarubin', 'Beauvericin', '(+)-Erythravine', '(+)-11α-Hydroxyerythravine', '(+)-α-Hydroxyerysotrine', 'Nilocetin', 'Hispidol A', 'Piscidinol A', 'Iso-odoratol', 'Pentaol', '3,11-dioxoolean-12-en-28- onic acid', 'cryptomeridiol', 'Oleanonic acid', 'Pimara-7,15-dien-3β-ol', '(22E,24R)-ergosta-4,6,8(14),22-tetraen-3-one', 'Dimethyl terephthalate', '8-hydroxy-6-methoxy-3-methylisocoumarin', 'Ergosterol peroxide', '(-)-3-O-acetyl-spectaline', 'Glycocitrine-I', 'Citrusinine-I', '3,4-dihydro-3,5,8-trihydroxy-6-methoxy-2,2,7-trimethyl-2Hpyrano[ 2,3-a]acridin-12(7H)-one', 'Glycocitrine-IV', '1,3,5-trihydroxy- 2,8-bis(3-methylbut-2-enyl)-10-methyl-9-acridone', '5-hydroxynoracronycine; Atalaphyllidine', '1,3,5-trihydroxy-4-methoxy-10-methyl- 2,8-bis(3-methylbut-2-enyl)acridin-9(10H)-one', 'Citrusinine-II', 'Pyranofoline', '17-(3,4-Methylenedioxyphenyl)-heptadecanoic acid', '(+)-Guaiacin', '21´-(3,4-Methylenedioxyphenyl)-henicosanoic acid', ""7,4'-Dihydroxyflavone"", 'Sargaquinoic acid', 'Sargachromenol', '19´-(3,4-Methylenedioxyphenyl)-nonadecanoic acid', ""7,4'-Dimethoxyflavone"", 'Farnisine', 'Tithonine', 'Fasciculiferin', ""Juruenolic acid; 2-(4'-Methylpentenyl-3)-10-oxoundecan-2,6-dienoic acid"", 'Nectandrin B', 'Verrucosin', 'Epi-guaiacin', '7-Methyl-sargachromenol; 2,7,8-Trimethyl-2-[(3-E,7-Z)-4,12-dimethyl-8-carboxyl-3,7,11-tridecatrienyl]-3-chromen-6-ol, β-caroteno', '5,7-dimethoxy-2,2-dimethyl-2H-1-benzopyran-6-propanoate', ""4-Hydroxy-3-(3',7'-dimethyl-3'-hydroxy-1'-oxo-6'-octenyl)benzoic acid"", ""Isosakuranetin; 5,7-dihydroxy-4'-methoxyflavanone"", ""Sakuranetin; 5,4'-dihydroxy-7-methoxyflavanone"", ""1,4-Dihydroxy-2-(3',7'-dimethyl-1'-oxo-2'-E-6'-octadienyl)benzene"", ""4-Hydroxy-(3',7'-dimethyl-1'-oxo-octa-2'-E-6'-dienyl)benzoic acid"", 'Chlorogenic acid methyl ester, Methyl (1S,3R,4R,5R)-3-{[(2E)-3-(3,4-dihydroxyphenyl)-2-propenoyl]oxy}-1,4,5-trihydroxycyclohexanecarboxylate', 'Deoxycordifoline', 'Strictosidine acid', 'Cordifoline', '5α-carboxystrictosidine', 'Harman-3-carboxylic acid', '3,4-dehydro-strictosidine', 'Turbinatine', '3,4-dehydrostrictosidine acid', 'Methyl (3R,4R,5R)-3-{[(2Z)-3-(3,4-dihydroxyphenyl)-2-propenoyl]oxy}-1,4,5-trihydroxycyclohexanecarboxylate', 'Methyl (3R,4R,5R)-3-{[(2E)-3-(3,4-dihydroxyphenyl)-2-propenoyl]oxy}-1,4,5-trihydroxycyclohexanecarboxylate', 'Pellitorine', '(3Z,5Z)-N-isobutyl-8-(30,40-methylenedioxy-phenyl)-heptadienamide', '4,5-dihydropiperlonguminine; Piperlonguminine', 'Piperine', ""N-[3-(6'-methoxy-3',4'-methy-lenedioxyphenyl)-2(Z)-propenoyl]pyrrolidine"", '4,5-dihydropiperyline', '10,11-dihydropiperine; Δα,β-dihydropiperine', '(Z)-piplartine; 8(Z)-N-(12,13, 14-trimethoxycinnamoyl)- 3-pyridin-2-one', '(E)-piplartine', '8,9-dihydropiplartine; N-(12,13,14-trimethoxydihydrocinnamoyl)-Δ3-pyridin-2-one', 'Xanthyletin', 'Taraxerol acetate', '4-metoxi-6-[2-(metilamino)fenil]- 2H-piran-2-ona', 'Cusculine; 1,2,3,5,6-pentamethoxy-9-acridone', 'Cuspanine; 1-hydroxy-2,3,5,6-tetramethoxy-9-acridone', 'Nitensidine E', 'Nitensidine D', ""Methyl taboganate; Methyl 4-hydroxy-3-(3'-methyl-1'-oxo-2'-butenyl)benzoate"", ""4-Hydroxy-3-(3',7'-dimethylocta-2'-E-6'-dienyl)benzoic acid"", ""Methyl 4-hydroxy-3-(3'-methyl-2'-butenyl)benzoate"", ""Hostmaniene; 4-Hydroxy-3-(2',3'-dihydroxy-3'-methylbutyl)benzoate"", 'Methyl 2,2-dimethyl-1-oxo-2H-1-benzopyran-6-carboxylate', ""2',6'-Dihydroxy-4'-methoxydihydrochalcone"", '3,4,5-Trimethoxydihydrocinnamic acid', 'Piperaduncine B', ""Aduncumene; Methyl 2-methoxy-5-(3'-methyl-1'-oxo-2'-butenyl)benzoate"", ""4-Hydroxy-(3',7'-dimethyl-1'-oxo-octa-2'-Z-6'-dienyl)benzoic acid"", ""Methyl 4-hydroxy-3-(3'-methyl-2'-hydroxy-3'-butenyl)benzoate"", 'Isopimpinellin', 'Stearic acid 4-pentoyloxyphenethyl ester', 'Kaempferol-3-O-α-L-rhamnopyranosyl-(1→6)-β-D-galactopyranoside', 'Catechin, Ent-catechin', 'Kaempferol-3-O-rutinoside', 'Kaempferol-3-O-D-glucopyranoside', 'Quercetin-3-O-α-L-rhamnopyranosyl-(1→6)-β-D-galactopyranoside', 'Kaempferol-3-O-D-galactopyranoside', 'Procyanidin B-3', '6-Hydroxy-rutin', 'Kaempferol-3-O-α-L-rhamnopyranosyl-(1-6)-α-L-rhamnopyranosyl-(1-4)-β-D-glucopyranoside', 'Clusifoliol', ""Isoswertisin-4'-methyl-ether-2''α-L-rhamnoside"", '2-Episesalatin', ""Isoswertisin-2''α1-L-rhamnoside"", 'Sesartemin', 'astilbin; Rel-(2R, 3R)-dihydroquercetin-3-O-±-L-rhamnoside', 'Tagitinin C', '1-methoxy-3-hydroxy-3,10b-4,5a-diepoxy-8b-isobutyroyloxygermacr-11(13)-en-6a,12-olide', 'Methacrylic acid', '2α,3α-Dihydroxy-urs-12-en-28-oic acid', '3-O-β-D-(6’-methyl)-glucopyranosyl-28-O-β-D-glucopyranosyl-oleanate', 'Oleanolic acid 3-sophoroside', 'β-Sitosterol benzoate', 'Haplotusine', '5-hydroxyflavone', '2-phenyl-4H-chromen-4-one', 'Sinapyl 4-O-β-D-glucopyranoside aldehyde', 'N-acetylnonaine', 'Sinapyl 4-O-β-D-glucopyranoside alcohol', 'Liriodenine', '2-hydroxyphenylacetic acid', '[10]-gingerol', ""2,4-Dihydroxy-6-[(1'E,3'E)-penta-1', 3'-dienyl]-benzaldehyde"", '2-methyl-5-[8(Z)-pentadecenyl]resorcinol', 'Odoratol', ""8-hydroxy-3,5,7,3',4',5'-hexamethoxyflavonol"", 'Nitensidine A', 'Casearin X Dialdehyde; (2R*,4aS*,5S*,7R*,8R*,8aS*)-4,4a-Diformyl-1,2,4a,5,6,7,8,8a-octahydro-5-hydroxy-7,8-dimethyl-8-[(2Z)-3-methylpenta-2,4-dien-1-yl]naphthalen-2-yl Butanoate', 'Netzahualcoyene', ""2-(2'-O-trans-caffeoyl)-C-β-D-glucopyranosyl-1,3,6,7-tetrahydroxyxanthone"", '6α-acetoxy-14β,15β-epoxyazadirone', 'Methyl-8-hydroxy-2,2-dimethylchroman-6-carboxylate', '6α-acetoxymanoyl oxide', '(R)-7-Hydroxymellein', 'neoisoastilbin', 'Proanthocyanidin', 'Fagaramide', 'Cognatine', 'Ourateacatechin', 'Mayoside C', 'ellagic acid 4-O-α-L-rhamnopyranoside; eschweilenol C', '19,20-Epoxycytochalasin N', '5-hydroxy-N-methylseverifoline', 'Leptomerine', '7′-multijuguinone', 'Isobutyl gallate', ""Pterogynoside; Kaempferol-3-O-(3''-O-4'''-methylgallate-α-L-rhamnoside)"", 'Viburgenin', 'Salacin', '3,12-Dihydroxycadalene', ""5-[3''-(β-D-glucopyranosyloxy)propyl]-7-methoxy-2-(3',4'-dimethoxyphenyl)benzofuran"", 'n-Butyl gallate', 'Rel-2α-hydroxyzuelanin-6β-benzoate', 'Sorbifolin 6-O-β-glucopyranoside', 'des-N-methylnoracronycine', 'Ocotillone', 'Kokusaginine', ""2-(2'-O-trans-cinnamoyl)-C-β-D-glucopyranosyl-1,3,6,7-tetrahydroxyxanthone"", 'Quercetin', 'Di-hydrodehydrodiconiferyl alcohol', 'Canavaline', '1- (5,7-dihydroxy-2,2-dimethylchroman-6-yl)-3-(2,2-dimethylchroman- 6-yl)propan-1-one', '5-pentadecylresorcinol', ""3',4',5',5,7-pentamethoxyflavone"", '3-O-β-D-quinovopyranosyl quinovic acid', 'Kaempferol', 'Chlorogenic acid', 'Chalepin', 'citrusinine-I', '6α-malonyloxy-n-butyl ester manoyl oxide', 'Casearupestrin C', 'Podocarpusflavone A', 'Maculosidine', 'Gallic acid; 3,4,5-trihydroxybenzoic acid', '5-[8(Z),11(Z),14-pentadecatrienyl]resorcinol', '1-methyl-2-n-nonyl-4-quinolone', 'fumiquinozoline F', '19,20-Epoxycytochalasin D', '6-[ 8(Z),11(Z) -pentadecadienyl] salicylic acid', 'fraxinellone', 'Nitensidine B', '2,7-Di-O-acetylcasearupestrin A', ""Methyl-2,2-dimethyl-8-(3'-methylbut-2'-enyl)chroman-6-carboxylate"", '2,6-di-O-acetylcasearupestrin D', '2-Hexyl-3-methyl-butanodioic acid', 'Methyl 6,7,8-trimethoxydihydrocinnamate', '2-methyl-5-[8(Z),11(Z)-pentadecadienyl]resorcinol', 'Dipropyl disulphide', 'Nitensidine C', 'Kaempferitrin', '12′-hydroxy-7′-multijuguinone', 'epoxy-fraxinellone', '1-[3-(3,7-dimethylocta-2,6-dien-1-yl)-2,4,6- trihydroxyphenyl]-3-(4-hydroxyphenyl)propan-1-one', 'Netzahualcoyonol', '(-)-Epigallocatechin', 'p-Coumaric acid', 'urauchimycin A', 'Isoorientin', 'Leptophyllin A', 'Ricinine', ""3',4',5',5,7,8-hexamethoxyflavone"", 'n-Propyl gallate', 'polypodine B', 'Cytochalasin D', '2-n-nonyl-4-quinolone', ""2',5-dihydroxy-3-methoxy-8-dimethylallyl-6, 7-(2' ',2''-dimethylpyrano)-dihydroflavonol"", 'Dibenzyl tetrasulphide', '3β-O-[α-L-rhamnopyranosyl-(1→2)-O-β-D-glucopyranosyl-(1→2)-O-β-D-glucopyranosyl]-28-O-β-D-glucopyranoside pomolate', 'Kaempferol 3-O-α-L-rhamnopyranosyl (1→6)-O-[β -D-glucopyranosyl (1→3)-O-α-L-rhamnopyranosyl-(1→2)]-O-β -D-glucopyranosyl', 'Maytenin, Tingenone', 'Dibenzyl trisulphide', 'N-1,N-2,N-3-Triisopentenylguanidine', '2-Methyl-4-hydroxy-butyl caffeoate', '28-O-β-D-glucopyranosyl quinovic acid', ""5-[3''-(β-D-glucopyranosyloxy)propyl]-7-methoxy-2-(3',4'-methylenedioxyphenyl)benzofuran"", '(-)-Hardwickiic acid', '1,6-di-O-caffeoyl-β-D-glucopyranoside', 'Benzylhydroxymethyl sulphide', '6α-malonyloxymanoyl oxide', 'Casearin X; (1R*,3S*,5S*,6aR*,7S*,8S*,10R*,10aR*)-1-(Acetyloxy)-3,5,6,6a,7,8,9,10-octahydro-10-hydroxy-7,8-dimethyl-7-[(2Z)-3-methylpenta-2,4-dien-1-yl]naphtho[1,8a-c]furan-3,5-diyl Dibutanoate', 'urauchimycin B', '22β-hydroxypristimerin', ""5-(3'' -Hydroxypropyl)-7-methoxy-2-(3',4' -methyl-enedioxyphenyl)benzofuran"", 'Methyl angolensate', 'Caseobliquin A', 'Quercitrin, 3-O-α-rhamnosylquercetin', '1-O-(E)-caffeoyl-β-D-glucopyranoside', '2,4,6-trimethoxybenzoic acid', 'Piperovatine', 'Tetrahydropiperyline, N-[10-(13,14-methylenedioxyphenyl)-pentanoyl]-pyrrolidine', '6β-hydroxy-7-epigardoside methyl ester', 'Isopropyl gallate', '1-O-(E)-feruloyl-β-D-glucopyranoside', 'Uracil', 'toonacilin', 'Casearupestrin B', '2-oxo-piperol B; (7S*, 8R*, 1R*, 3R*)-3,4,5-trimethoxy-3,7-cyclo-8,1-neolig-8-ene-2,4(3H)-dione', 'Casearupestrin A', 'Piperol B', 'Netzahualcoyondiol', '3-Oxoursolic acid', 'Arboreumine', 'Heveaflavone', 'Quercetin 3-O-α-L-rhamnopyranosyl (1→6)-O-[β -D-glucopyranosyl (1→3)-O-α-L-rhamnopyranosyl-(1→2)]-O-β -D-glucopyranosyl', 'Alkenoic acid', '3-Acetyl aleuritolic acid', '20-hydroxyecdysone; polypodine A', '2-methyl-5-[8(Z),11(Z),14-pentadecatrienyl]resorcinol', '(2S)-Methyl-2-methyl-8-(3""-methylbut-2""-enyl)-2-(4\'-methylpent-3\'-enyl)-2H-chromene-6-carboxylate', ""2-(R)-Methyl-6-(S)-(tetradecyl-13'-one)-3(R)-O-tert-butyldimethylsilyl-piperidine"", '(3R,4R)-3,4-Dihydro-4,6-dihydroxy-3-methyl-1-oxo-1H-isochromene-5-carboxylic acid', 'Quercetin 3-O-sophoroside', '3,11,12-Trihydroxycadalene', 'Di(benzyltrithio) methane', 'Amentoflavone', 'Photogedunin', '1,2-dihydro- 3β-hydroxy-7-deacetoxy-7-oxogedunin', '2,2-dimethyl-2H-chromene-6-carboxylic acid', ""(2S)-8-Isopentyl-2-methyl-2-(4'-methylpentyl)chroman-6-carboxylic acid"", 'Phomopsilactone', 'Periconicin B', 'Orcinol', 'n-Pentyl gallate', '19,20-Epoxycytochalasin C', ""(2'S)-2-(propan-2'-ol)-5-hydroxy-benzopyran-4-one"", 'taxifolin', 'Sinapic acid', 'Luteolin; 2-(3,4-dihydroxyphenyl)-5,7-dihydroxy-4H-chromen-4-one', '5-[8(Z)-pentadecenyl]resorcinol', 'Burchellin', '(2S)-2-methyl-8-(3""-methylbut-2""-enyl)-2-(4\'-methylpent-3\'-enyl)-2H-chromene-6-carboxylic acid', '6-[8(Z)-pentadecenyl]salicylic acid', 'α-L-xylopyranosyl-(4""→20)-(3-O-β-D-glucopyranosyl)-1\'-O-E-caffeoyl-β-D-glucopyranoside', 'Pedalitin', 'limonexic acid', ""Gaudichaudianic acid; (2S)-2-methyl-2-(4'methyl-3'-pentenyl)-8-(3''-methyl-2-butenyl)- 2H-1-benzopyran-6-carboxylic acid"", '2-butyl-D-fructofuranoside', 'ω-fenil alcanoic acid', 'Piperyline, N-[10-(13,14-methylenedioxyphenyl)-7(E),9(E)-pentadienoyl]-pyrrolidine', 'Casearin T', 'N-[10-(13,14-methylenedioxyphenyl)-7(E),9(Z)-pentadienoyl]-pyrrolidine', '3,4-dihydroxybenzoic acid geranyl ester', '2-Methyl-5-methoxy-benzopyran-4-one', 'N-[10- (13,14-methylenedioxyphenyl)-7(E)-pentaenoyl]-pyrrolidine', 'atalaphyllinine', '5-hydroxymethyl- 2-furancarboxaldehyde; 5-hydroxymethyl-2-furfuraldehyde', 'shidasterone', 'Rel-6β-hydroxyzuelanin-2β-benzoate', 'Odoratone', 'Muraxanthone', ""Nitensoside B; Pedalitin 6-O-α-rhamnopyranosyl(1'''→6'')-β-glucopyranoside"", '(3R,4R)-4,7-Dihydroxymellein', '1-(5,7-dihydroxy-2,2-dimethylchroman- 6-yl)-3-[4-hydroxy-3-(3-methylbut-2-en-1-yl)- phenyl]propan-1-one', '11β-acetoxyobacunone', 'Casearin S', 'Rel-(+)-(7S,9R,10S)-3,9,12-trihydroxycalamenene', 'Plumericin', '(-) Cis-4-hydroxy-6-deoxyscytalone', 'Dibenzyl sulphide', 'fraxinellonone', '5-hydroxymellein', '4-Hydroxymellein', '[8]-gingerol', 'Homoegonol', ""Acteoside; [β-3,4-dihydroxyphenyl)-ethyl]-(3'-O-α-L-rhamnopyranosyl)-(4'-O-cafeoyl)-β-D-glycopyranoside, verbascoside"", ""N-[7-(3',4'-methylenedioxyphenyl)-2(Z),4(Z)-heptadienoyl]pyrrolidine"", 'Isoplumericin', ""2-(2'-O-benzoyl)-C-β-D-glucopyranosyl-1,3,6,7-tetrahydroxyxanthone"", 'Chaetoglobosin B', 'Casearupestrin D', 'amorphispironone', '24-methylene-3,22-dihydroxycholesterol', 'Pedalin, pedalitin 6-O-β -glucopyranoside', 'Gedunin', 'germacrene D', 'Casearin O; (1R*,3S*,5S*,6aR*,7R*,8R*,9S*,10S*,10aR*)-1,10-Bis(acetyloxy)-5-methoxy-7,8-dimethyl-7-[(2Z)-3-methylpenta-2,4-dien-1-yl]-3,5,6,6a,7,8,9,10-octahydronaphtho[1,8a-c]furan-3,9-diyl Dibutanoate', ""Nitensoside A; Sorbifolin 6-O-α-rhamnopyranosyl(1'''→6'')-β-glucopyranoside"", 'Sorbifolin', '6-[8(Z),11(Z),14-pentadecatrienyl]salicylic acid', '3,4,5-Trimethoxyphenyl-1-O-β-D-(5-O-syringoyl)-apiofuranosyl-(1→6)-β-D-glucopyranoside', 'Methyl (E)-6,7,8-trimethoxycinnamate', '1-(5,7-dihydroxy-2,2-dimethylchroman-6-yl)-3-(1,1,4a-trimethyl-2,3,4,4a,9a-hexahydro-1H-xanthen-7-yl)propan-1-one', '4-Nerolidilcatechol', 'Egonol', '19,20-Epoxycytochalasin R', '19,20-Epoxycytochalasin Q', '(-)-Spectalinine', '5-[8(Z),11(Z)-pentadecadienyl]resorcinol', 'Ethyl 2,4-dihydroxy-5,6-dimethylbenzoate', 'Afzelin, 3-O-α-rhamnosyl kaempferol', '3-O-β-D-quinovopyranosyl cincholic acid', 'Methyl gallate', '3,4,5-Triacetoxybenzoic acid', ""(2S)-Methyl-8-isopentyl-2-methyl-2-(4'-methylpentyl)chroman-6-carboxylate"", 'schaftoside', 'Cabraleadiol', 'Leiokinine A', 'Platydesmine', 'Casearin L; (1R*,3S*,5S*,6aR*,7R*,8R*,9S*,10S*,10aR*)-1,10-Bis(acetyloxy)-3,5,6,6a,7,8,9,10-octahydro-9-hydroxy-5-methoxy-7,8-dimethyl-7-[(2Z)-3-methylpenta-2,4-dien-1-yl]naphtho[1,8a-c]-furan-3-yl Butanoate', 'Caseargrewiin F; (1R*,3S*,5S*,6aR*,7S*,8R*,10R*,10aR*)-1,3-Bis(acetyloxy)-3,5,6,6a,7,8,9,10-octahydro-10-hydroxy-7,8-dimethyl-7-[(2Z)-3-methylpenta-2,4-dien-1-yl]naphtho[1,8a-c]furan-5-yl Butanoate', 'Rel. (+)-(7S,10S) 3,12-dihydroxycalamenene', 'Casearin D; (1R*,3S*,5S*,6aR*,7R*,8R*,9S*,10S*,10aR*)-1-(Acetyloxy)-3,5,6,6a,7,8,9,10-octahydro-5,10-dihydroxy-7,8-dimethyl-7-[(2Z)-3-methylpenta-2,4-dien-1-yl]naphtho[1,8a-c]furan-3,9-diyl Dibutanoate', '(-)-Epigallocatechin-3-O-gallate', '7-hydroxy-3- (11-dimethylallyl)-8-methoxycoumarin', 'Griseofulvin', '20α-Hydroxymaytenin; 20-hydroxy-20-epi-tingenone', ""Myrsinoic acid A, 3-Geranyl-4-hydroxy-5-(3'',3''-dimethylallyl)benzoic acid"", 'Methyl-2,2-dimethylchroman-6-carboxylate', '6-pentadecylsalicylic acid', '(+)-3-O-feruloylcassine', 'Syringic acid', ""2-(2'-O-transcoumaroyl)-C-β-D-glucopyranosyl-1,3,6,7-tetrahydroxyxanthone"", 'Mangiferin', '(3-(2-(4-hydroxyphenyl)-2-oxoethyl)-5,6-dihydropyridin- 2(1H)-one)', 'Trans-3’-methylsulphonylallyl trans-cinnamate', '22-hydroxytirucalla-7,24-diene-2,3-dione', 'Syringaldehyde', 'Lauryl gallate', 'Picramnioside F', 'Amentoflavone 7”,4”’-dimethyl ether', 'Dibenzyl disulphide', 'p-hydroxybenzoic acid-geranyl ester', 'Skimmianine', 'stachysterone', 'arjunolic acid', 'Methyl-8-(ethanoyloxy)-2,2-dimethyl-2H-chromene-6-carboxylate', 'carlinoside', '2β-Hydroxyzuelanin-6β-cinnamate', 'Ixoside', '24-methylenecycloartan-3b-ol', '(−)-Grandisin', 'Acetonide of odoratol', 'Cyclo-(L-Pro-L-Val)', '(±)-Syringaresinol', '8-methoxymellein', ""7-Hydroxy-4',6-dimethoxyisoflavone; Afrormosin; Afromosin"", 'β-photogedunin', '3,4,5-trimethoxyphenyl 1-O-β-D-apiofuranosyl-(1→6)-O-β-D-glucopyranoside', 'Pristimerin; 20α-3-hydroxy-2-oxo-24-nor-friedela-1-10,3,5,7-tetraen-carboxylic acid-29-methylester', '(4R)-4,8-dihydroxy-α-tetralone', 'scillascillin', '3β-hydroxy-stigmast-5-en-7-one; 24-β-7-oxositosterol', '2-methyl-5-pentadecylresorcinol']]",doi_name
"['10.1590/S0100-40422010000900005', 'Alkenoic acid']","['10.1590/S0100-40422010000900005', ['2α,3α-Dihydroxy-urs-12-en-28-oic acid', 'Haplotusine', '5-hydroxyflavone', 'β-Sitosterol benzoate', '2-phenyl-4H-chromen-4-one', '3-O-β-D-(6’-methyl)-glucopyranosyl-28-O-β-D-glucopyranosyl-oleanate', 'Oleanolic acid 3-sophoroside', 'Sinapyl 4-O-β-D-glucopyranoside aldehyde', 'N-acetylnonaine', 'Sinapyl 4-O-β-D-glucopyranoside alcohol', 'Liriodenine', 'Hinesol', 'γ-eudesmol', 'guaiol', 'α-eudesmol', '11-O-trans-feruloylteucrein', 'Galioside aglicone', 'Teucrein', 'Galioside', 'Apodanthoside', 'Beauvericin', 'Anhydrofusarubin', ""3,5,6,7,3',4',5'-heptamethoxyflavonol"", ""3',4',5',3,5,7,8-heptamethoxyflavone"", '5,7-dimethoxy-2,2-dimethyl-2H-1-benzopyran-6-propanoic acid', '8-hydroxy-6-methoxy-3-methylisocoumarin', 'Ergosterol peroxide', '(22E,24R)-ergosta-4,6,8(14),22-tetraen-3-one', 'Dimethyl terephthalate', 'Pimara-7,15-dien-3β-ol', ""3,4-dimethyl-2-(4'-hydroxy-3',5'-dimethoxyphenyl)-5-methoxy-tetrahydrofuran"", '5,7-dimethoxy-2,2-dimethyl-2H-1-benzopyran-6-propanoate', 'Clusifoliol', ""Isoswertisin-4'-methyl-ether-2''α-L-rhamnoside"", ""Isoswertisin-2''α1-L-rhamnoside"", '2-Episesalatin', 'Sesartemin', '4-metoxi-6-[2-(metilamino)fenil]- 2H-piran-2-ona', 'Chlorogenic acid methyl ester, Methyl (1S,3R,4R,5R)-3-{[(2E)-3-(3,4-dihydroxyphenyl)-2-propenoyl]oxy}-1,4,5-trihydroxycyclohexanecarboxylate', 'Methyl (3R,4R,5R)-3-{[(2E)-3-(3,4-dihydroxyphenyl)-2-propenoyl]oxy}-1,4,5-trihydroxycyclohexanecarboxylate', 'Methyl (3R,4R,5R)-3-{[(2Z)-3-(3,4-dihydroxyphenyl)-2-propenoyl]oxy}-1,4,5-trihydroxycyclohexanecarboxylate', 'Kaempferol-3-O-α-L-rhamnopyranosyl-(1→6)-β-D-galactopyranoside', 'Kaempferol-3-O-rutinoside', 'Catechin, Ent-catechin', 'Kaempferol-3-O-D-glucopyranoside', 'Quercetin-3-O-α-L-rhamnopyranosyl-(1→6)-β-D-galactopyranoside', 'Kaempferol-3-O-D-galactopyranoside', 'Procyanidin B-3', 'Kaempferol-3-O-α-L-rhamnopyranosyl-(1-6)-α-L-rhamnopyranosyl-(1-4)-β-D-glucopyranoside', '6-Hydroxy-rutin', ""4-Hydroxy-(3',7'-dimethyl-1'-oxo-octa-2'-E-6'-dienyl)benzoic acid"", ""Sakuranetin; 5,4'-dihydroxy-7-methoxyflavanone"", ""Isosakuranetin; 5,7-dihydroxy-4'-methoxyflavanone"", ""1,4-Dihydroxy-2-(3',7'-dimethyl-1'-oxo-2'-E-6'-octadienyl)benzene"", ""4-Hydroxy-3-(3',7'-dimethyl-3'-hydroxy-1'-oxo-6'-octenyl)benzoic acid"", 'penduletin 4-O-methyl ether', '2α,3α,19α- trihydroxyurs-12-en-28-oic acid', '3,3-O-dimethylquercetin', 'acacetin', '3,7,4-O-trimethylkaempferol', '2α,3α-dihydroxyolean-12- en-28-oic acid', 'p-hydroxybenzoic acid', '3-O-methylquercetin', 'Chrysoeriol', 'Methacrylic acid', '(+)-11α-Hydroxyerythravine', '(+)-Erythravine', '(+)-α-Hydroxyerysotrine', 'Taraxerol acetate', 'Aphidicolin', 'astilbin; Rel-(2R, 3R)-dihydroquercetin-3-O-±-L-rhamnoside', '(+)-Guaiacin', 'Farnisine', ""7,4'-Dimethoxyflavone"", '21´-(3,4-Methylenedioxyphenyl)-henicosanoic acid', '19´-(3,4-Methylenedioxyphenyl)-nonadecanoic acid', ""7,4'-Dihydroxyflavone"", 'Sargaquinoic acid', 'Sargachromenol', ""Juruenolic acid; 2-(4'-Methylpentenyl-3)-10-oxoundecan-2,6-dienoic acid"", 'Fasciculiferin', 'Tithonine', '17-(3,4-Methylenedioxyphenyl)-heptadecanoic acid', 'Stearic acid 4-pentoyloxyphenethyl ester', '7-Methoxydiderroside', 'Secoxyloganin', ""6'-Acetyl-β-D-glucopyranosyldiderroside"", 'Diderroside', 'Oleanonic acid', 'Iso-odoratol', 'Nilocetin', '3,11-dioxoolean-12-en-28- onic acid', 'cryptomeridiol', 'Pentaol', 'Piscidinol A', 'Hispidol A', ""2',6'-Dihydroxy-4'-methoxydihydrochalcone"", ""Methyl taboganate; Methyl 4-hydroxy-3-(3'-methyl-1'-oxo-2'-butenyl)benzoate"", 'Methyl 2,2-dimethyl-1-oxo-2H-1-benzopyran-6-carboxylate', 'Piperaduncine B', '3,4,5-Trimethoxydihydrocinnamic acid', ""Methyl 4-hydroxy-3-(3'-methyl-2'-butenyl)benzoate"", ""4-Hydroxy-3-(3',7'-dimethylocta-2'-E-6'-dienyl)benzoic acid"", ""Hostmaniene; 4-Hydroxy-3-(2',3'-dihydroxy-3'-methylbutyl)benzoate"", ""4-Hydroxy-(3',7'-dimethyl-1'-oxo-octa-2'-Z-6'-dienyl)benzoic acid"", ""Methyl 4-hydroxy-3-(3'-methyl-2'-hydroxy-3'-butenyl)benzoate"", ""Aduncumene; Methyl 2-methoxy-5-(3'-methyl-1'-oxo-2'-butenyl)benzoate"", 'Strictosidine acid', '3,4-dehydrostrictosidine acid', '3,4-dehydro-strictosidine', 'Cordifoline', '5α-carboxystrictosidine', 'Turbinatine', 'Harman-3-carboxylic acid', 'Deoxycordifoline', '(-)-3-O-acetyl-spectaline', 'Nitensidine D', 'Nitensidine E', 'cyclo (L)-Pro-Gly', '9-hydroxyeugenin', 'Mycoleptone A', 'Mycoleptone B', 'Mycoleptone A tetraacetate', 'Eugenitin', '6-methoxyeugenin', 'Austdiol', 'Austdiol diacetate', 'Isopimpinellin', 'Ferulic acid', 'β-Gardiol', 'α-Gardiol', ""Rel-(7R,8S,7'S,8'S)-9-hydroxy-4',5'-methylenedioxy-3,4,5,3'-tetramethoxy-7,7'-epoxylignan"", ""Rel-(7R,8S,7'S,8'S)-4-hydroxy-4',5'-methylenedioxy-3,5,3'-trimethoxy-7,7'-epoxylignan"", ""Rel-(7R,8S,7'S,8'S)-4'-hydroxy-3,4,5,3',5'-pentamethoxy-7,7'-epoxylignan"", ""Rel-(7R,8S,7'S,8'S)-4,5,4',5'-dimethylenedioxy-3,3'-dimethoxy-7,7'-epoxylignan"", ""Rel-(7R,8S,7'S,8'S)-4',5'-methylenedioxy-3,4,5,3'-tetramethoxy-7,7'-epoxylignan"", ""2-(1'-pentenyl)-Quinoline"", '2-n-Propylquinoline', ""2-(3',4'-methylenedioxyphenylethyl)-Quinoline"", '2-n-Pentylquinoline', '(3Z,5Z)-N-isobutyl-8-(30,40-methylenedioxy-phenyl)-heptadienamide', 'Pellitorine', '8,9-dihydropiplartine; N-(12,13,14-trimethoxydihydrocinnamoyl)-Δ3-pyridin-2-one', '10,11-dihydropiperine; Δα,β-dihydropiperine', '4,5-dihydropiperlonguminine; Piperlonguminine', '4,5-dihydropiperyline', '(E)-piplartine', ""N-[3-(6'-methoxy-3',4'-methy-lenedioxyphenyl)-2(Z)-propenoyl]pyrrolidine"", '(Z)-piplartine; 8(Z)-N-(12,13, 14-trimethoxycinnamoyl)- 3-pyridin-2-one', 'Piperine', 'Citrusinine-I', 'Pyranofoline', 'Glycocitrine-I', 'Citrusinine-II', '1,3,5-trihydroxy-4-methoxy-10-methyl- 2,8-bis(3-methylbut-2-enyl)acridin-9(10H)-one', '3,4-dihydro-3,5,8-trihydroxy-6-methoxy-2,2,7-trimethyl-2Hpyrano[ 2,3-a]acridin-12(7H)-one', 'Glycocitrine-IV', '1,3,5-trihydroxy- 2,8-bis(3-methylbut-2-enyl)-10-methyl-9-acridone', '5-hydroxynoracronycine; Atalaphyllidine', 'Xanthyletin', 'Tagitinin C', '1-methoxy-3-hydroxy-3,10b-4,5a-diepoxy-8b-isobutyroyloxygermacr-11(13)-en-6a,12-olide', ""4-Methoxy-3-(3',7'-dimethylocta-2'-E-6'-dienyl)benzoic acid"", 'Methyl-8-hydroxy-2,2-dimethyl-2H-chromene-6-carboxylate', ""3-(3',7 '-dimethyl-2',6 '-octadienyl)-4-methoxy-benzoic acid"", ""3',4'-methylenedioxy-5,5',6,7-tetramethoxyflavone"", ""2'-hydroxy-3,4,4'-trimethoxy-5',6'-(2'',2''-dimethylpyrano)-chalcone"", ""3',4'-methylenedioxy-5,6,7- trimethoxyflavone"", ""3',4'-methylenedioxy-5,7-dimethoxyflavone"", '21β,25-dimethylmelianodiol', '3,21-Di-epi-feroniellide B', '21α,25-dimethylmelianodiol', 'Epi-guaiacin', 'Verrucosin', 'Nectandrin B', '7-Methyl-sargachromenol; 2,7,8-Trimethyl-2-[(3-E,7-Z)-4,12-dimethyl-8-carboxyl-3,7,11-tridecatrienyl]-3-chromen-6-ol, β-caroteno', 'Citibrasine', 'bis-5-hydroxyacronycine', '2,3-dihydro-4,9-dihydroxy-2-(2-hydroxy-propan-2-yl)- 11-methoxy-10-methylfuro[3,2-b]acridin-5(10H)-one', 'β-caryophyllene, trans-caryophyllene', 'Cuspanine; 1-hydroxy-2,3,5,6-tetramethoxy-9-acridone', 'Cusculine; 1,2,3,5,6-pentamethoxy-9-acridone', '[10]-gingerol', ""2,4-Dihydroxy-6-[(1'E,3'E)-penta-1', 3'-dienyl]-benzaldehyde"", '2-methyl-5-[8(Z)-pentadecenyl]resorcinol', 'Nitensidine A', '2-methyl-5-pentadecylresorcinol', '3β-hydroxy-stigmast-5-en-7-one; 24-β-7-oxositosterol', 'scillascillin', '(4R)-4,8-dihydroxy-α-tetralone', 'Pristimerin; 20α-3-hydroxy-2-oxo-24-nor-friedela-1-10,3,5,7-tetraen-carboxylic acid-29-methylester', '3,4,5-trimethoxyphenyl 1-O-β-D-apiofuranosyl-(1→6)-O-β-D-glucopyranoside', 'β-photogedunin', 'n-Butyl gallate', ""5-[3''-(β-D-glucopyranosyloxy)propyl]-7-methoxy-2-(3',4'-dimethoxyphenyl)benzofuran"", '3,12-Dihydroxycadalene', '7-hydroxy-3- (11-dimethylallyl)-8-methoxycoumarin', ""N-[7-(3',4'-methylenedioxyphenyl)-2(Z),4(Z)-heptadienoyl]pyrrolidine"", 'Sorbifolin 6-O-β-glucopyranoside', 'Rel-2α-hydroxyzuelanin-6β-benzoate', '2,6-di-O-acetylcasearupestrin D', ""Methyl-2,2-dimethyl-8-(3'-methylbut-2'-enyl)chroman-6-carboxylate"", '2,7-Di-O-acetylcasearupestrin A', 'Nitensidine B', '2-hydroxyphenylacetic acid', ""8-hydroxy-3,5,7,3',4',5'-hexamethoxyflavonol"", 'Odoratol', 'Leptomerine', '5-hydroxy-N-methylseverifoline', '19,20-Epoxycytochalasin N', 'ellagic acid 4-O-α-L-rhamnopyranoside; eschweilenol C', 'Mayoside C', 'Ourateacatechin', ""3',4',5',5,7-pentamethoxyflavone"", 'Maculosidine', 'Podocarpusflavone A', 'Casearupestrin C', '6α-malonyloxy-n-butyl ester manoyl oxide', 'citrusinine-I', 'Ricinine', 'Leptophyllin A', '22β-hydroxypristimerin', '1- (5,7-dihydroxy-2,2-dimethylchroman-6-yl)-3-(2,2-dimethylchroman- 6-yl)propan-1-one', 'Canavaline', 'Di-hydrodehydrodiconiferyl alcohol', 'Quercetin', ""2-(2'-O-trans-cinnamoyl)-C-β-D-glucopyranosyl-1,3,6,7-tetrahydroxyxanthone"", 'Kokusaginine', 'Ocotillone', 'des-N-methylnoracronycine', '6-[ 8(Z),11(Z) -pentadecadienyl] salicylic acid', '19,20-Epoxycytochalasin D', 'fumiquinozoline F', 'Isopropyl gallate', '6β-hydroxy-7-epigardoside methyl ester', 'Tetrahydropiperyline, N-[10-(13,14-methylenedioxyphenyl)-pentanoyl]-pyrrolidine', 'Piperovatine', '2,4,6-trimethoxybenzoic acid', '1-O-(E)-caffeoyl-β-D-glucopyranoside', 'Quercitrin, 3-O-α-rhamnosylquercetin', 'Caseobliquin A', 'Methyl angolensate', ""5-(3'' -Hydroxypropyl)-7-methoxy-2-(3',4' -methyl-enedioxyphenyl)benzofuran"", '1-methyl-2-n-nonyl-4-quinolone', '5-[8(Z),11(Z),14-pentadecatrienyl]resorcinol', 'Gallic acid; 3,4,5-trihydroxybenzoic acid', 'Cytochalasin D', 'Isoorientin', 'urauchimycin A', 'p-Coumaric acid', '(-)-Epigallocatechin', 'Netzahualcoyonol', '5-pentadecylresorcinol', 'epoxy-fraxinellone', '12′-hydroxy-7′-multijuguinone', 'Kaempferitrin', 'Nitensidine C', 'Dipropyl disulphide', '2-methyl-5-[8(Z),11(Z)-pentadecadienyl]resorcinol', 'Methyl 6,7,8-trimethoxydihydrocinnamate', '2-Hexyl-3-methyl-butanodioic acid', 'fraxinellone', '3-Oxoursolic acid', 'N-1,N-2,N-3-Triisopentenylguanidine', 'Dibenzyl trisulphide', 'Maytenin, Tingenone', 'urauchimycin B', ""2-(2'-O-trans-caffeoyl)-C-β-D-glucopyranosyl-1,3,6,7-tetrahydroxyxanthone"", 'Netzahualcoyene', 'Casearin X Dialdehyde; (2R*,4aS*,5S*,7R*,8R*,8aS*)-4,4a-Diformyl-1,2,4a,5,6,7,8,8a-octahydro-5-hydroxy-7,8-dimethyl-8-[(2Z)-3-methylpenta-2,4-dien-1-yl]naphthalen-2-yl Butanoate', 'polypodine B', 'n-Propyl gallate', ""3',4',5',5,7,8-hexamethoxyflavone"", 'Kaempferol 3-O-α-L-rhamnopyranosyl (1→6)-O-[β -D-glucopyranosyl (1→3)-O-α-L-rhamnopyranosyl-(1→2)]-O-β -D-glucopyranosyl', '3β-O-[α-L-rhamnopyranosyl-(1→2)-O-β-D-glucopyranosyl-(1→2)-O-β-D-glucopyranosyl]-28-O-β-D-glucopyranoside pomolate', 'Dibenzyl tetrasulphide', ""2',5-dihydroxy-3-methoxy-8-dimethylallyl-6, 7-(2' ',2''-dimethylpyrano)-dihydroflavonol"", '2-n-nonyl-4-quinolone', 'Phomopsilactone', ""(2S)-8-Isopentyl-2-methyl-2-(4'-methylpentyl)chroman-6-carboxylic acid"", '2,2-dimethyl-2H-chromene-6-carboxylic acid', '1,2-dihydro- 3β-hydroxy-7-deacetoxy-7-oxogedunin', 'Photogedunin', '1-[3-(3,7-dimethylocta-2,6-dien-1-yl)-2,4,6- trihydroxyphenyl]-3-(4-hydroxyphenyl)propan-1-one', '6α-malonyloxymanoyl oxide', 'Benzylhydroxymethyl sulphide', '1,6-di-O-caffeoyl-β-D-glucopyranoside', '2-methyl-5-[8(Z),11(Z),14-pentadecatrienyl]resorcinol', '20-hydroxyecdysone; polypodine A', '3-Acetyl aleuritolic acid', 'Alkenoic acid', 'Quercetin 3-O-α-L-rhamnopyranosyl (1→6)-O-[β -D-glucopyranosyl (1→3)-O-α-L-rhamnopyranosyl-(1→2)]-O-β -D-glucopyranosyl', 'Heveaflavone', 'Arboreumine', 'Casearin T', 'Piperyline, N-[10-(13,14-methylenedioxyphenyl)-7(E),9(E)-pentadienoyl]-pyrrolidine', 'ω-fenil alcanoic acid', '2-butyl-D-fructofuranoside', ""Gaudichaudianic acid; (2S)-2-methyl-2-(4'methyl-3'-pentenyl)-8-(3''-methyl-2-butenyl)- 2H-1-benzopyran-6-carboxylic acid"", 'limonexic acid', 'Pedalitin', 'Casearupestrin A', 'Casearupestrin B', 'toonacilin', 'Uracil', '1-O-(E)-feruloyl-β-D-glucopyranoside', '19,20-Epoxycytochalasin C', 'n-Pentyl gallate', 'Orcinol', 'Periconicin B', 'taxifolin', ""(2'S)-2-(propan-2'-ol)-5-hydroxy-benzopyran-4-one"", 'Rel-(+)-(7S,9R,10S)-3,9,12-trihydroxycalamenene', 'Casearin S', '11β-acetoxyobacunone', '1-(5,7-dihydroxy-2,2-dimethylchroman- 6-yl)-3-[4-hydroxy-3-(3-methylbut-2-en-1-yl)- phenyl]propan-1-one', '(3R,4R)-4,7-Dihydroxymellein', ""Nitensoside B; Pedalitin 6-O-α-rhamnopyranosyl(1'''→6'')-β-glucopyranoside"", 'Amentoflavone', 'Di(benzyltrithio) methane', '3,11,12-Trihydroxycadalene', 'Quercetin 3-O-sophoroside', '(3R,4R)-3,4-Dihydro-4,6-dihydroxy-3-methyl-1-oxo-1H-isochromene-5-carboxylic acid', 'Casearin X; (1R*,3S*,5S*,6aR*,7S*,8S*,10R*,10aR*)-1-(Acetyloxy)-3,5,6,6a,7,8,9,10-octahydro-10-hydroxy-7,8-dimethyl-7-[(2Z)-3-methylpenta-2,4-dien-1-yl]naphtho[1,8a-c]furan-3,5-diyl Dibutanoate', ""2-(R)-Methyl-6-(S)-(tetradecyl-13'-one)-3(R)-O-tert-butyldimethylsilyl-piperidine"", '(2S)-Methyl-2-methyl-8-(3""-methylbut-2""-enyl)-2-(4\'-methylpent-3\'-enyl)-2H-chromene-6-carboxylate', 'Luteolin; 2-(3,4-dihydroxyphenyl)-5,7-dihydroxy-4H-chromen-4-one', '4-Hydroxymellein', '5-hydroxymellein', 'fraxinellonone', 'Dibenzyl sulphide', '(-) Cis-4-hydroxy-6-deoxyscytalone', 'Plumericin', '5-[8(Z),11(Z)-pentadecadienyl]resorcinol', '(-)-Spectalinine', 'Netzahualcoyondiol', 'Piperol B', '(-)-Hardwickiic acid', ""5-[3''-(β-D-glucopyranosyloxy)propyl]-7-methoxy-2-(3',4'-methylenedioxyphenyl)benzofuran"", '28-O-β-D-glucopyranosyl quinovic acid', '2-Methyl-4-hydroxy-butyl caffeoate', '2-oxo-piperol B; (7S*, 8R*, 1R*, 3R*)-3,4,5-trimethoxy-3,7-cyclo-8,1-neolig-8-ene-2,4(3H)-dione', 'Odoratone', 'Rel-6β-hydroxyzuelanin-2β-benzoate', 'shidasterone', '5-hydroxymethyl- 2-furancarboxaldehyde; 5-hydroxymethyl-2-furfuraldehyde', 'atalaphyllinine', '24-methylene-3,22-dihydroxycholesterol', 'amorphispironone', 'Casearupestrin D', 'Chaetoglobosin B', ""2-(2'-O-benzoyl)-C-β-D-glucopyranosyl-1,3,6,7-tetrahydroxyxanthone"", 'Isoplumericin', 'α-L-xylopyranosyl-(4""→20)-(3-O-β-D-glucopyranosyl)-1\'-O-E-caffeoyl-β-D-glucopyranoside', '6-[8(Z)-pentadecenyl]salicylic acid', '(2S)-2-methyl-8-(3""-methylbut-2""-enyl)-2-(4\'-methylpent-3\'-enyl)-2H-chromene-6-carboxylic acid', 'Burchellin', '5-[8(Z)-pentadecenyl]resorcinol', '3,4-dihydroxybenzoic acid geranyl ester', 'N-[10-(13,14-methylenedioxyphenyl)-7(E),9(Z)-pentadienoyl]-pyrrolidine', '1-(5,7-dihydroxy-2,2-dimethylchroman-6-yl)-3-(1,1,4a-trimethyl-2,3,4,4a,9a-hexahydro-1H-xanthen-7-yl)propan-1-one', 'Methyl (E)-6,7,8-trimethoxycinnamate', '3,4,5-Trimethoxyphenyl-1-O-β-D-(5-O-syringoyl)-apiofuranosyl-(1→6)-β-D-glucopyranoside', '6-[8(Z),11(Z),14-pentadecatrienyl]salicylic acid', 'Sorbifolin', ""Nitensoside A; Sorbifolin 6-O-α-rhamnopyranosyl(1'''→6'')-β-glucopyranoside"", 'Casearin O; (1R*,3S*,5S*,6aR*,7R*,8R*,9S*,10S*,10aR*)-1,10-Bis(acetyloxy)-5-methoxy-7,8-dimethyl-7-[(2Z)-3-methylpenta-2,4-dien-1-yl]-3,5,6,6a,7,8,9,10-octahydronaphtho[1,8a-c]furan-3,9-diyl Dibutanoate', 'germacrene D', 'Gedunin', 'Pedalin, pedalitin 6-O-β -glucopyranoside', 'Sinapic acid', '19,20-Epoxycytochalasin Q', '19,20-Epoxycytochalasin R', 'Muraxanthone', 'Afzelin, 3-O-α-rhamnosyl kaempferol', 'Egonol', '4-Nerolidilcatechol', 'Skimmianine', 'p-hydroxybenzoic acid-geranyl ester', 'Dibenzyl disulphide', 'Proanthocyanidin', 'neoisoastilbin', '(R)-7-Hydroxymellein', '6α-acetoxymanoyl oxide', 'Methyl-8-hydroxy-2,2-dimethylchroman-6-carboxylate', '6α-acetoxy-14β,15β-epoxyazadirone', 'Homoegonol', '[8]-gingerol', 'N-[10- (13,14-methylenedioxyphenyl)-7(E)-pentaenoyl]-pyrrolidine', '2-Methyl-5-methoxy-benzopyran-4-one', '6-pentadecylsalicylic acid', 'Methyl-2,2-dimethylchroman-6-carboxylate', ""Myrsinoic acid A, 3-Geranyl-4-hydroxy-5-(3'',3''-dimethylallyl)benzoic acid"", '20α-Hydroxymaytenin; 20-hydroxy-20-epi-tingenone', '(-)-Epigallocatechin-3-O-gallate', 'Casearin D; (1R*,3S*,5S*,6aR*,7R*,8R*,9S*,10S*,10aR*)-1-(Acetyloxy)-3,5,6,6a,7,8,9,10-octahydro-5,10-dihydroxy-7,8-dimethyl-7-[(2Z)-3-methylpenta-2,4-dien-1-yl]naphtho[1,8a-c]furan-3,9-diyl Dibutanoate', 'Caseargrewiin F; (1R*,3S*,5S*,6aR*,7S*,8R*,10R*,10aR*)-1,3-Bis(acetyloxy)-3,5,6,6a,7,8,9,10-octahydro-10-hydroxy-7,8-dimethyl-7-[(2Z)-3-methylpenta-2,4-dien-1-yl]naphtho[1,8a-c]furan-5-yl Butanoate', 'Casearin L; (1R*,3S*,5S*,6aR*,7R*,8R*,9S*,10S*,10aR*)-1,10-Bis(acetyloxy)-3,5,6,6a,7,8,9,10-octahydro-9-hydroxy-5-methoxy-7,8-dimethyl-7-[(2Z)-3-methylpenta-2,4-dien-1-yl]naphtho[1,8a-c]-furan-3-yl Butanoate', 'Platydesmine', 'Leiokinine A', 'Cabraleadiol', 'schaftoside', ""(2S)-Methyl-8-isopentyl-2-methyl-2-(4'-methylpentyl)chroman-6-carboxylate"", '3,4,5-Triacetoxybenzoic acid', 'Methyl gallate', '3-O-β-D-quinovopyranosyl cincholic acid', 'carlinoside', 'Methyl-8-(ethanoyloxy)-2,2-dimethyl-2H-chromene-6-carboxylate', 'arjunolic acid', 'stachysterone', 'Ethyl 2,4-dihydroxy-5,6-dimethylbenzoate', 'Amentoflavone 7”,4”’-dimethyl ether', 'Picramnioside F', 'Lauryl gallate', 'Syringaldehyde', '22-hydroxytirucalla-7,24-diene-2,3-dione', 'Trans-3’-methylsulphonylallyl trans-cinnamate', '(3-(2-(4-hydroxyphenyl)-2-oxoethyl)-5,6-dihydropyridin- 2(1H)-one)', 'Mangiferin', ""2-(2'-O-transcoumaroyl)-C-β-D-glucopyranosyl-1,3,6,7-tetrahydroxyxanthone"", 'Syringic acid', '(+)-3-O-feruloylcassine', ""Acteoside; [β-3,4-dihydroxyphenyl)-ethyl]-(3'-O-α-L-rhamnopyranosyl)-(4'-O-cafeoyl)-β-D-glycopyranoside, verbascoside"", 'Salacin', 'Viburgenin', ""Pterogynoside; Kaempferol-3-O-(3''-O-4'''-methylgallate-α-L-rhamnoside)"", 'Isobutyl gallate', '7′-multijuguinone', 'Griseofulvin', ""7-Hydroxy-4',6-dimethoxyisoflavone; Afrormosin; Afromosin"", '8-methoxymellein', '(±)-Syringaresinol', 'Cyclo-(L-Pro-L-Val)', 'Acetonide of odoratol', '(−)-Grandisin', '24-methylenecycloartan-3b-ol', 'Ixoside', 'Rel. (+)-(7S,10S) 3,12-dihydroxycalamenene', '2β-Hydroxyzuelanin-6β-cinnamate', 'Cognatine', 'Fagaramide', 'Chalepin', 'Chlorogenic acid', 'Kaempferol', '3-O-β-D-quinovopyranosyl quinovic acid']]",doi_name
"['10.1590/S0102-695X2007000300003', 'Heveaflavone']","['10.1590/S0102-695X2007000300003', ['guaiol', 'Hinesol', 'γ-eudesmol', 'α-eudesmol', 'Galioside aglicone', '11-O-trans-feruloylteucrein', 'Teucrein', 'Apodanthoside', 'Galioside', 'Mycoleptone A', '9-hydroxyeugenin', 'Mycoleptone B', 'Eugenitin', 'Austdiol', '6-methoxyeugenin', 'Mycoleptone A tetraacetate', 'Austdiol diacetate', '5,7-dimethoxy-2,2-dimethyl-2H-1-benzopyran-6-propanoate', 'Chlorogenic acid methyl ester, Methyl (1S,3R,4R,5R)-3-{[(2E)-3-(3,4-dihydroxyphenyl)-2-propenoyl]oxy}-1,4,5-trihydroxycyclohexanecarboxylate', '7-Methoxydiderroside', ""6'-Acetyl-β-D-glucopyranosyldiderroside"", 'Diderroside', 'Secoxyloganin', '(-)-3-O-acetyl-spectaline', 'cyclo (L)-Pro-Gly', ""4-Methoxy-3-(3',7'-dimethylocta-2'-E-6'-dienyl)benzoic acid"", ""3-(3',7 '-dimethyl-2',6 '-octadienyl)-4-methoxy-benzoic acid"", 'Methyl-8-hydroxy-2,2-dimethyl-2H-chromene-6-carboxylate', 'Verrucosin', 'Epi-guaiacin', 'Nectandrin B', '7-Methyl-sargachromenol; 2,7,8-Trimethyl-2-[(3-E,7-Z)-4,12-dimethyl-8-carboxyl-3,7,11-tridecatrienyl]-3-chromen-6-ol, β-caroteno', '2-n-Propylquinoline', ""2-(3',4'-methylenedioxyphenylethyl)-Quinoline"", '2-n-Pentylquinoline', ""2-(1'-pentenyl)-Quinoline"", ""3',4'-methylenedioxy-5,5',6,7-tetramethoxyflavone"", ""2'-hydroxy-3,4,4'-trimethoxy-5',6'-(2'',2''-dimethylpyrano)-chalcone"", ""3',4'-methylenedioxy-5,6,7- trimethoxyflavone"", ""3',4'-methylenedioxy-5,7-dimethoxyflavone"", 'Xanthyletin', '17-(3,4-Methylenedioxyphenyl)-heptadecanoic acid', 'Tithonine', 'Farnisine', '19´-(3,4-Methylenedioxyphenyl)-nonadecanoic acid', 'Sargaquinoic acid', ""7,4'-Dimethoxyflavone"", ""Juruenolic acid; 2-(4'-Methylpentenyl-3)-10-oxoundecan-2,6-dienoic acid"", 'Sargachromenol', ""7,4'-Dihydroxyflavone"", 'Fasciculiferin', '(+)-Guaiacin', '21´-(3,4-Methylenedioxyphenyl)-henicosanoic acid', ""2',6'-Dihydroxy-4'-methoxydihydrochalcone"", ""Methyl taboganate; Methyl 4-hydroxy-3-(3'-methyl-1'-oxo-2'-butenyl)benzoate"", 'Methyl 2,2-dimethyl-1-oxo-2H-1-benzopyran-6-carboxylate', '3,4,5-Trimethoxydihydrocinnamic acid', ""4-Hydroxy-3-(3',7'-dimethylocta-2'-E-6'-dienyl)benzoic acid"", ""Hostmaniene; 4-Hydroxy-3-(2',3'-dihydroxy-3'-methylbutyl)benzoate"", ""Methyl 4-hydroxy-3-(3'-methyl-2'-butenyl)benzoate"", 'Piperaduncine B', ""4-Hydroxy-(3',7'-dimethyl-1'-oxo-octa-2'-Z-6'-dienyl)benzoic acid"", ""Methyl 4-hydroxy-3-(3'-methyl-2'-hydroxy-3'-butenyl)benzoate"", ""Aduncumene; Methyl 2-methoxy-5-(3'-methyl-1'-oxo-2'-butenyl)benzoate"", 'Citibrasine', '2,3-dihydro-4,9-dihydroxy-2-(2-hydroxy-propan-2-yl)- 11-methoxy-10-methylfuro[3,2-b]acridin-5(10H)-one', 'bis-5-hydroxyacronycine', 'Stearic acid 4-pentoyloxyphenethyl ester', '3,3-O-dimethylquercetin', '2α,3α,19α- trihydroxyurs-12-en-28-oic acid', 'penduletin 4-O-methyl ether', '3-O-methylquercetin', 'acacetin', '3,7,4-O-trimethylkaempferol', 'p-hydroxybenzoic acid', '2α,3α-dihydroxyolean-12- en-28-oic acid', 'Chrysoeriol', '21α,25-dimethylmelianodiol', '21β,25-dimethylmelianodiol', '3,21-Di-epi-feroniellide B', 'Taraxerol acetate', 'Aphidicolin', 'Isopimpinellin', 'Kaempferol-3-O-rutinoside', 'Kaempferol-3-O-α-L-rhamnopyranosyl-(1→6)-β-D-galactopyranoside', 'Catechin, Ent-catechin', 'Procyanidin B-3', 'Kaempferol-3-O-D-glucopyranoside', 'Quercetin-3-O-α-L-rhamnopyranosyl-(1→6)-β-D-galactopyranoside', 'Kaempferol-3-O-α-L-rhamnopyranosyl-(1-6)-α-L-rhamnopyranosyl-(1-4)-β-D-glucopyranoside', '6-Hydroxy-rutin', 'Kaempferol-3-O-D-galactopyranoside', 'Citrusinine-II', 'Glycocitrine-I', '1,3,5-trihydroxy- 2,8-bis(3-methylbut-2-enyl)-10-methyl-9-acridone', 'Glycocitrine-IV', '1,3,5-trihydroxy-4-methoxy-10-methyl- 2,8-bis(3-methylbut-2-enyl)acridin-9(10H)-one', 'Pyranofoline', 'Citrusinine-I', '5-hydroxynoracronycine; Atalaphyllidine', '3,4-dihydro-3,5,8-trihydroxy-6-methoxy-2,2,7-trimethyl-2Hpyrano[ 2,3-a]acridin-12(7H)-one', 'Methyl (3R,4R,5R)-3-{[(2E)-3-(3,4-dihydroxyphenyl)-2-propenoyl]oxy}-1,4,5-trihydroxycyclohexanecarboxylate', 'Methyl (3R,4R,5R)-3-{[(2Z)-3-(3,4-dihydroxyphenyl)-2-propenoyl]oxy}-1,4,5-trihydroxycyclohexanecarboxylate', 'Oleanonic acid', 'Piscidinol A', 'Iso-odoratol', 'Pentaol', 'cryptomeridiol', '3,11-dioxoolean-12-en-28- onic acid', 'Hispidol A', 'Nilocetin', 'Beauvericin', 'Anhydrofusarubin', ""Rel-(7R,8S,7'S,8'S)-9-hydroxy-4',5'-methylenedioxy-3,4,5,3'-tetramethoxy-7,7'-epoxylignan"", ""Rel-(7R,8S,7'S,8'S)-4,5,4',5'-dimethylenedioxy-3,3'-dimethoxy-7,7'-epoxylignan"", ""Rel-(7R,8S,7'S,8'S)-4'-hydroxy-3,4,5,3',5'-pentamethoxy-7,7'-epoxylignan"", ""Rel-(7R,8S,7'S,8'S)-4-hydroxy-4',5'-methylenedioxy-3,5,3'-trimethoxy-7,7'-epoxylignan"", ""Rel-(7R,8S,7'S,8'S)-4',5'-methylenedioxy-3,4,5,3'-tetramethoxy-7,7'-epoxylignan"", '(+)-Erythravine', '(+)-α-Hydroxyerysotrine', '(+)-11α-Hydroxyerythravine', 'Ferulic acid', 'α-Gardiol', 'β-Gardiol', '8,9-dihydropiplartine; N-(12,13,14-trimethoxydihydrocinnamoyl)-Δ3-pyridin-2-one', '10,11-dihydropiperine; Δα,β-dihydropiperine', '(E)-piplartine', '4,5-dihydropiperyline', ""N-[3-(6'-methoxy-3',4'-methy-lenedioxyphenyl)-2(Z)-propenoyl]pyrrolidine"", 'Piperine', '4,5-dihydropiperlonguminine; Piperlonguminine', '(Z)-piplartine; 8(Z)-N-(12,13, 14-trimethoxycinnamoyl)- 3-pyridin-2-one', 'Pellitorine', '(3Z,5Z)-N-isobutyl-8-(30,40-methylenedioxy-phenyl)-heptadienamide', 'Clusifoliol', ""Isoswertisin-4'-methyl-ether-2''α-L-rhamnoside"", '2-Episesalatin', ""Isoswertisin-2''α1-L-rhamnoside"", 'Sesartemin', '5,7-dimethoxy-2,2-dimethyl-2H-1-benzopyran-6-propanoic acid', 'astilbin; Rel-(2R, 3R)-dihydroquercetin-3-O-±-L-rhamnoside', 'Tagitinin C', '1-methoxy-3-hydroxy-3,10b-4,5a-diepoxy-8b-isobutyroyloxygermacr-11(13)-en-6a,12-olide', ""3',4',5',3,5,7,8-heptamethoxyflavone"", ""3,5,6,7,3',4',5'-heptamethoxyflavonol"", ""3,4-dimethyl-2-(4'-hydroxy-3',5'-dimethoxyphenyl)-5-methoxy-tetrahydrofuran"", ""1,4-Dihydroxy-2-(3',7'-dimethyl-1'-oxo-2'-E-6'-octadienyl)benzene"", ""4-Hydroxy-3-(3',7'-dimethyl-3'-hydroxy-1'-oxo-6'-octenyl)benzoic acid"", ""4-Hydroxy-(3',7'-dimethyl-1'-oxo-octa-2'-E-6'-dienyl)benzoic acid"", ""Isosakuranetin; 5,7-dihydroxy-4'-methoxyflavanone"", ""Sakuranetin; 5,4'-dihydroxy-7-methoxyflavanone"", 'Nitensidine E', 'Nitensidine D', 'Harman-3-carboxylic acid', '5α-carboxystrictosidine', 'Strictosidine acid', '3,4-dehydro-strictosidine', '3,4-dehydrostrictosidine acid', 'Cordifoline', 'Turbinatine', 'Deoxycordifoline', 'Ergosterol peroxide', '(22E,24R)-ergosta-4,6,8(14),22-tetraen-3-one', 'Dimethyl terephthalate', '8-hydroxy-6-methoxy-3-methylisocoumarin', 'Pimara-7,15-dien-3β-ol', '4-metoxi-6-[2-(metilamino)fenil]- 2H-piran-2-ona', 'Methacrylic acid', 'β-caryophyllene, trans-caryophyllene', 'Cusculine; 1,2,3,5,6-pentamethoxy-9-acridone', 'Cuspanine; 1-hydroxy-2,3,5,6-tetramethoxy-9-acridone', '2α,3α-Dihydroxy-urs-12-en-28-oic acid', 'Oleanolic acid 3-sophoroside', '3-O-β-D-(6’-methyl)-glucopyranosyl-28-O-β-D-glucopyranosyl-oleanate', 'Haplotusine', '5-hydroxyflavone', '2-phenyl-4H-chromen-4-one', 'β-Sitosterol benzoate', 'Sinapyl 4-O-β-D-glucopyranoside aldehyde', 'N-acetylnonaine', 'Sinapyl 4-O-β-D-glucopyranoside alcohol', 'Liriodenine', '[10]-gingerol', ""2,4-Dihydroxy-6-[(1'E,3'E)-penta-1', 3'-dienyl]-benzaldehyde"", 'Nitensidine A', '2-methyl-5-[8(Z)-pentadecenyl]resorcinol', '2-hydroxyphenylacetic acid', '3-O-β-D-quinovopyranosyl quinovic acid', 'Kaempferol', ""8-hydroxy-3,5,7,3',4',5'-hexamethoxyflavonol"", '(4R)-4,8-dihydroxy-α-tetralone', 'Chlorogenic acid', 'Chalepin', ""2-(2'-O-trans-caffeoyl)-C-β-D-glucopyranosyl-1,3,6,7-tetrahydroxyxanthone"", 'Netzahualcoyene', 'Casearin X Dialdehyde; (2R*,4aS*,5S*,7R*,8R*,8aS*)-4,4a-Diformyl-1,2,4a,5,6,7,8,8a-octahydro-5-hydroxy-7,8-dimethyl-8-[(2Z)-3-methylpenta-2,4-dien-1-yl]naphthalen-2-yl Butanoate', 'polypodine B', 'n-Propyl gallate', 'Leptomerine', '5-hydroxy-N-methylseverifoline', '19,20-Epoxycytochalasin N', 'ellagic acid 4-O-α-L-rhamnopyranoside; eschweilenol C', 'Mayoside C', 'Ourateacatechin', ""3',4',5',5,7-pentamethoxyflavone"", '2-methyl-5-pentadecylresorcinol', '3β-hydroxy-stigmast-5-en-7-one; 24-β-7-oxositosterol', 'scillascillin', '7′-multijuguinone', 'Griseofulvin', ""7-Hydroxy-4',6-dimethoxyisoflavone; Afrormosin; Afromosin"", '8-methoxymellein', '(±)-Syringaresinol', 'Cyclo-(L-Pro-L-Val)', '5-hydroxymellein', 'fraxinellonone', 'Dibenzyl trisulphide', 'Maytenin, Tingenone', 'urauchimycin B', 'Ocotillone', 'des-N-methylnoracronycine', 'Sorbifolin 6-O-β-glucopyranoside', 'Rel-2α-hydroxyzuelanin-6β-benzoate', '2,6-di-O-acetylcasearupestrin D', ""Methyl-2,2-dimethyl-8-(3'-methylbut-2'-enyl)chroman-6-carboxylate"", '2,7-Di-O-acetylcasearupestrin A', 'Nitensidine B', '1-methyl-2-n-nonyl-4-quinolone', '5-[8(Z),11(Z),14-pentadecatrienyl]resorcinol', 'Odoratol', ""2',5-dihydroxy-3-methoxy-8-dimethylallyl-6, 7-(2' ',2''-dimethylpyrano)-dihydroflavonol"", '2-n-nonyl-4-quinolone', 'Cytochalasin D', 'Isoorientin', 'Gallic acid; 3,4,5-trihydroxybenzoic acid', 'Maculosidine', 'Podocarpusflavone A', 'Casearupestrin C', '6α-malonyloxy-n-butyl ester manoyl oxide', 'citrusinine-I', 'Ricinine', 'Leptophyllin A', '5-pentadecylresorcinol', 'Homoegonol', '[8]-gingerol', '4-Hydroxymellein', '3,4,5-trimethoxyphenyl 1-O-β-D-apiofuranosyl-(1→6)-O-β-D-glucopyranoside', 'β-photogedunin', 'n-Butyl gallate', ""5-[3''-(β-D-glucopyranosyloxy)propyl]-7-methoxy-2-(3',4'-dimethoxyphenyl)benzofuran"", '3,12-Dihydroxycadalene', 'Dibenzyl sulphide', '(-) Cis-4-hydroxy-6-deoxyscytalone', 'Plumericin', '5-[8(Z),11(Z)-pentadecadienyl]resorcinol', '(-)-Spectalinine', 'Netzahualcoyondiol', '19,20-Epoxycytochalasin D', 'fumiquinozoline F', 'Kaempferol 3-O-α-L-rhamnopyranosyl (1→6)-O-[β -D-glucopyranosyl (1→3)-O-α-L-rhamnopyranosyl-(1→2)]-O-β -D-glucopyranosyl', '3β-O-[α-L-rhamnopyranosyl-(1→2)-O-β-D-glucopyranosyl-(1→2)-O-β-D-glucopyranosyl]-28-O-β-D-glucopyranoside pomolate', 'Dibenzyl tetrasulphide', '3-Oxoursolic acid', 'Casearupestrin B', 'toonacilin', 'Uracil', '1-O-(E)-feruloyl-β-D-glucopyranoside', '19,20-Epoxycytochalasin C', 'urauchimycin A', 'p-Coumaric acid', '(-)-Epigallocatechin', 'Netzahualcoyonol', '1-[3-(3,7-dimethylocta-2,6-dien-1-yl)-2,4,6- trihydroxyphenyl]-3-(4-hydroxyphenyl)propan-1-one', '6α-malonyloxymanoyl oxide', 'Benzylhydroxymethyl sulphide', '1,6-di-O-caffeoyl-β-D-glucopyranoside', '2-methyl-5-[8(Z),11(Z),14-pentadecatrienyl]resorcinol', 'Pristimerin; 20α-3-hydroxy-2-oxo-24-nor-friedela-1-10,3,5,7-tetraen-carboxylic acid-29-methylester', 'Photogedunin', 'Casearin X; (1R*,3S*,5S*,6aR*,7S*,8S*,10R*,10aR*)-1-(Acetyloxy)-3,5,6,6a,7,8,9,10-octahydro-10-hydroxy-7,8-dimethyl-7-[(2Z)-3-methylpenta-2,4-dien-1-yl]naphtho[1,8a-c]furan-3,5-diyl Dibutanoate', 'Skimmianine', 'p-hydroxybenzoic acid-geranyl ester', 'Dibenzyl disulphide', 'Proanthocyanidin', 'neoisoastilbin', '7-hydroxy-3- (11-dimethylallyl)-8-methoxycoumarin', ""N-[7-(3',4'-methylenedioxyphenyl)-2(Z),4(Z)-heptadienoyl]pyrrolidine"", ""Acteoside; [β-3,4-dihydroxyphenyl)-ethyl]-(3'-O-α-L-rhamnopyranosyl)-(4'-O-cafeoyl)-β-D-glycopyranoside, verbascoside"", '20-hydroxyecdysone; polypodine A', '3-Acetyl aleuritolic acid', 'Alkenoic acid', 'Quercetin 3-O-α-L-rhamnopyranosyl (1→6)-O-[β -D-glucopyranosyl (1→3)-O-α-L-rhamnopyranosyl-(1→2)]-O-β -D-glucopyranosyl', 'Heveaflavone', 'Arboreumine', 'Quercetin', ""2-(2'-O-trans-cinnamoyl)-C-β-D-glucopyranosyl-1,3,6,7-tetrahydroxyxanthone"", 'Kokusaginine', 'Piperol B', '(-)-Hardwickiic acid', ""5-[3''-(β-D-glucopyranosyloxy)propyl]-7-methoxy-2-(3',4'-methylenedioxyphenyl)benzofuran"", '28-O-β-D-glucopyranosyl quinovic acid', '2-Methyl-4-hydroxy-butyl caffeoate', 'N-1,N-2,N-3-Triisopentenylguanidine', 'n-Pentyl gallate', 'Orcinol', 'Periconicin B', 'Phomopsilactone', ""(2S)-8-Isopentyl-2-methyl-2-(4'-methylpentyl)chroman-6-carboxylic acid"", '2,2-dimethyl-2H-chromene-6-carboxylic acid', '1,2-dihydro- 3β-hydroxy-7-deacetoxy-7-oxogedunin', '6α-acetoxy-14β,15β-epoxyazadirone', ""2-(R)-Methyl-6-(S)-(tetradecyl-13'-one)-3(R)-O-tert-butyldimethylsilyl-piperidine"", '(2S)-Methyl-2-methyl-8-(3""-methylbut-2""-enyl)-2-(4\'-methylpent-3\'-enyl)-2H-chromene-6-carboxylate', 'Casearin T', 'Piperyline, N-[10-(13,14-methylenedioxyphenyl)-7(E),9(E)-pentadienoyl]-pyrrolidine', 'ω-fenil alcanoic acid', '2-butyl-D-fructofuranoside', ""Gaudichaudianic acid; (2S)-2-methyl-2-(4'methyl-3'-pentenyl)-8-(3''-methyl-2-butenyl)- 2H-1-benzopyran-6-carboxylic acid"", 'limonexic acid', 'Pedalitin', 'Methyl angolensate', ""5-(3'' -Hydroxypropyl)-7-methoxy-2-(3',4' -methyl-enedioxyphenyl)benzofuran"", '22β-hydroxypristimerin', '1- (5,7-dihydroxy-2,2-dimethylchroman-6-yl)-3-(2,2-dimethylchroman- 6-yl)propan-1-one', 'Canavaline', 'Di-hydrodehydrodiconiferyl alcohol', '3,11,12-Trihydroxycadalene', 'Quercetin 3-O-sophoroside', '(3R,4R)-3,4-Dihydro-4,6-dihydroxy-3-methyl-1-oxo-1H-isochromene-5-carboxylic acid', '24-methylene-3,22-dihydroxycholesterol', 'amorphispironone', 'Casearupestrin D', 'Chaetoglobosin B', ""2-(2'-O-benzoyl)-C-β-D-glucopyranosyl-1,3,6,7-tetrahydroxyxanthone"", 'Isoplumericin', 'α-L-xylopyranosyl-(4""→20)-(3-O-β-D-glucopyranosyl)-1\'-O-E-caffeoyl-β-D-glucopyranoside', 'epoxy-fraxinellone', '12′-hydroxy-7′-multijuguinone', 'Kaempferitrin', '(R)-7-Hydroxymellein', '6α-acetoxymanoyl oxide', 'Methyl-8-hydroxy-2,2-dimethylchroman-6-carboxylate', 'Nitensidine C', 'Dipropyl disulphide', '2-methyl-5-[8(Z),11(Z)-pentadecadienyl]resorcinol', 'Methyl 6,7,8-trimethoxydihydrocinnamate', '2-Hexyl-3-methyl-butanodioic acid', 'fraxinellone', '6-[ 8(Z),11(Z) -pentadecadienyl] salicylic acid', '6-[8(Z)-pentadecenyl]salicylic acid', '(2S)-2-methyl-8-(3""-methylbut-2""-enyl)-2-(4\'-methylpent-3\'-enyl)-2H-chromene-6-carboxylic acid', 'Burchellin', '5-[8(Z)-pentadecenyl]resorcinol', 'Luteolin; 2-(3,4-dihydroxyphenyl)-5,7-dihydroxy-4H-chromen-4-one', 'Sinapic acid', '19,20-Epoxycytochalasin Q', '19,20-Epoxycytochalasin R', 'Di(benzyltrithio) methane', 'Rel-(+)-(7S,9R,10S)-3,9,12-trihydroxycalamenene', 'Casearin S', '11β-acetoxyobacunone', '1-(5,7-dihydroxy-2,2-dimethylchroman- 6-yl)-3-[4-hydroxy-3-(3-methylbut-2-en-1-yl)- phenyl]propan-1-one', 'Muraxanthone', 'Odoratone', 'Rel-6β-hydroxyzuelanin-2β-benzoate', 'shidasterone', '5-hydroxymethyl- 2-furancarboxaldehyde; 5-hydroxymethyl-2-furfuraldehyde', 'atalaphyllinine', 'N-[10- (13,14-methylenedioxyphenyl)-7(E)-pentaenoyl]-pyrrolidine', '2-Methyl-5-methoxy-benzopyran-4-one', '3,4-dihydroxybenzoic acid geranyl ester', 'N-[10-(13,14-methylenedioxyphenyl)-7(E),9(Z)-pentadienoyl]-pyrrolidine', 'Gedunin', 'Pedalin, pedalitin 6-O-β -glucopyranoside', '(+)-3-O-feruloylcassine', '1-(5,7-dihydroxy-2,2-dimethylchroman-6-yl)-3-(1,1,4a-trimethyl-2,3,4,4a,9a-hexahydro-1H-xanthen-7-yl)propan-1-one', 'Methyl (E)-6,7,8-trimethoxycinnamate', '3,4,5-Trimethoxyphenyl-1-O-β-D-(5-O-syringoyl)-apiofuranosyl-(1→6)-β-D-glucopyranoside', 'Caseargrewiin F; (1R*,3S*,5S*,6aR*,7S*,8R*,10R*,10aR*)-1,3-Bis(acetyloxy)-3,5,6,6a,7,8,9,10-octahydro-10-hydroxy-7,8-dimethyl-7-[(2Z)-3-methylpenta-2,4-dien-1-yl]naphtho[1,8a-c]furan-5-yl Butanoate', 'Casearin L; (1R*,3S*,5S*,6aR*,7R*,8R*,9S*,10S*,10aR*)-1,10-Bis(acetyloxy)-3,5,6,6a,7,8,9,10-octahydro-9-hydroxy-5-methoxy-7,8-dimethyl-7-[(2Z)-3-methylpenta-2,4-dien-1-yl]naphtho[1,8a-c]-furan-3-yl Butanoate', 'Platydesmine', 'Leiokinine A', 'Cabraleadiol', 'schaftoside', ""(2S)-Methyl-8-isopentyl-2-methyl-2-(4'-methylpentyl)chroman-6-carboxylate"", '3,4,5-Triacetoxybenzoic acid', 'Casearupestrin A', '2-oxo-piperol B; (7S*, 8R*, 1R*, 3R*)-3,4,5-trimethoxy-3,7-cyclo-8,1-neolig-8-ene-2,4(3H)-dione', 'taxifolin', ""(2'S)-2-(propan-2'-ol)-5-hydroxy-benzopyran-4-one"", ""Myrsinoic acid A, 3-Geranyl-4-hydroxy-5-(3'',3''-dimethylallyl)benzoic acid"", '20α-Hydroxymaytenin; 20-hydroxy-20-epi-tingenone', '(-)-Epigallocatechin-3-O-gallate', 'Casearin D; (1R*,3S*,5S*,6aR*,7R*,8R*,9S*,10S*,10aR*)-1-(Acetyloxy)-3,5,6,6a,7,8,9,10-octahydro-5,10-dihydroxy-7,8-dimethyl-7-[(2Z)-3-methylpenta-2,4-dien-1-yl]naphtho[1,8a-c]furan-3,9-diyl Dibutanoate', 'Rel. (+)-(7S,10S) 3,12-dihydroxycalamenene', 'carlinoside', '(3R,4R)-4,7-Dihydroxymellein', ""Nitensoside B; Pedalitin 6-O-α-rhamnopyranosyl(1'''→6'')-β-glucopyranoside"", 'Amentoflavone', 'Methyl gallate', '3-O-β-D-quinovopyranosyl cincholic acid', 'Afzelin, 3-O-α-rhamnosyl kaempferol', 'Egonol', '4-Nerolidilcatechol', ""2-(2'-O-transcoumaroyl)-C-β-D-glucopyranosyl-1,3,6,7-tetrahydroxyxanthone"", 'Syringic acid', 'Syringaldehyde', '22-hydroxytirucalla-7,24-diene-2,3-dione', 'Trans-3’-methylsulphonylallyl trans-cinnamate', '(3-(2-(4-hydroxyphenyl)-2-oxoethyl)-5,6-dihydropyridin- 2(1H)-one)', 'Mangiferin', 'Salacin', 'Viburgenin', ""Pterogynoside; Kaempferol-3-O-(3''-O-4'''-methylgallate-α-L-rhamnoside)"", 'Isobutyl gallate', '6-[8(Z),11(Z),14-pentadecatrienyl]salicylic acid', 'Sorbifolin', ""Nitensoside A; Sorbifolin 6-O-α-rhamnopyranosyl(1'''→6'')-β-glucopyranoside"", 'Casearin O; (1R*,3S*,5S*,6aR*,7R*,8R*,9S*,10S*,10aR*)-1,10-Bis(acetyloxy)-5-methoxy-7,8-dimethyl-7-[(2Z)-3-methylpenta-2,4-dien-1-yl]-3,5,6,6a,7,8,9,10-octahydronaphtho[1,8a-c]furan-3,9-diyl Dibutanoate', 'germacrene D', '6-pentadecylsalicylic acid', 'Methyl-2,2-dimethylchroman-6-carboxylate', ""3',4',5',5,7,8-hexamethoxyflavone"", 'Isopropyl gallate', '6β-hydroxy-7-epigardoside methyl ester', 'Tetrahydropiperyline, N-[10-(13,14-methylenedioxyphenyl)-pentanoyl]-pyrrolidine', 'Piperovatine', '2,4,6-trimethoxybenzoic acid', '1-O-(E)-caffeoyl-β-D-glucopyranoside', 'Quercitrin, 3-O-α-rhamnosylquercetin', 'Caseobliquin A', 'Methyl-8-(ethanoyloxy)-2,2-dimethyl-2H-chromene-6-carboxylate', 'arjunolic acid', 'stachysterone', 'Ethyl 2,4-dihydroxy-5,6-dimethylbenzoate', 'Amentoflavone 7”,4”’-dimethyl ether', 'Picramnioside F', 'Lauryl gallate', 'Acetonide of odoratol', '(−)-Grandisin', '24-methylenecycloartan-3b-ol', 'Ixoside', '2β-Hydroxyzuelanin-6β-cinnamate', 'Cognatine', 'Fagaramide']]",doi_name
"['10.1590/S0103-50532005000800029', 'Phomopsilactone']","['10.1590/S0103-50532005000800029', [""3',4',5',3,5,7,8-heptamethoxyflavone"", ""3,5,6,7,3',4',5'-heptamethoxyflavonol"", 'guaiol', 'Hinesol', 'γ-eudesmol', 'α-eudesmol', 'Kaempferol-3-O-rutinoside', 'Kaempferol-3-O-α-L-rhamnopyranosyl-(1→6)-β-D-galactopyranoside', 'Catechin, Ent-catechin', 'Kaempferol-3-O-α-L-rhamnopyranosyl-(1-6)-α-L-rhamnopyranosyl-(1-4)-β-D-glucopyranoside', 'Kaempferol-3-O-D-glucopyranoside', 'Procyanidin B-3', 'Quercetin-3-O-α-L-rhamnopyranosyl-(1→6)-β-D-galactopyranoside', 'Kaempferol-3-O-D-galactopyranoside', '6-Hydroxy-rutin', 'Galioside aglicone', 'Teucrein', '11-O-trans-feruloylteucrein', 'Galioside', 'Apodanthoside', ""3,4-dimethyl-2-(4'-hydroxy-3',5'-dimethoxyphenyl)-5-methoxy-tetrahydrofuran"", '(+)-α-Hydroxyerysotrine', '(+)-Erythravine', '(+)-11α-Hydroxyerythravine', '4-metoxi-6-[2-(metilamino)fenil]- 2H-piran-2-ona', 'Tagitinin C', '1-methoxy-3-hydroxy-3,10b-4,5a-diepoxy-8b-isobutyroyloxygermacr-11(13)-en-6a,12-olide', 'Nitensidine E', 'Nitensidine D', 'Dimethyl terephthalate', 'Ergosterol peroxide', 'Pimara-7,15-dien-3β-ol', '8-hydroxy-6-methoxy-3-methylisocoumarin', '(22E,24R)-ergosta-4,6,8(14),22-tetraen-3-one', 'Methyl (3R,4R,5R)-3-{[(2E)-3-(3,4-dihydroxyphenyl)-2-propenoyl]oxy}-1,4,5-trihydroxycyclohexanecarboxylate', 'Methyl (3R,4R,5R)-3-{[(2Z)-3-(3,4-dihydroxyphenyl)-2-propenoyl]oxy}-1,4,5-trihydroxycyclohexanecarboxylate', 'Beauvericin', 'Anhydrofusarubin', 'Aphidicolin', 'Chlorogenic acid methyl ester, Methyl (1S,3R,4R,5R)-3-{[(2E)-3-(3,4-dihydroxyphenyl)-2-propenoyl]oxy}-1,4,5-trihydroxycyclohexanecarboxylate', '17-(3,4-Methylenedioxyphenyl)-heptadecanoic acid', '(+)-Guaiacin', '21´-(3,4-Methylenedioxyphenyl)-henicosanoic acid', 'Sargaquinoic acid', ""7,4'-Dihydroxyflavone"", '19´-(3,4-Methylenedioxyphenyl)-nonadecanoic acid', 'Sargachromenol', ""7,4'-Dimethoxyflavone"", 'Farnisine', 'Tithonine', 'Fasciculiferin', ""Juruenolic acid; 2-(4'-Methylpentenyl-3)-10-oxoundecan-2,6-dienoic acid"", 'Taraxerol acetate', 'Cordifoline', 'Strictosidine acid', '3,4-dehydro-strictosidine', 'Turbinatine', 'Harman-3-carboxylic acid', '5α-carboxystrictosidine', '3,4-dehydrostrictosidine acid', 'Deoxycordifoline', '5,7-dimethoxy-2,2-dimethyl-2H-1-benzopyran-6-propanoic acid', '5,7-dimethoxy-2,2-dimethyl-2H-1-benzopyran-6-propanoate', '9-hydroxyeugenin', 'Mycoleptone A', 'Mycoleptone A tetraacetate', 'Eugenitin', 'Austdiol diacetate', '6-methoxyeugenin', 'Austdiol', 'Mycoleptone B', ""4-Hydroxy-3-(3',7'-dimethyl-3'-hydroxy-1'-oxo-6'-octenyl)benzoic acid"", ""4-Hydroxy-(3',7'-dimethyl-1'-oxo-octa-2'-E-6'-dienyl)benzoic acid"", ""Sakuranetin; 5,4'-dihydroxy-7-methoxyflavanone"", ""1,4-Dihydroxy-2-(3',7'-dimethyl-1'-oxo-2'-E-6'-octadienyl)benzene"", ""Isosakuranetin; 5,7-dihydroxy-4'-methoxyflavanone"", ""2-(1'-pentenyl)-Quinoline"", '2-n-Propylquinoline', ""2-(3',4'-methylenedioxyphenylethyl)-Quinoline"", '2-n-Pentylquinoline', '2-Episesalatin', ""Isoswertisin-2''α1-L-rhamnoside"", 'Sesartemin', 'Clusifoliol', ""Isoswertisin-4'-methyl-ether-2''α-L-rhamnoside"", '21β,25-dimethylmelianodiol', '21α,25-dimethylmelianodiol', '3,21-Di-epi-feroniellide B', ""Methyl 4-hydroxy-3-(3'-methyl-2'-hydroxy-3'-butenyl)benzoate"", ""4-Hydroxy-(3',7'-dimethyl-1'-oxo-octa-2'-Z-6'-dienyl)benzoic acid"", ""Aduncumene; Methyl 2-methoxy-5-(3'-methyl-1'-oxo-2'-butenyl)benzoate"", 'Methyl 2,2-dimethyl-1-oxo-2H-1-benzopyran-6-carboxylate', ""Methyl taboganate; Methyl 4-hydroxy-3-(3'-methyl-1'-oxo-2'-butenyl)benzoate"", '3,4,5-Trimethoxydihydrocinnamic acid', ""Methyl 4-hydroxy-3-(3'-methyl-2'-butenyl)benzoate"", ""2',6'-Dihydroxy-4'-methoxydihydrochalcone"", ""Hostmaniene; 4-Hydroxy-3-(2',3'-dihydroxy-3'-methylbutyl)benzoate"", 'Piperaduncine B', ""4-Hydroxy-3-(3',7'-dimethylocta-2'-E-6'-dienyl)benzoic acid"", '(-)-3-O-acetyl-spectaline', 'Secoxyloganin', '7-Methoxydiderroside', 'Diderroside', ""6'-Acetyl-β-D-glucopyranosyldiderroside"", 'Verrucosin', 'Epi-guaiacin', '7-Methyl-sargachromenol; 2,7,8-Trimethyl-2-[(3-E,7-Z)-4,12-dimethyl-8-carboxyl-3,7,11-tridecatrienyl]-3-chromen-6-ol, β-caroteno', 'Nectandrin B', 'penduletin 4-O-methyl ether', '2α,3α,19α- trihydroxyurs-12-en-28-oic acid', '3,3-O-dimethylquercetin', '2α,3α-dihydroxyolean-12- en-28-oic acid', '3-O-methylquercetin', 'p-hydroxybenzoic acid', '3,7,4-O-trimethylkaempferol', 'Chrysoeriol', 'acacetin', ""Rel-(7R,8S,7'S,8'S)-4,5,4',5'-dimethylenedioxy-3,3'-dimethoxy-7,7'-epoxylignan"", ""Rel-(7R,8S,7'S,8'S)-4'-hydroxy-3,4,5,3',5'-pentamethoxy-7,7'-epoxylignan"", ""Rel-(7R,8S,7'S,8'S)-4-hydroxy-4',5'-methylenedioxy-3,5,3'-trimethoxy-7,7'-epoxylignan"", ""Rel-(7R,8S,7'S,8'S)-9-hydroxy-4',5'-methylenedioxy-3,4,5,3'-tetramethoxy-7,7'-epoxylignan"", ""Rel-(7R,8S,7'S,8'S)-4',5'-methylenedioxy-3,4,5,3'-tetramethoxy-7,7'-epoxylignan"", ""2'-hydroxy-3,4,4'-trimethoxy-5',6'-(2'',2''-dimethylpyrano)-chalcone"", ""3',4'-methylenedioxy-5,5',6,7-tetramethoxyflavone"", ""3',4'-methylenedioxy-5,6,7- trimethoxyflavone"", ""3',4'-methylenedioxy-5,7-dimethoxyflavone"", 'astilbin; Rel-(2R, 3R)-dihydroquercetin-3-O-±-L-rhamnoside', 'Pellitorine', '(3Z,5Z)-N-isobutyl-8-(30,40-methylenedioxy-phenyl)-heptadienamide', '(E)-piplartine', '4,5-dihydropiperyline', '(Z)-piplartine; 8(Z)-N-(12,13, 14-trimethoxycinnamoyl)- 3-pyridin-2-one', '10,11-dihydropiperine; Δα,β-dihydropiperine', '8,9-dihydropiplartine; N-(12,13,14-trimethoxydihydrocinnamoyl)-Δ3-pyridin-2-one', '4,5-dihydropiperlonguminine; Piperlonguminine', 'Piperine', ""N-[3-(6'-methoxy-3',4'-methy-lenedioxyphenyl)-2(Z)-propenoyl]pyrrolidine"", 'Methacrylic acid', 'α-Gardiol', 'β-Gardiol', 'Ferulic acid', 'Pyranofoline', '1,3,5-trihydroxy- 2,8-bis(3-methylbut-2-enyl)-10-methyl-9-acridone', 'Citrusinine-I', '5-hydroxynoracronycine; Atalaphyllidine', 'Glycocitrine-I', 'Citrusinine-II', 'Glycocitrine-IV', '3,4-dihydro-3,5,8-trihydroxy-6-methoxy-2,2,7-trimethyl-2Hpyrano[ 2,3-a]acridin-12(7H)-one', '1,3,5-trihydroxy-4-methoxy-10-methyl- 2,8-bis(3-methylbut-2-enyl)acridin-9(10H)-one', 'Xanthyletin', 'cyclo (L)-Pro-Gly', 'Isopimpinellin', 'Stearic acid 4-pentoyloxyphenethyl ester', 'Piscidinol A', '3,11-dioxoolean-12-en-28- onic acid', 'Iso-odoratol', 'cryptomeridiol', 'Pentaol', 'Oleanonic acid', 'Hispidol A', 'Nilocetin', '2,3-dihydro-4,9-dihydroxy-2-(2-hydroxy-propan-2-yl)- 11-methoxy-10-methylfuro[3,2-b]acridin-5(10H)-one', 'Citibrasine', 'bis-5-hydroxyacronycine', ""4-Methoxy-3-(3',7'-dimethylocta-2'-E-6'-dienyl)benzoic acid"", 'Methyl-8-hydroxy-2,2-dimethyl-2H-chromene-6-carboxylate', ""3-(3',7 '-dimethyl-2',6 '-octadienyl)-4-methoxy-benzoic acid"", 'β-caryophyllene, trans-caryophyllene', 'Cuspanine; 1-hydroxy-2,3,5,6-tetramethoxy-9-acridone', 'Cusculine; 1,2,3,5,6-pentamethoxy-9-acridone', '2α,3α-Dihydroxy-urs-12-en-28-oic acid', 'Oleanolic acid 3-sophoroside', '3-O-β-D-(6’-methyl)-glucopyranosyl-28-O-β-D-glucopyranosyl-oleanate', 'Haplotusine', 'β-Sitosterol benzoate', '5-hydroxyflavone', '2-phenyl-4H-chromen-4-one', 'Sinapyl 4-O-β-D-glucopyranoside aldehyde', 'Sinapyl 4-O-β-D-glucopyranoside alcohol', 'Liriodenine', 'N-acetylnonaine', '[10]-gingerol', ""2,4-Dihydroxy-6-[(1'E,3'E)-penta-1', 3'-dienyl]-benzaldehyde"", '2-methyl-5-[8(Z)-pentadecenyl]resorcinol', 'Kaempferol', '2-hydroxyphenylacetic acid', '3-O-β-D-quinovopyranosyl quinovic acid', '(4R)-4,8-dihydroxy-α-tetralone', 'scillascillin', 'Chlorogenic acid', 'Chalepin', 'Nitensidine A', 'Fagaramide', 'Quercitrin, 3-O-α-rhamnosylquercetin', 'Caseobliquin A', 'Methyl angolensate', ""5-(3'' -Hydroxypropyl)-7-methoxy-2-(3',4' -methyl-enedioxyphenyl)benzofuran"", 'ellagic acid 4-O-α-L-rhamnopyranoside; eschweilenol C', 'Mayoside C', 'Ourateacatechin', ""3',4',5',5,7-pentamethoxyflavone"", '2-methyl-5-pentadecylresorcinol', '3β-hydroxy-stigmast-5-en-7-one; 24-β-7-oxositosterol', 'Gallic acid; 3,4,5-trihydroxybenzoic acid', 'Trans-3’-methylsulphonylallyl trans-cinnamate', '(3-(2-(4-hydroxyphenyl)-2-oxoethyl)-5,6-dihydropyridin- 2(1H)-one)', 'Mangiferin', 'Viburgenin', ""Pterogynoside; Kaempferol-3-O-(3''-O-4'''-methylgallate-α-L-rhamnoside)"", 'Isobutyl gallate', '7′-multijuguinone', 'Griseofulvin', ""7-Hydroxy-4',6-dimethoxyisoflavone; Afrormosin; Afromosin"", 'Maculosidine', 'Podocarpusflavone A', 'Casearupestrin C', '6α-malonyloxy-n-butyl ester manoyl oxide', 'citrusinine-I', 'Ricinine', 'Leptophyllin A', '5-pentadecylresorcinol', 'Piperol B', '(-)-Hardwickiic acid', 'Cognatine', ""8-hydroxy-3,5,7,3',4',5'-hexamethoxyflavonol"", 'Odoratol', 'Leptomerine', '5-hydroxy-N-methylseverifoline', '19,20-Epoxycytochalasin N', 'Nitensidine B', '1-methyl-2-n-nonyl-4-quinolone', '5-[8(Z),11(Z),14-pentadecatrienyl]resorcinol', 'Kokusaginine', ""2-(2'-O-trans-caffeoyl)-C-β-D-glucopyranosyl-1,3,6,7-tetrahydroxyxanthone"", 'Netzahualcoyene', 'Casearin X Dialdehyde; (2R*,4aS*,5S*,7R*,8R*,8aS*)-4,4a-Diformyl-1,2,4a,5,6,7,8,8a-octahydro-5-hydroxy-7,8-dimethyl-8-[(2Z)-3-methylpenta-2,4-dien-1-yl]naphthalen-2-yl Butanoate', 'polypodine B', 'n-Propyl gallate', ""3',4',5',5,7,8-hexamethoxyflavone"", 'Isopropyl gallate', '6β-hydroxy-7-epigardoside methyl ester', 'Tetrahydropiperyline, N-[10-(13,14-methylenedioxyphenyl)-pentanoyl]-pyrrolidine', 'Piperovatine', '2,4,6-trimethoxybenzoic acid', '1-O-(E)-caffeoyl-β-D-glucopyranoside', '2-Methyl-4-hydroxy-butyl caffeoate', 'N-1,N-2,N-3-Triisopentenylguanidine', 'Dibenzyl trisulphide', 'Maytenin, Tingenone', '19,20-Epoxycytochalasin D', 'fumiquinozoline F', 'Kaempferol 3-O-α-L-rhamnopyranosyl (1→6)-O-[β -D-glucopyranosyl (1→3)-O-α-L-rhamnopyranosyl-(1→2)]-O-β -D-glucopyranosyl', '3β-O-[α-L-rhamnopyranosyl-(1→2)-O-β-D-glucopyranosyl-(1→2)-O-β-D-glucopyranosyl]-28-O-β-D-glucopyranoside pomolate', 'Dibenzyl tetrasulphide', ""2',5-dihydroxy-3-methoxy-8-dimethylallyl-6, 7-(2' ',2''-dimethylpyrano)-dihydroflavonol"", '2-n-nonyl-4-quinolone', 'Cytochalasin D', 'Rel-2α-hydroxyzuelanin-6β-benzoate', '2,6-di-O-acetylcasearupestrin D', ""Methyl-2,2-dimethyl-8-(3'-methylbut-2'-enyl)chroman-6-carboxylate"", '2,7-Di-O-acetylcasearupestrin A', 'Isoorientin', 'Uracil', 'urauchimycin A', 'p-Coumaric acid', '(-)-Epigallocatechin', 'Netzahualcoyonol', '1-[3-(3,7-dimethylocta-2,6-dien-1-yl)-2,4,6- trihydroxyphenyl]-3-(4-hydroxyphenyl)propan-1-one', '6α-malonyloxymanoyl oxide', 'Benzylhydroxymethyl sulphide', '1,6-di-O-caffeoyl-β-D-glucopyranoside', '2-methyl-5-[8(Z),11(Z),14-pentadecatrienyl]resorcinol', 'urauchimycin B', 'Homoegonol', '[8]-gingerol', ""5-[3''-(β-D-glucopyranosyloxy)propyl]-7-methoxy-2-(3',4'-methylenedioxyphenyl)benzofuran"", '28-O-β-D-glucopyranosyl quinovic acid', 'Photogedunin', 'Casearin X; (1R*,3S*,5S*,6aR*,7S*,8S*,10R*,10aR*)-1-(Acetyloxy)-3,5,6,6a,7,8,9,10-octahydro-10-hydroxy-7,8-dimethyl-7-[(2Z)-3-methylpenta-2,4-dien-1-yl]naphtho[1,8a-c]furan-3,5-diyl Dibutanoate', '4-Hydroxymellein', '5-hydroxymellein', 'fraxinellonone', 'Dibenzyl sulphide', '(-) Cis-4-hydroxy-6-deoxyscytalone', 'Plumericin', '5-[8(Z),11(Z)-pentadecadienyl]resorcinol', '(-)-Spectalinine', '20-hydroxyecdysone; polypodine A', '3-Acetyl aleuritolic acid', 'Alkenoic acid', 'Quercetin 3-O-α-L-rhamnopyranosyl (1→6)-O-[β -D-glucopyranosyl (1→3)-O-α-L-rhamnopyranosyl-(1→2)]-O-β -D-glucopyranosyl', 'Heveaflavone', 'Arboreumine', '3,4,5-trimethoxyphenyl 1-O-β-D-apiofuranosyl-(1→6)-O-β-D-glucopyranoside', 'β-photogedunin', 'n-Butyl gallate', '3-Oxoursolic acid', 'Casearupestrin B', 'toonacilin', 'Pedalitin', '1-O-(E)-feruloyl-β-D-glucopyranoside', '19,20-Epoxycytochalasin C', 'n-Pentyl gallate', 'Orcinol', 'Periconicin B', 'Phomopsilactone', ""(2S)-8-Isopentyl-2-methyl-2-(4'-methylpentyl)chroman-6-carboxylic acid"", '2,2-dimethyl-2H-chromene-6-carboxylic acid', '1,2-dihydro- 3β-hydroxy-7-deacetoxy-7-oxogedunin', 'Casearupestrin D', 'Chaetoglobosin B', ""2-(2'-O-benzoyl)-C-β-D-glucopyranosyl-1,3,6,7-tetrahydroxyxanthone"", 'Isoplumericin', 'Skimmianine', 'α-L-xylopyranosyl-(4""→20)-(3-O-β-D-glucopyranosyl)-1\'-O-E-caffeoyl-β-D-glucopyranoside', ""2-(R)-Methyl-6-(S)-(tetradecyl-13'-one)-3(R)-O-tert-butyldimethylsilyl-piperidine"", '(2S)-Methyl-2-methyl-8-(3""-methylbut-2""-enyl)-2-(4\'-methylpent-3\'-enyl)-2H-chromene-6-carboxylate', 'Casearin T', 'Piperyline, N-[10-(13,14-methylenedioxyphenyl)-7(E),9(E)-pentadienoyl]-pyrrolidine', 'ω-fenil alcanoic acid', '2-butyl-D-fructofuranoside', ""Gaudichaudianic acid; (2S)-2-methyl-2-(4'methyl-3'-pentenyl)-8-(3''-methyl-2-butenyl)- 2H-1-benzopyran-6-carboxylic acid"", 'limonexic acid', 'Netzahualcoyondiol', 'Pristimerin; 20α-3-hydroxy-2-oxo-24-nor-friedela-1-10,3,5,7-tetraen-carboxylic acid-29-methylester', 'Burchellin', '5-[8(Z)-pentadecenyl]resorcinol', 'Luteolin; 2-(3,4-dihydroxyphenyl)-5,7-dihydroxy-4H-chromen-4-one', 'Sinapic acid', '19,20-Epoxycytochalasin Q', ""5-[3''-(β-D-glucopyranosyloxy)propyl]-7-methoxy-2-(3',4'-dimethoxyphenyl)benzofuran"", '3,12-Dihydroxycadalene', '7-hydroxy-3- (11-dimethylallyl)-8-methoxycoumarin', ""N-[7-(3',4'-methylenedioxyphenyl)-2(Z),4(Z)-heptadienoyl]pyrrolidine"", ""Acteoside; [β-3,4-dihydroxyphenyl)-ethyl]-(3'-O-α-L-rhamnopyranosyl)-(4'-O-cafeoyl)-β-D-glycopyranoside, verbascoside"", 'Di(benzyltrithio) methane', '3,11,12-Trihydroxycadalene', 'Quercetin 3-O-sophoroside', '(3R,4R)-3,4-Dihydro-4,6-dihydroxy-3-methyl-1-oxo-1H-isochromene-5-carboxylic acid', '24-methylene-3,22-dihydroxycholesterol', 'amorphispironone', 'N-[10- (13,14-methylenedioxyphenyl)-7(E)-pentaenoyl]-pyrrolidine', '2-Methyl-5-methoxy-benzopyran-4-one', '3,4-dihydroxybenzoic acid geranyl ester', '6α-acetoxy-14β,15β-epoxyazadirone', 'epoxy-fraxinellone', '12′-hydroxy-7′-multijuguinone', 'p-hydroxybenzoic acid-geranyl ester', 'Dibenzyl disulphide', 'Proanthocyanidin', 'neoisoastilbin', '(R)-7-Hydroxymellein', '6α-acetoxymanoyl oxide', 'Methyl-8-hydroxy-2,2-dimethylchroman-6-carboxylate', 'N-[10-(13,14-methylenedioxyphenyl)-7(E),9(Z)-pentadienoyl]-pyrrolidine', '6-[8(Z)-pentadecenyl]salicylic acid', '(2S)-2-methyl-8-(3""-methylbut-2""-enyl)-2-(4\'-methylpent-3\'-enyl)-2H-chromene-6-carboxylic acid', '6-[ 8(Z),11(Z) -pentadecadienyl] salicylic acid', 'Gedunin', 'Pedalin, pedalitin 6-O-β -glucopyranoside', 'Caseargrewiin F; (1R*,3S*,5S*,6aR*,7S*,8R*,10R*,10aR*)-1,3-Bis(acetyloxy)-3,5,6,6a,7,8,9,10-octahydro-10-hydroxy-7,8-dimethyl-7-[(2Z)-3-methylpenta-2,4-dien-1-yl]naphtho[1,8a-c]furan-5-yl Butanoate', 'Casearin L; (1R*,3S*,5S*,6aR*,7R*,8R*,9S*,10S*,10aR*)-1,10-Bis(acetyloxy)-3,5,6,6a,7,8,9,10-octahydro-9-hydroxy-5-methoxy-7,8-dimethyl-7-[(2Z)-3-methylpenta-2,4-dien-1-yl]naphtho[1,8a-c]-furan-3-yl Butanoate', 'Platydesmine', 'Leiokinine A', 'Cabraleadiol', '19,20-Epoxycytochalasin R', 'Muraxanthone', '3,4,5-Triacetoxybenzoic acid', 'Odoratone', 'Rel-6β-hydroxyzuelanin-2β-benzoate', 'shidasterone', '5-hydroxymethyl- 2-furancarboxaldehyde; 5-hydroxymethyl-2-furfuraldehyde', 'atalaphyllinine', 'Casearin S', '11β-acetoxyobacunone', '1-(5,7-dihydroxy-2,2-dimethylchroman- 6-yl)-3-[4-hydroxy-3-(3-methylbut-2-en-1-yl)- phenyl]propan-1-one', '(3R,4R)-4,7-Dihydroxymellein', ""Nitensoside B; Pedalitin 6-O-α-rhamnopyranosyl(1'''→6'')-β-glucopyranoside"", 'Methyl gallate', '3-O-β-D-quinovopyranosyl cincholic acid', 'Afzelin, 3-O-α-rhamnosyl kaempferol', 'Egonol', 'Kaempferitrin', 'Nitensidine C', 'Dipropyl disulphide', '2-methyl-5-[8(Z),11(Z)-pentadecadienyl]resorcinol', 'Methyl 6,7,8-trimethoxydihydrocinnamate', '2-Hexyl-3-methyl-butanodioic acid', 'fraxinellone', ""Myrsinoic acid A, 3-Geranyl-4-hydroxy-5-(3'',3''-dimethylallyl)benzoic acid"", '20α-Hydroxymaytenin; 20-hydroxy-20-epi-tingenone', '(-)-Epigallocatechin-3-O-gallate', 'Casearin D; (1R*,3S*,5S*,6aR*,7R*,8R*,9S*,10S*,10aR*)-1-(Acetyloxy)-3,5,6,6a,7,8,9,10-octahydro-5,10-dihydroxy-7,8-dimethyl-7-[(2Z)-3-methylpenta-2,4-dien-1-yl]naphtho[1,8a-c]furan-3,9-diyl Dibutanoate', 'Rel. (+)-(7S,10S) 3,12-dihydroxycalamenene', 'carlinoside', 'Methyl-8-(ethanoyloxy)-2,2-dimethyl-2H-chromene-6-carboxylate', 'Amentoflavone', '1-(5,7-dihydroxy-2,2-dimethylchroman-6-yl)-3-(1,1,4a-trimethyl-2,3,4,4a,9a-hexahydro-1H-xanthen-7-yl)propan-1-one', 'schaftoside', ""(2S)-Methyl-8-isopentyl-2-methyl-2-(4'-methylpentyl)chroman-6-carboxylate"", 'Casearupestrin A', '2-oxo-piperol B; (7S*, 8R*, 1R*, 3R*)-3,4,5-trimethoxy-3,7-cyclo-8,1-neolig-8-ene-2,4(3H)-dione', 'taxifolin', ""(2'S)-2-(propan-2'-ol)-5-hydroxy-benzopyran-4-one"", 'Rel-(+)-(7S,9R,10S)-3,9,12-trihydroxycalamenene', '2β-Hydroxyzuelanin-6β-cinnamate', 'arjunolic acid', 'stachysterone', 'Ethyl 2,4-dihydroxy-5,6-dimethylbenzoate', 'Amentoflavone 7”,4”’-dimethyl ether', 'Picramnioside F', 'Lauryl gallate', 'Syringaldehyde', '22-hydroxytirucalla-7,24-diene-2,3-dione', '4-Nerolidilcatechol', ""2-(2'-O-transcoumaroyl)-C-β-D-glucopyranosyl-1,3,6,7-tetrahydroxyxanthone"", 'Syringic acid', '(+)-3-O-feruloylcassine', 'Salacin', '6-pentadecylsalicylic acid', 'Methyl-2,2-dimethylchroman-6-carboxylate', '22β-hydroxypristimerin', '1- (5,7-dihydroxy-2,2-dimethylchroman-6-yl)-3-(2,2-dimethylchroman- 6-yl)propan-1-one', 'Canavaline', 'Di-hydrodehydrodiconiferyl alcohol', 'Quercetin', ""2-(2'-O-trans-cinnamoyl)-C-β-D-glucopyranosyl-1,3,6,7-tetrahydroxyxanthone"", 'Ocotillone', 'des-N-methylnoracronycine', 'Sorbifolin 6-O-β-glucopyranoside', 'Methyl (E)-6,7,8-trimethoxycinnamate', '3,4,5-Trimethoxyphenyl-1-O-β-D-(5-O-syringoyl)-apiofuranosyl-(1→6)-β-D-glucopyranoside', '6-[8(Z),11(Z),14-pentadecatrienyl]salicylic acid', 'Sorbifolin', ""Nitensoside A; Sorbifolin 6-O-α-rhamnopyranosyl(1'''→6'')-β-glucopyranoside"", 'Casearin O; (1R*,3S*,5S*,6aR*,7R*,8R*,9S*,10S*,10aR*)-1,10-Bis(acetyloxy)-5-methoxy-7,8-dimethyl-7-[(2Z)-3-methylpenta-2,4-dien-1-yl]-3,5,6,6a,7,8,9,10-octahydronaphtho[1,8a-c]furan-3,9-diyl Dibutanoate', 'germacrene D', '8-methoxymellein', '(±)-Syringaresinol', 'Cyclo-(L-Pro-L-Val)', 'Acetonide of odoratol', '(−)-Grandisin', '24-methylenecycloartan-3b-ol', 'Ixoside']]",doi_name
"['10.1016/S0031-9422(00)00225-9', ""5-(3'' -Hydroxypropyl)-7-methoxy-2-(3',4' -methyl-enedioxyphenyl)benzofuran""]","['10.1016/S0031-9422(00)00225-9', ['guaiol', 'γ-eudesmol', 'Hinesol', 'α-eudesmol', ""2'-hydroxy-3,4,4'-trimethoxy-5',6'-(2'',2''-dimethylpyrano)-chalcone"", ""3',4'-methylenedioxy-5,6,7- trimethoxyflavone"", ""3',4'-methylenedioxy-5,5',6,7-tetramethoxyflavone"", ""3',4'-methylenedioxy-5,7-dimethoxyflavone"", 'Teucrein', '11-O-trans-feruloylteucrein', 'Galioside aglicone', 'Galioside', 'Apodanthoside', 'Mycoleptone A', '9-hydroxyeugenin', 'Austdiol', 'Mycoleptone A tetraacetate', 'Mycoleptone B', '6-methoxyeugenin', 'Austdiol diacetate', 'Eugenitin', 'Xanthyletin', '2-n-Pentylquinoline', ""2-(3',4'-methylenedioxyphenylethyl)-Quinoline"", ""2-(1'-pentenyl)-Quinoline"", '2-n-Propylquinoline', 'Secoxyloganin', 'Diderroside', '7-Methoxydiderroside', ""6'-Acetyl-β-D-glucopyranosyldiderroside"", 'Chlorogenic acid methyl ester, Methyl (1S,3R,4R,5R)-3-{[(2E)-3-(3,4-dihydroxyphenyl)-2-propenoyl]oxy}-1,4,5-trihydroxycyclohexanecarboxylate', 'Kaempferol-3-O-α-L-rhamnopyranosyl-(1-6)-α-L-rhamnopyranosyl-(1-4)-β-D-glucopyranoside', 'Procyanidin B-3', 'Catechin, Ent-catechin', 'Kaempferol-3-O-D-glucopyranoside', 'Quercetin-3-O-α-L-rhamnopyranosyl-(1→6)-β-D-galactopyranoside', '6-Hydroxy-rutin', 'Kaempferol-3-O-D-galactopyranoside', 'Kaempferol-3-O-rutinoside', 'Kaempferol-3-O-α-L-rhamnopyranosyl-(1→6)-β-D-galactopyranoside', 'Epi-guaiacin', 'Verrucosin', '7-Methyl-sargachromenol; 2,7,8-Trimethyl-2-[(3-E,7-Z)-4,12-dimethyl-8-carboxyl-3,7,11-tridecatrienyl]-3-chromen-6-ol, β-caroteno', 'Nectandrin B', ""4-Methoxy-3-(3',7'-dimethylocta-2'-E-6'-dienyl)benzoic acid"", ""3-(3',7 '-dimethyl-2',6 '-octadienyl)-4-methoxy-benzoic acid"", 'Methyl-8-hydroxy-2,2-dimethyl-2H-chromene-6-carboxylate', 'bis-5-hydroxyacronycine', 'Citibrasine', '2,3-dihydro-4,9-dihydroxy-2-(2-hydroxy-propan-2-yl)- 11-methoxy-10-methylfuro[3,2-b]acridin-5(10H)-one', 'penduletin 4-O-methyl ether', '3,3-O-dimethylquercetin', '2α,3α,19α- trihydroxyurs-12-en-28-oic acid', '3,7,4-O-trimethylkaempferol', '3-O-methylquercetin', 'Chrysoeriol', 'p-hydroxybenzoic acid', 'acacetin', '2α,3α-dihydroxyolean-12- en-28-oic acid', 'Sargachromenol', 'Sargaquinoic acid', ""7,4'-Dihydroxyflavone"", 'Farnisine', ""7,4'-Dimethoxyflavone"", '(+)-Guaiacin', '21´-(3,4-Methylenedioxyphenyl)-henicosanoic acid', '19´-(3,4-Methylenedioxyphenyl)-nonadecanoic acid', '17-(3,4-Methylenedioxyphenyl)-heptadecanoic acid', 'Fasciculiferin', ""Juruenolic acid; 2-(4'-Methylpentenyl-3)-10-oxoundecan-2,6-dienoic acid"", 'Tithonine', 'Taraxerol acetate', '21β,25-dimethylmelianodiol', '21α,25-dimethylmelianodiol', '3,21-Di-epi-feroniellide B', 'Tagitinin C', '1-methoxy-3-hydroxy-3,10b-4,5a-diepoxy-8b-isobutyroyloxygermacr-11(13)-en-6a,12-olide', ""Rel-(7R,8S,7'S,8'S)-9-hydroxy-4',5'-methylenedioxy-3,4,5,3'-tetramethoxy-7,7'-epoxylignan"", ""Rel-(7R,8S,7'S,8'S)-4,5,4',5'-dimethylenedioxy-3,3'-dimethoxy-7,7'-epoxylignan"", ""Rel-(7R,8S,7'S,8'S)-4'-hydroxy-3,4,5,3',5'-pentamethoxy-7,7'-epoxylignan"", ""Rel-(7R,8S,7'S,8'S)-4',5'-methylenedioxy-3,4,5,3'-tetramethoxy-7,7'-epoxylignan"", ""Rel-(7R,8S,7'S,8'S)-4-hydroxy-4',5'-methylenedioxy-3,5,3'-trimethoxy-7,7'-epoxylignan"", 'cyclo (L)-Pro-Gly', 'Isopimpinellin', 'Nilocetin', 'Hispidol A', 'cryptomeridiol', 'Pentaol', 'Oleanonic acid', 'Iso-odoratol', 'Piscidinol A', '3,11-dioxoolean-12-en-28- onic acid', '(+)-α-Hydroxyerysotrine', '(+)-Erythravine', '(+)-11α-Hydroxyerythravine', 'Clusifoliol', ""Isoswertisin-4'-methyl-ether-2''α-L-rhamnoside"", ""Isoswertisin-2''α1-L-rhamnoside"", '2-Episesalatin', 'Sesartemin', ""Isosakuranetin; 5,7-dihydroxy-4'-methoxyflavanone"", ""1,4-Dihydroxy-2-(3',7'-dimethyl-1'-oxo-2'-E-6'-octadienyl)benzene"", ""4-Hydroxy-3-(3',7'-dimethyl-3'-hydroxy-1'-oxo-6'-octenyl)benzoic acid"", ""Sakuranetin; 5,4'-dihydroxy-7-methoxyflavanone"", ""4-Hydroxy-(3',7'-dimethyl-1'-oxo-octa-2'-E-6'-dienyl)benzoic acid"", '5,7-dimethoxy-2,2-dimethyl-2H-1-benzopyran-6-propanoate', '(-)-3-O-acetyl-spectaline', ""3',4',5',3,5,7,8-heptamethoxyflavone"", ""3,5,6,7,3',4',5'-heptamethoxyflavonol"", ""Methyl 4-hydroxy-3-(3'-methyl-2'-butenyl)benzoate"", ""2',6'-Dihydroxy-4'-methoxydihydrochalcone"", 'Piperaduncine B', '3,4,5-Trimethoxydihydrocinnamic acid', ""Methyl taboganate; Methyl 4-hydroxy-3-(3'-methyl-1'-oxo-2'-butenyl)benzoate"", ""Hostmaniene; 4-Hydroxy-3-(2',3'-dihydroxy-3'-methylbutyl)benzoate"", 'Methyl 2,2-dimethyl-1-oxo-2H-1-benzopyran-6-carboxylate', ""4-Hydroxy-3-(3',7'-dimethylocta-2'-E-6'-dienyl)benzoic acid"", ""Methyl 4-hydroxy-3-(3'-methyl-2'-hydroxy-3'-butenyl)benzoate"", ""4-Hydroxy-(3',7'-dimethyl-1'-oxo-octa-2'-Z-6'-dienyl)benzoic acid"", ""Aduncumene; Methyl 2-methoxy-5-(3'-methyl-1'-oxo-2'-butenyl)benzoate"", 'Stearic acid 4-pentoyloxyphenethyl ester', '8-hydroxy-6-methoxy-3-methylisocoumarin', 'Ergosterol peroxide', '(22E,24R)-ergosta-4,6,8(14),22-tetraen-3-one', 'Dimethyl terephthalate', 'Pimara-7,15-dien-3β-ol', 'Nitensidine D', 'Nitensidine E', 'β-Gardiol', 'Ferulic acid', 'α-Gardiol', 'Methyl (3R,4R,5R)-3-{[(2E)-3-(3,4-dihydroxyphenyl)-2-propenoyl]oxy}-1,4,5-trihydroxycyclohexanecarboxylate', 'Methyl (3R,4R,5R)-3-{[(2Z)-3-(3,4-dihydroxyphenyl)-2-propenoyl]oxy}-1,4,5-trihydroxycyclohexanecarboxylate', 'astilbin; Rel-(2R, 3R)-dihydroquercetin-3-O-±-L-rhamnoside', 'Beauvericin', 'Anhydrofusarubin', ""3,4-dimethyl-2-(4'-hydroxy-3',5'-dimethoxyphenyl)-5-methoxy-tetrahydrofuran"", '10,11-dihydropiperine; Δα,β-dihydropiperine', '8,9-dihydropiplartine; N-(12,13,14-trimethoxydihydrocinnamoyl)-Δ3-pyridin-2-one', '4,5-dihydropiperyline', '4,5-dihydropiperlonguminine; Piperlonguminine', '(Z)-piplartine; 8(Z)-N-(12,13, 14-trimethoxycinnamoyl)- 3-pyridin-2-one', ""N-[3-(6'-methoxy-3',4'-methy-lenedioxyphenyl)-2(Z)-propenoyl]pyrrolidine"", '(E)-piplartine', 'Piperine', 'Pellitorine', '(3Z,5Z)-N-isobutyl-8-(30,40-methylenedioxy-phenyl)-heptadienamide', 'Methacrylic acid', 'Citrusinine-I', '1,3,5-trihydroxy- 2,8-bis(3-methylbut-2-enyl)-10-methyl-9-acridone', 'Pyranofoline', '1,3,5-trihydroxy-4-methoxy-10-methyl- 2,8-bis(3-methylbut-2-enyl)acridin-9(10H)-one', 'Citrusinine-II', '3,4-dihydro-3,5,8-trihydroxy-6-methoxy-2,2,7-trimethyl-2Hpyrano[ 2,3-a]acridin-12(7H)-one', 'Glycocitrine-I', '5-hydroxynoracronycine; Atalaphyllidine', 'Glycocitrine-IV', 'Aphidicolin', '5,7-dimethoxy-2,2-dimethyl-2H-1-benzopyran-6-propanoic acid', '3,4-dehydro-strictosidine', 'Turbinatine', 'Harman-3-carboxylic acid', 'Strictosidine acid', '3,4-dehydrostrictosidine acid', 'Cordifoline', '5α-carboxystrictosidine', 'Deoxycordifoline', 'β-caryophyllene, trans-caryophyllene', '4-metoxi-6-[2-(metilamino)fenil]- 2H-piran-2-ona', 'Cusculine; 1,2,3,5,6-pentamethoxy-9-acridone', 'Cuspanine; 1-hydroxy-2,3,5,6-tetramethoxy-9-acridone', '2α,3α-Dihydroxy-urs-12-en-28-oic acid', '3-O-β-D-(6’-methyl)-glucopyranosyl-28-O-β-D-glucopyranosyl-oleanate', 'Oleanolic acid 3-sophoroside', '5-hydroxyflavone', 'Haplotusine', 'β-Sitosterol benzoate', '2-phenyl-4H-chromen-4-one', 'Sinapyl 4-O-β-D-glucopyranoside aldehyde', 'N-acetylnonaine', 'Liriodenine', 'Sinapyl 4-O-β-D-glucopyranoside alcohol', 'Nitensidine A', '2-methyl-5-pentadecylresorcinol', '3β-hydroxy-stigmast-5-en-7-one; 24-β-7-oxositosterol', 'scillascillin', '(4R)-4,8-dihydroxy-α-tetralone', '[10]-gingerol', 'Homoegonol', '[8]-gingerol', '4-Hydroxymellein', '5-hydroxymellein', 'fraxinellonone', 'Dibenzyl sulphide', 'Griseofulvin', ""7-Hydroxy-4',6-dimethoxyisoflavone; Afrormosin; Afromosin"", '8-methoxymellein', '(±)-Syringaresinol', 'Sorbifolin 6-O-β-glucopyranoside', 'Rel-2α-hydroxyzuelanin-6β-benzoate', '2,6-di-O-acetylcasearupestrin D', ""Methyl-2,2-dimethyl-8-(3'-methylbut-2'-enyl)chroman-6-carboxylate"", '2,7-Di-O-acetylcasearupestrin A', 'Nitensidine B', ""2,4-Dihydroxy-6-[(1'E,3'E)-penta-1', 3'-dienyl]-benzaldehyde"", ""8-hydroxy-3,5,7,3',4',5'-hexamethoxyflavonol"", 'Odoratol', 'Leptomerine', '5-hydroxy-N-methylseverifoline', '19,20-Epoxycytochalasin N', 'ellagic acid 4-O-α-L-rhamnopyranoside; eschweilenol C', 'Viburgenin', 'Mayoside C', 'Ourateacatechin', 'Casearupestrin C', '6α-malonyloxy-n-butyl ester manoyl oxide', 'citrusinine-I', 'Ricinine', 'Leptophyllin A', '5-pentadecylresorcinol', 'Skimmianine', 'β-photogedunin', 'n-Butyl gallate', ""5-[3''-(β-D-glucopyranosyloxy)propyl]-7-methoxy-2-(3',4'-dimethoxyphenyl)benzofuran"", '3,12-Dihydroxycadalene', '7-hydroxy-3- (11-dimethylallyl)-8-methoxycoumarin', ""N-[7-(3',4'-methylenedioxyphenyl)-2(Z),4(Z)-heptadienoyl]pyrrolidine"", ""Acteoside; [β-3,4-dihydroxyphenyl)-ethyl]-(3'-O-α-L-rhamnopyranosyl)-(4'-O-cafeoyl)-β-D-glycopyranoside, verbascoside"", 'Ocotillone', 'des-N-methylnoracronycine', 'neoisoastilbin', '(R)-7-Hydroxymellein', '6α-acetoxymanoyl oxide', 'Methyl-8-hydroxy-2,2-dimethylchroman-6-carboxylate', '6α-acetoxy-14β,15β-epoxyazadirone', 'fumiquinozoline F', 'Kaempferol 3-O-α-L-rhamnopyranosyl (1→6)-O-[β -D-glucopyranosyl (1→3)-O-α-L-rhamnopyranosyl-(1→2)]-O-β -D-glucopyranosyl', '3β-O-[α-L-rhamnopyranosyl-(1→2)-O-β-D-glucopyranosyl-(1→2)-O-β-D-glucopyranosyl]-28-O-β-D-glucopyranoside pomolate', 'Dibenzyl tetrasulphide', ""2',5-dihydroxy-3-methoxy-8-dimethylallyl-6, 7-(2' ',2''-dimethylpyrano)-dihydroflavonol"", '1-methyl-2-n-nonyl-4-quinolone', '5-[8(Z),11(Z),14-pentadecatrienyl]resorcinol', 'Gallic acid; 3,4,5-trihydroxybenzoic acid', 'Quercitrin, 3-O-α-rhamnosylquercetin', 'Maculosidine', 'Podocarpusflavone A', 'Caseobliquin A', 'Methyl angolensate', ""5-(3'' -Hydroxypropyl)-7-methoxy-2-(3',4' -methyl-enedioxyphenyl)benzofuran"", '22β-hydroxypristimerin', '1- (5,7-dihydroxy-2,2-dimethylchroman-6-yl)-3-(2,2-dimethylchroman- 6-yl)propan-1-one', 'Canavaline', 'Di-hydrodehydrodiconiferyl alcohol', 'Quercetin', ""2-(2'-O-trans-cinnamoyl)-C-β-D-glucopyranosyl-1,3,6,7-tetrahydroxyxanthone"", 'Kokusaginine', ""2-(2'-O-trans-caffeoyl)-C-β-D-glucopyranosyl-1,3,6,7-tetrahydroxyxanthone"", 'Pristimerin; 20α-3-hydroxy-2-oxo-24-nor-friedela-1-10,3,5,7-tetraen-carboxylic acid-29-methylester', '3,4,5-trimethoxyphenyl 1-O-β-D-apiofuranosyl-(1→6)-O-β-D-glucopyranoside', 'p-hydroxybenzoic acid-geranyl ester', 'Dibenzyl disulphide', 'Proanthocyanidin', 'Nitensidine C', 'Dipropyl disulphide', '2-n-nonyl-4-quinolone', 'Cytochalasin D', 'Isoorientin', 'urauchimycin A', 'p-Coumaric acid', '(-)-Epigallocatechin', 'Netzahualcoyonol', '1-[3-(3,7-dimethylocta-2,6-dien-1-yl)-2,4,6- trihydroxyphenyl]-3-(4-hydroxyphenyl)propan-1-one', '6α-malonyloxymanoyl oxide', 'Benzylhydroxymethyl sulphide', '1,6-di-O-caffeoyl-β-D-glucopyranoside', '2-methyl-5-[8(Z),11(Z),14-pentadecatrienyl]resorcinol', '19,20-Epoxycytochalasin D', '3-Acetyl aleuritolic acid', 'Periconicin B', 'Phomopsilactone', ""(2S)-8-Isopentyl-2-methyl-2-(4'-methylpentyl)chroman-6-carboxylic acid"", '2,2-dimethyl-2H-chromene-6-carboxylic acid', '1,2-dihydro- 3β-hydroxy-7-deacetoxy-7-oxogedunin', 'Alkenoic acid', 'Quercetin 3-O-α-L-rhamnopyranosyl (1→6)-O-[β -D-glucopyranosyl (1→3)-O-α-L-rhamnopyranosyl-(1→2)]-O-β -D-glucopyranosyl', 'Heveaflavone', 'Arboreumine', '3-Oxoursolic acid', 'Casearupestrin B', 'toonacilin', 'Uracil', 'epoxy-fraxinellone', '12′-hydroxy-7′-multijuguinone', 'Kaempferitrin', 'Piperyline, N-[10-(13,14-methylenedioxyphenyl)-7(E),9(E)-pentadienoyl]-pyrrolidine', 'ω-fenil alcanoic acid', '2-butyl-D-fructofuranoside', ""Gaudichaudianic acid; (2S)-2-methyl-2-(4'methyl-3'-pentenyl)-8-(3''-methyl-2-butenyl)- 2H-1-benzopyran-6-carboxylic acid"", 'limonexic acid', 'Pedalitin', '1-O-(E)-feruloyl-β-D-glucopyranoside', '2-methyl-5-[8(Z),11(Z)-pentadecadienyl]resorcinol', 'Methyl 6,7,8-trimethoxydihydrocinnamate', '2-Hexyl-3-methyl-butanodioic acid', 'fraxinellone', '6-[ 8(Z),11(Z) -pentadecadienyl] salicylic acid', 'Casearupestrin A', '19,20-Epoxycytochalasin C', 'n-Pentyl gallate', 'Orcinol', 'Quercetin 3-O-sophoroside', '(3R,4R)-3,4-Dihydro-4,6-dihydroxy-3-methyl-1-oxo-1H-isochromene-5-carboxylic acid', '24-methylene-3,22-dihydroxycholesterol', 'amorphispironone', 'Casearupestrin D', 'Chaetoglobosin B', ""2-(2'-O-benzoyl)-C-β-D-glucopyranosyl-1,3,6,7-tetrahydroxyxanthone"", 'Isoplumericin', 'α-L-xylopyranosyl-(4""→20)-(3-O-β-D-glucopyranosyl)-1\'-O-E-caffeoyl-β-D-glucopyranoside', '6-[8(Z)-pentadecenyl]salicylic acid', 'Photogedunin', 'Casearin X; (1R*,3S*,5S*,6aR*,7S*,8S*,10R*,10aR*)-1-(Acetyloxy)-3,5,6,6a,7,8,9,10-octahydro-10-hydroxy-7,8-dimethyl-7-[(2Z)-3-methylpenta-2,4-dien-1-yl]naphtho[1,8a-c]furan-3,5-diyl Dibutanoate', '20-hydroxyecdysone; polypodine A', ""2-(R)-Methyl-6-(S)-(tetradecyl-13'-one)-3(R)-O-tert-butyldimethylsilyl-piperidine"", '(2S)-Methyl-2-methyl-8-(3""-methylbut-2""-enyl)-2-(4\'-methylpent-3\'-enyl)-2H-chromene-6-carboxylate', 'Casearin T', ""(2'S)-2-(propan-2'-ol)-5-hydroxy-benzopyran-4-one"", 'Maytenin, Tingenone', 'urauchimycin B', 'Netzahualcoyene', 'Casearin X Dialdehyde; (2R*,4aS*,5S*,7R*,8R*,8aS*)-4,4a-Diformyl-1,2,4a,5,6,7,8,8a-octahydro-5-hydroxy-7,8-dimethyl-8-[(2Z)-3-methylpenta-2,4-dien-1-yl]naphthalen-2-yl Butanoate', 'polypodine B', 'n-Propyl gallate', ""3',4',5',5,7,8-hexamethoxyflavone"", 'Isopropyl gallate', '6β-hydroxy-7-epigardoside methyl ester', 'Tetrahydropiperyline, N-[10-(13,14-methylenedioxyphenyl)-pentanoyl]-pyrrolidine', 'Piperovatine', '2,4,6-trimethoxybenzoic acid', '1-O-(E)-caffeoyl-β-D-glucopyranoside', 'Piperol B', '3,11,12-Trihydroxycadalene', 'Odoratone', 'Rel-6β-hydroxyzuelanin-2β-benzoate', 'shidasterone', '5-hydroxymethyl- 2-furancarboxaldehyde; 5-hydroxymethyl-2-furfuraldehyde', 'atalaphyllinine', '(2S)-2-methyl-8-(3""-methylbut-2""-enyl)-2-(4\'-methylpent-3\'-enyl)-2H-chromene-6-carboxylic acid', 'Burchellin', '5-[8(Z)-pentadecenyl]resorcinol', 'Luteolin; 2-(3,4-dihydroxyphenyl)-5,7-dihydroxy-4H-chromen-4-one', 'Sinapic acid', '19,20-Epoxycytochalasin Q', '19,20-Epoxycytochalasin R', 'Muraxanthone', 'Di(benzyltrithio) methane', '2-oxo-piperol B; (7S*, 8R*, 1R*, 3R*)-3,4,5-trimethoxy-3,7-cyclo-8,1-neolig-8-ene-2,4(3H)-dione', 'taxifolin', 'Caseargrewiin F; (1R*,3S*,5S*,6aR*,7S*,8R*,10R*,10aR*)-1,3-Bis(acetyloxy)-3,5,6,6a,7,8,9,10-octahydro-10-hydroxy-7,8-dimethyl-7-[(2Z)-3-methylpenta-2,4-dien-1-yl]naphtho[1,8a-c]furan-5-yl Butanoate', 'Casearin L; (1R*,3S*,5S*,6aR*,7R*,8R*,9S*,10S*,10aR*)-1,10-Bis(acetyloxy)-3,5,6,6a,7,8,9,10-octahydro-9-hydroxy-5-methoxy-7,8-dimethyl-7-[(2Z)-3-methylpenta-2,4-dien-1-yl]naphtho[1,8a-c]-furan-3-yl Butanoate', 'Platydesmine', 'Leiokinine A', 'Cabraleadiol', 'schaftoside', ""(2S)-Methyl-8-isopentyl-2-methyl-2-(4'-methylpentyl)chroman-6-carboxylate"", '3,4,5-Triacetoxybenzoic acid', 'Rel-(+)-(7S,9R,10S)-3,9,12-trihydroxycalamenene', 'Casearin S', '11β-acetoxyobacunone', '1-(5,7-dihydroxy-2,2-dimethylchroman- 6-yl)-3-[4-hydroxy-3-(3-methylbut-2-en-1-yl)- phenyl]propan-1-one', '(3R,4R)-4,7-Dihydroxymellein', ""Nitensoside B; Pedalitin 6-O-α-rhamnopyranosyl(1'''→6'')-β-glucopyranoside"", 'Amentoflavone', '1-(5,7-dihydroxy-2,2-dimethylchroman-6-yl)-3-(1,1,4a-trimethyl-2,3,4,4a,9a-hexahydro-1H-xanthen-7-yl)propan-1-one', 'Plumericin', '5-[8(Z),11(Z)-pentadecadienyl]resorcinol', '(-)-Spectalinine', 'Netzahualcoyondiol', '(-)-Hardwickiic acid', ""5-[3''-(β-D-glucopyranosyloxy)propyl]-7-methoxy-2-(3',4'-methylenedioxyphenyl)benzofuran"", '28-O-β-D-glucopyranosyl quinovic acid', '2-Methyl-4-hydroxy-butyl caffeoate', 'N-1,N-2,N-3-Triisopentenylguanidine', 'Dibenzyl trisulphide', 'N-[10- (13,14-methylenedioxyphenyl)-7(E)-pentaenoyl]-pyrrolidine', '2-Methyl-5-methoxy-benzopyran-4-one', '3,4-dihydroxybenzoic acid geranyl ester', 'N-[10-(13,14-methylenedioxyphenyl)-7(E),9(Z)-pentadienoyl]-pyrrolidine', 'Gedunin', 'Pedalin, pedalitin 6-O-β -glucopyranoside', 'Methyl-8-(ethanoyloxy)-2,2-dimethyl-2H-chromene-6-carboxylate', 'stachysterone', 'Methyl (E)-6,7,8-trimethoxycinnamate', '3,4,5-Trimethoxyphenyl-1-O-β-D-(5-O-syringoyl)-apiofuranosyl-(1→6)-β-D-glucopyranoside', '6-[8(Z),11(Z),14-pentadecatrienyl]salicylic acid', 'Sorbifolin', ""Nitensoside A; Sorbifolin 6-O-α-rhamnopyranosyl(1'''→6'')-β-glucopyranoside"", 'Casearin O; (1R*,3S*,5S*,6aR*,7R*,8R*,9S*,10S*,10aR*)-1,10-Bis(acetyloxy)-5-methoxy-7,8-dimethyl-7-[(2Z)-3-methylpenta-2,4-dien-1-yl]-3,5,6,6a,7,8,9,10-octahydronaphtho[1,8a-c]furan-3,9-diyl Dibutanoate', 'germacrene D', 'Methyl gallate', '3-O-β-D-quinovopyranosyl cincholic acid', 'Afzelin, 3-O-α-rhamnosyl kaempferol', 'Egonol', '4-Nerolidilcatechol', ""2-(2'-O-transcoumaroyl)-C-β-D-glucopyranosyl-1,3,6,7-tetrahydroxyxanthone"", '(-) Cis-4-hydroxy-6-deoxyscytalone', '(3-(2-(4-hydroxyphenyl)-2-oxoethyl)-5,6-dihydropyridin- 2(1H)-one)', 'Mangiferin', 'Salacin', '6-pentadecylsalicylic acid', ""Pterogynoside; Kaempferol-3-O-(3''-O-4'''-methylgallate-α-L-rhamnoside)"", 'Isobutyl gallate', '7′-multijuguinone', 'Syringic acid', '(+)-3-O-feruloylcassine', 'Methyl-2,2-dimethylchroman-6-carboxylate', ""Myrsinoic acid A, 3-Geranyl-4-hydroxy-5-(3'',3''-dimethylallyl)benzoic acid"", '20α-Hydroxymaytenin; 20-hydroxy-20-epi-tingenone', '(-)-Epigallocatechin-3-O-gallate', 'Casearin D; (1R*,3S*,5S*,6aR*,7R*,8R*,9S*,10S*,10aR*)-1-(Acetyloxy)-3,5,6,6a,7,8,9,10-octahydro-5,10-dihydroxy-7,8-dimethyl-7-[(2Z)-3-methylpenta-2,4-dien-1-yl]naphtho[1,8a-c]furan-3,9-diyl Dibutanoate', 'Rel. (+)-(7S,10S) 3,12-dihydroxycalamenene', 'carlinoside', 'Cyclo-(L-Pro-L-Val)', 'Acetonide of odoratol', '(−)-Grandisin', '24-methylenecycloartan-3b-ol', 'Ixoside', '2β-Hydroxyzuelanin-6β-cinnamate', 'arjunolic acid', 'Cognatine', 'Fagaramide', 'Ethyl 2,4-dihydroxy-5,6-dimethylbenzoate', 'Amentoflavone 7”,4”’-dimethyl ether', 'Picramnioside F', 'Lauryl gallate', 'Syringaldehyde', '22-hydroxytirucalla-7,24-diene-2,3-dione', 'Trans-3’-methylsulphonylallyl trans-cinnamate', ""3',4',5',5,7-pentamethoxyflavone"", 'Chalepin', 'Chlorogenic acid', 'Kaempferol', '3-O-β-D-quinovopyranosyl quinovic acid', '2-hydroxyphenylacetic acid', '2-methyl-5-[8(Z)-pentadecenyl]resorcinol']]",doi_name
"['10.1248/cpb.56.723', ""Nitensoside A; Sorbifolin 6-O-α-rhamnopyranosyl(1'''→6'')-β-glucopyranoside""]","['10.1248/cpb.56.723', ['cyclo (L)-Pro-Gly', 'guaiol', 'γ-eudesmol', 'Hinesol', 'α-eudesmol', ""4-Methoxy-3-(3',7'-dimethylocta-2'-E-6'-dienyl)benzoic acid"", 'Methyl-8-hydroxy-2,2-dimethyl-2H-chromene-6-carboxylate', ""3-(3',7 '-dimethyl-2',6 '-octadienyl)-4-methoxy-benzoic acid"", 'Teucrein', '11-O-trans-feruloylteucrein', 'Galioside', 'Apodanthoside', 'Galioside aglicone', '21β,25-dimethylmelianodiol', '21α,25-dimethylmelianodiol', '3,21-Di-epi-feroniellide B', 'Xanthyletin', 'Mycoleptone A', '9-hydroxyeugenin', 'Austdiol', '6-methoxyeugenin', 'Eugenitin', 'Austdiol diacetate', 'Mycoleptone A tetraacetate', 'Mycoleptone B', 'bis-5-hydroxyacronycine', 'Citibrasine', '2,3-dihydro-4,9-dihydroxy-2-(2-hydroxy-propan-2-yl)- 11-methoxy-10-methylfuro[3,2-b]acridin-5(10H)-one', ""3',4'-methylenedioxy-5,6,7- trimethoxyflavone"", ""3',4'-methylenedioxy-5,5',6,7-tetramethoxyflavone"", ""2'-hydroxy-3,4,4'-trimethoxy-5',6'-(2'',2''-dimethylpyrano)-chalcone"", ""3',4'-methylenedioxy-5,7-dimethoxyflavone"", '(-)-3-O-acetyl-spectaline', 'Stearic acid 4-pentoyloxyphenethyl ester', 'Secoxyloganin', '7-Methoxydiderroside', ""6'-Acetyl-β-D-glucopyranosyldiderroside"", 'Diderroside', '5,7-dimethoxy-2,2-dimethyl-2H-1-benzopyran-6-propanoate', 'Nectandrin B', '7-Methyl-sargachromenol; 2,7,8-Trimethyl-2-[(3-E,7-Z)-4,12-dimethyl-8-carboxyl-3,7,11-tridecatrienyl]-3-chromen-6-ol, β-caroteno', 'Verrucosin', 'Epi-guaiacin', 'Piscidinol A', 'Pentaol', 'Iso-odoratol', '3,11-dioxoolean-12-en-28- onic acid', 'cryptomeridiol', 'Oleanonic acid', 'Nilocetin', 'Hispidol A', 'Chlorogenic acid methyl ester, Methyl (1S,3R,4R,5R)-3-{[(2E)-3-(3,4-dihydroxyphenyl)-2-propenoyl]oxy}-1,4,5-trihydroxycyclohexanecarboxylate', 'Isopimpinellin', 'penduletin 4-O-methyl ether', '3,3-O-dimethylquercetin', '2α,3α,19α- trihydroxyurs-12-en-28-oic acid', '3,7,4-O-trimethylkaempferol', '3-O-methylquercetin', 'acacetin', 'Chrysoeriol', 'p-hydroxybenzoic acid', '2α,3α-dihydroxyolean-12- en-28-oic acid', '3,4,5-Trimethoxydihydrocinnamic acid', ""2',6'-Dihydroxy-4'-methoxydihydrochalcone"", 'Methyl 2,2-dimethyl-1-oxo-2H-1-benzopyran-6-carboxylate', ""Methyl 4-hydroxy-3-(3'-methyl-2'-butenyl)benzoate"", 'Piperaduncine B', ""Hostmaniene; 4-Hydroxy-3-(2',3'-dihydroxy-3'-methylbutyl)benzoate"", ""4-Hydroxy-3-(3',7'-dimethylocta-2'-E-6'-dienyl)benzoic acid"", ""Methyl taboganate; Methyl 4-hydroxy-3-(3'-methyl-1'-oxo-2'-butenyl)benzoate"", ""Aduncumene; Methyl 2-methoxy-5-(3'-methyl-1'-oxo-2'-butenyl)benzoate"", ""Methyl 4-hydroxy-3-(3'-methyl-2'-hydroxy-3'-butenyl)benzoate"", ""4-Hydroxy-(3',7'-dimethyl-1'-oxo-octa-2'-Z-6'-dienyl)benzoic acid"", 'Pyranofoline', 'Glycocitrine-I', 'Glycocitrine-IV', 'Citrusinine-I', '5-hydroxynoracronycine; Atalaphyllidine', '3,4-dihydro-3,5,8-trihydroxy-6-methoxy-2,2,7-trimethyl-2Hpyrano[ 2,3-a]acridin-12(7H)-one', '1,3,5-trihydroxy-4-methoxy-10-methyl- 2,8-bis(3-methylbut-2-enyl)acridin-9(10H)-one', 'Citrusinine-II', '1,3,5-trihydroxy- 2,8-bis(3-methylbut-2-enyl)-10-methyl-9-acridone', ""Rel-(7R,8S,7'S,8'S)-4',5'-methylenedioxy-3,4,5,3'-tetramethoxy-7,7'-epoxylignan"", ""Rel-(7R,8S,7'S,8'S)-4-hydroxy-4',5'-methylenedioxy-3,5,3'-trimethoxy-7,7'-epoxylignan"", ""Rel-(7R,8S,7'S,8'S)-4'-hydroxy-3,4,5,3',5'-pentamethoxy-7,7'-epoxylignan"", ""Rel-(7R,8S,7'S,8'S)-4,5,4',5'-dimethylenedioxy-3,3'-dimethoxy-7,7'-epoxylignan"", ""Rel-(7R,8S,7'S,8'S)-9-hydroxy-4',5'-methylenedioxy-3,4,5,3'-tetramethoxy-7,7'-epoxylignan"", 'Clusifoliol', ""Isoswertisin-2''α1-L-rhamnoside"", ""Isoswertisin-4'-methyl-ether-2''α-L-rhamnoside"", '2-Episesalatin', 'Sesartemin', 'Methyl (3R,4R,5R)-3-{[(2Z)-3-(3,4-dihydroxyphenyl)-2-propenoyl]oxy}-1,4,5-trihydroxycyclohexanecarboxylate', 'Methyl (3R,4R,5R)-3-{[(2E)-3-(3,4-dihydroxyphenyl)-2-propenoyl]oxy}-1,4,5-trihydroxycyclohexanecarboxylate', '17-(3,4-Methylenedioxyphenyl)-heptadecanoic acid', ""7,4'-Dihydroxyflavone"", 'Farnisine', 'Sargachromenol', 'Sargaquinoic acid', '19´-(3,4-Methylenedioxyphenyl)-nonadecanoic acid', ""7,4'-Dimethoxyflavone"", '21´-(3,4-Methylenedioxyphenyl)-henicosanoic acid', '(+)-Guaiacin', 'Tithonine', 'Fasciculiferin', ""Juruenolic acid; 2-(4'-Methylpentenyl-3)-10-oxoundecan-2,6-dienoic acid"", ""2-(1'-pentenyl)-Quinoline"", ""2-(3',4'-methylenedioxyphenylethyl)-Quinoline"", '2-n-Pentylquinoline', '2-n-Propylquinoline', 'β-caryophyllene, trans-caryophyllene', ""4-Hydroxy-3-(3',7'-dimethyl-3'-hydroxy-1'-oxo-6'-octenyl)benzoic acid"", ""1,4-Dihydroxy-2-(3',7'-dimethyl-1'-oxo-2'-E-6'-octadienyl)benzene"", ""Isosakuranetin; 5,7-dihydroxy-4'-methoxyflavanone"", ""4-Hydroxy-(3',7'-dimethyl-1'-oxo-octa-2'-E-6'-dienyl)benzoic acid"", ""Sakuranetin; 5,4'-dihydroxy-7-methoxyflavanone"", 'astilbin; Rel-(2R, 3R)-dihydroquercetin-3-O-±-L-rhamnoside', 'Aphidicolin', 'Strictosidine acid', '5α-carboxystrictosidine', '3,4-dehydro-strictosidine', 'Turbinatine', 'Harman-3-carboxylic acid', 'Cordifoline', '3,4-dehydrostrictosidine acid', 'Deoxycordifoline', 'Taraxerol acetate', 'Beauvericin', 'Anhydrofusarubin', 'Methacrylic acid', 'Nitensidine E', 'Nitensidine D', 'Pimara-7,15-dien-3β-ol', 'Dimethyl terephthalate', '8-hydroxy-6-methoxy-3-methylisocoumarin', '(22E,24R)-ergosta-4,6,8(14),22-tetraen-3-one', 'Ergosterol peroxide', '5,7-dimethoxy-2,2-dimethyl-2H-1-benzopyran-6-propanoic acid', '(+)-Erythravine', '(+)-11α-Hydroxyerythravine', '(+)-α-Hydroxyerysotrine', '(3Z,5Z)-N-isobutyl-8-(30,40-methylenedioxy-phenyl)-heptadienamide', 'Pellitorine', ""N-[3-(6'-methoxy-3',4'-methy-lenedioxyphenyl)-2(Z)-propenoyl]pyrrolidine"", '4,5-dihydropiperlonguminine; Piperlonguminine', '8,9-dihydropiplartine; N-(12,13,14-trimethoxydihydrocinnamoyl)-Δ3-pyridin-2-one', 'Piperine', '10,11-dihydropiperine; Δα,β-dihydropiperine', '4,5-dihydropiperyline', '(E)-piplartine', '(Z)-piplartine; 8(Z)-N-(12,13, 14-trimethoxycinnamoyl)- 3-pyridin-2-one', 'Catechin, Ent-catechin', 'Kaempferol-3-O-α-L-rhamnopyranosyl-(1→6)-β-D-galactopyranoside', 'Kaempferol-3-O-rutinoside', 'Kaempferol-3-O-α-L-rhamnopyranosyl-(1-6)-α-L-rhamnopyranosyl-(1-4)-β-D-glucopyranoside', 'Quercetin-3-O-α-L-rhamnopyranosyl-(1→6)-β-D-galactopyranoside', 'Procyanidin B-3', 'Kaempferol-3-O-D-galactopyranoside', 'Kaempferol-3-O-D-glucopyranoside', '6-Hydroxy-rutin', 'α-Gardiol', 'β-Gardiol', 'Ferulic acid', ""3,4-dimethyl-2-(4'-hydroxy-3',5'-dimethoxyphenyl)-5-methoxy-tetrahydrofuran"", '1-methoxy-3-hydroxy-3,10b-4,5a-diepoxy-8b-isobutyroyloxygermacr-11(13)-en-6a,12-olide', 'Tagitinin C', ""3',4',5',3,5,7,8-heptamethoxyflavone"", ""3,5,6,7,3',4',5'-heptamethoxyflavonol"", '4-metoxi-6-[2-(metilamino)fenil]- 2H-piran-2-ona', 'Cuspanine; 1-hydroxy-2,3,5,6-tetramethoxy-9-acridone', 'Cusculine; 1,2,3,5,6-pentamethoxy-9-acridone', '2α,3α-Dihydroxy-urs-12-en-28-oic acid', '3-O-β-D-(6’-methyl)-glucopyranosyl-28-O-β-D-glucopyranosyl-oleanate', 'Oleanolic acid 3-sophoroside', '5-hydroxyflavone', 'β-Sitosterol benzoate', '2-phenyl-4H-chromen-4-one', 'Haplotusine', 'Sinapyl 4-O-β-D-glucopyranoside aldehyde', 'Sinapyl 4-O-β-D-glucopyranoside alcohol', 'N-acetylnonaine', 'Liriodenine', '[10]-gingerol', ""2,4-Dihydroxy-6-[(1'E,3'E)-penta-1', 3'-dienyl]-benzaldehyde"", 'Nitensidine A', '2-methyl-5-[8(Z)-pentadecenyl]resorcinol', '2-hydroxyphenylacetic acid', 'Gallic acid; 3,4,5-trihydroxybenzoic acid', 'Quercitrin, 3-O-α-rhamnosylquercetin', 'Caseobliquin A', 'Methyl angolensate', ""5-(3'' -Hydroxypropyl)-7-methoxy-2-(3',4' -methyl-enedioxyphenyl)benzofuran"", '22β-hydroxypristimerin', '1- (5,7-dihydroxy-2,2-dimethylchroman-6-yl)-3-(2,2-dimethylchroman- 6-yl)propan-1-one', 'Canavaline', 'Di-hydrodehydrodiconiferyl alcohol', 'Quercetin', ""2-(2'-O-trans-cinnamoyl)-C-β-D-glucopyranosyl-1,3,6,7-tetrahydroxyxanthone"", '5-hydroxy-N-methylseverifoline', '19,20-Epoxycytochalasin N', 'ellagic acid 4-O-α-L-rhamnopyranoside; eschweilenol C', 'Mayoside C', 'Ourateacatechin', ""3',4',5',5,7-pentamethoxyflavone"", '2-methyl-5-pentadecylresorcinol', '3β-hydroxy-stigmast-5-en-7-one; 24-β-7-oxositosterol', 'scillascillin', ""7-Hydroxy-4',6-dimethoxyisoflavone; Afrormosin; Afromosin"", '8-methoxymellein', '(±)-Syringaresinol', 'Cyclo-(L-Pro-L-Val)', 'Acetonide of odoratol', '(−)-Grandisin', '24-methylenecycloartan-3b-ol', '2,7-Di-O-acetylcasearupestrin A', 'Nitensidine B', '1-methyl-2-n-nonyl-4-quinolone', '5-[8(Z),11(Z),14-pentadecatrienyl]resorcinol', 'Kokusaginine', ""2-(2'-O-trans-caffeoyl)-C-β-D-glucopyranosyl-1,3,6,7-tetrahydroxyxanthone"", 'Netzahualcoyene', 'Casearin X Dialdehyde; (2R*,4aS*,5S*,7R*,8R*,8aS*)-4,4a-Diformyl-1,2,4a,5,6,7,8,8a-octahydro-5-hydroxy-7,8-dimethyl-8-[(2Z)-3-methylpenta-2,4-dien-1-yl]naphthalen-2-yl Butanoate', 'polypodine B', 'n-Propyl gallate', ""3',4',5',5,7,8-hexamethoxyflavone"", 'Isopropyl gallate', '3-O-β-D-quinovopyranosyl quinovic acid', ""8-hydroxy-3,5,7,3',4',5'-hexamethoxyflavonol"", 'Odoratol', 'Leptomerine', '2,4,6-trimethoxybenzoic acid', '1-O-(E)-caffeoyl-β-D-glucopyranoside', 'Maculosidine', 'Podocarpusflavone A', 'Casearupestrin C', '6α-malonyloxy-n-butyl ester manoyl oxide', 'citrusinine-I', 'Ricinine', 'Leptophyllin A', '5-pentadecylresorcinol', '19,20-Epoxycytochalasin D', 'fumiquinozoline F', 'Kaempferol 3-O-α-L-rhamnopyranosyl (1→6)-O-[β -D-glucopyranosyl (1→3)-O-α-L-rhamnopyranosyl-(1→2)]-O-β -D-glucopyranosyl', 'Rel-2α-hydroxyzuelanin-6β-benzoate', '2,6-di-O-acetylcasearupestrin D', ""Methyl-2,2-dimethyl-8-(3'-methylbut-2'-enyl)chroman-6-carboxylate"", ""2',5-dihydroxy-3-methoxy-8-dimethylallyl-6, 7-(2' ',2''-dimethylpyrano)-dihydroflavonol"", '2-n-nonyl-4-quinolone', 'Cytochalasin D', 'Isoorientin', 'Piperol B', '(-)-Hardwickiic acid', ""5-[3''-(β-D-glucopyranosyloxy)propyl]-7-methoxy-2-(3',4'-methylenedioxyphenyl)benzofuran"", '28-O-β-D-glucopyranosyl quinovic acid', '2-Methyl-4-hydroxy-butyl caffeoate', 'N-1,N-2,N-3-Triisopentenylguanidine', 'Dibenzyl trisulphide', 'Maytenin, Tingenone', 'Uracil', '6β-hydroxy-7-epigardoside methyl ester', 'Tetrahydropiperyline, N-[10-(13,14-methylenedioxyphenyl)-pentanoyl]-pyrrolidine', 'Piperovatine', 'urauchimycin A', 'p-Coumaric acid', '(-)-Epigallocatechin', 'Netzahualcoyonol', '1-[3-(3,7-dimethylocta-2,6-dien-1-yl)-2,4,6- trihydroxyphenyl]-3-(4-hydroxyphenyl)propan-1-one', '6α-malonyloxymanoyl oxide', 'Benzylhydroxymethyl sulphide', '1,6-di-O-caffeoyl-β-D-glucopyranoside', '2-methyl-5-[8(Z),11(Z),14-pentadecatrienyl]resorcinol', '20-hydroxyecdysone; polypodine A', '3-Acetyl aleuritolic acid', 'Alkenoic acid', 'Quercetin 3-O-α-L-rhamnopyranosyl (1→6)-O-[β -D-glucopyranosyl (1→3)-O-α-L-rhamnopyranosyl-(1→2)]-O-β -D-glucopyranosyl', 'Heveaflavone', '3β-O-[α-L-rhamnopyranosyl-(1→2)-O-β-D-glucopyranosyl-(1→2)-O-β-D-glucopyranosyl]-28-O-β-D-glucopyranoside pomolate', 'Dibenzyl tetrasulphide', 'Arboreumine', '3-Oxoursolic acid', 'Casearupestrin B', 'toonacilin', 'urauchimycin B', 'Homoegonol', '[8]-gingerol', '4-Hydroxymellein', '5-hydroxymellein', 'fraxinellonone', 'Dibenzyl sulphide', '(-) Cis-4-hydroxy-6-deoxyscytalone', 'Plumericin', '5-[8(Z),11(Z)-pentadecadienyl]resorcinol', '(-)-Spectalinine', 'Pedalitin', ""Acteoside; [β-3,4-dihydroxyphenyl)-ethyl]-(3'-O-α-L-rhamnopyranosyl)-(4'-O-cafeoyl)-β-D-glycopyranoside, verbascoside"", '1-O-(E)-feruloyl-β-D-glucopyranoside', '19,20-Epoxycytochalasin C', 'n-Pentyl gallate', 'Orcinol', 'Periconicin B', 'Phomopsilactone', ""(2S)-8-Isopentyl-2-methyl-2-(4'-methylpentyl)chroman-6-carboxylic acid"", '2,2-dimethyl-2H-chromene-6-carboxylic acid', '1,2-dihydro- 3β-hydroxy-7-deacetoxy-7-oxogedunin', 'Photogedunin', 'Casearin X; (1R*,3S*,5S*,6aR*,7S*,8S*,10R*,10aR*)-1-(Acetyloxy)-3,5,6,6a,7,8,9,10-octahydro-10-hydroxy-7,8-dimethyl-7-[(2Z)-3-methylpenta-2,4-dien-1-yl]naphtho[1,8a-c]furan-3,5-diyl Dibutanoate', 'α-L-xylopyranosyl-(4""→20)-(3-O-β-D-glucopyranosyl)-1\'-O-E-caffeoyl-β-D-glucopyranoside', ""2-(R)-Methyl-6-(S)-(tetradecyl-13'-one)-3(R)-O-tert-butyldimethylsilyl-piperidine"", '(2S)-Methyl-2-methyl-8-(3""-methylbut-2""-enyl)-2-(4\'-methylpent-3\'-enyl)-2H-chromene-6-carboxylate', 'Casearin T', 'Proanthocyanidin', 'neoisoastilbin', 'Piperyline, N-[10-(13,14-methylenedioxyphenyl)-7(E),9(E)-pentadienoyl]-pyrrolidine', 'ω-fenil alcanoic acid', '2-butyl-D-fructofuranoside', ""Gaudichaudianic acid; (2S)-2-methyl-2-(4'methyl-3'-pentenyl)-8-(3''-methyl-2-butenyl)- 2H-1-benzopyran-6-carboxylic acid"", 'limonexic acid', 'Netzahualcoyondiol', 'Pristimerin; 20α-3-hydroxy-2-oxo-24-nor-friedela-1-10,3,5,7-tetraen-carboxylic acid-29-methylester', '3,4,5-trimethoxyphenyl 1-O-β-D-apiofuranosyl-(1→6)-O-β-D-glucopyranoside', 'β-photogedunin', 'n-Butyl gallate', ""5-[3''-(β-D-glucopyranosyloxy)propyl]-7-methoxy-2-(3',4'-dimethoxyphenyl)benzofuran"", '3,12-Dihydroxycadalene', '7-hydroxy-3- (11-dimethylallyl)-8-methoxycoumarin', ""N-[7-(3',4'-methylenedioxyphenyl)-2(Z),4(Z)-heptadienoyl]pyrrolidine"", '3,4,5-Triacetoxybenzoic acid', 'Odoratone', 'Rel-6β-hydroxyzuelanin-2β-benzoate', 'Di(benzyltrithio) methane', '3,11,12-Trihydroxycadalene', 'Quercetin 3-O-sophoroside', '(3R,4R)-3,4-Dihydro-4,6-dihydroxy-3-methyl-1-oxo-1H-isochromene-5-carboxylic acid', '24-methylene-3,22-dihydroxycholesterol', 'amorphispironone', 'Casearupestrin D', 'Chaetoglobosin B', ""2-(2'-O-benzoyl)-C-β-D-glucopyranosyl-1,3,6,7-tetrahydroxyxanthone"", 'Isoplumericin', 'Skimmianine', 'p-hydroxybenzoic acid-geranyl ester', 'Dibenzyl disulphide', 'Methyl 6,7,8-trimethoxydihydrocinnamate', '2-Hexyl-3-methyl-butanodioic acid', 'fraxinellone', '(R)-7-Hydroxymellein', '6α-acetoxymanoyl oxide', 'Methyl-8-hydroxy-2,2-dimethylchroman-6-carboxylate', 'N-[10-(13,14-methylenedioxyphenyl)-7(E),9(Z)-pentadienoyl]-pyrrolidine', '6-[8(Z)-pentadecenyl]salicylic acid', '(2S)-2-methyl-8-(3""-methylbut-2""-enyl)-2-(4\'-methylpent-3\'-enyl)-2H-chromene-6-carboxylic acid', 'Burchellin', '5-[8(Z)-pentadecenyl]resorcinol', 'Luteolin; 2-(3,4-dihydroxyphenyl)-5,7-dihydroxy-4H-chromen-4-one', 'Sinapic acid', '19,20-Epoxycytochalasin Q', '19,20-Epoxycytochalasin R', 'Muraxanthone', ""(2'S)-2-(propan-2'-ol)-5-hydroxy-benzopyran-4-one"", 'Rel-(+)-(7S,9R,10S)-3,9,12-trihydroxycalamenene', 'Casearin S', 'shidasterone', '5-hydroxymethyl- 2-furancarboxaldehyde; 5-hydroxymethyl-2-furfuraldehyde', 'atalaphyllinine', 'N-[10- (13,14-methylenedioxyphenyl)-7(E)-pentaenoyl]-pyrrolidine', '2-Methyl-5-methoxy-benzopyran-4-one', '3,4-dihydroxybenzoic acid geranyl ester', '6α-acetoxy-14β,15β-epoxyazadirone', 'epoxy-fraxinellone', '12′-hydroxy-7′-multijuguinone', 'Kaempferitrin', 'Nitensidine C', 'Dipropyl disulphide', '2-methyl-5-[8(Z),11(Z)-pentadecadienyl]resorcinol', '6-pentadecylsalicylic acid', 'Methyl-2,2-dimethylchroman-6-carboxylate', ""Myrsinoic acid A, 3-Geranyl-4-hydroxy-5-(3'',3''-dimethylallyl)benzoic acid"", '6-[ 8(Z),11(Z) -pentadecadienyl] salicylic acid', 'Gedunin', 'Pedalin, pedalitin 6-O-β -glucopyranoside', 'Caseargrewiin F; (1R*,3S*,5S*,6aR*,7S*,8R*,10R*,10aR*)-1,3-Bis(acetyloxy)-3,5,6,6a,7,8,9,10-octahydro-10-hydroxy-7,8-dimethyl-7-[(2Z)-3-methylpenta-2,4-dien-1-yl]naphtho[1,8a-c]furan-5-yl Butanoate', 'Casearin L; (1R*,3S*,5S*,6aR*,7R*,8R*,9S*,10S*,10aR*)-1,10-Bis(acetyloxy)-3,5,6,6a,7,8,9,10-octahydro-9-hydroxy-5-methoxy-7,8-dimethyl-7-[(2Z)-3-methylpenta-2,4-dien-1-yl]naphtho[1,8a-c]-furan-3-yl Butanoate', 'Platydesmine', 'Leiokinine A', 'Cabraleadiol', 'schaftoside', ""(2S)-Methyl-8-isopentyl-2-methyl-2-(4'-methylpentyl)chroman-6-carboxylate"", 'Casearupestrin A', '2-oxo-piperol B; (7S*, 8R*, 1R*, 3R*)-3,4,5-trimethoxy-3,7-cyclo-8,1-neolig-8-ene-2,4(3H)-dione', 'taxifolin', 'Casearin O; (1R*,3S*,5S*,6aR*,7R*,8R*,9S*,10S*,10aR*)-1,10-Bis(acetyloxy)-5-methoxy-7,8-dimethyl-7-[(2Z)-3-methylpenta-2,4-dien-1-yl]-3,5,6,6a,7,8,9,10-octahydronaphtho[1,8a-c]furan-3,9-diyl Dibutanoate', 'germacrene D', '2β-Hydroxyzuelanin-6β-cinnamate', '11β-acetoxyobacunone', '1-(5,7-dihydroxy-2,2-dimethylchroman- 6-yl)-3-[4-hydroxy-3-(3-methylbut-2-en-1-yl)- phenyl]propan-1-one', '(3R,4R)-4,7-Dihydroxymellein', ""Nitensoside B; Pedalitin 6-O-α-rhamnopyranosyl(1'''→6'')-β-glucopyranoside"", 'Methyl gallate', '3-O-β-D-quinovopyranosyl cincholic acid', 'Afzelin, 3-O-α-rhamnosyl kaempferol', 'Egonol', '4-Nerolidilcatechol', ""2-(2'-O-transcoumaroyl)-C-β-D-glucopyranosyl-1,3,6,7-tetrahydroxyxanthone"", 'Syringic acid', '(+)-3-O-feruloylcassine', 'Salacin', 'Isobutyl gallate', '7′-multijuguinone', 'Griseofulvin', '20α-Hydroxymaytenin; 20-hydroxy-20-epi-tingenone', '(-)-Epigallocatechin-3-O-gallate', 'Casearin D; (1R*,3S*,5S*,6aR*,7R*,8R*,9S*,10S*,10aR*)-1-(Acetyloxy)-3,5,6,6a,7,8,9,10-octahydro-5,10-dihydroxy-7,8-dimethyl-7-[(2Z)-3-methylpenta-2,4-dien-1-yl]naphtho[1,8a-c]furan-3,9-diyl Dibutanoate', 'Rel. (+)-(7S,10S) 3,12-dihydroxycalamenene', 'carlinoside', 'Methyl-8-(ethanoyloxy)-2,2-dimethyl-2H-chromene-6-carboxylate', 'Amentoflavone', '1-(5,7-dihydroxy-2,2-dimethylchroman-6-yl)-3-(1,1,4a-trimethyl-2,3,4,4a,9a-hexahydro-1H-xanthen-7-yl)propan-1-one', 'Methyl (E)-6,7,8-trimethoxycinnamate', '3,4,5-Trimethoxyphenyl-1-O-β-D-(5-O-syringoyl)-apiofuranosyl-(1→6)-β-D-glucopyranoside', '6-[8(Z),11(Z),14-pentadecatrienyl]salicylic acid', 'Sorbifolin', ""Nitensoside A; Sorbifolin 6-O-α-rhamnopyranosyl(1'''→6'')-β-glucopyranoside"", 'Ocotillone', 'des-N-methylnoracronycine', 'Sorbifolin 6-O-β-glucopyranoside', 'arjunolic acid', 'stachysterone', 'Ethyl 2,4-dihydroxy-5,6-dimethylbenzoate', 'Amentoflavone 7”,4”’-dimethyl ether', 'Picramnioside F', 'Lauryl gallate', 'Syringaldehyde', '22-hydroxytirucalla-7,24-diene-2,3-dione', 'Trans-3’-methylsulphonylallyl trans-cinnamate', '(3-(2-(4-hydroxyphenyl)-2-oxoethyl)-5,6-dihydropyridin- 2(1H)-one)', 'Mangiferin', 'Viburgenin', ""Pterogynoside; Kaempferol-3-O-(3''-O-4'''-methylgallate-α-L-rhamnoside)"", 'Ixoside', 'Cognatine', 'Fagaramide', 'Chalepin', 'Chlorogenic acid', '(4R)-4,8-dihydroxy-α-tetralone', 'Kaempferol']]",doi_name
"['10.1021/np9704617', 'Viburgenin']","['10.1021/np9704617', ['guaiol', 'Hinesol', 'γ-eudesmol', 'α-eudesmol', '11-O-trans-feruloylteucrein', 'Teucrein', 'Apodanthoside', 'Galioside', 'Galioside aglicone', '21α,25-dimethylmelianodiol', '3,21-Di-epi-feroniellide B', '21β,25-dimethylmelianodiol', 'Mycoleptone A', '9-hydroxyeugenin', 'Austdiol', 'Eugenitin', '6-methoxyeugenin', 'Mycoleptone A tetraacetate', 'Austdiol diacetate', 'Mycoleptone B', ""3',4'-methylenedioxy-5,5',6,7-tetramethoxyflavone"", ""3',4'-methylenedioxy-5,6,7- trimethoxyflavone"", ""2'-hydroxy-3,4,4'-trimethoxy-5',6'-(2'',2''-dimethylpyrano)-chalcone"", ""3',4'-methylenedioxy-5,7-dimethoxyflavone"", '2,3-dihydro-4,9-dihydroxy-2-(2-hydroxy-propan-2-yl)- 11-methoxy-10-methylfuro[3,2-b]acridin-5(10H)-one', 'Citibrasine', 'bis-5-hydroxyacronycine', ""4-Methoxy-3-(3',7'-dimethylocta-2'-E-6'-dienyl)benzoic acid"", ""3-(3',7 '-dimethyl-2',6 '-octadienyl)-4-methoxy-benzoic acid"", 'Methyl-8-hydroxy-2,2-dimethyl-2H-chromene-6-carboxylate', 'penduletin 4-O-methyl ether', '2α,3α,19α- trihydroxyurs-12-en-28-oic acid', '3,3-O-dimethylquercetin', '2α,3α-dihydroxyolean-12- en-28-oic acid', 'p-hydroxybenzoic acid', '3-O-methylquercetin', 'acacetin', 'Chrysoeriol', '3,7,4-O-trimethylkaempferol', ""Rel-(7R,8S,7'S,8'S)-4-hydroxy-4',5'-methylenedioxy-3,5,3'-trimethoxy-7,7'-epoxylignan"", ""Rel-(7R,8S,7'S,8'S)-9-hydroxy-4',5'-methylenedioxy-3,4,5,3'-tetramethoxy-7,7'-epoxylignan"", ""Rel-(7R,8S,7'S,8'S)-4',5'-methylenedioxy-3,4,5,3'-tetramethoxy-7,7'-epoxylignan"", ""Rel-(7R,8S,7'S,8'S)-4,5,4',5'-dimethylenedioxy-3,3'-dimethoxy-7,7'-epoxylignan"", ""Rel-(7R,8S,7'S,8'S)-4'-hydroxy-3,4,5,3',5'-pentamethoxy-7,7'-epoxylignan"", 'α-Gardiol', 'Ferulic acid', 'β-Gardiol', ""3,4-dimethyl-2-(4'-hydroxy-3',5'-dimethoxyphenyl)-5-methoxy-tetrahydrofuran"", 'Methyl (3R,4R,5R)-3-{[(2E)-3-(3,4-dihydroxyphenyl)-2-propenoyl]oxy}-1,4,5-trihydroxycyclohexanecarboxylate', 'Methyl (3R,4R,5R)-3-{[(2Z)-3-(3,4-dihydroxyphenyl)-2-propenoyl]oxy}-1,4,5-trihydroxycyclohexanecarboxylate', 'cyclo (L)-Pro-Gly', 'Aphidicolin', '7-Methoxydiderroside', 'Diderroside', 'Secoxyloganin', ""6'-Acetyl-β-D-glucopyranosyldiderroside"", '(-)-3-O-acetyl-spectaline', 'Isopimpinellin', '5,7-dimethoxy-2,2-dimethyl-2H-1-benzopyran-6-propanoate', 'Glycocitrine-I', '5-hydroxynoracronycine; Atalaphyllidine', 'Glycocitrine-IV', '3,4-dihydro-3,5,8-trihydroxy-6-methoxy-2,2,7-trimethyl-2Hpyrano[ 2,3-a]acridin-12(7H)-one', 'Citrusinine-II', '1,3,5-trihydroxy- 2,8-bis(3-methylbut-2-enyl)-10-methyl-9-acridone', 'Pyranofoline', '1,3,5-trihydroxy-4-methoxy-10-methyl- 2,8-bis(3-methylbut-2-enyl)acridin-9(10H)-one', 'Citrusinine-I', 'Xanthyletin', '17-(3,4-Methylenedioxyphenyl)-heptadecanoic acid', 'Sargaquinoic acid', ""7,4'-Dimethoxyflavone"", '(+)-Guaiacin', 'Sargachromenol', ""7,4'-Dihydroxyflavone"", 'Farnisine', '19´-(3,4-Methylenedioxyphenyl)-nonadecanoic acid', '21´-(3,4-Methylenedioxyphenyl)-henicosanoic acid', 'Fasciculiferin', ""Juruenolic acid; 2-(4'-Methylpentenyl-3)-10-oxoundecan-2,6-dienoic acid"", 'Tithonine', ""2-(3',4'-methylenedioxyphenylethyl)-Quinoline"", ""2-(1'-pentenyl)-Quinoline"", '2-n-Pentylquinoline', '2-n-Propylquinoline', '8-hydroxy-6-methoxy-3-methylisocoumarin', 'Dimethyl terephthalate', '(22E,24R)-ergosta-4,6,8(14),22-tetraen-3-one', 'Ergosterol peroxide', 'Pimara-7,15-dien-3β-ol', 'Chlorogenic acid methyl ester, Methyl (1S,3R,4R,5R)-3-{[(2E)-3-(3,4-dihydroxyphenyl)-2-propenoyl]oxy}-1,4,5-trihydroxycyclohexanecarboxylate', '(+)-α-Hydroxyerysotrine', '(+)-Erythravine', '(+)-11α-Hydroxyerythravine', '5,7-dimethoxy-2,2-dimethyl-2H-1-benzopyran-6-propanoic acid', 'Nitensidine E', 'Nitensidine D', 'Deoxycordifoline', '3,4-dehydrostrictosidine acid', 'Harman-3-carboxylic acid', 'Strictosidine acid', 'Turbinatine', '3,4-dehydro-strictosidine', 'Cordifoline', '5α-carboxystrictosidine', 'Hispidol A', 'Nilocetin', 'Oleanonic acid', 'Iso-odoratol', 'Piscidinol A', 'cryptomeridiol', 'Pentaol', '3,11-dioxoolean-12-en-28- onic acid', 'Epi-guaiacin', 'Verrucosin', '7-Methyl-sargachromenol; 2,7,8-Trimethyl-2-[(3-E,7-Z)-4,12-dimethyl-8-carboxyl-3,7,11-tridecatrienyl]-3-chromen-6-ol, β-caroteno', 'Nectandrin B', ""4-Hydroxy-3-(3',7'-dimethyl-3'-hydroxy-1'-oxo-6'-octenyl)benzoic acid"", ""Sakuranetin; 5,4'-dihydroxy-7-methoxyflavanone"", ""Isosakuranetin; 5,7-dihydroxy-4'-methoxyflavanone"", ""1,4-Dihydroxy-2-(3',7'-dimethyl-1'-oxo-2'-E-6'-octadienyl)benzene"", ""4-Hydroxy-(3',7'-dimethyl-1'-oxo-octa-2'-E-6'-dienyl)benzoic acid"", 'Anhydrofusarubin', 'Beauvericin', '(3Z,5Z)-N-isobutyl-8-(30,40-methylenedioxy-phenyl)-heptadienamide', 'Pellitorine', '(E)-piplartine', '4,5-dihydropiperyline', '4,5-dihydropiperlonguminine; Piperlonguminine', 'Piperine', '10,11-dihydropiperine; Δα,β-dihydropiperine', '8,9-dihydropiplartine; N-(12,13,14-trimethoxydihydrocinnamoyl)-Δ3-pyridin-2-one', ""N-[3-(6'-methoxy-3',4'-methy-lenedioxyphenyl)-2(Z)-propenoyl]pyrrolidine"", '(Z)-piplartine; 8(Z)-N-(12,13, 14-trimethoxycinnamoyl)- 3-pyridin-2-one', 'Stearic acid 4-pentoyloxyphenethyl ester', '2-Episesalatin', ""Isoswertisin-2''α1-L-rhamnoside"", 'Clusifoliol', 'Sesartemin', ""Isoswertisin-4'-methyl-ether-2''α-L-rhamnoside"", ""3',4',5',3,5,7,8-heptamethoxyflavone"", ""3,5,6,7,3',4',5'-heptamethoxyflavonol"", ""4-Hydroxy-3-(3',7'-dimethylocta-2'-E-6'-dienyl)benzoic acid"", 'Piperaduncine B', '3,4,5-Trimethoxydihydrocinnamic acid', ""Methyl 4-hydroxy-3-(3'-methyl-2'-butenyl)benzoate"", ""2',6'-Dihydroxy-4'-methoxydihydrochalcone"", ""Hostmaniene; 4-Hydroxy-3-(2',3'-dihydroxy-3'-methylbutyl)benzoate"", 'Methyl 2,2-dimethyl-1-oxo-2H-1-benzopyran-6-carboxylate', ""Methyl taboganate; Methyl 4-hydroxy-3-(3'-methyl-1'-oxo-2'-butenyl)benzoate"", ""4-Hydroxy-(3',7'-dimethyl-1'-oxo-octa-2'-Z-6'-dienyl)benzoic acid"", ""Aduncumene; Methyl 2-methoxy-5-(3'-methyl-1'-oxo-2'-butenyl)benzoate"", ""Methyl 4-hydroxy-3-(3'-methyl-2'-hydroxy-3'-butenyl)benzoate"", 'β-caryophyllene, trans-caryophyllene', '4-metoxi-6-[2-(metilamino)fenil]- 2H-piran-2-ona', 'Taraxerol acetate', 'Tagitinin C', '1-methoxy-3-hydroxy-3,10b-4,5a-diepoxy-8b-isobutyroyloxygermacr-11(13)-en-6a,12-olide', 'Procyanidin B-3', '6-Hydroxy-rutin', 'Quercetin-3-O-α-L-rhamnopyranosyl-(1→6)-β-D-galactopyranoside', 'Kaempferol-3-O-D-galactopyranoside', 'Kaempferol-3-O-α-L-rhamnopyranosyl-(1-6)-α-L-rhamnopyranosyl-(1-4)-β-D-glucopyranoside', 'Kaempferol-3-O-D-glucopyranoside', 'Kaempferol-3-O-α-L-rhamnopyranosyl-(1→6)-β-D-galactopyranoside', 'Kaempferol-3-O-rutinoside', 'Catechin, Ent-catechin', 'astilbin; Rel-(2R, 3R)-dihydroquercetin-3-O-±-L-rhamnoside', 'Cusculine; 1,2,3,5,6-pentamethoxy-9-acridone', 'Cuspanine; 1-hydroxy-2,3,5,6-tetramethoxy-9-acridone', 'Methacrylic acid', '2α,3α-Dihydroxy-urs-12-en-28-oic acid', '3-O-β-D-(6’-methyl)-glucopyranosyl-28-O-β-D-glucopyranosyl-oleanate', 'Oleanolic acid 3-sophoroside', 'Haplotusine', '2-phenyl-4H-chromen-4-one', 'β-Sitosterol benzoate', '5-hydroxyflavone', 'Sinapyl 4-O-β-D-glucopyranoside aldehyde', 'N-acetylnonaine', 'Liriodenine', 'Sinapyl 4-O-β-D-glucopyranoside alcohol', '[10]-gingerol', '3β-hydroxy-stigmast-5-en-7-one; 24-β-7-oxositosterol', 'scillascillin', 'Kokusaginine', ""2-(2'-O-trans-caffeoyl)-C-β-D-glucopyranosyl-1,3,6,7-tetrahydroxyxanthone"", 'Netzahualcoyene', 'Casearin X Dialdehyde; (2R*,4aS*,5S*,7R*,8R*,8aS*)-4,4a-Diformyl-1,2,4a,5,6,7,8,8a-octahydro-5-hydroxy-7,8-dimethyl-8-[(2Z)-3-methylpenta-2,4-dien-1-yl]naphthalen-2-yl Butanoate', 'polypodine B', 'n-Propyl gallate', ""3',4',5',5,7,8-hexamethoxyflavone"", 'Isopropyl gallate', '6β-hydroxy-7-epigardoside methyl ester', 'Tetrahydropiperyline, N-[10-(13,14-methylenedioxyphenyl)-pentanoyl]-pyrrolidine', 'Piperovatine', '2,4,6-trimethoxybenzoic acid', '1-O-(E)-caffeoyl-β-D-glucopyranoside', 'Nitensidine A', ""8-hydroxy-3,5,7,3',4',5'-hexamethoxyflavonol"", 'Odoratol', 'Leptomerine', '5-hydroxy-N-methylseverifoline', '19,20-Epoxycytochalasin N', 'ellagic acid 4-O-α-L-rhamnopyranoside; eschweilenol C', 'Mayoside C', 'Ourateacatechin', ""3',4',5',5,7-pentamethoxyflavone"", '2-methyl-5-pentadecylresorcinol', '(−)-Grandisin', '24-methylenecycloartan-3b-ol', 'Ixoside', 'Cognatine', 'Fagaramide', 'Methyl angolensate', ""5-(3'' -Hydroxypropyl)-7-methoxy-2-(3',4' -methyl-enedioxyphenyl)benzofuran"", '22β-hydroxypristimerin', '1- (5,7-dihydroxy-2,2-dimethylchroman-6-yl)-3-(2,2-dimethylchroman- 6-yl)propan-1-one', 'Canavaline', 'Di-hydrodehydrodiconiferyl alcohol', 'Quercetin', ""2-(2'-O-trans-cinnamoyl)-C-β-D-glucopyranosyl-1,3,6,7-tetrahydroxyxanthone"", 'Ocotillone', 'des-N-methylnoracronycine', 'Sorbifolin 6-O-β-glucopyranoside', 'Rel-2α-hydroxyzuelanin-6β-benzoate', '2,6-di-O-acetylcasearupestrin D', ""Methyl-2,2-dimethyl-8-(3'-methylbut-2'-enyl)chroman-6-carboxylate"", '2,7-Di-O-acetylcasearupestrin A', ""2,4-Dihydroxy-6-[(1'E,3'E)-penta-1', 3'-dienyl]-benzaldehyde"", 'Kaempferol 3-O-α-L-rhamnopyranosyl (1→6)-O-[β -D-glucopyranosyl (1→3)-O-α-L-rhamnopyranosyl-(1→2)]-O-β -D-glucopyranosyl', '3β-O-[α-L-rhamnopyranosyl-(1→2)-O-β-D-glucopyranosyl-(1→2)-O-β-D-glucopyranosyl]-28-O-β-D-glucopyranoside pomolate', 'Dibenzyl tetrasulphide', 'Nitensidine B', '1-methyl-2-n-nonyl-4-quinolone', '5-[8(Z),11(Z),14-pentadecatrienyl]resorcinol', 'Maculosidine', 'Podocarpusflavone A', 'Casearupestrin C', '6α-malonyloxy-n-butyl ester manoyl oxide', 'citrusinine-I', 'Ricinine', 'Leptophyllin A', '5-pentadecylresorcinol', 'urauchimycin B', 'Homoegonol', '1-[3-(3,7-dimethylocta-2,6-dien-1-yl)-2,4,6- trihydroxyphenyl]-3-(4-hydroxyphenyl)propan-1-one', '6α-malonyloxymanoyl oxide', 'Benzylhydroxymethyl sulphide', '1,6-di-O-caffeoyl-β-D-glucopyranoside', '2-methyl-5-[8(Z),11(Z),14-pentadecatrienyl]resorcinol', '[8]-gingerol', '4-Hydroxymellein', '5-hydroxymellein', 'fraxinellonone', 'Dibenzyl sulphide', '(-) Cis-4-hydroxy-6-deoxyscytalone', 'Plumericin', '5-[8(Z),11(Z)-pentadecadienyl]resorcinol', '(-)-Spectalinine', '19,20-Epoxycytochalasin D', 'fumiquinozoline F', '3,12-Dihydroxycadalene', '7-hydroxy-3- (11-dimethylallyl)-8-methoxycoumarin', ""N-[7-(3',4'-methylenedioxyphenyl)-2(Z),4(Z)-heptadienoyl]pyrrolidine"", ""Acteoside; [β-3,4-dihydroxyphenyl)-ethyl]-(3'-O-α-L-rhamnopyranosyl)-(4'-O-cafeoyl)-β-D-glycopyranoside, verbascoside"", '20-hydroxyecdysone; polypodine A', '3-Acetyl aleuritolic acid', 'Alkenoic acid', ""2',5-dihydroxy-3-methoxy-8-dimethylallyl-6, 7-(2' ',2''-dimethylpyrano)-dihydroflavonol"", '2-n-nonyl-4-quinolone', 'Cytochalasin D', 'Isoorientin', 'Uracil', 'urauchimycin A', 'p-Coumaric acid', '(-)-Epigallocatechin', 'Netzahualcoyonol', 'Casearupestrin B', 'toonacilin', 'Pedalitin', '1-O-(E)-feruloyl-β-D-glucopyranoside', '19,20-Epoxycytochalasin C', 'n-Pentyl gallate', 'Orcinol', 'Periconicin B', 'Phomopsilactone', ""(2S)-8-Isopentyl-2-methyl-2-(4'-methylpentyl)chroman-6-carboxylic acid"", 'Netzahualcoyondiol', 'Pristimerin; 20α-3-hydroxy-2-oxo-24-nor-friedela-1-10,3,5,7-tetraen-carboxylic acid-29-methylester', '3,4,5-trimethoxyphenyl 1-O-β-D-apiofuranosyl-(1→6)-O-β-D-glucopyranoside', 'β-photogedunin', 'n-Butyl gallate', ""5-[3''-(β-D-glucopyranosyloxy)propyl]-7-methoxy-2-(3',4'-dimethoxyphenyl)benzofuran"", ""2-(R)-Methyl-6-(S)-(tetradecyl-13'-one)-3(R)-O-tert-butyldimethylsilyl-piperidine"", 'Piperol B', '(-)-Hardwickiic acid', ""5-[3''-(β-D-glucopyranosyloxy)propyl]-7-methoxy-2-(3',4'-methylenedioxyphenyl)benzofuran"", '28-O-β-D-glucopyranosyl quinovic acid', '2-Methyl-4-hydroxy-butyl caffeoate', 'N-1,N-2,N-3-Triisopentenylguanidine', 'Dibenzyl trisulphide', 'Maytenin, Tingenone', 'Gallic acid; 3,4,5-trihydroxybenzoic acid', 'Quercitrin, 3-O-α-rhamnosylquercetin', 'Caseobliquin A', 'Quercetin 3-O-α-L-rhamnopyranosyl (1→6)-O-[β -D-glucopyranosyl (1→3)-O-α-L-rhamnopyranosyl-(1→2)]-O-β -D-glucopyranosyl', 'Heveaflavone', 'Arboreumine', '3-Oxoursolic acid', '24-methylene-3,22-dihydroxycholesterol', 'amorphispironone', 'Casearupestrin D', '2,2-dimethyl-2H-chromene-6-carboxylic acid', '1,2-dihydro- 3β-hydroxy-7-deacetoxy-7-oxogedunin', 'Photogedunin', 'Casearin X; (1R*,3S*,5S*,6aR*,7S*,8S*,10R*,10aR*)-1-(Acetyloxy)-3,5,6,6a,7,8,9,10-octahydro-10-hydroxy-7,8-dimethyl-7-[(2Z)-3-methylpenta-2,4-dien-1-yl]naphtho[1,8a-c]furan-3,5-diyl Dibutanoate', 'Skimmianine', 'p-hydroxybenzoic acid-geranyl ester', 'Dibenzyl disulphide', 'Proanthocyanidin', 'neoisoastilbin', '(R)-7-Hydroxymellein', '6α-acetoxymanoyl oxide', 'Methyl-8-hydroxy-2,2-dimethylchroman-6-carboxylate', 'α-L-xylopyranosyl-(4""→20)-(3-O-β-D-glucopyranosyl)-1\'-O-E-caffeoyl-β-D-glucopyranoside', 'Methyl 6,7,8-trimethoxydihydrocinnamate', '2-Hexyl-3-methyl-butanodioic acid', 'fraxinellone', '6-[ 8(Z),11(Z) -pentadecadienyl] salicylic acid', 'N-[10-(13,14-methylenedioxyphenyl)-7(E),9(Z)-pentadienoyl]-pyrrolidine', '(2S)-Methyl-2-methyl-8-(3""-methylbut-2""-enyl)-2-(4\'-methylpent-3\'-enyl)-2H-chromene-6-carboxylate', 'Casearin T', 'Piperyline, N-[10-(13,14-methylenedioxyphenyl)-7(E),9(E)-pentadienoyl]-pyrrolidine', 'ω-fenil alcanoic acid', '2-butyl-D-fructofuranoside', ""Gaudichaudianic acid; (2S)-2-methyl-2-(4'methyl-3'-pentenyl)-8-(3''-methyl-2-butenyl)- 2H-1-benzopyran-6-carboxylic acid"", 'limonexic acid', 'Di(benzyltrithio) methane', '3,11,12-Trihydroxycadalene', 'Quercetin 3-O-sophoroside', '(3R,4R)-3,4-Dihydro-4,6-dihydroxy-3-methyl-1-oxo-1H-isochromene-5-carboxylic acid', '3,4,5-Triacetoxybenzoic acid', 'Odoratone', 'Rel-6β-hydroxyzuelanin-2β-benzoate', 'shidasterone', '5-hydroxymethyl- 2-furancarboxaldehyde; 5-hydroxymethyl-2-furfuraldehyde', 'atalaphyllinine', 'Chaetoglobosin B', ""2-(2'-O-benzoyl)-C-β-D-glucopyranosyl-1,3,6,7-tetrahydroxyxanthone"", 'Isoplumericin', '6α-acetoxy-14β,15β-epoxyazadirone', 'epoxy-fraxinellone', '12′-hydroxy-7′-multijuguinone', 'Kaempferitrin', 'Nitensidine C', 'Dipropyl disulphide', '2-methyl-5-[8(Z),11(Z)-pentadecadienyl]resorcinol', 'Casearin S', '11β-acetoxyobacunone', '1-(5,7-dihydroxy-2,2-dimethylchroman- 6-yl)-3-[4-hydroxy-3-(3-methylbut-2-en-1-yl)- phenyl]propan-1-one', '(3R,4R)-4,7-Dihydroxymellein', ""Nitensoside B; Pedalitin 6-O-α-rhamnopyranosyl(1'''→6'')-β-glucopyranoside"", 'Gedunin', 'Pedalin, pedalitin 6-O-β -glucopyranoside', '6-[8(Z)-pentadecenyl]salicylic acid', '(2S)-2-methyl-8-(3""-methylbut-2""-enyl)-2-(4\'-methylpent-3\'-enyl)-2H-chromene-6-carboxylic acid', 'Burchellin', '5-[8(Z)-pentadecenyl]resorcinol', 'Luteolin; 2-(3,4-dihydroxyphenyl)-5,7-dihydroxy-4H-chromen-4-one', 'Sinapic acid', '19,20-Epoxycytochalasin Q', '19,20-Epoxycytochalasin R', 'Muraxanthone', 'schaftoside', ""(2S)-Methyl-8-isopentyl-2-methyl-2-(4'-methylpentyl)chroman-6-carboxylate"", 'Methyl gallate', '3-O-β-D-quinovopyranosyl cincholic acid', 'Afzelin, 3-O-α-rhamnosyl kaempferol', 'Egonol', '4-Nerolidilcatechol', ""2-(2'-O-transcoumaroyl)-C-β-D-glucopyranosyl-1,3,6,7-tetrahydroxyxanthone"", 'N-[10- (13,14-methylenedioxyphenyl)-7(E)-pentaenoyl]-pyrrolidine', '2-Methyl-5-methoxy-benzopyran-4-one', '3,4-dihydroxybenzoic acid geranyl ester', 'Casearupestrin A', '2-oxo-piperol B; (7S*, 8R*, 1R*, 3R*)-3,4,5-trimethoxy-3,7-cyclo-8,1-neolig-8-ene-2,4(3H)-dione', 'taxifolin', ""(2'S)-2-(propan-2'-ol)-5-hydroxy-benzopyran-4-one"", 'Rel-(+)-(7S,9R,10S)-3,9,12-trihydroxycalamenene', 'Methyl (E)-6,7,8-trimethoxycinnamate', '3,4,5-Trimethoxyphenyl-1-O-β-D-(5-O-syringoyl)-apiofuranosyl-(1→6)-β-D-glucopyranoside', '6-[8(Z),11(Z),14-pentadecatrienyl]salicylic acid', 'Sorbifolin', ""Nitensoside A; Sorbifolin 6-O-α-rhamnopyranosyl(1'''→6'')-β-glucopyranoside"", 'Casearin O; (1R*,3S*,5S*,6aR*,7R*,8R*,9S*,10S*,10aR*)-1,10-Bis(acetyloxy)-5-methoxy-7,8-dimethyl-7-[(2Z)-3-methylpenta-2,4-dien-1-yl]-3,5,6,6a,7,8,9,10-octahydronaphtho[1,8a-c]furan-3,9-diyl Dibutanoate', 'germacrene D', 'Salacin', '6-pentadecylsalicylic acid', 'Methyl-2,2-dimethylchroman-6-carboxylate', ""Myrsinoic acid A, 3-Geranyl-4-hydroxy-5-(3'',3''-dimethylallyl)benzoic acid"", 'Caseargrewiin F; (1R*,3S*,5S*,6aR*,7S*,8R*,10R*,10aR*)-1,3-Bis(acetyloxy)-3,5,6,6a,7,8,9,10-octahydro-10-hydroxy-7,8-dimethyl-7-[(2Z)-3-methylpenta-2,4-dien-1-yl]naphtho[1,8a-c]furan-5-yl Butanoate', 'Casearin L; (1R*,3S*,5S*,6aR*,7R*,8R*,9S*,10S*,10aR*)-1,10-Bis(acetyloxy)-3,5,6,6a,7,8,9,10-octahydro-9-hydroxy-5-methoxy-7,8-dimethyl-7-[(2Z)-3-methylpenta-2,4-dien-1-yl]naphtho[1,8a-c]-furan-3-yl Butanoate', 'Platydesmine', 'Leiokinine A', 'Cabraleadiol', '(-)-Epigallocatechin-3-O-gallate', 'Casearin D; (1R*,3S*,5S*,6aR*,7R*,8R*,9S*,10S*,10aR*)-1-(Acetyloxy)-3,5,6,6a,7,8,9,10-octahydro-5,10-dihydroxy-7,8-dimethyl-7-[(2Z)-3-methylpenta-2,4-dien-1-yl]naphtho[1,8a-c]furan-3,9-diyl Dibutanoate', 'Rel. (+)-(7S,10S) 3,12-dihydroxycalamenene', 'carlinoside', 'Methyl-8-(ethanoyloxy)-2,2-dimethyl-2H-chromene-6-carboxylate', '2β-Hydroxyzuelanin-6β-cinnamate', 'arjunolic acid', 'stachysterone', 'Ethyl 2,4-dihydroxy-5,6-dimethylbenzoate', 'Amentoflavone 7”,4”’-dimethyl ether', 'Picramnioside F', 'Lauryl gallate', 'Syringic acid', '(+)-3-O-feruloylcassine', 'Amentoflavone', '1-(5,7-dihydroxy-2,2-dimethylchroman-6-yl)-3-(1,1,4a-trimethyl-2,3,4,4a,9a-hexahydro-1H-xanthen-7-yl)propan-1-one', 'Syringaldehyde', '22-hydroxytirucalla-7,24-diene-2,3-dione', 'Trans-3’-methylsulphonylallyl trans-cinnamate', '(3-(2-(4-hydroxyphenyl)-2-oxoethyl)-5,6-dihydropyridin- 2(1H)-one)', 'Mangiferin', 'Viburgenin', ""Pterogynoside; Kaempferol-3-O-(3''-O-4'''-methylgallate-α-L-rhamnoside)"", 'Isobutyl gallate', '7′-multijuguinone', 'Griseofulvin', ""7-Hydroxy-4',6-dimethoxyisoflavone; Afrormosin; Afromosin"", '8-methoxymellein', '(±)-Syringaresinol', 'Cyclo-(L-Pro-L-Val)', 'Acetonide of odoratol', '20α-Hydroxymaytenin; 20-hydroxy-20-epi-tingenone', 'Chalepin', 'Chlorogenic acid', '(4R)-4,8-dihydroxy-α-tetralone', 'Kaempferol', '3-O-β-D-quinovopyranosyl quinovic acid', '2-hydroxyphenylacetic acid', '2-methyl-5-[8(Z)-pentadecenyl]resorcinol']]",doi_name
"['10.1515/znc-2009-11-1212', '5-hydroxymellein']","['10.1515/znc-2009-11-1212', ['guaiol', 'γ-eudesmol', 'Hinesol', 'α-eudesmol', 'Galioside aglicone', '11-O-trans-feruloylteucrein', 'Teucrein', 'Apodanthoside', 'Galioside', ""3,4-dimethyl-2-(4'-hydroxy-3',5'-dimethoxyphenyl)-5-methoxy-tetrahydrofuran"", '2α,3α,19α- trihydroxyurs-12-en-28-oic acid', '3,3-O-dimethylquercetin', 'penduletin 4-O-methyl ether', '3,7,4-O-trimethylkaempferol', 'p-hydroxybenzoic acid', '2α,3α-dihydroxyolean-12- en-28-oic acid', 'Chrysoeriol', 'acacetin', '3-O-methylquercetin', 'Aphidicolin', '2,3-dihydro-4,9-dihydroxy-2-(2-hydroxy-propan-2-yl)- 11-methoxy-10-methylfuro[3,2-b]acridin-5(10H)-one', 'bis-5-hydroxyacronycine', 'Citibrasine', 'Anhydrofusarubin', 'Beauvericin', '5,7-dimethoxy-2,2-dimethyl-2H-1-benzopyran-6-propanoate', 'Taraxerol acetate', 'Chlorogenic acid methyl ester, Methyl (1S,3R,4R,5R)-3-{[(2E)-3-(3,4-dihydroxyphenyl)-2-propenoyl]oxy}-1,4,5-trihydroxycyclohexanecarboxylate', '2-Episesalatin', ""Isoswertisin-2''α1-L-rhamnoside"", 'Sesartemin', 'Clusifoliol', ""Isoswertisin-4'-methyl-ether-2''α-L-rhamnoside"", '3,21-Di-epi-feroniellide B', '21β,25-dimethylmelianodiol', '21α,25-dimethylmelianodiol', '9-hydroxyeugenin', 'Mycoleptone A', 'Mycoleptone A tetraacetate', 'Austdiol diacetate', 'Mycoleptone B', 'Eugenitin', '6-methoxyeugenin', 'Austdiol', '(-)-3-O-acetyl-spectaline', '(+)-Erythravine', '(+)-11α-Hydroxyerythravine', '(+)-α-Hydroxyerysotrine', 'Stearic acid 4-pentoyloxyphenethyl ester', 'astilbin; Rel-(2R, 3R)-dihydroquercetin-3-O-±-L-rhamnoside', 'Methyl (3R,4R,5R)-3-{[(2E)-3-(3,4-dihydroxyphenyl)-2-propenoyl]oxy}-1,4,5-trihydroxycyclohexanecarboxylate', 'Methyl (3R,4R,5R)-3-{[(2Z)-3-(3,4-dihydroxyphenyl)-2-propenoyl]oxy}-1,4,5-trihydroxycyclohexanecarboxylate', 'Deoxycordifoline', '3,4-dehydro-strictosidine', '5α-carboxystrictosidine', 'Strictosidine acid', '3,4-dehydrostrictosidine acid', 'Turbinatine', 'Harman-3-carboxylic acid', 'Cordifoline', '(22E,24R)-ergosta-4,6,8(14),22-tetraen-3-one', '8-hydroxy-6-methoxy-3-methylisocoumarin', 'Ergosterol peroxide', 'Dimethyl terephthalate', 'Pimara-7,15-dien-3β-ol', '4-metoxi-6-[2-(metilamino)fenil]- 2H-piran-2-ona', 'Nilocetin', 'Hispidol A', 'cryptomeridiol', 'Oleanonic acid', 'Piscidinol A', '3,11-dioxoolean-12-en-28- onic acid', 'Iso-odoratol', 'Pentaol', 'Nitensidine E', 'Nitensidine D', ""2'-hydroxy-3,4,4'-trimethoxy-5',6'-(2'',2''-dimethylpyrano)-chalcone"", ""3',4'-methylenedioxy-5,6,7- trimethoxyflavone"", ""3',4'-methylenedioxy-5,5',6,7-tetramethoxyflavone"", ""3',4'-methylenedioxy-5,7-dimethoxyflavone"", 'α-Gardiol', 'β-Gardiol', 'Ferulic acid', 'Tagitinin C', '1-methoxy-3-hydroxy-3,10b-4,5a-diepoxy-8b-isobutyroyloxygermacr-11(13)-en-6a,12-olide', 'Epi-guaiacin', 'Verrucosin', '7-Methyl-sargachromenol; 2,7,8-Trimethyl-2-[(3-E,7-Z)-4,12-dimethyl-8-carboxyl-3,7,11-tridecatrienyl]-3-chromen-6-ol, β-caroteno', 'Nectandrin B', '2-n-Pentylquinoline', ""2-(3',4'-methylenedioxyphenylethyl)-Quinoline"", ""2-(1'-pentenyl)-Quinoline"", '2-n-Propylquinoline', ""4-Hydroxy-3-(3',7'-dimethyl-3'-hydroxy-1'-oxo-6'-octenyl)benzoic acid"", ""1,4-Dihydroxy-2-(3',7'-dimethyl-1'-oxo-2'-E-6'-octadienyl)benzene"", ""Sakuranetin; 5,4'-dihydroxy-7-methoxyflavanone"", ""4-Hydroxy-(3',7'-dimethyl-1'-oxo-octa-2'-E-6'-dienyl)benzoic acid"", ""Isosakuranetin; 5,7-dihydroxy-4'-methoxyflavanone"", ""3,5,6,7,3',4',5'-heptamethoxyflavonol"", ""3',4',5',3,5,7,8-heptamethoxyflavone"", 'Secoxyloganin', ""6'-Acetyl-β-D-glucopyranosyldiderroside"", '7-Methoxydiderroside', 'Diderroside', 'Glycocitrine-I', 'Pyranofoline', '3,4-dihydro-3,5,8-trihydroxy-6-methoxy-2,2,7-trimethyl-2Hpyrano[ 2,3-a]acridin-12(7H)-one', '5-hydroxynoracronycine; Atalaphyllidine', 'Citrusinine-II', 'Glycocitrine-IV', 'Citrusinine-I', '1,3,5-trihydroxy-4-methoxy-10-methyl- 2,8-bis(3-methylbut-2-enyl)acridin-9(10H)-one', '1,3,5-trihydroxy- 2,8-bis(3-methylbut-2-enyl)-10-methyl-9-acridone', 'Xanthyletin', ""Hostmaniene; 4-Hydroxy-3-(2',3'-dihydroxy-3'-methylbutyl)benzoate"", ""4-Hydroxy-3-(3',7'-dimethylocta-2'-E-6'-dienyl)benzoic acid"", '3,4,5-Trimethoxydihydrocinnamic acid', 'Methyl 2,2-dimethyl-1-oxo-2H-1-benzopyran-6-carboxylate', ""Methyl taboganate; Methyl 4-hydroxy-3-(3'-methyl-1'-oxo-2'-butenyl)benzoate"", ""2',6'-Dihydroxy-4'-methoxydihydrochalcone"", 'Piperaduncine B', ""Methyl 4-hydroxy-3-(3'-methyl-2'-butenyl)benzoate"", ""Aduncumene; Methyl 2-methoxy-5-(3'-methyl-1'-oxo-2'-butenyl)benzoate"", ""4-Hydroxy-(3',7'-dimethyl-1'-oxo-octa-2'-Z-6'-dienyl)benzoic acid"", ""Methyl 4-hydroxy-3-(3'-methyl-2'-hydroxy-3'-butenyl)benzoate"", ""Rel-(7R,8S,7'S,8'S)-4'-hydroxy-3,4,5,3',5'-pentamethoxy-7,7'-epoxylignan"", ""Rel-(7R,8S,7'S,8'S)-4',5'-methylenedioxy-3,4,5,3'-tetramethoxy-7,7'-epoxylignan"", ""Rel-(7R,8S,7'S,8'S)-4-hydroxy-4',5'-methylenedioxy-3,5,3'-trimethoxy-7,7'-epoxylignan"", ""Rel-(7R,8S,7'S,8'S)-4,5,4',5'-dimethylenedioxy-3,3'-dimethoxy-7,7'-epoxylignan"", ""Rel-(7R,8S,7'S,8'S)-9-hydroxy-4',5'-methylenedioxy-3,4,5,3'-tetramethoxy-7,7'-epoxylignan"", ""4-Methoxy-3-(3',7'-dimethylocta-2'-E-6'-dienyl)benzoic acid"", ""3-(3',7 '-dimethyl-2',6 '-octadienyl)-4-methoxy-benzoic acid"", 'Methyl-8-hydroxy-2,2-dimethyl-2H-chromene-6-carboxylate', 'cyclo (L)-Pro-Gly', '17-(3,4-Methylenedioxyphenyl)-heptadecanoic acid', 'Sargachromenol', '(+)-Guaiacin', ""7,4'-Dimethoxyflavone"", 'Sargaquinoic acid', '19´-(3,4-Methylenedioxyphenyl)-nonadecanoic acid', ""7,4'-Dihydroxyflavone"", 'Farnisine', '21´-(3,4-Methylenedioxyphenyl)-henicosanoic acid', 'Fasciculiferin', 'Tithonine', ""Juruenolic acid; 2-(4'-Methylpentenyl-3)-10-oxoundecan-2,6-dienoic acid"", '6-Hydroxy-rutin', 'Kaempferol-3-O-α-L-rhamnopyranosyl-(1-6)-α-L-rhamnopyranosyl-(1-4)-β-D-glucopyranoside', 'Kaempferol-3-O-D-glucopyranoside', 'Catechin, Ent-catechin', 'Kaempferol-3-O-α-L-rhamnopyranosyl-(1→6)-β-D-galactopyranoside', 'Kaempferol-3-O-D-galactopyranoside', 'Procyanidin B-3', 'Quercetin-3-O-α-L-rhamnopyranosyl-(1→6)-β-D-galactopyranoside', 'Kaempferol-3-O-rutinoside', '5,7-dimethoxy-2,2-dimethyl-2H-1-benzopyran-6-propanoic acid', 'Isopimpinellin', 'Methacrylic acid', 'β-caryophyllene, trans-caryophyllene', '(3Z,5Z)-N-isobutyl-8-(30,40-methylenedioxy-phenyl)-heptadienamide', 'Pellitorine', 'Piperine', '(Z)-piplartine; 8(Z)-N-(12,13, 14-trimethoxycinnamoyl)- 3-pyridin-2-one', ""N-[3-(6'-methoxy-3',4'-methy-lenedioxyphenyl)-2(Z)-propenoyl]pyrrolidine"", '(E)-piplartine', '8,9-dihydropiplartine; N-(12,13,14-trimethoxydihydrocinnamoyl)-Δ3-pyridin-2-one', '10,11-dihydropiperine; Δα,β-dihydropiperine', '4,5-dihydropiperlonguminine; Piperlonguminine', '4,5-dihydropiperyline', 'Cusculine; 1,2,3,5,6-pentamethoxy-9-acridone', 'Cuspanine; 1-hydroxy-2,3,5,6-tetramethoxy-9-acridone', '2α,3α-Dihydroxy-urs-12-en-28-oic acid', 'Oleanolic acid 3-sophoroside', '3-O-β-D-(6’-methyl)-glucopyranosyl-28-O-β-D-glucopyranosyl-oleanate', 'β-Sitosterol benzoate', '5-hydroxyflavone', '2-phenyl-4H-chromen-4-one', 'Haplotusine', 'Sinapyl 4-O-β-D-glucopyranoside aldehyde', 'N-acetylnonaine', 'Liriodenine', 'Sinapyl 4-O-β-D-glucopyranoside alcohol', '[10]-gingerol', ""2,4-Dihydroxy-6-[(1'E,3'E)-penta-1', 3'-dienyl]-benzaldehyde"", '2-methyl-5-[8(Z)-pentadecenyl]resorcinol', 'Nitensidine A', '2-hydroxyphenylacetic acid', '3-O-β-D-quinovopyranosyl quinovic acid', '3β-hydroxy-stigmast-5-en-7-one; 24-β-7-oxositosterol', 'scillascillin', 'Piperol B', '(-)-Hardwickiic acid', ""5-[3''-(β-D-glucopyranosyloxy)propyl]-7-methoxy-2-(3',4'-methylenedioxyphenyl)benzofuran"", '28-O-β-D-glucopyranosyl quinovic acid', '2-Methyl-4-hydroxy-butyl caffeoate', 'N-1,N-2,N-3-Triisopentenylguanidine', 'Dibenzyl trisulphide', 'Maytenin, Tingenone', ""8-hydroxy-3,5,7,3',4',5'-hexamethoxyflavonol"", 'Odoratol', 'Leptomerine', '5-hydroxy-N-methylseverifoline', '19,20-Epoxycytochalasin N', 'ellagic acid 4-O-α-L-rhamnopyranoside; eschweilenol C', 'Mayoside C', 'Ourateacatechin', ""3',4',5',5,7-pentamethoxyflavone"", '2-methyl-5-pentadecylresorcinol', '(±)-Syringaresinol', 'Cyclo-(L-Pro-L-Val)', 'Acetonide of odoratol', '(−)-Grandisin', '24-methylenecycloartan-3b-ol', 'Ixoside', '2,7-Di-O-acetylcasearupestrin A', 'Nitensidine B', '1-methyl-2-n-nonyl-4-quinolone', '5-[8(Z),11(Z),14-pentadecatrienyl]resorcinol', 'Gallic acid; 3,4,5-trihydroxybenzoic acid', 'Homoegonol', '[8]-gingerol', '4-Hydroxymellein', '5-hydroxymellein', 'fraxinellonone', 'Dibenzyl sulphide', '(-) Cis-4-hydroxy-6-deoxyscytalone', 'Plumericin', '5-[8(Z),11(Z)-pentadecadienyl]resorcinol', '(-)-Spectalinine', 'Netzahualcoyondiol', 'fumiquinozoline F', 'Kaempferol 3-O-α-L-rhamnopyranosyl (1→6)-O-[β -D-glucopyranosyl (1→3)-O-α-L-rhamnopyranosyl-(1→2)]-O-β -D-glucopyranosyl', '3β-O-[α-L-rhamnopyranosyl-(1→2)-O-β-D-glucopyranosyl-(1→2)-O-β-D-glucopyranosyl]-28-O-β-D-glucopyranoside pomolate', 'Dibenzyl tetrasulphide', ""2',5-dihydroxy-3-methoxy-8-dimethylallyl-6, 7-(2' ',2''-dimethylpyrano)-dihydroflavonol"", 'Canavaline', 'Di-hydrodehydrodiconiferyl alcohol', 'Quercetin', ""2-(2'-O-trans-cinnamoyl)-C-β-D-glucopyranosyl-1,3,6,7-tetrahydroxyxanthone"", 'Kokusaginine', 'Ocotillone', 'des-N-methylnoracronycine', 'Sorbifolin 6-O-β-glucopyranoside', 'Rel-2α-hydroxyzuelanin-6β-benzoate', '2,6-di-O-acetylcasearupestrin D', ""Methyl-2,2-dimethyl-8-(3'-methylbut-2'-enyl)chroman-6-carboxylate"", 'β-photogedunin', 'n-Butyl gallate', ""5-[3''-(β-D-glucopyranosyloxy)propyl]-7-methoxy-2-(3',4'-dimethoxyphenyl)benzofuran"", '3,12-Dihydroxycadalene', '7-hydroxy-3- (11-dimethylallyl)-8-methoxycoumarin', ""N-[7-(3',4'-methylenedioxyphenyl)-2(Z),4(Z)-heptadienoyl]pyrrolidine"", ""Acteoside; [β-3,4-dihydroxyphenyl)-ethyl]-(3'-O-α-L-rhamnopyranosyl)-(4'-O-cafeoyl)-β-D-glycopyranoside, verbascoside"", 'Maculosidine', 'Podocarpusflavone A', 'Casearupestrin C', '6α-malonyloxy-n-butyl ester manoyl oxide', 'citrusinine-I', 'Ricinine', 'Leptophyllin A', '5-pentadecylresorcinol', '19,20-Epoxycytochalasin D', 'urauchimycin A', 'p-Coumaric acid', '(-)-Epigallocatechin', 'Netzahualcoyonol', '1-[3-(3,7-dimethylocta-2,6-dien-1-yl)-2,4,6- trihydroxyphenyl]-3-(4-hydroxyphenyl)propan-1-one', '6α-malonyloxymanoyl oxide', 'Benzylhydroxymethyl sulphide', '1,6-di-O-caffeoyl-β-D-glucopyranoside', '2-methyl-5-[8(Z),11(Z),14-pentadecatrienyl]resorcinol', '20-hydroxyecdysone; polypodine A', '3-Acetyl aleuritolic acid', '2-n-nonyl-4-quinolone', 'Cytochalasin D', 'Isoorientin', 'Pristimerin; 20α-3-hydroxy-2-oxo-24-nor-friedela-1-10,3,5,7-tetraen-carboxylic acid-29-methylester', '3,4,5-trimethoxyphenyl 1-O-β-D-apiofuranosyl-(1→6)-O-β-D-glucopyranoside', 'Methyl-8-hydroxy-2,2-dimethylchroman-6-carboxylate', '6α-acetoxy-14β,15β-epoxyazadirone', 'Alkenoic acid', 'Quercetin 3-O-α-L-rhamnopyranosyl (1→6)-O-[β -D-glucopyranosyl (1→3)-O-α-L-rhamnopyranosyl-(1→2)]-O-β -D-glucopyranosyl', 'Heveaflavone', 'Arboreumine', '3-Oxoursolic acid', 'Casearupestrin B', 'toonacilin', 'Uracil', '1-O-(E)-feruloyl-β-D-glucopyranoside', '19,20-Epoxycytochalasin C', 'n-Pentyl gallate', 'Orcinol', 'Periconicin B', 'Phomopsilactone', 'Methyl angolensate', ""5-(3'' -Hydroxypropyl)-7-methoxy-2-(3',4' -methyl-enedioxyphenyl)benzofuran"", '22β-hydroxypristimerin', '1- (5,7-dihydroxy-2,2-dimethylchroman-6-yl)-3-(2,2-dimethylchroman- 6-yl)propan-1-one', ""(2S)-8-Isopentyl-2-methyl-2-(4'-methylpentyl)chroman-6-carboxylic acid"", '2,2-dimethyl-2H-chromene-6-carboxylic acid', '1,2-dihydro- 3β-hydroxy-7-deacetoxy-7-oxogedunin', 'Photogedunin', 'Casearin X; (1R*,3S*,5S*,6aR*,7S*,8S*,10R*,10aR*)-1-(Acetyloxy)-3,5,6,6a,7,8,9,10-octahydro-10-hydroxy-7,8-dimethyl-7-[(2Z)-3-methylpenta-2,4-dien-1-yl]naphtho[1,8a-c]furan-3,5-diyl Dibutanoate', 'Skimmianine', 'p-hydroxybenzoic acid-geranyl ester', 'Dibenzyl disulphide', 'Proanthocyanidin', 'neoisoastilbin', '(R)-7-Hydroxymellein', '6α-acetoxymanoyl oxide', 'Pedalitin', 'Di(benzyltrithio) methane', '3,11,12-Trihydroxycadalene', 'Quercetin 3-O-sophoroside', '(3R,4R)-3,4-Dihydro-4,6-dihydroxy-3-methyl-1-oxo-1H-isochromene-5-carboxylic acid', 'polypodine B', 'n-Propyl gallate', ""3',4',5',5,7,8-hexamethoxyflavone"", 'Isopropyl gallate', '6β-hydroxy-7-epigardoside methyl ester', 'Tetrahydropiperyline, N-[10-(13,14-methylenedioxyphenyl)-pentanoyl]-pyrrolidine', 'Piperovatine', '2,4,6-trimethoxybenzoic acid', '1-O-(E)-caffeoyl-β-D-glucopyranoside', 'Quercitrin, 3-O-α-rhamnosylquercetin', 'Caseobliquin A', '12′-hydroxy-7′-multijuguinone', 'Kaempferitrin', 'Nitensidine C', 'Dipropyl disulphide', '2-methyl-5-[8(Z),11(Z)-pentadecadienyl]resorcinol', 'Methyl 6,7,8-trimethoxydihydrocinnamate', '2-Hexyl-3-methyl-butanodioic acid', 'fraxinellone', ""2-(R)-Methyl-6-(S)-(tetradecyl-13'-one)-3(R)-O-tert-butyldimethylsilyl-piperidine"", '(2S)-Methyl-2-methyl-8-(3""-methylbut-2""-enyl)-2-(4\'-methylpent-3\'-enyl)-2H-chromene-6-carboxylate', 'Casearin T', 'Piperyline, N-[10-(13,14-methylenedioxyphenyl)-7(E),9(E)-pentadienoyl]-pyrrolidine', 'ω-fenil alcanoic acid', '2-butyl-D-fructofuranoside', ""Gaudichaudianic acid; (2S)-2-methyl-2-(4'methyl-3'-pentenyl)-8-(3''-methyl-2-butenyl)- 2H-1-benzopyran-6-carboxylic acid"", 'limonexic acid', '19,20-Epoxycytochalasin Q', '19,20-Epoxycytochalasin R', 'Muraxanthone', 'Odoratone', 'Rel-6β-hydroxyzuelanin-2β-benzoate', 'shidasterone', '5-hydroxymethyl- 2-furancarboxaldehyde; 5-hydroxymethyl-2-furfuraldehyde', 'atalaphyllinine', '24-methylene-3,22-dihydroxycholesterol', 'amorphispironone', 'Casearupestrin D', 'Chaetoglobosin B', ""2-(2'-O-benzoyl)-C-β-D-glucopyranosyl-1,3,6,7-tetrahydroxyxanthone"", 'Isoplumericin', 'α-L-xylopyranosyl-(4""→20)-(3-O-β-D-glucopyranosyl)-1\'-O-E-caffeoyl-β-D-glucopyranoside', 'epoxy-fraxinellone', 'Casearupestrin A', '2-oxo-piperol B; (7S*, 8R*, 1R*, 3R*)-3,4,5-trimethoxy-3,7-cyclo-8,1-neolig-8-ene-2,4(3H)-dione', 'taxifolin', ""(2'S)-2-(propan-2'-ol)-5-hydroxy-benzopyran-4-one"", 'Rel-(+)-(7S,9R,10S)-3,9,12-trihydroxycalamenene', 'Casearin S', '11β-acetoxyobacunone', '1-(5,7-dihydroxy-2,2-dimethylchroman- 6-yl)-3-[4-hydroxy-3-(3-methylbut-2-en-1-yl)- phenyl]propan-1-one', '(3R,4R)-4,7-Dihydroxymellein', '6-[ 8(Z),11(Z) -pentadecadienyl] salicylic acid', '6-[8(Z)-pentadecenyl]salicylic acid', '(2S)-2-methyl-8-(3""-methylbut-2""-enyl)-2-(4\'-methylpent-3\'-enyl)-2H-chromene-6-carboxylic acid', 'Burchellin', '5-[8(Z)-pentadecenyl]resorcinol', 'Luteolin; 2-(3,4-dihydroxyphenyl)-5,7-dihydroxy-4H-chromen-4-one', 'Sinapic acid', 'Pedalin, pedalitin 6-O-β -glucopyranoside', 'Caseargrewiin F; (1R*,3S*,5S*,6aR*,7S*,8R*,10R*,10aR*)-1,3-Bis(acetyloxy)-3,5,6,6a,7,8,9,10-octahydro-10-hydroxy-7,8-dimethyl-7-[(2Z)-3-methylpenta-2,4-dien-1-yl]naphtho[1,8a-c]furan-5-yl Butanoate', 'Casearin L; (1R*,3S*,5S*,6aR*,7R*,8R*,9S*,10S*,10aR*)-1,10-Bis(acetyloxy)-3,5,6,6a,7,8,9,10-octahydro-9-hydroxy-5-methoxy-7,8-dimethyl-7-[(2Z)-3-methylpenta-2,4-dien-1-yl]naphtho[1,8a-c]-furan-3-yl Butanoate', 'Platydesmine', 'Leiokinine A', 'Cabraleadiol', 'schaftoside', ""(2S)-Methyl-8-isopentyl-2-methyl-2-(4'-methylpentyl)chroman-6-carboxylate"", '3,4,5-Triacetoxybenzoic acid', 'Methyl gallate', '3-O-β-D-quinovopyranosyl cincholic acid', 'Afzelin, 3-O-α-rhamnosyl kaempferol', 'N-[10- (13,14-methylenedioxyphenyl)-7(E)-pentaenoyl]-pyrrolidine', '2-Methyl-5-methoxy-benzopyran-4-one', '3,4-dihydroxybenzoic acid geranyl ester', 'N-[10-(13,14-methylenedioxyphenyl)-7(E),9(Z)-pentadienoyl]-pyrrolidine', '4-Nerolidilcatechol', ""2-(2'-O-transcoumaroyl)-C-β-D-glucopyranosyl-1,3,6,7-tetrahydroxyxanthone"", 'Syringic acid', '(+)-3-O-feruloylcassine', '1-(5,7-dihydroxy-2,2-dimethylchroman-6-yl)-3-(1,1,4a-trimethyl-2,3,4,4a,9a-hexahydro-1H-xanthen-7-yl)propan-1-one', 'Methyl (E)-6,7,8-trimethoxycinnamate', '3,4,5-Trimethoxyphenyl-1-O-β-D-(5-O-syringoyl)-apiofuranosyl-(1→6)-β-D-glucopyranoside', '6-[8(Z),11(Z),14-pentadecatrienyl]salicylic acid', 'Sorbifolin', ""Nitensoside A; Sorbifolin 6-O-α-rhamnopyranosyl(1'''→6'')-β-glucopyranoside"", 'Casearin O; (1R*,3S*,5S*,6aR*,7R*,8R*,9S*,10S*,10aR*)-1,10-Bis(acetyloxy)-5-methoxy-7,8-dimethyl-7-[(2Z)-3-methylpenta-2,4-dien-1-yl]-3,5,6,6a,7,8,9,10-octahydronaphtho[1,8a-c]furan-3,9-diyl Dibutanoate', 'germacrene D', '6-pentadecylsalicylic acid', ""Nitensoside B; Pedalitin 6-O-α-rhamnopyranosyl(1'''→6'')-β-glucopyranoside"", 'Amentoflavone', 'Gedunin', ""7-Hydroxy-4',6-dimethoxyisoflavone; Afrormosin; Afromosin"", '8-methoxymellein', 'Methyl-2,2-dimethylchroman-6-carboxylate', ""Myrsinoic acid A, 3-Geranyl-4-hydroxy-5-(3'',3''-dimethylallyl)benzoic acid"", '20α-Hydroxymaytenin; 20-hydroxy-20-epi-tingenone', '(-)-Epigallocatechin-3-O-gallate', 'Casearin D; (1R*,3S*,5S*,6aR*,7R*,8R*,9S*,10S*,10aR*)-1-(Acetyloxy)-3,5,6,6a,7,8,9,10-octahydro-5,10-dihydroxy-7,8-dimethyl-7-[(2Z)-3-methylpenta-2,4-dien-1-yl]naphtho[1,8a-c]furan-3,9-diyl Dibutanoate', 'Rel. (+)-(7S,10S) 3,12-dihydroxycalamenene', 'carlinoside', 'Methyl-8-(ethanoyloxy)-2,2-dimethyl-2H-chromene-6-carboxylate', 'arjunolic acid', 'stachysterone', 'Ethyl 2,4-dihydroxy-5,6-dimethylbenzoate', 'Amentoflavone 7”,4”’-dimethyl ether', 'Picramnioside F', 'Egonol', 'urauchimycin B', ""2-(2'-O-trans-caffeoyl)-C-β-D-glucopyranosyl-1,3,6,7-tetrahydroxyxanthone"", 'Netzahualcoyene', 'Casearin X Dialdehyde; (2R*,4aS*,5S*,7R*,8R*,8aS*)-4,4a-Diformyl-1,2,4a,5,6,7,8,8a-octahydro-5-hydroxy-7,8-dimethyl-8-[(2Z)-3-methylpenta-2,4-dien-1-yl]naphthalen-2-yl Butanoate', 'Lauryl gallate', 'Syringaldehyde', '22-hydroxytirucalla-7,24-diene-2,3-dione', 'Trans-3’-methylsulphonylallyl trans-cinnamate', '(3-(2-(4-hydroxyphenyl)-2-oxoethyl)-5,6-dihydropyridin- 2(1H)-one)', 'Mangiferin', 'Salacin', 'Viburgenin', ""Pterogynoside; Kaempferol-3-O-(3''-O-4'''-methylgallate-α-L-rhamnoside)"", 'Isobutyl gallate', '7′-multijuguinone', 'Griseofulvin', '2β-Hydroxyzuelanin-6β-cinnamate', 'Cognatine', 'Fagaramide', 'Chalepin', 'Chlorogenic acid', '(4R)-4,8-dihydroxy-α-tetralone', 'Kaempferol']]",doi_name
"['10.1016/j.micres.2004.06.003', 'fumiquinozoline F']","['10.1016/j.micres.2004.06.003', ['α-eudesmol', 'guaiol', 'γ-eudesmol', 'Hinesol', 'Galioside aglicone', 'Teucrein', '11-O-trans-feruloylteucrein', 'Apodanthoside', 'Galioside', 'Chlorogenic acid methyl ester, Methyl (1S,3R,4R,5R)-3-{[(2E)-3-(3,4-dihydroxyphenyl)-2-propenoyl]oxy}-1,4,5-trihydroxycyclohexanecarboxylate', '5,7-dimethoxy-2,2-dimethyl-2H-1-benzopyran-6-propanoate', 'Anhydrofusarubin', 'Beauvericin', 'astilbin; Rel-(2R, 3R)-dihydroquercetin-3-O-±-L-rhamnoside', 'Taraxerol acetate', '(-)-3-O-acetyl-spectaline', '2-Episesalatin', ""Isoswertisin-2''α1-L-rhamnoside"", 'Sesartemin', 'Clusifoliol', ""Isoswertisin-4'-methyl-ether-2''α-L-rhamnoside"", ""3,4-dimethyl-2-(4'-hydroxy-3',5'-dimethoxyphenyl)-5-methoxy-tetrahydrofuran"", 'Stearic acid 4-pentoyloxyphenethyl ester', '3,21-Di-epi-feroniellide B', '21β,25-dimethylmelianodiol', '21α,25-dimethylmelianodiol', '9-hydroxyeugenin', 'Mycoleptone A', 'Mycoleptone A tetraacetate', 'Eugenitin', 'Mycoleptone B', '6-methoxyeugenin', 'Austdiol diacetate', 'Austdiol', ""Methyl 4-hydroxy-3-(3'-methyl-2'-hydroxy-3'-butenyl)benzoate"", ""4-Hydroxy-(3',7'-dimethyl-1'-oxo-octa-2'-Z-6'-dienyl)benzoic acid"", ""Aduncumene; Methyl 2-methoxy-5-(3'-methyl-1'-oxo-2'-butenyl)benzoate"", '3,4,5-Trimethoxydihydrocinnamic acid', ""Methyl taboganate; Methyl 4-hydroxy-3-(3'-methyl-1'-oxo-2'-butenyl)benzoate"", ""2',6'-Dihydroxy-4'-methoxydihydrochalcone"", 'Piperaduncine B', ""Methyl 4-hydroxy-3-(3'-methyl-2'-butenyl)benzoate"", ""4-Hydroxy-3-(3',7'-dimethylocta-2'-E-6'-dienyl)benzoic acid"", ""Hostmaniene; 4-Hydroxy-3-(2',3'-dihydroxy-3'-methylbutyl)benzoate"", 'Methyl 2,2-dimethyl-1-oxo-2H-1-benzopyran-6-carboxylate', 'Secoxyloganin', '7-Methoxydiderroside', ""6'-Acetyl-β-D-glucopyranosyldiderroside"", 'Diderroside', 'bis-5-hydroxyacronycine', 'Citibrasine', '2,3-dihydro-4,9-dihydroxy-2-(2-hydroxy-propan-2-yl)- 11-methoxy-10-methylfuro[3,2-b]acridin-5(10H)-one', 'Pentaol', 'Iso-odoratol', 'cryptomeridiol', 'Piscidinol A', 'Oleanonic acid', '3,11-dioxoolean-12-en-28- onic acid', 'Hispidol A', 'Nilocetin', '(+)-α-Hydroxyerysotrine', '(+)-Erythravine', '(+)-11α-Hydroxyerythravine', '1,3,5-trihydroxy-4-methoxy-10-methyl- 2,8-bis(3-methylbut-2-enyl)acridin-9(10H)-one', '3,4-dihydro-3,5,8-trihydroxy-6-methoxy-2,2,7-trimethyl-2Hpyrano[ 2,3-a]acridin-12(7H)-one', 'Glycocitrine-IV', 'Citrusinine-II', 'Pyranofoline', '1,3,5-trihydroxy- 2,8-bis(3-methylbut-2-enyl)-10-methyl-9-acridone', '5-hydroxynoracronycine; Atalaphyllidine', 'Citrusinine-I', 'Glycocitrine-I', 'Nitensidine E', 'Nitensidine D', 'Methyl (3R,4R,5R)-3-{[(2E)-3-(3,4-dihydroxyphenyl)-2-propenoyl]oxy}-1,4,5-trihydroxycyclohexanecarboxylate', 'Methyl (3R,4R,5R)-3-{[(2Z)-3-(3,4-dihydroxyphenyl)-2-propenoyl]oxy}-1,4,5-trihydroxycyclohexanecarboxylate', '4-metoxi-6-[2-(metilamino)fenil]- 2H-piran-2-ona', '2-n-Pentylquinoline', ""2-(3',4'-methylenedioxyphenylethyl)-Quinoline"", ""2-(1'-pentenyl)-Quinoline"", '2-n-Propylquinoline', 'Xanthyletin', ""4-Hydroxy-3-(3',7'-dimethyl-3'-hydroxy-1'-oxo-6'-octenyl)benzoic acid"", ""Sakuranetin; 5,4'-dihydroxy-7-methoxyflavanone"", ""4-Hydroxy-(3',7'-dimethyl-1'-oxo-octa-2'-E-6'-dienyl)benzoic acid"", ""1,4-Dihydroxy-2-(3',7'-dimethyl-1'-oxo-2'-E-6'-octadienyl)benzene"", ""Isosakuranetin; 5,7-dihydroxy-4'-methoxyflavanone"", 'penduletin 4-O-methyl ether', '2α,3α,19α- trihydroxyurs-12-en-28-oic acid', '3,3-O-dimethylquercetin', 'p-hydroxybenzoic acid', '3,7,4-O-trimethylkaempferol', 'Chrysoeriol', 'acacetin', '3-O-methylquercetin', '2α,3α-dihydroxyolean-12- en-28-oic acid', 'Aphidicolin', 'cyclo (L)-Pro-Gly', 'Deoxycordifoline', '3,4-dehydro-strictosidine', 'Turbinatine', 'Cordifoline', '5α-carboxystrictosidine', 'Strictosidine acid', 'Harman-3-carboxylic acid', '3,4-dehydrostrictosidine acid', 'Methacrylic acid', '(22E,24R)-ergosta-4,6,8(14),22-tetraen-3-one', '8-hydroxy-6-methoxy-3-methylisocoumarin', 'Ergosterol peroxide', 'Dimethyl terephthalate', 'Pimara-7,15-dien-3β-ol', 'Epi-guaiacin', 'Verrucosin', '7-Methyl-sargachromenol; 2,7,8-Trimethyl-2-[(3-E,7-Z)-4,12-dimethyl-8-carboxyl-3,7,11-tridecatrienyl]-3-chromen-6-ol, β-caroteno', 'Nectandrin B', 'Tagitinin C', '1-methoxy-3-hydroxy-3,10b-4,5a-diepoxy-8b-isobutyroyloxygermacr-11(13)-en-6a,12-olide', ""4-Methoxy-3-(3',7'-dimethylocta-2'-E-6'-dienyl)benzoic acid"", 'Methyl-8-hydroxy-2,2-dimethyl-2H-chromene-6-carboxylate', ""3-(3',7 '-dimethyl-2',6 '-octadienyl)-4-methoxy-benzoic acid"", ""2'-hydroxy-3,4,4'-trimethoxy-5',6'-(2'',2''-dimethylpyrano)-chalcone"", ""3',4'-methylenedioxy-5,5',6,7-tetramethoxyflavone"", ""3',4'-methylenedioxy-5,6,7- trimethoxyflavone"", ""3',4'-methylenedioxy-5,7-dimethoxyflavone"", '5,7-dimethoxy-2,2-dimethyl-2H-1-benzopyran-6-propanoic acid', ""3',4',5',3,5,7,8-heptamethoxyflavone"", ""3,5,6,7,3',4',5'-heptamethoxyflavonol"", 'Sargaquinoic acid', 'Sargachromenol', '19´-(3,4-Methylenedioxyphenyl)-nonadecanoic acid', ""Juruenolic acid; 2-(4'-Methylpentenyl-3)-10-oxoundecan-2,6-dienoic acid"", '21´-(3,4-Methylenedioxyphenyl)-henicosanoic acid', 'Tithonine', 'Farnisine', ""7,4'-Dihydroxyflavone"", 'Fasciculiferin', ""7,4'-Dimethoxyflavone"", '(+)-Guaiacin', '17-(3,4-Methylenedioxyphenyl)-heptadecanoic acid', 'Isopimpinellin', 'Catechin, Ent-catechin', 'Kaempferol-3-O-rutinoside', 'Kaempferol-3-O-α-L-rhamnopyranosyl-(1→6)-β-D-galactopyranoside', 'Kaempferol-3-O-α-L-rhamnopyranosyl-(1-6)-α-L-rhamnopyranosyl-(1-4)-β-D-glucopyranoside', '6-Hydroxy-rutin', 'Kaempferol-3-O-D-glucopyranoside', 'Quercetin-3-O-α-L-rhamnopyranosyl-(1→6)-β-D-galactopyranoside', 'Kaempferol-3-O-D-galactopyranoside', 'Procyanidin B-3', ""Rel-(7R,8S,7'S,8'S)-4',5'-methylenedioxy-3,4,5,3'-tetramethoxy-7,7'-epoxylignan"", ""Rel-(7R,8S,7'S,8'S)-9-hydroxy-4',5'-methylenedioxy-3,4,5,3'-tetramethoxy-7,7'-epoxylignan"", ""Rel-(7R,8S,7'S,8'S)-4,5,4',5'-dimethylenedioxy-3,3'-dimethoxy-7,7'-epoxylignan"", ""Rel-(7R,8S,7'S,8'S)-4-hydroxy-4',5'-methylenedioxy-3,5,3'-trimethoxy-7,7'-epoxylignan"", ""Rel-(7R,8S,7'S,8'S)-4'-hydroxy-3,4,5,3',5'-pentamethoxy-7,7'-epoxylignan"", 'α-Gardiol', 'β-Gardiol', 'Ferulic acid', '(Z)-piplartine; 8(Z)-N-(12,13, 14-trimethoxycinnamoyl)- 3-pyridin-2-one', ""N-[3-(6'-methoxy-3',4'-methy-lenedioxyphenyl)-2(Z)-propenoyl]pyrrolidine"", '4,5-dihydropiperlonguminine; Piperlonguminine', 'Piperine', 'Pellitorine', '8,9-dihydropiplartine; N-(12,13,14-trimethoxydihydrocinnamoyl)-Δ3-pyridin-2-one', '4,5-dihydropiperyline', '(E)-piplartine', '10,11-dihydropiperine; Δα,β-dihydropiperine', '(3Z,5Z)-N-isobutyl-8-(30,40-methylenedioxy-phenyl)-heptadienamide', 'β-caryophyllene, trans-caryophyllene', 'Cuspanine; 1-hydroxy-2,3,5,6-tetramethoxy-9-acridone', 'Cusculine; 1,2,3,5,6-pentamethoxy-9-acridone', '2α,3α-Dihydroxy-urs-12-en-28-oic acid', 'Oleanolic acid 3-sophoroside', '3-O-β-D-(6’-methyl)-glucopyranosyl-28-O-β-D-glucopyranosyl-oleanate', 'Haplotusine', '5-hydroxyflavone', '2-phenyl-4H-chromen-4-one', 'β-Sitosterol benzoate', 'Sinapyl 4-O-β-D-glucopyranoside aldehyde', 'Sinapyl 4-O-β-D-glucopyranoside alcohol', 'N-acetylnonaine', 'Liriodenine', '[10]-gingerol', ""2,4-Dihydroxy-6-[(1'E,3'E)-penta-1', 3'-dienyl]-benzaldehyde"", '3β-hydroxy-stigmast-5-en-7-one; 24-β-7-oxositosterol', 'scillascillin', 'Piperol B', '(-)-Hardwickiic acid', ""5-[3''-(β-D-glucopyranosyloxy)propyl]-7-methoxy-2-(3',4'-methylenedioxyphenyl)benzofuran"", '28-O-β-D-glucopyranosyl quinovic acid', '2-Methyl-4-hydroxy-butyl caffeoate', 'N-1,N-2,N-3-Triisopentenylguanidine', 'Dibenzyl trisulphide', 'Maytenin, Tingenone', 'Kokusaginine', ""2-(2'-O-trans-caffeoyl)-C-β-D-glucopyranosyl-1,3,6,7-tetrahydroxyxanthone"", 'Netzahualcoyene', 'Lauryl gallate', 'Nitensidine A', ""8-hydroxy-3,5,7,3',4',5'-hexamethoxyflavonol"", 'Odoratol', 'Leptomerine', '5-hydroxy-N-methylseverifoline', '19,20-Epoxycytochalasin N', 'ellagic acid 4-O-α-L-rhamnopyranoside; eschweilenol C', 'Mayoside C', 'Ourateacatechin', ""3',4',5',5,7-pentamethoxyflavone"", '2-methyl-5-pentadecylresorcinol', 'Acetonide of odoratol', '(−)-Grandisin', '24-methylenecycloartan-3b-ol', 'Ixoside', 'Cognatine', '2,7-Di-O-acetylcasearupestrin A', 'Nitensidine B', '1-methyl-2-n-nonyl-4-quinolone', '5-[8(Z),11(Z),14-pentadecatrienyl]resorcinol', 'urauchimycin B', 'Homoegonol', '[8]-gingerol', '4-Hydroxymellein', '5-hydroxymellein', 'fraxinellonone', 'Dibenzyl sulphide', '(-) Cis-4-hydroxy-6-deoxyscytalone', 'Plumericin', '5-[8(Z),11(Z)-pentadecadienyl]resorcinol', '(-)-Spectalinine', '2-methyl-5-[8(Z)-pentadecenyl]resorcinol', 'Kaempferol 3-O-α-L-rhamnopyranosyl (1→6)-O-[β -D-glucopyranosyl (1→3)-O-α-L-rhamnopyranosyl-(1→2)]-O-β -D-glucopyranosyl', '3β-O-[α-L-rhamnopyranosyl-(1→2)-O-β-D-glucopyranosyl-(1→2)-O-β-D-glucopyranosyl]-28-O-β-D-glucopyranoside pomolate', 'Methyl angolensate', ""5-(3'' -Hydroxypropyl)-7-methoxy-2-(3',4' -methyl-enedioxyphenyl)benzofuran"", '22β-hydroxypristimerin', '1- (5,7-dihydroxy-2,2-dimethylchroman-6-yl)-3-(2,2-dimethylchroman- 6-yl)propan-1-one', 'Canavaline', 'Di-hydrodehydrodiconiferyl alcohol', 'Quercetin', ""2-(2'-O-trans-cinnamoyl)-C-β-D-glucopyranosyl-1,3,6,7-tetrahydroxyxanthone"", 'Ocotillone', 'des-N-methylnoracronycine', 'Sorbifolin 6-O-β-glucopyranoside', 'Rel-2α-hydroxyzuelanin-6β-benzoate', '2,6-di-O-acetylcasearupestrin D', ""Methyl-2,2-dimethyl-8-(3'-methylbut-2'-enyl)chroman-6-carboxylate"", 'urauchimycin A', 'p-Coumaric acid', '(-)-Epigallocatechin', 'Netzahualcoyonol', '1-[3-(3,7-dimethylocta-2,6-dien-1-yl)-2,4,6- trihydroxyphenyl]-3-(4-hydroxyphenyl)propan-1-one', '6α-malonyloxymanoyl oxide', 'Maculosidine', 'Podocarpusflavone A', 'Casearupestrin C', '6α-malonyloxy-n-butyl ester manoyl oxide', 'citrusinine-I', 'Ricinine', 'Leptophyllin A', '5-pentadecylresorcinol', '19,20-Epoxycytochalasin D', 'fumiquinozoline F', '20-hydroxyecdysone; polypodine A', '3-Acetyl aleuritolic acid', 'Alkenoic acid', 'Quercetin 3-O-α-L-rhamnopyranosyl (1→6)-O-[β -D-glucopyranosyl (1→3)-O-α-L-rhamnopyranosyl-(1→2)]-O-β -D-glucopyranosyl', 'Heveaflavone', 'Arboreumine', '3-Oxoursolic acid', 'Casearupestrin B', 'toonacilin', 'Netzahualcoyondiol', 'Dibenzyl tetrasulphide', ""2',5-dihydroxy-3-methoxy-8-dimethylallyl-6, 7-(2' ',2''-dimethylpyrano)-dihydroflavonol"", '2-n-nonyl-4-quinolone', 'Cytochalasin D', 'Isoorientin', 'Uracil', '3,4,5-trimethoxyphenyl 1-O-β-D-apiofuranosyl-(1→6)-O-β-D-glucopyranoside', 'β-photogedunin', 'n-Butyl gallate', ""5-[3''-(β-D-glucopyranosyloxy)propyl]-7-methoxy-2-(3',4'-dimethoxyphenyl)benzofuran"", '3,12-Dihydroxycadalene', '7-hydroxy-3- (11-dimethylallyl)-8-methoxycoumarin', ""N-[7-(3',4'-methylenedioxyphenyl)-2(Z),4(Z)-heptadienoyl]pyrrolidine"", ""Acteoside; [β-3,4-dihydroxyphenyl)-ethyl]-(3'-O-α-L-rhamnopyranosyl)-(4'-O-cafeoyl)-β-D-glycopyranoside, verbascoside"", 'Pedalitin', '1-O-(E)-feruloyl-β-D-glucopyranoside', '19,20-Epoxycytochalasin C', 'n-Pentyl gallate', 'Orcinol', 'Benzylhydroxymethyl sulphide', '1,6-di-O-caffeoyl-β-D-glucopyranoside', '2-methyl-5-[8(Z),11(Z),14-pentadecatrienyl]resorcinol', '2-butyl-D-fructofuranoside', ""Gaudichaudianic acid; (2S)-2-methyl-2-(4'methyl-3'-pentenyl)-8-(3''-methyl-2-butenyl)- 2H-1-benzopyran-6-carboxylic acid"", 'Casearin X Dialdehyde; (2R*,4aS*,5S*,7R*,8R*,8aS*)-4,4a-Diformyl-1,2,4a,5,6,7,8,8a-octahydro-5-hydroxy-7,8-dimethyl-8-[(2Z)-3-methylpenta-2,4-dien-1-yl]naphthalen-2-yl Butanoate', 'polypodine B', 'n-Propyl gallate', ""3',4',5',5,7,8-hexamethoxyflavone"", 'Isopropyl gallate', '6β-hydroxy-7-epigardoside methyl ester', 'Tetrahydropiperyline, N-[10-(13,14-methylenedioxyphenyl)-pentanoyl]-pyrrolidine', 'Piperovatine', '2,4,6-trimethoxybenzoic acid', '1-O-(E)-caffeoyl-β-D-glucopyranoside', 'Gallic acid; 3,4,5-trihydroxybenzoic acid', 'Quercitrin, 3-O-α-rhamnosylquercetin', 'Caseobliquin A', 'Pristimerin; 20α-3-hydroxy-2-oxo-24-nor-friedela-1-10,3,5,7-tetraen-carboxylic acid-29-methylester', 'Di(benzyltrithio) methane', '3,11,12-Trihydroxycadalene', 'Quercetin 3-O-sophoroside', 'Periconicin B', 'Phomopsilactone', ""(2S)-8-Isopentyl-2-methyl-2-(4'-methylpentyl)chroman-6-carboxylic acid"", '2,2-dimethyl-2H-chromene-6-carboxylic acid', '1,2-dihydro- 3β-hydroxy-7-deacetoxy-7-oxogedunin', 'Photogedunin', 'Casearin X; (1R*,3S*,5S*,6aR*,7S*,8S*,10R*,10aR*)-1-(Acetyloxy)-3,5,6,6a,7,8,9,10-octahydro-10-hydroxy-7,8-dimethyl-7-[(2Z)-3-methylpenta-2,4-dien-1-yl]naphtho[1,8a-c]furan-3,5-diyl Dibutanoate', 'α-L-xylopyranosyl-(4""→20)-(3-O-β-D-glucopyranosyl)-1\'-O-E-caffeoyl-β-D-glucopyranoside', ""2-(R)-Methyl-6-(S)-(tetradecyl-13'-one)-3(R)-O-tert-butyldimethylsilyl-piperidine"", '(2S)-Methyl-2-methyl-8-(3""-methylbut-2""-enyl)-2-(4\'-methylpent-3\'-enyl)-2H-chromene-6-carboxylate', 'Casearin T', 'Piperyline, N-[10-(13,14-methylenedioxyphenyl)-7(E),9(E)-pentadienoyl]-pyrrolidine', 'ω-fenil alcanoic acid', '6-[8(Z)-pentadecenyl]salicylic acid', '(2S)-2-methyl-8-(3""-methylbut-2""-enyl)-2-(4\'-methylpent-3\'-enyl)-2H-chromene-6-carboxylic acid', 'Burchellin', '5-[8(Z)-pentadecenyl]resorcinol', 'Luteolin; 2-(3,4-dihydroxyphenyl)-5,7-dihydroxy-4H-chromen-4-one', 'Sinapic acid', '19,20-Epoxycytochalasin Q', 'limonexic acid', 'Skimmianine', 'p-hydroxybenzoic acid-geranyl ester', 'Dibenzyl disulphide', 'Proanthocyanidin', 'neoisoastilbin', '(R)-7-Hydroxymellein', '6α-acetoxymanoyl oxide', 'Methyl-8-hydroxy-2,2-dimethylchroman-6-carboxylate', '2-methyl-5-[8(Z),11(Z)-pentadecadienyl]resorcinol', 'Methyl 6,7,8-trimethoxydihydrocinnamate', '2-Hexyl-3-methyl-butanodioic acid', 'fraxinellone', '6-[ 8(Z),11(Z) -pentadecadienyl] salicylic acid', '3,4,5-Triacetoxybenzoic acid', 'Odoratone', 'Rel-6β-hydroxyzuelanin-2β-benzoate', '(3R,4R)-3,4-Dihydro-4,6-dihydroxy-3-methyl-1-oxo-1H-isochromene-5-carboxylic acid', '24-methylene-3,22-dihydroxycholesterol', 'amorphispironone', 'Casearupestrin D', 'Chaetoglobosin B', ""2-(2'-O-benzoyl)-C-β-D-glucopyranosyl-1,3,6,7-tetrahydroxyxanthone"", 'Isoplumericin', 'N-[10-(13,14-methylenedioxyphenyl)-7(E),9(Z)-pentadienoyl]-pyrrolidine', '3,4-dihydroxybenzoic acid geranyl ester', 'Gedunin', 'Pedalin, pedalitin 6-O-β -glucopyranoside', 'Caseargrewiin F; (1R*,3S*,5S*,6aR*,7S*,8R*,10R*,10aR*)-1,3-Bis(acetyloxy)-3,5,6,6a,7,8,9,10-octahydro-10-hydroxy-7,8-dimethyl-7-[(2Z)-3-methylpenta-2,4-dien-1-yl]naphtho[1,8a-c]furan-5-yl Butanoate', 'Casearin L; (1R*,3S*,5S*,6aR*,7R*,8R*,9S*,10S*,10aR*)-1,10-Bis(acetyloxy)-3,5,6,6a,7,8,9,10-octahydro-9-hydroxy-5-methoxy-7,8-dimethyl-7-[(2Z)-3-methylpenta-2,4-dien-1-yl]naphtho[1,8a-c]-furan-3-yl Butanoate', 'Platydesmine', 'Leiokinine A', 'Cabraleadiol', '19,20-Epoxycytochalasin R', 'Muraxanthone', '6α-acetoxy-14β,15β-epoxyazadirone', 'epoxy-fraxinellone', '12′-hydroxy-7′-multijuguinone', 'Kaempferitrin', 'Nitensidine C', 'Dipropyl disulphide', '2-oxo-piperol B; (7S*, 8R*, 1R*, 3R*)-3,4,5-trimethoxy-3,7-cyclo-8,1-neolig-8-ene-2,4(3H)-dione', 'taxifolin', ""(2'S)-2-(propan-2'-ol)-5-hydroxy-benzopyran-4-one"", 'Rel-(+)-(7S,9R,10S)-3,9,12-trihydroxycalamenene', 'Casearin S', '11β-acetoxyobacunone', '1-(5,7-dihydroxy-2,2-dimethylchroman- 6-yl)-3-[4-hydroxy-3-(3-methylbut-2-en-1-yl)- phenyl]propan-1-one', '(3R,4R)-4,7-Dihydroxymellein', ""Nitensoside B; Pedalitin 6-O-α-rhamnopyranosyl(1'''→6'')-β-glucopyranoside"", 'Methyl gallate', '3-O-β-D-quinovopyranosyl cincholic acid', 'shidasterone', '5-hydroxymethyl- 2-furancarboxaldehyde; 5-hydroxymethyl-2-furfuraldehyde', 'atalaphyllinine', 'N-[10- (13,14-methylenedioxyphenyl)-7(E)-pentaenoyl]-pyrrolidine', '2-Methyl-5-methoxy-benzopyran-4-one', '4-Nerolidilcatechol', ""2-(2'-O-transcoumaroyl)-C-β-D-glucopyranosyl-1,3,6,7-tetrahydroxyxanthone"", 'Syringic acid', '(+)-3-O-feruloylcassine', 'Amentoflavone', '1-(5,7-dihydroxy-2,2-dimethylchroman-6-yl)-3-(1,1,4a-trimethyl-2,3,4,4a,9a-hexahydro-1H-xanthen-7-yl)propan-1-one', 'Methyl (E)-6,7,8-trimethoxycinnamate', '3,4,5-Trimethoxyphenyl-1-O-β-D-(5-O-syringoyl)-apiofuranosyl-(1→6)-β-D-glucopyranoside', '6-[8(Z),11(Z),14-pentadecatrienyl]salicylic acid', 'Sorbifolin', ""Nitensoside A; Sorbifolin 6-O-α-rhamnopyranosyl(1'''→6'')-β-glucopyranoside"", 'Casearin O; (1R*,3S*,5S*,6aR*,7R*,8R*,9S*,10S*,10aR*)-1,10-Bis(acetyloxy)-5-methoxy-7,8-dimethyl-7-[(2Z)-3-methylpenta-2,4-dien-1-yl]-3,5,6,6a,7,8,9,10-octahydronaphtho[1,8a-c]furan-3,9-diyl Dibutanoate', 'germacrene D', 'schaftoside', ""(2S)-Methyl-8-isopentyl-2-methyl-2-(4'-methylpentyl)chroman-6-carboxylate"", 'Casearupestrin A', 'Methyl-2,2-dimethylchroman-6-carboxylate', ""Myrsinoic acid A, 3-Geranyl-4-hydroxy-5-(3'',3''-dimethylallyl)benzoic acid"", '20α-Hydroxymaytenin; 20-hydroxy-20-epi-tingenone', '(-)-Epigallocatechin-3-O-gallate', 'Casearin D; (1R*,3S*,5S*,6aR*,7R*,8R*,9S*,10S*,10aR*)-1-(Acetyloxy)-3,5,6,6a,7,8,9,10-octahydro-5,10-dihydroxy-7,8-dimethyl-7-[(2Z)-3-methylpenta-2,4-dien-1-yl]naphtho[1,8a-c]furan-3,9-diyl Dibutanoate', 'Rel. (+)-(7S,10S) 3,12-dihydroxycalamenene', 'carlinoside', 'Methyl-8-(ethanoyloxy)-2,2-dimethyl-2H-chromene-6-carboxylate', '2β-Hydroxyzuelanin-6β-cinnamate', 'arjunolic acid', 'stachysterone', 'Ethyl 2,4-dihydroxy-5,6-dimethylbenzoate', 'Amentoflavone 7”,4”’-dimethyl ether', 'Picramnioside F', 'Afzelin, 3-O-α-rhamnosyl kaempferol', 'Egonol', 'Syringaldehyde', '22-hydroxytirucalla-7,24-diene-2,3-dione', 'Trans-3’-methylsulphonylallyl trans-cinnamate', '(3-(2-(4-hydroxyphenyl)-2-oxoethyl)-5,6-dihydropyridin- 2(1H)-one)', 'Mangiferin', 'Viburgenin', ""Pterogynoside; Kaempferol-3-O-(3''-O-4'''-methylgallate-α-L-rhamnoside)"", 'Isobutyl gallate', '7′-multijuguinone', 'Griseofulvin', ""7-Hydroxy-4',6-dimethoxyisoflavone; Afrormosin; Afromosin"", '8-methoxymellein', '(±)-Syringaresinol', 'Cyclo-(L-Pro-L-Val)', 'Salacin', '6-pentadecylsalicylic acid', 'Fagaramide', 'Chalepin', 'Chlorogenic acid', '(4R)-4,8-dihydroxy-α-tetralone', 'Kaempferol', '3-O-β-D-quinovopyranosyl quinovic acid', '2-hydroxyphenylacetic acid']]",doi_name
"['10.1021/cc100076k', 'Luteolin; 2-(3,4-dihydroxyphenyl)-5,7-dihydroxy-4H-chromen-4-one']","['10.1021/cc100076k', ['guaiol', 'γ-eudesmol', 'Hinesol', 'α-eudesmol', 'Galioside aglicone', '11-O-trans-feruloylteucrein', 'Teucrein', 'Apodanthoside', 'Galioside', '(+)-α-Hydroxyerysotrine', '(+)-Erythravine', '(+)-11α-Hydroxyerythravine', '9-hydroxyeugenin', 'Mycoleptone A', '6-methoxyeugenin', 'Austdiol diacetate', 'Eugenitin', 'Mycoleptone B', 'Mycoleptone A tetraacetate', 'Austdiol', ""2'-hydroxy-3,4,4'-trimethoxy-5',6'-(2'',2''-dimethylpyrano)-chalcone"", ""3',4'-methylenedioxy-5,5',6,7-tetramethoxyflavone"", ""3',4'-methylenedioxy-5,6,7- trimethoxyflavone"", ""3',4'-methylenedioxy-5,7-dimethoxyflavone"", 'Kaempferol-3-O-D-glucopyranoside', 'Procyanidin B-3', 'Kaempferol-3-O-D-galactopyranoside', 'Kaempferol-3-O-α-L-rhamnopyranosyl-(1-6)-α-L-rhamnopyranosyl-(1-4)-β-D-glucopyranoside', 'Quercetin-3-O-α-L-rhamnopyranosyl-(1→6)-β-D-galactopyranoside', '6-Hydroxy-rutin', 'Kaempferol-3-O-rutinoside', 'Kaempferol-3-O-α-L-rhamnopyranosyl-(1→6)-β-D-galactopyranoside', 'Catechin, Ent-catechin', 'Chlorogenic acid methyl ester, Methyl (1S,3R,4R,5R)-3-{[(2E)-3-(3,4-dihydroxyphenyl)-2-propenoyl]oxy}-1,4,5-trihydroxycyclohexanecarboxylate', '17-(3,4-Methylenedioxyphenyl)-heptadecanoic acid', ""7,4'-Dimethoxyflavone"", ""7,4'-Dihydroxyflavone"", '19´-(3,4-Methylenedioxyphenyl)-nonadecanoic acid', 'Sargaquinoic acid', 'Sargachromenol', 'Farnisine', '(+)-Guaiacin', '21´-(3,4-Methylenedioxyphenyl)-henicosanoic acid', 'Fasciculiferin', 'Tithonine', ""Juruenolic acid; 2-(4'-Methylpentenyl-3)-10-oxoundecan-2,6-dienoic acid"", 'Methyl 2,2-dimethyl-1-oxo-2H-1-benzopyran-6-carboxylate', ""Methyl 4-hydroxy-3-(3'-methyl-2'-butenyl)benzoate"", ""Hostmaniene; 4-Hydroxy-3-(2',3'-dihydroxy-3'-methylbutyl)benzoate"", '3,4,5-Trimethoxydihydrocinnamic acid', 'Piperaduncine B', ""4-Hydroxy-3-(3',7'-dimethylocta-2'-E-6'-dienyl)benzoic acid"", ""2',6'-Dihydroxy-4'-methoxydihydrochalcone"", ""Methyl taboganate; Methyl 4-hydroxy-3-(3'-methyl-1'-oxo-2'-butenyl)benzoate"", ""Methyl 4-hydroxy-3-(3'-methyl-2'-hydroxy-3'-butenyl)benzoate"", ""4-Hydroxy-(3',7'-dimethyl-1'-oxo-octa-2'-Z-6'-dienyl)benzoic acid"", ""Aduncumene; Methyl 2-methoxy-5-(3'-methyl-1'-oxo-2'-butenyl)benzoate"", '1-methoxy-3-hydroxy-3,10b-4,5a-diepoxy-8b-isobutyroyloxygermacr-11(13)-en-6a,12-olide', 'Tagitinin C', '7-Methoxydiderroside', ""6'-Acetyl-β-D-glucopyranosyldiderroside"", 'Diderroside', 'Secoxyloganin', ""4-Methoxy-3-(3',7'-dimethylocta-2'-E-6'-dienyl)benzoic acid"", 'Methyl-8-hydroxy-2,2-dimethyl-2H-chromene-6-carboxylate', ""3-(3',7 '-dimethyl-2',6 '-octadienyl)-4-methoxy-benzoic acid"", 'Pyranofoline', '5-hydroxynoracronycine; Atalaphyllidine', 'Citrusinine-II', 'Glycocitrine-I', '3,4-dihydro-3,5,8-trihydroxy-6-methoxy-2,2,7-trimethyl-2Hpyrano[ 2,3-a]acridin-12(7H)-one', 'Citrusinine-I', '1,3,5-trihydroxy- 2,8-bis(3-methylbut-2-enyl)-10-methyl-9-acridone', '1,3,5-trihydroxy-4-methoxy-10-methyl- 2,8-bis(3-methylbut-2-enyl)acridin-9(10H)-one', 'Glycocitrine-IV', '2-n-Propylquinoline', ""2-(1'-pentenyl)-Quinoline"", ""2-(3',4'-methylenedioxyphenylethyl)-Quinoline"", '2-n-Pentylquinoline', 'Xanthyletin', ""3',4',5',3,5,7,8-heptamethoxyflavone"", ""3,5,6,7,3',4',5'-heptamethoxyflavonol"", 'Nectandrin B', '7-Methyl-sargachromenol; 2,7,8-Trimethyl-2-[(3-E,7-Z)-4,12-dimethyl-8-carboxyl-3,7,11-tridecatrienyl]-3-chromen-6-ol, β-caroteno', 'Epi-guaiacin', 'Verrucosin', ""4-Hydroxy-(3',7'-dimethyl-1'-oxo-octa-2'-E-6'-dienyl)benzoic acid"", ""4-Hydroxy-3-(3',7'-dimethyl-3'-hydroxy-1'-oxo-6'-octenyl)benzoic acid"", ""Sakuranetin; 5,4'-dihydroxy-7-methoxyflavanone"", ""Isosakuranetin; 5,7-dihydroxy-4'-methoxyflavanone"", ""1,4-Dihydroxy-2-(3',7'-dimethyl-1'-oxo-2'-E-6'-octadienyl)benzene"", 'Isopimpinellin', '5,7-dimethoxy-2,2-dimethyl-2H-1-benzopyran-6-propanoate', '(-)-3-O-acetyl-spectaline', '3,21-Di-epi-feroniellide B', '21β,25-dimethylmelianodiol', '21α,25-dimethylmelianodiol', 'Methyl (3R,4R,5R)-3-{[(2Z)-3-(3,4-dihydroxyphenyl)-2-propenoyl]oxy}-1,4,5-trihydroxycyclohexanecarboxylate', 'Methyl (3R,4R,5R)-3-{[(2E)-3-(3,4-dihydroxyphenyl)-2-propenoyl]oxy}-1,4,5-trihydroxycyclohexanecarboxylate', 'Taraxerol acetate', ""Isoswertisin-4'-methyl-ether-2''α-L-rhamnoside"", 'Clusifoliol', ""Isoswertisin-2''α1-L-rhamnoside"", '2-Episesalatin', 'Sesartemin', '5,7-dimethoxy-2,2-dimethyl-2H-1-benzopyran-6-propanoic acid', 'Aphidicolin', 'cyclo (L)-Pro-Gly', '3,3-O-dimethylquercetin', 'penduletin 4-O-methyl ether', '2α,3α,19α- trihydroxyurs-12-en-28-oic acid', '3-O-methylquercetin', '2α,3α-dihydroxyolean-12- en-28-oic acid', 'Chrysoeriol', 'acacetin', 'p-hydroxybenzoic acid', '3,7,4-O-trimethylkaempferol', '(3Z,5Z)-N-isobutyl-8-(30,40-methylenedioxy-phenyl)-heptadienamide', 'Pellitorine', ""N-[3-(6'-methoxy-3',4'-methy-lenedioxyphenyl)-2(Z)-propenoyl]pyrrolidine"", '10,11-dihydropiperine; Δα,β-dihydropiperine', '4,5-dihydropiperlonguminine; Piperlonguminine', '8,9-dihydropiplartine; N-(12,13,14-trimethoxydihydrocinnamoyl)-Δ3-pyridin-2-one', 'Piperine', '4,5-dihydropiperyline', '(E)-piplartine', '(Z)-piplartine; 8(Z)-N-(12,13, 14-trimethoxycinnamoyl)- 3-pyridin-2-one', ""3,4-dimethyl-2-(4'-hydroxy-3',5'-dimethoxyphenyl)-5-methoxy-tetrahydrofuran"", 'Beauvericin', 'Anhydrofusarubin', 'Hispidol A', 'Nilocetin', 'Oleanonic acid', '3,11-dioxoolean-12-en-28- onic acid', 'Piscidinol A', 'cryptomeridiol', 'Iso-odoratol', 'Pentaol', 'bis-5-hydroxyacronycine', 'Citibrasine', '2,3-dihydro-4,9-dihydroxy-2-(2-hydroxy-propan-2-yl)- 11-methoxy-10-methylfuro[3,2-b]acridin-5(10H)-one', 'Nitensidine E', 'Nitensidine D', 'Pimara-7,15-dien-3β-ol', '(22E,24R)-ergosta-4,6,8(14),22-tetraen-3-one', 'Ergosterol peroxide', '8-hydroxy-6-methoxy-3-methylisocoumarin', 'Dimethyl terephthalate', ""Rel-(7R,8S,7'S,8'S)-4',5'-methylenedioxy-3,4,5,3'-tetramethoxy-7,7'-epoxylignan"", ""Rel-(7R,8S,7'S,8'S)-4-hydroxy-4',5'-methylenedioxy-3,5,3'-trimethoxy-7,7'-epoxylignan"", ""Rel-(7R,8S,7'S,8'S)-4'-hydroxy-3,4,5,3',5'-pentamethoxy-7,7'-epoxylignan"", ""Rel-(7R,8S,7'S,8'S)-4,5,4',5'-dimethylenedioxy-3,3'-dimethoxy-7,7'-epoxylignan"", ""Rel-(7R,8S,7'S,8'S)-9-hydroxy-4',5'-methylenedioxy-3,4,5,3'-tetramethoxy-7,7'-epoxylignan"", 'Methacrylic acid', 'astilbin; Rel-(2R, 3R)-dihydroquercetin-3-O-±-L-rhamnoside', 'β-Gardiol', 'Ferulic acid', 'α-Gardiol', 'Deoxycordifoline', '5α-carboxystrictosidine', '3,4-dehydro-strictosidine', 'Strictosidine acid', '3,4-dehydrostrictosidine acid', 'Turbinatine', 'Harman-3-carboxylic acid', 'Cordifoline', 'Stearic acid 4-pentoyloxyphenethyl ester', '4-metoxi-6-[2-(metilamino)fenil]- 2H-piran-2-ona', 'β-caryophyllene, trans-caryophyllene', 'Cuspanine; 1-hydroxy-2,3,5,6-tetramethoxy-9-acridone', 'Cusculine; 1,2,3,5,6-pentamethoxy-9-acridone', '2α,3α-Dihydroxy-urs-12-en-28-oic acid', 'Oleanolic acid 3-sophoroside', '3-O-β-D-(6’-methyl)-glucopyranosyl-28-O-β-D-glucopyranosyl-oleanate', 'Haplotusine', 'β-Sitosterol benzoate', '2-phenyl-4H-chromen-4-one', '5-hydroxyflavone', 'Sinapyl 4-O-β-D-glucopyranoside aldehyde', 'Sinapyl 4-O-β-D-glucopyranoside alcohol', 'N-acetylnonaine', 'Liriodenine', '[10]-gingerol', ""2,4-Dihydroxy-6-[(1'E,3'E)-penta-1', 3'-dienyl]-benzaldehyde"", '2-methyl-5-[8(Z)-pentadecenyl]resorcinol', 'Kaempferol', '2-hydroxyphenylacetic acid', '3-O-β-D-quinovopyranosyl quinovic acid', '(4R)-4,8-dihydroxy-α-tetralone', 'scillascillin', 'Chlorogenic acid', 'Chalepin', '2-methyl-5-pentadecylresorcinol', '3β-hydroxy-stigmast-5-en-7-one; 24-β-7-oxositosterol', 'Piperol B', '(-)-Hardwickiic acid', ""5-[3''-(β-D-glucopyranosyloxy)propyl]-7-methoxy-2-(3',4'-methylenedioxyphenyl)benzofuran"", '28-O-β-D-glucopyranosyl quinovic acid', 'Nitensidine A', ""8-hydroxy-3,5,7,3',4',5'-hexamethoxyflavonol"", 'Odoratol', 'Leptomerine', '5-hydroxy-N-methylseverifoline', '19,20-Epoxycytochalasin N', 'ellagic acid 4-O-α-L-rhamnopyranoside; eschweilenol C', 'Mayoside C', 'Ourateacatechin', ""3',4',5',5,7-pentamethoxyflavone"", 'Isobutyl gallate', '7′-multijuguinone', 'Griseofulvin', ""7-Hydroxy-4',6-dimethoxyisoflavone; Afrormosin; Afromosin"", '8-methoxymellein', '(±)-Syringaresinol', 'Netzahualcoyondiol', 'Pristimerin; 20α-3-hydroxy-2-oxo-24-nor-friedela-1-10,3,5,7-tetraen-carboxylic acid-29-methylester', 'fraxinellonone', 'Dibenzyl sulphide', '(-) Cis-4-hydroxy-6-deoxyscytalone', 'Plumericin', '5-[8(Z),11(Z)-pentadecadienyl]resorcinol', '(-)-Spectalinine', 'Ocotillone', 'des-N-methylnoracronycine', 'Sorbifolin 6-O-β-glucopyranoside', 'Rel-2α-hydroxyzuelanin-6β-benzoate', '2,6-di-O-acetylcasearupestrin D', ""Methyl-2,2-dimethyl-8-(3'-methylbut-2'-enyl)chroman-6-carboxylate"", '2,7-Di-O-acetylcasearupestrin A', 'Nitensidine B', 'fumiquinozoline F', 'Kaempferol 3-O-α-L-rhamnopyranosyl (1→6)-O-[β -D-glucopyranosyl (1→3)-O-α-L-rhamnopyranosyl-(1→2)]-O-β -D-glucopyranosyl', '3β-O-[α-L-rhamnopyranosyl-(1→2)-O-β-D-glucopyranosyl-(1→2)-O-β-D-glucopyranosyl]-28-O-β-D-glucopyranoside pomolate', 'Dibenzyl tetrasulphide', ""2',5-dihydroxy-3-methoxy-8-dimethylallyl-6, 7-(2' ',2''-dimethylpyrano)-dihydroflavonol"", '2-n-nonyl-4-quinolone', '1-methyl-2-n-nonyl-4-quinolone', '5-[8(Z),11(Z),14-pentadecatrienyl]resorcinol', 'Maculosidine', 'Podocarpusflavone A', 'Casearupestrin C', '6α-malonyloxy-n-butyl ester manoyl oxide', 'citrusinine-I', 'Ricinine', 'Leptophyllin A', '5-pentadecylresorcinol', 'Quercetin', ""2-(2'-O-trans-cinnamoyl)-C-β-D-glucopyranosyl-1,3,6,7-tetrahydroxyxanthone"", 'urauchimycin B', 'Homoegonol', '[8]-gingerol', '4-Hydroxymellein', '5-hydroxymellein', '3,4,5-trimethoxyphenyl 1-O-β-D-apiofuranosyl-(1→6)-O-β-D-glucopyranoside', 'β-photogedunin', 'n-Butyl gallate', ""5-[3''-(β-D-glucopyranosyloxy)propyl]-7-methoxy-2-(3',4'-dimethoxyphenyl)benzofuran"", '3,12-Dihydroxycadalene', '7-hydroxy-3- (11-dimethylallyl)-8-methoxycoumarin', ""N-[7-(3',4'-methylenedioxyphenyl)-2(Z),4(Z)-heptadienoyl]pyrrolidine"", ""Acteoside; [β-3,4-dihydroxyphenyl)-ethyl]-(3'-O-α-L-rhamnopyranosyl)-(4'-O-cafeoyl)-β-D-glycopyranoside, verbascoside"", '19,20-Epoxycytochalasin D', 'p-Coumaric acid', '(-)-Epigallocatechin', 'Netzahualcoyonol', '1-[3-(3,7-dimethylocta-2,6-dien-1-yl)-2,4,6- trihydroxyphenyl]-3-(4-hydroxyphenyl)propan-1-one', '6α-malonyloxymanoyl oxide', 'Benzylhydroxymethyl sulphide', '1,6-di-O-caffeoyl-β-D-glucopyranoside', '2-methyl-5-[8(Z),11(Z),14-pentadecatrienyl]resorcinol', '20-hydroxyecdysone; polypodine A', '3-Acetyl aleuritolic acid', 'Methyl angolensate', ""5-(3'' -Hydroxypropyl)-7-methoxy-2-(3',4' -methyl-enedioxyphenyl)benzofuran"", '22β-hydroxypristimerin', '1- (5,7-dihydroxy-2,2-dimethylchroman-6-yl)-3-(2,2-dimethylchroman- 6-yl)propan-1-one', 'Canavaline', 'Di-hydrodehydrodiconiferyl alcohol', 'Alkenoic acid', 'Quercetin 3-O-α-L-rhamnopyranosyl (1→6)-O-[β -D-glucopyranosyl (1→3)-O-α-L-rhamnopyranosyl-(1→2)]-O-β -D-glucopyranosyl', 'Heveaflavone', 'Arboreumine', '3-Oxoursolic acid', 'Casearupestrin B', 'toonacilin', 'Skimmianine', 'p-hydroxybenzoic acid-geranyl ester', 'Dibenzyl disulphide', 'Proanthocyanidin', 'neoisoastilbin', 'Cytochalasin D', 'Isoorientin', 'Uracil', 'urauchimycin A', '24-methylene-3,22-dihydroxycholesterol', '(R)-7-Hydroxymellein', '6α-acetoxymanoyl oxide', 'Methyl-8-hydroxy-2,2-dimethylchroman-6-carboxylate', 'Pedalitin', '1-O-(E)-feruloyl-β-D-glucopyranoside', '19,20-Epoxycytochalasin C', 'n-Pentyl gallate', 'Orcinol', 'Periconicin B', 'Phomopsilactone', ""(2S)-8-Isopentyl-2-methyl-2-(4'-methylpentyl)chroman-6-carboxylic acid"", '2,2-dimethyl-2H-chromene-6-carboxylic acid', '1,2-dihydro- 3β-hydroxy-7-deacetoxy-7-oxogedunin', 'Photogedunin', 'Casearin X; (1R*,3S*,5S*,6aR*,7S*,8S*,10R*,10aR*)-1-(Acetyloxy)-3,5,6,6a,7,8,9,10-octahydro-10-hydroxy-7,8-dimethyl-7-[(2Z)-3-methylpenta-2,4-dien-1-yl]naphtho[1,8a-c]furan-3,5-diyl Dibutanoate', 'Nitensidine C', 'Dipropyl disulphide', '2-methyl-5-[8(Z),11(Z)-pentadecadienyl]resorcinol', 'α-L-xylopyranosyl-(4""→20)-(3-O-β-D-glucopyranosyl)-1\'-O-E-caffeoyl-β-D-glucopyranoside', ""2-(R)-Methyl-6-(S)-(tetradecyl-13'-one)-3(R)-O-tert-butyldimethylsilyl-piperidine"", '(2S)-Methyl-2-methyl-8-(3""-methylbut-2""-enyl)-2-(4\'-methylpent-3\'-enyl)-2H-chromene-6-carboxylate', 'Casearin T', 'Piperyline, N-[10-(13,14-methylenedioxyphenyl)-7(E),9(E)-pentadienoyl]-pyrrolidine', 'ω-fenil alcanoic acid', '2-butyl-D-fructofuranoside', ""Gaudichaudianic acid; (2S)-2-methyl-2-(4'methyl-3'-pentenyl)-8-(3''-methyl-2-butenyl)- 2H-1-benzopyran-6-carboxylic acid"", 'limonexic acid', 'Di(benzyltrithio) methane', '3,11,12-Trihydroxycadalene', 'Quercetin 3-O-sophoroside', '(3R,4R)-3,4-Dihydro-4,6-dihydroxy-3-methyl-1-oxo-1H-isochromene-5-carboxylic acid', 'Tetrahydropiperyline, N-[10-(13,14-methylenedioxyphenyl)-pentanoyl]-pyrrolidine', 'Piperovatine', '2,4,6-trimethoxybenzoic acid', '1-O-(E)-caffeoyl-β-D-glucopyranoside', 'Gallic acid; 3,4,5-trihydroxybenzoic acid', 'Quercitrin, 3-O-α-rhamnosylquercetin', 'Caseobliquin A', 'amorphispironone', 'Casearupestrin D', 'Chaetoglobosin B', ""2-(2'-O-benzoyl)-C-β-D-glucopyranosyl-1,3,6,7-tetrahydroxyxanthone"", 'Isoplumericin', '6α-acetoxy-14β,15β-epoxyazadirone', 'epoxy-fraxinellone', '12′-hydroxy-7′-multijuguinone', 'Kaempferitrin', '6-[ 8(Z),11(Z) -pentadecadienyl] salicylic acid', 'N-[10-(13,14-methylenedioxyphenyl)-7(E),9(Z)-pentadienoyl]-pyrrolidine', '6-[8(Z)-pentadecenyl]salicylic acid', '(2S)-2-methyl-8-(3""-methylbut-2""-enyl)-2-(4\'-methylpent-3\'-enyl)-2H-chromene-6-carboxylic acid', 'Burchellin', '5-[8(Z)-pentadecenyl]resorcinol', 'Luteolin; 2-(3,4-dihydroxyphenyl)-5,7-dihydroxy-4H-chromen-4-one', 'Sinapic acid', '19,20-Epoxycytochalasin Q', '19,20-Epoxycytochalasin R', 'Casearin X Dialdehyde; (2R*,4aS*,5S*,7R*,8R*,8aS*)-4,4a-Diformyl-1,2,4a,5,6,7,8,8a-octahydro-5-hydroxy-7,8-dimethyl-8-[(2Z)-3-methylpenta-2,4-dien-1-yl]naphthalen-2-yl Butanoate', 'polypodine B', 'n-Propyl gallate', ""3',4',5',5,7,8-hexamethoxyflavone"", 'Isopropyl gallate', '6β-hydroxy-7-epigardoside methyl ester', 'Muraxanthone', '3,4,5-Triacetoxybenzoic acid', 'Odoratone', 'Rel-6β-hydroxyzuelanin-2β-benzoate', 'shidasterone', '5-hydroxymethyl- 2-furancarboxaldehyde; 5-hydroxymethyl-2-furfuraldehyde', 'atalaphyllinine', 'N-[10- (13,14-methylenedioxyphenyl)-7(E)-pentaenoyl]-pyrrolidine', '2-Methyl-5-methoxy-benzopyran-4-one', '3,4-dihydroxybenzoic acid geranyl ester', 'Casearupestrin A', '2-oxo-piperol B; (7S*, 8R*, 1R*, 3R*)-3,4,5-trimethoxy-3,7-cyclo-8,1-neolig-8-ene-2,4(3H)-dione', 'taxifolin', 'Methyl 6,7,8-trimethoxydihydrocinnamate', '2-Hexyl-3-methyl-butanodioic acid', 'fraxinellone', 'Methyl (E)-6,7,8-trimethoxycinnamate', '3,4,5-Trimethoxyphenyl-1-O-β-D-(5-O-syringoyl)-apiofuranosyl-(1→6)-β-D-glucopyranoside', ""(2'S)-2-(propan-2'-ol)-5-hydroxy-benzopyran-4-one"", 'Rel-(+)-(7S,9R,10S)-3,9,12-trihydroxycalamenene', 'Casearin S', '11β-acetoxyobacunone', '1-(5,7-dihydroxy-2,2-dimethylchroman- 6-yl)-3-[4-hydroxy-3-(3-methylbut-2-en-1-yl)- phenyl]propan-1-one', '(3R,4R)-4,7-Dihydroxymellein', ""Nitensoside B; Pedalitin 6-O-α-rhamnopyranosyl(1'''→6'')-β-glucopyranoside"", 'Gedunin', 'Pedalin, pedalitin 6-O-β -glucopyranoside', 'Caseargrewiin F; (1R*,3S*,5S*,6aR*,7S*,8R*,10R*,10aR*)-1,3-Bis(acetyloxy)-3,5,6,6a,7,8,9,10-octahydro-10-hydroxy-7,8-dimethyl-7-[(2Z)-3-methylpenta-2,4-dien-1-yl]naphtho[1,8a-c]furan-5-yl Butanoate', 'Casearin L; (1R*,3S*,5S*,6aR*,7R*,8R*,9S*,10S*,10aR*)-1,10-Bis(acetyloxy)-3,5,6,6a,7,8,9,10-octahydro-9-hydroxy-5-methoxy-7,8-dimethyl-7-[(2Z)-3-methylpenta-2,4-dien-1-yl]naphtho[1,8a-c]-furan-3-yl Butanoate', 'Platydesmine', 'Leiokinine A', 'Cabraleadiol', '(-)-Epigallocatechin-3-O-gallate', 'Casearin D; (1R*,3S*,5S*,6aR*,7R*,8R*,9S*,10S*,10aR*)-1-(Acetyloxy)-3,5,6,6a,7,8,9,10-octahydro-5,10-dihydroxy-7,8-dimethyl-7-[(2Z)-3-methylpenta-2,4-dien-1-yl]naphtho[1,8a-c]furan-3,9-diyl Dibutanoate', 'Rel. (+)-(7S,10S) 3,12-dihydroxycalamenene', 'carlinoside', 'schaftoside', ""(2S)-Methyl-8-isopentyl-2-methyl-2-(4'-methylpentyl)chroman-6-carboxylate"", 'Methyl gallate', '3-O-β-D-quinovopyranosyl cincholic acid', 'Afzelin, 3-O-α-rhamnosyl kaempferol', 'Egonol', '4-Nerolidilcatechol', ""2-(2'-O-transcoumaroyl)-C-β-D-glucopyranosyl-1,3,6,7-tetrahydroxyxanthone"", 'Syringic acid', '(+)-3-O-feruloylcassine', 'Amentoflavone', '1-(5,7-dihydroxy-2,2-dimethylchroman-6-yl)-3-(1,1,4a-trimethyl-2,3,4,4a,9a-hexahydro-1H-xanthen-7-yl)propan-1-one', '22-hydroxytirucalla-7,24-diene-2,3-dione', 'Trans-3’-methylsulphonylallyl trans-cinnamate', '(3-(2-(4-hydroxyphenyl)-2-oxoethyl)-5,6-dihydropyridin- 2(1H)-one)', 'Mangiferin', 'Viburgenin', ""Pterogynoside; Kaempferol-3-O-(3''-O-4'''-methylgallate-α-L-rhamnoside)"", '6-[8(Z),11(Z),14-pentadecatrienyl]salicylic acid', 'Sorbifolin', ""Nitensoside A; Sorbifolin 6-O-α-rhamnopyranosyl(1'''→6'')-β-glucopyranoside"", 'Casearin O; (1R*,3S*,5S*,6aR*,7R*,8R*,9S*,10S*,10aR*)-1,10-Bis(acetyloxy)-5-methoxy-7,8-dimethyl-7-[(2Z)-3-methylpenta-2,4-dien-1-yl]-3,5,6,6a,7,8,9,10-octahydronaphtho[1,8a-c]furan-3,9-diyl Dibutanoate', 'germacrene D', 'Salacin', '6-pentadecylsalicylic acid', 'Methyl-2,2-dimethylchroman-6-carboxylate', ""Myrsinoic acid A, 3-Geranyl-4-hydroxy-5-(3'',3''-dimethylallyl)benzoic acid"", '20α-Hydroxymaytenin; 20-hydroxy-20-epi-tingenone', '2-Methyl-4-hydroxy-butyl caffeoate', 'N-1,N-2,N-3-Triisopentenylguanidine', 'Dibenzyl trisulphide', 'Maytenin, Tingenone', 'Kokusaginine', ""2-(2'-O-trans-caffeoyl)-C-β-D-glucopyranosyl-1,3,6,7-tetrahydroxyxanthone"", 'Netzahualcoyene', 'Methyl-8-(ethanoyloxy)-2,2-dimethyl-2H-chromene-6-carboxylate', '2β-Hydroxyzuelanin-6β-cinnamate', 'arjunolic acid', 'stachysterone', 'Ethyl 2,4-dihydroxy-5,6-dimethylbenzoate', 'Amentoflavone 7”,4”’-dimethyl ether', 'Picramnioside F', 'Lauryl gallate', 'Syringaldehyde', 'Cyclo-(L-Pro-L-Val)', 'Acetonide of odoratol', '(−)-Grandisin', '24-methylenecycloartan-3b-ol', 'Ixoside', 'Cognatine', 'Fagaramide']]",doi_name
"['10.1515/znc-2011-5-607', 'β-photogedunin']","['10.1515/znc-2011-5-607', ['Nilocetin', 'Hispidol A', 'Pentaol', 'Iso-odoratol', 'cryptomeridiol', '3,11-dioxoolean-12-en-28- onic acid', 'Piscidinol A', 'Oleanonic acid', 'γ-eudesmol', 'Hinesol', 'α-eudesmol', 'guaiol', '2α,3α,19α- trihydroxyurs-12-en-28-oic acid', 'p-hydroxybenzoic acid', '3,3-O-dimethylquercetin', 'penduletin 4-O-methyl ether', '2α,3α-dihydroxyolean-12- en-28-oic acid', 'acacetin', '3,7,4-O-trimethylkaempferol', '3-O-methylquercetin', 'Chrysoeriol', '2,3-dihydro-4,9-dihydroxy-2-(2-hydroxy-propan-2-yl)- 11-methoxy-10-methylfuro[3,2-b]acridin-5(10H)-one', 'Citibrasine', 'bis-5-hydroxyacronycine', 'astilbin; Rel-(2R, 3R)-dihydroquercetin-3-O-±-L-rhamnoside', 'Galioside aglicone', '11-O-trans-feruloylteucrein', 'Teucrein', 'Galioside', 'Apodanthoside', 'Clusifoliol', ""Isoswertisin-4'-methyl-ether-2''α-L-rhamnoside"", ""Isoswertisin-2''α1-L-rhamnoside"", '2-Episesalatin', 'Sesartemin', 'Anhydrofusarubin', 'Beauvericin', 'Chlorogenic acid methyl ester, Methyl (1S,3R,4R,5R)-3-{[(2E)-3-(3,4-dihydroxyphenyl)-2-propenoyl]oxy}-1,4,5-trihydroxycyclohexanecarboxylate', '21β,25-dimethylmelianodiol', '3,21-Di-epi-feroniellide B', '21α,25-dimethylmelianodiol', '(-)-3-O-acetyl-spectaline', 'Taraxerol acetate', '5,7-dimethoxy-2,2-dimethyl-2H-1-benzopyran-6-propanoate', '3,4,5-Trimethoxydihydrocinnamic acid', 'Piperaduncine B', 'Methyl 2,2-dimethyl-1-oxo-2H-1-benzopyran-6-carboxylate', ""Methyl taboganate; Methyl 4-hydroxy-3-(3'-methyl-1'-oxo-2'-butenyl)benzoate"", ""Methyl 4-hydroxy-3-(3'-methyl-2'-butenyl)benzoate"", ""4-Hydroxy-3-(3',7'-dimethylocta-2'-E-6'-dienyl)benzoic acid"", ""Hostmaniene; 4-Hydroxy-3-(2',3'-dihydroxy-3'-methylbutyl)benzoate"", ""2',6'-Dihydroxy-4'-methoxydihydrochalcone"", ""Aduncumene; Methyl 2-methoxy-5-(3'-methyl-1'-oxo-2'-butenyl)benzoate"", ""4-Hydroxy-(3',7'-dimethyl-1'-oxo-octa-2'-Z-6'-dienyl)benzoic acid"", ""Methyl 4-hydroxy-3-(3'-methyl-2'-hydroxy-3'-butenyl)benzoate"", '(+)-Erythravine', '(+)-α-Hydroxyerysotrine', '(+)-11α-Hydroxyerythravine', 'Methyl (3R,4R,5R)-3-{[(2E)-3-(3,4-dihydroxyphenyl)-2-propenoyl]oxy}-1,4,5-trihydroxycyclohexanecarboxylate', 'Methyl (3R,4R,5R)-3-{[(2Z)-3-(3,4-dihydroxyphenyl)-2-propenoyl]oxy}-1,4,5-trihydroxycyclohexanecarboxylate', 'Stearic acid 4-pentoyloxyphenethyl ester', ""3,4-dimethyl-2-(4'-hydroxy-3',5'-dimethoxyphenyl)-5-methoxy-tetrahydrofuran"", '1,3,5-trihydroxy-4-methoxy-10-methyl- 2,8-bis(3-methylbut-2-enyl)acridin-9(10H)-one', '1,3,5-trihydroxy- 2,8-bis(3-methylbut-2-enyl)-10-methyl-9-acridone', 'Pyranofoline', 'Citrusinine-II', 'Glycocitrine-IV', '3,4-dihydro-3,5,8-trihydroxy-6-methoxy-2,2,7-trimethyl-2Hpyrano[ 2,3-a]acridin-12(7H)-one', '5-hydroxynoracronycine; Atalaphyllidine', 'Citrusinine-I', 'Glycocitrine-I', 'Aphidicolin', ""2'-hydroxy-3,4,4'-trimethoxy-5',6'-(2'',2''-dimethylpyrano)-chalcone"", ""3',4'-methylenedioxy-5,6,7- trimethoxyflavone"", ""3',4'-methylenedioxy-5,5',6,7-tetramethoxyflavone"", ""3',4'-methylenedioxy-5,7-dimethoxyflavone"", '9-hydroxyeugenin', 'Mycoleptone A', 'Eugenitin', 'Austdiol', 'Mycoleptone A tetraacetate', '6-methoxyeugenin', 'Mycoleptone B', 'Austdiol diacetate', ""Isosakuranetin; 5,7-dihydroxy-4'-methoxyflavanone"", ""4-Hydroxy-(3',7'-dimethyl-1'-oxo-octa-2'-E-6'-dienyl)benzoic acid"", ""Sakuranetin; 5,4'-dihydroxy-7-methoxyflavanone"", ""4-Hydroxy-3-(3',7'-dimethyl-3'-hydroxy-1'-oxo-6'-octenyl)benzoic acid"", ""1,4-Dihydroxy-2-(3',7'-dimethyl-1'-oxo-2'-E-6'-octadienyl)benzene"", 'Deoxycordifoline', '3,4-dehydrostrictosidine acid', '3,4-dehydro-strictosidine', 'Cordifoline', 'Turbinatine', '5α-carboxystrictosidine', 'Strictosidine acid', 'Harman-3-carboxylic acid', 'Methyl-8-hydroxy-2,2-dimethyl-2H-chromene-6-carboxylate', ""3-(3',7 '-dimethyl-2',6 '-octadienyl)-4-methoxy-benzoic acid"", ""4-Methoxy-3-(3',7'-dimethylocta-2'-E-6'-dienyl)benzoic acid"", 'Nitensidine D', 'Nitensidine E', 'Dimethyl terephthalate', 'Ergosterol peroxide', '(22E,24R)-ergosta-4,6,8(14),22-tetraen-3-one', '8-hydroxy-6-methoxy-3-methylisocoumarin', 'Pimara-7,15-dien-3β-ol', 'cyclo (L)-Pro-Gly', '4-metoxi-6-[2-(metilamino)fenil]- 2H-piran-2-ona', '7-Methoxydiderroside', 'Diderroside', ""6'-Acetyl-β-D-glucopyranosyldiderroside"", 'Secoxyloganin', 'Xanthyletin', '(+)-Guaiacin', 'Sargachromenol', ""7,4'-Dimethoxyflavone"", '21´-(3,4-Methylenedioxyphenyl)-henicosanoic acid', ""Juruenolic acid; 2-(4'-Methylpentenyl-3)-10-oxoundecan-2,6-dienoic acid"", 'Fasciculiferin', 'Tithonine', ""7,4'-Dihydroxyflavone"", '19´-(3,4-Methylenedioxyphenyl)-nonadecanoic acid', 'Sargaquinoic acid', 'Farnisine', '17-(3,4-Methylenedioxyphenyl)-heptadecanoic acid', ""3',4',5',3,5,7,8-heptamethoxyflavone"", ""3,5,6,7,3',4',5'-heptamethoxyflavonol"", 'β-caryophyllene, trans-caryophyllene', '5,7-dimethoxy-2,2-dimethyl-2H-1-benzopyran-6-propanoic acid', '2-n-Pentylquinoline', ""2-(3',4'-methylenedioxyphenylethyl)-Quinoline"", ""2-(1'-pentenyl)-Quinoline"", '2-n-Propylquinoline', 'β-Gardiol', 'α-Gardiol', 'Ferulic acid', '1-methoxy-3-hydroxy-3,10b-4,5a-diepoxy-8b-isobutyroyloxygermacr-11(13)-en-6a,12-olide', 'Tagitinin C', 'Epi-guaiacin', '7-Methyl-sargachromenol; 2,7,8-Trimethyl-2-[(3-E,7-Z)-4,12-dimethyl-8-carboxyl-3,7,11-tridecatrienyl]-3-chromen-6-ol, β-caroteno', 'Verrucosin', 'Nectandrin B', 'Methacrylic acid', ""Rel-(7R,8S,7'S,8'S)-4',5'-methylenedioxy-3,4,5,3'-tetramethoxy-7,7'-epoxylignan"", ""Rel-(7R,8S,7'S,8'S)-9-hydroxy-4',5'-methylenedioxy-3,4,5,3'-tetramethoxy-7,7'-epoxylignan"", ""Rel-(7R,8S,7'S,8'S)-4-hydroxy-4',5'-methylenedioxy-3,5,3'-trimethoxy-7,7'-epoxylignan"", ""Rel-(7R,8S,7'S,8'S)-4,5,4',5'-dimethylenedioxy-3,3'-dimethoxy-7,7'-epoxylignan"", ""Rel-(7R,8S,7'S,8'S)-4'-hydroxy-3,4,5,3',5'-pentamethoxy-7,7'-epoxylignan"", 'Isopimpinellin', 'Catechin, Ent-catechin', 'Kaempferol-3-O-α-L-rhamnopyranosyl-(1→6)-β-D-galactopyranoside', 'Kaempferol-3-O-rutinoside', 'Procyanidin B-3', 'Kaempferol-3-O-D-glucopyranoside', 'Kaempferol-3-O-D-galactopyranoside', 'Kaempferol-3-O-α-L-rhamnopyranosyl-(1-6)-α-L-rhamnopyranosyl-(1-4)-β-D-glucopyranoside', 'Quercetin-3-O-α-L-rhamnopyranosyl-(1→6)-β-D-galactopyranoside', '6-Hydroxy-rutin', '10,11-dihydropiperine; Δα,β-dihydropiperine', '(E)-piplartine', 'Piperine', '8,9-dihydropiplartine; N-(12,13,14-trimethoxydihydrocinnamoyl)-Δ3-pyridin-2-one', '4,5-dihydropiperlonguminine; Piperlonguminine', '(Z)-piplartine; 8(Z)-N-(12,13, 14-trimethoxycinnamoyl)- 3-pyridin-2-one', ""N-[3-(6'-methoxy-3',4'-methy-lenedioxyphenyl)-2(Z)-propenoyl]pyrrolidine"", '(3Z,5Z)-N-isobutyl-8-(30,40-methylenedioxy-phenyl)-heptadienamide', 'Pellitorine', '4,5-dihydropiperyline', 'Cuspanine; 1-hydroxy-2,3,5,6-tetramethoxy-9-acridone', 'Cusculine; 1,2,3,5,6-pentamethoxy-9-acridone', '2α,3α-Dihydroxy-urs-12-en-28-oic acid', 'Oleanolic acid 3-sophoroside', '3-O-β-D-(6’-methyl)-glucopyranosyl-28-O-β-D-glucopyranosyl-oleanate', 'Haplotusine', 'β-Sitosterol benzoate', '2-phenyl-4H-chromen-4-one', '5-hydroxyflavone', 'Sinapyl 4-O-β-D-glucopyranoside aldehyde', 'N-acetylnonaine', 'Sinapyl 4-O-β-D-glucopyranoside alcohol', 'Liriodenine', '[10]-gingerol', ""2,4-Dihydroxy-6-[(1'E,3'E)-penta-1', 3'-dienyl]-benzaldehyde"", 'Nitensidine A', '2-methyl-5-[8(Z)-pentadecenyl]resorcinol', '2-hydroxyphenylacetic acid', '3-O-β-D-quinovopyranosyl quinovic acid', ""8-hydroxy-3,5,7,3',4',5'-hexamethoxyflavonol"", 'Kaempferol', '(4R)-4,8-dihydroxy-α-tetralone', 'Chlorogenic acid', 'Odoratol', 'Piperol B', '(-)-Hardwickiic acid', ""5-[3''-(β-D-glucopyranosyloxy)propyl]-7-methoxy-2-(3',4'-methylenedioxyphenyl)benzofuran"", '28-O-β-D-glucopyranosyl quinovic acid', '2-Methyl-4-hydroxy-butyl caffeoate', 'Leptomerine', '5-hydroxy-N-methylseverifoline', '19,20-Epoxycytochalasin N', 'ellagic acid 4-O-α-L-rhamnopyranoside; eschweilenol C', 'Mayoside C', 'Ourateacatechin', ""3',4',5',5,7-pentamethoxyflavone"", '2-methyl-5-pentadecylresorcinol', '3β-hydroxy-stigmast-5-en-7-one; 24-β-7-oxositosterol', 'scillascillin', '7′-multijuguinone', 'Griseofulvin', ""7-Hydroxy-4',6-dimethoxyisoflavone; Afrormosin; Afromosin"", '8-methoxymellein', '(±)-Syringaresinol', 'Cyclo-(L-Pro-L-Val)', 'β-photogedunin', 'n-Butyl gallate', ""5-[3''-(β-D-glucopyranosyloxy)propyl]-7-methoxy-2-(3',4'-dimethoxyphenyl)benzofuran"", '5-[8(Z),11(Z)-pentadecadienyl]resorcinol', '(-)-Spectalinine', 'Netzahualcoyondiol', 'Ocotillone', 'des-N-methylnoracronycine', 'Sorbifolin 6-O-β-glucopyranoside', 'Rel-2α-hydroxyzuelanin-6β-benzoate', '2,6-di-O-acetylcasearupestrin D', ""Methyl-2,2-dimethyl-8-(3'-methylbut-2'-enyl)chroman-6-carboxylate"", '2,7-Di-O-acetylcasearupestrin A', 'Nitensidine B', '1-methyl-2-n-nonyl-4-quinolone', 'Chalepin', 'Dibenzyl tetrasulphide', ""2',5-dihydroxy-3-methoxy-8-dimethylallyl-6, 7-(2' ',2''-dimethylpyrano)-dihydroflavonol"", '2-n-nonyl-4-quinolone', 'Cytochalasin D', '5-[8(Z),11(Z),14-pentadecatrienyl]resorcinol', 'Gallic acid; 3,4,5-trihydroxybenzoic acid', 'Maculosidine', 'Podocarpusflavone A', 'Casearupestrin C', '6α-malonyloxy-n-butyl ester manoyl oxide', 'citrusinine-I', 'Ricinine', 'Leptophyllin A', '5-pentadecylresorcinol', 'Pristimerin; 20α-3-hydroxy-2-oxo-24-nor-friedela-1-10,3,5,7-tetraen-carboxylic acid-29-methylester', '3,4,5-trimethoxyphenyl 1-O-β-D-apiofuranosyl-(1→6)-O-β-D-glucopyranoside', 'Homoegonol', '[8]-gingerol', '4-Hydroxymellein', '5-hydroxymellein', 'fraxinellonone', 'Dibenzyl sulphide', '(-) Cis-4-hydroxy-6-deoxyscytalone', 'Plumericin', '3,12-Dihydroxycadalene', '7-hydroxy-3- (11-dimethylallyl)-8-methoxycoumarin', ""N-[7-(3',4'-methylenedioxyphenyl)-2(Z),4(Z)-heptadienoyl]pyrrolidine"", ""Acteoside; [β-3,4-dihydroxyphenyl)-ethyl]-(3'-O-α-L-rhamnopyranosyl)-(4'-O-cafeoyl)-β-D-glycopyranoside, verbascoside"", '19,20-Epoxycytochalasin D', 'fumiquinozoline F', 'Kaempferol 3-O-α-L-rhamnopyranosyl (1→6)-O-[β -D-glucopyranosyl (1→3)-O-α-L-rhamnopyranosyl-(1→2)]-O-β -D-glucopyranosyl', '3β-O-[α-L-rhamnopyranosyl-(1→2)-O-β-D-glucopyranosyl-(1→2)-O-β-D-glucopyranosyl]-28-O-β-D-glucopyranoside pomolate', 'p-Coumaric acid', '(-)-Epigallocatechin', 'Netzahualcoyonol', '1-[3-(3,7-dimethylocta-2,6-dien-1-yl)-2,4,6- trihydroxyphenyl]-3-(4-hydroxyphenyl)propan-1-one', '6α-malonyloxymanoyl oxide', 'Benzylhydroxymethyl sulphide', '1,6-di-O-caffeoyl-β-D-glucopyranoside', '2-methyl-5-[8(Z),11(Z),14-pentadecatrienyl]resorcinol', '20-hydroxyecdysone; polypodine A', '22β-hydroxypristimerin', '1- (5,7-dihydroxy-2,2-dimethylchroman-6-yl)-3-(2,2-dimethylchroman- 6-yl)propan-1-one', 'Canavaline', 'Di-hydrodehydrodiconiferyl alcohol', 'Quercetin', ""2-(2'-O-trans-cinnamoyl)-C-β-D-glucopyranosyl-1,3,6,7-tetrahydroxyxanthone"", 'Kokusaginine', '(R)-7-Hydroxymellein', '3-Acetyl aleuritolic acid', 'Alkenoic acid', 'Quercetin 3-O-α-L-rhamnopyranosyl (1→6)-O-[β -D-glucopyranosyl (1→3)-O-α-L-rhamnopyranosyl-(1→2)]-O-β -D-glucopyranosyl', 'Heveaflavone', 'Arboreumine', '3-Oxoursolic acid', 'Casearupestrin B', 'toonacilin', 'Uracil', '1-O-(E)-feruloyl-β-D-glucopyranoside', '19,20-Epoxycytochalasin C', 'n-Pentyl gallate', 'Orcinol', 'Isoorientin', 'urauchimycin A', ""Gaudichaudianic acid; (2S)-2-methyl-2-(4'methyl-3'-pentenyl)-8-(3''-methyl-2-butenyl)- 2H-1-benzopyran-6-carboxylic acid"", 'limonexic acid', 'Pedalitin', 'Di(benzyltrithio) methane', 'Periconicin B', 'Phomopsilactone', ""(2S)-8-Isopentyl-2-methyl-2-(4'-methylpentyl)chroman-6-carboxylic acid"", '2,2-dimethyl-2H-chromene-6-carboxylic acid', '1,2-dihydro- 3β-hydroxy-7-deacetoxy-7-oxogedunin', 'Photogedunin', 'Casearin X; (1R*,3S*,5S*,6aR*,7S*,8S*,10R*,10aR*)-1-(Acetyloxy)-3,5,6,6a,7,8,9,10-octahydro-10-hydroxy-7,8-dimethyl-7-[(2Z)-3-methylpenta-2,4-dien-1-yl]naphtho[1,8a-c]furan-3,5-diyl Dibutanoate', 'Skimmianine', 'p-hydroxybenzoic acid-geranyl ester', 'Dibenzyl disulphide', 'Proanthocyanidin', 'neoisoastilbin', 'Piperovatine', '2,4,6-trimethoxybenzoic acid', '1-O-(E)-caffeoyl-β-D-glucopyranoside', 'Quercitrin, 3-O-α-rhamnosylquercetin', 'Caseobliquin A', 'Methyl angolensate', ""5-(3'' -Hydroxypropyl)-7-methoxy-2-(3',4' -methyl-enedioxyphenyl)benzofuran"", '6α-acetoxymanoyl oxide', 'Methyl-8-hydroxy-2,2-dimethylchroman-6-carboxylate', '6α-acetoxy-14β,15β-epoxyazadirone', ""2-(R)-Methyl-6-(S)-(tetradecyl-13'-one)-3(R)-O-tert-butyldimethylsilyl-piperidine"", '(2S)-Methyl-2-methyl-8-(3""-methylbut-2""-enyl)-2-(4\'-methylpent-3\'-enyl)-2H-chromene-6-carboxylate', 'Casearin T', 'Piperyline, N-[10-(13,14-methylenedioxyphenyl)-7(E),9(E)-pentadienoyl]-pyrrolidine', 'ω-fenil alcanoic acid', '2-butyl-D-fructofuranoside', 'amorphispironone', 'Casearupestrin D', 'Chaetoglobosin B', ""2-(2'-O-benzoyl)-C-β-D-glucopyranosyl-1,3,6,7-tetrahydroxyxanthone"", 'Isoplumericin', 'α-L-xylopyranosyl-(4""→20)-(3-O-β-D-glucopyranosyl)-1\'-O-E-caffeoyl-β-D-glucopyranoside', 'epoxy-fraxinellone', '12′-hydroxy-7′-multijuguinone', 'Kaempferitrin', 'Nitensidine C', 'Dipropyl disulphide', 'n-Propyl gallate', ""3',4',5',5,7,8-hexamethoxyflavone"", 'Isopropyl gallate', '6β-hydroxy-7-epigardoside methyl ester', 'Tetrahydropiperyline, N-[10-(13,14-methylenedioxyphenyl)-pentanoyl]-pyrrolidine', 'fraxinellone', '6-[ 8(Z),11(Z) -pentadecadienyl] salicylic acid', '6-[8(Z)-pentadecenyl]salicylic acid', '(2S)-2-methyl-8-(3""-methylbut-2""-enyl)-2-(4\'-methylpent-3\'-enyl)-2H-chromene-6-carboxylic acid', 'Burchellin', '5-[8(Z)-pentadecenyl]resorcinol', 'Luteolin; 2-(3,4-dihydroxyphenyl)-5,7-dihydroxy-4H-chromen-4-one', 'Sinapic acid', '19,20-Epoxycytochalasin Q', '19,20-Epoxycytochalasin R', 'Muraxanthone', 'Odoratone', '3,11,12-Trihydroxycadalene', 'Quercetin 3-O-sophoroside', '(3R,4R)-3,4-Dihydro-4,6-dihydroxy-3-methyl-1-oxo-1H-isochromene-5-carboxylic acid', '24-methylene-3,22-dihydroxycholesterol', 'Rel-6β-hydroxyzuelanin-2β-benzoate', 'shidasterone', '5-hydroxymethyl- 2-furancarboxaldehyde; 5-hydroxymethyl-2-furfuraldehyde', 'atalaphyllinine', 'N-[10- (13,14-methylenedioxyphenyl)-7(E)-pentaenoyl]-pyrrolidine', '2-Methyl-5-methoxy-benzopyran-4-one', '3,4-dihydroxybenzoic acid geranyl ester', 'N-[10-(13,14-methylenedioxyphenyl)-7(E),9(Z)-pentadienoyl]-pyrrolidine', 'Casearupestrin A', '2-oxo-piperol B; (7S*, 8R*, 1R*, 3R*)-3,4,5-trimethoxy-3,7-cyclo-8,1-neolig-8-ene-2,4(3H)-dione', 'taxifolin', ""(2'S)-2-(propan-2'-ol)-5-hydroxy-benzopyran-4-one"", 'Rel-(+)-(7S,9R,10S)-3,9,12-trihydroxycalamenene', '2-methyl-5-[8(Z),11(Z)-pentadecadienyl]resorcinol', 'Methyl 6,7,8-trimethoxydihydrocinnamate', '2-Hexyl-3-methyl-butanodioic acid', 'Sorbifolin', 'Casearin S', '11β-acetoxyobacunone', '1-(5,7-dihydroxy-2,2-dimethylchroman- 6-yl)-3-[4-hydroxy-3-(3-methylbut-2-en-1-yl)- phenyl]propan-1-one', '(3R,4R)-4,7-Dihydroxymellein', ""Nitensoside B; Pedalitin 6-O-α-rhamnopyranosyl(1'''→6'')-β-glucopyranoside"", 'Amentoflavone', 'Gedunin', 'Pedalin, pedalitin 6-O-β -glucopyranoside', 'Caseargrewiin F; (1R*,3S*,5S*,6aR*,7S*,8R*,10R*,10aR*)-1,3-Bis(acetyloxy)-3,5,6,6a,7,8,9,10-octahydro-10-hydroxy-7,8-dimethyl-7-[(2Z)-3-methylpenta-2,4-dien-1-yl]naphtho[1,8a-c]furan-5-yl Butanoate', 'Casearin L; (1R*,3S*,5S*,6aR*,7R*,8R*,9S*,10S*,10aR*)-1,10-Bis(acetyloxy)-3,5,6,6a,7,8,9,10-octahydro-9-hydroxy-5-methoxy-7,8-dimethyl-7-[(2Z)-3-methylpenta-2,4-dien-1-yl]naphtho[1,8a-c]-furan-3-yl Butanoate', 'Platydesmine', 'Leiokinine A', 'Cabraleadiol', 'schaftoside', ""(2S)-Methyl-8-isopentyl-2-methyl-2-(4'-methylpentyl)chroman-6-carboxylate"", 'Rel. (+)-(7S,10S) 3,12-dihydroxycalamenene', 'carlinoside', 'Methyl-8-(ethanoyloxy)-2,2-dimethyl-2H-chromene-6-carboxylate', '3,4,5-Triacetoxybenzoic acid', 'Methyl gallate', '3-O-β-D-quinovopyranosyl cincholic acid', 'Afzelin, 3-O-α-rhamnosyl kaempferol', 'Egonol', '4-Nerolidilcatechol', ""2-(2'-O-transcoumaroyl)-C-β-D-glucopyranosyl-1,3,6,7-tetrahydroxyxanthone"", 'Syringic acid', '(+)-3-O-feruloylcassine', '1-(5,7-dihydroxy-2,2-dimethylchroman-6-yl)-3-(1,1,4a-trimethyl-2,3,4,4a,9a-hexahydro-1H-xanthen-7-yl)propan-1-one', 'Methyl (E)-6,7,8-trimethoxycinnamate', '3,4,5-Trimethoxyphenyl-1-O-β-D-(5-O-syringoyl)-apiofuranosyl-(1→6)-β-D-glucopyranoside', '6-[8(Z),11(Z),14-pentadecatrienyl]salicylic acid', 'Trans-3’-methylsulphonylallyl trans-cinnamate', '(3-(2-(4-hydroxyphenyl)-2-oxoethyl)-5,6-dihydropyridin- 2(1H)-one)', 'Mangiferin', 'Salacin', 'Viburgenin', ""Pterogynoside; Kaempferol-3-O-(3''-O-4'''-methylgallate-α-L-rhamnoside)"", 'Isobutyl gallate', ""Nitensoside A; Sorbifolin 6-O-α-rhamnopyranosyl(1'''→6'')-β-glucopyranoside"", 'Casearin O; (1R*,3S*,5S*,6aR*,7R*,8R*,9S*,10S*,10aR*)-1,10-Bis(acetyloxy)-5-methoxy-7,8-dimethyl-7-[(2Z)-3-methylpenta-2,4-dien-1-yl]-3,5,6,6a,7,8,9,10-octahydronaphtho[1,8a-c]furan-3,9-diyl Dibutanoate', 'germacrene D', '6-pentadecylsalicylic acid', 'Methyl-2,2-dimethylchroman-6-carboxylate', ""Myrsinoic acid A, 3-Geranyl-4-hydroxy-5-(3'',3''-dimethylallyl)benzoic acid"", '20α-Hydroxymaytenin; 20-hydroxy-20-epi-tingenone', '(-)-Epigallocatechin-3-O-gallate', 'Casearin D; (1R*,3S*,5S*,6aR*,7R*,8R*,9S*,10S*,10aR*)-1-(Acetyloxy)-3,5,6,6a,7,8,9,10-octahydro-5,10-dihydroxy-7,8-dimethyl-7-[(2Z)-3-methylpenta-2,4-dien-1-yl]naphtho[1,8a-c]furan-3,9-diyl Dibutanoate', 'N-1,N-2,N-3-Triisopentenylguanidine', 'Dibenzyl trisulphide', 'Maytenin, Tingenone', 'urauchimycin B', ""2-(2'-O-trans-caffeoyl)-C-β-D-glucopyranosyl-1,3,6,7-tetrahydroxyxanthone"", 'Netzahualcoyene', 'Casearin X Dialdehyde; (2R*,4aS*,5S*,7R*,8R*,8aS*)-4,4a-Diformyl-1,2,4a,5,6,7,8,8a-octahydro-5-hydroxy-7,8-dimethyl-8-[(2Z)-3-methylpenta-2,4-dien-1-yl]naphthalen-2-yl Butanoate', 'polypodine B', 'arjunolic acid', 'stachysterone', 'Ethyl 2,4-dihydroxy-5,6-dimethylbenzoate', 'Amentoflavone 7”,4”’-dimethyl ether', 'Picramnioside F', 'Lauryl gallate', 'Syringaldehyde', '22-hydroxytirucalla-7,24-diene-2,3-dione', 'Acetonide of odoratol', '(−)-Grandisin', '24-methylenecycloartan-3b-ol', 'Ixoside', '2β-Hydroxyzuelanin-6β-cinnamate', 'Cognatine', 'Fagaramide']]",doi_name
"['10.1590/S0103-50532007000700017', 'Chlorogenic acid']","['10.1590/S0103-50532007000700017', ['guaiol', 'Hinesol', 'γ-eudesmol', 'α-eudesmol', '11-O-trans-feruloylteucrein', 'Teucrein', 'Apodanthoside', 'Galioside', 'Galioside aglicone', '21β,25-dimethylmelianodiol', '3,21-Di-epi-feroniellide B', '21α,25-dimethylmelianodiol', '5,7-dimethoxy-2,2-dimethyl-2H-1-benzopyran-6-propanoate', 'Chlorogenic acid methyl ester, Methyl (1S,3R,4R,5R)-3-{[(2E)-3-(3,4-dihydroxyphenyl)-2-propenoyl]oxy}-1,4,5-trihydroxycyclohexanecarboxylate', '2,3-dihydro-4,9-dihydroxy-2-(2-hydroxy-propan-2-yl)- 11-methoxy-10-methylfuro[3,2-b]acridin-5(10H)-one', 'bis-5-hydroxyacronycine', 'Citibrasine', 'cyclo (L)-Pro-Gly', '(-)-3-O-acetyl-spectaline', ""3,4-dimethyl-2-(4'-hydroxy-3',5'-dimethoxyphenyl)-5-methoxy-tetrahydrofuran"", '7-Methoxydiderroside', ""6'-Acetyl-β-D-glucopyranosyldiderroside"", 'Diderroside', 'Secoxyloganin', 'astilbin; Rel-(2R, 3R)-dihydroquercetin-3-O-±-L-rhamnoside', 'Taraxerol acetate', 'Anhydrofusarubin', 'Beauvericin', 'Mycoleptone A', '9-hydroxyeugenin', 'Eugenitin', 'Austdiol', 'Mycoleptone B', '6-methoxyeugenin', 'Mycoleptone A tetraacetate', 'Austdiol diacetate', 'Xanthyletin', 'Nitensidine D', 'Nitensidine E', '2-n-Pentylquinoline', ""2-(1'-pentenyl)-Quinoline"", '2-n-Propylquinoline', ""2-(3',4'-methylenedioxyphenylethyl)-Quinoline"", '1,3,5-trihydroxy- 2,8-bis(3-methylbut-2-enyl)-10-methyl-9-acridone', 'Citrusinine-I', 'Glycocitrine-I', '1,3,5-trihydroxy-4-methoxy-10-methyl- 2,8-bis(3-methylbut-2-enyl)acridin-9(10H)-one', '5-hydroxynoracronycine; Atalaphyllidine', 'Citrusinine-II', '3,4-dihydro-3,5,8-trihydroxy-6-methoxy-2,2,7-trimethyl-2Hpyrano[ 2,3-a]acridin-12(7H)-one', 'Glycocitrine-IV', 'Pyranofoline', 'Stearic acid 4-pentoyloxyphenethyl ester', '3,4,5-Trimethoxydihydrocinnamic acid', 'Piperaduncine B', ""Hostmaniene; 4-Hydroxy-3-(2',3'-dihydroxy-3'-methylbutyl)benzoate"", ""4-Hydroxy-3-(3',7'-dimethylocta-2'-E-6'-dienyl)benzoic acid"", 'Methyl 2,2-dimethyl-1-oxo-2H-1-benzopyran-6-carboxylate', ""2',6'-Dihydroxy-4'-methoxydihydrochalcone"", ""Methyl taboganate; Methyl 4-hydroxy-3-(3'-methyl-1'-oxo-2'-butenyl)benzoate"", ""Methyl 4-hydroxy-3-(3'-methyl-2'-butenyl)benzoate"", ""4-Hydroxy-(3',7'-dimethyl-1'-oxo-octa-2'-Z-6'-dienyl)benzoic acid"", ""Aduncumene; Methyl 2-methoxy-5-(3'-methyl-1'-oxo-2'-butenyl)benzoate"", ""Methyl 4-hydroxy-3-(3'-methyl-2'-hydroxy-3'-butenyl)benzoate"", 'cryptomeridiol', '3,11-dioxoolean-12-en-28- onic acid', 'Iso-odoratol', 'Pentaol', 'Piscidinol A', 'Nilocetin', 'Oleanonic acid', 'Hispidol A', 'Clusifoliol', ""Isoswertisin-4'-methyl-ether-2''α-L-rhamnoside"", '2-Episesalatin', ""Isoswertisin-2''α1-L-rhamnoside"", 'Sesartemin', ""4-Methoxy-3-(3',7'-dimethylocta-2'-E-6'-dienyl)benzoic acid"", 'Methyl-8-hydroxy-2,2-dimethyl-2H-chromene-6-carboxylate', ""3-(3',7 '-dimethyl-2',6 '-octadienyl)-4-methoxy-benzoic acid"", ""2'-hydroxy-3,4,4'-trimethoxy-5',6'-(2'',2''-dimethylpyrano)-chalcone"", ""3',4'-methylenedioxy-5,6,7- trimethoxyflavone"", ""3',4'-methylenedioxy-5,5',6,7-tetramethoxyflavone"", ""3',4'-methylenedioxy-5,7-dimethoxyflavone"", 'Methyl (3R,4R,5R)-3-{[(2E)-3-(3,4-dihydroxyphenyl)-2-propenoyl]oxy}-1,4,5-trihydroxycyclohexanecarboxylate', 'Methyl (3R,4R,5R)-3-{[(2Z)-3-(3,4-dihydroxyphenyl)-2-propenoyl]oxy}-1,4,5-trihydroxycyclohexanecarboxylate', '5α-carboxystrictosidine', 'Strictosidine acid', 'Cordifoline', '3,4-dehydrostrictosidine acid', '3,4-dehydro-strictosidine', 'Harman-3-carboxylic acid', 'Turbinatine', 'Deoxycordifoline', 'Verrucosin', 'Epi-guaiacin', '7-Methyl-sargachromenol; 2,7,8-Trimethyl-2-[(3-E,7-Z)-4,12-dimethyl-8-carboxyl-3,7,11-tridecatrienyl]-3-chromen-6-ol, β-caroteno', 'Nectandrin B', '2α,3α,19α- trihydroxyurs-12-en-28-oic acid', 'penduletin 4-O-methyl ether', '3,3-O-dimethylquercetin', '3-O-methylquercetin', 'Chrysoeriol', 'acacetin', '3,7,4-O-trimethylkaempferol', 'p-hydroxybenzoic acid', '2α,3α-dihydroxyolean-12- en-28-oic acid', '(+)-α-Hydroxyerysotrine', '(+)-Erythravine', '(+)-11α-Hydroxyerythravine', ""Rel-(7R,8S,7'S,8'S)-4'-hydroxy-3,4,5,3',5'-pentamethoxy-7,7'-epoxylignan"", ""Rel-(7R,8S,7'S,8'S)-4,5,4',5'-dimethylenedioxy-3,3'-dimethoxy-7,7'-epoxylignan"", ""Rel-(7R,8S,7'S,8'S)-9-hydroxy-4',5'-methylenedioxy-3,4,5,3'-tetramethoxy-7,7'-epoxylignan"", ""Rel-(7R,8S,7'S,8'S)-4-hydroxy-4',5'-methylenedioxy-3,5,3'-trimethoxy-7,7'-epoxylignan"", ""Rel-(7R,8S,7'S,8'S)-4',5'-methylenedioxy-3,4,5,3'-tetramethoxy-7,7'-epoxylignan"", '4-metoxi-6-[2-(metilamino)fenil]- 2H-piran-2-ona', 'Isopimpinellin', 'Aphidicolin', 'Methacrylic acid', ""4-Hydroxy-(3',7'-dimethyl-1'-oxo-octa-2'-E-6'-dienyl)benzoic acid"", ""4-Hydroxy-3-(3',7'-dimethyl-3'-hydroxy-1'-oxo-6'-octenyl)benzoic acid"", ""1,4-Dihydroxy-2-(3',7'-dimethyl-1'-oxo-2'-E-6'-octadienyl)benzene"", ""Sakuranetin; 5,4'-dihydroxy-7-methoxyflavanone"", ""Isosakuranetin; 5,7-dihydroxy-4'-methoxyflavanone"", '21´-(3,4-Methylenedioxyphenyl)-henicosanoic acid', ""7,4'-Dimethoxyflavone"", ""Juruenolic acid; 2-(4'-Methylpentenyl-3)-10-oxoundecan-2,6-dienoic acid"", 'Fasciculiferin', '(+)-Guaiacin', ""7,4'-Dihydroxyflavone"", 'Sargachromenol', 'Sargaquinoic acid', 'Farnisine', 'Tithonine', '19´-(3,4-Methylenedioxyphenyl)-nonadecanoic acid', '17-(3,4-Methylenedioxyphenyl)-heptadecanoic acid', '5,7-dimethoxy-2,2-dimethyl-2H-1-benzopyran-6-propanoic acid', 'Pimara-7,15-dien-3β-ol', 'Ergosterol peroxide', '(22E,24R)-ergosta-4,6,8(14),22-tetraen-3-one', '8-hydroxy-6-methoxy-3-methylisocoumarin', 'Dimethyl terephthalate', 'β-Gardiol', 'α-Gardiol', 'Ferulic acid', '1-methoxy-3-hydroxy-3,10b-4,5a-diepoxy-8b-isobutyroyloxygermacr-11(13)-en-6a,12-olide', 'Tagitinin C', ""3,5,6,7,3',4',5'-heptamethoxyflavonol"", ""3',4',5',3,5,7,8-heptamethoxyflavone"", 'β-caryophyllene, trans-caryophyllene', 'Kaempferol-3-O-α-L-rhamnopyranosyl-(1→6)-β-D-galactopyranoside', 'Catechin, Ent-catechin', 'Quercetin-3-O-α-L-rhamnopyranosyl-(1→6)-β-D-galactopyranoside', 'Kaempferol-3-O-rutinoside', 'Kaempferol-3-O-D-galactopyranoside', 'Kaempferol-3-O-α-L-rhamnopyranosyl-(1-6)-α-L-rhamnopyranosyl-(1-4)-β-D-glucopyranoside', '6-Hydroxy-rutin', 'Procyanidin B-3', 'Kaempferol-3-O-D-glucopyranoside', '4,5-dihydropiperlonguminine; Piperlonguminine', ""N-[3-(6'-methoxy-3',4'-methy-lenedioxyphenyl)-2(Z)-propenoyl]pyrrolidine"", '10,11-dihydropiperine; Δα,β-dihydropiperine', '4,5-dihydropiperyline', '(E)-piplartine', 'Piperine', '(Z)-piplartine; 8(Z)-N-(12,13, 14-trimethoxycinnamoyl)- 3-pyridin-2-one', '8,9-dihydropiplartine; N-(12,13,14-trimethoxydihydrocinnamoyl)-Δ3-pyridin-2-one', 'Pellitorine', '(3Z,5Z)-N-isobutyl-8-(30,40-methylenedioxy-phenyl)-heptadienamide', 'Cusculine; 1,2,3,5,6-pentamethoxy-9-acridone', 'Cuspanine; 1-hydroxy-2,3,5,6-tetramethoxy-9-acridone', '2α,3α-Dihydroxy-urs-12-en-28-oic acid', 'Oleanolic acid 3-sophoroside', '3-O-β-D-(6’-methyl)-glucopyranosyl-28-O-β-D-glucopyranosyl-oleanate', 'Haplotusine', 'β-Sitosterol benzoate', '5-hydroxyflavone', '2-phenyl-4H-chromen-4-one', 'Sinapyl 4-O-β-D-glucopyranoside aldehyde', 'Sinapyl 4-O-β-D-glucopyranoside alcohol', 'Liriodenine', 'N-acetylnonaine', '[10]-gingerol', ""2,4-Dihydroxy-6-[(1'E,3'E)-penta-1', 3'-dienyl]-benzaldehyde"", 'Nitensidine A', '2-methyl-5-[8(Z)-pentadecenyl]resorcinol', '2-hydroxyphenylacetic acid', '3-O-β-D-quinovopyranosyl quinovic acid', ""8-hydroxy-3,5,7,3',4',5'-hexamethoxyflavonol"", 'Kaempferol', 'Netzahualcoyene', 'Casearin X Dialdehyde; (2R*,4aS*,5S*,7R*,8R*,8aS*)-4,4a-Diformyl-1,2,4a,5,6,7,8,8a-octahydro-5-hydroxy-7,8-dimethyl-8-[(2Z)-3-methylpenta-2,4-dien-1-yl]naphthalen-2-yl Butanoate', 'polypodine B', 'n-Propyl gallate', ""3',4',5',5,7,8-hexamethoxyflavone"", 'Isopropyl gallate', '6β-hydroxy-7-epigardoside methyl ester', 'Tetrahydropiperyline, N-[10-(13,14-methylenedioxyphenyl)-pentanoyl]-pyrrolidine', 'Leptomerine', '5-hydroxy-N-methylseverifoline', '19,20-Epoxycytochalasin N', 'ellagic acid 4-O-α-L-rhamnopyranoside; eschweilenol C', 'Mayoside C', 'Ourateacatechin', ""3',4',5',5,7-pentamethoxyflavone"", '2-methyl-5-pentadecylresorcinol', '3β-hydroxy-stigmast-5-en-7-one; 24-β-7-oxositosterol', 'scillascillin', ""2-(2'-O-trans-caffeoyl)-C-β-D-glucopyranosyl-1,3,6,7-tetrahydroxyxanthone"", '8-methoxymellein', '(±)-Syringaresinol', 'Cyclo-(L-Pro-L-Val)', 'Acetonide of odoratol', '(−)-Grandisin', '5-[8(Z),11(Z)-pentadecadienyl]resorcinol', 'urauchimycin B', 'Ocotillone', 'des-N-methylnoracronycine', 'Sorbifolin 6-O-β-glucopyranoside', 'Rel-2α-hydroxyzuelanin-6β-benzoate', '2,6-di-O-acetylcasearupestrin D', ""Methyl-2,2-dimethyl-8-(3'-methylbut-2'-enyl)chroman-6-carboxylate"", '2,7-Di-O-acetylcasearupestrin A', 'Nitensidine B', '1-methyl-2-n-nonyl-4-quinolone', '5-[8(Z),11(Z),14-pentadecatrienyl]resorcinol', 'Gallic acid; 3,4,5-trihydroxybenzoic acid', 'Maculosidine', '(4R)-4,8-dihydroxy-α-tetralone', 'Odoratol', 'Isoorientin', 'Podocarpusflavone A', 'Casearupestrin C', '6α-malonyloxy-n-butyl ester manoyl oxide', 'citrusinine-I', 'Ricinine', 'Leptophyllin A', '5-pentadecylresorcinol', 'Homoegonol', '[8]-gingerol', '4-Hydroxymellein', '5-hydroxymellein', 'fraxinellonone', 'Dibenzyl sulphide', '(-) Cis-4-hydroxy-6-deoxyscytalone', 'Plumericin', ""5-[3''-(β-D-glucopyranosyloxy)propyl]-7-methoxy-2-(3',4'-methylenedioxyphenyl)benzofuran"", '28-O-β-D-glucopyranosyl quinovic acid', '2-Methyl-4-hydroxy-butyl caffeoate', 'N-1,N-2,N-3-Triisopentenylguanidine', 'Dibenzyl trisulphide', 'Maytenin, Tingenone', '(-)-Spectalinine', 'Netzahualcoyondiol', '19,20-Epoxycytochalasin D', 'fumiquinozoline F', 'Kaempferol 3-O-α-L-rhamnopyranosyl (1→6)-O-[β -D-glucopyranosyl (1→3)-O-α-L-rhamnopyranosyl-(1→2)]-O-β -D-glucopyranosyl', '3β-O-[α-L-rhamnopyranosyl-(1→2)-O-β-D-glucopyranosyl-(1→2)-O-β-D-glucopyranosyl]-28-O-β-D-glucopyranoside pomolate', 'Dibenzyl tetrasulphide', ""2',5-dihydroxy-3-methoxy-8-dimethylallyl-6, 7-(2' ',2''-dimethylpyrano)-dihydroflavonol"", '2-n-nonyl-4-quinolone', 'Cytochalasin D', 'Benzylhydroxymethyl sulphide', '1,6-di-O-caffeoyl-β-D-glucopyranoside', '2-methyl-5-[8(Z),11(Z),14-pentadecatrienyl]resorcinol', '20-hydroxyecdysone; polypodine A', '3-Acetyl aleuritolic acid', 'Alkenoic acid', 'Quercetin 3-O-α-L-rhamnopyranosyl (1→6)-O-[β -D-glucopyranosyl (1→3)-O-α-L-rhamnopyranosyl-(1→2)]-O-β -D-glucopyranosyl', '22β-hydroxypristimerin', '1- (5,7-dihydroxy-2,2-dimethylchroman-6-yl)-3-(2,2-dimethylchroman- 6-yl)propan-1-one', 'Canavaline', 'Di-hydrodehydrodiconiferyl alcohol', 'Quercetin', ""2-(2'-O-trans-cinnamoyl)-C-β-D-glucopyranosyl-1,3,6,7-tetrahydroxyxanthone"", 'Kokusaginine', 'Piperol B', '(-)-Hardwickiic acid', 'toonacilin', 'Uracil', 'Pristimerin; 20α-3-hydroxy-2-oxo-24-nor-friedela-1-10,3,5,7-tetraen-carboxylic acid-29-methylester', '3,4,5-trimethoxyphenyl 1-O-β-D-apiofuranosyl-(1→6)-O-β-D-glucopyranoside', 'β-photogedunin', 'n-Butyl gallate', ""5-[3''-(β-D-glucopyranosyloxy)propyl]-7-methoxy-2-(3',4'-dimethoxyphenyl)benzofuran"", '3,12-Dihydroxycadalene', '7-hydroxy-3- (11-dimethylallyl)-8-methoxycoumarin', ""N-[7-(3',4'-methylenedioxyphenyl)-2(Z),4(Z)-heptadienoyl]pyrrolidine"", 'urauchimycin A', 'p-Coumaric acid', '(-)-Epigallocatechin', 'Netzahualcoyonol', '1-[3-(3,7-dimethylocta-2,6-dien-1-yl)-2,4,6- trihydroxyphenyl]-3-(4-hydroxyphenyl)propan-1-one', '6α-malonyloxymanoyl oxide', 'n-Pentyl gallate', 'Orcinol', 'Periconicin B', 'Phomopsilactone', ""(2S)-8-Isopentyl-2-methyl-2-(4'-methylpentyl)chroman-6-carboxylic acid"", '2,2-dimethyl-2H-chromene-6-carboxylic acid', '1,2-dihydro- 3β-hydroxy-7-deacetoxy-7-oxogedunin', 'Photogedunin', 'Casearin X; (1R*,3S*,5S*,6aR*,7S*,8S*,10R*,10aR*)-1-(Acetyloxy)-3,5,6,6a,7,8,9,10-octahydro-10-hydroxy-7,8-dimethyl-7-[(2Z)-3-methylpenta-2,4-dien-1-yl]naphtho[1,8a-c]furan-3,5-diyl Dibutanoate', ""2-(R)-Methyl-6-(S)-(tetradecyl-13'-one)-3(R)-O-tert-butyldimethylsilyl-piperidine"", '(2S)-Methyl-2-methyl-8-(3""-methylbut-2""-enyl)-2-(4\'-methylpent-3\'-enyl)-2H-chromene-6-carboxylate', 'Casearin T', 'Heveaflavone', 'Arboreumine', '3-Oxoursolic acid', 'Casearupestrin B', 'Piperyline, N-[10-(13,14-methylenedioxyphenyl)-7(E),9(E)-pentadienoyl]-pyrrolidine', 'ω-fenil alcanoic acid', '2-butyl-D-fructofuranoside', ""Gaudichaudianic acid; (2S)-2-methyl-2-(4'methyl-3'-pentenyl)-8-(3''-methyl-2-butenyl)- 2H-1-benzopyran-6-carboxylic acid"", 'limonexic acid', 'Pedalitin', 'Skimmianine', 'p-hydroxybenzoic acid-geranyl ester', 'Dibenzyl disulphide', 'Proanthocyanidin', 'neoisoastilbin', '(R)-7-Hydroxymellein', '6α-acetoxymanoyl oxide', ""Acteoside; [β-3,4-dihydroxyphenyl)-ethyl]-(3'-O-α-L-rhamnopyranosyl)-(4'-O-cafeoyl)-β-D-glycopyranoside, verbascoside"", '1-O-(E)-feruloyl-β-D-glucopyranoside', '19,20-Epoxycytochalasin C', 'fraxinellone', 'Methyl-8-hydroxy-2,2-dimethylchroman-6-carboxylate', '6α-acetoxy-14β,15β-epoxyazadirone', 'Di(benzyltrithio) methane', '3,11,12-Trihydroxycadalene', 'Quercetin 3-O-sophoroside', '(3R,4R)-3,4-Dihydro-4,6-dihydroxy-3-methyl-1-oxo-1H-isochromene-5-carboxylic acid', '24-methylene-3,22-dihydroxycholesterol', 'amorphispironone', 'Casearupestrin D', 'Chaetoglobosin B', ""2-(2'-O-benzoyl)-C-β-D-glucopyranosyl-1,3,6,7-tetrahydroxyxanthone"", 'Isoplumericin', 'α-L-xylopyranosyl-(4""→20)-(3-O-β-D-glucopyranosyl)-1\'-O-E-caffeoyl-β-D-glucopyranoside', '6-[8(Z)-pentadecenyl]salicylic acid', '(2S)-2-methyl-8-(3""-methylbut-2""-enyl)-2-(4\'-methylpent-3\'-enyl)-2H-chromene-6-carboxylic acid', 'Casearin L; (1R*,3S*,5S*,6aR*,7R*,8R*,9S*,10S*,10aR*)-1,10-Bis(acetyloxy)-3,5,6,6a,7,8,9,10-octahydro-9-hydroxy-5-methoxy-7,8-dimethyl-7-[(2Z)-3-methylpenta-2,4-dien-1-yl]naphtho[1,8a-c]-furan-3-yl Butanoate', 'Burchellin', '5-[8(Z)-pentadecenyl]resorcinol', 'Luteolin; 2-(3,4-dihydroxyphenyl)-5,7-dihydroxy-4H-chromen-4-one', 'Sinapic acid', '19,20-Epoxycytochalasin Q', '19,20-Epoxycytochalasin R', 'Muraxanthone', 'epoxy-fraxinellone', '12′-hydroxy-7′-multijuguinone', 'Kaempferitrin', 'Nitensidine C', 'Dipropyl disulphide', '2-methyl-5-[8(Z),11(Z)-pentadecadienyl]resorcinol', 'Methyl 6,7,8-trimethoxydihydrocinnamate', '2-Hexyl-3-methyl-butanodioic acid', 'Casearin S', '11β-acetoxyobacunone', '1-(5,7-dihydroxy-2,2-dimethylchroman- 6-yl)-3-[4-hydroxy-3-(3-methylbut-2-en-1-yl)- phenyl]propan-1-one', '6-[ 8(Z),11(Z) -pentadecadienyl] salicylic acid', 'Odoratone', 'Rel-6β-hydroxyzuelanin-2β-benzoate', 'shidasterone', '5-hydroxymethyl- 2-furancarboxaldehyde; 5-hydroxymethyl-2-furfuraldehyde', 'atalaphyllinine', 'N-[10- (13,14-methylenedioxyphenyl)-7(E)-pentaenoyl]-pyrrolidine', '2-Methyl-5-methoxy-benzopyran-4-one', '3,4-dihydroxybenzoic acid geranyl ester', 'N-[10-(13,14-methylenedioxyphenyl)-7(E),9(Z)-pentadienoyl]-pyrrolidine', 'Gedunin', 'Pedalin, pedalitin 6-O-β -glucopyranoside', 'Caseargrewiin F; (1R*,3S*,5S*,6aR*,7S*,8R*,10R*,10aR*)-1,3-Bis(acetyloxy)-3,5,6,6a,7,8,9,10-octahydro-10-hydroxy-7,8-dimethyl-7-[(2Z)-3-methylpenta-2,4-dien-1-yl]naphtho[1,8a-c]furan-5-yl Butanoate', '1-(5,7-dihydroxy-2,2-dimethylchroman-6-yl)-3-(1,1,4a-trimethyl-2,3,4,4a,9a-hexahydro-1H-xanthen-7-yl)propan-1-one', 'Methyl (E)-6,7,8-trimethoxycinnamate', '3,4,5-Trimethoxyphenyl-1-O-β-D-(5-O-syringoyl)-apiofuranosyl-(1→6)-β-D-glucopyranoside', '6-[8(Z),11(Z),14-pentadecatrienyl]salicylic acid', 'Sorbifolin', 'Platydesmine', 'Leiokinine A', 'Cabraleadiol', 'schaftoside', ""(2S)-Methyl-8-isopentyl-2-methyl-2-(4'-methylpentyl)chroman-6-carboxylate"", '3,4,5-Triacetoxybenzoic acid', 'Casearupestrin A', '2-oxo-piperol B; (7S*, 8R*, 1R*, 3R*)-3,4,5-trimethoxy-3,7-cyclo-8,1-neolig-8-ene-2,4(3H)-dione', 'taxifolin', ""(2'S)-2-(propan-2'-ol)-5-hydroxy-benzopyran-4-one"", 'Rel-(+)-(7S,9R,10S)-3,9,12-trihydroxycalamenene', 'Rel. (+)-(7S,10S) 3,12-dihydroxycalamenene', 'carlinoside', 'Methyl-8-(ethanoyloxy)-2,2-dimethyl-2H-chromene-6-carboxylate', 'arjunolic acid', 'stachysterone', '(3R,4R)-4,7-Dihydroxymellein', ""Nitensoside B; Pedalitin 6-O-α-rhamnopyranosyl(1'''→6'')-β-glucopyranoside"", 'Amentoflavone', 'Methyl gallate', '3-O-β-D-quinovopyranosyl cincholic acid', 'Afzelin, 3-O-α-rhamnosyl kaempferol', 'Egonol', '4-Nerolidilcatechol', ""2-(2'-O-transcoumaroyl)-C-β-D-glucopyranosyl-1,3,6,7-tetrahydroxyxanthone"", 'Syringic acid', '(+)-3-O-feruloylcassine', 'Salacin', 'Viburgenin', ""Pterogynoside; Kaempferol-3-O-(3''-O-4'''-methylgallate-α-L-rhamnoside)"", 'Isobutyl gallate', '7′-multijuguinone', 'Griseofulvin', ""7-Hydroxy-4',6-dimethoxyisoflavone; Afrormosin; Afromosin"", ""Nitensoside A; Sorbifolin 6-O-α-rhamnopyranosyl(1'''→6'')-β-glucopyranoside"", 'Casearin O; (1R*,3S*,5S*,6aR*,7R*,8R*,9S*,10S*,10aR*)-1,10-Bis(acetyloxy)-5-methoxy-7,8-dimethyl-7-[(2Z)-3-methylpenta-2,4-dien-1-yl]-3,5,6,6a,7,8,9,10-octahydronaphtho[1,8a-c]furan-3,9-diyl Dibutanoate', 'germacrene D', '6-pentadecylsalicylic acid', 'Methyl-2,2-dimethylchroman-6-carboxylate', ""Myrsinoic acid A, 3-Geranyl-4-hydroxy-5-(3'',3''-dimethylallyl)benzoic acid"", '20α-Hydroxymaytenin; 20-hydroxy-20-epi-tingenone', '(-)-Epigallocatechin-3-O-gallate', 'Casearin D; (1R*,3S*,5S*,6aR*,7R*,8R*,9S*,10S*,10aR*)-1-(Acetyloxy)-3,5,6,6a,7,8,9,10-octahydro-5,10-dihydroxy-7,8-dimethyl-7-[(2Z)-3-methylpenta-2,4-dien-1-yl]naphtho[1,8a-c]furan-3,9-diyl Dibutanoate', 'Piperovatine', '2,4,6-trimethoxybenzoic acid', '1-O-(E)-caffeoyl-β-D-glucopyranoside', 'Quercitrin, 3-O-α-rhamnosylquercetin', 'Caseobliquin A', 'Methyl angolensate', ""5-(3'' -Hydroxypropyl)-7-methoxy-2-(3',4' -methyl-enedioxyphenyl)benzofuran"", 'Ethyl 2,4-dihydroxy-5,6-dimethylbenzoate', 'Amentoflavone 7”,4”’-dimethyl ether', 'Picramnioside F', 'Lauryl gallate', 'Syringaldehyde', '22-hydroxytirucalla-7,24-diene-2,3-dione', 'Trans-3’-methylsulphonylallyl trans-cinnamate', '(3-(2-(4-hydroxyphenyl)-2-oxoethyl)-5,6-dihydropyridin- 2(1H)-one)', 'Mangiferin', '24-methylenecycloartan-3b-ol', 'Ixoside', '2β-Hydroxyzuelanin-6β-cinnamate', 'Cognatine', 'Fagaramide', 'Chalepin', 'Chlorogenic acid']]",doi_name
"['10.1016/j.tiv.2008.01.003', 'Pristimerin; 20α-3-hydroxy-2-oxo-24-nor-friedela-1-10,3,5,7-tetraen-carboxylic acid-29-methylester']","['10.1016/j.tiv.2008.01.003', ['γ-eudesmol', 'Hinesol', 'guaiol', 'α-eudesmol', 'Teucrein', '11-O-trans-feruloylteucrein', 'Galioside aglicone', 'Apodanthoside', 'Galioside', 'Chlorogenic acid methyl ester, Methyl (1S,3R,4R,5R)-3-{[(2E)-3-(3,4-dihydroxyphenyl)-2-propenoyl]oxy}-1,4,5-trihydroxycyclohexanecarboxylate', 'Mycoleptone A', '9-hydroxyeugenin', 'Mycoleptone B', 'Austdiol diacetate', 'Eugenitin', '6-methoxyeugenin', 'Austdiol', 'Mycoleptone A tetraacetate', 'Aphidicolin', ""2'-hydroxy-3,4,4'-trimethoxy-5',6'-(2'',2''-dimethylpyrano)-chalcone"", ""3',4'-methylenedioxy-5,5',6,7-tetramethoxyflavone"", ""3',4'-methylenedioxy-5,6,7- trimethoxyflavone"", ""3',4'-methylenedioxy-5,7-dimethoxyflavone"", 'Glycocitrine-I', '5-hydroxynoracronycine; Atalaphyllidine', '1,3,5-trihydroxy-4-methoxy-10-methyl- 2,8-bis(3-methylbut-2-enyl)acridin-9(10H)-one', 'Citrusinine-II', 'Pyranofoline', '3,4-dihydro-3,5,8-trihydroxy-6-methoxy-2,2,7-trimethyl-2Hpyrano[ 2,3-a]acridin-12(7H)-one', '1,3,5-trihydroxy- 2,8-bis(3-methylbut-2-enyl)-10-methyl-9-acridone', 'Glycocitrine-IV', 'Citrusinine-I', 'Beauvericin', 'Anhydrofusarubin', '2α,3α,19α- trihydroxyurs-12-en-28-oic acid', 'penduletin 4-O-methyl ether', '3,3-O-dimethylquercetin', '3,7,4-O-trimethylkaempferol', 'Chrysoeriol', 'p-hydroxybenzoic acid', 'acacetin', '2α,3α-dihydroxyolean-12- en-28-oic acid', '3-O-methylquercetin', '5,7-dimethoxy-2,2-dimethyl-2H-1-benzopyran-6-propanoate', '(+)-11α-Hydroxyerythravine', '(+)-Erythravine', '(+)-α-Hydroxyerysotrine', 'Tagitinin C', '1-methoxy-3-hydroxy-3,10b-4,5a-diepoxy-8b-isobutyroyloxygermacr-11(13)-en-6a,12-olide', 'Taraxerol acetate', 'Epi-guaiacin', 'Verrucosin', '7-Methyl-sargachromenol; 2,7,8-Trimethyl-2-[(3-E,7-Z)-4,12-dimethyl-8-carboxyl-3,7,11-tridecatrienyl]-3-chromen-6-ol, β-caroteno', 'Nectandrin B', '17-(3,4-Methylenedioxyphenyl)-heptadecanoic acid', '(+)-Guaiacin', ""Juruenolic acid; 2-(4'-Methylpentenyl-3)-10-oxoundecan-2,6-dienoic acid"", ""7,4'-Dimethoxyflavone"", '19´-(3,4-Methylenedioxyphenyl)-nonadecanoic acid', 'Farnisine', 'Tithonine', ""7,4'-Dihydroxyflavone"", 'Sargachromenol', 'Sargaquinoic acid', 'Fasciculiferin', '21´-(3,4-Methylenedioxyphenyl)-henicosanoic acid', 'Catechin, Ent-catechin', 'Kaempferol-3-O-rutinoside', 'Kaempferol-3-O-α-L-rhamnopyranosyl-(1→6)-β-D-galactopyranoside', 'Kaempferol-3-O-α-L-rhamnopyranosyl-(1-6)-α-L-rhamnopyranosyl-(1-4)-β-D-glucopyranoside', 'Kaempferol-3-O-D-galactopyranoside', 'Kaempferol-3-O-D-glucopyranoside', '6-Hydroxy-rutin', 'Quercetin-3-O-α-L-rhamnopyranosyl-(1→6)-β-D-galactopyranoside', 'Procyanidin B-3', 'α-Gardiol', 'Ferulic acid', 'β-Gardiol', 'Citibrasine', 'bis-5-hydroxyacronycine', '2,3-dihydro-4,9-dihydroxy-2-(2-hydroxy-propan-2-yl)- 11-methoxy-10-methylfuro[3,2-b]acridin-5(10H)-one', ""6'-Acetyl-β-D-glucopyranosyldiderroside"", '7-Methoxydiderroside', 'Diderroside', 'Secoxyloganin', 'Xanthyletin', 'astilbin; Rel-(2R, 3R)-dihydroquercetin-3-O-±-L-rhamnoside', 'Nilocetin', 'Hispidol A', 'Iso-odoratol', '3,11-dioxoolean-12-en-28- onic acid', 'Pentaol', 'cryptomeridiol', 'Piscidinol A', 'Oleanonic acid', ""3,5,6,7,3',4',5'-heptamethoxyflavonol"", ""3',4',5',3,5,7,8-heptamethoxyflavone"", '8-hydroxy-6-methoxy-3-methylisocoumarin', 'Ergosterol peroxide', 'Dimethyl terephthalate', '(22E,24R)-ergosta-4,6,8(14),22-tetraen-3-one', 'Pimara-7,15-dien-3β-ol', ""1,4-Dihydroxy-2-(3',7'-dimethyl-1'-oxo-2'-E-6'-octadienyl)benzene"", ""4-Hydroxy-3-(3',7'-dimethyl-3'-hydroxy-1'-oxo-6'-octenyl)benzoic acid"", ""4-Hydroxy-(3',7'-dimethyl-1'-oxo-octa-2'-E-6'-dienyl)benzoic acid"", ""Isosakuranetin; 5,7-dihydroxy-4'-methoxyflavanone"", ""Sakuranetin; 5,4'-dihydroxy-7-methoxyflavanone"", ""2-(1'-pentenyl)-Quinoline"", '2-n-Pentylquinoline', '2-n-Propylquinoline', ""2-(3',4'-methylenedioxyphenylethyl)-Quinoline"", '5,7-dimethoxy-2,2-dimethyl-2H-1-benzopyran-6-propanoic acid', 'Piperine', '(3Z,5Z)-N-isobutyl-8-(30,40-methylenedioxy-phenyl)-heptadienamide', 'Pellitorine', '4,5-dihydropiperyline', ""N-[3-(6'-methoxy-3',4'-methy-lenedioxyphenyl)-2(Z)-propenoyl]pyrrolidine"", '8,9-dihydropiplartine; N-(12,13,14-trimethoxydihydrocinnamoyl)-Δ3-pyridin-2-one', '4,5-dihydropiperlonguminine; Piperlonguminine', '10,11-dihydropiperine; Δα,β-dihydropiperine', '(E)-piplartine', '(Z)-piplartine; 8(Z)-N-(12,13, 14-trimethoxycinnamoyl)- 3-pyridin-2-one', ""4-Methoxy-3-(3',7'-dimethylocta-2'-E-6'-dienyl)benzoic acid"", 'Methyl-8-hydroxy-2,2-dimethyl-2H-chromene-6-carboxylate', ""3-(3',7 '-dimethyl-2',6 '-octadienyl)-4-methoxy-benzoic acid"", 'Methyl (3R,4R,5R)-3-{[(2E)-3-(3,4-dihydroxyphenyl)-2-propenoyl]oxy}-1,4,5-trihydroxycyclohexanecarboxylate', 'Methyl (3R,4R,5R)-3-{[(2Z)-3-(3,4-dihydroxyphenyl)-2-propenoyl]oxy}-1,4,5-trihydroxycyclohexanecarboxylate', ""3,4-dimethyl-2-(4'-hydroxy-3',5'-dimethoxyphenyl)-5-methoxy-tetrahydrofuran"", '(-)-3-O-acetyl-spectaline', ""Methyl 4-hydroxy-3-(3'-methyl-2'-hydroxy-3'-butenyl)benzoate"", ""4-Hydroxy-(3',7'-dimethyl-1'-oxo-octa-2'-Z-6'-dienyl)benzoic acid"", ""Aduncumene; Methyl 2-methoxy-5-(3'-methyl-1'-oxo-2'-butenyl)benzoate"", '3,4,5-Trimethoxydihydrocinnamic acid', ""2',6'-Dihydroxy-4'-methoxydihydrochalcone"", ""4-Hydroxy-3-(3',7'-dimethylocta-2'-E-6'-dienyl)benzoic acid"", ""Hostmaniene; 4-Hydroxy-3-(2',3'-dihydroxy-3'-methylbutyl)benzoate"", 'Piperaduncine B', ""Methyl 4-hydroxy-3-(3'-methyl-2'-butenyl)benzoate"", 'Methyl 2,2-dimethyl-1-oxo-2H-1-benzopyran-6-carboxylate', ""Methyl taboganate; Methyl 4-hydroxy-3-(3'-methyl-1'-oxo-2'-butenyl)benzoate"", ""Rel-(7R,8S,7'S,8'S)-4-hydroxy-4',5'-methylenedioxy-3,5,3'-trimethoxy-7,7'-epoxylignan"", ""Rel-(7R,8S,7'S,8'S)-4'-hydroxy-3,4,5,3',5'-pentamethoxy-7,7'-epoxylignan"", ""Rel-(7R,8S,7'S,8'S)-9-hydroxy-4',5'-methylenedioxy-3,4,5,3'-tetramethoxy-7,7'-epoxylignan"", ""Rel-(7R,8S,7'S,8'S)-4',5'-methylenedioxy-3,4,5,3'-tetramethoxy-7,7'-epoxylignan"", ""Rel-(7R,8S,7'S,8'S)-4,5,4',5'-dimethylenedioxy-3,3'-dimethoxy-7,7'-epoxylignan"", '2-Episesalatin', ""Isoswertisin-2''α1-L-rhamnoside"", 'Sesartemin', 'Clusifoliol', ""Isoswertisin-4'-methyl-ether-2''α-L-rhamnoside"", '3,21-Di-epi-feroniellide B', '21β,25-dimethylmelianodiol', '21α,25-dimethylmelianodiol', 'Methacrylic acid', 'Stearic acid 4-pentoyloxyphenethyl ester', 'cyclo (L)-Pro-Gly', 'Nitensidine E', 'Nitensidine D', 'Isopimpinellin', '4-metoxi-6-[2-(metilamino)fenil]- 2H-piran-2-ona', 'β-caryophyllene, trans-caryophyllene', 'Deoxycordifoline', '3,4-dehydro-strictosidine', 'Harman-3-carboxylic acid', '5α-carboxystrictosidine', 'Turbinatine', 'Strictosidine acid', 'Cordifoline', '3,4-dehydrostrictosidine acid', 'Cusculine; 1,2,3,5,6-pentamethoxy-9-acridone', 'Cuspanine; 1-hydroxy-2,3,5,6-tetramethoxy-9-acridone', '2α,3α-Dihydroxy-urs-12-en-28-oic acid', 'Oleanolic acid 3-sophoroside', '3-O-β-D-(6’-methyl)-glucopyranosyl-28-O-β-D-glucopyranosyl-oleanate', 'Haplotusine', '2-phenyl-4H-chromen-4-one', '5-hydroxyflavone', 'β-Sitosterol benzoate', 'Sinapyl 4-O-β-D-glucopyranoside aldehyde', 'Sinapyl 4-O-β-D-glucopyranoside alcohol', 'N-acetylnonaine', 'Liriodenine', 'Chlorogenic acid', 'Nitensidine A', ""2,4-Dihydroxy-6-[(1'E,3'E)-penta-1', 3'-dienyl]-benzaldehyde"", ""8-hydroxy-3,5,7,3',4',5'-hexamethoxyflavonol"", '2-methyl-5-[8(Z)-pentadecenyl]resorcinol', '2-hydroxyphenylacetic acid', '3-O-β-D-quinovopyranosyl quinovic acid', 'Odoratol', 'Leptomerine', 'Kaempferol', '[10]-gingerol', 'Pristimerin; 20α-3-hydroxy-2-oxo-24-nor-friedela-1-10,3,5,7-tetraen-carboxylic acid-29-methylester', '3,4,5-trimethoxyphenyl 1-O-β-D-apiofuranosyl-(1→6)-O-β-D-glucopyranoside', 'ellagic acid 4-O-α-L-rhamnopyranoside; eschweilenol C', '19,20-Epoxycytochalasin N', '5-hydroxy-N-methylseverifoline', 'scillascillin', '3β-hydroxy-stigmast-5-en-7-one; 24-β-7-oxositosterol', '2-methyl-5-pentadecylresorcinol', ""3',4',5',5,7-pentamethoxyflavone"", 'Ourateacatechin', 'Mayoside C', 'Viburgenin', ""Pterogynoside; Kaempferol-3-O-(3''-O-4'''-methylgallate-α-L-rhamnoside)"", '6-pentadecylsalicylic acid', 'Salacin', 'Mangiferin', '(3-(2-(4-hydroxyphenyl)-2-oxoethyl)-5,6-dihydropyridin- 2(1H)-one)', 'Trans-3’-methylsulphonylallyl trans-cinnamate', '5-hydroxymellein', '4-Hydroxymellein', '[8]-gingerol', '1-methyl-2-n-nonyl-4-quinolone', 'Nitensidine B', '2,7-Di-O-acetylcasearupestrin A', ""Methyl-2,2-dimethyl-8-(3'-methylbut-2'-enyl)chroman-6-carboxylate"", '2,6-di-O-acetylcasearupestrin D', 'Rel-2α-hydroxyzuelanin-6β-benzoate', 'Sorbifolin 6-O-β-glucopyranoside', 'β-photogedunin', 'Chalepin', 'Fagaramide', 'Cognatine', 'arjunolic acid', '2β-Hydroxyzuelanin-6β-cinnamate', 'Ixoside', '24-methylenecycloartan-3b-ol', '(4R)-4,8-dihydroxy-α-tetralone', 'Leptophyllin A', 'Ricinine', 'citrusinine-I', '6α-malonyloxy-n-butyl ester manoyl oxide', 'urauchimycin A', 'Isoorientin', 'Cytochalasin D', '2-n-nonyl-4-quinolone', 'Caseobliquin A', '6α-acetoxy-14β,15β-epoxyazadirone', 'Casearupestrin C', 'Podocarpusflavone A', 'Maculosidine', 'Quercitrin, 3-O-α-rhamnosylquercetin', 'Gallic acid; 3,4,5-trihydroxybenzoic acid', '5-[8(Z),11(Z),14-pentadecatrienyl]resorcinol', 'fraxinellone', '2-Hexyl-3-methyl-butanodioic acid', 'Methyl 6,7,8-trimethoxydihydrocinnamate', 'Methyl-8-hydroxy-2,2-dimethylchroman-6-carboxylate', '6α-acetoxymanoyl oxide', '(R)-7-Hydroxymellein', 'neoisoastilbin', 'Proanthocyanidin', 'Dibenzyl disulphide', '2-methyl-5-[8(Z),11(Z)-pentadecadienyl]resorcinol', 'Dipropyl disulphide', 'Nitensidine C', 'Kaempferitrin', '12′-hydroxy-7′-multijuguinone', 'epoxy-fraxinellone', '5-pentadecylresorcinol', '19,20-Epoxycytochalasin D', '2-methyl-5-[8(Z),11(Z),14-pentadecatrienyl]resorcinol', '1,6-di-O-caffeoyl-β-D-glucopyranoside', 'Benzylhydroxymethyl sulphide', '6α-malonyloxymanoyl oxide', '1-[3-(3,7-dimethylocta-2,6-dien-1-yl)-2,4,6- trihydroxyphenyl]-3-(4-hydroxyphenyl)propan-1-one', 'Netzahualcoyonol', '(-)-Epigallocatechin', 'p-Coumaric acid', ""2',5-dihydroxy-3-methoxy-8-dimethylallyl-6, 7-(2' ',2''-dimethylpyrano)-dihydroflavonol"", 'Dibenzyl tetrasulphide', '3β-O-[α-L-rhamnopyranosyl-(1→2)-O-β-D-glucopyranosyl-(1→2)-O-β-D-glucopyranosyl]-28-O-β-D-glucopyranoside pomolate', 'Kaempferol 3-O-α-L-rhamnopyranosyl (1→6)-O-[β -D-glucopyranosyl (1→3)-O-α-L-rhamnopyranosyl-(1→2)]-O-β -D-glucopyranosyl', 'fumiquinozoline F', 'Casearupestrin A', '6-[ 8(Z),11(Z) -pentadecadienyl] salicylic acid', '19,20-Epoxycytochalasin C', 'Uracil', 'toonacilin', 'Casearupestrin B', '3-Oxoursolic acid', 'Arboreumine', 'Heveaflavone', 'Quercetin 3-O-α-L-rhamnopyranosyl (1→6)-O-[β -D-glucopyranosyl (1→3)-O-α-L-rhamnopyranosyl-(1→2)]-O-β -D-glucopyranosyl', '2-butyl-D-fructofuranoside', 'p-hydroxybenzoic acid-geranyl ester', 'Skimmianine', 'Piperol B', '1-O-(E)-caffeoyl-β-D-glucopyranoside', '2,4,6-trimethoxybenzoic acid', 'Alkenoic acid', '3-Acetyl aleuritolic acid', '20-hydroxyecdysone; polypodine A', 'Casearin X; (1R*,3S*,5S*,6aR*,7S*,8S*,10R*,10aR*)-1-(Acetyloxy)-3,5,6,6a,7,8,9,10-octahydro-10-hydroxy-7,8-dimethyl-7-[(2Z)-3-methylpenta-2,4-dien-1-yl]naphtho[1,8a-c]furan-3,5-diyl Dibutanoate', 'Photogedunin', '1,2-dihydro- 3β-hydroxy-7-deacetoxy-7-oxogedunin', '2,2-dimethyl-2H-chromene-6-carboxylic acid', 'Amentoflavone', ""Nitensoside B; Pedalitin 6-O-α-rhamnopyranosyl(1'''→6'')-β-glucopyranoside"", '(3R,4R)-4,7-Dihydroxymellein', '1-(5,7-dihydroxy-2,2-dimethylchroman- 6-yl)-3-[4-hydroxy-3-(3-methylbut-2-en-1-yl)- phenyl]propan-1-one', '11β-acetoxyobacunone', 'Casearin S', ""(2S)-8-Isopentyl-2-methyl-2-(4'-methylpentyl)chroman-6-carboxylic acid"", 'Phomopsilactone', 'Periconicin B', 'Orcinol', 'n-Pentyl gallate', 'Pedalitin', 'limonexic acid', ""Gaudichaudianic acid; (2S)-2-methyl-2-(4'methyl-3'-pentenyl)-8-(3''-methyl-2-butenyl)- 2H-1-benzopyran-6-carboxylic acid"", 'Piperovatine', 'Tetrahydropiperyline, N-[10-(13,14-methylenedioxyphenyl)-pentanoyl]-pyrrolidine', '6β-hydroxy-7-epigardoside methyl ester', 'Isopropyl gallate', ""3',4',5',5,7,8-hexamethoxyflavone"", 'n-Propyl gallate', 'polypodine B', 'Casearin X Dialdehyde; (2R*,4aS*,5S*,7R*,8R*,8aS*)-4,4a-Diformyl-1,2,4a,5,6,7,8,8a-octahydro-5-hydroxy-7,8-dimethyl-8-[(2Z)-3-methylpenta-2,4-dien-1-yl]naphthalen-2-yl Butanoate', 'ω-fenil alcanoic acid', 'Piperyline, N-[10-(13,14-methylenedioxyphenyl)-7(E),9(E)-pentadienoyl]-pyrrolidine', 'Casearin T', '(2S)-Methyl-2-methyl-8-(3""-methylbut-2""-enyl)-2-(4\'-methylpent-3\'-enyl)-2H-chromene-6-carboxylate', ""2-(R)-Methyl-6-(S)-(tetradecyl-13'-one)-3(R)-O-tert-butyldimethylsilyl-piperidine"", '6-[8(Z)-pentadecenyl]salicylic acid', 'α-L-xylopyranosyl-(4""→20)-(3-O-β-D-glucopyranosyl)-1\'-O-E-caffeoyl-β-D-glucopyranoside', 'Isoplumericin', ""2-(2'-O-benzoyl)-C-β-D-glucopyranosyl-1,3,6,7-tetrahydroxyxanthone"", 'Chaetoglobosin B', 'Casearupestrin D', 'amorphispironone', '24-methylene-3,22-dihydroxycholesterol', '(3R,4R)-3,4-Dihydro-4,6-dihydroxy-3-methyl-1-oxo-1H-isochromene-5-carboxylic acid', 'Quercetin 3-O-sophoroside', '3,11,12-Trihydroxycadalene', 'Rel-(+)-(7S,9R,10S)-3,9,12-trihydroxycalamenene', ""(2'S)-2-(propan-2'-ol)-5-hydroxy-benzopyran-4-one"", 'taxifolin', '2-oxo-piperol B; (7S*, 8R*, 1R*, 3R*)-3,4,5-trimethoxy-3,7-cyclo-8,1-neolig-8-ene-2,4(3H)-dione', '1-O-(E)-feruloyl-β-D-glucopyranoside', 'Odoratone', 'Di(benzyltrithio) methane', 'Muraxanthone', '19,20-Epoxycytochalasin R', '19,20-Epoxycytochalasin Q', 'Sinapic acid', 'Luteolin; 2-(3,4-dihydroxyphenyl)-5,7-dihydroxy-4H-chromen-4-one', '5-[8(Z)-pentadecenyl]resorcinol', 'Burchellin', '(2S)-2-methyl-8-(3""-methylbut-2""-enyl)-2-(4\'-methylpent-3\'-enyl)-2H-chromene-6-carboxylic acid', 'Casearin O; (1R*,3S*,5S*,6aR*,7R*,8R*,9S*,10S*,10aR*)-1,10-Bis(acetyloxy)-5-methoxy-7,8-dimethyl-7-[(2Z)-3-methylpenta-2,4-dien-1-yl]-3,5,6,6a,7,8,9,10-octahydronaphtho[1,8a-c]furan-3,9-diyl Dibutanoate', 'Netzahualcoyene', 'urauchimycin B', 'Maytenin, Tingenone', 'Dibenzyl trisulphide', 'N-1,N-2,N-3-Triisopentenylguanidine', 'Methyl (E)-6,7,8-trimethoxycinnamate', 'N-[10-(13,14-methylenedioxyphenyl)-7(E),9(Z)-pentadienoyl]-pyrrolidine', '3,4-dihydroxybenzoic acid geranyl ester', '2-Methyl-5-methoxy-benzopyran-4-one', 'N-[10- (13,14-methylenedioxyphenyl)-7(E)-pentaenoyl]-pyrrolidine', '2-Methyl-4-hydroxy-butyl caffeoate', '28-O-β-D-glucopyranosyl quinovic acid', ""5-[3''-(β-D-glucopyranosyloxy)propyl]-7-methoxy-2-(3',4'-methylenedioxyphenyl)benzofuran"", '(-)-Hardwickiic acid', 'Netzahualcoyondiol', '(-)-Spectalinine', '1-(5,7-dihydroxy-2,2-dimethylchroman-6-yl)-3-(1,1,4a-trimethyl-2,3,4,4a,9a-hexahydro-1H-xanthen-7-yl)propan-1-one', 'atalaphyllinine', '5-hydroxymethyl- 2-furancarboxaldehyde; 5-hydroxymethyl-2-furfuraldehyde', 'shidasterone', 'Rel-6β-hydroxyzuelanin-2β-benzoate', 'fraxinellonone', '3-O-β-D-quinovopyranosyl cincholic acid', 'Methyl gallate', '3,4,5-Triacetoxybenzoic acid', ""(2S)-Methyl-8-isopentyl-2-methyl-2-(4'-methylpentyl)chroman-6-carboxylate"", 'schaftoside', 'Cabraleadiol', 'Leiokinine A', 'Platydesmine', 'Casearin L; (1R*,3S*,5S*,6aR*,7R*,8R*,9S*,10S*,10aR*)-1,10-Bis(acetyloxy)-3,5,6,6a,7,8,9,10-octahydro-9-hydroxy-5-methoxy-7,8-dimethyl-7-[(2Z)-3-methylpenta-2,4-dien-1-yl]naphtho[1,8a-c]-furan-3-yl Butanoate', 'Caseargrewiin F; (1R*,3S*,5S*,6aR*,7S*,8R*,10R*,10aR*)-1,3-Bis(acetyloxy)-3,5,6,6a,7,8,9,10-octahydro-10-hydroxy-7,8-dimethyl-7-[(2Z)-3-methylpenta-2,4-dien-1-yl]naphtho[1,8a-c]furan-5-yl Butanoate', 'Pedalin, pedalitin 6-O-β -glucopyranoside', ""Nitensoside A; Sorbifolin 6-O-α-rhamnopyranosyl(1'''→6'')-β-glucopyranoside"", 'Sorbifolin', '6-[8(Z),11(Z),14-pentadecatrienyl]salicylic acid', '3,4,5-Trimethoxyphenyl-1-O-β-D-(5-O-syringoyl)-apiofuranosyl-(1→6)-β-D-glucopyranoside', 'Methyl-2,2-dimethylchroman-6-carboxylate', '(+)-3-O-feruloylcassine', 'Syringic acid', ""2-(2'-O-transcoumaroyl)-C-β-D-glucopyranosyl-1,3,6,7-tetrahydroxyxanthone"", '4-Nerolidilcatechol', 'Egonol', 'Afzelin, 3-O-α-rhamnosyl kaempferol', '22-hydroxytirucalla-7,24-diene-2,3-dione', 'Syringaldehyde', 'Lauryl gallate', 'Picramnioside F', 'Amentoflavone 7”,4”’-dimethyl ether', '5-[8(Z),11(Z)-pentadecadienyl]resorcinol', 'Plumericin', '(-) Cis-4-hydroxy-6-deoxyscytalone', 'Dibenzyl sulphide', 'Rel. (+)-(7S,10S) 3,12-dihydroxycalamenene', 'Casearin D; (1R*,3S*,5S*,6aR*,7R*,8R*,9S*,10S*,10aR*)-1-(Acetyloxy)-3,5,6,6a,7,8,9,10-octahydro-5,10-dihydroxy-7,8-dimethyl-7-[(2Z)-3-methylpenta-2,4-dien-1-yl]naphtho[1,8a-c]furan-3,9-diyl Dibutanoate', '(-)-Epigallocatechin-3-O-gallate', '(−)-Grandisin', 'Acetonide of odoratol', 'Cyclo-(L-Pro-L-Val)', '(±)-Syringaresinol', '8-methoxymellein', ""7-Hydroxy-4',6-dimethoxyisoflavone; Afrormosin; Afromosin"", 'Griseofulvin', '7′-multijuguinone', 'Isobutyl gallate', 'Gedunin', 'germacrene D', '20α-Hydroxymaytenin; 20-hydroxy-20-epi-tingenone', ""Myrsinoic acid A, 3-Geranyl-4-hydroxy-5-(3'',3''-dimethylallyl)benzoic acid"", 'des-N-methylnoracronycine', 'Ocotillone', ""2-(2'-O-trans-caffeoyl)-C-β-D-glucopyranosyl-1,3,6,7-tetrahydroxyxanthone"", 'Kokusaginine', ""2-(2'-O-trans-cinnamoyl)-C-β-D-glucopyranosyl-1,3,6,7-tetrahydroxyxanthone"", 'Quercetin', 'Di-hydrodehydrodiconiferyl alcohol', 'Canavaline', '1- (5,7-dihydroxy-2,2-dimethylchroman-6-yl)-3-(2,2-dimethylchroman- 6-yl)propan-1-one', '22β-hydroxypristimerin', ""5-(3'' -Hydroxypropyl)-7-methoxy-2-(3',4' -methyl-enedioxyphenyl)benzofuran"", 'Methyl angolensate', 'Ethyl 2,4-dihydroxy-5,6-dimethylbenzoate', 'stachysterone', 'Methyl-8-(ethanoyloxy)-2,2-dimethyl-2H-chromene-6-carboxylate', 'carlinoside', 'Homoegonol', ""Acteoside; [β-3,4-dihydroxyphenyl)-ethyl]-(3'-O-α-L-rhamnopyranosyl)-(4'-O-cafeoyl)-β-D-glycopyranoside, verbascoside"", ""N-[7-(3',4'-methylenedioxyphenyl)-2(Z),4(Z)-heptadienoyl]pyrrolidine"", '7-hydroxy-3- (11-dimethylallyl)-8-methoxycoumarin', '3,12-Dihydroxycadalene', ""5-[3''-(β-D-glucopyranosyloxy)propyl]-7-methoxy-2-(3',4'-dimethoxyphenyl)benzofuran"", 'n-Butyl gallate']]",doi_name
"['10.2174/187152010794728620', 'Ocotillone']","['10.2174/187152010794728620', ['guaiol', 'γ-eudesmol', 'Hinesol', 'α-eudesmol', '2,3-dihydro-4,9-dihydroxy-2-(2-hydroxy-propan-2-yl)- 11-methoxy-10-methylfuro[3,2-b]acridin-5(10H)-one', 'Citibrasine', 'bis-5-hydroxyacronycine', '11-O-trans-feruloylteucrein', 'Teucrein', 'Galioside aglicone', 'Galioside', 'Apodanthoside', 'Chlorogenic acid methyl ester, Methyl (1S,3R,4R,5R)-3-{[(2E)-3-(3,4-dihydroxyphenyl)-2-propenoyl]oxy}-1,4,5-trihydroxycyclohexanecarboxylate', '21β,25-dimethylmelianodiol', '21α,25-dimethylmelianodiol', '3,21-Di-epi-feroniellide B', '5-hydroxynoracronycine; Atalaphyllidine', '3,4-dihydro-3,5,8-trihydroxy-6-methoxy-2,2,7-trimethyl-2Hpyrano[ 2,3-a]acridin-12(7H)-one', 'Glycocitrine-IV', 'Citrusinine-II', '1,3,5-trihydroxy- 2,8-bis(3-methylbut-2-enyl)-10-methyl-9-acridone', 'Citrusinine-I', 'Pyranofoline', '1,3,5-trihydroxy-4-methoxy-10-methyl- 2,8-bis(3-methylbut-2-enyl)acridin-9(10H)-one', 'Glycocitrine-I', 'astilbin; Rel-(2R, 3R)-dihydroquercetin-3-O-±-L-rhamnoside', 'Beauvericin', 'Anhydrofusarubin', 'Stearic acid 4-pentoyloxyphenethyl ester', '(-)-3-O-acetyl-spectaline', 'cryptomeridiol', '3,11-dioxoolean-12-en-28- onic acid', 'Piscidinol A', 'Oleanonic acid', 'Pentaol', 'Iso-odoratol', 'Nilocetin', 'Hispidol A', ""Isoswertisin-4'-methyl-ether-2''α-L-rhamnoside"", 'Clusifoliol', 'Sesartemin', ""Isoswertisin-2''α1-L-rhamnoside"", '2-Episesalatin', 'Aphidicolin', '5,7-dimethoxy-2,2-dimethyl-2H-1-benzopyran-6-propanoate', ""3,4-dimethyl-2-(4'-hydroxy-3',5'-dimethoxyphenyl)-5-methoxy-tetrahydrofuran"", 'Taraxerol acetate', '2α,3α,19α- trihydroxyurs-12-en-28-oic acid', 'penduletin 4-O-methyl ether', '3,3-O-dimethylquercetin', 'Chrysoeriol', 'acacetin', '3-O-methylquercetin', 'p-hydroxybenzoic acid', '2α,3α-dihydroxyolean-12- en-28-oic acid', '3,7,4-O-trimethylkaempferol', ""Aduncumene; Methyl 2-methoxy-5-(3'-methyl-1'-oxo-2'-butenyl)benzoate"", ""Methyl taboganate; Methyl 4-hydroxy-3-(3'-methyl-1'-oxo-2'-butenyl)benzoate"", 'Methyl 2,2-dimethyl-1-oxo-2H-1-benzopyran-6-carboxylate', ""2',6'-Dihydroxy-4'-methoxydihydrochalcone"", ""Methyl 4-hydroxy-3-(3'-methyl-2'-butenyl)benzoate"", '3,4,5-Trimethoxydihydrocinnamic acid', ""Methyl 4-hydroxy-3-(3'-methyl-2'-hydroxy-3'-butenyl)benzoate"", 'Piperaduncine B', ""4-Hydroxy-(3',7'-dimethyl-1'-oxo-octa-2'-Z-6'-dienyl)benzoic acid"", ""4-Hydroxy-3-(3',7'-dimethylocta-2'-E-6'-dienyl)benzoic acid"", ""Hostmaniene; 4-Hydroxy-3-(2',3'-dihydroxy-3'-methylbutyl)benzoate"", 'Xanthyletin', 'Secoxyloganin', '7-Methoxydiderroside', 'Diderroside', ""6'-Acetyl-β-D-glucopyranosyldiderroside"", '(+)-11α-Hydroxyerythravine', '(+)-Erythravine', '(+)-α-Hydroxyerysotrine', 'Strictosidine acid', 'Turbinatine', '3,4-dehydrostrictosidine acid', 'Harman-3-carboxylic acid', '3,4-dehydro-strictosidine', 'Cordifoline', '5α-carboxystrictosidine', 'Deoxycordifoline', ""2-(3',4'-methylenedioxyphenylethyl)-Quinoline"", '2-n-Propylquinoline', ""2-(1'-pentenyl)-Quinoline"", '2-n-Pentylquinoline', '4-metoxi-6-[2-(metilamino)fenil]- 2H-piran-2-ona', 'Methyl (3R,4R,5R)-3-{[(2Z)-3-(3,4-dihydroxyphenyl)-2-propenoyl]oxy}-1,4,5-trihydroxycyclohexanecarboxylate', 'Methyl (3R,4R,5R)-3-{[(2E)-3-(3,4-dihydroxyphenyl)-2-propenoyl]oxy}-1,4,5-trihydroxycyclohexanecarboxylate', ""2'-hydroxy-3,4,4'-trimethoxy-5',6'-(2'',2''-dimethylpyrano)-chalcone"", ""3',4'-methylenedioxy-5,6,7- trimethoxyflavone"", ""3',4'-methylenedioxy-5,5',6,7-tetramethoxyflavone"", ""3',4'-methylenedioxy-5,7-dimethoxyflavone"", '9-hydroxyeugenin', 'Mycoleptone A', 'Austdiol', 'Mycoleptone A tetraacetate', 'Mycoleptone B', 'Austdiol diacetate', '6-methoxyeugenin', 'Eugenitin', 'Nitensidine D', 'Nitensidine E', 'cyclo (L)-Pro-Gly', 'Pimara-7,15-dien-3β-ol', 'Ergosterol peroxide', '8-hydroxy-6-methoxy-3-methylisocoumarin', '(22E,24R)-ergosta-4,6,8(14),22-tetraen-3-one', 'Dimethyl terephthalate', ""4-Hydroxy-3-(3',7'-dimethyl-3'-hydroxy-1'-oxo-6'-octenyl)benzoic acid"", ""Sakuranetin; 5,4'-dihydroxy-7-methoxyflavanone"", ""1,4-Dihydroxy-2-(3',7'-dimethyl-1'-oxo-2'-E-6'-octadienyl)benzene"", ""4-Hydroxy-(3',7'-dimethyl-1'-oxo-octa-2'-E-6'-dienyl)benzoic acid"", ""Isosakuranetin; 5,7-dihydroxy-4'-methoxyflavanone"", ""4-Methoxy-3-(3',7'-dimethylocta-2'-E-6'-dienyl)benzoic acid"", ""3-(3',7 '-dimethyl-2',6 '-octadienyl)-4-methoxy-benzoic acid"", 'Methyl-8-hydroxy-2,2-dimethyl-2H-chromene-6-carboxylate', 'Methacrylic acid', 'Nectandrin B', 'Verrucosin', 'Epi-guaiacin', '7-Methyl-sargachromenol; 2,7,8-Trimethyl-2-[(3-E,7-Z)-4,12-dimethyl-8-carboxyl-3,7,11-tridecatrienyl]-3-chromen-6-ol, β-caroteno', 'α-Gardiol', 'β-Gardiol', 'Ferulic acid', 'Isopimpinellin', '1-methoxy-3-hydroxy-3,10b-4,5a-diepoxy-8b-isobutyroyloxygermacr-11(13)-en-6a,12-olide', 'Tagitinin C', '5,7-dimethoxy-2,2-dimethyl-2H-1-benzopyran-6-propanoic acid', ""Rel-(7R,8S,7'S,8'S)-4-hydroxy-4',5'-methylenedioxy-3,5,3'-trimethoxy-7,7'-epoxylignan"", ""Rel-(7R,8S,7'S,8'S)-4',5'-methylenedioxy-3,4,5,3'-tetramethoxy-7,7'-epoxylignan"", ""Rel-(7R,8S,7'S,8'S)-4,5,4',5'-dimethylenedioxy-3,3'-dimethoxy-7,7'-epoxylignan"", ""Rel-(7R,8S,7'S,8'S)-9-hydroxy-4',5'-methylenedioxy-3,4,5,3'-tetramethoxy-7,7'-epoxylignan"", ""Rel-(7R,8S,7'S,8'S)-4'-hydroxy-3,4,5,3',5'-pentamethoxy-7,7'-epoxylignan"", 'β-caryophyllene, trans-caryophyllene', ""3,5,6,7,3',4',5'-heptamethoxyflavonol"", ""3',4',5',3,5,7,8-heptamethoxyflavone"", '(+)-Guaiacin', 'Sargachromenol', ""7,4'-Dihydroxyflavone"", '21´-(3,4-Methylenedioxyphenyl)-henicosanoic acid', 'Sargaquinoic acid', ""7,4'-Dimethoxyflavone"", '17-(3,4-Methylenedioxyphenyl)-heptadecanoic acid', '19´-(3,4-Methylenedioxyphenyl)-nonadecanoic acid', 'Farnisine', 'Tithonine', ""Juruenolic acid; 2-(4'-Methylpentenyl-3)-10-oxoundecan-2,6-dienoic acid"", 'Fasciculiferin', 'Kaempferol-3-O-α-L-rhamnopyranosyl-(1→6)-β-D-galactopyranoside', 'Kaempferol-3-O-rutinoside', 'Catechin, Ent-catechin', 'Procyanidin B-3', '6-Hydroxy-rutin', 'Kaempferol-3-O-α-L-rhamnopyranosyl-(1-6)-α-L-rhamnopyranosyl-(1-4)-β-D-glucopyranoside', 'Kaempferol-3-O-D-glucopyranoside', 'Kaempferol-3-O-D-galactopyranoside', 'Quercetin-3-O-α-L-rhamnopyranosyl-(1→6)-β-D-galactopyranoside', ""N-[3-(6'-methoxy-3',4'-methy-lenedioxyphenyl)-2(Z)-propenoyl]pyrrolidine"", 'Piperine', '4,5-dihydropiperlonguminine; Piperlonguminine', '(Z)-piplartine; 8(Z)-N-(12,13, 14-trimethoxycinnamoyl)- 3-pyridin-2-one', '8,9-dihydropiplartine; N-(12,13,14-trimethoxydihydrocinnamoyl)-Δ3-pyridin-2-one', '4,5-dihydropiperyline', '(E)-piplartine', '10,11-dihydropiperine; Δα,β-dihydropiperine', '(3Z,5Z)-N-isobutyl-8-(30,40-methylenedioxy-phenyl)-heptadienamide', 'Pellitorine', 'Cuspanine; 1-hydroxy-2,3,5,6-tetramethoxy-9-acridone', 'Cusculine; 1,2,3,5,6-pentamethoxy-9-acridone', '2α,3α-Dihydroxy-urs-12-en-28-oic acid', 'Oleanolic acid 3-sophoroside', '3-O-β-D-(6’-methyl)-glucopyranosyl-28-O-β-D-glucopyranosyl-oleanate', 'Haplotusine', 'β-Sitosterol benzoate', '5-hydroxyflavone', '2-phenyl-4H-chromen-4-one', 'Sinapyl 4-O-β-D-glucopyranoside aldehyde', 'Sinapyl 4-O-β-D-glucopyranoside alcohol', 'Liriodenine', 'N-acetylnonaine', '[10]-gingerol', ""2,4-Dihydroxy-6-[(1'E,3'E)-penta-1', 3'-dienyl]-benzaldehyde"", '2-methyl-5-[8(Z)-pentadecenyl]resorcinol', '3β-hydroxy-stigmast-5-en-7-one; 24-β-7-oxositosterol', 'scillascillin', 'Piperol B', '(-)-Hardwickiic acid', ""5-[3''-(β-D-glucopyranosyloxy)propyl]-7-methoxy-2-(3',4'-methylenedioxyphenyl)benzofuran"", '28-O-β-D-glucopyranosyl quinovic acid', '2-Methyl-4-hydroxy-butyl caffeoate', 'N-1,N-2,N-3-Triisopentenylguanidine', 'Dibenzyl trisulphide', 'Maytenin, Tingenone', 'urauchimycin B', ""2-(2'-O-trans-caffeoyl)-C-β-D-glucopyranosyl-1,3,6,7-tetrahydroxyxanthone"", 'Netzahualcoyene', 'Nitensidine A', ""8-hydroxy-3,5,7,3',4',5'-hexamethoxyflavonol"", 'Odoratol', 'Leptomerine', '5-hydroxy-N-methylseverifoline', '19,20-Epoxycytochalasin N', 'ellagic acid 4-O-α-L-rhamnopyranoside; eschweilenol C', 'Mayoside C', 'Ourateacatechin', ""3',4',5',5,7-pentamethoxyflavone"", '2-methyl-5-pentadecylresorcinol', '(−)-Grandisin', '24-methylenecycloartan-3b-ol', 'Ixoside', '2β-Hydroxyzuelanin-6β-cinnamate', 'Cognatine', '5-[8(Z),11(Z)-pentadecadienyl]resorcinol', '(-)-Spectalinine', '1- (5,7-dihydroxy-2,2-dimethylchroman-6-yl)-3-(2,2-dimethylchroman- 6-yl)propan-1-one', 'Canavaline', 'Di-hydrodehydrodiconiferyl alcohol', 'Quercetin', ""2-(2'-O-trans-cinnamoyl)-C-β-D-glucopyranosyl-1,3,6,7-tetrahydroxyxanthone"", 'Kokusaginine', 'Ocotillone', 'des-N-methylnoracronycine', 'Sorbifolin 6-O-β-glucopyranoside', 'Rel-2α-hydroxyzuelanin-6β-benzoate', '2,6-di-O-acetylcasearupestrin D', ""Methyl-2,2-dimethyl-8-(3'-methylbut-2'-enyl)chroman-6-carboxylate"", '2,7-Di-O-acetylcasearupestrin A', 'Nitensidine B', '19,20-Epoxycytochalasin D', 'fumiquinozoline F', 'Kaempferol 3-O-α-L-rhamnopyranosyl (1→6)-O-[β -D-glucopyranosyl (1→3)-O-α-L-rhamnopyranosyl-(1→2)]-O-β -D-glucopyranosyl', '3β-O-[α-L-rhamnopyranosyl-(1→2)-O-β-D-glucopyranosyl-(1→2)-O-β-D-glucopyranosyl]-28-O-β-D-glucopyranoside pomolate', 'Dibenzyl tetrasulphide', '1-methyl-2-n-nonyl-4-quinolone', '5-[8(Z),11(Z),14-pentadecatrienyl]resorcinol', 'Gallic acid; 3,4,5-trihydroxybenzoic acid', 'Homoegonol', '[8]-gingerol', '4-Hydroxymellein', '5-hydroxymellein', 'fraxinellonone', 'Dibenzyl sulphide', '(-) Cis-4-hydroxy-6-deoxyscytalone', 'Plumericin', '(-)-Epigallocatechin', 'Netzahualcoyonol', '1-[3-(3,7-dimethylocta-2,6-dien-1-yl)-2,4,6- trihydroxyphenyl]-3-(4-hydroxyphenyl)propan-1-one', '6α-malonyloxymanoyl oxide', 'Benzylhydroxymethyl sulphide', '1,6-di-O-caffeoyl-β-D-glucopyranoside', '2-methyl-5-[8(Z),11(Z),14-pentadecatrienyl]resorcinol', 'Netzahualcoyondiol', 'Maculosidine', 'Podocarpusflavone A', 'Casearupestrin C', '6α-malonyloxy-n-butyl ester manoyl oxide', 'citrusinine-I', 'Ricinine', 'Leptophyllin A', '5-pentadecylresorcinol', '3,4,5-trimethoxyphenyl 1-O-β-D-apiofuranosyl-(1→6)-O-β-D-glucopyranoside', 'β-photogedunin', 'n-Butyl gallate', ""5-[3''-(β-D-glucopyranosyloxy)propyl]-7-methoxy-2-(3',4'-dimethoxyphenyl)benzofuran"", '3,12-Dihydroxycadalene', '7-hydroxy-3- (11-dimethylallyl)-8-methoxycoumarin', ""N-[7-(3',4'-methylenedioxyphenyl)-2(Z),4(Z)-heptadienoyl]pyrrolidine"", ""Acteoside; [β-3,4-dihydroxyphenyl)-ethyl]-(3'-O-α-L-rhamnopyranosyl)-(4'-O-cafeoyl)-β-D-glycopyranoside, verbascoside"", '20-hydroxyecdysone; polypodine A', '3-Acetyl aleuritolic acid', ""2',5-dihydroxy-3-methoxy-8-dimethylallyl-6, 7-(2' ',2''-dimethylpyrano)-dihydroflavonol"", '2-n-nonyl-4-quinolone', 'Cytochalasin D', 'Isoorientin', 'urauchimycin A', 'p-Coumaric acid', '22β-hydroxypristimerin', 'Alkenoic acid', 'Quercetin 3-O-α-L-rhamnopyranosyl (1→6)-O-[β -D-glucopyranosyl (1→3)-O-α-L-rhamnopyranosyl-(1→2)]-O-β -D-glucopyranosyl', 'Heveaflavone', 'Arboreumine', '3-Oxoursolic acid', 'Casearupestrin B', 'toonacilin', 'Uracil', '1-O-(E)-feruloyl-β-D-glucopyranoside', '19,20-Epoxycytochalasin C', 'n-Pentyl gallate', 'Orcinol', 'Periconicin B', 'Phomopsilactone', 'Pristimerin; 20α-3-hydroxy-2-oxo-24-nor-friedela-1-10,3,5,7-tetraen-carboxylic acid-29-methylester', 'limonexic acid', 'Pedalitin', 'Casearin X Dialdehyde; (2R*,4aS*,5S*,7R*,8R*,8aS*)-4,4a-Diformyl-1,2,4a,5,6,7,8,8a-octahydro-5-hydroxy-7,8-dimethyl-8-[(2Z)-3-methylpenta-2,4-dien-1-yl]naphthalen-2-yl Butanoate', 'polypodine B', 'n-Propyl gallate', ""3',4',5',5,7,8-hexamethoxyflavone"", 'Isopropyl gallate', '6β-hydroxy-7-epigardoside methyl ester', 'Tetrahydropiperyline, N-[10-(13,14-methylenedioxyphenyl)-pentanoyl]-pyrrolidine', 'Piperovatine', '2,4,6-trimethoxybenzoic acid', '1-O-(E)-caffeoyl-β-D-glucopyranoside', 'Quercitrin, 3-O-α-rhamnosylquercetin', 'Caseobliquin A', 'Methyl angolensate', ""5-(3'' -Hydroxypropyl)-7-methoxy-2-(3',4' -methyl-enedioxyphenyl)benzofuran"", 'Di(benzyltrithio) methane', '3,11,12-Trihydroxycadalene', 'Quercetin 3-O-sophoroside', '(3R,4R)-3,4-Dihydro-4,6-dihydroxy-3-methyl-1-oxo-1H-isochromene-5-carboxylic acid', ""(2S)-8-Isopentyl-2-methyl-2-(4'-methylpentyl)chroman-6-carboxylic acid"", '2,2-dimethyl-2H-chromene-6-carboxylic acid', '1,2-dihydro- 3β-hydroxy-7-deacetoxy-7-oxogedunin', 'Photogedunin', 'Casearin X; (1R*,3S*,5S*,6aR*,7S*,8S*,10R*,10aR*)-1-(Acetyloxy)-3,5,6,6a,7,8,9,10-octahydro-10-hydroxy-7,8-dimethyl-7-[(2Z)-3-methylpenta-2,4-dien-1-yl]naphtho[1,8a-c]furan-3,5-diyl Dibutanoate', ""2-(R)-Methyl-6-(S)-(tetradecyl-13'-one)-3(R)-O-tert-butyldimethylsilyl-piperidine"", '(2S)-Methyl-2-methyl-8-(3""-methylbut-2""-enyl)-2-(4\'-methylpent-3\'-enyl)-2H-chromene-6-carboxylate', 'Casearin T', 'Piperyline, N-[10-(13,14-methylenedioxyphenyl)-7(E),9(E)-pentadienoyl]-pyrrolidine', 'ω-fenil alcanoic acid', '2-butyl-D-fructofuranoside', ""Gaudichaudianic acid; (2S)-2-methyl-2-(4'methyl-3'-pentenyl)-8-(3''-methyl-2-butenyl)- 2H-1-benzopyran-6-carboxylic acid"", 'Kaempferitrin', 'Nitensidine C', 'Dipropyl disulphide', '2-methyl-5-[8(Z),11(Z)-pentadecadienyl]resorcinol', 'Methyl 6,7,8-trimethoxydihydrocinnamate', '2-Hexyl-3-methyl-butanodioic acid', 'fraxinellone', 'Skimmianine', 'p-hydroxybenzoic acid-geranyl ester', 'Dibenzyl disulphide', 'Proanthocyanidin', 'neoisoastilbin', '(R)-7-Hydroxymellein', '6α-acetoxymanoyl oxide', 'Methyl-8-hydroxy-2,2-dimethylchroman-6-carboxylate', '6α-acetoxy-14β,15β-epoxyazadirone', '19,20-Epoxycytochalasin R', 'Muraxanthone', 'Odoratone', 'Rel-6β-hydroxyzuelanin-2β-benzoate', 'shidasterone', '5-hydroxymethyl- 2-furancarboxaldehyde; 5-hydroxymethyl-2-furfuraldehyde', 'atalaphyllinine', '24-methylene-3,22-dihydroxycholesterol', 'amorphispironone', 'Casearupestrin D', 'Chaetoglobosin B', ""2-(2'-O-benzoyl)-C-β-D-glucopyranosyl-1,3,6,7-tetrahydroxyxanthone"", 'Isoplumericin', 'α-L-xylopyranosyl-(4""→20)-(3-O-β-D-glucopyranosyl)-1\'-O-E-caffeoyl-β-D-glucopyranoside', 'epoxy-fraxinellone', '12′-hydroxy-7′-multijuguinone', 'Caseargrewiin F; (1R*,3S*,5S*,6aR*,7S*,8R*,10R*,10aR*)-1,3-Bis(acetyloxy)-3,5,6,6a,7,8,9,10-octahydro-10-hydroxy-7,8-dimethyl-7-[(2Z)-3-methylpenta-2,4-dien-1-yl]naphtho[1,8a-c]furan-5-yl Butanoate', 'Casearin L; (1R*,3S*,5S*,6aR*,7R*,8R*,9S*,10S*,10aR*)-1,10-Bis(acetyloxy)-3,5,6,6a,7,8,9,10-octahydro-9-hydroxy-5-methoxy-7,8-dimethyl-7-[(2Z)-3-methylpenta-2,4-dien-1-yl]naphtho[1,8a-c]-furan-3-yl Butanoate', 'Platydesmine', 'Leiokinine A', 'Cabraleadiol', 'schaftoside', ""(2S)-Methyl-8-isopentyl-2-methyl-2-(4'-methylpentyl)chroman-6-carboxylate"", '3,4,5-Triacetoxybenzoic acid', '6-[ 8(Z),11(Z) -pentadecadienyl] salicylic acid', '6-[8(Z)-pentadecenyl]salicylic acid', '(2S)-2-methyl-8-(3""-methylbut-2""-enyl)-2-(4\'-methylpent-3\'-enyl)-2H-chromene-6-carboxylic acid', 'Burchellin', '5-[8(Z)-pentadecenyl]resorcinol', 'Luteolin; 2-(3,4-dihydroxyphenyl)-5,7-dihydroxy-4H-chromen-4-one', 'Sinapic acid', '19,20-Epoxycytochalasin Q', 'Casearin S', '11β-acetoxyobacunone', '1-(5,7-dihydroxy-2,2-dimethylchroman- 6-yl)-3-[4-hydroxy-3-(3-methylbut-2-en-1-yl)- phenyl]propan-1-one', '(3R,4R)-4,7-Dihydroxymellein', ""Nitensoside B; Pedalitin 6-O-α-rhamnopyranosyl(1'''→6'')-β-glucopyranoside"", 'Amentoflavone', 'Methyl gallate', '3-O-β-D-quinovopyranosyl cincholic acid', 'Afzelin, 3-O-α-rhamnosyl kaempferol', 'Egonol', 'N-[10- (13,14-methylenedioxyphenyl)-7(E)-pentaenoyl]-pyrrolidine', '2-Methyl-5-methoxy-benzopyran-4-one', '3,4-dihydroxybenzoic acid geranyl ester', 'N-[10-(13,14-methylenedioxyphenyl)-7(E),9(Z)-pentadienoyl]-pyrrolidine', 'Gedunin', 'Pedalin, pedalitin 6-O-β -glucopyranoside', 'Syringic acid', '(+)-3-O-feruloylcassine', '1-(5,7-dihydroxy-2,2-dimethylchroman-6-yl)-3-(1,1,4a-trimethyl-2,3,4,4a,9a-hexahydro-1H-xanthen-7-yl)propan-1-one', 'Methyl (E)-6,7,8-trimethoxycinnamate', '3,4,5-Trimethoxyphenyl-1-O-β-D-(5-O-syringoyl)-apiofuranosyl-(1→6)-β-D-glucopyranoside', '6-[8(Z),11(Z),14-pentadecatrienyl]salicylic acid', 'Sorbifolin', ""Nitensoside A; Sorbifolin 6-O-α-rhamnopyranosyl(1'''→6'')-β-glucopyranoside"", 'Casearin O; (1R*,3S*,5S*,6aR*,7R*,8R*,9S*,10S*,10aR*)-1,10-Bis(acetyloxy)-5-methoxy-7,8-dimethyl-7-[(2Z)-3-methylpenta-2,4-dien-1-yl]-3,5,6,6a,7,8,9,10-octahydronaphtho[1,8a-c]furan-3,9-diyl Dibutanoate', 'germacrene D', '6-pentadecylsalicylic acid', 'Casearupestrin A', '2-oxo-piperol B; (7S*, 8R*, 1R*, 3R*)-3,4,5-trimethoxy-3,7-cyclo-8,1-neolig-8-ene-2,4(3H)-dione', 'taxifolin', ""(2'S)-2-(propan-2'-ol)-5-hydroxy-benzopyran-4-one"", 'Rel-(+)-(7S,9R,10S)-3,9,12-trihydroxycalamenene', ""Myrsinoic acid A, 3-Geranyl-4-hydroxy-5-(3'',3''-dimethylallyl)benzoic acid"", '20α-Hydroxymaytenin; 20-hydroxy-20-epi-tingenone', '(-)-Epigallocatechin-3-O-gallate', 'Casearin D; (1R*,3S*,5S*,6aR*,7R*,8R*,9S*,10S*,10aR*)-1-(Acetyloxy)-3,5,6,6a,7,8,9,10-octahydro-5,10-dihydroxy-7,8-dimethyl-7-[(2Z)-3-methylpenta-2,4-dien-1-yl]naphtho[1,8a-c]furan-3,9-diyl Dibutanoate', 'Rel. (+)-(7S,10S) 3,12-dihydroxycalamenene', 'carlinoside', 'Methyl-8-(ethanoyloxy)-2,2-dimethyl-2H-chromene-6-carboxylate', 'arjunolic acid', 'stachysterone', 'Ethyl 2,4-dihydroxy-5,6-dimethylbenzoate', 'Amentoflavone 7”,4”’-dimethyl ether', 'Picramnioside F', 'Lauryl gallate', 'Syringaldehyde', '4-Nerolidilcatechol', ""2-(2'-O-transcoumaroyl)-C-β-D-glucopyranosyl-1,3,6,7-tetrahydroxyxanthone"", '22-hydroxytirucalla-7,24-diene-2,3-dione', 'Trans-3’-methylsulphonylallyl trans-cinnamate', '(3-(2-(4-hydroxyphenyl)-2-oxoethyl)-5,6-dihydropyridin- 2(1H)-one)', 'Mangiferin', 'Salacin', 'Viburgenin', ""Pterogynoside; Kaempferol-3-O-(3''-O-4'''-methylgallate-α-L-rhamnoside)"", 'Isobutyl gallate', '7′-multijuguinone', 'Griseofulvin', ""7-Hydroxy-4',6-dimethoxyisoflavone; Afrormosin; Afromosin"", '8-methoxymellein', '(±)-Syringaresinol', 'Cyclo-(L-Pro-L-Val)', 'Acetonide of odoratol', 'Methyl-2,2-dimethylchroman-6-carboxylate', 'Fagaramide', 'Chalepin', 'Chlorogenic acid', '(4R)-4,8-dihydroxy-α-tetralone', 'Kaempferol', '3-O-β-D-quinovopyranosyl quinovic acid', '2-hydroxyphenylacetic acid']]",doi_name
"['10.3390/molecules15129205', 'Leiokinine A']","['10.3390/molecules15129205', ['guaiol', 'Hinesol', 'γ-eudesmol', 'α-eudesmol', 'Galioside aglicone', 'Teucrein', '11-O-trans-feruloylteucrein', 'Galioside', 'Apodanthoside', ""2-(1'-pentenyl)-Quinoline"", ""2-(3',4'-methylenedioxyphenylethyl)-Quinoline"", '2-n-Propylquinoline', '2-n-Pentylquinoline', 'Taraxerol acetate', 'Tagitinin C', '1-methoxy-3-hydroxy-3,10b-4,5a-diepoxy-8b-isobutyroyloxygermacr-11(13)-en-6a,12-olide', '4-metoxi-6-[2-(metilamino)fenil]- 2H-piran-2-ona', 'Kaempferol-3-O-D-glucopyranoside', 'Kaempferol-3-O-D-galactopyranoside', 'Procyanidin B-3', '6-Hydroxy-rutin', 'Quercetin-3-O-α-L-rhamnopyranosyl-(1→6)-β-D-galactopyranoside', 'Kaempferol-3-O-rutinoside', 'Kaempferol-3-O-α-L-rhamnopyranosyl-(1→6)-β-D-galactopyranoside', 'Kaempferol-3-O-α-L-rhamnopyranosyl-(1-6)-α-L-rhamnopyranosyl-(1-4)-β-D-glucopyranoside', 'Catechin, Ent-catechin', '9-hydroxyeugenin', 'Mycoleptone A', 'Austdiol diacetate', 'Austdiol', '6-methoxyeugenin', 'Eugenitin', 'Mycoleptone A tetraacetate', 'Mycoleptone B', ""3,4-dimethyl-2-(4'-hydroxy-3',5'-dimethoxyphenyl)-5-methoxy-tetrahydrofuran"", 'Nitensidine D', 'Nitensidine E', '5,7-dimethoxy-2,2-dimethyl-2H-1-benzopyran-6-propanoate', 'Xanthyletin', ""3',4',5',3,5,7,8-heptamethoxyflavone"", ""3,5,6,7,3',4',5'-heptamethoxyflavonol"", '(+)-Erythravine', '(+)-α-Hydroxyerysotrine', '(+)-11α-Hydroxyerythravine', 'Chlorogenic acid methyl ester, Methyl (1S,3R,4R,5R)-3-{[(2E)-3-(3,4-dihydroxyphenyl)-2-propenoyl]oxy}-1,4,5-trihydroxycyclohexanecarboxylate', '7-Methoxydiderroside', ""6'-Acetyl-β-D-glucopyranosyldiderroside"", 'Diderroside', 'Secoxyloganin', 'Nectandrin B', 'Epi-guaiacin', 'Verrucosin', '7-Methyl-sargachromenol; 2,7,8-Trimethyl-2-[(3-E,7-Z)-4,12-dimethyl-8-carboxyl-3,7,11-tridecatrienyl]-3-chromen-6-ol, β-caroteno', 'Aphidicolin', ""3',4'-methylenedioxy-5,6,7- trimethoxyflavone"", ""2'-hydroxy-3,4,4'-trimethoxy-5',6'-(2'',2''-dimethylpyrano)-chalcone"", ""3',4'-methylenedioxy-5,5',6,7-tetramethoxyflavone"", ""3',4'-methylenedioxy-5,7-dimethoxyflavone"", '21α,25-dimethylmelianodiol', '21β,25-dimethylmelianodiol', '3,21-Di-epi-feroniellide B', 'Clusifoliol', ""Isoswertisin-4'-methyl-ether-2''α-L-rhamnoside"", '2-Episesalatin', ""Isoswertisin-2''α1-L-rhamnoside"", 'Sesartemin', 'Isopimpinellin', 'Beauvericin', 'Anhydrofusarubin', 'astilbin; Rel-(2R, 3R)-dihydroquercetin-3-O-±-L-rhamnoside', 'β-Gardiol', 'α-Gardiol', 'Ferulic acid', '(-)-3-O-acetyl-spectaline', 'Cordifoline', 'Strictosidine acid', 'Turbinatine', '3,4-dehydrostrictosidine acid', '3,4-dehydro-strictosidine', '5α-carboxystrictosidine', 'Harman-3-carboxylic acid', 'Deoxycordifoline', ""Rel-(7R,8S,7'S,8'S)-4,5,4',5'-dimethylenedioxy-3,3'-dimethoxy-7,7'-epoxylignan"", ""Rel-(7R,8S,7'S,8'S)-4'-hydroxy-3,4,5,3',5'-pentamethoxy-7,7'-epoxylignan"", ""Rel-(7R,8S,7'S,8'S)-9-hydroxy-4',5'-methylenedioxy-3,4,5,3'-tetramethoxy-7,7'-epoxylignan"", ""Rel-(7R,8S,7'S,8'S)-4-hydroxy-4',5'-methylenedioxy-3,5,3'-trimethoxy-7,7'-epoxylignan"", ""Rel-(7R,8S,7'S,8'S)-4',5'-methylenedioxy-3,4,5,3'-tetramethoxy-7,7'-epoxylignan"", '17-(3,4-Methylenedioxyphenyl)-heptadecanoic acid', 'Farnisine', '(+)-Guaiacin', ""7,4'-Dimethoxyflavone"", 'Sargachromenol', ""7,4'-Dihydroxyflavone"", '19´-(3,4-Methylenedioxyphenyl)-nonadecanoic acid', 'Sargaquinoic acid', '21´-(3,4-Methylenedioxyphenyl)-henicosanoic acid', 'Fasciculiferin', ""Juruenolic acid; 2-(4'-Methylpentenyl-3)-10-oxoundecan-2,6-dienoic acid"", 'Tithonine', 'Methyl (3R,4R,5R)-3-{[(2E)-3-(3,4-dihydroxyphenyl)-2-propenoyl]oxy}-1,4,5-trihydroxycyclohexanecarboxylate', 'Methyl (3R,4R,5R)-3-{[(2Z)-3-(3,4-dihydroxyphenyl)-2-propenoyl]oxy}-1,4,5-trihydroxycyclohexanecarboxylate', 'cyclo (L)-Pro-Gly', ""4-Hydroxy-3-(3',7'-dimethyl-3'-hydroxy-1'-oxo-6'-octenyl)benzoic acid"", ""4-Hydroxy-(3',7'-dimethyl-1'-oxo-octa-2'-E-6'-dienyl)benzoic acid"", ""Isosakuranetin; 5,7-dihydroxy-4'-methoxyflavanone"", ""1,4-Dihydroxy-2-(3',7'-dimethyl-1'-oxo-2'-E-6'-octadienyl)benzene"", ""Sakuranetin; 5,4'-dihydroxy-7-methoxyflavanone"", '5,7-dimethoxy-2,2-dimethyl-2H-1-benzopyran-6-propanoic acid', '(3Z,5Z)-N-isobutyl-8-(30,40-methylenedioxy-phenyl)-heptadienamide', 'Pellitorine', '4,5-dihydropiperlonguminine; Piperlonguminine', ""N-[3-(6'-methoxy-3',4'-methy-lenedioxyphenyl)-2(Z)-propenoyl]pyrrolidine"", '(Z)-piplartine; 8(Z)-N-(12,13, 14-trimethoxycinnamoyl)- 3-pyridin-2-one', 'Piperine', '10,11-dihydropiperine; Δα,β-dihydropiperine', '4,5-dihydropiperyline', '(E)-piplartine', '8,9-dihydropiplartine; N-(12,13,14-trimethoxydihydrocinnamoyl)-Δ3-pyridin-2-one', 'Methacrylic acid', 'p-hydroxybenzoic acid', 'penduletin 4-O-methyl ether', '2α,3α-dihydroxyolean-12- en-28-oic acid', '3-O-methylquercetin', '3,7,4-O-trimethylkaempferol', 'Chrysoeriol', 'acacetin', '2α,3α,19α- trihydroxyurs-12-en-28-oic acid', '3,3-O-dimethylquercetin', 'Stearic acid 4-pentoyloxyphenethyl ester', 'Dimethyl terephthalate', '8-hydroxy-6-methoxy-3-methylisocoumarin', 'Ergosterol peroxide', '(22E,24R)-ergosta-4,6,8(14),22-tetraen-3-one', 'Pimara-7,15-dien-3β-ol', 'bis-5-hydroxyacronycine', '2,3-dihydro-4,9-dihydroxy-2-(2-hydroxy-propan-2-yl)- 11-methoxy-10-methylfuro[3,2-b]acridin-5(10H)-one', 'Citibrasine', 'Piperaduncine B', ""Hostmaniene; 4-Hydroxy-3-(2',3'-dihydroxy-3'-methylbutyl)benzoate"", ""Methyl 4-hydroxy-3-(3'-methyl-2'-butenyl)benzoate"", 'Methyl 2,2-dimethyl-1-oxo-2H-1-benzopyran-6-carboxylate', ""4-Hydroxy-3-(3',7'-dimethylocta-2'-E-6'-dienyl)benzoic acid"", ""2',6'-Dihydroxy-4'-methoxydihydrochalcone"", ""Methyl taboganate; Methyl 4-hydroxy-3-(3'-methyl-1'-oxo-2'-butenyl)benzoate"", '3,4,5-Trimethoxydihydrocinnamic acid', ""Methyl 4-hydroxy-3-(3'-methyl-2'-hydroxy-3'-butenyl)benzoate"", ""4-Hydroxy-(3',7'-dimethyl-1'-oxo-octa-2'-Z-6'-dienyl)benzoic acid"", ""Aduncumene; Methyl 2-methoxy-5-(3'-methyl-1'-oxo-2'-butenyl)benzoate"", '1,3,5-trihydroxy-4-methoxy-10-methyl- 2,8-bis(3-methylbut-2-enyl)acridin-9(10H)-one', 'Pyranofoline', '1,3,5-trihydroxy- 2,8-bis(3-methylbut-2-enyl)-10-methyl-9-acridone', 'Citrusinine-I', '5-hydroxynoracronycine; Atalaphyllidine', 'Glycocitrine-I', 'Citrusinine-II', 'Glycocitrine-IV', '3,4-dihydro-3,5,8-trihydroxy-6-methoxy-2,2,7-trimethyl-2Hpyrano[ 2,3-a]acridin-12(7H)-one', ""4-Methoxy-3-(3',7'-dimethylocta-2'-E-6'-dienyl)benzoic acid"", 'Methyl-8-hydroxy-2,2-dimethyl-2H-chromene-6-carboxylate', ""3-(3',7 '-dimethyl-2',6 '-octadienyl)-4-methoxy-benzoic acid"", 'Piscidinol A', 'cryptomeridiol', 'Pentaol', '3,11-dioxoolean-12-en-28- onic acid', 'Iso-odoratol', 'Oleanonic acid', 'Nilocetin', 'Hispidol A', 'β-caryophyllene, trans-caryophyllene', 'Cusculine; 1,2,3,5,6-pentamethoxy-9-acridone', 'Cuspanine; 1-hydroxy-2,3,5,6-tetramethoxy-9-acridone', '2α,3α-Dihydroxy-urs-12-en-28-oic acid', '3-O-β-D-(6’-methyl)-glucopyranosyl-28-O-β-D-glucopyranosyl-oleanate', 'Oleanolic acid 3-sophoroside', 'Haplotusine', 'β-Sitosterol benzoate', '5-hydroxyflavone', '2-phenyl-4H-chromen-4-one', 'Sinapyl 4-O-β-D-glucopyranoside aldehyde', 'Sinapyl 4-O-β-D-glucopyranoside alcohol', 'Liriodenine', 'N-acetylnonaine', '[10]-gingerol', ""2,4-Dihydroxy-6-[(1'E,3'E)-penta-1', 3'-dienyl]-benzaldehyde"", '2-methyl-5-[8(Z)-pentadecenyl]resorcinol', 'Kaempferol', '2-hydroxyphenylacetic acid', '3-O-β-D-quinovopyranosyl quinovic acid', '(4R)-4,8-dihydroxy-α-tetralone', 'Gallic acid; 3,4,5-trihydroxybenzoic acid', 'Quercitrin, 3-O-α-rhamnosylquercetin', 'Caseobliquin A', 'Methyl angolensate', ""5-(3'' -Hydroxypropyl)-7-methoxy-2-(3',4' -methyl-enedioxyphenyl)benzofuran"", '22β-hydroxypristimerin', '1- (5,7-dihydroxy-2,2-dimethylchroman-6-yl)-3-(2,2-dimethylchroman- 6-yl)propan-1-one', 'Canavaline', 'Di-hydrodehydrodiconiferyl alcohol', '5-hydroxy-N-methylseverifoline', '19,20-Epoxycytochalasin N', 'ellagic acid 4-O-α-L-rhamnopyranoside; eschweilenol C', 'Mayoside C', 'Ourateacatechin', ""3',4',5',5,7-pentamethoxyflavone"", '2-methyl-5-pentadecylresorcinol', '3β-hydroxy-stigmast-5-en-7-one; 24-β-7-oxositosterol', 'Isobutyl gallate', '7′-multijuguinone', 'Griseofulvin', ""7-Hydroxy-4',6-dimethoxyisoflavone; Afrormosin; Afromosin"", '8-methoxymellein', '(±)-Syringaresinol', 'Cyclo-(L-Pro-L-Val)', 'Acetonide of odoratol', 'Nitensidine B', '1-methyl-2-n-nonyl-4-quinolone', '5-[8(Z),11(Z),14-pentadecatrienyl]resorcinol', 'Kokusaginine', ""2-(2'-O-trans-caffeoyl)-C-β-D-glucopyranosyl-1,3,6,7-tetrahydroxyxanthone"", 'Netzahualcoyene', 'Casearin X Dialdehyde; (2R*,4aS*,5S*,7R*,8R*,8aS*)-4,4a-Diformyl-1,2,4a,5,6,7,8,8a-octahydro-5-hydroxy-7,8-dimethyl-8-[(2Z)-3-methylpenta-2,4-dien-1-yl]naphthalen-2-yl Butanoate', 'polypodine B', 'n-Propyl gallate', ""3',4',5',5,7,8-hexamethoxyflavone"", 'Isopropyl gallate', 'scillascillin', 'Nitensidine A', ""8-hydroxy-3,5,7,3',4',5'-hexamethoxyflavonol"", 'Odoratol', 'Leptomerine', '1-O-(E)-caffeoyl-β-D-glucopyranoside', 'Maculosidine', 'Podocarpusflavone A', 'Casearupestrin C', '6α-malonyloxy-n-butyl ester manoyl oxide', 'citrusinine-I', 'Ricinine', 'Leptophyllin A', '5-pentadecylresorcinol', '19,20-Epoxycytochalasin D', 'fumiquinozoline F', 'Kaempferol 3-O-α-L-rhamnopyranosyl (1→6)-O-[β -D-glucopyranosyl (1→3)-O-α-L-rhamnopyranosyl-(1→2)]-O-β -D-glucopyranosyl', 'Rel-2α-hydroxyzuelanin-6β-benzoate', '2,6-di-O-acetylcasearupestrin D', ""Methyl-2,2-dimethyl-8-(3'-methylbut-2'-enyl)chroman-6-carboxylate"", '2,7-Di-O-acetylcasearupestrin A', ""2',5-dihydroxy-3-methoxy-8-dimethylallyl-6, 7-(2' ',2''-dimethylpyrano)-dihydroflavonol"", '2-n-nonyl-4-quinolone', 'Cytochalasin D', 'Isoorientin', 'Piperol B', '(-)-Hardwickiic acid', ""5-[3''-(β-D-glucopyranosyloxy)propyl]-7-methoxy-2-(3',4'-methylenedioxyphenyl)benzofuran"", '28-O-β-D-glucopyranosyl quinovic acid', '2-Methyl-4-hydroxy-butyl caffeoate', 'N-1,N-2,N-3-Triisopentenylguanidine', 'Dibenzyl trisulphide', 'Maytenin, Tingenone', '6β-hydroxy-7-epigardoside methyl ester', 'Tetrahydropiperyline, N-[10-(13,14-methylenedioxyphenyl)-pentanoyl]-pyrrolidine', 'Piperovatine', '2,4,6-trimethoxybenzoic acid', 'Uracil', 'urauchimycin A', 'p-Coumaric acid', '(-)-Epigallocatechin', 'Netzahualcoyonol', '1-[3-(3,7-dimethylocta-2,6-dien-1-yl)-2,4,6- trihydroxyphenyl]-3-(4-hydroxyphenyl)propan-1-one', '6α-malonyloxymanoyl oxide', 'Benzylhydroxymethyl sulphide', '1,6-di-O-caffeoyl-β-D-glucopyranoside', '2-methyl-5-[8(Z),11(Z),14-pentadecatrienyl]resorcinol', '20-hydroxyecdysone; polypodine A', '3-Acetyl aleuritolic acid', 'Alkenoic acid', 'Quercetin 3-O-α-L-rhamnopyranosyl (1→6)-O-[β -D-glucopyranosyl (1→3)-O-α-L-rhamnopyranosyl-(1→2)]-O-β -D-glucopyranosyl', '3β-O-[α-L-rhamnopyranosyl-(1→2)-O-β-D-glucopyranosyl-(1→2)-O-β-D-glucopyranosyl]-28-O-β-D-glucopyranoside pomolate', 'Dibenzyl tetrasulphide', 'Heveaflavone', 'Arboreumine', '3-Oxoursolic acid', 'Casearupestrin B', 'toonacilin', 'urauchimycin B', 'Homoegonol', '[8]-gingerol', '4-Hydroxymellein', '5-hydroxymellein', 'fraxinellonone', 'Dibenzyl sulphide', '(-) Cis-4-hydroxy-6-deoxyscytalone', 'Plumericin', '5-[8(Z),11(Z)-pentadecadienyl]resorcinol', '(-)-Spectalinine', ""N-[7-(3',4'-methylenedioxyphenyl)-2(Z),4(Z)-heptadienoyl]pyrrolidine"", 'Pedalitin', '1-O-(E)-feruloyl-β-D-glucopyranoside', '19,20-Epoxycytochalasin C', 'n-Pentyl gallate', 'Orcinol', 'Periconicin B', 'Phomopsilactone', ""(2S)-8-Isopentyl-2-methyl-2-(4'-methylpentyl)chroman-6-carboxylic acid"", '2,2-dimethyl-2H-chromene-6-carboxylic acid', '1,2-dihydro- 3β-hydroxy-7-deacetoxy-7-oxogedunin', 'Photogedunin', 'Casearin X; (1R*,3S*,5S*,6aR*,7S*,8S*,10R*,10aR*)-1-(Acetyloxy)-3,5,6,6a,7,8,9,10-octahydro-10-hydroxy-7,8-dimethyl-7-[(2Z)-3-methylpenta-2,4-dien-1-yl]naphtho[1,8a-c]furan-3,5-diyl Dibutanoate', 'α-L-xylopyranosyl-(4""→20)-(3-O-β-D-glucopyranosyl)-1\'-O-E-caffeoyl-β-D-glucopyranoside', ""2-(R)-Methyl-6-(S)-(tetradecyl-13'-one)-3(R)-O-tert-butyldimethylsilyl-piperidine"", '(2S)-Methyl-2-methyl-8-(3""-methylbut-2""-enyl)-2-(4\'-methylpent-3\'-enyl)-2H-chromene-6-carboxylate', 'Dibenzyl disulphide', 'Proanthocyanidin', 'Casearin T', 'Piperyline, N-[10-(13,14-methylenedioxyphenyl)-7(E),9(E)-pentadienoyl]-pyrrolidine', 'ω-fenil alcanoic acid', '2-butyl-D-fructofuranoside', ""Gaudichaudianic acid; (2S)-2-methyl-2-(4'methyl-3'-pentenyl)-8-(3''-methyl-2-butenyl)- 2H-1-benzopyran-6-carboxylic acid"", 'limonexic acid', 'Netzahualcoyondiol', 'Pristimerin; 20α-3-hydroxy-2-oxo-24-nor-friedela-1-10,3,5,7-tetraen-carboxylic acid-29-methylester', '3,4,5-trimethoxyphenyl 1-O-β-D-apiofuranosyl-(1→6)-O-β-D-glucopyranoside', 'β-photogedunin', 'n-Butyl gallate', ""5-[3''-(β-D-glucopyranosyloxy)propyl]-7-methoxy-2-(3',4'-dimethoxyphenyl)benzofuran"", '3,12-Dihydroxycadalene', '7-hydroxy-3- (11-dimethylallyl)-8-methoxycoumarin', 'Muraxanthone', '3,4,5-Triacetoxybenzoic acid', 'Odoratone', ""Acteoside; [β-3,4-dihydroxyphenyl)-ethyl]-(3'-O-α-L-rhamnopyranosyl)-(4'-O-cafeoyl)-β-D-glycopyranoside, verbascoside"", 'Di(benzyltrithio) methane', '3,11,12-Trihydroxycadalene', 'Quercetin 3-O-sophoroside', '(3R,4R)-3,4-Dihydro-4,6-dihydroxy-3-methyl-1-oxo-1H-isochromene-5-carboxylic acid', '24-methylene-3,22-dihydroxycholesterol', 'amorphispironone', 'Casearupestrin D', 'Chaetoglobosin B', ""2-(2'-O-benzoyl)-C-β-D-glucopyranosyl-1,3,6,7-tetrahydroxyxanthone"", 'Isoplumericin', 'Skimmianine', 'p-hydroxybenzoic acid-geranyl ester', 'Nitensidine C', 'Dipropyl disulphide', '2-methyl-5-[8(Z),11(Z)-pentadecadienyl]resorcinol', 'neoisoastilbin', '(R)-7-Hydroxymellein', '6α-acetoxymanoyl oxide', 'Methyl-8-hydroxy-2,2-dimethylchroman-6-carboxylate', 'N-[10-(13,14-methylenedioxyphenyl)-7(E),9(Z)-pentadienoyl]-pyrrolidine', '6-[8(Z)-pentadecenyl]salicylic acid', '(2S)-2-methyl-8-(3""-methylbut-2""-enyl)-2-(4\'-methylpent-3\'-enyl)-2H-chromene-6-carboxylic acid', 'Burchellin', '5-[8(Z)-pentadecenyl]resorcinol', 'Luteolin; 2-(3,4-dihydroxyphenyl)-5,7-dihydroxy-4H-chromen-4-one', 'Sinapic acid', '19,20-Epoxycytochalasin Q', '19,20-Epoxycytochalasin R', 'schaftoside', ""(2S)-Methyl-8-isopentyl-2-methyl-2-(4'-methylpentyl)chroman-6-carboxylate"", 'Casearupestrin A', '2-oxo-piperol B; (7S*, 8R*, 1R*, 3R*)-3,4,5-trimethoxy-3,7-cyclo-8,1-neolig-8-ene-2,4(3H)-dione', 'taxifolin', 'Rel-6β-hydroxyzuelanin-2β-benzoate', 'shidasterone', '5-hydroxymethyl- 2-furancarboxaldehyde; 5-hydroxymethyl-2-furfuraldehyde', 'atalaphyllinine', 'N-[10- (13,14-methylenedioxyphenyl)-7(E)-pentaenoyl]-pyrrolidine', '2-Methyl-5-methoxy-benzopyran-4-one', '3,4-dihydroxybenzoic acid geranyl ester', '6α-acetoxy-14β,15β-epoxyazadirone', 'epoxy-fraxinellone', '12′-hydroxy-7′-multijuguinone', 'Kaempferitrin', '4-Nerolidilcatechol', ""2-(2'-O-transcoumaroyl)-C-β-D-glucopyranosyl-1,3,6,7-tetrahydroxyxanthone"", 'Syringic acid', '(+)-3-O-feruloylcassine', 'Salacin', 'Methyl 6,7,8-trimethoxydihydrocinnamate', '2-Hexyl-3-methyl-butanodioic acid', 'fraxinellone', '6-[ 8(Z),11(Z) -pentadecadienyl] salicylic acid', 'Gedunin', 'Pedalin, pedalitin 6-O-β -glucopyranoside', 'Caseargrewiin F; (1R*,3S*,5S*,6aR*,7S*,8R*,10R*,10aR*)-1,3-Bis(acetyloxy)-3,5,6,6a,7,8,9,10-octahydro-10-hydroxy-7,8-dimethyl-7-[(2Z)-3-methylpenta-2,4-dien-1-yl]naphtho[1,8a-c]furan-5-yl Butanoate', 'Casearin L; (1R*,3S*,5S*,6aR*,7R*,8R*,9S*,10S*,10aR*)-1,10-Bis(acetyloxy)-3,5,6,6a,7,8,9,10-octahydro-9-hydroxy-5-methoxy-7,8-dimethyl-7-[(2Z)-3-methylpenta-2,4-dien-1-yl]naphtho[1,8a-c]-furan-3-yl Butanoate', 'Platydesmine', 'Leiokinine A', 'Cabraleadiol', 'Methyl (E)-6,7,8-trimethoxycinnamate', '3,4,5-Trimethoxyphenyl-1-O-β-D-(5-O-syringoyl)-apiofuranosyl-(1→6)-β-D-glucopyranoside', '6-[8(Z),11(Z),14-pentadecatrienyl]salicylic acid', 'Sorbifolin', ""Nitensoside A; Sorbifolin 6-O-α-rhamnopyranosyl(1'''→6'')-β-glucopyranoside"", ""(2'S)-2-(propan-2'-ol)-5-hydroxy-benzopyran-4-one"", 'Rel-(+)-(7S,9R,10S)-3,9,12-trihydroxycalamenene', 'Casearin S', '11β-acetoxyobacunone', '1-(5,7-dihydroxy-2,2-dimethylchroman- 6-yl)-3-[4-hydroxy-3-(3-methylbut-2-en-1-yl)- phenyl]propan-1-one', '(3R,4R)-4,7-Dihydroxymellein', ""Nitensoside B; Pedalitin 6-O-α-rhamnopyranosyl(1'''→6'')-β-glucopyranoside"", 'Methyl gallate', '3-O-β-D-quinovopyranosyl cincholic acid', 'Afzelin, 3-O-α-rhamnosyl kaempferol', 'Egonol', 'Trans-3’-methylsulphonylallyl trans-cinnamate', '(3-(2-(4-hydroxyphenyl)-2-oxoethyl)-5,6-dihydropyridin- 2(1H)-one)', 'Mangiferin', 'Viburgenin', ""Pterogynoside; Kaempferol-3-O-(3''-O-4'''-methylgallate-α-L-rhamnoside)"", '6-pentadecylsalicylic acid', 'Methyl-2,2-dimethylchroman-6-carboxylate', ""Myrsinoic acid A, 3-Geranyl-4-hydroxy-5-(3'',3''-dimethylallyl)benzoic acid"", '20α-Hydroxymaytenin; 20-hydroxy-20-epi-tingenone', '(-)-Epigallocatechin-3-O-gallate', 'Casearin D; (1R*,3S*,5S*,6aR*,7R*,8R*,9S*,10S*,10aR*)-1-(Acetyloxy)-3,5,6,6a,7,8,9,10-octahydro-5,10-dihydroxy-7,8-dimethyl-7-[(2Z)-3-methylpenta-2,4-dien-1-yl]naphtho[1,8a-c]furan-3,9-diyl Dibutanoate', 'Rel. (+)-(7S,10S) 3,12-dihydroxycalamenene', 'carlinoside', 'Methyl-8-(ethanoyloxy)-2,2-dimethyl-2H-chromene-6-carboxylate', 'Amentoflavone', '1-(5,7-dihydroxy-2,2-dimethylchroman-6-yl)-3-(1,1,4a-trimethyl-2,3,4,4a,9a-hexahydro-1H-xanthen-7-yl)propan-1-one', 'Quercetin', ""2-(2'-O-trans-cinnamoyl)-C-β-D-glucopyranosyl-1,3,6,7-tetrahydroxyxanthone"", 'Ocotillone', 'des-N-methylnoracronycine', 'Sorbifolin 6-O-β-glucopyranoside', 'Casearin O; (1R*,3S*,5S*,6aR*,7R*,8R*,9S*,10S*,10aR*)-1,10-Bis(acetyloxy)-5-methoxy-7,8-dimethyl-7-[(2Z)-3-methylpenta-2,4-dien-1-yl]-3,5,6,6a,7,8,9,10-octahydronaphtho[1,8a-c]furan-3,9-diyl Dibutanoate', 'germacrene D', '2β-Hydroxyzuelanin-6β-cinnamate', 'arjunolic acid', 'stachysterone', 'Ethyl 2,4-dihydroxy-5,6-dimethylbenzoate', 'Amentoflavone 7”,4”’-dimethyl ether', 'Picramnioside F', 'Lauryl gallate', 'Syringaldehyde', '22-hydroxytirucalla-7,24-diene-2,3-dione', '(−)-Grandisin', '24-methylenecycloartan-3b-ol', 'Ixoside', 'Cognatine', 'Fagaramide', 'Chalepin', 'Chlorogenic acid']]",doi_name
"['10.1016/0031-9422(81)80027-1', 'Piperovatine']","['10.1016/0031-9422(81)80027-1', ['Galioside aglicone', 'Teucrein', '11-O-trans-feruloylteucrein', 'Apodanthoside', 'Galioside', 'Hinesol', 'guaiol', 'γ-eudesmol', 'α-eudesmol', ""2-(1'-pentenyl)-Quinoline"", ""2-(3',4'-methylenedioxyphenylethyl)-Quinoline"", '2-n-Propylquinoline', '2-n-Pentylquinoline', ""3,4-dimethyl-2-(4'-hydroxy-3',5'-dimethoxyphenyl)-5-methoxy-tetrahydrofuran"", 'β-Gardiol', 'α-Gardiol', 'Ferulic acid', '21β,25-dimethylmelianodiol', '3,21-Di-epi-feroniellide B', '21α,25-dimethylmelianodiol', '2,3-dihydro-4,9-dihydroxy-2-(2-hydroxy-propan-2-yl)- 11-methoxy-10-methylfuro[3,2-b]acridin-5(10H)-one', 'Citibrasine', 'bis-5-hydroxyacronycine', 'Epi-guaiacin', 'Verrucosin', '7-Methyl-sargachromenol; 2,7,8-Trimethyl-2-[(3-E,7-Z)-4,12-dimethyl-8-carboxyl-3,7,11-tridecatrienyl]-3-chromen-6-ol, β-caroteno', 'Nectandrin B', ""Rel-(7R,8S,7'S,8'S)-9-hydroxy-4',5'-methylenedioxy-3,4,5,3'-tetramethoxy-7,7'-epoxylignan"", ""Rel-(7R,8S,7'S,8'S)-4,5,4',5'-dimethylenedioxy-3,3'-dimethoxy-7,7'-epoxylignan"", ""Rel-(7R,8S,7'S,8'S)-4-hydroxy-4',5'-methylenedioxy-3,5,3'-trimethoxy-7,7'-epoxylignan"", ""Rel-(7R,8S,7'S,8'S)-4',5'-methylenedioxy-3,4,5,3'-tetramethoxy-7,7'-epoxylignan"", ""Rel-(7R,8S,7'S,8'S)-4'-hydroxy-3,4,5,3',5'-pentamethoxy-7,7'-epoxylignan"", ""2'-hydroxy-3,4,4'-trimethoxy-5',6'-(2'',2''-dimethylpyrano)-chalcone"", ""3',4'-methylenedioxy-5,6,7- trimethoxyflavone"", ""3',4'-methylenedioxy-5,5',6,7-tetramethoxyflavone"", ""3',4'-methylenedioxy-5,7-dimethoxyflavone"", 'β-caryophyllene, trans-caryophyllene', '9-hydroxyeugenin', 'Mycoleptone A', 'Austdiol', 'Eugenitin', '6-methoxyeugenin', 'Mycoleptone A tetraacetate', 'Mycoleptone B', 'Austdiol diacetate', '2α,3α,19α- trihydroxyurs-12-en-28-oic acid', '3,3-O-dimethylquercetin', 'penduletin 4-O-methyl ether', 'p-hydroxybenzoic acid', '2α,3α-dihydroxyolean-12- en-28-oic acid', '3-O-methylquercetin', 'Chrysoeriol', 'acacetin', '3,7,4-O-trimethylkaempferol', 'Aphidicolin', 'Diderroside', '7-Methoxydiderroside', ""6'-Acetyl-β-D-glucopyranosyldiderroside"", 'Secoxyloganin', 'Deoxycordifoline', '3,4-dehydro-strictosidine', '3,4-dehydrostrictosidine acid', 'Cordifoline', '5α-carboxystrictosidine', 'Turbinatine', 'Harman-3-carboxylic acid', 'Strictosidine acid', '(+)-11α-Hydroxyerythravine', '(+)-Erythravine', '(+)-α-Hydroxyerysotrine', 'Taraxerol acetate', '(-)-3-O-acetyl-spectaline', '4-metoxi-6-[2-(metilamino)fenil]- 2H-piran-2-ona', 'Xanthyletin', 'Nitensidine E', 'Nitensidine D', 'Isopimpinellin', '5,7-dimethoxy-2,2-dimethyl-2H-1-benzopyran-6-propanoate', ""3',4',5',3,5,7,8-heptamethoxyflavone"", ""3,5,6,7,3',4',5'-heptamethoxyflavonol"", 'cyclo (L)-Pro-Gly', ""4-Methoxy-3-(3',7'-dimethylocta-2'-E-6'-dienyl)benzoic acid"", ""3-(3',7 '-dimethyl-2',6 '-octadienyl)-4-methoxy-benzoic acid"", 'Methyl-8-hydroxy-2,2-dimethyl-2H-chromene-6-carboxylate', 'Chlorogenic acid methyl ester, Methyl (1S,3R,4R,5R)-3-{[(2E)-3-(3,4-dihydroxyphenyl)-2-propenoyl]oxy}-1,4,5-trihydroxycyclohexanecarboxylate', '(Z)-piplartine; 8(Z)-N-(12,13, 14-trimethoxycinnamoyl)- 3-pyridin-2-one', '(E)-piplartine', '4,5-dihydropiperyline', '4,5-dihydropiperlonguminine; Piperlonguminine', '8,9-dihydropiplartine; N-(12,13,14-trimethoxydihydrocinnamoyl)-Δ3-pyridin-2-one', '10,11-dihydropiperine; Δα,β-dihydropiperine', 'Piperine', ""N-[3-(6'-methoxy-3',4'-methy-lenedioxyphenyl)-2(Z)-propenoyl]pyrrolidine"", '(3Z,5Z)-N-isobutyl-8-(30,40-methylenedioxy-phenyl)-heptadienamide', 'Pellitorine', '1-methoxy-3-hydroxy-3,10b-4,5a-diepoxy-8b-isobutyroyloxygermacr-11(13)-en-6a,12-olide', 'Tagitinin C', ""4-Hydroxy-3-(3',7'-dimethyl-3'-hydroxy-1'-oxo-6'-octenyl)benzoic acid"", ""Isosakuranetin; 5,7-dihydroxy-4'-methoxyflavanone"", ""Sakuranetin; 5,4'-dihydroxy-7-methoxyflavanone"", ""1,4-Dihydroxy-2-(3',7'-dimethyl-1'-oxo-2'-E-6'-octadienyl)benzene"", ""4-Hydroxy-(3',7'-dimethyl-1'-oxo-octa-2'-E-6'-dienyl)benzoic acid"", 'Stearic acid 4-pentoyloxyphenethyl ester', '5,7-dimethoxy-2,2-dimethyl-2H-1-benzopyran-6-propanoic acid', ""Methyl taboganate; Methyl 4-hydroxy-3-(3'-methyl-1'-oxo-2'-butenyl)benzoate"", '3,4,5-Trimethoxydihydrocinnamic acid', ""Methyl 4-hydroxy-3-(3'-methyl-2'-butenyl)benzoate"", ""2',6'-Dihydroxy-4'-methoxydihydrochalcone"", ""Hostmaniene; 4-Hydroxy-3-(2',3'-dihydroxy-3'-methylbutyl)benzoate"", 'Piperaduncine B', ""4-Hydroxy-3-(3',7'-dimethylocta-2'-E-6'-dienyl)benzoic acid"", 'Methyl 2,2-dimethyl-1-oxo-2H-1-benzopyran-6-carboxylate', ""4-Hydroxy-(3',7'-dimethyl-1'-oxo-octa-2'-Z-6'-dienyl)benzoic acid"", ""Methyl 4-hydroxy-3-(3'-methyl-2'-hydroxy-3'-butenyl)benzoate"", ""Aduncumene; Methyl 2-methoxy-5-(3'-methyl-1'-oxo-2'-butenyl)benzoate"", 'astilbin; Rel-(2R, 3R)-dihydroquercetin-3-O-±-L-rhamnoside', 'Beauvericin', 'Anhydrofusarubin', '2-Episesalatin', ""Isoswertisin-2''α1-L-rhamnoside"", 'Sesartemin', 'Clusifoliol', ""Isoswertisin-4'-methyl-ether-2''α-L-rhamnoside"", 'Quercetin-3-O-α-L-rhamnopyranosyl-(1→6)-β-D-galactopyranoside', 'Kaempferol-3-O-rutinoside', 'Kaempferol-3-O-α-L-rhamnopyranosyl-(1-6)-α-L-rhamnopyranosyl-(1-4)-β-D-glucopyranoside', '6-Hydroxy-rutin', 'Kaempferol-3-O-D-galactopyranoside', 'Kaempferol-3-O-D-glucopyranoside', 'Procyanidin B-3', 'Catechin, Ent-catechin', 'Kaempferol-3-O-α-L-rhamnopyranosyl-(1→6)-β-D-galactopyranoside', '(22E,24R)-ergosta-4,6,8(14),22-tetraen-3-one', 'Ergosterol peroxide', '8-hydroxy-6-methoxy-3-methylisocoumarin', 'Dimethyl terephthalate', 'Pimara-7,15-dien-3β-ol', 'Glycocitrine-IV', 'Citrusinine-I', '5-hydroxynoracronycine; Atalaphyllidine', 'Citrusinine-II', '3,4-dihydro-3,5,8-trihydroxy-6-methoxy-2,2,7-trimethyl-2Hpyrano[ 2,3-a]acridin-12(7H)-one', 'Glycocitrine-I', 'Pyranofoline', '1,3,5-trihydroxy- 2,8-bis(3-methylbut-2-enyl)-10-methyl-9-acridone', '1,3,5-trihydroxy-4-methoxy-10-methyl- 2,8-bis(3-methylbut-2-enyl)acridin-9(10H)-one', '17-(3,4-Methylenedioxyphenyl)-heptadecanoic acid', ""7,4'-Dimethoxyflavone"", '21´-(3,4-Methylenedioxyphenyl)-henicosanoic acid', '(+)-Guaiacin', '19´-(3,4-Methylenedioxyphenyl)-nonadecanoic acid', ""7,4'-Dihydroxyflavone"", 'Sargaquinoic acid', 'Sargachromenol', 'Farnisine', ""Juruenolic acid; 2-(4'-Methylpentenyl-3)-10-oxoundecan-2,6-dienoic acid"", 'Fasciculiferin', 'Tithonine', 'Methyl (3R,4R,5R)-3-{[(2Z)-3-(3,4-dihydroxyphenyl)-2-propenoyl]oxy}-1,4,5-trihydroxycyclohexanecarboxylate', 'Methyl (3R,4R,5R)-3-{[(2E)-3-(3,4-dihydroxyphenyl)-2-propenoyl]oxy}-1,4,5-trihydroxycyclohexanecarboxylate', 'Piscidinol A', 'Oleanonic acid', 'Hispidol A', 'cryptomeridiol', 'Iso-odoratol', 'Nilocetin', '3,11-dioxoolean-12-en-28- onic acid', 'Pentaol', 'Methacrylic acid', 'Cusculine; 1,2,3,5,6-pentamethoxy-9-acridone', 'Cuspanine; 1-hydroxy-2,3,5,6-tetramethoxy-9-acridone', '2α,3α-Dihydroxy-urs-12-en-28-oic acid', 'Oleanolic acid 3-sophoroside', '3-O-β-D-(6’-methyl)-glucopyranosyl-28-O-β-D-glucopyranosyl-oleanate', 'β-Sitosterol benzoate', '5-hydroxyflavone', '2-phenyl-4H-chromen-4-one', 'Haplotusine', 'Sinapyl 4-O-β-D-glucopyranoside aldehyde', 'N-acetylnonaine', 'Liriodenine', 'Sinapyl 4-O-β-D-glucopyranoside alcohol', '[10]-gingerol', ""2,4-Dihydroxy-6-[(1'E,3'E)-penta-1', 3'-dienyl]-benzaldehyde"", '2-methyl-5-[8(Z)-pentadecenyl]resorcinol', 'Kaempferol', '2-hydroxyphenylacetic acid', '3-O-β-D-quinovopyranosyl quinovic acid', '(4R)-4,8-dihydroxy-α-tetralone', 'scillascillin', 'Chlorogenic acid', 'Chalepin', 'Nitensidine A', 'Fagaramide', 'Quercitrin, 3-O-α-rhamnosylquercetin', 'Caseobliquin A', 'Methyl angolensate', ""5-(3'' -Hydroxypropyl)-7-methoxy-2-(3',4' -methyl-enedioxyphenyl)benzofuran"", '19,20-Epoxycytochalasin N', 'ellagic acid 4-O-α-L-rhamnopyranoside; eschweilenol C', 'Mayoside C', 'Ourateacatechin', ""3',4',5',5,7-pentamethoxyflavone"", '2-methyl-5-pentadecylresorcinol', '3β-hydroxy-stigmast-5-en-7-one; 24-β-7-oxositosterol', 'Gallic acid; 3,4,5-trihydroxybenzoic acid', '(3-(2-(4-hydroxyphenyl)-2-oxoethyl)-5,6-dihydropyridin- 2(1H)-one)', 'Mangiferin', 'Viburgenin', ""Pterogynoside; Kaempferol-3-O-(3''-O-4'''-methylgallate-α-L-rhamnoside)"", 'Isobutyl gallate', '7′-multijuguinone', 'Griseofulvin', ""7-Hydroxy-4',6-dimethoxyisoflavone; Afrormosin; Afromosin"", 'Tetrahydropiperyline, N-[10-(13,14-methylenedioxyphenyl)-pentanoyl]-pyrrolidine', 'Piperovatine', '2,4,6-trimethoxybenzoic acid', '1-O-(E)-caffeoyl-β-D-glucopyranoside', 'Ocotillone', 'des-N-methylnoracronycine', 'Sorbifolin 6-O-β-glucopyranoside', 'Rel-2α-hydroxyzuelanin-6β-benzoate', '2,6-di-O-acetylcasearupestrin D', ""Methyl-2,2-dimethyl-8-(3'-methylbut-2'-enyl)chroman-6-carboxylate"", '2,7-Di-O-acetylcasearupestrin A', 'Cognatine', ""8-hydroxy-3,5,7,3',4',5'-hexamethoxyflavonol"", 'Odoratol', 'Leptomerine', '5-hydroxy-N-methylseverifoline', '5-[8(Z),11(Z),14-pentadecatrienyl]resorcinol', 'Maculosidine', 'Podocarpusflavone A', 'Casearupestrin C', '6α-malonyloxy-n-butyl ester manoyl oxide', 'citrusinine-I', 'Ricinine', 'Leptophyllin A', '5-pentadecylresorcinol', 'Piperol B', '(-)-Hardwickiic acid', ""5-[3''-(β-D-glucopyranosyloxy)propyl]-7-methoxy-2-(3',4'-methylenedioxyphenyl)benzofuran"", 'n-Propyl gallate', ""3',4',5',5,7,8-hexamethoxyflavone"", 'Isopropyl gallate', '6β-hydroxy-7-epigardoside methyl ester', '28-O-β-D-glucopyranosyl quinovic acid', '2-Methyl-4-hydroxy-butyl caffeoate', 'N-1,N-2,N-3-Triisopentenylguanidine', 'Dibenzyl trisulphide', 'Maytenin, Tingenone', '19,20-Epoxycytochalasin D', 'fumiquinozoline F', 'Kaempferol 3-O-α-L-rhamnopyranosyl (1→6)-O-[β -D-glucopyranosyl (1→3)-O-α-L-rhamnopyranosyl-(1→2)]-O-β -D-glucopyranosyl', '3β-O-[α-L-rhamnopyranosyl-(1→2)-O-β-D-glucopyranosyl-(1→2)-O-β-D-glucopyranosyl]-28-O-β-D-glucopyranoside pomolate', 'Dibenzyl tetrasulphide', ""2',5-dihydroxy-3-methoxy-8-dimethylallyl-6, 7-(2' ',2''-dimethylpyrano)-dihydroflavonol"", '2-n-nonyl-4-quinolone', 'Cytochalasin D', 'Isoorientin', 'Nitensidine B', '1-methyl-2-n-nonyl-4-quinolone', 'toonacilin', 'Uracil', 'urauchimycin A', 'p-Coumaric acid', '(-)-Epigallocatechin', 'Netzahualcoyonol', '1-[3-(3,7-dimethylocta-2,6-dien-1-yl)-2,4,6- trihydroxyphenyl]-3-(4-hydroxyphenyl)propan-1-one', '6α-malonyloxymanoyl oxide', 'Benzylhydroxymethyl sulphide', '1,6-di-O-caffeoyl-β-D-glucopyranoside', '2-methyl-5-[8(Z),11(Z),14-pentadecatrienyl]resorcinol', 'urauchimycin B', 'Homoegonol', '[8]-gingerol', '4-Hydroxymellein', '5-hydroxymellein', 'Pristimerin; 20α-3-hydroxy-2-oxo-24-nor-friedela-1-10,3,5,7-tetraen-carboxylic acid-29-methylester', '3,4,5-trimethoxyphenyl 1-O-β-D-apiofuranosyl-(1→6)-O-β-D-glucopyranoside', 'fraxinellonone', 'Dibenzyl sulphide', '(-) Cis-4-hydroxy-6-deoxyscytalone', 'Plumericin', '5-[8(Z),11(Z)-pentadecadienyl]resorcinol', '(-)-Spectalinine', '20-hydroxyecdysone; polypodine A', '3-Acetyl aleuritolic acid', 'Alkenoic acid', 'Quercetin 3-O-α-L-rhamnopyranosyl (1→6)-O-[β -D-glucopyranosyl (1→3)-O-α-L-rhamnopyranosyl-(1→2)]-O-β -D-glucopyranosyl', 'Heveaflavone', 'Arboreumine', '3-Oxoursolic acid', 'Casearupestrin B', 'ω-fenil alcanoic acid', '2-butyl-D-fructofuranoside', ""Gaudichaudianic acid; (2S)-2-methyl-2-(4'methyl-3'-pentenyl)-8-(3''-methyl-2-butenyl)- 2H-1-benzopyran-6-carboxylic acid"", 'Pedalitin', '1-O-(E)-feruloyl-β-D-glucopyranoside', '19,20-Epoxycytochalasin C', 'n-Pentyl gallate', 'Orcinol', 'Periconicin B', 'Phomopsilactone', ""(2S)-8-Isopentyl-2-methyl-2-(4'-methylpentyl)chroman-6-carboxylic acid"", '2,2-dimethyl-2H-chromene-6-carboxylic acid', '1,2-dihydro- 3β-hydroxy-7-deacetoxy-7-oxogedunin', 'Photogedunin', 'Casearin X; (1R*,3S*,5S*,6aR*,7S*,8S*,10R*,10aR*)-1-(Acetyloxy)-3,5,6,6a,7,8,9,10-octahydro-10-hydroxy-7,8-dimethyl-7-[(2Z)-3-methylpenta-2,4-dien-1-yl]naphtho[1,8a-c]furan-3,5-diyl Dibutanoate', 'Netzahualcoyondiol', 'Isoplumericin', 'Skimmianine', 'p-hydroxybenzoic acid-geranyl ester', 'Dibenzyl disulphide', 'β-photogedunin', 'n-Butyl gallate', ""5-[3''-(β-D-glucopyranosyloxy)propyl]-7-methoxy-2-(3',4'-dimethoxyphenyl)benzofuran"", '3,12-Dihydroxycadalene', '7-hydroxy-3- (11-dimethylallyl)-8-methoxycoumarin', ""N-[7-(3',4'-methylenedioxyphenyl)-2(Z),4(Z)-heptadienoyl]pyrrolidine"", ""Acteoside; [β-3,4-dihydroxyphenyl)-ethyl]-(3'-O-α-L-rhamnopyranosyl)-(4'-O-cafeoyl)-β-D-glycopyranoside, verbascoside"", 'α-L-xylopyranosyl-(4""→20)-(3-O-β-D-glucopyranosyl)-1\'-O-E-caffeoyl-β-D-glucopyranoside', ""2-(R)-Methyl-6-(S)-(tetradecyl-13'-one)-3(R)-O-tert-butyldimethylsilyl-piperidine"", '(2S)-Methyl-2-methyl-8-(3""-methylbut-2""-enyl)-2-(4\'-methylpent-3\'-enyl)-2H-chromene-6-carboxylate', 'Casearin T', 'Piperyline, N-[10-(13,14-methylenedioxyphenyl)-7(E),9(E)-pentadienoyl]-pyrrolidine', '5-[8(Z)-pentadecenyl]resorcinol', 'Luteolin; 2-(3,4-dihydroxyphenyl)-5,7-dihydroxy-4H-chromen-4-one', 'Sinapic acid', '19,20-Epoxycytochalasin Q', '19,20-Epoxycytochalasin R', 'Muraxanthone', 'limonexic acid', 'Di(benzyltrithio) methane', '3,11,12-Trihydroxycadalene', 'Quercetin 3-O-sophoroside', '(3R,4R)-3,4-Dihydro-4,6-dihydroxy-3-methyl-1-oxo-1H-isochromene-5-carboxylic acid', '24-methylene-3,22-dihydroxycholesterol', 'amorphispironone', 'Casearupestrin D', 'Chaetoglobosin B', ""2-(2'-O-benzoyl)-C-β-D-glucopyranosyl-1,3,6,7-tetrahydroxyxanthone"", '3,4-dihydroxybenzoic acid geranyl ester', '6α-acetoxy-14β,15β-epoxyazadirone', 'epoxy-fraxinellone', '12′-hydroxy-7′-multijuguinone', 'Kaempferitrin', 'Nitensidine C', 'Dipropyl disulphide', 'Proanthocyanidin', 'neoisoastilbin', '(R)-7-Hydroxymellein', '6α-acetoxymanoyl oxide', 'Methyl-8-hydroxy-2,2-dimethylchroman-6-carboxylate', 'N-[10-(13,14-methylenedioxyphenyl)-7(E),9(Z)-pentadienoyl]-pyrrolidine', '6-[8(Z)-pentadecenyl]salicylic acid', '(2S)-2-methyl-8-(3""-methylbut-2""-enyl)-2-(4\'-methylpent-3\'-enyl)-2H-chromene-6-carboxylic acid', 'Burchellin', 'Caseargrewiin F; (1R*,3S*,5S*,6aR*,7S*,8R*,10R*,10aR*)-1,3-Bis(acetyloxy)-3,5,6,6a,7,8,9,10-octahydro-10-hydroxy-7,8-dimethyl-7-[(2Z)-3-methylpenta-2,4-dien-1-yl]naphtho[1,8a-c]furan-5-yl Butanoate', 'Casearin L; (1R*,3S*,5S*,6aR*,7R*,8R*,9S*,10S*,10aR*)-1,10-Bis(acetyloxy)-3,5,6,6a,7,8,9,10-octahydro-9-hydroxy-5-methoxy-7,8-dimethyl-7-[(2Z)-3-methylpenta-2,4-dien-1-yl]naphtho[1,8a-c]-furan-3-yl Butanoate', 'Platydesmine', 'Leiokinine A', 'Cabraleadiol', 'schaftoside', ""(2S)-Methyl-8-isopentyl-2-methyl-2-(4'-methylpentyl)chroman-6-carboxylate"", 'Casearupestrin A', '3,4,5-Triacetoxybenzoic acid', 'Odoratone', 'Rel-6β-hydroxyzuelanin-2β-benzoate', 'shidasterone', '5-hydroxymethyl- 2-furancarboxaldehyde; 5-hydroxymethyl-2-furfuraldehyde', 'atalaphyllinine', 'N-[10- (13,14-methylenedioxyphenyl)-7(E)-pentaenoyl]-pyrrolidine', '2-Methyl-5-methoxy-benzopyran-4-one', '1-(5,7-dihydroxy-2,2-dimethylchroman- 6-yl)-3-[4-hydroxy-3-(3-methylbut-2-en-1-yl)- phenyl]propan-1-one', '(3R,4R)-4,7-Dihydroxymellein', ""Nitensoside B; Pedalitin 6-O-α-rhamnopyranosyl(1'''→6'')-β-glucopyranoside"", 'Methyl gallate', '3-O-β-D-quinovopyranosyl cincholic acid', 'Afzelin, 3-O-α-rhamnosyl kaempferol', 'Egonol', '4-Nerolidilcatechol', ""2-(2'-O-transcoumaroyl)-C-β-D-glucopyranosyl-1,3,6,7-tetrahydroxyxanthone"", '2-methyl-5-[8(Z),11(Z)-pentadecadienyl]resorcinol', 'Methyl 6,7,8-trimethoxydihydrocinnamate', '2-Hexyl-3-methyl-butanodioic acid', 'fraxinellone', '6-[ 8(Z),11(Z) -pentadecadienyl] salicylic acid', 'Gedunin', 'Pedalin, pedalitin 6-O-β -glucopyranoside', ""Myrsinoic acid A, 3-Geranyl-4-hydroxy-5-(3'',3''-dimethylallyl)benzoic acid"", '20α-Hydroxymaytenin; 20-hydroxy-20-epi-tingenone', '(-)-Epigallocatechin-3-O-gallate', 'Casearin D; (1R*,3S*,5S*,6aR*,7R*,8R*,9S*,10S*,10aR*)-1-(Acetyloxy)-3,5,6,6a,7,8,9,10-octahydro-5,10-dihydroxy-7,8-dimethyl-7-[(2Z)-3-methylpenta-2,4-dien-1-yl]naphtho[1,8a-c]furan-3,9-diyl Dibutanoate', 'Rel. (+)-(7S,10S) 3,12-dihydroxycalamenene', 'carlinoside', 'Methyl-8-(ethanoyloxy)-2,2-dimethyl-2H-chromene-6-carboxylate', 'Amentoflavone', '1-(5,7-dihydroxy-2,2-dimethylchroman-6-yl)-3-(1,1,4a-trimethyl-2,3,4,4a,9a-hexahydro-1H-xanthen-7-yl)propan-1-one', 'Methyl (E)-6,7,8-trimethoxycinnamate', '2-oxo-piperol B; (7S*, 8R*, 1R*, 3R*)-3,4,5-trimethoxy-3,7-cyclo-8,1-neolig-8-ene-2,4(3H)-dione', 'taxifolin', ""(2'S)-2-(propan-2'-ol)-5-hydroxy-benzopyran-4-one"", 'Rel-(+)-(7S,9R,10S)-3,9,12-trihydroxycalamenene', 'Casearin S', '11β-acetoxyobacunone', 'germacrene D', '2β-Hydroxyzuelanin-6β-cinnamate', 'arjunolic acid', 'stachysterone', 'Ethyl 2,4-dihydroxy-5,6-dimethylbenzoate', 'Amentoflavone 7”,4”’-dimethyl ether', 'Picramnioside F', 'Lauryl gallate', 'Syringaldehyde', '22-hydroxytirucalla-7,24-diene-2,3-dione', 'Trans-3’-methylsulphonylallyl trans-cinnamate', 'Syringic acid', '(+)-3-O-feruloylcassine', 'Salacin', '6-pentadecylsalicylic acid', 'Methyl-2,2-dimethylchroman-6-carboxylate', '22β-hydroxypristimerin', '1- (5,7-dihydroxy-2,2-dimethylchroman-6-yl)-3-(2,2-dimethylchroman- 6-yl)propan-1-one', 'Canavaline', 'Di-hydrodehydrodiconiferyl alcohol', 'Quercetin', ""2-(2'-O-trans-cinnamoyl)-C-β-D-glucopyranosyl-1,3,6,7-tetrahydroxyxanthone"", 'Kokusaginine', ""2-(2'-O-trans-caffeoyl)-C-β-D-glucopyranosyl-1,3,6,7-tetrahydroxyxanthone"", 'Netzahualcoyene', 'Casearin X Dialdehyde; (2R*,4aS*,5S*,7R*,8R*,8aS*)-4,4a-Diformyl-1,2,4a,5,6,7,8,8a-octahydro-5-hydroxy-7,8-dimethyl-8-[(2Z)-3-methylpenta-2,4-dien-1-yl]naphthalen-2-yl Butanoate', 'polypodine B', '3,4,5-Trimethoxyphenyl-1-O-β-D-(5-O-syringoyl)-apiofuranosyl-(1→6)-β-D-glucopyranoside', '6-[8(Z),11(Z),14-pentadecatrienyl]salicylic acid', 'Sorbifolin', ""Nitensoside A; Sorbifolin 6-O-α-rhamnopyranosyl(1'''→6'')-β-glucopyranoside"", 'Casearin O; (1R*,3S*,5S*,6aR*,7R*,8R*,9S*,10S*,10aR*)-1,10-Bis(acetyloxy)-5-methoxy-7,8-dimethyl-7-[(2Z)-3-methylpenta-2,4-dien-1-yl]-3,5,6,6a,7,8,9,10-octahydronaphtho[1,8a-c]furan-3,9-diyl Dibutanoate', '8-methoxymellein', '(±)-Syringaresinol', 'Cyclo-(L-Pro-L-Val)', 'Acetonide of odoratol', '(−)-Grandisin', '24-methylenecycloartan-3b-ol', 'Ixoside']]",doi_name
"['10.1021/np900644x', '12′-hydroxy-7′-multijuguinone']","['10.1021/np900644x', ['guaiol', 'γ-eudesmol', 'Hinesol', 'α-eudesmol', ""3,4-dimethyl-2-(4'-hydroxy-3',5'-dimethoxyphenyl)-5-methoxy-tetrahydrofuran"", 'Teucrein', '11-O-trans-feruloylteucrein', 'Galioside aglicone', 'Galioside', 'Apodanthoside', '3,21-Di-epi-feroniellide B', '21β,25-dimethylmelianodiol', '21α,25-dimethylmelianodiol', '4-metoxi-6-[2-(metilamino)fenil]- 2H-piran-2-ona', 'Methyl (3R,4R,5R)-3-{[(2E)-3-(3,4-dihydroxyphenyl)-2-propenoyl]oxy}-1,4,5-trihydroxycyclohexanecarboxylate', 'Methyl (3R,4R,5R)-3-{[(2Z)-3-(3,4-dihydroxyphenyl)-2-propenoyl]oxy}-1,4,5-trihydroxycyclohexanecarboxylate', 'Turbinatine', 'Strictosidine acid', '5α-carboxystrictosidine', '3,4-dehydro-strictosidine', '3,4-dehydrostrictosidine acid', 'Harman-3-carboxylic acid', 'Cordifoline', 'Deoxycordifoline', '(-)-3-O-acetyl-spectaline', 'Aphidicolin', '5,7-dimethoxy-2,2-dimethyl-2H-1-benzopyran-6-propanoate', 'Nitensidine E', 'Nitensidine D', 'bis-5-hydroxyacronycine', '2,3-dihydro-4,9-dihydroxy-2-(2-hydroxy-propan-2-yl)- 11-methoxy-10-methylfuro[3,2-b]acridin-5(10H)-one', 'Citibrasine', '3,3-O-dimethylquercetin', 'penduletin 4-O-methyl ether', '2α,3α,19α- trihydroxyurs-12-en-28-oic acid', '3-O-methylquercetin', 'acacetin', '3,7,4-O-trimethylkaempferol', '2α,3α-dihydroxyolean-12- en-28-oic acid', 'p-hydroxybenzoic acid', 'Chrysoeriol', 'Methyl 2,2-dimethyl-1-oxo-2H-1-benzopyran-6-carboxylate', ""Hostmaniene; 4-Hydroxy-3-(2',3'-dihydroxy-3'-methylbutyl)benzoate"", ""4-Hydroxy-3-(3',7'-dimethylocta-2'-E-6'-dienyl)benzoic acid"", ""Methyl 4-hydroxy-3-(3'-methyl-2'-butenyl)benzoate"", '3,4,5-Trimethoxydihydrocinnamic acid', ""2',6'-Dihydroxy-4'-methoxydihydrochalcone"", ""Methyl taboganate; Methyl 4-hydroxy-3-(3'-methyl-1'-oxo-2'-butenyl)benzoate"", 'Piperaduncine B', ""4-Hydroxy-(3',7'-dimethyl-1'-oxo-octa-2'-Z-6'-dienyl)benzoic acid"", ""Aduncumene; Methyl 2-methoxy-5-(3'-methyl-1'-oxo-2'-butenyl)benzoate"", ""Methyl 4-hydroxy-3-(3'-methyl-2'-hydroxy-3'-butenyl)benzoate"", 'Anhydrofusarubin', 'Beauvericin', '(+)-11α-Hydroxyerythravine', '(+)-α-Hydroxyerysotrine', '(+)-Erythravine', 'Chlorogenic acid methyl ester, Methyl (1S,3R,4R,5R)-3-{[(2E)-3-(3,4-dihydroxyphenyl)-2-propenoyl]oxy}-1,4,5-trihydroxycyclohexanecarboxylate', ""Rel-(7R,8S,7'S,8'S)-4'-hydroxy-3,4,5,3',5'-pentamethoxy-7,7'-epoxylignan"", ""Rel-(7R,8S,7'S,8'S)-9-hydroxy-4',5'-methylenedioxy-3,4,5,3'-tetramethoxy-7,7'-epoxylignan"", ""Rel-(7R,8S,7'S,8'S)-4,5,4',5'-dimethylenedioxy-3,3'-dimethoxy-7,7'-epoxylignan"", ""Rel-(7R,8S,7'S,8'S)-4',5'-methylenedioxy-3,4,5,3'-tetramethoxy-7,7'-epoxylignan"", ""Rel-(7R,8S,7'S,8'S)-4-hydroxy-4',5'-methylenedioxy-3,5,3'-trimethoxy-7,7'-epoxylignan"", 'Mycoleptone A', '9-hydroxyeugenin', 'Austdiol diacetate', 'Mycoleptone B', 'Eugenitin', '6-methoxyeugenin', 'Mycoleptone A tetraacetate', 'Austdiol', '17-(3,4-Methylenedioxyphenyl)-heptadecanoic acid', 'Farnisine', 'Sargachromenol', 'Sargaquinoic acid', '21´-(3,4-Methylenedioxyphenyl)-henicosanoic acid', ""7,4'-Dimethoxyflavone"", '19´-(3,4-Methylenedioxyphenyl)-nonadecanoic acid', ""7,4'-Dihydroxyflavone"", '(+)-Guaiacin', ""Juruenolic acid; 2-(4'-Methylpentenyl-3)-10-oxoundecan-2,6-dienoic acid"", 'Fasciculiferin', 'Tithonine', '8-hydroxy-6-methoxy-3-methylisocoumarin', 'Ergosterol peroxide', 'Dimethyl terephthalate', '(22E,24R)-ergosta-4,6,8(14),22-tetraen-3-one', 'Pimara-7,15-dien-3β-ol', ""2-(3',4'-methylenedioxyphenylethyl)-Quinoline"", '2-n-Pentylquinoline', '2-n-Propylquinoline', ""2-(1'-pentenyl)-Quinoline"", ""4-Hydroxy-(3',7'-dimethyl-1'-oxo-octa-2'-E-6'-dienyl)benzoic acid"", ""1,4-Dihydroxy-2-(3',7'-dimethyl-1'-oxo-2'-E-6'-octadienyl)benzene"", ""Sakuranetin; 5,4'-dihydroxy-7-methoxyflavanone"", ""4-Hydroxy-3-(3',7'-dimethyl-3'-hydroxy-1'-oxo-6'-octenyl)benzoic acid"", ""Isosakuranetin; 5,7-dihydroxy-4'-methoxyflavanone"", ""3',4',5',3,5,7,8-heptamethoxyflavone"", ""3,5,6,7,3',4',5'-heptamethoxyflavonol"", 'Taraxerol acetate', 'Clusifoliol', ""Isoswertisin-4'-methyl-ether-2''α-L-rhamnoside"", ""Isoswertisin-2''α1-L-rhamnoside"", '2-Episesalatin', 'Sesartemin', '5,7-dimethoxy-2,2-dimethyl-2H-1-benzopyran-6-propanoic acid', 'Secoxyloganin', '7-Methoxydiderroside', 'Diderroside', ""6'-Acetyl-β-D-glucopyranosyldiderroside"", 'cyclo (L)-Pro-Gly', ""4-Methoxy-3-(3',7'-dimethylocta-2'-E-6'-dienyl)benzoic acid"", ""3-(3',7 '-dimethyl-2',6 '-octadienyl)-4-methoxy-benzoic acid"", 'Methyl-8-hydroxy-2,2-dimethyl-2H-chromene-6-carboxylate', 'Glycocitrine-IV', '1,3,5-trihydroxy- 2,8-bis(3-methylbut-2-enyl)-10-methyl-9-acridone', 'Glycocitrine-I', 'Citrusinine-I', '5-hydroxynoracronycine; Atalaphyllidine', '3,4-dihydro-3,5,8-trihydroxy-6-methoxy-2,2,7-trimethyl-2Hpyrano[ 2,3-a]acridin-12(7H)-one', 'Citrusinine-II', 'Pyranofoline', '1,3,5-trihydroxy-4-methoxy-10-methyl- 2,8-bis(3-methylbut-2-enyl)acridin-9(10H)-one', 'astilbin; Rel-(2R, 3R)-dihydroquercetin-3-O-±-L-rhamnoside', '3,11-dioxoolean-12-en-28- onic acid', 'Pentaol', 'Iso-odoratol', 'Oleanonic acid', 'cryptomeridiol', 'Hispidol A', 'Piscidinol A', 'Nilocetin', ""3',4'-methylenedioxy-5,5',6,7-tetramethoxyflavone"", ""2'-hydroxy-3,4,4'-trimethoxy-5',6'-(2'',2''-dimethylpyrano)-chalcone"", ""3',4'-methylenedioxy-5,6,7- trimethoxyflavone"", ""3',4'-methylenedioxy-5,7-dimethoxyflavone"", 'Stearic acid 4-pentoyloxyphenethyl ester', 'Tagitinin C', '1-methoxy-3-hydroxy-3,10b-4,5a-diepoxy-8b-isobutyroyloxygermacr-11(13)-en-6a,12-olide', 'Nectandrin B', 'Epi-guaiacin', 'Verrucosin', '7-Methyl-sargachromenol; 2,7,8-Trimethyl-2-[(3-E,7-Z)-4,12-dimethyl-8-carboxyl-3,7,11-tridecatrienyl]-3-chromen-6-ol, β-caroteno', 'β-Gardiol', 'α-Gardiol', 'Ferulic acid', 'Xanthyletin', 'Isopimpinellin', 'Kaempferol-3-O-α-L-rhamnopyranosyl-(1-6)-α-L-rhamnopyranosyl-(1-4)-β-D-glucopyranoside', 'Procyanidin B-3', 'Kaempferol-3-O-D-glucopyranoside', 'Kaempferol-3-O-α-L-rhamnopyranosyl-(1→6)-β-D-galactopyranoside', 'Kaempferol-3-O-rutinoside', 'Catechin, Ent-catechin', '6-Hydroxy-rutin', 'Kaempferol-3-O-D-galactopyranoside', 'Quercetin-3-O-α-L-rhamnopyranosyl-(1→6)-β-D-galactopyranoside', ""N-[3-(6'-methoxy-3',4'-methy-lenedioxyphenyl)-2(Z)-propenoyl]pyrrolidine"", '(Z)-piplartine; 8(Z)-N-(12,13, 14-trimethoxycinnamoyl)- 3-pyridin-2-one', '4,5-dihydropiperlonguminine; Piperlonguminine', '10,11-dihydropiperine; Δα,β-dihydropiperine', '8,9-dihydropiplartine; N-(12,13,14-trimethoxydihydrocinnamoyl)-Δ3-pyridin-2-one', '4,5-dihydropiperyline', 'Piperine', '(E)-piplartine', 'Pellitorine', '(3Z,5Z)-N-isobutyl-8-(30,40-methylenedioxy-phenyl)-heptadienamide', 'Methacrylic acid', 'β-caryophyllene, trans-caryophyllene', 'Cusculine; 1,2,3,5,6-pentamethoxy-9-acridone', 'Cuspanine; 1-hydroxy-2,3,5,6-tetramethoxy-9-acridone', '2α,3α-Dihydroxy-urs-12-en-28-oic acid', 'Oleanolic acid 3-sophoroside', '3-O-β-D-(6’-methyl)-glucopyranosyl-28-O-β-D-glucopyranosyl-oleanate', 'β-Sitosterol benzoate', '5-hydroxyflavone', 'Haplotusine', '2-phenyl-4H-chromen-4-one', 'Sinapyl 4-O-β-D-glucopyranoside aldehyde', 'N-acetylnonaine', 'Liriodenine', 'Sinapyl 4-O-β-D-glucopyranoside alcohol', '[10]-gingerol', '3β-hydroxy-stigmast-5-en-7-one; 24-β-7-oxositosterol', 'scillascillin', 'Piperol B', '(-)-Hardwickiic acid', ""5-[3''-(β-D-glucopyranosyloxy)propyl]-7-methoxy-2-(3',4'-methylenedioxyphenyl)benzofuran"", '28-O-β-D-glucopyranosyl quinovic acid', '2-Methyl-4-hydroxy-butyl caffeoate', 'N-1,N-2,N-3-Triisopentenylguanidine', 'Dibenzyl trisulphide', 'Maytenin, Tingenone', 'Kokusaginine', ""2-(2'-O-trans-caffeoyl)-C-β-D-glucopyranosyl-1,3,6,7-tetrahydroxyxanthone"", '22-hydroxytirucalla-7,24-diene-2,3-dione', 'Trans-3’-methylsulphonylallyl trans-cinnamate', '(3-(2-(4-hydroxyphenyl)-2-oxoethyl)-5,6-dihydropyridin- 2(1H)-one)', 'Nitensidine A', ""8-hydroxy-3,5,7,3',4',5'-hexamethoxyflavonol"", 'Odoratol', 'Leptomerine', '5-hydroxy-N-methylseverifoline', '19,20-Epoxycytochalasin N', 'ellagic acid 4-O-α-L-rhamnopyranoside; eschweilenol C', 'Mayoside C', 'Ourateacatechin', ""3',4',5',5,7-pentamethoxyflavone"", '2-methyl-5-pentadecylresorcinol', '(−)-Grandisin', '24-methylenecycloartan-3b-ol', 'Ixoside', 'Cognatine', 'Fagaramide', ""5-(3'' -Hydroxypropyl)-7-methoxy-2-(3',4' -methyl-enedioxyphenyl)benzofuran"", '22β-hydroxypristimerin', '1- (5,7-dihydroxy-2,2-dimethylchroman-6-yl)-3-(2,2-dimethylchroman- 6-yl)propan-1-one', 'Canavaline', 'Di-hydrodehydrodiconiferyl alcohol', 'Quercetin', ""2-(2'-O-trans-cinnamoyl)-C-β-D-glucopyranosyl-1,3,6,7-tetrahydroxyxanthone"", 'Ocotillone', 'des-N-methylnoracronycine', 'Sorbifolin 6-O-β-glucopyranoside', 'Rel-2α-hydroxyzuelanin-6β-benzoate', '2,6-di-O-acetylcasearupestrin D', ""Methyl-2,2-dimethyl-8-(3'-methylbut-2'-enyl)chroman-6-carboxylate"", '2,7-Di-O-acetylcasearupestrin A', 'Nitensidine B', ""2,4-Dihydroxy-6-[(1'E,3'E)-penta-1', 3'-dienyl]-benzaldehyde"", 'fumiquinozoline F', 'Kaempferol 3-O-α-L-rhamnopyranosyl (1→6)-O-[β -D-glucopyranosyl (1→3)-O-α-L-rhamnopyranosyl-(1→2)]-O-β -D-glucopyranosyl', '3β-O-[α-L-rhamnopyranosyl-(1→2)-O-β-D-glucopyranosyl-(1→2)-O-β-D-glucopyranosyl]-28-O-β-D-glucopyranoside pomolate', '1-methyl-2-n-nonyl-4-quinolone', '5-[8(Z),11(Z),14-pentadecatrienyl]resorcinol', 'Netzahualcoyondiol', 'Pristimerin; 20α-3-hydroxy-2-oxo-24-nor-friedela-1-10,3,5,7-tetraen-carboxylic acid-29-methylester', '3,4,5-trimethoxyphenyl 1-O-β-D-apiofuranosyl-(1→6)-O-β-D-glucopyranoside', 'β-photogedunin', 'n-Butyl gallate', ""5-[3''-(β-D-glucopyranosyloxy)propyl]-7-methoxy-2-(3',4'-dimethoxyphenyl)benzofuran"", '3,12-Dihydroxycadalene', '7-hydroxy-3- (11-dimethylallyl)-8-methoxycoumarin', ""N-[7-(3',4'-methylenedioxyphenyl)-2(Z),4(Z)-heptadienoyl]pyrrolidine"", ""Acteoside; [β-3,4-dihydroxyphenyl)-ethyl]-(3'-O-α-L-rhamnopyranosyl)-(4'-O-cafeoyl)-β-D-glycopyranoside, verbascoside"", 'Maculosidine', 'Isoorientin', 'Uracil', 'urauchimycin A', 'p-Coumaric acid', '(-)-Epigallocatechin', 'Netzahualcoyonol', '1-[3-(3,7-dimethylocta-2,6-dien-1-yl)-2,4,6- trihydroxyphenyl]-3-(4-hydroxyphenyl)propan-1-one', '6α-malonyloxymanoyl oxide', 'Podocarpusflavone A', 'Casearupestrin C', '6α-malonyloxy-n-butyl ester manoyl oxide', 'citrusinine-I', 'Ricinine', 'Leptophyllin A', '5-pentadecylresorcinol', '19,20-Epoxycytochalasin D', '4-Hydroxymellein', '5-hydroxymellein', 'fraxinellonone', 'Dibenzyl sulphide', '(-) Cis-4-hydroxy-6-deoxyscytalone', 'Plumericin', '5-[8(Z),11(Z)-pentadecadienyl]resorcinol', '(-)-Spectalinine', 'Gallic acid; 3,4,5-trihydroxybenzoic acid', 'Quercitrin, 3-O-α-rhamnosylquercetin', 'Caseobliquin A', 'Methyl angolensate', 'Dibenzyl tetrasulphide', ""2',5-dihydroxy-3-methoxy-8-dimethylallyl-6, 7-(2' ',2''-dimethylpyrano)-dihydroflavonol"", '2-n-nonyl-4-quinolone', 'Cytochalasin D', 'n-Pentyl gallate', 'Orcinol', 'Periconicin B', 'Benzylhydroxymethyl sulphide', '1,6-di-O-caffeoyl-β-D-glucopyranoside', '2-methyl-5-[8(Z),11(Z),14-pentadecatrienyl]resorcinol', 'Skimmianine', 'p-hydroxybenzoic acid-geranyl ester', 'Dibenzyl disulphide', 'Proanthocyanidin', 'neoisoastilbin', '(R)-7-Hydroxymellein', '6α-acetoxymanoyl oxide', 'Methyl-8-hydroxy-2,2-dimethylchroman-6-carboxylate', '20-hydroxyecdysone; polypodine A', '3-Acetyl aleuritolic acid', '(2S)-Methyl-2-methyl-8-(3""-methylbut-2""-enyl)-2-(4\'-methylpent-3\'-enyl)-2H-chromene-6-carboxylate', 'Casearin T', 'Piperyline, N-[10-(13,14-methylenedioxyphenyl)-7(E),9(E)-pentadienoyl]-pyrrolidine', 'ω-fenil alcanoic acid', '2-butyl-D-fructofuranoside', ""Gaudichaudianic acid; (2S)-2-methyl-2-(4'methyl-3'-pentenyl)-8-(3''-methyl-2-butenyl)- 2H-1-benzopyran-6-carboxylic acid"", 'Alkenoic acid', 'Quercetin 3-O-α-L-rhamnopyranosyl (1→6)-O-[β -D-glucopyranosyl (1→3)-O-α-L-rhamnopyranosyl-(1→2)]-O-β -D-glucopyranosyl', 'Heveaflavone', 'Arboreumine', '3-Oxoursolic acid', 'Casearupestrin B', 'toonacilin', 'Pedalitin', '1-O-(E)-feruloyl-β-D-glucopyranoside', '19,20-Epoxycytochalasin C', '2-methyl-5-[8(Z),11(Z)-pentadecadienyl]resorcinol', 'Methyl 6,7,8-trimethoxydihydrocinnamate', '2-Hexyl-3-methyl-butanodioic acid', 'fraxinellone', '6-[ 8(Z),11(Z) -pentadecadienyl] salicylic acid', 'Di(benzyltrithio) methane', '3,11,12-Trihydroxycadalene', 'Quercetin 3-O-sophoroside', 'Phomopsilactone', ""(2S)-8-Isopentyl-2-methyl-2-(4'-methylpentyl)chroman-6-carboxylic acid"", '2,2-dimethyl-2H-chromene-6-carboxylic acid', '1,2-dihydro- 3β-hydroxy-7-deacetoxy-7-oxogedunin', 'Photogedunin', 'Casearin X; (1R*,3S*,5S*,6aR*,7S*,8S*,10R*,10aR*)-1-(Acetyloxy)-3,5,6,6a,7,8,9,10-octahydro-10-hydroxy-7,8-dimethyl-7-[(2Z)-3-methylpenta-2,4-dien-1-yl]naphtho[1,8a-c]furan-3,5-diyl Dibutanoate', 'α-L-xylopyranosyl-(4""→20)-(3-O-β-D-glucopyranosyl)-1\'-O-E-caffeoyl-β-D-glucopyranoside', ""2-(R)-Methyl-6-(S)-(tetradecyl-13'-one)-3(R)-O-tert-butyldimethylsilyl-piperidine"", 'Chaetoglobosin B', ""2-(2'-O-benzoyl)-C-β-D-glucopyranosyl-1,3,6,7-tetrahydroxyxanthone"", 'Isoplumericin', 'N-[10-(13,14-methylenedioxyphenyl)-7(E),9(Z)-pentadienoyl]-pyrrolidine', '6-[8(Z)-pentadecenyl]salicylic acid', '(2S)-2-methyl-8-(3""-methylbut-2""-enyl)-2-(4\'-methylpent-3\'-enyl)-2H-chromene-6-carboxylic acid', 'Burchellin', '5-[8(Z)-pentadecenyl]resorcinol', 'Luteolin; 2-(3,4-dihydroxyphenyl)-5,7-dihydroxy-4H-chromen-4-one', 'limonexic acid', '6α-acetoxy-14β,15β-epoxyazadirone', 'epoxy-fraxinellone', '12′-hydroxy-7′-multijuguinone', 'Kaempferitrin', 'Nitensidine C', 'Dipropyl disulphide', 'polypodine B', 'n-Propyl gallate', ""3',4',5',5,7,8-hexamethoxyflavone"", 'Isopropyl gallate', '6β-hydroxy-7-epigardoside methyl ester', 'Tetrahydropiperyline, N-[10-(13,14-methylenedioxyphenyl)-pentanoyl]-pyrrolidine', 'Piperovatine', '2,4,6-trimethoxybenzoic acid', '1-O-(E)-caffeoyl-β-D-glucopyranoside', 'urauchimycin B', 'Homoegonol', '[8]-gingerol', '(3R,4R)-3,4-Dihydro-4,6-dihydroxy-3-methyl-1-oxo-1H-isochromene-5-carboxylic acid', '24-methylene-3,22-dihydroxycholesterol', 'amorphispironone', 'Casearupestrin D', 'Pedalin, pedalitin 6-O-β -glucopyranoside', 'Caseargrewiin F; (1R*,3S*,5S*,6aR*,7S*,8R*,10R*,10aR*)-1,3-Bis(acetyloxy)-3,5,6,6a,7,8,9,10-octahydro-10-hydroxy-7,8-dimethyl-7-[(2Z)-3-methylpenta-2,4-dien-1-yl]naphtho[1,8a-c]furan-5-yl Butanoate', 'Sinapic acid', '19,20-Epoxycytochalasin Q', '19,20-Epoxycytochalasin R', 'Muraxanthone', '3,4,5-Triacetoxybenzoic acid', 'Odoratone', 'Rel-6β-hydroxyzuelanin-2β-benzoate', 'shidasterone', '5-hydroxymethyl- 2-furancarboxaldehyde; 5-hydroxymethyl-2-furfuraldehyde', 'atalaphyllinine', 'N-[10- (13,14-methylenedioxyphenyl)-7(E)-pentaenoyl]-pyrrolidine', '2-Methyl-5-methoxy-benzopyran-4-one', 'Netzahualcoyene', 'Casearin X Dialdehyde; (2R*,4aS*,5S*,7R*,8R*,8aS*)-4,4a-Diformyl-1,2,4a,5,6,7,8,8a-octahydro-5-hydroxy-7,8-dimethyl-8-[(2Z)-3-methylpenta-2,4-dien-1-yl]naphthalen-2-yl Butanoate', 'Afzelin, 3-O-α-rhamnosyl kaempferol', 'Egonol', '4-Nerolidilcatechol', ""2-(2'-O-transcoumaroyl)-C-β-D-glucopyranosyl-1,3,6,7-tetrahydroxyxanthone"", '3,4-dihydroxybenzoic acid geranyl ester', 'Casearupestrin A', '2-oxo-piperol B; (7S*, 8R*, 1R*, 3R*)-3,4,5-trimethoxy-3,7-cyclo-8,1-neolig-8-ene-2,4(3H)-dione', 'taxifolin', ""(2'S)-2-(propan-2'-ol)-5-hydroxy-benzopyran-4-one"", 'Rel-(+)-(7S,9R,10S)-3,9,12-trihydroxycalamenene', 'Casearin S', '11β-acetoxyobacunone', '1-(5,7-dihydroxy-2,2-dimethylchroman- 6-yl)-3-[4-hydroxy-3-(3-methylbut-2-en-1-yl)- phenyl]propan-1-one', '(3R,4R)-4,7-Dihydroxymellein', ""Nitensoside B; Pedalitin 6-O-α-rhamnopyranosyl(1'''→6'')-β-glucopyranoside"", 'Gedunin', '6-[8(Z),11(Z),14-pentadecatrienyl]salicylic acid', 'Sorbifolin', ""Nitensoside A; Sorbifolin 6-O-α-rhamnopyranosyl(1'''→6'')-β-glucopyranoside"", 'Casearin O; (1R*,3S*,5S*,6aR*,7R*,8R*,9S*,10S*,10aR*)-1,10-Bis(acetyloxy)-5-methoxy-7,8-dimethyl-7-[(2Z)-3-methylpenta-2,4-dien-1-yl]-3,5,6,6a,7,8,9,10-octahydronaphtho[1,8a-c]furan-3,9-diyl Dibutanoate', 'germacrene D', 'Salacin', '6-pentadecylsalicylic acid', 'Methyl-2,2-dimethylchroman-6-carboxylate', 'Casearin L; (1R*,3S*,5S*,6aR*,7R*,8R*,9S*,10S*,10aR*)-1,10-Bis(acetyloxy)-3,5,6,6a,7,8,9,10-octahydro-9-hydroxy-5-methoxy-7,8-dimethyl-7-[(2Z)-3-methylpenta-2,4-dien-1-yl]naphtho[1,8a-c]-furan-3-yl Butanoate', 'Platydesmine', 'Leiokinine A', 'Cabraleadiol', 'schaftoside', ""(2S)-Methyl-8-isopentyl-2-methyl-2-(4'-methylpentyl)chroman-6-carboxylate"", 'Methyl gallate', '3-O-β-D-quinovopyranosyl cincholic acid', 'carlinoside', 'Methyl-8-(ethanoyloxy)-2,2-dimethyl-2H-chromene-6-carboxylate', '2β-Hydroxyzuelanin-6β-cinnamate', 'arjunolic acid', 'stachysterone', 'Ethyl 2,4-dihydroxy-5,6-dimethylbenzoate', 'Amentoflavone 7”,4”’-dimethyl ether', 'Picramnioside F', 'Lauryl gallate', 'Syringaldehyde', 'Syringic acid', '(+)-3-O-feruloylcassine', 'Amentoflavone', '1-(5,7-dihydroxy-2,2-dimethylchroman-6-yl)-3-(1,1,4a-trimethyl-2,3,4,4a,9a-hexahydro-1H-xanthen-7-yl)propan-1-one', 'Methyl (E)-6,7,8-trimethoxycinnamate', '3,4,5-Trimethoxyphenyl-1-O-β-D-(5-O-syringoyl)-apiofuranosyl-(1→6)-β-D-glucopyranoside', 'Mangiferin', 'Viburgenin', ""Pterogynoside; Kaempferol-3-O-(3''-O-4'''-methylgallate-α-L-rhamnoside)"", 'Isobutyl gallate', '7′-multijuguinone', 'Griseofulvin', ""7-Hydroxy-4',6-dimethoxyisoflavone; Afrormosin; Afromosin"", '8-methoxymellein', '(±)-Syringaresinol', 'Cyclo-(L-Pro-L-Val)', 'Acetonide of odoratol', ""Myrsinoic acid A, 3-Geranyl-4-hydroxy-5-(3'',3''-dimethylallyl)benzoic acid"", '20α-Hydroxymaytenin; 20-hydroxy-20-epi-tingenone', '(-)-Epigallocatechin-3-O-gallate', 'Casearin D; (1R*,3S*,5S*,6aR*,7R*,8R*,9S*,10S*,10aR*)-1-(Acetyloxy)-3,5,6,6a,7,8,9,10-octahydro-5,10-dihydroxy-7,8-dimethyl-7-[(2Z)-3-methylpenta-2,4-dien-1-yl]naphtho[1,8a-c]furan-3,9-diyl Dibutanoate', 'Rel. (+)-(7S,10S) 3,12-dihydroxycalamenene', 'Chalepin', 'Chlorogenic acid', '(4R)-4,8-dihydroxy-α-tetralone', 'Kaempferol', '3-O-β-D-quinovopyranosyl quinovic acid', '2-hydroxyphenylacetic acid', '2-methyl-5-[8(Z)-pentadecenyl]resorcinol']]",doi_name
"['10.1002/ps.1278', 'polypodine B']","['10.1002/ps.1278', ['guaiol', 'γ-eudesmol', 'Hinesol', 'α-eudesmol', 'Pimara-7,15-dien-3β-ol', 'Ergosterol peroxide', '8-hydroxy-6-methoxy-3-methylisocoumarin', '(22E,24R)-ergosta-4,6,8(14),22-tetraen-3-one', 'Dimethyl terephthalate', '11-O-trans-feruloylteucrein', 'Teucrein', 'Galioside aglicone', 'Apodanthoside', 'Galioside', ""3,4-dimethyl-2-(4'-hydroxy-3',5'-dimethoxyphenyl)-5-methoxy-tetrahydrofuran"", ""3',4',5',3,5,7,8-heptamethoxyflavone"", ""3,5,6,7,3',4',5'-heptamethoxyflavonol"", '3,3-O-dimethylquercetin', 'penduletin 4-O-methyl ether', '2α,3α,19α- trihydroxyurs-12-en-28-oic acid', '2α,3α-dihydroxyolean-12- en-28-oic acid', '3,7,4-O-trimethylkaempferol', 'p-hydroxybenzoic acid', '3-O-methylquercetin', 'Chrysoeriol', 'acacetin', 'Tagitinin C', '1-methoxy-3-hydroxy-3,10b-4,5a-diepoxy-8b-isobutyroyloxygermacr-11(13)-en-6a,12-olide', ""4-Hydroxy-3-(3',7'-dimethyl-3'-hydroxy-1'-oxo-6'-octenyl)benzoic acid"", ""4-Hydroxy-(3',7'-dimethyl-1'-oxo-octa-2'-E-6'-dienyl)benzoic acid"", ""Isosakuranetin; 5,7-dihydroxy-4'-methoxyflavanone"", ""1,4-Dihydroxy-2-(3',7'-dimethyl-1'-oxo-2'-E-6'-octadienyl)benzene"", ""Sakuranetin; 5,4'-dihydroxy-7-methoxyflavanone"", ""3',4'-methylenedioxy-5,6,7- trimethoxyflavone"", ""2'-hydroxy-3,4,4'-trimethoxy-5',6'-(2'',2''-dimethylpyrano)-chalcone"", ""3',4'-methylenedioxy-5,5',6,7-tetramethoxyflavone"", ""3',4'-methylenedioxy-5,7-dimethoxyflavone"", 'Aphidicolin', '21β,25-dimethylmelianodiol', '3,21-Di-epi-feroniellide B', '21α,25-dimethylmelianodiol', 'Cordifoline', 'Turbinatine', '3,4-dehydro-strictosidine', '3,4-dehydrostrictosidine acid', 'Strictosidine acid', '5α-carboxystrictosidine', 'Harman-3-carboxylic acid', 'Deoxycordifoline', '(+)-11α-Hydroxyerythravine', '(+)-Erythravine', '(+)-α-Hydroxyerysotrine', '4-metoxi-6-[2-(metilamino)fenil]- 2H-piran-2-ona', 'Kaempferol-3-O-rutinoside', 'Kaempferol-3-O-α-L-rhamnopyranosyl-(1→6)-β-D-galactopyranoside', 'Catechin, Ent-catechin', 'Procyanidin B-3', 'Kaempferol-3-O-D-galactopyranoside', '6-Hydroxy-rutin', 'Kaempferol-3-O-α-L-rhamnopyranosyl-(1-6)-α-L-rhamnopyranosyl-(1-4)-β-D-glucopyranoside', 'Quercetin-3-O-α-L-rhamnopyranosyl-(1→6)-β-D-galactopyranoside', 'Kaempferol-3-O-D-glucopyranoside', 'Taraxerol acetate', 'Nitensidine E', 'Nitensidine D', 'Beauvericin', 'Anhydrofusarubin', 'Hispidol A', 'Nilocetin', 'Oleanonic acid', 'Pentaol', 'cryptomeridiol', 'Iso-odoratol', 'Piscidinol A', '3,11-dioxoolean-12-en-28- onic acid', ""Isoswertisin-4'-methyl-ether-2''α-L-rhamnoside"", 'Clusifoliol', '2-Episesalatin', ""Isoswertisin-2''α1-L-rhamnoside"", 'Sesartemin', 'Citibrasine', '2,3-dihydro-4,9-dihydroxy-2-(2-hydroxy-propan-2-yl)- 11-methoxy-10-methylfuro[3,2-b]acridin-5(10H)-one', 'bis-5-hydroxyacronycine', 'astilbin; Rel-(2R, 3R)-dihydroquercetin-3-O-±-L-rhamnoside', 'Methyl (3R,4R,5R)-3-{[(2Z)-3-(3,4-dihydroxyphenyl)-2-propenoyl]oxy}-1,4,5-trihydroxycyclohexanecarboxylate', 'Methyl (3R,4R,5R)-3-{[(2E)-3-(3,4-dihydroxyphenyl)-2-propenoyl]oxy}-1,4,5-trihydroxycyclohexanecarboxylate', 'Chlorogenic acid methyl ester, Methyl (1S,3R,4R,5R)-3-{[(2E)-3-(3,4-dihydroxyphenyl)-2-propenoyl]oxy}-1,4,5-trihydroxycyclohexanecarboxylate', 'Mycoleptone A', '9-hydroxyeugenin', 'Mycoleptone A tetraacetate', 'Eugenitin', 'Mycoleptone B', 'Austdiol', 'Austdiol diacetate', '6-methoxyeugenin', 'α-Gardiol', 'β-Gardiol', 'Ferulic acid', 'Xanthyletin', '5,7-dimethoxy-2,2-dimethyl-2H-1-benzopyran-6-propanoic acid', '17-(3,4-Methylenedioxyphenyl)-heptadecanoic acid', ""7,4'-Dimethoxyflavone"", '21´-(3,4-Methylenedioxyphenyl)-henicosanoic acid', ""7,4'-Dihydroxyflavone"", '(+)-Guaiacin', '19´-(3,4-Methylenedioxyphenyl)-nonadecanoic acid', 'Sargachromenol', 'Sargaquinoic acid', 'Farnisine', ""Juruenolic acid; 2-(4'-Methylpentenyl-3)-10-oxoundecan-2,6-dienoic acid"", 'Fasciculiferin', 'Tithonine', '(-)-3-O-acetyl-spectaline', 'Stearic acid 4-pentoyloxyphenethyl ester', ""Rel-(7R,8S,7'S,8'S)-4',5'-methylenedioxy-3,4,5,3'-tetramethoxy-7,7'-epoxylignan"", ""Rel-(7R,8S,7'S,8'S)-4'-hydroxy-3,4,5,3',5'-pentamethoxy-7,7'-epoxylignan"", ""Rel-(7R,8S,7'S,8'S)-9-hydroxy-4',5'-methylenedioxy-3,4,5,3'-tetramethoxy-7,7'-epoxylignan"", ""Rel-(7R,8S,7'S,8'S)-4,5,4',5'-dimethylenedioxy-3,3'-dimethoxy-7,7'-epoxylignan"", ""Rel-(7R,8S,7'S,8'S)-4-hydroxy-4',5'-methylenedioxy-3,5,3'-trimethoxy-7,7'-epoxylignan"", '2-n-Propylquinoline', ""2-(1'-pentenyl)-Quinoline"", '2-n-Pentylquinoline', ""2-(3',4'-methylenedioxyphenylethyl)-Quinoline"", 'Epi-guaiacin', 'Verrucosin', '7-Methyl-sargachromenol; 2,7,8-Trimethyl-2-[(3-E,7-Z)-4,12-dimethyl-8-carboxyl-3,7,11-tridecatrienyl]-3-chromen-6-ol, β-caroteno', 'Nectandrin B', '1,3,5-trihydroxy- 2,8-bis(3-methylbut-2-enyl)-10-methyl-9-acridone', '5-hydroxynoracronycine; Atalaphyllidine', '3,4-dihydro-3,5,8-trihydroxy-6-methoxy-2,2,7-trimethyl-2Hpyrano[ 2,3-a]acridin-12(7H)-one', 'Citrusinine-I', 'Pyranofoline', 'Citrusinine-II', '1,3,5-trihydroxy-4-methoxy-10-methyl- 2,8-bis(3-methylbut-2-enyl)acridin-9(10H)-one', 'Glycocitrine-IV', 'Glycocitrine-I', '5,7-dimethoxy-2,2-dimethyl-2H-1-benzopyran-6-propanoate', 'β-caryophyllene, trans-caryophyllene', '3,4,5-Trimethoxydihydrocinnamic acid', ""4-Hydroxy-3-(3',7'-dimethylocta-2'-E-6'-dienyl)benzoic acid"", 'Methyl 2,2-dimethyl-1-oxo-2H-1-benzopyran-6-carboxylate', ""2',6'-Dihydroxy-4'-methoxydihydrochalcone"", ""Methyl 4-hydroxy-3-(3'-methyl-2'-butenyl)benzoate"", ""Methyl taboganate; Methyl 4-hydroxy-3-(3'-methyl-1'-oxo-2'-butenyl)benzoate"", ""Hostmaniene; 4-Hydroxy-3-(2',3'-dihydroxy-3'-methylbutyl)benzoate"", 'Piperaduncine B', ""4-Hydroxy-(3',7'-dimethyl-1'-oxo-octa-2'-Z-6'-dienyl)benzoic acid"", ""Aduncumene; Methyl 2-methoxy-5-(3'-methyl-1'-oxo-2'-butenyl)benzoate"", ""Methyl 4-hydroxy-3-(3'-methyl-2'-hydroxy-3'-butenyl)benzoate"", '7-Methoxydiderroside', 'Secoxyloganin', 'Diderroside', ""6'-Acetyl-β-D-glucopyranosyldiderroside"", 'Methacrylic acid', ""4-Methoxy-3-(3',7'-dimethylocta-2'-E-6'-dienyl)benzoic acid"", 'Methyl-8-hydroxy-2,2-dimethyl-2H-chromene-6-carboxylate', ""3-(3',7 '-dimethyl-2',6 '-octadienyl)-4-methoxy-benzoic acid"", 'cyclo (L)-Pro-Gly', 'Isopimpinellin', ""N-[3-(6'-methoxy-3',4'-methy-lenedioxyphenyl)-2(Z)-propenoyl]pyrrolidine"", '8,9-dihydropiplartine; N-(12,13,14-trimethoxydihydrocinnamoyl)-Δ3-pyridin-2-one', '(E)-piplartine', '10,11-dihydropiperine; Δα,β-dihydropiperine', 'Piperine', '4,5-dihydropiperlonguminine; Piperlonguminine', '4,5-dihydropiperyline', '(Z)-piplartine; 8(Z)-N-(12,13, 14-trimethoxycinnamoyl)- 3-pyridin-2-one', '(3Z,5Z)-N-isobutyl-8-(30,40-methylenedioxy-phenyl)-heptadienamide', 'Pellitorine', 'Cusculine; 1,2,3,5,6-pentamethoxy-9-acridone', 'Cuspanine; 1-hydroxy-2,3,5,6-tetramethoxy-9-acridone', '2α,3α-Dihydroxy-urs-12-en-28-oic acid', '3-O-β-D-(6’-methyl)-glucopyranosyl-28-O-β-D-glucopyranosyl-oleanate', 'Oleanolic acid 3-sophoroside', '5-hydroxyflavone', '2-phenyl-4H-chromen-4-one', 'β-Sitosterol benzoate', 'Haplotusine', 'Sinapyl 4-O-β-D-glucopyranoside aldehyde', 'N-acetylnonaine', 'Liriodenine', 'Sinapyl 4-O-β-D-glucopyranoside alcohol', '[10]-gingerol', ""2,4-Dihydroxy-6-[(1'E,3'E)-penta-1', 3'-dienyl]-benzaldehyde"", '2-methyl-5-[8(Z)-pentadecenyl]resorcinol', 'Nitensidine A', '2-hydroxyphenylacetic acid', '3-O-β-D-quinovopyranosyl quinovic acid', ""8-hydroxy-3,5,7,3',4',5'-hexamethoxyflavonol"", '2-methyl-5-pentadecylresorcinol', '3β-hydroxy-stigmast-5-en-7-one; 24-β-7-oxositosterol', 'scillascillin', '(4R)-4,8-dihydroxy-α-tetralone', 'Homoegonol', '[8]-gingerol', '4-Hydroxymellein', '5-hydroxymellein', 'fraxinellonone', 'Sorbifolin 6-O-β-glucopyranoside', 'Rel-2α-hydroxyzuelanin-6β-benzoate', '2,6-di-O-acetylcasearupestrin D', ""Methyl-2,2-dimethyl-8-(3'-methylbut-2'-enyl)chroman-6-carboxylate"", '2,7-Di-O-acetylcasearupestrin A', 'Odoratol', 'Leptomerine', '5-hydroxy-N-methylseverifoline', '19,20-Epoxycytochalasin N', 'ellagic acid 4-O-α-L-rhamnopyranoside; eschweilenol C', 'Mayoside C', 'Ourateacatechin', ""3',4',5',5,7-pentamethoxyflavone"", 'Acetonide of odoratol', '(−)-Grandisin', '24-methylenecycloartan-3b-ol', 'Skimmianine', 'p-hydroxybenzoic acid-geranyl ester', 'Dibenzyl disulphide', 'Proanthocyanidin', 'neoisoastilbin', '(R)-7-Hydroxymellein', ""5-(3'' -Hydroxypropyl)-7-methoxy-2-(3',4' -methyl-enedioxyphenyl)benzofuran"", '22β-hydroxypristimerin', '1- (5,7-dihydroxy-2,2-dimethylchroman-6-yl)-3-(2,2-dimethylchroman- 6-yl)propan-1-one', 'Canavaline', 'Di-hydrodehydrodiconiferyl alcohol', 'Quercetin', ""2-(2'-O-trans-cinnamoyl)-C-β-D-glucopyranosyl-1,3,6,7-tetrahydroxyxanthone"", 'Kokusaginine', 'Ocotillone', 'des-N-methylnoracronycine', '6α-acetoxy-14β,15β-epoxyazadirone', 'Maculosidine', 'Podocarpusflavone A', 'Casearupestrin C', '6α-malonyloxy-n-butyl ester manoyl oxide', 'citrusinine-I', 'Ricinine', 'Leptophyllin A', '5-pentadecylresorcinol', '19,20-Epoxycytochalasin D', 'fumiquinozoline F', 'Kaempferol 3-O-α-L-rhamnopyranosyl (1→6)-O-[β -D-glucopyranosyl (1→3)-O-α-L-rhamnopyranosyl-(1→2)]-O-β -D-glucopyranosyl', 'Nitensidine B', '1-methyl-2-n-nonyl-4-quinolone', '5-[8(Z),11(Z),14-pentadecatrienyl]resorcinol', 'Gallic acid; 3,4,5-trihydroxybenzoic acid', 'Caseobliquin A', 'Methyl angolensate', '3β-O-[α-L-rhamnopyranosyl-(1→2)-O-β-D-glucopyranosyl-(1→2)-O-β-D-glucopyranosyl]-28-O-β-D-glucopyranoside pomolate', 'Dibenzyl tetrasulphide', ""2',5-dihydroxy-3-methoxy-8-dimethylallyl-6, 7-(2' ',2''-dimethylpyrano)-dihydroflavonol"", '2-n-nonyl-4-quinolone', 'Cytochalasin D', 'Isoorientin', 'urauchimycin A', 'p-Coumaric acid', '(-)-Epigallocatechin', 'Netzahualcoyonol', '1-[3-(3,7-dimethylocta-2,6-dien-1-yl)-2,4,6- trihydroxyphenyl]-3-(4-hydroxyphenyl)propan-1-one', '6α-malonyloxymanoyl oxide', '6α-acetoxymanoyl oxide', 'Methyl-8-hydroxy-2,2-dimethylchroman-6-carboxylate', 'Dipropyl disulphide', '2-methyl-5-[8(Z),11(Z)-pentadecadienyl]resorcinol', 'Methyl 6,7,8-trimethoxydihydrocinnamate', '2-Hexyl-3-methyl-butanodioic acid', 'fraxinellone', '6-[ 8(Z),11(Z) -pentadecadienyl] salicylic acid', 'polypodine B', 'n-Propyl gallate', ""3',4',5',5,7,8-hexamethoxyflavone"", 'Isopropyl gallate', '6β-hydroxy-7-epigardoside methyl ester', 'Tetrahydropiperyline, N-[10-(13,14-methylenedioxyphenyl)-pentanoyl]-pyrrolidine', 'Piperovatine', '2,4,6-trimethoxybenzoic acid', '1-O-(E)-caffeoyl-β-D-glucopyranoside', 'Quercitrin, 3-O-α-rhamnosylquercetin', 'Quercetin 3-O-α-L-rhamnopyranosyl (1→6)-O-[β -D-glucopyranosyl (1→3)-O-α-L-rhamnopyranosyl-(1→2)]-O-β -D-glucopyranosyl', 'Heveaflavone', 'Arboreumine', '3-Oxoursolic acid', 'Casearupestrin B', 'toonacilin', 'Uracil', '1-O-(E)-feruloyl-β-D-glucopyranoside', '19,20-Epoxycytochalasin C', 'Benzylhydroxymethyl sulphide', '1,6-di-O-caffeoyl-β-D-glucopyranoside', '2-methyl-5-[8(Z),11(Z),14-pentadecatrienyl]resorcinol', 'epoxy-fraxinellone', '12′-hydroxy-7′-multijuguinone', 'Kaempferitrin', 'Nitensidine C', 'Casearupestrin D', 'Chaetoglobosin B', 'n-Pentyl gallate', 'Orcinol', 'Periconicin B', 'Phomopsilactone', ""(2S)-8-Isopentyl-2-methyl-2-(4'-methylpentyl)chroman-6-carboxylic acid"", '2,2-dimethyl-2H-chromene-6-carboxylic acid', '1,2-dihydro- 3β-hydroxy-7-deacetoxy-7-oxogedunin', 'Photogedunin', 'Casearin X; (1R*,3S*,5S*,6aR*,7S*,8S*,10R*,10aR*)-1-(Acetyloxy)-3,5,6,6a,7,8,9,10-octahydro-10-hydroxy-7,8-dimethyl-7-[(2Z)-3-methylpenta-2,4-dien-1-yl]naphtho[1,8a-c]furan-3,5-diyl Dibutanoate', ""2-(R)-Methyl-6-(S)-(tetradecyl-13'-one)-3(R)-O-tert-butyldimethylsilyl-piperidine"", '(2S)-Methyl-2-methyl-8-(3""-methylbut-2""-enyl)-2-(4\'-methylpent-3\'-enyl)-2H-chromene-6-carboxylate', '20-hydroxyecdysone; polypodine A', '3-Acetyl aleuritolic acid', 'Alkenoic acid', ""2-(2'-O-trans-caffeoyl)-C-β-D-glucopyranosyl-1,3,6,7-tetrahydroxyxanthone"", 'Netzahualcoyene', 'Casearin X Dialdehyde; (2R*,4aS*,5S*,7R*,8R*,8aS*)-4,4a-Diformyl-1,2,4a,5,6,7,8,8a-octahydro-5-hydroxy-7,8-dimethyl-8-[(2Z)-3-methylpenta-2,4-dien-1-yl]naphthalen-2-yl Butanoate', 'Casearin T', 'Piperyline, N-[10-(13,14-methylenedioxyphenyl)-7(E),9(E)-pentadienoyl]-pyrrolidine', 'ω-fenil alcanoic acid', '2-butyl-D-fructofuranoside', ""Gaudichaudianic acid; (2S)-2-methyl-2-(4'methyl-3'-pentenyl)-8-(3''-methyl-2-butenyl)- 2H-1-benzopyran-6-carboxylic acid"", 'limonexic acid', 'Pedalitin', 'Di(benzyltrithio) methane', '3,11,12-Trihydroxycadalene', 'Quercetin 3-O-sophoroside', '(3R,4R)-3,4-Dihydro-4,6-dihydroxy-3-methyl-1-oxo-1H-isochromene-5-carboxylic acid', '24-methylene-3,22-dihydroxycholesterol', 'amorphispironone', 'taxifolin', ""(2'S)-2-(propan-2'-ol)-5-hydroxy-benzopyran-4-one"", 'Rel-(+)-(7S,9R,10S)-3,9,12-trihydroxycalamenene', 'Casearin S', '11β-acetoxyobacunone', '1-(5,7-dihydroxy-2,2-dimethylchroman- 6-yl)-3-[4-hydroxy-3-(3-methylbut-2-en-1-yl)- phenyl]propan-1-one', '(3R,4R)-4,7-Dihydroxymellein', 'Piperol B', '(-)-Hardwickiic acid', ""5-[3''-(β-D-glucopyranosyloxy)propyl]-7-methoxy-2-(3',4'-methylenedioxyphenyl)benzofuran"", '28-O-β-D-glucopyranosyl quinovic acid', '2-Methyl-4-hydroxy-butyl caffeoate', 'N-1,N-2,N-3-Triisopentenylguanidine', 'Dibenzyl trisulphide', 'Maytenin, Tingenone', 'urauchimycin B', '6-[8(Z)-pentadecenyl]salicylic acid', '(2S)-2-methyl-8-(3""-methylbut-2""-enyl)-2-(4\'-methylpent-3\'-enyl)-2H-chromene-6-carboxylic acid', 'Burchellin', '5-[8(Z)-pentadecenyl]resorcinol', 'Luteolin; 2-(3,4-dihydroxyphenyl)-5,7-dihydroxy-4H-chromen-4-one', 'Sinapic acid', '19,20-Epoxycytochalasin Q', '19,20-Epoxycytochalasin R', 'Muraxanthone', 'Odoratone', 'Rel-6β-hydroxyzuelanin-2β-benzoate', ""2-(2'-O-benzoyl)-C-β-D-glucopyranosyl-1,3,6,7-tetrahydroxyxanthone"", 'Isoplumericin', 'α-L-xylopyranosyl-(4""→20)-(3-O-β-D-glucopyranosyl)-1\'-O-E-caffeoyl-β-D-glucopyranoside', 'Casearupestrin A', '2-oxo-piperol B; (7S*, 8R*, 1R*, 3R*)-3,4,5-trimethoxy-3,7-cyclo-8,1-neolig-8-ene-2,4(3H)-dione', ""N-[7-(3',4'-methylenedioxyphenyl)-2(Z),4(Z)-heptadienoyl]pyrrolidine"", ""Acteoside; [β-3,4-dihydroxyphenyl)-ethyl]-(3'-O-α-L-rhamnopyranosyl)-(4'-O-cafeoyl)-β-D-glycopyranoside, verbascoside"", 'shidasterone', '5-hydroxymethyl- 2-furancarboxaldehyde; 5-hydroxymethyl-2-furfuraldehyde', 'atalaphyllinine', 'N-[10- (13,14-methylenedioxyphenyl)-7(E)-pentaenoyl]-pyrrolidine', '2-Methyl-5-methoxy-benzopyran-4-one', '3,4-dihydroxybenzoic acid geranyl ester', 'N-[10-(13,14-methylenedioxyphenyl)-7(E),9(Z)-pentadienoyl]-pyrrolidine', 'Gedunin', 'Pedalin, pedalitin 6-O-β -glucopyranoside', 'Caseargrewiin F; (1R*,3S*,5S*,6aR*,7S*,8R*,10R*,10aR*)-1,3-Bis(acetyloxy)-3,5,6,6a,7,8,9,10-octahydro-10-hydroxy-7,8-dimethyl-7-[(2Z)-3-methylpenta-2,4-dien-1-yl]naphtho[1,8a-c]furan-5-yl Butanoate', 'Casearin L; (1R*,3S*,5S*,6aR*,7R*,8R*,9S*,10S*,10aR*)-1,10-Bis(acetyloxy)-3,5,6,6a,7,8,9,10-octahydro-9-hydroxy-5-methoxy-7,8-dimethyl-7-[(2Z)-3-methylpenta-2,4-dien-1-yl]naphtho[1,8a-c]-furan-3-yl Butanoate', 'Platydesmine', ""Nitensoside B; Pedalitin 6-O-α-rhamnopyranosyl(1'''→6'')-β-glucopyranoside"", 'Amentoflavone', 'Methyl (E)-6,7,8-trimethoxycinnamate', '3,4,5-Trimethoxyphenyl-1-O-β-D-(5-O-syringoyl)-apiofuranosyl-(1→6)-β-D-glucopyranoside', '6-[8(Z),11(Z),14-pentadecatrienyl]salicylic acid', 'Sorbifolin', ""Nitensoside A; Sorbifolin 6-O-α-rhamnopyranosyl(1'''→6'')-β-glucopyranoside"", 'Casearin O; (1R*,3S*,5S*,6aR*,7R*,8R*,9S*,10S*,10aR*)-1,10-Bis(acetyloxy)-5-methoxy-7,8-dimethyl-7-[(2Z)-3-methylpenta-2,4-dien-1-yl]-3,5,6,6a,7,8,9,10-octahydronaphtho[1,8a-c]furan-3,9-diyl Dibutanoate', 'germacrene D', '(-)-Spectalinine', 'Netzahualcoyondiol', 'Pristimerin; 20α-3-hydroxy-2-oxo-24-nor-friedela-1-10,3,5,7-tetraen-carboxylic acid-29-methylester', '3,4,5-trimethoxyphenyl 1-O-β-D-apiofuranosyl-(1→6)-O-β-D-glucopyranoside', 'β-photogedunin', 'n-Butyl gallate', ""5-[3''-(β-D-glucopyranosyloxy)propyl]-7-methoxy-2-(3',4'-dimethoxyphenyl)benzofuran"", '3,12-Dihydroxycadalene', '7-hydroxy-3- (11-dimethylallyl)-8-methoxycoumarin', 'Afzelin, 3-O-α-rhamnosyl kaempferol', 'Egonol', '4-Nerolidilcatechol', ""2-(2'-O-transcoumaroyl)-C-β-D-glucopyranosyl-1,3,6,7-tetrahydroxyxanthone"", 'Syringic acid', '(+)-3-O-feruloylcassine', '6-pentadecylsalicylic acid', 'Methyl-2,2-dimethylchroman-6-carboxylate', ""Myrsinoic acid A, 3-Geranyl-4-hydroxy-5-(3'',3''-dimethylallyl)benzoic acid"", '20α-Hydroxymaytenin; 20-hydroxy-20-epi-tingenone', 'Leiokinine A', 'Cabraleadiol', 'schaftoside', ""(2S)-Methyl-8-isopentyl-2-methyl-2-(4'-methylpentyl)chroman-6-carboxylate"", '3,4,5-Triacetoxybenzoic acid', '1-(5,7-dihydroxy-2,2-dimethylchroman-6-yl)-3-(1,1,4a-trimethyl-2,3,4,4a,9a-hexahydro-1H-xanthen-7-yl)propan-1-one', '(±)-Syringaresinol', 'Cyclo-(L-Pro-L-Val)', '(-)-Epigallocatechin-3-O-gallate', 'Casearin D; (1R*,3S*,5S*,6aR*,7R*,8R*,9S*,10S*,10aR*)-1-(Acetyloxy)-3,5,6,6a,7,8,9,10-octahydro-5,10-dihydroxy-7,8-dimethyl-7-[(2Z)-3-methylpenta-2,4-dien-1-yl]naphtho[1,8a-c]furan-3,9-diyl Dibutanoate', 'Rel. (+)-(7S,10S) 3,12-dihydroxycalamenene', 'carlinoside', 'Methyl-8-(ethanoyloxy)-2,2-dimethyl-2H-chromene-6-carboxylate', 'arjunolic acid', 'stachysterone', 'Ethyl 2,4-dihydroxy-5,6-dimethylbenzoate', 'Amentoflavone 7”,4”’-dimethyl ether', 'Picramnioside F', 'Lauryl gallate', 'Syringaldehyde', 'Methyl gallate', '3-O-β-D-quinovopyranosyl cincholic acid', 'Dibenzyl sulphide', '(-) Cis-4-hydroxy-6-deoxyscytalone', 'Plumericin', '5-[8(Z),11(Z)-pentadecadienyl]resorcinol', '22-hydroxytirucalla-7,24-diene-2,3-dione', 'Trans-3’-methylsulphonylallyl trans-cinnamate', '(3-(2-(4-hydroxyphenyl)-2-oxoethyl)-5,6-dihydropyridin- 2(1H)-one)', 'Mangiferin', 'Salacin', 'Viburgenin', ""Pterogynoside; Kaempferol-3-O-(3''-O-4'''-methylgallate-α-L-rhamnoside)"", 'Isobutyl gallate', '7′-multijuguinone', 'Griseofulvin', ""7-Hydroxy-4',6-dimethoxyisoflavone; Afrormosin; Afromosin"", '8-methoxymellein', 'Ixoside', '2β-Hydroxyzuelanin-6β-cinnamate', 'Cognatine', 'Fagaramide', 'Chalepin', 'Chlorogenic acid', 'Kaempferol']]",doi_name
"['10.1590/S0103-50532005000400005', 'Burchellin']","['10.1590/S0103-50532005000400005', ['Teucrein', 'Apodanthoside', 'Galioside', '11-O-trans-feruloylteucrein', 'Galioside aglicone', 'Hinesol', 'guaiol', 'γ-eudesmol', 'α-eudesmol', 'Epi-guaiacin', 'Verrucosin', '7-Methyl-sargachromenol; 2,7,8-Trimethyl-2-[(3-E,7-Z)-4,12-dimethyl-8-carboxyl-3,7,11-tridecatrienyl]-3-chromen-6-ol, β-caroteno', 'Nectandrin B', '9-hydroxyeugenin', '6-methoxyeugenin', 'Eugenitin', 'Austdiol', 'Mycoleptone B', 'Mycoleptone A', 'Austdiol diacetate', 'Mycoleptone A tetraacetate', '7-Methoxydiderroside', 'Diderroside', ""6'-Acetyl-β-D-glucopyranosyldiderroside"", 'Secoxyloganin', '2-n-Propylquinoline', ""2-(3',4'-methylenedioxyphenylethyl)-Quinoline"", '2-n-Pentylquinoline', ""2-(1'-pentenyl)-Quinoline"", '5,7-dimethoxy-2,2-dimethyl-2H-1-benzopyran-6-propanoate', 'Chlorogenic acid methyl ester, Methyl (1S,3R,4R,5R)-3-{[(2E)-3-(3,4-dihydroxyphenyl)-2-propenoyl]oxy}-1,4,5-trihydroxycyclohexanecarboxylate', 'Xanthyletin', ""Rel-(7R,8S,7'S,8'S)-4-hydroxy-4',5'-methylenedioxy-3,5,3'-trimethoxy-7,7'-epoxylignan"", ""Rel-(7R,8S,7'S,8'S)-4,5,4',5'-dimethylenedioxy-3,3'-dimethoxy-7,7'-epoxylignan"", ""Rel-(7R,8S,7'S,8'S)-4'-hydroxy-3,4,5,3',5'-pentamethoxy-7,7'-epoxylignan"", ""Rel-(7R,8S,7'S,8'S)-4',5'-methylenedioxy-3,4,5,3'-tetramethoxy-7,7'-epoxylignan"", ""Rel-(7R,8S,7'S,8'S)-9-hydroxy-4',5'-methylenedioxy-3,4,5,3'-tetramethoxy-7,7'-epoxylignan"", ""2'-hydroxy-3,4,4'-trimethoxy-5',6'-(2'',2''-dimethylpyrano)-chalcone"", ""3',4'-methylenedioxy-5,6,7- trimethoxyflavone"", ""3',4'-methylenedioxy-5,5',6,7-tetramethoxyflavone"", ""3',4'-methylenedioxy-5,7-dimethoxyflavone"", 'cyclo (L)-Pro-Gly', 'α-Gardiol', 'β-Gardiol', 'Ferulic acid', ""4-Methoxy-3-(3',7'-dimethylocta-2'-E-6'-dienyl)benzoic acid"", 'Methyl-8-hydroxy-2,2-dimethyl-2H-chromene-6-carboxylate', ""3-(3',7 '-dimethyl-2',6 '-octadienyl)-4-methoxy-benzoic acid"", 'Kaempferol-3-O-α-L-rhamnopyranosyl-(1→6)-β-D-galactopyranoside', 'Kaempferol-3-O-rutinoside', 'Catechin, Ent-catechin', 'Procyanidin B-3', 'Quercetin-3-O-α-L-rhamnopyranosyl-(1→6)-β-D-galactopyranoside', 'Kaempferol-3-O-α-L-rhamnopyranosyl-(1-6)-α-L-rhamnopyranosyl-(1-4)-β-D-glucopyranoside', '6-Hydroxy-rutin', 'Kaempferol-3-O-D-glucopyranoside', 'Kaempferol-3-O-D-galactopyranoside', 'Taraxerol acetate', 'Isopimpinellin', '21β,25-dimethylmelianodiol', '21α,25-dimethylmelianodiol', '3,21-Di-epi-feroniellide B', '2,3-dihydro-4,9-dihydroxy-2-(2-hydroxy-propan-2-yl)- 11-methoxy-10-methylfuro[3,2-b]acridin-5(10H)-one', 'bis-5-hydroxyacronycine', 'Citibrasine', '(-)-3-O-acetyl-spectaline', '17-(3,4-Methylenedioxyphenyl)-heptadecanoic acid', '19´-(3,4-Methylenedioxyphenyl)-nonadecanoic acid', 'Farnisine', 'Sargachromenol', ""7,4'-Dihydroxyflavone"", 'Sargaquinoic acid', '21´-(3,4-Methylenedioxyphenyl)-henicosanoic acid', ""7,4'-Dimethoxyflavone"", '(+)-Guaiacin', 'Tithonine', ""Juruenolic acid; 2-(4'-Methylpentenyl-3)-10-oxoundecan-2,6-dienoic acid"", 'Fasciculiferin', '(Z)-piplartine; 8(Z)-N-(12,13, 14-trimethoxycinnamoyl)- 3-pyridin-2-one', '4,5-dihydropiperyline', '8,9-dihydropiplartine; N-(12,13,14-trimethoxydihydrocinnamoyl)-Δ3-pyridin-2-one', '4,5-dihydropiperlonguminine; Piperlonguminine', ""N-[3-(6'-methoxy-3',4'-methy-lenedioxyphenyl)-2(Z)-propenoyl]pyrrolidine"", '(E)-piplartine', 'Piperine', '10,11-dihydropiperine; Δα,β-dihydropiperine', '(3Z,5Z)-N-isobutyl-8-(30,40-methylenedioxy-phenyl)-heptadienamide', 'Pellitorine', ""3,4-dimethyl-2-(4'-hydroxy-3',5'-dimethoxyphenyl)-5-methoxy-tetrahydrofuran"", 'Aphidicolin', '3,3-O-dimethylquercetin', '2α,3α,19α- trihydroxyurs-12-en-28-oic acid', 'penduletin 4-O-methyl ether', 'Chrysoeriol', 'p-hydroxybenzoic acid', '2α,3α-dihydroxyolean-12- en-28-oic acid', '3-O-methylquercetin', 'acacetin', '3,7,4-O-trimethylkaempferol', ""Aduncumene; Methyl 2-methoxy-5-(3'-methyl-1'-oxo-2'-butenyl)benzoate"", ""4-Hydroxy-(3',7'-dimethyl-1'-oxo-octa-2'-Z-6'-dienyl)benzoic acid"", ""Methyl 4-hydroxy-3-(3'-methyl-2'-hydroxy-3'-butenyl)benzoate"", 'Piperaduncine B', ""Methyl 4-hydroxy-3-(3'-methyl-2'-butenyl)benzoate"", ""2',6'-Dihydroxy-4'-methoxydihydrochalcone"", ""Methyl taboganate; Methyl 4-hydroxy-3-(3'-methyl-1'-oxo-2'-butenyl)benzoate"", 'Methyl 2,2-dimethyl-1-oxo-2H-1-benzopyran-6-carboxylate', '3,4,5-Trimethoxydihydrocinnamic acid', ""4-Hydroxy-3-(3',7'-dimethylocta-2'-E-6'-dienyl)benzoic acid"", ""Hostmaniene; 4-Hydroxy-3-(2',3'-dihydroxy-3'-methylbutyl)benzoate"", 'Stearic acid 4-pentoyloxyphenethyl ester', '(+)-11α-Hydroxyerythravine', '(+)-α-Hydroxyerysotrine', '(+)-Erythravine', 'Beauvericin', 'Anhydrofusarubin', ""3',4',5',3,5,7,8-heptamethoxyflavone"", ""3,5,6,7,3',4',5'-heptamethoxyflavonol"", 'Methyl (3R,4R,5R)-3-{[(2Z)-3-(3,4-dihydroxyphenyl)-2-propenoyl]oxy}-1,4,5-trihydroxycyclohexanecarboxylate', 'Methyl (3R,4R,5R)-3-{[(2E)-3-(3,4-dihydroxyphenyl)-2-propenoyl]oxy}-1,4,5-trihydroxycyclohexanecarboxylate', '1-methoxy-3-hydroxy-3,10b-4,5a-diepoxy-8b-isobutyroyloxygermacr-11(13)-en-6a,12-olide', 'Tagitinin C', '5,7-dimethoxy-2,2-dimethyl-2H-1-benzopyran-6-propanoic acid', 'Nitensidine E', 'Nitensidine D', ""Isoswertisin-2''α1-L-rhamnoside"", '2-Episesalatin', 'Sesartemin', ""Isoswertisin-4'-methyl-ether-2''α-L-rhamnoside"", 'Clusifoliol', '5-hydroxynoracronycine; Atalaphyllidine', '3,4-dihydro-3,5,8-trihydroxy-6-methoxy-2,2,7-trimethyl-2Hpyrano[ 2,3-a]acridin-12(7H)-one', 'Citrusinine-I', 'Citrusinine-II', 'Glycocitrine-IV', '1,3,5-trihydroxy-4-methoxy-10-methyl- 2,8-bis(3-methylbut-2-enyl)acridin-9(10H)-one', 'Glycocitrine-I', '1,3,5-trihydroxy- 2,8-bis(3-methylbut-2-enyl)-10-methyl-9-acridone', 'Pyranofoline', 'astilbin; Rel-(2R, 3R)-dihydroquercetin-3-O-±-L-rhamnoside', '3,4-dehydro-strictosidine', 'Cordifoline', 'Harman-3-carboxylic acid', '3,4-dehydrostrictosidine acid', 'Strictosidine acid', 'Turbinatine', '5α-carboxystrictosidine', 'Deoxycordifoline', '4-metoxi-6-[2-(metilamino)fenil]- 2H-piran-2-ona', ""4-Hydroxy-3-(3',7'-dimethyl-3'-hydroxy-1'-oxo-6'-octenyl)benzoic acid"", ""Sakuranetin; 5,4'-dihydroxy-7-methoxyflavanone"", ""1,4-Dihydroxy-2-(3',7'-dimethyl-1'-oxo-2'-E-6'-octadienyl)benzene"", ""4-Hydroxy-(3',7'-dimethyl-1'-oxo-octa-2'-E-6'-dienyl)benzoic acid"", ""Isosakuranetin; 5,7-dihydroxy-4'-methoxyflavanone"", 'Hispidol A', 'Nilocetin', 'Iso-odoratol', '3,11-dioxoolean-12-en-28- onic acid', 'Pentaol', 'Oleanonic acid', 'cryptomeridiol', 'Piscidinol A', 'Dimethyl terephthalate', '(22E,24R)-ergosta-4,6,8(14),22-tetraen-3-one', '8-hydroxy-6-methoxy-3-methylisocoumarin', 'Ergosterol peroxide', 'Pimara-7,15-dien-3β-ol', 'Methacrylic acid', 'β-caryophyllene, trans-caryophyllene', 'Cuspanine; 1-hydroxy-2,3,5,6-tetramethoxy-9-acridone', 'Cusculine; 1,2,3,5,6-pentamethoxy-9-acridone', '2α,3α-Dihydroxy-urs-12-en-28-oic acid', '3-O-β-D-(6’-methyl)-glucopyranosyl-28-O-β-D-glucopyranosyl-oleanate', 'Oleanolic acid 3-sophoroside', 'Haplotusine', '5-hydroxyflavone', 'β-Sitosterol benzoate', '2-phenyl-4H-chromen-4-one', 'Sinapyl 4-O-β-D-glucopyranoside aldehyde', 'Sinapyl 4-O-β-D-glucopyranoside alcohol', 'Liriodenine', 'N-acetylnonaine', '[10]-gingerol', ""2,4-Dihydroxy-6-[(1'E,3'E)-penta-1', 3'-dienyl]-benzaldehyde"", 'Kokusaginine', ""2-(2'-O-trans-caffeoyl)-C-β-D-glucopyranosyl-1,3,6,7-tetrahydroxyxanthone"", 'Netzahualcoyene', 'Casearin X Dialdehyde; (2R*,4aS*,5S*,7R*,8R*,8aS*)-4,4a-Diformyl-1,2,4a,5,6,7,8,8a-octahydro-5-hydroxy-7,8-dimethyl-8-[(2Z)-3-methylpenta-2,4-dien-1-yl]naphthalen-2-yl Butanoate', 'polypodine B', 'n-Propyl gallate', ""3',4',5',5,7,8-hexamethoxyflavone"", 'Isopropyl gallate', '6β-hydroxy-7-epigardoside methyl ester', 'Tetrahydropiperyline, N-[10-(13,14-methylenedioxyphenyl)-pentanoyl]-pyrrolidine', 'Piperovatine', '2,4,6-trimethoxybenzoic acid', '1-O-(E)-caffeoyl-β-D-glucopyranoside', 'Gallic acid; 3,4,5-trihydroxybenzoic acid', '5-hydroxy-N-methylseverifoline', '19,20-Epoxycytochalasin N', 'ellagic acid 4-O-α-L-rhamnopyranoside; eschweilenol C', 'Mayoside C', 'Ourateacatechin', ""3',4',5',5,7-pentamethoxyflavone"", '2-methyl-5-pentadecylresorcinol', '3β-hydroxy-stigmast-5-en-7-one; 24-β-7-oxositosterol', '(±)-Syringaresinol', 'Cyclo-(L-Pro-L-Val)', 'Acetonide of odoratol', '(−)-Grandisin', '24-methylenecycloartan-3b-ol', 'Ixoside', 'Cognatine', 'Fagaramide', '5-[8(Z),11(Z),14-pentadecatrienyl]resorcinol', 'Piperol B', '(-)-Hardwickiic acid', ""5-[3''-(β-D-glucopyranosyloxy)propyl]-7-methoxy-2-(3',4'-methylenedioxyphenyl)benzofuran"", '28-O-β-D-glucopyranosyl quinovic acid', '2-Methyl-4-hydroxy-butyl caffeoate', 'N-1,N-2,N-3-Triisopentenylguanidine', 'Dibenzyl trisulphide', 'Maytenin, Tingenone', 'Maculosidine', 'Podocarpusflavone A', '2-methyl-5-[8(Z)-pentadecenyl]resorcinol', 'Nitensidine A', ""8-hydroxy-3,5,7,3',4',5'-hexamethoxyflavonol"", 'Odoratol', 'Leptomerine', '6α-malonyloxy-n-butyl ester manoyl oxide', 'citrusinine-I', 'Ricinine', 'Leptophyllin A', '5-pentadecylresorcinol', '19,20-Epoxycytochalasin D', 'fumiquinozoline F', 'Kaempferol 3-O-α-L-rhamnopyranosyl (1→6)-O-[β -D-glucopyranosyl (1→3)-O-α-L-rhamnopyranosyl-(1→2)]-O-β -D-glucopyranosyl', '3β-O-[α-L-rhamnopyranosyl-(1→2)-O-β-D-glucopyranosyl-(1→2)-O-β-D-glucopyranosyl]-28-O-β-D-glucopyranoside pomolate', 'Dibenzyl tetrasulphide', ""2',5-dihydroxy-3-methoxy-8-dimethylallyl-6, 7-(2' ',2''-dimethylpyrano)-dihydroflavonol"", '2-n-nonyl-4-quinolone', 'Cytochalasin D', '2,7-Di-O-acetylcasearupestrin A', 'Nitensidine B', '1-methyl-2-n-nonyl-4-quinolone', ""Methyl-2,2-dimethyl-8-(3'-methylbut-2'-enyl)chroman-6-carboxylate"", 'Isoorientin', 'urauchimycin B', 'Homoegonol', '[8]-gingerol', '4-Hydroxymellein', '5-hydroxymellein', 'fraxinellonone', 'Dibenzyl sulphide', '(-) Cis-4-hydroxy-6-deoxyscytalone', 'Plumericin', '5-[8(Z),11(Z)-pentadecadienyl]resorcinol', '(-)-Spectalinine', 'Uracil', 'urauchimycin A', 'Casearupestrin C', 'Arboreumine', '3-Oxoursolic acid', 'Caseobliquin A', 'Methyl angolensate', ""5-(3'' -Hydroxypropyl)-7-methoxy-2-(3',4' -methyl-enedioxyphenyl)benzofuran"", '22β-hydroxypristimerin', '1- (5,7-dihydroxy-2,2-dimethylchroman-6-yl)-3-(2,2-dimethylchroman- 6-yl)propan-1-one', 'Canavaline', 'Di-hydrodehydrodiconiferyl alcohol', 'Quercetin', ""2-(2'-O-trans-cinnamoyl)-C-β-D-glucopyranosyl-1,3,6,7-tetrahydroxyxanthone"", 'Ocotillone', 'des-N-methylnoracronycine', 'Sorbifolin 6-O-β-glucopyranoside', 'Rel-2α-hydroxyzuelanin-6β-benzoate', '2,6-di-O-acetylcasearupestrin D', 'Pedalitin', '1-O-(E)-feruloyl-β-D-glucopyranoside', '19,20-Epoxycytochalasin C', 'p-Coumaric acid', '(-)-Epigallocatechin', 'Netzahualcoyonol', '1-[3-(3,7-dimethylocta-2,6-dien-1-yl)-2,4,6- trihydroxyphenyl]-3-(4-hydroxyphenyl)propan-1-one', '6α-malonyloxymanoyl oxide', 'Benzylhydroxymethyl sulphide', '1,6-di-O-caffeoyl-β-D-glucopyranoside', '2-methyl-5-[8(Z),11(Z),14-pentadecatrienyl]resorcinol', '20-hydroxyecdysone; polypodine A', '3-Acetyl aleuritolic acid', 'Alkenoic acid', 'Quercetin 3-O-α-L-rhamnopyranosyl (1→6)-O-[β -D-glucopyranosyl (1→3)-O-α-L-rhamnopyranosyl-(1→2)]-O-β -D-glucopyranosyl', 'Heveaflavone', ""2-(R)-Methyl-6-(S)-(tetradecyl-13'-one)-3(R)-O-tert-butyldimethylsilyl-piperidine"", '(2S)-Methyl-2-methyl-8-(3""-methylbut-2""-enyl)-2-(4\'-methylpent-3\'-enyl)-2H-chromene-6-carboxylate', 'Casearin T', 'Piperyline, N-[10-(13,14-methylenedioxyphenyl)-7(E),9(E)-pentadienoyl]-pyrrolidine', 'Casearupestrin B', 'toonacilin', 'Netzahualcoyondiol', 'Pristimerin; 20α-3-hydroxy-2-oxo-24-nor-friedela-1-10,3,5,7-tetraen-carboxylic acid-29-methylester', '3,4,5-trimethoxyphenyl 1-O-β-D-apiofuranosyl-(1→6)-O-β-D-glucopyranoside', 'β-photogedunin', 'n-Butyl gallate', ""5-[3''-(β-D-glucopyranosyloxy)propyl]-7-methoxy-2-(3',4'-dimethoxyphenyl)benzofuran"", '3,12-Dihydroxycadalene', '7-hydroxy-3- (11-dimethylallyl)-8-methoxycoumarin', ""N-[7-(3',4'-methylenedioxyphenyl)-2(Z),4(Z)-heptadienoyl]pyrrolidine"", ""Acteoside; [β-3,4-dihydroxyphenyl)-ethyl]-(3'-O-α-L-rhamnopyranosyl)-(4'-O-cafeoyl)-β-D-glycopyranoside, verbascoside"", '(R)-7-Hydroxymellein', '6α-acetoxymanoyl oxide', 'Methyl-8-hydroxy-2,2-dimethylchroman-6-carboxylate', 'Di(benzyltrithio) methane', '3,11,12-Trihydroxycadalene', 'Quercetin 3-O-sophoroside', 'n-Pentyl gallate', 'Orcinol', 'Periconicin B', 'Phomopsilactone', ""(2S)-8-Isopentyl-2-methyl-2-(4'-methylpentyl)chroman-6-carboxylic acid"", '2,2-dimethyl-2H-chromene-6-carboxylic acid', '1,2-dihydro- 3β-hydroxy-7-deacetoxy-7-oxogedunin', 'Photogedunin', 'Casearin X; (1R*,3S*,5S*,6aR*,7S*,8S*,10R*,10aR*)-1-(Acetyloxy)-3,5,6,6a,7,8,9,10-octahydro-10-hydroxy-7,8-dimethyl-7-[(2Z)-3-methylpenta-2,4-dien-1-yl]naphtho[1,8a-c]furan-3,5-diyl Dibutanoate', 'α-L-xylopyranosyl-(4""→20)-(3-O-β-D-glucopyranosyl)-1\'-O-E-caffeoyl-β-D-glucopyranoside', '6-[8(Z)-pentadecenyl]salicylic acid', '(2S)-2-methyl-8-(3""-methylbut-2""-enyl)-2-(4\'-methylpent-3\'-enyl)-2H-chromene-6-carboxylic acid', 'Burchellin', '5-[8(Z)-pentadecenyl]resorcinol', 'Luteolin; 2-(3,4-dihydroxyphenyl)-5,7-dihydroxy-4H-chromen-4-one', 'Sinapic acid', '19,20-Epoxycytochalasin Q', 'ω-fenil alcanoic acid', '2-butyl-D-fructofuranoside', ""Gaudichaudianic acid; (2S)-2-methyl-2-(4'methyl-3'-pentenyl)-8-(3''-methyl-2-butenyl)- 2H-1-benzopyran-6-carboxylic acid"", 'limonexic acid', 'Skimmianine', 'p-hydroxybenzoic acid-geranyl ester', 'Dibenzyl disulphide', 'Proanthocyanidin', 'neoisoastilbin', 'Nitensidine C', 'Dipropyl disulphide', '2-methyl-5-[8(Z),11(Z)-pentadecadienyl]resorcinol', 'Methyl 6,7,8-trimethoxydihydrocinnamate', '2-Hexyl-3-methyl-butanodioic acid', 'fraxinellone', '6-[ 8(Z),11(Z) -pentadecadienyl] salicylic acid', '3,4,5-Triacetoxybenzoic acid', '(3R,4R)-3,4-Dihydro-4,6-dihydroxy-3-methyl-1-oxo-1H-isochromene-5-carboxylic acid', '24-methylene-3,22-dihydroxycholesterol', 'amorphispironone', 'Casearupestrin D', 'Chaetoglobosin B', ""2-(2'-O-benzoyl)-C-β-D-glucopyranosyl-1,3,6,7-tetrahydroxyxanthone"", 'Isoplumericin', 'N-[10-(13,14-methylenedioxyphenyl)-7(E),9(Z)-pentadienoyl]-pyrrolidine', '5-hydroxymethyl- 2-furancarboxaldehyde; 5-hydroxymethyl-2-furfuraldehyde', 'atalaphyllinine', 'N-[10- (13,14-methylenedioxyphenyl)-7(E)-pentaenoyl]-pyrrolidine', '2-Methyl-5-methoxy-benzopyran-4-one', '3,4-dihydroxybenzoic acid geranyl ester', 'Gedunin', 'Pedalin, pedalitin 6-O-β -glucopyranoside', 'Caseargrewiin F; (1R*,3S*,5S*,6aR*,7S*,8R*,10R*,10aR*)-1,3-Bis(acetyloxy)-3,5,6,6a,7,8,9,10-octahydro-10-hydroxy-7,8-dimethyl-7-[(2Z)-3-methylpenta-2,4-dien-1-yl]naphtho[1,8a-c]furan-5-yl Butanoate', 'Casearin L; (1R*,3S*,5S*,6aR*,7R*,8R*,9S*,10S*,10aR*)-1,10-Bis(acetyloxy)-3,5,6,6a,7,8,9,10-octahydro-9-hydroxy-5-methoxy-7,8-dimethyl-7-[(2Z)-3-methylpenta-2,4-dien-1-yl]naphtho[1,8a-c]-furan-3-yl Butanoate', 'Platydesmine', '19,20-Epoxycytochalasin R', 'Muraxanthone', '6α-acetoxy-14β,15β-epoxyazadirone', 'epoxy-fraxinellone', '12′-hydroxy-7′-multijuguinone', 'Kaempferitrin', 'schaftoside', ""(2S)-Methyl-8-isopentyl-2-methyl-2-(4'-methylpentyl)chroman-6-carboxylate"", 'Casearupestrin A', '2-oxo-piperol B; (7S*, 8R*, 1R*, 3R*)-3,4,5-trimethoxy-3,7-cyclo-8,1-neolig-8-ene-2,4(3H)-dione', 'taxifolin', ""(2'S)-2-(propan-2'-ol)-5-hydroxy-benzopyran-4-one"", 'Rel-(+)-(7S,9R,10S)-3,9,12-trihydroxycalamenene', 'Casearin S', '11β-acetoxyobacunone', '1-(5,7-dihydroxy-2,2-dimethylchroman- 6-yl)-3-[4-hydroxy-3-(3-methylbut-2-en-1-yl)- phenyl]propan-1-one', '(3R,4R)-4,7-Dihydroxymellein', ""Nitensoside B; Pedalitin 6-O-α-rhamnopyranosyl(1'''→6'')-β-glucopyranoside"", 'Methyl gallate', 'Odoratone', 'Rel-6β-hydroxyzuelanin-2β-benzoate', 'shidasterone', 'Afzelin, 3-O-α-rhamnosyl kaempferol', 'Egonol', '4-Nerolidilcatechol', ""2-(2'-O-transcoumaroyl)-C-β-D-glucopyranosyl-1,3,6,7-tetrahydroxyxanthone"", 'Syringic acid', '(+)-3-O-feruloylcassine', 'Salacin', '6-pentadecylsalicylic acid', 'Methyl-2,2-dimethylchroman-6-carboxylate', ""Myrsinoic acid A, 3-Geranyl-4-hydroxy-5-(3'',3''-dimethylallyl)benzoic acid"", '20α-Hydroxymaytenin; 20-hydroxy-20-epi-tingenone', '(-)-Epigallocatechin-3-O-gallate', 'Casearin D; (1R*,3S*,5S*,6aR*,7R*,8R*,9S*,10S*,10aR*)-1-(Acetyloxy)-3,5,6,6a,7,8,9,10-octahydro-5,10-dihydroxy-7,8-dimethyl-7-[(2Z)-3-methylpenta-2,4-dien-1-yl]naphtho[1,8a-c]furan-3,9-diyl Dibutanoate', 'Rel. (+)-(7S,10S) 3,12-dihydroxycalamenene', 'Leiokinine A', 'Cabraleadiol', 'carlinoside', 'Methyl-8-(ethanoyloxy)-2,2-dimethyl-2H-chromene-6-carboxylate', 'Amentoflavone', '1-(5,7-dihydroxy-2,2-dimethylchroman-6-yl)-3-(1,1,4a-trimethyl-2,3,4,4a,9a-hexahydro-1H-xanthen-7-yl)propan-1-one', 'Methyl (E)-6,7,8-trimethoxycinnamate', '3,4,5-Trimethoxyphenyl-1-O-β-D-(5-O-syringoyl)-apiofuranosyl-(1→6)-β-D-glucopyranoside', '6-[8(Z),11(Z),14-pentadecatrienyl]salicylic acid', 'Sorbifolin', ""Nitensoside A; Sorbifolin 6-O-α-rhamnopyranosyl(1'''→6'')-β-glucopyranoside"", 'Casearin O; (1R*,3S*,5S*,6aR*,7R*,8R*,9S*,10S*,10aR*)-1,10-Bis(acetyloxy)-5-methoxy-7,8-dimethyl-7-[(2Z)-3-methylpenta-2,4-dien-1-yl]-3,5,6,6a,7,8,9,10-octahydronaphtho[1,8a-c]furan-3,9-diyl Dibutanoate', 'germacrene D', '2β-Hydroxyzuelanin-6β-cinnamate', 'arjunolic acid', 'stachysterone', 'Ethyl 2,4-dihydroxy-5,6-dimethylbenzoate', '3-O-β-D-quinovopyranosyl cincholic acid', 'Quercitrin, 3-O-α-rhamnosylquercetin', 'Amentoflavone 7”,4”’-dimethyl ether', 'Picramnioside F', 'Lauryl gallate', 'Syringaldehyde', '22-hydroxytirucalla-7,24-diene-2,3-dione', 'Trans-3’-methylsulphonylallyl trans-cinnamate', '(3-(2-(4-hydroxyphenyl)-2-oxoethyl)-5,6-dihydropyridin- 2(1H)-one)', 'Mangiferin', 'Viburgenin', ""Pterogynoside; Kaempferol-3-O-(3''-O-4'''-methylgallate-α-L-rhamnoside)"", 'Isobutyl gallate', '7′-multijuguinone', 'Griseofulvin', ""7-Hydroxy-4',6-dimethoxyisoflavone; Afrormosin; Afromosin"", '8-methoxymellein', 'Chalepin', 'Chlorogenic acid', 'scillascillin', '(4R)-4,8-dihydroxy-α-tetralone', '3-O-β-D-quinovopyranosyl quinovic acid', '2-hydroxyphenylacetic acid', 'Kaempferol']]",doi_name
"['10.1002/ps.1278', 'shidasterone']","['10.1002/ps.1278', ['guaiol', 'γ-eudesmol', 'Hinesol', 'α-eudesmol', 'Pimara-7,15-dien-3β-ol', 'Ergosterol peroxide', '8-hydroxy-6-methoxy-3-methylisocoumarin', '(22E,24R)-ergosta-4,6,8(14),22-tetraen-3-one', 'Dimethyl terephthalate', '11-O-trans-feruloylteucrein', 'Teucrein', 'Galioside aglicone', 'Apodanthoside', 'Galioside', ""3,4-dimethyl-2-(4'-hydroxy-3',5'-dimethoxyphenyl)-5-methoxy-tetrahydrofuran"", ""3',4',5',3,5,7,8-heptamethoxyflavone"", ""3,5,6,7,3',4',5'-heptamethoxyflavonol"", '3,3-O-dimethylquercetin', 'penduletin 4-O-methyl ether', '2α,3α,19α- trihydroxyurs-12-en-28-oic acid', '2α,3α-dihydroxyolean-12- en-28-oic acid', '3,7,4-O-trimethylkaempferol', 'p-hydroxybenzoic acid', '3-O-methylquercetin', 'Chrysoeriol', 'acacetin', 'Tagitinin C', '1-methoxy-3-hydroxy-3,10b-4,5a-diepoxy-8b-isobutyroyloxygermacr-11(13)-en-6a,12-olide', ""4-Hydroxy-3-(3',7'-dimethyl-3'-hydroxy-1'-oxo-6'-octenyl)benzoic acid"", ""4-Hydroxy-(3',7'-dimethyl-1'-oxo-octa-2'-E-6'-dienyl)benzoic acid"", ""Isosakuranetin; 5,7-dihydroxy-4'-methoxyflavanone"", ""1,4-Dihydroxy-2-(3',7'-dimethyl-1'-oxo-2'-E-6'-octadienyl)benzene"", ""Sakuranetin; 5,4'-dihydroxy-7-methoxyflavanone"", ""3',4'-methylenedioxy-5,6,7- trimethoxyflavone"", ""2'-hydroxy-3,4,4'-trimethoxy-5',6'-(2'',2''-dimethylpyrano)-chalcone"", ""3',4'-methylenedioxy-5,5',6,7-tetramethoxyflavone"", ""3',4'-methylenedioxy-5,7-dimethoxyflavone"", 'Aphidicolin', '21β,25-dimethylmelianodiol', '3,21-Di-epi-feroniellide B', '21α,25-dimethylmelianodiol', 'Cordifoline', 'Turbinatine', '3,4-dehydro-strictosidine', '3,4-dehydrostrictosidine acid', 'Strictosidine acid', '5α-carboxystrictosidine', 'Harman-3-carboxylic acid', 'Deoxycordifoline', '(+)-11α-Hydroxyerythravine', '(+)-Erythravine', '(+)-α-Hydroxyerysotrine', '4-metoxi-6-[2-(metilamino)fenil]- 2H-piran-2-ona', 'Kaempferol-3-O-rutinoside', 'Kaempferol-3-O-α-L-rhamnopyranosyl-(1→6)-β-D-galactopyranoside', 'Catechin, Ent-catechin', 'Procyanidin B-3', 'Kaempferol-3-O-D-galactopyranoside', '6-Hydroxy-rutin', 'Kaempferol-3-O-α-L-rhamnopyranosyl-(1-6)-α-L-rhamnopyranosyl-(1-4)-β-D-glucopyranoside', 'Quercetin-3-O-α-L-rhamnopyranosyl-(1→6)-β-D-galactopyranoside', 'Kaempferol-3-O-D-glucopyranoside', 'Taraxerol acetate', 'Nitensidine E', 'Nitensidine D', 'Beauvericin', 'Anhydrofusarubin', 'Hispidol A', 'Nilocetin', 'Oleanonic acid', 'Pentaol', 'cryptomeridiol', 'Iso-odoratol', 'Piscidinol A', '3,11-dioxoolean-12-en-28- onic acid', ""Isoswertisin-4'-methyl-ether-2''α-L-rhamnoside"", 'Clusifoliol', '2-Episesalatin', ""Isoswertisin-2''α1-L-rhamnoside"", 'Sesartemin', 'Citibrasine', '2,3-dihydro-4,9-dihydroxy-2-(2-hydroxy-propan-2-yl)- 11-methoxy-10-methylfuro[3,2-b]acridin-5(10H)-one', 'bis-5-hydroxyacronycine', 'astilbin; Rel-(2R, 3R)-dihydroquercetin-3-O-±-L-rhamnoside', 'Methyl (3R,4R,5R)-3-{[(2Z)-3-(3,4-dihydroxyphenyl)-2-propenoyl]oxy}-1,4,5-trihydroxycyclohexanecarboxylate', 'Methyl (3R,4R,5R)-3-{[(2E)-3-(3,4-dihydroxyphenyl)-2-propenoyl]oxy}-1,4,5-trihydroxycyclohexanecarboxylate', 'Chlorogenic acid methyl ester, Methyl (1S,3R,4R,5R)-3-{[(2E)-3-(3,4-dihydroxyphenyl)-2-propenoyl]oxy}-1,4,5-trihydroxycyclohexanecarboxylate', 'Mycoleptone A', '9-hydroxyeugenin', 'Mycoleptone A tetraacetate', 'Eugenitin', 'Mycoleptone B', 'Austdiol', 'Austdiol diacetate', '6-methoxyeugenin', 'α-Gardiol', 'β-Gardiol', 'Ferulic acid', 'Xanthyletin', '5,7-dimethoxy-2,2-dimethyl-2H-1-benzopyran-6-propanoic acid', '17-(3,4-Methylenedioxyphenyl)-heptadecanoic acid', ""7,4'-Dimethoxyflavone"", '21´-(3,4-Methylenedioxyphenyl)-henicosanoic acid', ""7,4'-Dihydroxyflavone"", '(+)-Guaiacin', '19´-(3,4-Methylenedioxyphenyl)-nonadecanoic acid', 'Sargachromenol', 'Sargaquinoic acid', 'Farnisine', ""Juruenolic acid; 2-(4'-Methylpentenyl-3)-10-oxoundecan-2,6-dienoic acid"", 'Fasciculiferin', 'Tithonine', '(-)-3-O-acetyl-spectaline', 'Stearic acid 4-pentoyloxyphenethyl ester', ""Rel-(7R,8S,7'S,8'S)-4',5'-methylenedioxy-3,4,5,3'-tetramethoxy-7,7'-epoxylignan"", ""Rel-(7R,8S,7'S,8'S)-4'-hydroxy-3,4,5,3',5'-pentamethoxy-7,7'-epoxylignan"", ""Rel-(7R,8S,7'S,8'S)-9-hydroxy-4',5'-methylenedioxy-3,4,5,3'-tetramethoxy-7,7'-epoxylignan"", ""Rel-(7R,8S,7'S,8'S)-4,5,4',5'-dimethylenedioxy-3,3'-dimethoxy-7,7'-epoxylignan"", ""Rel-(7R,8S,7'S,8'S)-4-hydroxy-4',5'-methylenedioxy-3,5,3'-trimethoxy-7,7'-epoxylignan"", '2-n-Propylquinoline', ""2-(1'-pentenyl)-Quinoline"", '2-n-Pentylquinoline', ""2-(3',4'-methylenedioxyphenylethyl)-Quinoline"", 'Epi-guaiacin', 'Verrucosin', '7-Methyl-sargachromenol; 2,7,8-Trimethyl-2-[(3-E,7-Z)-4,12-dimethyl-8-carboxyl-3,7,11-tridecatrienyl]-3-chromen-6-ol, β-caroteno', 'Nectandrin B', '1,3,5-trihydroxy- 2,8-bis(3-methylbut-2-enyl)-10-methyl-9-acridone', '5-hydroxynoracronycine; Atalaphyllidine', '3,4-dihydro-3,5,8-trihydroxy-6-methoxy-2,2,7-trimethyl-2Hpyrano[ 2,3-a]acridin-12(7H)-one', 'Citrusinine-I', 'Pyranofoline', 'Citrusinine-II', '1,3,5-trihydroxy-4-methoxy-10-methyl- 2,8-bis(3-methylbut-2-enyl)acridin-9(10H)-one', 'Glycocitrine-IV', 'Glycocitrine-I', '5,7-dimethoxy-2,2-dimethyl-2H-1-benzopyran-6-propanoate', 'β-caryophyllene, trans-caryophyllene', '3,4,5-Trimethoxydihydrocinnamic acid', ""4-Hydroxy-3-(3',7'-dimethylocta-2'-E-6'-dienyl)benzoic acid"", 'Methyl 2,2-dimethyl-1-oxo-2H-1-benzopyran-6-carboxylate', ""2',6'-Dihydroxy-4'-methoxydihydrochalcone"", ""Methyl 4-hydroxy-3-(3'-methyl-2'-butenyl)benzoate"", ""Methyl taboganate; Methyl 4-hydroxy-3-(3'-methyl-1'-oxo-2'-butenyl)benzoate"", ""Hostmaniene; 4-Hydroxy-3-(2',3'-dihydroxy-3'-methylbutyl)benzoate"", 'Piperaduncine B', ""4-Hydroxy-(3',7'-dimethyl-1'-oxo-octa-2'-Z-6'-dienyl)benzoic acid"", ""Aduncumene; Methyl 2-methoxy-5-(3'-methyl-1'-oxo-2'-butenyl)benzoate"", ""Methyl 4-hydroxy-3-(3'-methyl-2'-hydroxy-3'-butenyl)benzoate"", '7-Methoxydiderroside', 'Secoxyloganin', 'Diderroside', ""6'-Acetyl-β-D-glucopyranosyldiderroside"", 'Methacrylic acid', ""4-Methoxy-3-(3',7'-dimethylocta-2'-E-6'-dienyl)benzoic acid"", 'Methyl-8-hydroxy-2,2-dimethyl-2H-chromene-6-carboxylate', ""3-(3',7 '-dimethyl-2',6 '-octadienyl)-4-methoxy-benzoic acid"", 'cyclo (L)-Pro-Gly', 'Isopimpinellin', ""N-[3-(6'-methoxy-3',4'-methy-lenedioxyphenyl)-2(Z)-propenoyl]pyrrolidine"", '8,9-dihydropiplartine; N-(12,13,14-trimethoxydihydrocinnamoyl)-Δ3-pyridin-2-one', '(E)-piplartine', '10,11-dihydropiperine; Δα,β-dihydropiperine', 'Piperine', '4,5-dihydropiperlonguminine; Piperlonguminine', '4,5-dihydropiperyline', '(Z)-piplartine; 8(Z)-N-(12,13, 14-trimethoxycinnamoyl)- 3-pyridin-2-one', '(3Z,5Z)-N-isobutyl-8-(30,40-methylenedioxy-phenyl)-heptadienamide', 'Pellitorine', 'Cusculine; 1,2,3,5,6-pentamethoxy-9-acridone', 'Cuspanine; 1-hydroxy-2,3,5,6-tetramethoxy-9-acridone', '2α,3α-Dihydroxy-urs-12-en-28-oic acid', '3-O-β-D-(6’-methyl)-glucopyranosyl-28-O-β-D-glucopyranosyl-oleanate', 'Oleanolic acid 3-sophoroside', '5-hydroxyflavone', '2-phenyl-4H-chromen-4-one', 'β-Sitosterol benzoate', 'Haplotusine', 'Sinapyl 4-O-β-D-glucopyranoside aldehyde', 'N-acetylnonaine', 'Liriodenine', 'Sinapyl 4-O-β-D-glucopyranoside alcohol', '[10]-gingerol', ""2,4-Dihydroxy-6-[(1'E,3'E)-penta-1', 3'-dienyl]-benzaldehyde"", '2-methyl-5-[8(Z)-pentadecenyl]resorcinol', 'Nitensidine A', '2-hydroxyphenylacetic acid', '3-O-β-D-quinovopyranosyl quinovic acid', ""8-hydroxy-3,5,7,3',4',5'-hexamethoxyflavonol"", '2-methyl-5-pentadecylresorcinol', '3β-hydroxy-stigmast-5-en-7-one; 24-β-7-oxositosterol', 'scillascillin', '(4R)-4,8-dihydroxy-α-tetralone', 'Homoegonol', '[8]-gingerol', '4-Hydroxymellein', '5-hydroxymellein', 'fraxinellonone', 'Sorbifolin 6-O-β-glucopyranoside', 'Rel-2α-hydroxyzuelanin-6β-benzoate', '2,6-di-O-acetylcasearupestrin D', ""Methyl-2,2-dimethyl-8-(3'-methylbut-2'-enyl)chroman-6-carboxylate"", '2,7-Di-O-acetylcasearupestrin A', 'Odoratol', 'Leptomerine', '5-hydroxy-N-methylseverifoline', '19,20-Epoxycytochalasin N', 'ellagic acid 4-O-α-L-rhamnopyranoside; eschweilenol C', 'Mayoside C', 'Ourateacatechin', ""3',4',5',5,7-pentamethoxyflavone"", 'Acetonide of odoratol', '(−)-Grandisin', '24-methylenecycloartan-3b-ol', 'Skimmianine', 'p-hydroxybenzoic acid-geranyl ester', 'Dibenzyl disulphide', 'Proanthocyanidin', 'neoisoastilbin', '(R)-7-Hydroxymellein', ""5-(3'' -Hydroxypropyl)-7-methoxy-2-(3',4' -methyl-enedioxyphenyl)benzofuran"", '22β-hydroxypristimerin', '1- (5,7-dihydroxy-2,2-dimethylchroman-6-yl)-3-(2,2-dimethylchroman- 6-yl)propan-1-one', 'Canavaline', 'Di-hydrodehydrodiconiferyl alcohol', 'Quercetin', ""2-(2'-O-trans-cinnamoyl)-C-β-D-glucopyranosyl-1,3,6,7-tetrahydroxyxanthone"", 'Kokusaginine', 'Ocotillone', 'des-N-methylnoracronycine', '6α-acetoxy-14β,15β-epoxyazadirone', 'Maculosidine', 'Podocarpusflavone A', 'Casearupestrin C', '6α-malonyloxy-n-butyl ester manoyl oxide', 'citrusinine-I', 'Ricinine', 'Leptophyllin A', '5-pentadecylresorcinol', '19,20-Epoxycytochalasin D', 'fumiquinozoline F', 'Kaempferol 3-O-α-L-rhamnopyranosyl (1→6)-O-[β -D-glucopyranosyl (1→3)-O-α-L-rhamnopyranosyl-(1→2)]-O-β -D-glucopyranosyl', 'Nitensidine B', '1-methyl-2-n-nonyl-4-quinolone', '5-[8(Z),11(Z),14-pentadecatrienyl]resorcinol', 'Gallic acid; 3,4,5-trihydroxybenzoic acid', 'Caseobliquin A', 'Methyl angolensate', '3β-O-[α-L-rhamnopyranosyl-(1→2)-O-β-D-glucopyranosyl-(1→2)-O-β-D-glucopyranosyl]-28-O-β-D-glucopyranoside pomolate', 'Dibenzyl tetrasulphide', ""2',5-dihydroxy-3-methoxy-8-dimethylallyl-6, 7-(2' ',2''-dimethylpyrano)-dihydroflavonol"", '2-n-nonyl-4-quinolone', 'Cytochalasin D', 'Isoorientin', 'urauchimycin A', 'p-Coumaric acid', '(-)-Epigallocatechin', 'Netzahualcoyonol', '1-[3-(3,7-dimethylocta-2,6-dien-1-yl)-2,4,6- trihydroxyphenyl]-3-(4-hydroxyphenyl)propan-1-one', '6α-malonyloxymanoyl oxide', '6α-acetoxymanoyl oxide', 'Methyl-8-hydroxy-2,2-dimethylchroman-6-carboxylate', 'Dipropyl disulphide', '2-methyl-5-[8(Z),11(Z)-pentadecadienyl]resorcinol', 'Methyl 6,7,8-trimethoxydihydrocinnamate', '2-Hexyl-3-methyl-butanodioic acid', 'fraxinellone', '6-[ 8(Z),11(Z) -pentadecadienyl] salicylic acid', 'polypodine B', 'n-Propyl gallate', ""3',4',5',5,7,8-hexamethoxyflavone"", 'Isopropyl gallate', '6β-hydroxy-7-epigardoside methyl ester', 'Tetrahydropiperyline, N-[10-(13,14-methylenedioxyphenyl)-pentanoyl]-pyrrolidine', 'Piperovatine', '2,4,6-trimethoxybenzoic acid', '1-O-(E)-caffeoyl-β-D-glucopyranoside', 'Quercitrin, 3-O-α-rhamnosylquercetin', 'Quercetin 3-O-α-L-rhamnopyranosyl (1→6)-O-[β -D-glucopyranosyl (1→3)-O-α-L-rhamnopyranosyl-(1→2)]-O-β -D-glucopyranosyl', 'Heveaflavone', 'Arboreumine', '3-Oxoursolic acid', 'Casearupestrin B', 'toonacilin', 'Uracil', '1-O-(E)-feruloyl-β-D-glucopyranoside', '19,20-Epoxycytochalasin C', 'Benzylhydroxymethyl sulphide', '1,6-di-O-caffeoyl-β-D-glucopyranoside', '2-methyl-5-[8(Z),11(Z),14-pentadecatrienyl]resorcinol', 'epoxy-fraxinellone', '12′-hydroxy-7′-multijuguinone', 'Kaempferitrin', 'Nitensidine C', 'Casearupestrin D', 'Chaetoglobosin B', 'n-Pentyl gallate', 'Orcinol', 'Periconicin B', 'Phomopsilactone', ""(2S)-8-Isopentyl-2-methyl-2-(4'-methylpentyl)chroman-6-carboxylic acid"", '2,2-dimethyl-2H-chromene-6-carboxylic acid', '1,2-dihydro- 3β-hydroxy-7-deacetoxy-7-oxogedunin', 'Photogedunin', 'Casearin X; (1R*,3S*,5S*,6aR*,7S*,8S*,10R*,10aR*)-1-(Acetyloxy)-3,5,6,6a,7,8,9,10-octahydro-10-hydroxy-7,8-dimethyl-7-[(2Z)-3-methylpenta-2,4-dien-1-yl]naphtho[1,8a-c]furan-3,5-diyl Dibutanoate', ""2-(R)-Methyl-6-(S)-(tetradecyl-13'-one)-3(R)-O-tert-butyldimethylsilyl-piperidine"", '(2S)-Methyl-2-methyl-8-(3""-methylbut-2""-enyl)-2-(4\'-methylpent-3\'-enyl)-2H-chromene-6-carboxylate', '20-hydroxyecdysone; polypodine A', '3-Acetyl aleuritolic acid', 'Alkenoic acid', ""2-(2'-O-trans-caffeoyl)-C-β-D-glucopyranosyl-1,3,6,7-tetrahydroxyxanthone"", 'Netzahualcoyene', 'Casearin X Dialdehyde; (2R*,4aS*,5S*,7R*,8R*,8aS*)-4,4a-Diformyl-1,2,4a,5,6,7,8,8a-octahydro-5-hydroxy-7,8-dimethyl-8-[(2Z)-3-methylpenta-2,4-dien-1-yl]naphthalen-2-yl Butanoate', 'Casearin T', 'Piperyline, N-[10-(13,14-methylenedioxyphenyl)-7(E),9(E)-pentadienoyl]-pyrrolidine', 'ω-fenil alcanoic acid', '2-butyl-D-fructofuranoside', ""Gaudichaudianic acid; (2S)-2-methyl-2-(4'methyl-3'-pentenyl)-8-(3''-methyl-2-butenyl)- 2H-1-benzopyran-6-carboxylic acid"", 'limonexic acid', 'Pedalitin', 'Di(benzyltrithio) methane', '3,11,12-Trihydroxycadalene', 'Quercetin 3-O-sophoroside', '(3R,4R)-3,4-Dihydro-4,6-dihydroxy-3-methyl-1-oxo-1H-isochromene-5-carboxylic acid', '24-methylene-3,22-dihydroxycholesterol', 'amorphispironone', 'taxifolin', ""(2'S)-2-(propan-2'-ol)-5-hydroxy-benzopyran-4-one"", 'Rel-(+)-(7S,9R,10S)-3,9,12-trihydroxycalamenene', 'Casearin S', '11β-acetoxyobacunone', '1-(5,7-dihydroxy-2,2-dimethylchroman- 6-yl)-3-[4-hydroxy-3-(3-methylbut-2-en-1-yl)- phenyl]propan-1-one', '(3R,4R)-4,7-Dihydroxymellein', 'Piperol B', '(-)-Hardwickiic acid', ""5-[3''-(β-D-glucopyranosyloxy)propyl]-7-methoxy-2-(3',4'-methylenedioxyphenyl)benzofuran"", '28-O-β-D-glucopyranosyl quinovic acid', '2-Methyl-4-hydroxy-butyl caffeoate', 'N-1,N-2,N-3-Triisopentenylguanidine', 'Dibenzyl trisulphide', 'Maytenin, Tingenone', 'urauchimycin B', '6-[8(Z)-pentadecenyl]salicylic acid', '(2S)-2-methyl-8-(3""-methylbut-2""-enyl)-2-(4\'-methylpent-3\'-enyl)-2H-chromene-6-carboxylic acid', 'Burchellin', '5-[8(Z)-pentadecenyl]resorcinol', 'Luteolin; 2-(3,4-dihydroxyphenyl)-5,7-dihydroxy-4H-chromen-4-one', 'Sinapic acid', '19,20-Epoxycytochalasin Q', '19,20-Epoxycytochalasin R', 'Muraxanthone', 'Odoratone', 'Rel-6β-hydroxyzuelanin-2β-benzoate', ""2-(2'-O-benzoyl)-C-β-D-glucopyranosyl-1,3,6,7-tetrahydroxyxanthone"", 'Isoplumericin', 'α-L-xylopyranosyl-(4""→20)-(3-O-β-D-glucopyranosyl)-1\'-O-E-caffeoyl-β-D-glucopyranoside', 'Casearupestrin A', '2-oxo-piperol B; (7S*, 8R*, 1R*, 3R*)-3,4,5-trimethoxy-3,7-cyclo-8,1-neolig-8-ene-2,4(3H)-dione', ""N-[7-(3',4'-methylenedioxyphenyl)-2(Z),4(Z)-heptadienoyl]pyrrolidine"", ""Acteoside; [β-3,4-dihydroxyphenyl)-ethyl]-(3'-O-α-L-rhamnopyranosyl)-(4'-O-cafeoyl)-β-D-glycopyranoside, verbascoside"", 'shidasterone', '5-hydroxymethyl- 2-furancarboxaldehyde; 5-hydroxymethyl-2-furfuraldehyde', 'atalaphyllinine', 'N-[10- (13,14-methylenedioxyphenyl)-7(E)-pentaenoyl]-pyrrolidine', '2-Methyl-5-methoxy-benzopyran-4-one', '3,4-dihydroxybenzoic acid geranyl ester', 'N-[10-(13,14-methylenedioxyphenyl)-7(E),9(Z)-pentadienoyl]-pyrrolidine', 'Gedunin', 'Pedalin, pedalitin 6-O-β -glucopyranoside', 'Caseargrewiin F; (1R*,3S*,5S*,6aR*,7S*,8R*,10R*,10aR*)-1,3-Bis(acetyloxy)-3,5,6,6a,7,8,9,10-octahydro-10-hydroxy-7,8-dimethyl-7-[(2Z)-3-methylpenta-2,4-dien-1-yl]naphtho[1,8a-c]furan-5-yl Butanoate', 'Casearin L; (1R*,3S*,5S*,6aR*,7R*,8R*,9S*,10S*,10aR*)-1,10-Bis(acetyloxy)-3,5,6,6a,7,8,9,10-octahydro-9-hydroxy-5-methoxy-7,8-dimethyl-7-[(2Z)-3-methylpenta-2,4-dien-1-yl]naphtho[1,8a-c]-furan-3-yl Butanoate', 'Platydesmine', ""Nitensoside B; Pedalitin 6-O-α-rhamnopyranosyl(1'''→6'')-β-glucopyranoside"", 'Amentoflavone', 'Methyl (E)-6,7,8-trimethoxycinnamate', '3,4,5-Trimethoxyphenyl-1-O-β-D-(5-O-syringoyl)-apiofuranosyl-(1→6)-β-D-glucopyranoside', '6-[8(Z),11(Z),14-pentadecatrienyl]salicylic acid', 'Sorbifolin', ""Nitensoside A; Sorbifolin 6-O-α-rhamnopyranosyl(1'''→6'')-β-glucopyranoside"", 'Casearin O; (1R*,3S*,5S*,6aR*,7R*,8R*,9S*,10S*,10aR*)-1,10-Bis(acetyloxy)-5-methoxy-7,8-dimethyl-7-[(2Z)-3-methylpenta-2,4-dien-1-yl]-3,5,6,6a,7,8,9,10-octahydronaphtho[1,8a-c]furan-3,9-diyl Dibutanoate', 'germacrene D', '(-)-Spectalinine', 'Netzahualcoyondiol', 'Pristimerin; 20α-3-hydroxy-2-oxo-24-nor-friedela-1-10,3,5,7-tetraen-carboxylic acid-29-methylester', '3,4,5-trimethoxyphenyl 1-O-β-D-apiofuranosyl-(1→6)-O-β-D-glucopyranoside', 'β-photogedunin', 'n-Butyl gallate', ""5-[3''-(β-D-glucopyranosyloxy)propyl]-7-methoxy-2-(3',4'-dimethoxyphenyl)benzofuran"", '3,12-Dihydroxycadalene', '7-hydroxy-3- (11-dimethylallyl)-8-methoxycoumarin', 'Afzelin, 3-O-α-rhamnosyl kaempferol', 'Egonol', '4-Nerolidilcatechol', ""2-(2'-O-transcoumaroyl)-C-β-D-glucopyranosyl-1,3,6,7-tetrahydroxyxanthone"", 'Syringic acid', '(+)-3-O-feruloylcassine', '6-pentadecylsalicylic acid', 'Methyl-2,2-dimethylchroman-6-carboxylate', ""Myrsinoic acid A, 3-Geranyl-4-hydroxy-5-(3'',3''-dimethylallyl)benzoic acid"", '20α-Hydroxymaytenin; 20-hydroxy-20-epi-tingenone', 'Leiokinine A', 'Cabraleadiol', 'schaftoside', ""(2S)-Methyl-8-isopentyl-2-methyl-2-(4'-methylpentyl)chroman-6-carboxylate"", '3,4,5-Triacetoxybenzoic acid', '1-(5,7-dihydroxy-2,2-dimethylchroman-6-yl)-3-(1,1,4a-trimethyl-2,3,4,4a,9a-hexahydro-1H-xanthen-7-yl)propan-1-one', '(±)-Syringaresinol', 'Cyclo-(L-Pro-L-Val)', '(-)-Epigallocatechin-3-O-gallate', 'Casearin D; (1R*,3S*,5S*,6aR*,7R*,8R*,9S*,10S*,10aR*)-1-(Acetyloxy)-3,5,6,6a,7,8,9,10-octahydro-5,10-dihydroxy-7,8-dimethyl-7-[(2Z)-3-methylpenta-2,4-dien-1-yl]naphtho[1,8a-c]furan-3,9-diyl Dibutanoate', 'Rel. (+)-(7S,10S) 3,12-dihydroxycalamenene', 'carlinoside', 'Methyl-8-(ethanoyloxy)-2,2-dimethyl-2H-chromene-6-carboxylate', 'arjunolic acid', 'stachysterone', 'Ethyl 2,4-dihydroxy-5,6-dimethylbenzoate', 'Amentoflavone 7”,4”’-dimethyl ether', 'Picramnioside F', 'Lauryl gallate', 'Syringaldehyde', 'Methyl gallate', '3-O-β-D-quinovopyranosyl cincholic acid', 'Dibenzyl sulphide', '(-) Cis-4-hydroxy-6-deoxyscytalone', 'Plumericin', '5-[8(Z),11(Z)-pentadecadienyl]resorcinol', '22-hydroxytirucalla-7,24-diene-2,3-dione', 'Trans-3’-methylsulphonylallyl trans-cinnamate', '(3-(2-(4-hydroxyphenyl)-2-oxoethyl)-5,6-dihydropyridin- 2(1H)-one)', 'Mangiferin', 'Salacin', 'Viburgenin', ""Pterogynoside; Kaempferol-3-O-(3''-O-4'''-methylgallate-α-L-rhamnoside)"", 'Isobutyl gallate', '7′-multijuguinone', 'Griseofulvin', ""7-Hydroxy-4',6-dimethoxyisoflavone; Afrormosin; Afromosin"", '8-methoxymellein', 'Ixoside', '2β-Hydroxyzuelanin-6β-cinnamate', 'Cognatine', 'Fagaramide', 'Chalepin', 'Chlorogenic acid', 'Kaempferol']]",doi_name
"['10.1021/jf00030a035', '2-methyl-5-[8(Z)-pentadecenyl]resorcinol']","['10.1021/jf00030a035', ['4-metoxi-6-[2-(metilamino)fenil]- 2H-piran-2-ona', 'Tagitinin C', '1-methoxy-3-hydroxy-3,10b-4,5a-diepoxy-8b-isobutyroyloxygermacr-11(13)-en-6a,12-olide', ""3,4-dimethyl-2-(4'-hydroxy-3',5'-dimethoxyphenyl)-5-methoxy-tetrahydrofuran"", ""3',4',5',3,5,7,8-heptamethoxyflavone"", ""3,5,6,7,3',4',5'-heptamethoxyflavonol"", 'Hinesol', 'γ-eudesmol', 'α-eudesmol', 'guaiol', 'Kaempferol-3-O-D-galactopyranoside', 'Kaempferol-3-O-D-glucopyranoside', 'Quercetin-3-O-α-L-rhamnopyranosyl-(1→6)-β-D-galactopyranoside', 'Kaempferol-3-O-rutinoside', 'Kaempferol-3-O-α-L-rhamnopyranosyl-(1-6)-α-L-rhamnopyranosyl-(1-4)-β-D-glucopyranoside', '6-Hydroxy-rutin', 'Kaempferol-3-O-α-L-rhamnopyranosyl-(1→6)-β-D-galactopyranoside', 'Catechin, Ent-catechin', 'Procyanidin B-3', 'Pimara-7,15-dien-3β-ol', '(22E,24R)-ergosta-4,6,8(14),22-tetraen-3-one', '8-hydroxy-6-methoxy-3-methylisocoumarin', 'Ergosterol peroxide', 'Dimethyl terephthalate', 'Taraxerol acetate', 'α-Gardiol', 'Ferulic acid', 'β-Gardiol', 'Teucrein', '11-O-trans-feruloylteucrein', 'Apodanthoside', 'Galioside', 'Galioside aglicone', '(+)-α-Hydroxyerysotrine', '(+)-Erythravine', '(+)-11α-Hydroxyerythravine', '5,7-dimethoxy-2,2-dimethyl-2H-1-benzopyran-6-propanoic acid', 'Aphidicolin', 'Anhydrofusarubin', 'Beauvericin', 'Nitensidine D', 'Nitensidine E', ""4-Hydroxy-3-(3',7'-dimethyl-3'-hydroxy-1'-oxo-6'-octenyl)benzoic acid"", ""Sakuranetin; 5,4'-dihydroxy-7-methoxyflavanone"", ""4-Hydroxy-(3',7'-dimethyl-1'-oxo-octa-2'-E-6'-dienyl)benzoic acid"", ""Isosakuranetin; 5,7-dihydroxy-4'-methoxyflavanone"", ""1,4-Dihydroxy-2-(3',7'-dimethyl-1'-oxo-2'-E-6'-octadienyl)benzene"", ""2-(1'-pentenyl)-Quinoline"", '2-n-Pentylquinoline', '2-n-Propylquinoline', ""2-(3',4'-methylenedioxyphenylethyl)-Quinoline"", 'Farnisine', '19´-(3,4-Methylenedioxyphenyl)-nonadecanoic acid', 'Sargachromenol', ""7,4'-Dihydroxyflavone"", 'Sargaquinoic acid', '(+)-Guaiacin', '21´-(3,4-Methylenedioxyphenyl)-henicosanoic acid', ""7,4'-Dimethoxyflavone"", 'Fasciculiferin', ""Juruenolic acid; 2-(4'-Methylpentenyl-3)-10-oxoundecan-2,6-dienoic acid"", 'Tithonine', '17-(3,4-Methylenedioxyphenyl)-heptadecanoic acid', 'penduletin 4-O-methyl ether', '2α,3α,19α- trihydroxyurs-12-en-28-oic acid', '3,3-O-dimethylquercetin', '3,7,4-O-trimethylkaempferol', '3-O-methylquercetin', 'Chrysoeriol', 'acacetin', 'p-hydroxybenzoic acid', '2α,3α-dihydroxyolean-12- en-28-oic acid', 'Deoxycordifoline', '3,4-dehydro-strictosidine', '5α-carboxystrictosidine', 'Harman-3-carboxylic acid', 'Cordifoline', 'Strictosidine acid', '3,4-dehydrostrictosidine acid', 'Turbinatine', 'Methyl (3R,4R,5R)-3-{[(2E)-3-(3,4-dihydroxyphenyl)-2-propenoyl]oxy}-1,4,5-trihydroxycyclohexanecarboxylate', 'Methyl (3R,4R,5R)-3-{[(2Z)-3-(3,4-dihydroxyphenyl)-2-propenoyl]oxy}-1,4,5-trihydroxycyclohexanecarboxylate', '9-hydroxyeugenin', 'Mycoleptone A', 'Mycoleptone A tetraacetate', 'Austdiol diacetate', 'Eugenitin', 'Austdiol', 'Mycoleptone B', '6-methoxyeugenin', 'β-caryophyllene, trans-caryophyllene', 'astilbin; Rel-(2R, 3R)-dihydroquercetin-3-O-±-L-rhamnoside', 'Nectandrin B', 'Verrucosin', 'Epi-guaiacin', '7-Methyl-sargachromenol; 2,7,8-Trimethyl-2-[(3-E,7-Z)-4,12-dimethyl-8-carboxyl-3,7,11-tridecatrienyl]-3-chromen-6-ol, β-caroteno', ""2'-hydroxy-3,4,4'-trimethoxy-5',6'-(2'',2''-dimethylpyrano)-chalcone"", ""3',4'-methylenedioxy-5,5',6,7-tetramethoxyflavone"", ""3',4'-methylenedioxy-5,6,7- trimethoxyflavone"", ""3',4'-methylenedioxy-5,7-dimethoxyflavone"", '5,7-dimethoxy-2,2-dimethyl-2H-1-benzopyran-6-propanoate', 'Chlorogenic acid methyl ester, Methyl (1S,3R,4R,5R)-3-{[(2E)-3-(3,4-dihydroxyphenyl)-2-propenoyl]oxy}-1,4,5-trihydroxycyclohexanecarboxylate', '3,21-Di-epi-feroniellide B', '21β,25-dimethylmelianodiol', '21α,25-dimethylmelianodiol', ""Rel-(7R,8S,7'S,8'S)-4',5'-methylenedioxy-3,4,5,3'-tetramethoxy-7,7'-epoxylignan"", ""Rel-(7R,8S,7'S,8'S)-4-hydroxy-4',5'-methylenedioxy-3,5,3'-trimethoxy-7,7'-epoxylignan"", ""Rel-(7R,8S,7'S,8'S)-4,5,4',5'-dimethylenedioxy-3,3'-dimethoxy-7,7'-epoxylignan"", ""Rel-(7R,8S,7'S,8'S)-4'-hydroxy-3,4,5,3',5'-pentamethoxy-7,7'-epoxylignan"", ""Rel-(7R,8S,7'S,8'S)-9-hydroxy-4',5'-methylenedioxy-3,4,5,3'-tetramethoxy-7,7'-epoxylignan"", 'Pellitorine', '(3Z,5Z)-N-isobutyl-8-(30,40-methylenedioxy-phenyl)-heptadienamide', '4,5-dihydropiperlonguminine; Piperlonguminine', 'Piperine', ""N-[3-(6'-methoxy-3',4'-methy-lenedioxyphenyl)-2(Z)-propenoyl]pyrrolidine"", '4,5-dihydropiperyline', '(E)-piplartine', '(Z)-piplartine; 8(Z)-N-(12,13, 14-trimethoxycinnamoyl)- 3-pyridin-2-one', '8,9-dihydropiplartine; N-(12,13,14-trimethoxydihydrocinnamoyl)-Δ3-pyridin-2-one', '10,11-dihydropiperine; Δα,β-dihydropiperine', ""Isoswertisin-2''α1-L-rhamnoside"", '2-Episesalatin', 'Sesartemin', 'Clusifoliol', ""Isoswertisin-4'-methyl-ether-2''α-L-rhamnoside"", 'bis-5-hydroxyacronycine', '2,3-dihydro-4,9-dihydroxy-2-(2-hydroxy-propan-2-yl)- 11-methoxy-10-methylfuro[3,2-b]acridin-5(10H)-one', 'Citibrasine', ""4-Hydroxy-(3',7'-dimethyl-1'-oxo-octa-2'-Z-6'-dienyl)benzoic acid"", ""Aduncumene; Methyl 2-methoxy-5-(3'-methyl-1'-oxo-2'-butenyl)benzoate"", ""Methyl 4-hydroxy-3-(3'-methyl-2'-hydroxy-3'-butenyl)benzoate"", 'Piperaduncine B', 'Methyl 2,2-dimethyl-1-oxo-2H-1-benzopyran-6-carboxylate', ""4-Hydroxy-3-(3',7'-dimethylocta-2'-E-6'-dienyl)benzoic acid"", ""Hostmaniene; 4-Hydroxy-3-(2',3'-dihydroxy-3'-methylbutyl)benzoate"", ""Methyl 4-hydroxy-3-(3'-methyl-2'-butenyl)benzoate"", ""Methyl taboganate; Methyl 4-hydroxy-3-(3'-methyl-1'-oxo-2'-butenyl)benzoate"", ""2',6'-Dihydroxy-4'-methoxydihydrochalcone"", '3,4,5-Trimethoxydihydrocinnamic acid', '(-)-3-O-acetyl-spectaline', 'Secoxyloganin', '7-Methoxydiderroside', ""6'-Acetyl-β-D-glucopyranosyldiderroside"", 'Diderroside', 'Piscidinol A', 'Iso-odoratol', '3,11-dioxoolean-12-en-28- onic acid', 'cryptomeridiol', 'Pentaol', 'Oleanonic acid', 'Nilocetin', 'Hispidol A', 'Methacrylic acid', 'Cusculine; 1,2,3,5,6-pentamethoxy-9-acridone', 'Cuspanine; 1-hydroxy-2,3,5,6-tetramethoxy-9-acridone', 'Xanthyletin', 'Stearic acid 4-pentoyloxyphenethyl ester', '3,4-dihydro-3,5,8-trihydroxy-6-methoxy-2,2,7-trimethyl-2Hpyrano[ 2,3-a]acridin-12(7H)-one', '5-hydroxynoracronycine; Atalaphyllidine', 'Citrusinine-I', 'Glycocitrine-I', '1,3,5-trihydroxy-4-methoxy-10-methyl- 2,8-bis(3-methylbut-2-enyl)acridin-9(10H)-one', 'Pyranofoline', '1,3,5-trihydroxy- 2,8-bis(3-methylbut-2-enyl)-10-methyl-9-acridone', 'Citrusinine-II', 'Glycocitrine-IV', 'Isopimpinellin', 'cyclo (L)-Pro-Gly', ""4-Methoxy-3-(3',7'-dimethylocta-2'-E-6'-dienyl)benzoic acid"", 'Methyl-8-hydroxy-2,2-dimethyl-2H-chromene-6-carboxylate', ""3-(3',7 '-dimethyl-2',6 '-octadienyl)-4-methoxy-benzoic acid"", '2α,3α-Dihydroxy-urs-12-en-28-oic acid', 'Haplotusine', '2-phenyl-4H-chromen-4-one', 'β-Sitosterol benzoate', '5-hydroxyflavone', '3-O-β-D-(6’-methyl)-glucopyranosyl-28-O-β-D-glucopyranosyl-oleanate', 'Oleanolic acid 3-sophoroside', 'Sinapyl 4-O-β-D-glucopyranoside aldehyde', 'Sinapyl 4-O-β-D-glucopyranoside alcohol', 'N-acetylnonaine', 'Liriodenine', '[10]-gingerol', ""2,4-Dihydroxy-6-[(1'E,3'E)-penta-1', 3'-dienyl]-benzaldehyde"", '2-methyl-5-[8(Z)-pentadecenyl]resorcinol', 'Nitensidine A', '2-hydroxyphenylacetic acid', '3-O-β-D-quinovopyranosyl quinovic acid', 'scillascillin', 'Kokusaginine', ""2-(2'-O-trans-caffeoyl)-C-β-D-glucopyranosyl-1,3,6,7-tetrahydroxyxanthone"", 'Netzahualcoyene', 'Casearin X Dialdehyde; (2R*,4aS*,5S*,7R*,8R*,8aS*)-4,4a-Diformyl-1,2,4a,5,6,7,8,8a-octahydro-5-hydroxy-7,8-dimethyl-8-[(2Z)-3-methylpenta-2,4-dien-1-yl]naphthalen-2-yl Butanoate', 'polypodine B', 'n-Propyl gallate', ""3',4',5',5,7,8-hexamethoxyflavone"", 'Isopropyl gallate', '6β-hydroxy-7-epigardoside methyl ester', 'Leptomerine', '5-hydroxy-N-methylseverifoline', '19,20-Epoxycytochalasin N', 'ellagic acid 4-O-α-L-rhamnopyranoside; eschweilenol C', 'Mayoside C', 'Ourateacatechin', ""3',4',5',5,7-pentamethoxyflavone"", '2-methyl-5-pentadecylresorcinol', '3β-hydroxy-stigmast-5-en-7-one; 24-β-7-oxositosterol', 'Griseofulvin', ""7-Hydroxy-4',6-dimethoxyisoflavone; Afrormosin; Afromosin"", '8-methoxymellein', '(±)-Syringaresinol', 'Cyclo-(L-Pro-L-Val)', 'Acetonide of odoratol', '(−)-Grandisin', '2,7-Di-O-acetylcasearupestrin A', 'Nitensidine B', '1-methyl-2-n-nonyl-4-quinolone', '5-[8(Z),11(Z),14-pentadecatrienyl]resorcinol', 'Piperol B', '(-)-Hardwickiic acid', ""5-[3''-(β-D-glucopyranosyloxy)propyl]-7-methoxy-2-(3',4'-methylenedioxyphenyl)benzofuran"", '28-O-β-D-glucopyranosyl quinovic acid', '2-Methyl-4-hydroxy-butyl caffeoate', 'N-1,N-2,N-3-Triisopentenylguanidine', 'Dibenzyl trisulphide', 'Maytenin, Tingenone', 'Maculosidine', 'Kaempferol', ""8-hydroxy-3,5,7,3',4',5'-hexamethoxyflavonol"", 'Odoratol', 'Podocarpusflavone A', 'Casearupestrin C', '6α-malonyloxy-n-butyl ester manoyl oxide', 'citrusinine-I', 'Ricinine', 'Leptophyllin A', '5-pentadecylresorcinol', 'urauchimycin B', 'Homoegonol', '[8]-gingerol', '4-Hydroxymellein', '5-hydroxymellein', 'fraxinellonone', 'Dibenzyl sulphide', '(-) Cis-4-hydroxy-6-deoxyscytalone', ""Methyl-2,2-dimethyl-8-(3'-methylbut-2'-enyl)chroman-6-carboxylate"", 'Rel-2α-hydroxyzuelanin-6β-benzoate', '2,6-di-O-acetylcasearupestrin D', 'Plumericin', '5-[8(Z),11(Z)-pentadecadienyl]resorcinol', '(-)-Spectalinine', '19,20-Epoxycytochalasin D', 'fumiquinozoline F', 'Kaempferol 3-O-α-L-rhamnopyranosyl (1→6)-O-[β -D-glucopyranosyl (1→3)-O-α-L-rhamnopyranosyl-(1→2)]-O-β -D-glucopyranosyl', '3β-O-[α-L-rhamnopyranosyl-(1→2)-O-β-D-glucopyranosyl-(1→2)-O-β-D-glucopyranosyl]-28-O-β-D-glucopyranoside pomolate', 'Dibenzyl tetrasulphide', ""2',5-dihydroxy-3-methoxy-8-dimethylallyl-6, 7-(2' ',2''-dimethylpyrano)-dihydroflavonol"", '2-n-nonyl-4-quinolone', 'Cytochalasin D', 'Isoorientin', 'Uracil', 'urauchimycin A', '2-methyl-5-[8(Z),11(Z),14-pentadecatrienyl]resorcinol', '20-hydroxyecdysone; polypodine A', '3-Acetyl aleuritolic acid', 'Alkenoic acid', 'Caseobliquin A', 'Methyl angolensate', ""5-(3'' -Hydroxypropyl)-7-methoxy-2-(3',4' -methyl-enedioxyphenyl)benzofuran"", '22β-hydroxypristimerin', '1- (5,7-dihydroxy-2,2-dimethylchroman-6-yl)-3-(2,2-dimethylchroman- 6-yl)propan-1-one', 'Canavaline', 'Di-hydrodehydrodiconiferyl alcohol', 'Quercetin', ""2-(2'-O-trans-cinnamoyl)-C-β-D-glucopyranosyl-1,3,6,7-tetrahydroxyxanthone"", 'Ocotillone', 'des-N-methylnoracronycine', 'Sorbifolin 6-O-β-glucopyranoside', 'toonacilin', 'Netzahualcoyondiol', 'Pristimerin; 20α-3-hydroxy-2-oxo-24-nor-friedela-1-10,3,5,7-tetraen-carboxylic acid-29-methylester', '3,4,5-trimethoxyphenyl 1-O-β-D-apiofuranosyl-(1→6)-O-β-D-glucopyranoside', 'β-photogedunin', 'n-Butyl gallate', ""5-[3''-(β-D-glucopyranosyloxy)propyl]-7-methoxy-2-(3',4'-dimethoxyphenyl)benzofuran"", '3,12-Dihydroxycadalene', '7-hydroxy-3- (11-dimethylallyl)-8-methoxycoumarin', 'p-Coumaric acid', '(-)-Epigallocatechin', 'Netzahualcoyonol', '1-[3-(3,7-dimethylocta-2,6-dien-1-yl)-2,4,6- trihydroxyphenyl]-3-(4-hydroxyphenyl)propan-1-one', '6α-malonyloxymanoyl oxide', 'Benzylhydroxymethyl sulphide', '1,6-di-O-caffeoyl-β-D-glucopyranoside', 'n-Pentyl gallate', 'Orcinol', 'Periconicin B', 'Phomopsilactone', ""(2S)-8-Isopentyl-2-methyl-2-(4'-methylpentyl)chroman-6-carboxylic acid"", '2,2-dimethyl-2H-chromene-6-carboxylic acid', '1,2-dihydro- 3β-hydroxy-7-deacetoxy-7-oxogedunin', 'Photogedunin', 'Casearin X; (1R*,3S*,5S*,6aR*,7S*,8S*,10R*,10aR*)-1-(Acetyloxy)-3,5,6,6a,7,8,9,10-octahydro-10-hydroxy-7,8-dimethyl-7-[(2Z)-3-methylpenta-2,4-dien-1-yl]naphtho[1,8a-c]furan-3,5-diyl Dibutanoate', 'α-L-xylopyranosyl-(4""→20)-(3-O-β-D-glucopyranosyl)-1\'-O-E-caffeoyl-β-D-glucopyranoside', ""2-(R)-Methyl-6-(S)-(tetradecyl-13'-one)-3(R)-O-tert-butyldimethylsilyl-piperidine"", 'Quercetin 3-O-α-L-rhamnopyranosyl (1→6)-O-[β -D-glucopyranosyl (1→3)-O-α-L-rhamnopyranosyl-(1→2)]-O-β -D-glucopyranosyl', 'Heveaflavone', 'Arboreumine', '3-Oxoursolic acid', 'Casearupestrin B', 'Piperyline, N-[10-(13,14-methylenedioxyphenyl)-7(E),9(E)-pentadienoyl]-pyrrolidine', 'ω-fenil alcanoic acid', '2-butyl-D-fructofuranoside', ""Gaudichaudianic acid; (2S)-2-methyl-2-(4'methyl-3'-pentenyl)-8-(3''-methyl-2-butenyl)- 2H-1-benzopyran-6-carboxylic acid"", 'limonexic acid', 'Skimmianine', 'p-hydroxybenzoic acid-geranyl ester', 'Dibenzyl disulphide', 'Proanthocyanidin', 'neoisoastilbin', '(R)-7-Hydroxymellein', ""N-[7-(3',4'-methylenedioxyphenyl)-2(Z),4(Z)-heptadienoyl]pyrrolidine"", ""Acteoside; [β-3,4-dihydroxyphenyl)-ethyl]-(3'-O-α-L-rhamnopyranosyl)-(4'-O-cafeoyl)-β-D-glycopyranoside, verbascoside"", 'Pedalitin', '1-O-(E)-feruloyl-β-D-glucopyranoside', '19,20-Epoxycytochalasin C', 'Methyl-8-hydroxy-2,2-dimethylchroman-6-carboxylate', 'Di(benzyltrithio) methane', '3,11,12-Trihydroxycadalene', 'Quercetin 3-O-sophoroside', '(3R,4R)-3,4-Dihydro-4,6-dihydroxy-3-methyl-1-oxo-1H-isochromene-5-carboxylic acid', '24-methylene-3,22-dihydroxycholesterol', 'amorphispironone', 'Casearupestrin D', 'Chaetoglobosin B', ""2-(2'-O-benzoyl)-C-β-D-glucopyranosyl-1,3,6,7-tetrahydroxyxanthone"", 'Isoplumericin', 'N-[10-(13,14-methylenedioxyphenyl)-7(E),9(Z)-pentadienoyl]-pyrrolidine', '6-[8(Z)-pentadecenyl]salicylic acid', '(2S)-2-methyl-8-(3""-methylbut-2""-enyl)-2-(4\'-methylpent-3\'-enyl)-2H-chromene-6-carboxylic acid', '(2S)-Methyl-2-methyl-8-(3""-methylbut-2""-enyl)-2-(4\'-methylpent-3\'-enyl)-2H-chromene-6-carboxylate', 'Casearin T', 'Gedunin', 'Burchellin', '5-[8(Z)-pentadecenyl]resorcinol', 'Luteolin; 2-(3,4-dihydroxyphenyl)-5,7-dihydroxy-4H-chromen-4-one', 'Sinapic acid', '19,20-Epoxycytochalasin Q', '19,20-Epoxycytochalasin R', 'Muraxanthone', '3,4,5-Triacetoxybenzoic acid', 'Odoratone', 'Rel-6β-hydroxyzuelanin-2β-benzoate', 'shidasterone', '5-hydroxymethyl- 2-furancarboxaldehyde; 5-hydroxymethyl-2-furfuraldehyde', 'atalaphyllinine', 'N-[10- (13,14-methylenedioxyphenyl)-7(E)-pentaenoyl]-pyrrolidine', '6α-acetoxymanoyl oxide', 'Rel-(+)-(7S,9R,10S)-3,9,12-trihydroxycalamenene', 'Casearin S', '11β-acetoxyobacunone', '2-Methyl-5-methoxy-benzopyran-4-one', '3,4-dihydroxybenzoic acid geranyl ester', '6α-acetoxy-14β,15β-epoxyazadirone', 'epoxy-fraxinellone', '12′-hydroxy-7′-multijuguinone', 'Kaempferitrin', 'Nitensidine C', 'Dipropyl disulphide', '2-methyl-5-[8(Z),11(Z)-pentadecadienyl]resorcinol', 'Methyl 6,7,8-trimethoxydihydrocinnamate', '2-Hexyl-3-methyl-butanodioic acid', 'fraxinellone', '6-[ 8(Z),11(Z) -pentadecadienyl] salicylic acid', 'Salacin', '6-pentadecylsalicylic acid', 'Methyl-2,2-dimethylchroman-6-carboxylate', ""Myrsinoic acid A, 3-Geranyl-4-hydroxy-5-(3'',3''-dimethylallyl)benzoic acid"", 'Pedalin, pedalitin 6-O-β -glucopyranoside', 'Caseargrewiin F; (1R*,3S*,5S*,6aR*,7S*,8R*,10R*,10aR*)-1,3-Bis(acetyloxy)-3,5,6,6a,7,8,9,10-octahydro-10-hydroxy-7,8-dimethyl-7-[(2Z)-3-methylpenta-2,4-dien-1-yl]naphtho[1,8a-c]furan-5-yl Butanoate', 'Casearin L; (1R*,3S*,5S*,6aR*,7R*,8R*,9S*,10S*,10aR*)-1,10-Bis(acetyloxy)-3,5,6,6a,7,8,9,10-octahydro-9-hydroxy-5-methoxy-7,8-dimethyl-7-[(2Z)-3-methylpenta-2,4-dien-1-yl]naphtho[1,8a-c]-furan-3-yl Butanoate', 'Platydesmine', 'Leiokinine A', 'Cabraleadiol', 'schaftoside', ""(2S)-Methyl-8-isopentyl-2-methyl-2-(4'-methylpentyl)chroman-6-carboxylate"", 'Casearupestrin A', '2-oxo-piperol B; (7S*, 8R*, 1R*, 3R*)-3,4,5-trimethoxy-3,7-cyclo-8,1-neolig-8-ene-2,4(3H)-dione', 'taxifolin', ""(2'S)-2-(propan-2'-ol)-5-hydroxy-benzopyran-4-one"", '6-[8(Z),11(Z),14-pentadecatrienyl]salicylic acid', 'Sorbifolin', ""Nitensoside A; Sorbifolin 6-O-α-rhamnopyranosyl(1'''→6'')-β-glucopyranoside"", 'Casearin O; (1R*,3S*,5S*,6aR*,7R*,8R*,9S*,10S*,10aR*)-1,10-Bis(acetyloxy)-5-methoxy-7,8-dimethyl-7-[(2Z)-3-methylpenta-2,4-dien-1-yl]-3,5,6,6a,7,8,9,10-octahydronaphtho[1,8a-c]furan-3,9-diyl Dibutanoate', 'germacrene D', '1-(5,7-dihydroxy-2,2-dimethylchroman- 6-yl)-3-[4-hydroxy-3-(3-methylbut-2-en-1-yl)- phenyl]propan-1-one', '(3R,4R)-4,7-Dihydroxymellein', ""Nitensoside B; Pedalitin 6-O-α-rhamnopyranosyl(1'''→6'')-β-glucopyranoside"", 'Methyl gallate', '3-O-β-D-quinovopyranosyl cincholic acid', 'Afzelin, 3-O-α-rhamnosyl kaempferol', 'Egonol', '4-Nerolidilcatechol', ""2-(2'-O-transcoumaroyl)-C-β-D-glucopyranosyl-1,3,6,7-tetrahydroxyxanthone"", 'Syringic acid', '(+)-3-O-feruloylcassine', '(3-(2-(4-hydroxyphenyl)-2-oxoethyl)-5,6-dihydropyridin- 2(1H)-one)', 'Mangiferin', 'Viburgenin', ""Pterogynoside; Kaempferol-3-O-(3''-O-4'''-methylgallate-α-L-rhamnoside)"", 'Isobutyl gallate', '7′-multijuguinone', '20α-Hydroxymaytenin; 20-hydroxy-20-epi-tingenone', '(-)-Epigallocatechin-3-O-gallate', 'Casearin D; (1R*,3S*,5S*,6aR*,7R*,8R*,9S*,10S*,10aR*)-1-(Acetyloxy)-3,5,6,6a,7,8,9,10-octahydro-5,10-dihydroxy-7,8-dimethyl-7-[(2Z)-3-methylpenta-2,4-dien-1-yl]naphtho[1,8a-c]furan-3,9-diyl Dibutanoate', 'Rel. (+)-(7S,10S) 3,12-dihydroxycalamenene', 'carlinoside', 'Methyl-8-(ethanoyloxy)-2,2-dimethyl-2H-chromene-6-carboxylate', 'Amentoflavone', '1-(5,7-dihydroxy-2,2-dimethylchroman-6-yl)-3-(1,1,4a-trimethyl-2,3,4,4a,9a-hexahydro-1H-xanthen-7-yl)propan-1-one', 'Methyl (E)-6,7,8-trimethoxycinnamate', '3,4,5-Trimethoxyphenyl-1-O-β-D-(5-O-syringoyl)-apiofuranosyl-(1→6)-β-D-glucopyranoside', 'Tetrahydropiperyline, N-[10-(13,14-methylenedioxyphenyl)-pentanoyl]-pyrrolidine', 'Piperovatine', '2,4,6-trimethoxybenzoic acid', '1-O-(E)-caffeoyl-β-D-glucopyranoside', 'Gallic acid; 3,4,5-trihydroxybenzoic acid', 'Quercitrin, 3-O-α-rhamnosylquercetin', '2β-Hydroxyzuelanin-6β-cinnamate', 'arjunolic acid', 'stachysterone', 'Ethyl 2,4-dihydroxy-5,6-dimethylbenzoate', 'Amentoflavone 7”,4”’-dimethyl ether', 'Picramnioside F', 'Lauryl gallate', 'Syringaldehyde', '22-hydroxytirucalla-7,24-diene-2,3-dione', 'Trans-3’-methylsulphonylallyl trans-cinnamate', '24-methylenecycloartan-3b-ol', 'Ixoside', 'Cognatine', 'Fagaramide', 'Chalepin', 'Chlorogenic acid', '(4R)-4,8-dihydroxy-α-tetralone']]",doi_name
"['10.1016/j.phytochem.2004.03.039', '22β-hydroxypristimerin']","['10.1016/j.phytochem.2004.03.039', [""Rel-(7R,8S,7'S,8'S)-4-hydroxy-4',5'-methylenedioxy-3,5,3'-trimethoxy-7,7'-epoxylignan"", ""Rel-(7R,8S,7'S,8'S)-4'-hydroxy-3,4,5,3',5'-pentamethoxy-7,7'-epoxylignan"", ""Rel-(7R,8S,7'S,8'S)-4',5'-methylenedioxy-3,4,5,3'-tetramethoxy-7,7'-epoxylignan"", ""Rel-(7R,8S,7'S,8'S)-9-hydroxy-4',5'-methylenedioxy-3,4,5,3'-tetramethoxy-7,7'-epoxylignan"", ""Rel-(7R,8S,7'S,8'S)-4,5,4',5'-dimethylenedioxy-3,3'-dimethoxy-7,7'-epoxylignan"", 'Teucrein', '11-O-trans-feruloylteucrein', 'Galioside', 'Apodanthoside', 'Galioside aglicone', 'guaiol', 'Hinesol', 'γ-eudesmol', 'α-eudesmol', ""3',4'-methylenedioxy-5,6,7- trimethoxyflavone"", ""2'-hydroxy-3,4,4'-trimethoxy-5',6'-(2'',2''-dimethylpyrano)-chalcone"", ""3',4'-methylenedioxy-5,5',6,7-tetramethoxyflavone"", ""3',4'-methylenedioxy-5,7-dimethoxyflavone"", 'Nectandrin B', 'Epi-guaiacin', 'Verrucosin', '7-Methyl-sargachromenol; 2,7,8-Trimethyl-2-[(3-E,7-Z)-4,12-dimethyl-8-carboxyl-3,7,11-tridecatrienyl]-3-chromen-6-ol, β-caroteno', '9-hydroxyeugenin', 'Eugenitin', 'Mycoleptone A', 'Austdiol', '6-methoxyeugenin', 'Mycoleptone A tetraacetate', 'Mycoleptone B', 'Austdiol diacetate', 'Secoxyloganin', 'Diderroside', ""6'-Acetyl-β-D-glucopyranosyldiderroside"", '7-Methoxydiderroside', '2,3-dihydro-4,9-dihydroxy-2-(2-hydroxy-propan-2-yl)- 11-methoxy-10-methylfuro[3,2-b]acridin-5(10H)-one', 'Citibrasine', 'bis-5-hydroxyacronycine', 'Xanthyletin', ""2-(1'-pentenyl)-Quinoline"", '2-n-Propylquinoline', ""2-(3',4'-methylenedioxyphenylethyl)-Quinoline"", '2-n-Pentylquinoline', '21α,25-dimethylmelianodiol', '21β,25-dimethylmelianodiol', '3,21-Di-epi-feroniellide B', 'Pellitorine', '(3Z,5Z)-N-isobutyl-8-(30,40-methylenedioxy-phenyl)-heptadienamide', '10,11-dihydropiperine; Δα,β-dihydropiperine', '(Z)-piplartine; 8(Z)-N-(12,13, 14-trimethoxycinnamoyl)- 3-pyridin-2-one', ""N-[3-(6'-methoxy-3',4'-methy-lenedioxyphenyl)-2(Z)-propenoyl]pyrrolidine"", '4,5-dihydropiperlonguminine; Piperlonguminine', 'Piperine', '4,5-dihydropiperyline', '(E)-piplartine', '8,9-dihydropiplartine; N-(12,13,14-trimethoxydihydrocinnamoyl)-Δ3-pyridin-2-one', ""3-(3',7 '-dimethyl-2',6 '-octadienyl)-4-methoxy-benzoic acid"", ""4-Methoxy-3-(3',7'-dimethylocta-2'-E-6'-dienyl)benzoic acid"", 'Methyl-8-hydroxy-2,2-dimethyl-2H-chromene-6-carboxylate', 'cyclo (L)-Pro-Gly', 'α-Gardiol', 'β-Gardiol', 'Ferulic acid', 'Isopimpinellin', '17-(3,4-Methylenedioxyphenyl)-heptadecanoic acid', ""7,4'-Dimethoxyflavone"", 'Sargaquinoic acid', 'Sargachromenol', ""7,4'-Dihydroxyflavone"", '19´-(3,4-Methylenedioxyphenyl)-nonadecanoic acid', 'Farnisine', '(+)-Guaiacin', '21´-(3,4-Methylenedioxyphenyl)-henicosanoic acid', 'Tithonine', 'Fasciculiferin', ""Juruenolic acid; 2-(4'-Methylpentenyl-3)-10-oxoundecan-2,6-dienoic acid"", 'Methyl 2,2-dimethyl-1-oxo-2H-1-benzopyran-6-carboxylate', ""Methyl taboganate; Methyl 4-hydroxy-3-(3'-methyl-1'-oxo-2'-butenyl)benzoate"", ""Methyl 4-hydroxy-3-(3'-methyl-2'-butenyl)benzoate"", ""4-Hydroxy-3-(3',7'-dimethylocta-2'-E-6'-dienyl)benzoic acid"", ""2',6'-Dihydroxy-4'-methoxydihydrochalcone"", '3,4,5-Trimethoxydihydrocinnamic acid', 'Piperaduncine B', ""Hostmaniene; 4-Hydroxy-3-(2',3'-dihydroxy-3'-methylbutyl)benzoate"", ""Aduncumene; Methyl 2-methoxy-5-(3'-methyl-1'-oxo-2'-butenyl)benzoate"", ""Methyl 4-hydroxy-3-(3'-methyl-2'-hydroxy-3'-butenyl)benzoate"", ""4-Hydroxy-(3',7'-dimethyl-1'-oxo-octa-2'-Z-6'-dienyl)benzoic acid"", 'Chlorogenic acid methyl ester, Methyl (1S,3R,4R,5R)-3-{[(2E)-3-(3,4-dihydroxyphenyl)-2-propenoyl]oxy}-1,4,5-trihydroxycyclohexanecarboxylate', '5,7-dimethoxy-2,2-dimethyl-2H-1-benzopyran-6-propanoate', '1,3,5-trihydroxy- 2,8-bis(3-methylbut-2-enyl)-10-methyl-9-acridone', 'Pyranofoline', '3,4-dihydro-3,5,8-trihydroxy-6-methoxy-2,2,7-trimethyl-2Hpyrano[ 2,3-a]acridin-12(7H)-one', '5-hydroxynoracronycine; Atalaphyllidine', 'Glycocitrine-I', 'Citrusinine-I', 'Glycocitrine-IV', 'Citrusinine-II', '1,3,5-trihydroxy-4-methoxy-10-methyl- 2,8-bis(3-methylbut-2-enyl)acridin-9(10H)-one', '6-Hydroxy-rutin', 'Kaempferol-3-O-α-L-rhamnopyranosyl-(1→6)-β-D-galactopyranoside', 'Kaempferol-3-O-rutinoside', 'Quercetin-3-O-α-L-rhamnopyranosyl-(1→6)-β-D-galactopyranoside', 'Kaempferol-3-O-D-galactopyranoside', 'Kaempferol-3-O-D-glucopyranoside', 'Procyanidin B-3', 'Catechin, Ent-catechin', 'Kaempferol-3-O-α-L-rhamnopyranosyl-(1-6)-α-L-rhamnopyranosyl-(1-4)-β-D-glucopyranoside', '(-)-3-O-acetyl-spectaline', '(+)-Erythravine', '(+)-α-Hydroxyerysotrine', '(+)-11α-Hydroxyerythravine', 'Taraxerol acetate', 'β-caryophyllene, trans-caryophyllene', ""3,4-dimethyl-2-(4'-hydroxy-3',5'-dimethoxyphenyl)-5-methoxy-tetrahydrofuran"", 'Nitensidine E', 'Nitensidine D', 'penduletin 4-O-methyl ether', '3,3-O-dimethylquercetin', '2α,3α,19α- trihydroxyurs-12-en-28-oic acid', '3-O-methylquercetin', 'acacetin', '2α,3α-dihydroxyolean-12- en-28-oic acid', 'p-hydroxybenzoic acid', 'Chrysoeriol', '3,7,4-O-trimethylkaempferol', 'Tagitinin C', '1-methoxy-3-hydroxy-3,10b-4,5a-diepoxy-8b-isobutyroyloxygermacr-11(13)-en-6a,12-olide', '5,7-dimethoxy-2,2-dimethyl-2H-1-benzopyran-6-propanoic acid', ""3',4',5',3,5,7,8-heptamethoxyflavone"", ""3,5,6,7,3',4',5'-heptamethoxyflavonol"", 'Stearic acid 4-pentoyloxyphenethyl ester', ""4-Hydroxy-3-(3',7'-dimethyl-3'-hydroxy-1'-oxo-6'-octenyl)benzoic acid"", ""1,4-Dihydroxy-2-(3',7'-dimethyl-1'-oxo-2'-E-6'-octadienyl)benzene"", ""Sakuranetin; 5,4'-dihydroxy-7-methoxyflavanone"", ""Isosakuranetin; 5,7-dihydroxy-4'-methoxyflavanone"", ""4-Hydroxy-(3',7'-dimethyl-1'-oxo-octa-2'-E-6'-dienyl)benzoic acid"", 'Aphidicolin', ""Isoswertisin-2''α1-L-rhamnoside"", 'Clusifoliol', ""Isoswertisin-4'-methyl-ether-2''α-L-rhamnoside"", '2-Episesalatin', 'Sesartemin', 'astilbin; Rel-(2R, 3R)-dihydroquercetin-3-O-±-L-rhamnoside', 'Beauvericin', 'Anhydrofusarubin', 'Methyl (3R,4R,5R)-3-{[(2Z)-3-(3,4-dihydroxyphenyl)-2-propenoyl]oxy}-1,4,5-trihydroxycyclohexanecarboxylate', 'Methyl (3R,4R,5R)-3-{[(2E)-3-(3,4-dihydroxyphenyl)-2-propenoyl]oxy}-1,4,5-trihydroxycyclohexanecarboxylate', 'Methacrylic acid', 'Deoxycordifoline', '3,4-dehydrostrictosidine acid', 'Harman-3-carboxylic acid', 'Turbinatine', '5α-carboxystrictosidine', '3,4-dehydro-strictosidine', 'Cordifoline', 'Strictosidine acid', 'Piscidinol A', 'Pentaol', 'cryptomeridiol', 'Iso-odoratol', '3,11-dioxoolean-12-en-28- onic acid', 'Oleanonic acid', 'Hispidol A', 'Nilocetin', '4-metoxi-6-[2-(metilamino)fenil]- 2H-piran-2-ona', '(22E,24R)-ergosta-4,6,8(14),22-tetraen-3-one', 'Dimethyl terephthalate', 'Pimara-7,15-dien-3β-ol', 'Ergosterol peroxide', '8-hydroxy-6-methoxy-3-methylisocoumarin', 'Cusculine; 1,2,3,5,6-pentamethoxy-9-acridone', 'Cuspanine; 1-hydroxy-2,3,5,6-tetramethoxy-9-acridone', '2α,3α-Dihydroxy-urs-12-en-28-oic acid', '3-O-β-D-(6’-methyl)-glucopyranosyl-28-O-β-D-glucopyranosyl-oleanate', 'Oleanolic acid 3-sophoroside', 'Haplotusine', 'β-Sitosterol benzoate', '5-hydroxyflavone', '2-phenyl-4H-chromen-4-one', 'Sinapyl 4-O-β-D-glucopyranoside aldehyde', 'Sinapyl 4-O-β-D-glucopyranoside alcohol', 'Liriodenine', 'N-acetylnonaine', '[10]-gingerol', ""2,4-Dihydroxy-6-[(1'E,3'E)-penta-1', 3'-dienyl]-benzaldehyde"", '2-methyl-5-[8(Z)-pentadecenyl]resorcinol', 'Kaempferol', '2-hydroxyphenylacetic acid', '3-O-β-D-quinovopyranosyl quinovic acid', '(4R)-4,8-dihydroxy-α-tetralone', 'scillascillin', 'Chlorogenic acid', 'Chalepin', 'Quercitrin, 3-O-α-rhamnosylquercetin', 'Caseobliquin A', 'Methyl angolensate', ""5-(3'' -Hydroxypropyl)-7-methoxy-2-(3',4' -methyl-enedioxyphenyl)benzofuran"", '22β-hydroxypristimerin', '1- (5,7-dihydroxy-2,2-dimethylchroman-6-yl)-3-(2,2-dimethylchroman- 6-yl)propan-1-one', '19,20-Epoxycytochalasin N', 'ellagic acid 4-O-α-L-rhamnopyranoside; eschweilenol C', 'Mayoside C', 'Ourateacatechin', ""3',4',5',5,7-pentamethoxyflavone"", '2-methyl-5-pentadecylresorcinol', '3β-hydroxy-stigmast-5-en-7-one; 24-β-7-oxositosterol', 'Gallic acid; 3,4,5-trihydroxybenzoic acid', 'Viburgenin', ""Pterogynoside; Kaempferol-3-O-(3''-O-4'''-methylgallate-α-L-rhamnoside)"", 'Isobutyl gallate', '7′-multijuguinone', 'Griseofulvin', ""7-Hydroxy-4',6-dimethoxyisoflavone; Afrormosin; Afromosin"", '8-methoxymellein', '(±)-Syringaresinol', '1-methyl-2-n-nonyl-4-quinolone', '5-[8(Z),11(Z),14-pentadecatrienyl]resorcinol', 'Kokusaginine', ""2-(2'-O-trans-caffeoyl)-C-β-D-glucopyranosyl-1,3,6,7-tetrahydroxyxanthone"", 'Netzahualcoyene', 'Casearin X Dialdehyde; (2R*,4aS*,5S*,7R*,8R*,8aS*)-4,4a-Diformyl-1,2,4a,5,6,7,8,8a-octahydro-5-hydroxy-7,8-dimethyl-8-[(2Z)-3-methylpenta-2,4-dien-1-yl]naphthalen-2-yl Butanoate', 'polypodine B', 'n-Propyl gallate', ""3',4',5',5,7,8-hexamethoxyflavone"", 'Isopropyl gallate', '6β-hydroxy-7-epigardoside methyl ester', 'Nitensidine A', ""8-hydroxy-3,5,7,3',4',5'-hexamethoxyflavonol"", 'Odoratol', 'Leptomerine', '5-hydroxy-N-methylseverifoline', 'Maculosidine', 'Podocarpusflavone A', 'Casearupestrin C', '6α-malonyloxy-n-butyl ester manoyl oxide', 'citrusinine-I', 'Ricinine', 'Leptophyllin A', '5-pentadecylresorcinol', 'Piperol B', '(-)-Hardwickiic acid', ""5-[3''-(β-D-glucopyranosyloxy)propyl]-7-methoxy-2-(3',4'-methylenedioxyphenyl)benzofuran"", '28-O-β-D-glucopyranosyl quinovic acid', '2,6-di-O-acetylcasearupestrin D', ""Methyl-2,2-dimethyl-8-(3'-methylbut-2'-enyl)chroman-6-carboxylate"", '2,7-Di-O-acetylcasearupestrin A', 'Nitensidine B', 'Dibenzyl trisulphide', 'Maytenin, Tingenone', '19,20-Epoxycytochalasin D', 'fumiquinozoline F', 'Kaempferol 3-O-α-L-rhamnopyranosyl (1→6)-O-[β -D-glucopyranosyl (1→3)-O-α-L-rhamnopyranosyl-(1→2)]-O-β -D-glucopyranosyl', '3β-O-[α-L-rhamnopyranosyl-(1→2)-O-β-D-glucopyranosyl-(1→2)-O-β-D-glucopyranosyl]-28-O-β-D-glucopyranoside pomolate', 'Dibenzyl tetrasulphide', ""2',5-dihydroxy-3-methoxy-8-dimethylallyl-6, 7-(2' ',2''-dimethylpyrano)-dihydroflavonol"", '2-n-nonyl-4-quinolone', 'Cytochalasin D', 'Isoorientin', 'Uracil', 'Tetrahydropiperyline, N-[10-(13,14-methylenedioxyphenyl)-pentanoyl]-pyrrolidine', 'Piperovatine', '2,4,6-trimethoxybenzoic acid', '1-O-(E)-caffeoyl-β-D-glucopyranoside', 'urauchimycin A', 'p-Coumaric acid', '(-)-Epigallocatechin', 'Netzahualcoyonol', '1-[3-(3,7-dimethylocta-2,6-dien-1-yl)-2,4,6- trihydroxyphenyl]-3-(4-hydroxyphenyl)propan-1-one', '6α-malonyloxymanoyl oxide', 'Benzylhydroxymethyl sulphide', '1,6-di-O-caffeoyl-β-D-glucopyranoside', '2-methyl-5-[8(Z),11(Z),14-pentadecatrienyl]resorcinol', 'urauchimycin B', 'Homoegonol', '[8]-gingerol', '4-Hydroxymellein', '5-hydroxymellein', '2-Methyl-4-hydroxy-butyl caffeoate', 'N-1,N-2,N-3-Triisopentenylguanidine', '3,4,5-trimethoxyphenyl 1-O-β-D-apiofuranosyl-(1→6)-O-β-D-glucopyranoside', 'fraxinellonone', 'Dibenzyl sulphide', '(-) Cis-4-hydroxy-6-deoxyscytalone', 'Plumericin', '5-[8(Z),11(Z)-pentadecadienyl]resorcinol', '(-)-Spectalinine', '20-hydroxyecdysone; polypodine A', '3-Acetyl aleuritolic acid', 'Alkenoic acid', 'Quercetin 3-O-α-L-rhamnopyranosyl (1→6)-O-[β -D-glucopyranosyl (1→3)-O-α-L-rhamnopyranosyl-(1→2)]-O-β -D-glucopyranosyl', 'Heveaflavone', 'Arboreumine', '3-Oxoursolic acid', 'Casearupestrin B', 'toonacilin', 'ω-fenil alcanoic acid', '2-butyl-D-fructofuranoside', 'Pedalitin', '1-O-(E)-feruloyl-β-D-glucopyranoside', '19,20-Epoxycytochalasin C', 'n-Pentyl gallate', 'Orcinol', 'Periconicin B', 'Phomopsilactone', ""(2S)-8-Isopentyl-2-methyl-2-(4'-methylpentyl)chroman-6-carboxylic acid"", '2,2-dimethyl-2H-chromene-6-carboxylic acid', '1,2-dihydro- 3β-hydroxy-7-deacetoxy-7-oxogedunin', 'Photogedunin', 'Casearin X; (1R*,3S*,5S*,6aR*,7S*,8S*,10R*,10aR*)-1-(Acetyloxy)-3,5,6,6a,7,8,9,10-octahydro-10-hydroxy-7,8-dimethyl-7-[(2Z)-3-methylpenta-2,4-dien-1-yl]naphtho[1,8a-c]furan-3,5-diyl Dibutanoate', 'Netzahualcoyondiol', 'Pristimerin; 20α-3-hydroxy-2-oxo-24-nor-friedela-1-10,3,5,7-tetraen-carboxylic acid-29-methylester', 'Isoplumericin', 'Skimmianine', 'p-hydroxybenzoic acid-geranyl ester', 'Dibenzyl disulphide', 'β-photogedunin', 'n-Butyl gallate', ""5-[3''-(β-D-glucopyranosyloxy)propyl]-7-methoxy-2-(3',4'-dimethoxyphenyl)benzofuran"", '3,12-Dihydroxycadalene', '7-hydroxy-3- (11-dimethylallyl)-8-methoxycoumarin', ""N-[7-(3',4'-methylenedioxyphenyl)-2(Z),4(Z)-heptadienoyl]pyrrolidine"", ""Acteoside; [β-3,4-dihydroxyphenyl)-ethyl]-(3'-O-α-L-rhamnopyranosyl)-(4'-O-cafeoyl)-β-D-glycopyranoside, verbascoside"", 'α-L-xylopyranosyl-(4""→20)-(3-O-β-D-glucopyranosyl)-1\'-O-E-caffeoyl-β-D-glucopyranoside', ""2-(R)-Methyl-6-(S)-(tetradecyl-13'-one)-3(R)-O-tert-butyldimethylsilyl-piperidine"", '(2S)-Methyl-2-methyl-8-(3""-methylbut-2""-enyl)-2-(4\'-methylpent-3\'-enyl)-2H-chromene-6-carboxylate', 'Casearin T', 'Piperyline, N-[10-(13,14-methylenedioxyphenyl)-7(E),9(E)-pentadienoyl]-pyrrolidine', 'Sinapic acid', '19,20-Epoxycytochalasin Q', '19,20-Epoxycytochalasin R', 'Muraxanthone', '3,4,5-Triacetoxybenzoic acid', ""Gaudichaudianic acid; (2S)-2-methyl-2-(4'methyl-3'-pentenyl)-8-(3''-methyl-2-butenyl)- 2H-1-benzopyran-6-carboxylic acid"", 'limonexic acid', 'Di(benzyltrithio) methane', '3,11,12-Trihydroxycadalene', 'Quercetin 3-O-sophoroside', '(3R,4R)-3,4-Dihydro-4,6-dihydroxy-3-methyl-1-oxo-1H-isochromene-5-carboxylic acid', '24-methylene-3,22-dihydroxycholesterol', 'amorphispironone', 'Casearupestrin D', 'Chaetoglobosin B', ""2-(2'-O-benzoyl)-C-β-D-glucopyranosyl-1,3,6,7-tetrahydroxyxanthone"", 'epoxy-fraxinellone', '12′-hydroxy-7′-multijuguinone', 'Kaempferitrin', 'Nitensidine C', 'Dipropyl disulphide', 'Proanthocyanidin', 'neoisoastilbin', '(R)-7-Hydroxymellein', '6α-acetoxymanoyl oxide', 'Methyl-8-hydroxy-2,2-dimethylchroman-6-carboxylate', 'N-[10-(13,14-methylenedioxyphenyl)-7(E),9(Z)-pentadienoyl]-pyrrolidine', '6-[8(Z)-pentadecenyl]salicylic acid', '(2S)-2-methyl-8-(3""-methylbut-2""-enyl)-2-(4\'-methylpent-3\'-enyl)-2H-chromene-6-carboxylic acid', 'Burchellin', '5-[8(Z)-pentadecenyl]resorcinol', 'Luteolin; 2-(3,4-dihydroxyphenyl)-5,7-dihydroxy-4H-chromen-4-one', 'Platydesmine', 'Leiokinine A', 'Cabraleadiol', 'schaftoside', ""(2S)-Methyl-8-isopentyl-2-methyl-2-(4'-methylpentyl)chroman-6-carboxylate"", 'Casearupestrin A', '2-oxo-piperol B; (7S*, 8R*, 1R*, 3R*)-3,4,5-trimethoxy-3,7-cyclo-8,1-neolig-8-ene-2,4(3H)-dione', 'Odoratone', 'Rel-6β-hydroxyzuelanin-2β-benzoate', 'shidasterone', '5-hydroxymethyl- 2-furancarboxaldehyde; 5-hydroxymethyl-2-furfuraldehyde', 'atalaphyllinine', 'N-[10- (13,14-methylenedioxyphenyl)-7(E)-pentaenoyl]-pyrrolidine', '2-Methyl-5-methoxy-benzopyran-4-one', '3,4-dihydroxybenzoic acid geranyl ester', '6α-acetoxy-14β,15β-epoxyazadirone', '3-O-β-D-quinovopyranosyl cincholic acid', 'Afzelin, 3-O-α-rhamnosyl kaempferol', 'Egonol', '4-Nerolidilcatechol', ""2-(2'-O-transcoumaroyl)-C-β-D-glucopyranosyl-1,3,6,7-tetrahydroxyxanthone"", 'Syringic acid', '(+)-3-O-feruloylcassine', '2-methyl-5-[8(Z),11(Z)-pentadecadienyl]resorcinol', 'Methyl 6,7,8-trimethoxydihydrocinnamate', '2-Hexyl-3-methyl-butanodioic acid', 'fraxinellone', '6-[ 8(Z),11(Z) -pentadecadienyl] salicylic acid', 'Gedunin', 'Pedalin, pedalitin 6-O-β -glucopyranoside', 'Caseargrewiin F; (1R*,3S*,5S*,6aR*,7S*,8R*,10R*,10aR*)-1,3-Bis(acetyloxy)-3,5,6,6a,7,8,9,10-octahydro-10-hydroxy-7,8-dimethyl-7-[(2Z)-3-methylpenta-2,4-dien-1-yl]naphtho[1,8a-c]furan-5-yl Butanoate', 'Casearin L; (1R*,3S*,5S*,6aR*,7R*,8R*,9S*,10S*,10aR*)-1,10-Bis(acetyloxy)-3,5,6,6a,7,8,9,10-octahydro-9-hydroxy-5-methoxy-7,8-dimethyl-7-[(2Z)-3-methylpenta-2,4-dien-1-yl]naphtho[1,8a-c]-furan-3-yl Butanoate', 'carlinoside', 'Methyl-8-(ethanoyloxy)-2,2-dimethyl-2H-chromene-6-carboxylate', 'Amentoflavone', '1-(5,7-dihydroxy-2,2-dimethylchroman-6-yl)-3-(1,1,4a-trimethyl-2,3,4,4a,9a-hexahydro-1H-xanthen-7-yl)propan-1-one', 'Methyl (E)-6,7,8-trimethoxycinnamate', '3,4,5-Trimethoxyphenyl-1-O-β-D-(5-O-syringoyl)-apiofuranosyl-(1→6)-β-D-glucopyranoside', '6-[8(Z),11(Z),14-pentadecatrienyl]salicylic acid', 'taxifolin', ""(2'S)-2-(propan-2'-ol)-5-hydroxy-benzopyran-4-one"", 'Rel-(+)-(7S,9R,10S)-3,9,12-trihydroxycalamenene', 'Casearin S', '11β-acetoxyobacunone', '1-(5,7-dihydroxy-2,2-dimethylchroman- 6-yl)-3-[4-hydroxy-3-(3-methylbut-2-en-1-yl)- phenyl]propan-1-one', '(3R,4R)-4,7-Dihydroxymellein', ""Nitensoside B; Pedalitin 6-O-α-rhamnopyranosyl(1'''→6'')-β-glucopyranoside"", 'Methyl gallate', 'Amentoflavone 7”,4”’-dimethyl ether', 'Picramnioside F', 'Lauryl gallate', 'Syringaldehyde', '22-hydroxytirucalla-7,24-diene-2,3-dione', 'Trans-3’-methylsulphonylallyl trans-cinnamate', '(3-(2-(4-hydroxyphenyl)-2-oxoethyl)-5,6-dihydropyridin- 2(1H)-one)', 'Mangiferin', 'Salacin', '6-pentadecylsalicylic acid', 'Methyl-2,2-dimethylchroman-6-carboxylate', ""Myrsinoic acid A, 3-Geranyl-4-hydroxy-5-(3'',3''-dimethylallyl)benzoic acid"", '20α-Hydroxymaytenin; 20-hydroxy-20-epi-tingenone', '(-)-Epigallocatechin-3-O-gallate', 'Casearin D; (1R*,3S*,5S*,6aR*,7R*,8R*,9S*,10S*,10aR*)-1-(Acetyloxy)-3,5,6,6a,7,8,9,10-octahydro-5,10-dihydroxy-7,8-dimethyl-7-[(2Z)-3-methylpenta-2,4-dien-1-yl]naphtho[1,8a-c]furan-3,9-diyl Dibutanoate', 'Rel. (+)-(7S,10S) 3,12-dihydroxycalamenene', 'Canavaline', 'Di-hydrodehydrodiconiferyl alcohol', 'Quercetin', ""2-(2'-O-trans-cinnamoyl)-C-β-D-glucopyranosyl-1,3,6,7-tetrahydroxyxanthone"", 'Ocotillone', 'des-N-methylnoracronycine', 'Sorbifolin 6-O-β-glucopyranoside', 'Rel-2α-hydroxyzuelanin-6β-benzoate', 'Sorbifolin', ""Nitensoside A; Sorbifolin 6-O-α-rhamnopyranosyl(1'''→6'')-β-glucopyranoside"", 'Casearin O; (1R*,3S*,5S*,6aR*,7R*,8R*,9S*,10S*,10aR*)-1,10-Bis(acetyloxy)-5-methoxy-7,8-dimethyl-7-[(2Z)-3-methylpenta-2,4-dien-1-yl]-3,5,6,6a,7,8,9,10-octahydronaphtho[1,8a-c]furan-3,9-diyl Dibutanoate', 'germacrene D', '2β-Hydroxyzuelanin-6β-cinnamate', 'arjunolic acid', 'stachysterone', 'Ethyl 2,4-dihydroxy-5,6-dimethylbenzoate', 'Cyclo-(L-Pro-L-Val)', 'Acetonide of odoratol', '(−)-Grandisin', '24-methylenecycloartan-3b-ol', 'Ixoside', 'Cognatine', 'Fagaramide']]",doi_name
"['10.1016/S0031-9422(98)00069-7', '3-Acetyl aleuritolic acid']","['10.1016/S0031-9422(98)00069-7', ['β-caryophyllene, trans-caryophyllene', ""3',4'-methylenedioxy-5,5',6,7-tetramethoxyflavone"", ""3',4'-methylenedioxy-5,6,7- trimethoxyflavone"", ""2'-hydroxy-3,4,4'-trimethoxy-5',6'-(2'',2''-dimethylpyrano)-chalcone"", ""3',4'-methylenedioxy-5,7-dimethoxyflavone"", '2,3-dihydro-4,9-dihydroxy-2-(2-hydroxy-propan-2-yl)- 11-methoxy-10-methylfuro[3,2-b]acridin-5(10H)-one', 'Citibrasine', 'bis-5-hydroxyacronycine', '11-O-trans-feruloylteucrein', 'Teucrein', 'Galioside aglicone', 'Galioside', 'Apodanthoside', 'Xanthyletin', 'Verrucosin', 'Epi-guaiacin', '7-Methyl-sargachromenol; 2,7,8-Trimethyl-2-[(3-E,7-Z)-4,12-dimethyl-8-carboxyl-3,7,11-tridecatrienyl]-3-chromen-6-ol, β-caroteno', 'Nectandrin B', 'Ferulic acid', 'α-Gardiol', 'β-Gardiol', ""Rel-(7R,8S,7'S,8'S)-4,5,4',5'-dimethylenedioxy-3,3'-dimethoxy-7,7'-epoxylignan"", ""Rel-(7R,8S,7'S,8'S)-4'-hydroxy-3,4,5,3',5'-pentamethoxy-7,7'-epoxylignan"", ""Rel-(7R,8S,7'S,8'S)-9-hydroxy-4',5'-methylenedioxy-3,4,5,3'-tetramethoxy-7,7'-epoxylignan"", ""Rel-(7R,8S,7'S,8'S)-4-hydroxy-4',5'-methylenedioxy-3,5,3'-trimethoxy-7,7'-epoxylignan"", ""Rel-(7R,8S,7'S,8'S)-4',5'-methylenedioxy-3,4,5,3'-tetramethoxy-7,7'-epoxylignan"", 'Hinesol', 'guaiol', 'γ-eudesmol', 'α-eudesmol', '21β,25-dimethylmelianodiol', '3,21-Di-epi-feroniellide B', '21α,25-dimethylmelianodiol', ""4-Methoxy-3-(3',7'-dimethylocta-2'-E-6'-dienyl)benzoic acid"", 'Methyl-8-hydroxy-2,2-dimethyl-2H-chromene-6-carboxylate', ""3-(3',7 '-dimethyl-2',6 '-octadienyl)-4-methoxy-benzoic acid"", ""2-(3',4'-methylenedioxyphenylethyl)-Quinoline"", ""2-(1'-pentenyl)-Quinoline"", '2-n-Propylquinoline', '2-n-Pentylquinoline', 'Mycoleptone A', '9-hydroxyeugenin', 'Austdiol', '6-methoxyeugenin', 'Mycoleptone B', 'Eugenitin', 'Austdiol diacetate', 'Mycoleptone A tetraacetate', '2α,3α,19α- trihydroxyurs-12-en-28-oic acid', 'penduletin 4-O-methyl ether', '3,3-O-dimethylquercetin', '3,7,4-O-trimethylkaempferol', '3-O-methylquercetin', 'acacetin', 'p-hydroxybenzoic acid', '2α,3α-dihydroxyolean-12- en-28-oic acid', 'Chrysoeriol', 'cyclo (L)-Pro-Gly', ""3,4-dimethyl-2-(4'-hydroxy-3',5'-dimethoxyphenyl)-5-methoxy-tetrahydrofuran"", '7-Methoxydiderroside', 'Diderroside', ""6'-Acetyl-β-D-glucopyranosyldiderroside"", 'Secoxyloganin', 'Stearic acid 4-pentoyloxyphenethyl ester', 'Isopimpinellin', 'Cuspanine; 1-hydroxy-2,3,5,6-tetramethoxy-9-acridone', 'Cusculine; 1,2,3,5,6-pentamethoxy-9-acridone', ""4-Hydroxy-3-(3',7'-dimethyl-3'-hydroxy-1'-oxo-6'-octenyl)benzoic acid"", ""4-Hydroxy-(3',7'-dimethyl-1'-oxo-octa-2'-E-6'-dienyl)benzoic acid"", ""Isosakuranetin; 5,7-dihydroxy-4'-methoxyflavanone"", ""1,4-Dihydroxy-2-(3',7'-dimethyl-1'-oxo-2'-E-6'-octadienyl)benzene"", ""Sakuranetin; 5,4'-dihydroxy-7-methoxyflavanone"", '5,7-dimethoxy-2,2-dimethyl-2H-1-benzopyran-6-propanoic acid', 'Ergosterol peroxide', '(22E,24R)-ergosta-4,6,8(14),22-tetraen-3-one', 'Dimethyl terephthalate', '8-hydroxy-6-methoxy-3-methylisocoumarin', 'Pimara-7,15-dien-3β-ol', 'Aphidicolin', '5,7-dimethoxy-2,2-dimethyl-2H-1-benzopyran-6-propanoate', '3,4-dehydro-strictosidine', 'Turbinatine', 'Strictosidine acid', 'Cordifoline', '3,4-dehydrostrictosidine acid', 'Harman-3-carboxylic acid', '5α-carboxystrictosidine', 'Deoxycordifoline', 'Taraxerol acetate', 'Methacrylic acid', 'astilbin; Rel-(2R, 3R)-dihydroquercetin-3-O-±-L-rhamnoside', 'Nitensidine E', 'Nitensidine D', 'Pentaol', 'Iso-odoratol', '3,11-dioxoolean-12-en-28- onic acid', 'cryptomeridiol', 'Piscidinol A', 'Oleanonic acid', 'Hispidol A', 'Nilocetin', '4-metoxi-6-[2-(metilamino)fenil]- 2H-piran-2-ona', 'Chlorogenic acid methyl ester, Methyl (1S,3R,4R,5R)-3-{[(2E)-3-(3,4-dihydroxyphenyl)-2-propenoyl]oxy}-1,4,5-trihydroxycyclohexanecarboxylate', ""Isoswertisin-2''α1-L-rhamnoside"", '2-Episesalatin', 'Sesartemin', 'Clusifoliol', ""Isoswertisin-4'-methyl-ether-2''α-L-rhamnoside"", '(-)-3-O-acetyl-spectaline', '1-methoxy-3-hydroxy-3,10b-4,5a-diepoxy-8b-isobutyroyloxygermacr-11(13)-en-6a,12-olide', 'Tagitinin C', ""3',4',5',3,5,7,8-heptamethoxyflavone"", ""3,5,6,7,3',4',5'-heptamethoxyflavonol"", ""4-Hydroxy-3-(3',7'-dimethylocta-2'-E-6'-dienyl)benzoic acid"", ""Hostmaniene; 4-Hydroxy-3-(2',3'-dihydroxy-3'-methylbutyl)benzoate"", ""Methyl 4-hydroxy-3-(3'-methyl-2'-hydroxy-3'-butenyl)benzoate"", 'Piperaduncine B', ""Aduncumene; Methyl 2-methoxy-5-(3'-methyl-1'-oxo-2'-butenyl)benzoate"", '3,4,5-Trimethoxydihydrocinnamic acid', ""Methyl 4-hydroxy-3-(3'-methyl-2'-butenyl)benzoate"", ""2',6'-Dihydroxy-4'-methoxydihydrochalcone"", ""4-Hydroxy-(3',7'-dimethyl-1'-oxo-octa-2'-Z-6'-dienyl)benzoic acid"", 'Methyl 2,2-dimethyl-1-oxo-2H-1-benzopyran-6-carboxylate', ""Methyl taboganate; Methyl 4-hydroxy-3-(3'-methyl-1'-oxo-2'-butenyl)benzoate"", 'Beauvericin', 'Anhydrofusarubin', '5-hydroxynoracronycine; Atalaphyllidine', 'Glycocitrine-I', 'Glycocitrine-IV', 'Pyranofoline', '1,3,5-trihydroxy-4-methoxy-10-methyl- 2,8-bis(3-methylbut-2-enyl)acridin-9(10H)-one', 'Citrusinine-I', '1,3,5-trihydroxy- 2,8-bis(3-methylbut-2-enyl)-10-methyl-9-acridone', '3,4-dihydro-3,5,8-trihydroxy-6-methoxy-2,2,7-trimethyl-2Hpyrano[ 2,3-a]acridin-12(7H)-one', 'Citrusinine-II', '17-(3,4-Methylenedioxyphenyl)-heptadecanoic acid', ""7,4'-Dimethoxyflavone"", 'Sargachromenol', '19´-(3,4-Methylenedioxyphenyl)-nonadecanoic acid', 'Sargaquinoic acid', ""7,4'-Dihydroxyflavone"", 'Farnisine', '21´-(3,4-Methylenedioxyphenyl)-henicosanoic acid', '(+)-Guaiacin', 'Fasciculiferin', 'Tithonine', ""Juruenolic acid; 2-(4'-Methylpentenyl-3)-10-oxoundecan-2,6-dienoic acid"", 'Kaempferol-3-O-rutinoside', 'Catechin, Ent-catechin', 'Kaempferol-3-O-α-L-rhamnopyranosyl-(1→6)-β-D-galactopyranoside', 'Procyanidin B-3', '6-Hydroxy-rutin', 'Kaempferol-3-O-D-galactopyranoside', 'Quercetin-3-O-α-L-rhamnopyranosyl-(1→6)-β-D-galactopyranoside', 'Kaempferol-3-O-D-glucopyranoside', 'Kaempferol-3-O-α-L-rhamnopyranosyl-(1-6)-α-L-rhamnopyranosyl-(1-4)-β-D-glucopyranoside', '(+)-Erythravine', '(+)-α-Hydroxyerysotrine', '(+)-11α-Hydroxyerythravine', 'Methyl (3R,4R,5R)-3-{[(2Z)-3-(3,4-dihydroxyphenyl)-2-propenoyl]oxy}-1,4,5-trihydroxycyclohexanecarboxylate', 'Methyl (3R,4R,5R)-3-{[(2E)-3-(3,4-dihydroxyphenyl)-2-propenoyl]oxy}-1,4,5-trihydroxycyclohexanecarboxylate', 'Pellitorine', '(3Z,5Z)-N-isobutyl-8-(30,40-methylenedioxy-phenyl)-heptadienamide', '(Z)-piplartine; 8(Z)-N-(12,13, 14-trimethoxycinnamoyl)- 3-pyridin-2-one', '4,5-dihydropiperyline', ""N-[3-(6'-methoxy-3',4'-methy-lenedioxyphenyl)-2(Z)-propenoyl]pyrrolidine"", '8,9-dihydropiplartine; N-(12,13,14-trimethoxydihydrocinnamoyl)-Δ3-pyridin-2-one', '10,11-dihydropiperine; Δα,β-dihydropiperine', '4,5-dihydropiperlonguminine; Piperlonguminine', '(E)-piplartine', 'Piperine', '2α,3α-Dihydroxy-urs-12-en-28-oic acid', 'Oleanolic acid 3-sophoroside', '3-O-β-D-(6’-methyl)-glucopyranosyl-28-O-β-D-glucopyranosyl-oleanate', 'Haplotusine', '2-phenyl-4H-chromen-4-one', 'β-Sitosterol benzoate', '5-hydroxyflavone', 'Sinapyl 4-O-β-D-glucopyranoside aldehyde', 'N-acetylnonaine', 'Liriodenine', 'Sinapyl 4-O-β-D-glucopyranoside alcohol', '[10]-gingerol', ""2,4-Dihydroxy-6-[(1'E,3'E)-penta-1', 3'-dienyl]-benzaldehyde"", '2-methyl-5-[8(Z)-pentadecenyl]resorcinol', 'Nitensidine A', '2-hydroxyphenylacetic acid', 'scillascillin', '(4R)-4,8-dihydroxy-α-tetralone', 'Piperol B', '(-)-Hardwickiic acid', ""5-[3''-(β-D-glucopyranosyloxy)propyl]-7-methoxy-2-(3',4'-methylenedioxyphenyl)benzofuran"", '28-O-β-D-glucopyranosyl quinovic acid', '2-Methyl-4-hydroxy-butyl caffeoate', 'N-1,N-2,N-3-Triisopentenylguanidine', 'Dibenzyl trisulphide', 'Maytenin, Tingenone', 'urauchimycin B', '3-O-β-D-quinovopyranosyl quinovic acid', ""8-hydroxy-3,5,7,3',4',5'-hexamethoxyflavonol"", 'Odoratol', 'Leptomerine', '5-hydroxy-N-methylseverifoline', '19,20-Epoxycytochalasin N', 'ellagic acid 4-O-α-L-rhamnopyranoside; eschweilenol C', 'Mayoside C', 'Ourateacatechin', ""3',4',5',5,7-pentamethoxyflavone"", '2-methyl-5-pentadecylresorcinol', '3β-hydroxy-stigmast-5-en-7-one; 24-β-7-oxositosterol', 'Cyclo-(L-Pro-L-Val)', 'Acetonide of odoratol', '(−)-Grandisin', '24-methylenecycloartan-3b-ol', 'Nitensidine B', '1-methyl-2-n-nonyl-4-quinolone', '5-[8(Z),11(Z),14-pentadecatrienyl]resorcinol', 'Gallic acid; 3,4,5-trihydroxybenzoic acid', 'Homoegonol', '[8]-gingerol', '4-Hydroxymellein', '5-hydroxymellein', 'fraxinellonone', 'Dibenzyl sulphide', '(-) Cis-4-hydroxy-6-deoxyscytalone', 'Plumericin', '5-[8(Z),11(Z)-pentadecadienyl]resorcinol', '(-)-Spectalinine', 'Netzahualcoyondiol', 'Maculosidine', 'fumiquinozoline F', 'Kaempferol 3-O-α-L-rhamnopyranosyl (1→6)-O-[β -D-glucopyranosyl (1→3)-O-α-L-rhamnopyranosyl-(1→2)]-O-β -D-glucopyranosyl', '3β-O-[α-L-rhamnopyranosyl-(1→2)-O-β-D-glucopyranosyl-(1→2)-O-β-D-glucopyranosyl]-28-O-β-D-glucopyranoside pomolate', 'Dibenzyl tetrasulphide', ""2',5-dihydroxy-3-methoxy-8-dimethylallyl-6, 7-(2' ',2''-dimethylpyrano)-dihydroflavonol"", 'Di-hydrodehydrodiconiferyl alcohol', 'Quercetin', ""2-(2'-O-trans-cinnamoyl)-C-β-D-glucopyranosyl-1,3,6,7-tetrahydroxyxanthone"", 'Kokusaginine', 'Ocotillone', 'des-N-methylnoracronycine', 'Sorbifolin 6-O-β-glucopyranoside', 'Rel-2α-hydroxyzuelanin-6β-benzoate', '2,6-di-O-acetylcasearupestrin D', ""Methyl-2,2-dimethyl-8-(3'-methylbut-2'-enyl)chroman-6-carboxylate"", '2,7-Di-O-acetylcasearupestrin A', '3,4,5-trimethoxyphenyl 1-O-β-D-apiofuranosyl-(1→6)-O-β-D-glucopyranoside', 'β-photogedunin', 'n-Butyl gallate', ""5-[3''-(β-D-glucopyranosyloxy)propyl]-7-methoxy-2-(3',4'-dimethoxyphenyl)benzofuran"", '3,12-Dihydroxycadalene', '7-hydroxy-3- (11-dimethylallyl)-8-methoxycoumarin', ""N-[7-(3',4'-methylenedioxyphenyl)-2(Z),4(Z)-heptadienoyl]pyrrolidine"", ""Acteoside; [β-3,4-dihydroxyphenyl)-ethyl]-(3'-O-α-L-rhamnopyranosyl)-(4'-O-cafeoyl)-β-D-glycopyranoside, verbascoside"", 'Podocarpusflavone A', 'Casearupestrin C', '6α-malonyloxy-n-butyl ester manoyl oxide', 'citrusinine-I', 'Ricinine', 'Leptophyllin A', '5-pentadecylresorcinol', '19,20-Epoxycytochalasin D', 'urauchimycin A', 'p-Coumaric acid', '(-)-Epigallocatechin', 'Netzahualcoyonol', '1-[3-(3,7-dimethylocta-2,6-dien-1-yl)-2,4,6- trihydroxyphenyl]-3-(4-hydroxyphenyl)propan-1-one', '6α-malonyloxymanoyl oxide', 'Benzylhydroxymethyl sulphide', '1,6-di-O-caffeoyl-β-D-glucopyranoside', '2-methyl-5-[8(Z),11(Z),14-pentadecatrienyl]resorcinol', '20-hydroxyecdysone; polypodine A', '3-Acetyl aleuritolic acid', 'Alkenoic acid', '2-n-nonyl-4-quinolone', 'Cytochalasin D', 'Isoorientin', 'Pristimerin; 20α-3-hydroxy-2-oxo-24-nor-friedela-1-10,3,5,7-tetraen-carboxylic acid-29-methylester', ""2-(R)-Methyl-6-(S)-(tetradecyl-13'-one)-3(R)-O-tert-butyldimethylsilyl-piperidine"", 'Quercetin 3-O-α-L-rhamnopyranosyl (1→6)-O-[β -D-glucopyranosyl (1→3)-O-α-L-rhamnopyranosyl-(1→2)]-O-β -D-glucopyranosyl', 'Heveaflavone', 'Arboreumine', '3-Oxoursolic acid', 'Casearupestrin B', 'toonacilin', 'Uracil', '1-O-(E)-feruloyl-β-D-glucopyranoside', '19,20-Epoxycytochalasin C', 'n-Pentyl gallate', 'Orcinol', 'Periconicin B', 'Phomopsilactone', ""(2S)-8-Isopentyl-2-methyl-2-(4'-methylpentyl)chroman-6-carboxylic acid"", '2,2-dimethyl-2H-chromene-6-carboxylic acid', ""5-(3'' -Hydroxypropyl)-7-methoxy-2-(3',4' -methyl-enedioxyphenyl)benzofuran"", '22β-hydroxypristimerin', '1- (5,7-dihydroxy-2,2-dimethylchroman-6-yl)-3-(2,2-dimethylchroman- 6-yl)propan-1-one', 'Canavaline', '1,2-dihydro- 3β-hydroxy-7-deacetoxy-7-oxogedunin', 'Photogedunin', 'Casearin X; (1R*,3S*,5S*,6aR*,7S*,8S*,10R*,10aR*)-1-(Acetyloxy)-3,5,6,6a,7,8,9,10-octahydro-10-hydroxy-7,8-dimethyl-7-[(2Z)-3-methylpenta-2,4-dien-1-yl]naphtho[1,8a-c]furan-3,5-diyl Dibutanoate', 'Skimmianine', 'p-hydroxybenzoic acid-geranyl ester', 'Dibenzyl disulphide', 'Proanthocyanidin', 'neoisoastilbin', '(R)-7-Hydroxymellein', '6α-acetoxymanoyl oxide', 'Methyl-8-hydroxy-2,2-dimethylchroman-6-carboxylate', '6α-acetoxy-14β,15β-epoxyazadirone', '3,11,12-Trihydroxycadalene', 'Quercetin 3-O-sophoroside', '(3R,4R)-3,4-Dihydro-4,6-dihydroxy-3-methyl-1-oxo-1H-isochromene-5-carboxylic acid', '24-methylene-3,22-dihydroxycholesterol', 'polypodine B', 'n-Propyl gallate', ""3',4',5',5,7,8-hexamethoxyflavone"", 'Isopropyl gallate', '6β-hydroxy-7-epigardoside methyl ester', 'Tetrahydropiperyline, N-[10-(13,14-methylenedioxyphenyl)-pentanoyl]-pyrrolidine', 'Piperovatine', '2,4,6-trimethoxybenzoic acid', '1-O-(E)-caffeoyl-β-D-glucopyranoside', 'Quercitrin, 3-O-α-rhamnosylquercetin', 'Caseobliquin A', 'Methyl angolensate', 'Kaempferitrin', 'Nitensidine C', 'Dipropyl disulphide', '2-methyl-5-[8(Z),11(Z)-pentadecadienyl]resorcinol', 'Methyl 6,7,8-trimethoxydihydrocinnamate', '2-Hexyl-3-methyl-butanodioic acid', 'fraxinellone', '(2S)-Methyl-2-methyl-8-(3""-methylbut-2""-enyl)-2-(4\'-methylpent-3\'-enyl)-2H-chromene-6-carboxylate', 'Casearin T', 'Piperyline, N-[10-(13,14-methylenedioxyphenyl)-7(E),9(E)-pentadienoyl]-pyrrolidine', 'ω-fenil alcanoic acid', '2-butyl-D-fructofuranoside', ""Gaudichaudianic acid; (2S)-2-methyl-2-(4'methyl-3'-pentenyl)-8-(3''-methyl-2-butenyl)- 2H-1-benzopyran-6-carboxylic acid"", 'limonexic acid', 'Pedalitin', 'Di(benzyltrithio) methane', '19,20-Epoxycytochalasin Q', '19,20-Epoxycytochalasin R', 'Muraxanthone', 'Odoratone', 'Rel-6β-hydroxyzuelanin-2β-benzoate', 'shidasterone', '5-hydroxymethyl- 2-furancarboxaldehyde; 5-hydroxymethyl-2-furfuraldehyde', 'atalaphyllinine', 'amorphispironone', 'Casearupestrin D', 'Chaetoglobosin B', ""2-(2'-O-benzoyl)-C-β-D-glucopyranosyl-1,3,6,7-tetrahydroxyxanthone"", 'Isoplumericin', 'α-L-xylopyranosyl-(4""→20)-(3-O-β-D-glucopyranosyl)-1\'-O-E-caffeoyl-β-D-glucopyranoside', 'epoxy-fraxinellone', '12′-hydroxy-7′-multijuguinone', 'Gedunin', 'Pedalin, pedalitin 6-O-β -glucopyranoside', 'Caseargrewiin F; (1R*,3S*,5S*,6aR*,7S*,8R*,10R*,10aR*)-1,3-Bis(acetyloxy)-3,5,6,6a,7,8,9,10-octahydro-10-hydroxy-7,8-dimethyl-7-[(2Z)-3-methylpenta-2,4-dien-1-yl]naphtho[1,8a-c]furan-5-yl Butanoate', 'Casearin L; (1R*,3S*,5S*,6aR*,7R*,8R*,9S*,10S*,10aR*)-1,10-Bis(acetyloxy)-3,5,6,6a,7,8,9,10-octahydro-9-hydroxy-5-methoxy-7,8-dimethyl-7-[(2Z)-3-methylpenta-2,4-dien-1-yl]naphtho[1,8a-c]-furan-3-yl Butanoate', 'Platydesmine', 'Leiokinine A', 'Cabraleadiol', 'schaftoside', ""(2S)-Methyl-8-isopentyl-2-methyl-2-(4'-methylpentyl)chroman-6-carboxylate"", '6-[ 8(Z),11(Z) -pentadecadienyl] salicylic acid', '6-[8(Z)-pentadecenyl]salicylic acid', '(2S)-2-methyl-8-(3""-methylbut-2""-enyl)-2-(4\'-methylpent-3\'-enyl)-2H-chromene-6-carboxylic acid', 'Burchellin', '5-[8(Z)-pentadecenyl]resorcinol', 'Luteolin; 2-(3,4-dihydroxyphenyl)-5,7-dihydroxy-4H-chromen-4-one', 'Sinapic acid', 'taxifolin', ""(2'S)-2-(propan-2'-ol)-5-hydroxy-benzopyran-4-one"", 'Rel-(+)-(7S,9R,10S)-3,9,12-trihydroxycalamenene', 'Casearin S', '11β-acetoxyobacunone', '1-(5,7-dihydroxy-2,2-dimethylchroman- 6-yl)-3-[4-hydroxy-3-(3-methylbut-2-en-1-yl)- phenyl]propan-1-one', '(3R,4R)-4,7-Dihydroxymellein', ""Nitensoside B; Pedalitin 6-O-α-rhamnopyranosyl(1'''→6'')-β-glucopyranoside"", 'Amentoflavone', 'Methyl gallate', '3-O-β-D-quinovopyranosyl cincholic acid', 'Afzelin, 3-O-α-rhamnosyl kaempferol', 'N-[10- (13,14-methylenedioxyphenyl)-7(E)-pentaenoyl]-pyrrolidine', '2-Methyl-5-methoxy-benzopyran-4-one', '3,4-dihydroxybenzoic acid geranyl ester', 'N-[10-(13,14-methylenedioxyphenyl)-7(E),9(Z)-pentadienoyl]-pyrrolidine', 'Egonol', '4-Nerolidilcatechol', ""2-(2'-O-transcoumaroyl)-C-β-D-glucopyranosyl-1,3,6,7-tetrahydroxyxanthone"", 'Syringic acid', '(+)-3-O-feruloylcassine', '1-(5,7-dihydroxy-2,2-dimethylchroman-6-yl)-3-(1,1,4a-trimethyl-2,3,4,4a,9a-hexahydro-1H-xanthen-7-yl)propan-1-one', 'Methyl (E)-6,7,8-trimethoxycinnamate', '3,4,5-Trimethoxyphenyl-1-O-β-D-(5-O-syringoyl)-apiofuranosyl-(1→6)-β-D-glucopyranoside', '6-[8(Z),11(Z),14-pentadecatrienyl]salicylic acid', 'Sorbifolin', ""Nitensoside A; Sorbifolin 6-O-α-rhamnopyranosyl(1'''→6'')-β-glucopyranoside"", 'Casearin O; (1R*,3S*,5S*,6aR*,7R*,8R*,9S*,10S*,10aR*)-1,10-Bis(acetyloxy)-5-methoxy-7,8-dimethyl-7-[(2Z)-3-methylpenta-2,4-dien-1-yl]-3,5,6,6a,7,8,9,10-octahydronaphtho[1,8a-c]furan-3,9-diyl Dibutanoate', 'germacrene D', '3,4,5-Triacetoxybenzoic acid', 'Casearupestrin A', '2-oxo-piperol B; (7S*, 8R*, 1R*, 3R*)-3,4,5-trimethoxy-3,7-cyclo-8,1-neolig-8-ene-2,4(3H)-dione', '8-methoxymellein', '(±)-Syringaresinol', '6-pentadecylsalicylic acid', 'Methyl-2,2-dimethylchroman-6-carboxylate', ""Myrsinoic acid A, 3-Geranyl-4-hydroxy-5-(3'',3''-dimethylallyl)benzoic acid"", '20α-Hydroxymaytenin; 20-hydroxy-20-epi-tingenone', '(-)-Epigallocatechin-3-O-gallate', 'Casearin D; (1R*,3S*,5S*,6aR*,7R*,8R*,9S*,10S*,10aR*)-1-(Acetyloxy)-3,5,6,6a,7,8,9,10-octahydro-5,10-dihydroxy-7,8-dimethyl-7-[(2Z)-3-methylpenta-2,4-dien-1-yl]naphtho[1,8a-c]furan-3,9-diyl Dibutanoate', 'Rel. (+)-(7S,10S) 3,12-dihydroxycalamenene', 'carlinoside', 'Methyl-8-(ethanoyloxy)-2,2-dimethyl-2H-chromene-6-carboxylate', 'arjunolic acid', 'stachysterone', 'Ethyl 2,4-dihydroxy-5,6-dimethylbenzoate', 'Amentoflavone 7”,4”’-dimethyl ether', 'Picramnioside F', ""2-(2'-O-trans-caffeoyl)-C-β-D-glucopyranosyl-1,3,6,7-tetrahydroxyxanthone"", 'Netzahualcoyene', 'Casearin X Dialdehyde; (2R*,4aS*,5S*,7R*,8R*,8aS*)-4,4a-Diformyl-1,2,4a,5,6,7,8,8a-octahydro-5-hydroxy-7,8-dimethyl-8-[(2Z)-3-methylpenta-2,4-dien-1-yl]naphthalen-2-yl Butanoate', 'Lauryl gallate', 'Syringaldehyde', '22-hydroxytirucalla-7,24-diene-2,3-dione', 'Trans-3’-methylsulphonylallyl trans-cinnamate', '(3-(2-(4-hydroxyphenyl)-2-oxoethyl)-5,6-dihydropyridin- 2(1H)-one)', 'Mangiferin', 'Salacin', 'Viburgenin', ""Pterogynoside; Kaempferol-3-O-(3''-O-4'''-methylgallate-α-L-rhamnoside)"", 'Isobutyl gallate', '7′-multijuguinone', 'Griseofulvin', ""7-Hydroxy-4',6-dimethoxyisoflavone; Afrormosin; Afromosin"", 'Ixoside', '2β-Hydroxyzuelanin-6β-cinnamate', 'Cognatine', 'Fagaramide', 'Chalepin', 'Chlorogenic acid', 'Kaempferol']]",doi_name
"['10.1002/cbdv.200590016', '20α-Hydroxymaytenin; 20-hydroxy-20-epi-tingenone']","['10.1002/cbdv.200590016', [""3,4-dimethyl-2-(4'-hydroxy-3',5'-dimethoxyphenyl)-5-methoxy-tetrahydrofuran"", 'guaiol', 'γ-eudesmol', 'Hinesol', 'α-eudesmol', 'Galioside aglicone', '11-O-trans-feruloylteucrein', 'Teucrein', 'Apodanthoside', 'Galioside', 'Aphidicolin', 'α-Gardiol', 'Ferulic acid', 'β-Gardiol', '4-metoxi-6-[2-(metilamino)fenil]- 2H-piran-2-ona', '2α,3α,19α- trihydroxyurs-12-en-28-oic acid', 'penduletin 4-O-methyl ether', '3,3-O-dimethylquercetin', 'p-hydroxybenzoic acid', 'Chrysoeriol', 'acacetin', '2α,3α-dihydroxyolean-12- en-28-oic acid', '3-O-methylquercetin', '3,7,4-O-trimethylkaempferol', '(22E,24R)-ergosta-4,6,8(14),22-tetraen-3-one', 'Ergosterol peroxide', '8-hydroxy-6-methoxy-3-methylisocoumarin', 'Dimethyl terephthalate', 'Pimara-7,15-dien-3β-ol', '3,21-Di-epi-feroniellide B', '21α,25-dimethylmelianodiol', '21β,25-dimethylmelianodiol', ""Rel-(7R,8S,7'S,8'S)-4'-hydroxy-3,4,5,3',5'-pentamethoxy-7,7'-epoxylignan"", ""Rel-(7R,8S,7'S,8'S)-4,5,4',5'-dimethylenedioxy-3,3'-dimethoxy-7,7'-epoxylignan"", ""Rel-(7R,8S,7'S,8'S)-9-hydroxy-4',5'-methylenedioxy-3,4,5,3'-tetramethoxy-7,7'-epoxylignan"", ""Rel-(7R,8S,7'S,8'S)-4-hydroxy-4',5'-methylenedioxy-3,5,3'-trimethoxy-7,7'-epoxylignan"", ""Rel-(7R,8S,7'S,8'S)-4',5'-methylenedioxy-3,4,5,3'-tetramethoxy-7,7'-epoxylignan"", ""3',4',5',3,5,7,8-heptamethoxyflavone"", ""3,5,6,7,3',4',5'-heptamethoxyflavonol"", 'bis-5-hydroxyacronycine', '2,3-dihydro-4,9-dihydroxy-2-(2-hydroxy-propan-2-yl)- 11-methoxy-10-methylfuro[3,2-b]acridin-5(10H)-one', 'Citibrasine', 'Deoxycordifoline', 'Turbinatine', 'Strictosidine acid', 'Harman-3-carboxylic acid', '3,4-dehydro-strictosidine', '5α-carboxystrictosidine', '3,4-dehydrostrictosidine acid', 'Cordifoline', '2-n-Propylquinoline', '2-n-Pentylquinoline', ""2-(1'-pentenyl)-Quinoline"", ""2-(3',4'-methylenedioxyphenylethyl)-Quinoline"", 'Anhydrofusarubin', 'Beauvericin', 'Nitensidine D', 'Nitensidine E', 'Verrucosin', 'Epi-guaiacin', '7-Methyl-sargachromenol; 2,7,8-Trimethyl-2-[(3-E,7-Z)-4,12-dimethyl-8-carboxyl-3,7,11-tridecatrienyl]-3-chromen-6-ol, β-caroteno', 'Nectandrin B', ""4-Hydroxy-3-(3',7'-dimethyl-3'-hydroxy-1'-oxo-6'-octenyl)benzoic acid"", ""4-Hydroxy-(3',7'-dimethyl-1'-oxo-octa-2'-E-6'-dienyl)benzoic acid"", ""Isosakuranetin; 5,7-dihydroxy-4'-methoxyflavanone"", ""1,4-Dihydroxy-2-(3',7'-dimethyl-1'-oxo-2'-E-6'-octadienyl)benzene"", ""Sakuranetin; 5,4'-dihydroxy-7-methoxyflavanone"", '5,7-dimethoxy-2,2-dimethyl-2H-1-benzopyran-6-propanoic acid', '9-hydroxyeugenin', 'Mycoleptone A', '6-methoxyeugenin', 'Austdiol diacetate', 'Eugenitin', 'Mycoleptone B', 'Austdiol', 'Mycoleptone A tetraacetate', '5,7-dimethoxy-2,2-dimethyl-2H-1-benzopyran-6-propanoate', ""3',4'-methylenedioxy-5,5',6,7-tetramethoxyflavone"", ""3',4'-methylenedioxy-5,6,7- trimethoxyflavone"", ""2'-hydroxy-3,4,4'-trimethoxy-5',6'-(2'',2''-dimethylpyrano)-chalcone"", ""3',4'-methylenedioxy-5,7-dimethoxyflavone"", 'Methyl (3R,4R,5R)-3-{[(2E)-3-(3,4-dihydroxyphenyl)-2-propenoyl]oxy}-1,4,5-trihydroxycyclohexanecarboxylate', 'Methyl (3R,4R,5R)-3-{[(2Z)-3-(3,4-dihydroxyphenyl)-2-propenoyl]oxy}-1,4,5-trihydroxycyclohexanecarboxylate', '1-methoxy-3-hydroxy-3,10b-4,5a-diepoxy-8b-isobutyroyloxygermacr-11(13)-en-6a,12-olide', 'Tagitinin C', 'Taraxerol acetate', '(-)-3-O-acetyl-spectaline', '(+)-Erythravine', '(+)-11α-Hydroxyerythravine', '(+)-α-Hydroxyerysotrine', 'Kaempferol-3-O-rutinoside', 'Kaempferol-3-O-α-L-rhamnopyranosyl-(1→6)-β-D-galactopyranoside', 'Catechin, Ent-catechin', 'Kaempferol-3-O-α-L-rhamnopyranosyl-(1-6)-α-L-rhamnopyranosyl-(1-4)-β-D-glucopyranoside', 'Kaempferol-3-O-D-glucopyranoside', 'Quercetin-3-O-α-L-rhamnopyranosyl-(1→6)-β-D-galactopyranoside', 'Procyanidin B-3', 'Kaempferol-3-O-D-galactopyranoside', '6-Hydroxy-rutin', ""4-Methoxy-3-(3',7'-dimethylocta-2'-E-6'-dienyl)benzoic acid"", ""3-(3',7 '-dimethyl-2',6 '-octadienyl)-4-methoxy-benzoic acid"", 'Methyl-8-hydroxy-2,2-dimethyl-2H-chromene-6-carboxylate', '17-(3,4-Methylenedioxyphenyl)-heptadecanoic acid', 'Sargachromenol', 'Fasciculiferin', ""7,4'-Dimethoxyflavone"", 'Farnisine', 'Tithonine', ""7,4'-Dihydroxyflavone"", 'Sargaquinoic acid', '21´-(3,4-Methylenedioxyphenyl)-henicosanoic acid', ""Juruenolic acid; 2-(4'-Methylpentenyl-3)-10-oxoundecan-2,6-dienoic acid"", '(+)-Guaiacin', '19´-(3,4-Methylenedioxyphenyl)-nonadecanoic acid', 'Secoxyloganin', 'Diderroside', ""6'-Acetyl-β-D-glucopyranosyldiderroside"", '7-Methoxydiderroside', 'Stearic acid 4-pentoyloxyphenethyl ester', 'β-caryophyllene, trans-caryophyllene', ""Isoswertisin-2''α1-L-rhamnoside"", '2-Episesalatin', 'Sesartemin', ""Isoswertisin-4'-methyl-ether-2''α-L-rhamnoside"", 'Clusifoliol', '(3Z,5Z)-N-isobutyl-8-(30,40-methylenedioxy-phenyl)-heptadienamide', 'Pellitorine', '8,9-dihydropiplartine; N-(12,13,14-trimethoxydihydrocinnamoyl)-Δ3-pyridin-2-one', '10,11-dihydropiperine; Δα,β-dihydropiperine', '4,5-dihydropiperlonguminine; Piperlonguminine', 'Piperine', '(Z)-piplartine; 8(Z)-N-(12,13, 14-trimethoxycinnamoyl)- 3-pyridin-2-one', '4,5-dihydropiperyline', '(E)-piplartine', ""N-[3-(6'-methoxy-3',4'-methy-lenedioxyphenyl)-2(Z)-propenoyl]pyrrolidine"", 'Chlorogenic acid methyl ester, Methyl (1S,3R,4R,5R)-3-{[(2E)-3-(3,4-dihydroxyphenyl)-2-propenoyl]oxy}-1,4,5-trihydroxycyclohexanecarboxylate', 'Oleanonic acid', 'Iso-odoratol', 'Piscidinol A', 'Pentaol', '3,11-dioxoolean-12-en-28- onic acid', 'cryptomeridiol', 'Nilocetin', 'Hispidol A', 'Xanthyletin', 'cyclo (L)-Pro-Gly', ""Methyl 4-hydroxy-3-(3'-methyl-2'-butenyl)benzoate"", '3,4,5-Trimethoxydihydrocinnamic acid', ""2',6'-Dihydroxy-4'-methoxydihydrochalcone"", ""Methyl taboganate; Methyl 4-hydroxy-3-(3'-methyl-1'-oxo-2'-butenyl)benzoate"", ""4-Hydroxy-3-(3',7'-dimethylocta-2'-E-6'-dienyl)benzoic acid"", 'Methyl 2,2-dimethyl-1-oxo-2H-1-benzopyran-6-carboxylate', 'Piperaduncine B', ""Hostmaniene; 4-Hydroxy-3-(2',3'-dihydroxy-3'-methylbutyl)benzoate"", ""4-Hydroxy-(3',7'-dimethyl-1'-oxo-octa-2'-Z-6'-dienyl)benzoic acid"", ""Aduncumene; Methyl 2-methoxy-5-(3'-methyl-1'-oxo-2'-butenyl)benzoate"", ""Methyl 4-hydroxy-3-(3'-methyl-2'-hydroxy-3'-butenyl)benzoate"", 'Isopimpinellin', 'astilbin; Rel-(2R, 3R)-dihydroquercetin-3-O-±-L-rhamnoside', 'Citrusinine-I', 'Pyranofoline', '1,3,5-trihydroxy- 2,8-bis(3-methylbut-2-enyl)-10-methyl-9-acridone', 'Glycocitrine-I', '1,3,5-trihydroxy-4-methoxy-10-methyl- 2,8-bis(3-methylbut-2-enyl)acridin-9(10H)-one', 'Citrusinine-II', '5-hydroxynoracronycine; Atalaphyllidine', 'Glycocitrine-IV', '3,4-dihydro-3,5,8-trihydroxy-6-methoxy-2,2,7-trimethyl-2Hpyrano[ 2,3-a]acridin-12(7H)-one', 'Cusculine; 1,2,3,5,6-pentamethoxy-9-acridone', 'Cuspanine; 1-hydroxy-2,3,5,6-tetramethoxy-9-acridone', 'Methacrylic acid', '2α,3α-Dihydroxy-urs-12-en-28-oic acid', 'Oleanolic acid 3-sophoroside', '3-O-β-D-(6’-methyl)-glucopyranosyl-28-O-β-D-glucopyranosyl-oleanate', 'Haplotusine', 'β-Sitosterol benzoate', '5-hydroxyflavone', '2-phenyl-4H-chromen-4-one', 'Sinapyl 4-O-β-D-glucopyranoside aldehyde', 'Sinapyl 4-O-β-D-glucopyranoside alcohol', 'Liriodenine', 'N-acetylnonaine', '[10]-gingerol', ""2,4-Dihydroxy-6-[(1'E,3'E)-penta-1', 3'-dienyl]-benzaldehyde"", '2-methyl-5-[8(Z)-pentadecenyl]resorcinol', 'Nitensidine A', '2-hydroxyphenylacetic acid', '3-O-β-D-quinovopyranosyl quinovic acid', 'Kaempferol', '(4R)-4,8-dihydroxy-α-tetralone', 'Chlorogenic acid', 'Chalepin', ""8-hydroxy-3,5,7,3',4',5'-hexamethoxyflavonol"", 'Odoratol', 'Kokusaginine', ""2-(2'-O-trans-caffeoyl)-C-β-D-glucopyranosyl-1,3,6,7-tetrahydroxyxanthone"", 'Netzahualcoyene', 'Casearin X Dialdehyde; (2R*,4aS*,5S*,7R*,8R*,8aS*)-4,4a-Diformyl-1,2,4a,5,6,7,8,8a-octahydro-5-hydroxy-7,8-dimethyl-8-[(2Z)-3-methylpenta-2,4-dien-1-yl]naphthalen-2-yl Butanoate', '5-hydroxy-N-methylseverifoline', '19,20-Epoxycytochalasin N', 'ellagic acid 4-O-α-L-rhamnopyranoside; eschweilenol C', 'Mayoside C', 'Ourateacatechin', ""3',4',5',5,7-pentamethoxyflavone"", '2-methyl-5-pentadecylresorcinol', '3β-hydroxy-stigmast-5-en-7-one; 24-β-7-oxositosterol', 'scillascillin', 'Viburgenin', ""Pterogynoside; Kaempferol-3-O-(3''-O-4'''-methylgallate-α-L-rhamnoside)"", 'Isobutyl gallate', '7′-multijuguinone', 'Griseofulvin', ""7-Hydroxy-4',6-dimethoxyisoflavone; Afrormosin; Afromosin"", '8-methoxymellein', 'Canavaline', 'Di-hydrodehydrodiconiferyl alcohol', 'Quercetin', ""2-(2'-O-trans-cinnamoyl)-C-β-D-glucopyranosyl-1,3,6,7-tetrahydroxyxanthone"", 'Ocotillone', 'des-N-methylnoracronycine', 'Sorbifolin 6-O-β-glucopyranoside', 'Rel-2α-hydroxyzuelanin-6β-benzoate', '2,6-di-O-acetylcasearupestrin D', ""Methyl-2,2-dimethyl-8-(3'-methylbut-2'-enyl)chroman-6-carboxylate"", '2,7-Di-O-acetylcasearupestrin A', 'Nitensidine B', '1-methyl-2-n-nonyl-4-quinolone', '5-[8(Z),11(Z),14-pentadecatrienyl]resorcinol', 'Fagaramide', 'Leptomerine', '2-n-nonyl-4-quinolone', 'Cytochalasin D', 'Isoorientin', 'Maculosidine', 'Podocarpusflavone A', 'Casearupestrin C', '6α-malonyloxy-n-butyl ester manoyl oxide', 'citrusinine-I', 'Ricinine', 'Leptophyllin A', '5-pentadecylresorcinol', 'urauchimycin B', 'Homoegonol', '[8]-gingerol', '4-Hydroxymellein', '5-hydroxymellein', '1,6-di-O-caffeoyl-β-D-glucopyranoside', '2-methyl-5-[8(Z),11(Z),14-pentadecatrienyl]resorcinol', 'Netzahualcoyondiol', 'Pristimerin; 20α-3-hydroxy-2-oxo-24-nor-friedela-1-10,3,5,7-tetraen-carboxylic acid-29-methylester', 'fraxinellonone', 'Dibenzyl sulphide', '(-) Cis-4-hydroxy-6-deoxyscytalone', 'Plumericin', '5-[8(Z),11(Z)-pentadecadienyl]resorcinol', '(-)-Spectalinine', '19,20-Epoxycytochalasin D', 'fumiquinozoline F', 'Kaempferol 3-O-α-L-rhamnopyranosyl (1→6)-O-[β -D-glucopyranosyl (1→3)-O-α-L-rhamnopyranosyl-(1→2)]-O-β -D-glucopyranosyl', '3β-O-[α-L-rhamnopyranosyl-(1→2)-O-β-D-glucopyranosyl-(1→2)-O-β-D-glucopyranosyl]-28-O-β-D-glucopyranoside pomolate', 'Dibenzyl tetrasulphide', ""2',5-dihydroxy-3-methoxy-8-dimethylallyl-6, 7-(2' ',2''-dimethylpyrano)-dihydroflavonol"", 'Maytenin, Tingenone', 'Gallic acid; 3,4,5-trihydroxybenzoic acid', 'Quercitrin, 3-O-α-rhamnosylquercetin', 'Caseobliquin A', 'Methyl angolensate', ""5-(3'' -Hydroxypropyl)-7-methoxy-2-(3',4' -methyl-enedioxyphenyl)benzofuran"", '22β-hydroxypristimerin', '1- (5,7-dihydroxy-2,2-dimethylchroman-6-yl)-3-(2,2-dimethylchroman- 6-yl)propan-1-one', 'Uracil', 'urauchimycin A', 'p-Coumaric acid', '(-)-Epigallocatechin', 'Netzahualcoyonol', '1-[3-(3,7-dimethylocta-2,6-dien-1-yl)-2,4,6- trihydroxyphenyl]-3-(4-hydroxyphenyl)propan-1-one', '6α-malonyloxymanoyl oxide', 'Benzylhydroxymethyl sulphide', 'n-Butyl gallate', ""5-[3''-(β-D-glucopyranosyloxy)propyl]-7-methoxy-2-(3',4'-dimethoxyphenyl)benzofuran"", '3,12-Dihydroxycadalene', '7-hydroxy-3- (11-dimethylallyl)-8-methoxycoumarin', ""N-[7-(3',4'-methylenedioxyphenyl)-2(Z),4(Z)-heptadienoyl]pyrrolidine"", ""Acteoside; [β-3,4-dihydroxyphenyl)-ethyl]-(3'-O-α-L-rhamnopyranosyl)-(4'-O-cafeoyl)-β-D-glycopyranoside, verbascoside"", '20-hydroxyecdysone; polypodine A', '3-Acetyl aleuritolic acid', 'Alkenoic acid', 'Quercetin 3-O-α-L-rhamnopyranosyl (1→6)-O-[β -D-glucopyranosyl (1→3)-O-α-L-rhamnopyranosyl-(1→2)]-O-β -D-glucopyranosyl', 'Heveaflavone', 'Arboreumine', '28-O-β-D-glucopyranosyl quinovic acid', '2-Methyl-4-hydroxy-butyl caffeoate', 'N-1,N-2,N-3-Triisopentenylguanidine', 'Dibenzyl trisulphide', 'Casearupestrin B', 'toonacilin', 'Pedalitin', '1-O-(E)-feruloyl-β-D-glucopyranoside', '19,20-Epoxycytochalasin C', 'n-Pentyl gallate', 'Orcinol', 'Periconicin B', 'Phomopsilactone', ""(2S)-8-Isopentyl-2-methyl-2-(4'-methylpentyl)chroman-6-carboxylic acid"", '2,2-dimethyl-2H-chromene-6-carboxylic acid', '1,2-dihydro- 3β-hydroxy-7-deacetoxy-7-oxogedunin', 'Photogedunin', 'Casearin X; (1R*,3S*,5S*,6aR*,7S*,8S*,10R*,10aR*)-1-(Acetyloxy)-3,5,6,6a,7,8,9,10-octahydro-10-hydroxy-7,8-dimethyl-7-[(2Z)-3-methylpenta-2,4-dien-1-yl]naphtho[1,8a-c]furan-3,5-diyl Dibutanoate', '3,4,5-trimethoxyphenyl 1-O-β-D-apiofuranosyl-(1→6)-O-β-D-glucopyranoside', 'β-photogedunin', 'N-[10-(13,14-methylenedioxyphenyl)-7(E),9(Z)-pentadienoyl]-pyrrolidine', 'Skimmianine', 'p-hydroxybenzoic acid-geranyl ester', 'Dibenzyl disulphide', 'Proanthocyanidin', 'neoisoastilbin', '(R)-7-Hydroxymellein', '6α-acetoxymanoyl oxide', 'Methyl-8-hydroxy-2,2-dimethylchroman-6-carboxylate', 'α-L-xylopyranosyl-(4""→20)-(3-O-β-D-glucopyranosyl)-1\'-O-E-caffeoyl-β-D-glucopyranoside', ""2-(R)-Methyl-6-(S)-(tetradecyl-13'-one)-3(R)-O-tert-butyldimethylsilyl-piperidine"", '(2S)-Methyl-2-methyl-8-(3""-methylbut-2""-enyl)-2-(4\'-methylpent-3\'-enyl)-2H-chromene-6-carboxylate', 'Casearin T', 'Piperyline, N-[10-(13,14-methylenedioxyphenyl)-7(E),9(E)-pentadienoyl]-pyrrolidine', 'ω-fenil alcanoic acid', '3-Oxoursolic acid', 'Kaempferitrin', 'Nitensidine C', 'Dipropyl disulphide', '2-butyl-D-fructofuranoside', ""Gaudichaudianic acid; (2S)-2-methyl-2-(4'methyl-3'-pentenyl)-8-(3''-methyl-2-butenyl)- 2H-1-benzopyran-6-carboxylic acid"", 'limonexic acid', 'Di(benzyltrithio) methane', '3,11,12-Trihydroxycadalene', 'Quercetin 3-O-sophoroside', '(3R,4R)-3,4-Dihydro-4,6-dihydroxy-3-methyl-1-oxo-1H-isochromene-5-carboxylic acid', '24-methylene-3,22-dihydroxycholesterol', 'amorphispironone', 'Casearupestrin D', 'Chaetoglobosin B', ""2-(2'-O-benzoyl)-C-β-D-glucopyranosyl-1,3,6,7-tetrahydroxyxanthone"", 'Isoplumericin', 'atalaphyllinine', 'N-[10- (13,14-methylenedioxyphenyl)-7(E)-pentaenoyl]-pyrrolidine', '2-Methyl-5-methoxy-benzopyran-4-one', '3,4-dihydroxybenzoic acid geranyl ester', '6-[8(Z)-pentadecenyl]salicylic acid', '(2S)-2-methyl-8-(3""-methylbut-2""-enyl)-2-(4\'-methylpent-3\'-enyl)-2H-chromene-6-carboxylic acid', 'Burchellin', '5-[8(Z)-pentadecenyl]resorcinol', 'Luteolin; 2-(3,4-dihydroxyphenyl)-5,7-dihydroxy-4H-chromen-4-one', 'Sinapic acid', '19,20-Epoxycytochalasin Q', '19,20-Epoxycytochalasin R', 'Muraxanthone', '6α-acetoxy-14β,15β-epoxyazadirone', 'epoxy-fraxinellone', '12′-hydroxy-7′-multijuguinone', ""(2S)-Methyl-8-isopentyl-2-methyl-2-(4'-methylpentyl)chroman-6-carboxylate"", 'Casearupestrin A', '2-oxo-piperol B; (7S*, 8R*, 1R*, 3R*)-3,4,5-trimethoxy-3,7-cyclo-8,1-neolig-8-ene-2,4(3H)-dione', 'taxifolin', ""(2'S)-2-(propan-2'-ol)-5-hydroxy-benzopyran-4-one"", 'Rel-(+)-(7S,9R,10S)-3,9,12-trihydroxycalamenene', '2-methyl-5-[8(Z),11(Z)-pentadecadienyl]resorcinol', 'Methyl 6,7,8-trimethoxydihydrocinnamate', '2-Hexyl-3-methyl-butanodioic acid', 'fraxinellone', '6-[ 8(Z),11(Z) -pentadecadienyl] salicylic acid', '3,4,5-Triacetoxybenzoic acid', 'Odoratone', 'Rel-6β-hydroxyzuelanin-2β-benzoate', 'shidasterone', '5-hydroxymethyl- 2-furancarboxaldehyde; 5-hydroxymethyl-2-furfuraldehyde', 'Afzelin, 3-O-α-rhamnosyl kaempferol', 'Egonol', '4-Nerolidilcatechol', ""2-(2'-O-transcoumaroyl)-C-β-D-glucopyranosyl-1,3,6,7-tetrahydroxyxanthone"", 'Syringic acid', '(+)-3-O-feruloylcassine', 'Amentoflavone', '1-(5,7-dihydroxy-2,2-dimethylchroman-6-yl)-3-(1,1,4a-trimethyl-2,3,4,4a,9a-hexahydro-1H-xanthen-7-yl)propan-1-one', 'Gedunin', 'Pedalin, pedalitin 6-O-β -glucopyranoside', 'Caseargrewiin F; (1R*,3S*,5S*,6aR*,7S*,8R*,10R*,10aR*)-1,3-Bis(acetyloxy)-3,5,6,6a,7,8,9,10-octahydro-10-hydroxy-7,8-dimethyl-7-[(2Z)-3-methylpenta-2,4-dien-1-yl]naphtho[1,8a-c]furan-5-yl Butanoate', 'Casearin L; (1R*,3S*,5S*,6aR*,7R*,8R*,9S*,10S*,10aR*)-1,10-Bis(acetyloxy)-3,5,6,6a,7,8,9,10-octahydro-9-hydroxy-5-methoxy-7,8-dimethyl-7-[(2Z)-3-methylpenta-2,4-dien-1-yl]naphtho[1,8a-c]-furan-3-yl Butanoate', 'Platydesmine', 'Leiokinine A', 'Cabraleadiol', 'schaftoside', 'Casearin O; (1R*,3S*,5S*,6aR*,7R*,8R*,9S*,10S*,10aR*)-1,10-Bis(acetyloxy)-5-methoxy-7,8-dimethyl-7-[(2Z)-3-methylpenta-2,4-dien-1-yl]-3,5,6,6a,7,8,9,10-octahydronaphtho[1,8a-c]furan-3,9-diyl Dibutanoate', 'germacrene D', 'Salacin', '6-pentadecylsalicylic acid', 'Methyl-2,2-dimethylchroman-6-carboxylate', ""Myrsinoic acid A, 3-Geranyl-4-hydroxy-5-(3'',3''-dimethylallyl)benzoic acid"", '20α-Hydroxymaytenin; 20-hydroxy-20-epi-tingenone', '(-)-Epigallocatechin-3-O-gallate', 'Casearin D; (1R*,3S*,5S*,6aR*,7R*,8R*,9S*,10S*,10aR*)-1-(Acetyloxy)-3,5,6,6a,7,8,9,10-octahydro-5,10-dihydroxy-7,8-dimethyl-7-[(2Z)-3-methylpenta-2,4-dien-1-yl]naphtho[1,8a-c]furan-3,9-diyl Dibutanoate', 'Casearin S', '11β-acetoxyobacunone', '1-(5,7-dihydroxy-2,2-dimethylchroman- 6-yl)-3-[4-hydroxy-3-(3-methylbut-2-en-1-yl)- phenyl]propan-1-one', '(3R,4R)-4,7-Dihydroxymellein', ""Nitensoside B; Pedalitin 6-O-α-rhamnopyranosyl(1'''→6'')-β-glucopyranoside"", 'Methyl gallate', '3-O-β-D-quinovopyranosyl cincholic acid', 'arjunolic acid', 'stachysterone', 'Ethyl 2,4-dihydroxy-5,6-dimethylbenzoate', 'Amentoflavone 7”,4”’-dimethyl ether', 'Picramnioside F', 'Lauryl gallate', 'Syringaldehyde', '22-hydroxytirucalla-7,24-diene-2,3-dione', 'Trans-3’-methylsulphonylallyl trans-cinnamate', '(3-(2-(4-hydroxyphenyl)-2-oxoethyl)-5,6-dihydropyridin- 2(1H)-one)', 'Mangiferin', 'Methyl (E)-6,7,8-trimethoxycinnamate', '3,4,5-Trimethoxyphenyl-1-O-β-D-(5-O-syringoyl)-apiofuranosyl-(1→6)-β-D-glucopyranoside', '6-[8(Z),11(Z),14-pentadecatrienyl]salicylic acid', 'Sorbifolin', ""Nitensoside A; Sorbifolin 6-O-α-rhamnopyranosyl(1'''→6'')-β-glucopyranoside"", 'polypodine B', 'n-Propyl gallate', ""3',4',5',5,7,8-hexamethoxyflavone"", 'Isopropyl gallate', '6β-hydroxy-7-epigardoside methyl ester', 'Tetrahydropiperyline, N-[10-(13,14-methylenedioxyphenyl)-pentanoyl]-pyrrolidine', 'Piperovatine', '2,4,6-trimethoxybenzoic acid', '1-O-(E)-caffeoyl-β-D-glucopyranoside', 'Piperol B', '(-)-Hardwickiic acid', ""5-[3''-(β-D-glucopyranosyloxy)propyl]-7-methoxy-2-(3',4'-methylenedioxyphenyl)benzofuran"", 'Rel. (+)-(7S,10S) 3,12-dihydroxycalamenene', 'carlinoside', 'Methyl-8-(ethanoyloxy)-2,2-dimethyl-2H-chromene-6-carboxylate', '2β-Hydroxyzuelanin-6β-cinnamate', '(±)-Syringaresinol', 'Cyclo-(L-Pro-L-Val)', 'Acetonide of odoratol', '(−)-Grandisin', '24-methylenecycloartan-3b-ol', 'Ixoside', 'Cognatine']]",doi_name
"['10.1021/jf100233y', 'Gallic acid; 3,4,5-trihydroxybenzoic acid']","['10.1021/jf100233y', ['guaiol', 'Hinesol', 'γ-eudesmol', 'α-eudesmol', 'Chlorogenic acid methyl ester, Methyl (1S,3R,4R,5R)-3-{[(2E)-3-(3,4-dihydroxyphenyl)-2-propenoyl]oxy}-1,4,5-trihydroxycyclohexanecarboxylate', 'Galioside aglicone', '11-O-trans-feruloylteucrein', 'Teucrein', 'Galioside', 'Apodanthoside', 'Nilocetin', 'Hispidol A', '3,11-dioxoolean-12-en-28- onic acid', 'Iso-odoratol', 'cryptomeridiol', 'Piscidinol A', 'Oleanonic acid', 'Pentaol', '5,7-dimethoxy-2,2-dimethyl-2H-1-benzopyran-6-propanoate', '2α,3α,19α- trihydroxyurs-12-en-28-oic acid', 'penduletin 4-O-methyl ether', '3,3-O-dimethylquercetin', '3-O-methylquercetin', '3,7,4-O-trimethylkaempferol', 'acacetin', 'Chrysoeriol', '2α,3α-dihydroxyolean-12- en-28-oic acid', 'p-hydroxybenzoic acid', '2,3-dihydro-4,9-dihydroxy-2-(2-hydroxy-propan-2-yl)- 11-methoxy-10-methylfuro[3,2-b]acridin-5(10H)-one', 'Citibrasine', 'bis-5-hydroxyacronycine', '9-hydroxyeugenin', 'Mycoleptone A', 'Mycoleptone A tetraacetate', '6-methoxyeugenin', 'Eugenitin', 'Mycoleptone B', 'Austdiol diacetate', 'Austdiol', '(-)-3-O-acetyl-spectaline', 'Methyl (3R,4R,5R)-3-{[(2Z)-3-(3,4-dihydroxyphenyl)-2-propenoyl]oxy}-1,4,5-trihydroxycyclohexanecarboxylate', 'Methyl (3R,4R,5R)-3-{[(2E)-3-(3,4-dihydroxyphenyl)-2-propenoyl]oxy}-1,4,5-trihydroxycyclohexanecarboxylate', 'Beauvericin', 'Anhydrofusarubin', 'Aphidicolin', 'astilbin; Rel-(2R, 3R)-dihydroquercetin-3-O-±-L-rhamnoside', 'Stearic acid 4-pentoyloxyphenethyl ester', 'cyclo (L)-Pro-Gly', 'Taraxerol acetate', ""4-Methoxy-3-(3',7'-dimethylocta-2'-E-6'-dienyl)benzoic acid"", ""3-(3',7 '-dimethyl-2',6 '-octadienyl)-4-methoxy-benzoic acid"", 'Methyl-8-hydroxy-2,2-dimethyl-2H-chromene-6-carboxylate', 'Xanthyletin', '21β,25-dimethylmelianodiol', '21α,25-dimethylmelianodiol', '3,21-Di-epi-feroniellide B', ""4-Hydroxy-(3',7'-dimethyl-1'-oxo-octa-2'-Z-6'-dienyl)benzoic acid"", ""Methyl 4-hydroxy-3-(3'-methyl-2'-hydroxy-3'-butenyl)benzoate"", ""Aduncumene; Methyl 2-methoxy-5-(3'-methyl-1'-oxo-2'-butenyl)benzoate"", 'Piperaduncine B', ""Methyl taboganate; Methyl 4-hydroxy-3-(3'-methyl-1'-oxo-2'-butenyl)benzoate"", ""Methyl 4-hydroxy-3-(3'-methyl-2'-butenyl)benzoate"", ""2',6'-Dihydroxy-4'-methoxydihydrochalcone"", 'Methyl 2,2-dimethyl-1-oxo-2H-1-benzopyran-6-carboxylate', ""4-Hydroxy-3-(3',7'-dimethylocta-2'-E-6'-dienyl)benzoic acid"", ""Hostmaniene; 4-Hydroxy-3-(2',3'-dihydroxy-3'-methylbutyl)benzoate"", '3,4,5-Trimethoxydihydrocinnamic acid', '21´-(3,4-Methylenedioxyphenyl)-henicosanoic acid', 'Sargaquinoic acid', 'Farnisine', ""7,4'-Dimethoxyflavone"", '(+)-Guaiacin', ""7,4'-Dihydroxyflavone"", '19´-(3,4-Methylenedioxyphenyl)-nonadecanoic acid', 'Sargachromenol', '17-(3,4-Methylenedioxyphenyl)-heptadecanoic acid', 'Fasciculiferin', ""Juruenolic acid; 2-(4'-Methylpentenyl-3)-10-oxoundecan-2,6-dienoic acid"", 'Tithonine', ""Isoswertisin-2''α1-L-rhamnoside"", '2-Episesalatin', 'Sesartemin', ""Isoswertisin-4'-methyl-ether-2''α-L-rhamnoside"", 'Clusifoliol', '5-hydroxynoracronycine; Atalaphyllidine', '1,3,5-trihydroxy-4-methoxy-10-methyl- 2,8-bis(3-methylbut-2-enyl)acridin-9(10H)-one', 'Pyranofoline', 'Glycocitrine-I', 'Citrusinine-I', 'Glycocitrine-IV', '3,4-dihydro-3,5,8-trihydroxy-6-methoxy-2,2,7-trimethyl-2Hpyrano[ 2,3-a]acridin-12(7H)-one', 'Citrusinine-II', '1,3,5-trihydroxy- 2,8-bis(3-methylbut-2-enyl)-10-methyl-9-acridone', ""3',4'-methylenedioxy-5,5',6,7-tetramethoxyflavone"", ""2'-hydroxy-3,4,4'-trimethoxy-5',6'-(2'',2''-dimethylpyrano)-chalcone"", ""3',4'-methylenedioxy-5,6,7- trimethoxyflavone"", ""3',4'-methylenedioxy-5,7-dimethoxyflavone"", '7-Methoxydiderroside', ""6'-Acetyl-β-D-glucopyranosyldiderroside"", 'Diderroside', 'Secoxyloganin', ""4-Hydroxy-(3',7'-dimethyl-1'-oxo-octa-2'-E-6'-dienyl)benzoic acid"", ""Isosakuranetin; 5,7-dihydroxy-4'-methoxyflavanone"", ""4-Hydroxy-3-(3',7'-dimethyl-3'-hydroxy-1'-oxo-6'-octenyl)benzoic acid"", ""Sakuranetin; 5,4'-dihydroxy-7-methoxyflavanone"", ""1,4-Dihydroxy-2-(3',7'-dimethyl-1'-oxo-2'-E-6'-octadienyl)benzene"", '(+)-α-Hydroxyerysotrine', '(+)-Erythravine', '(+)-11α-Hydroxyerythravine', ""3,4-dimethyl-2-(4'-hydroxy-3',5'-dimethoxyphenyl)-5-methoxy-tetrahydrofuran"", '7-Methyl-sargachromenol; 2,7,8-Trimethyl-2-[(3-E,7-Z)-4,12-dimethyl-8-carboxyl-3,7,11-tridecatrienyl]-3-chromen-6-ol, β-caroteno', 'Nectandrin B', 'Epi-guaiacin', 'Verrucosin', 'Pimara-7,15-dien-3β-ol', '8-hydroxy-6-methoxy-3-methylisocoumarin', 'Dimethyl terephthalate', 'Ergosterol peroxide', '(22E,24R)-ergosta-4,6,8(14),22-tetraen-3-one', '2-n-Propylquinoline', ""2-(3',4'-methylenedioxyphenylethyl)-Quinoline"", ""2-(1'-pentenyl)-Quinoline"", '2-n-Pentylquinoline', '3,4-dehydrostrictosidine acid', 'Cordifoline', 'Turbinatine', '3,4-dehydro-strictosidine', 'Harman-3-carboxylic acid', 'Strictosidine acid', '5α-carboxystrictosidine', 'Deoxycordifoline', ""Rel-(7R,8S,7'S,8'S)-4,5,4',5'-dimethylenedioxy-3,3'-dimethoxy-7,7'-epoxylignan"", ""Rel-(7R,8S,7'S,8'S)-4'-hydroxy-3,4,5,3',5'-pentamethoxy-7,7'-epoxylignan"", ""Rel-(7R,8S,7'S,8'S)-4-hydroxy-4',5'-methylenedioxy-3,5,3'-trimethoxy-7,7'-epoxylignan"", ""Rel-(7R,8S,7'S,8'S)-9-hydroxy-4',5'-methylenedioxy-3,4,5,3'-tetramethoxy-7,7'-epoxylignan"", ""Rel-(7R,8S,7'S,8'S)-4',5'-methylenedioxy-3,4,5,3'-tetramethoxy-7,7'-epoxylignan"", 'Nitensidine D', 'Nitensidine E', 'Isopimpinellin', '1-methoxy-3-hydroxy-3,10b-4,5a-diepoxy-8b-isobutyroyloxygermacr-11(13)-en-6a,12-olide', 'Tagitinin C', '4-metoxi-6-[2-(metilamino)fenil]- 2H-piran-2-ona', '5,7-dimethoxy-2,2-dimethyl-2H-1-benzopyran-6-propanoic acid', ""3,5,6,7,3',4',5'-heptamethoxyflavonol"", ""3',4',5',3,5,7,8-heptamethoxyflavone"", 'β-Gardiol', 'α-Gardiol', 'Ferulic acid', 'Catechin, Ent-catechin', 'Quercetin-3-O-α-L-rhamnopyranosyl-(1→6)-β-D-galactopyranoside', 'Kaempferol-3-O-α-L-rhamnopyranosyl-(1→6)-β-D-galactopyranoside', 'Kaempferol-3-O-rutinoside', 'Kaempferol-3-O-D-glucopyranoside', 'Procyanidin B-3', 'Kaempferol-3-O-α-L-rhamnopyranosyl-(1-6)-α-L-rhamnopyranosyl-(1-4)-β-D-glucopyranoside', '6-Hydroxy-rutin', 'Kaempferol-3-O-D-galactopyranoside', 'Methacrylic acid', 'β-caryophyllene, trans-caryophyllene', '(3Z,5Z)-N-isobutyl-8-(30,40-methylenedioxy-phenyl)-heptadienamide', 'Pellitorine', ""N-[3-(6'-methoxy-3',4'-methy-lenedioxyphenyl)-2(Z)-propenoyl]pyrrolidine"", '(Z)-piplartine; 8(Z)-N-(12,13, 14-trimethoxycinnamoyl)- 3-pyridin-2-one', '10,11-dihydropiperine; Δα,β-dihydropiperine', '4,5-dihydropiperlonguminine; Piperlonguminine', 'Piperine', '8,9-dihydropiplartine; N-(12,13,14-trimethoxydihydrocinnamoyl)-Δ3-pyridin-2-one', '4,5-dihydropiperyline', '(E)-piplartine', 'Cusculine; 1,2,3,5,6-pentamethoxy-9-acridone', 'Cuspanine; 1-hydroxy-2,3,5,6-tetramethoxy-9-acridone', '2α,3α-Dihydroxy-urs-12-en-28-oic acid', '3-O-β-D-(6’-methyl)-glucopyranosyl-28-O-β-D-glucopyranosyl-oleanate', 'Oleanolic acid 3-sophoroside', 'Haplotusine', 'β-Sitosterol benzoate', '2-phenyl-4H-chromen-4-one', '5-hydroxyflavone', 'Sinapyl 4-O-β-D-glucopyranoside aldehyde', 'Sinapyl 4-O-β-D-glucopyranoside alcohol', 'N-acetylnonaine', 'Liriodenine', '[10]-gingerol', ""2,4-Dihydroxy-6-[(1'E,3'E)-penta-1', 3'-dienyl]-benzaldehyde"", 'Nitensidine A', '2-methyl-5-[8(Z)-pentadecenyl]resorcinol', '2-hydroxyphenylacetic acid', '3-O-β-D-quinovopyranosyl quinovic acid', ""8-hydroxy-3,5,7,3',4',5'-hexamethoxyflavonol"", 'Kaempferol', '(4R)-4,8-dihydroxy-α-tetralone', 'Chlorogenic acid', 'Odoratol', 'Netzahualcoyene', 'Casearin X Dialdehyde; (2R*,4aS*,5S*,7R*,8R*,8aS*)-4,4a-Diformyl-1,2,4a,5,6,7,8,8a-octahydro-5-hydroxy-7,8-dimethyl-8-[(2Z)-3-methylpenta-2,4-dien-1-yl]naphthalen-2-yl Butanoate', 'polypodine B', 'n-Propyl gallate', ""3',4',5',5,7,8-hexamethoxyflavone"", '5-hydroxy-N-methylseverifoline', '19,20-Epoxycytochalasin N', 'ellagic acid 4-O-α-L-rhamnopyranoside; eschweilenol C', 'Mayoside C', 'Ourateacatechin', ""3',4',5',5,7-pentamethoxyflavone"", '2-methyl-5-pentadecylresorcinol', '3β-hydroxy-stigmast-5-en-7-one; 24-β-7-oxositosterol', 'scillascillin', ""2-(2'-O-trans-caffeoyl)-C-β-D-glucopyranosyl-1,3,6,7-tetrahydroxyxanthone"", '7′-multijuguinone', 'Griseofulvin', ""7-Hydroxy-4',6-dimethoxyisoflavone; Afrormosin; Afromosin"", '8-methoxymellein', '(±)-Syringaresinol', 'Cyclo-(L-Pro-L-Val)', 'Plumericin', 'Maytenin, Tingenone', 'urauchimycin B', 'Ocotillone', 'des-N-methylnoracronycine', 'Sorbifolin 6-O-β-glucopyranoside', 'Rel-2α-hydroxyzuelanin-6β-benzoate', '2,6-di-O-acetylcasearupestrin D', ""Methyl-2,2-dimethyl-8-(3'-methylbut-2'-enyl)chroman-6-carboxylate"", '2,7-Di-O-acetylcasearupestrin A', 'Nitensidine B', '1-methyl-2-n-nonyl-4-quinolone', '5-[8(Z),11(Z),14-pentadecatrienyl]resorcinol', 'Gallic acid; 3,4,5-trihydroxybenzoic acid', 'Chalepin', 'Leptomerine', 'Isoorientin', 'Maculosidine', 'Podocarpusflavone A', 'Casearupestrin C', '6α-malonyloxy-n-butyl ester manoyl oxide', 'citrusinine-I', 'Ricinine', 'Leptophyllin A', '5-pentadecylresorcinol', 'Homoegonol', '[8]-gingerol', '4-Hydroxymellein', '5-hydroxymellein', 'fraxinellonone', 'Dibenzyl sulphide', '(-) Cis-4-hydroxy-6-deoxyscytalone', '1,6-di-O-caffeoyl-β-D-glucopyranoside', '2-methyl-5-[8(Z),11(Z),14-pentadecatrienyl]resorcinol', 'Pristimerin; 20α-3-hydroxy-2-oxo-24-nor-friedela-1-10,3,5,7-tetraen-carboxylic acid-29-methylester', '3,4,5-trimethoxyphenyl 1-O-β-D-apiofuranosyl-(1→6)-O-β-D-glucopyranoside', 'β-photogedunin', '5-[8(Z),11(Z)-pentadecadienyl]resorcinol', '(-)-Spectalinine', 'Netzahualcoyondiol', '19,20-Epoxycytochalasin D', 'fumiquinozoline F', 'Kaempferol 3-O-α-L-rhamnopyranosyl (1→6)-O-[β -D-glucopyranosyl (1→3)-O-α-L-rhamnopyranosyl-(1→2)]-O-β -D-glucopyranosyl', '3β-O-[α-L-rhamnopyranosyl-(1→2)-O-β-D-glucopyranosyl-(1→2)-O-β-D-glucopyranosyl]-28-O-β-D-glucopyranoside pomolate', 'Dibenzyl tetrasulphide', ""2',5-dihydroxy-3-methoxy-8-dimethylallyl-6, 7-(2' ',2''-dimethylpyrano)-dihydroflavonol"", '2-n-nonyl-4-quinolone', 'Cytochalasin D', ""2-(2'-O-trans-cinnamoyl)-C-β-D-glucopyranosyl-1,3,6,7-tetrahydroxyxanthone"", 'Kokusaginine', 'Piperol B', '(-)-Hardwickiic acid', ""5-[3''-(β-D-glucopyranosyloxy)propyl]-7-methoxy-2-(3',4'-methylenedioxyphenyl)benzofuran"", '28-O-β-D-glucopyranosyl quinovic acid', '2-Methyl-4-hydroxy-butyl caffeoate', 'N-1,N-2,N-3-Triisopentenylguanidine', 'Dibenzyl trisulphide', 'urauchimycin A', 'p-Coumaric acid', '(-)-Epigallocatechin', 'Netzahualcoyonol', '1-[3-(3,7-dimethylocta-2,6-dien-1-yl)-2,4,6- trihydroxyphenyl]-3-(4-hydroxyphenyl)propan-1-one', '6α-malonyloxymanoyl oxide', 'Benzylhydroxymethyl sulphide', ""N-[7-(3',4'-methylenedioxyphenyl)-2(Z),4(Z)-heptadienoyl]pyrrolidine"", ""Acteoside; [β-3,4-dihydroxyphenyl)-ethyl]-(3'-O-α-L-rhamnopyranosyl)-(4'-O-cafeoyl)-β-D-glycopyranoside, verbascoside"", '20-hydroxyecdysone; polypodine A', '3-Acetyl aleuritolic acid', 'Alkenoic acid', 'Quercetin 3-O-α-L-rhamnopyranosyl (1→6)-O-[β -D-glucopyranosyl (1→3)-O-α-L-rhamnopyranosyl-(1→2)]-O-β -D-glucopyranosyl', 'Heveaflavone', 'Arboreumine', '3-Oxoursolic acid', 'Casearupestrin B', ""5-(3'' -Hydroxypropyl)-7-methoxy-2-(3',4' -methyl-enedioxyphenyl)benzofuran"", '22β-hydroxypristimerin', '1- (5,7-dihydroxy-2,2-dimethylchroman-6-yl)-3-(2,2-dimethylchroman- 6-yl)propan-1-one', 'Canavaline', 'Di-hydrodehydrodiconiferyl alcohol', 'Quercetin', '19,20-Epoxycytochalasin C', 'n-Pentyl gallate', 'Orcinol', 'Periconicin B', 'Phomopsilactone', ""(2S)-8-Isopentyl-2-methyl-2-(4'-methylpentyl)chroman-6-carboxylic acid"", '2,2-dimethyl-2H-chromene-6-carboxylic acid', '1,2-dihydro- 3β-hydroxy-7-deacetoxy-7-oxogedunin', 'Photogedunin', 'Casearin X; (1R*,3S*,5S*,6aR*,7S*,8S*,10R*,10aR*)-1-(Acetyloxy)-3,5,6,6a,7,8,9,10-octahydro-10-hydroxy-7,8-dimethyl-7-[(2Z)-3-methylpenta-2,4-dien-1-yl]naphtho[1,8a-c]furan-3,5-diyl Dibutanoate', ""2-(R)-Methyl-6-(S)-(tetradecyl-13'-one)-3(R)-O-tert-butyldimethylsilyl-piperidine"", '(2S)-Methyl-2-methyl-8-(3""-methylbut-2""-enyl)-2-(4\'-methylpent-3\'-enyl)-2H-chromene-6-carboxylate', 'n-Butyl gallate', ""5-[3''-(β-D-glucopyranosyloxy)propyl]-7-methoxy-2-(3',4'-dimethoxyphenyl)benzofuran"", '3,12-Dihydroxycadalene', '7-hydroxy-3- (11-dimethylallyl)-8-methoxycoumarin', 'Casearin T', 'Piperyline, N-[10-(13,14-methylenedioxyphenyl)-7(E),9(E)-pentadienoyl]-pyrrolidine', 'ω-fenil alcanoic acid', '2-butyl-D-fructofuranoside', ""Gaudichaudianic acid; (2S)-2-methyl-2-(4'methyl-3'-pentenyl)-8-(3''-methyl-2-butenyl)- 2H-1-benzopyran-6-carboxylic acid"", 'limonexic acid', 'Pedalitin', 'Skimmianine', 'p-hydroxybenzoic acid-geranyl ester', 'Dibenzyl disulphide', 'Proanthocyanidin', 'neoisoastilbin', '(R)-7-Hydroxymellein', 'toonacilin', 'Uracil', '1-O-(E)-feruloyl-β-D-glucopyranoside', 'Methyl 6,7,8-trimethoxydihydrocinnamate', '6α-acetoxymanoyl oxide', 'Methyl-8-hydroxy-2,2-dimethylchroman-6-carboxylate', '6α-acetoxy-14β,15β-epoxyazadirone', 'Di(benzyltrithio) methane', '3,11,12-Trihydroxycadalene', 'Quercetin 3-O-sophoroside', '(3R,4R)-3,4-Dihydro-4,6-dihydroxy-3-methyl-1-oxo-1H-isochromene-5-carboxylic acid', '24-methylene-3,22-dihydroxycholesterol', 'amorphispironone', 'Casearupestrin D', 'Chaetoglobosin B', ""2-(2'-O-benzoyl)-C-β-D-glucopyranosyl-1,3,6,7-tetrahydroxyxanthone"", 'Isoplumericin', 'α-L-xylopyranosyl-(4""→20)-(3-O-β-D-glucopyranosyl)-1\'-O-E-caffeoyl-β-D-glucopyranoside', '6-[8(Z)-pentadecenyl]salicylic acid', 'Gedunin', 'Pedalin, pedalitin 6-O-β -glucopyranoside', '(2S)-2-methyl-8-(3""-methylbut-2""-enyl)-2-(4\'-methylpent-3\'-enyl)-2H-chromene-6-carboxylic acid', 'Burchellin', '5-[8(Z)-pentadecenyl]resorcinol', 'Luteolin; 2-(3,4-dihydroxyphenyl)-5,7-dihydroxy-4H-chromen-4-one', 'Sinapic acid', '19,20-Epoxycytochalasin Q', '19,20-Epoxycytochalasin R', 'Muraxanthone', 'epoxy-fraxinellone', '12′-hydroxy-7′-multijuguinone', 'Kaempferitrin', 'Nitensidine C', 'Dipropyl disulphide', '2-methyl-5-[8(Z),11(Z)-pentadecadienyl]resorcinol', 'taxifolin', ""(2'S)-2-(propan-2'-ol)-5-hydroxy-benzopyran-4-one"", 'Rel-(+)-(7S,9R,10S)-3,9,12-trihydroxycalamenene', 'Casearin S', '2-Hexyl-3-methyl-butanodioic acid', 'fraxinellone', '6-[ 8(Z),11(Z) -pentadecadienyl] salicylic acid', 'Odoratone', 'Rel-6β-hydroxyzuelanin-2β-benzoate', 'shidasterone', '5-hydroxymethyl- 2-furancarboxaldehyde; 5-hydroxymethyl-2-furfuraldehyde', 'atalaphyllinine', 'N-[10- (13,14-methylenedioxyphenyl)-7(E)-pentaenoyl]-pyrrolidine', '2-Methyl-5-methoxy-benzopyran-4-one', '3,4-dihydroxybenzoic acid geranyl ester', 'N-[10-(13,14-methylenedioxyphenyl)-7(E),9(Z)-pentadienoyl]-pyrrolidine', ""2-(2'-O-transcoumaroyl)-C-β-D-glucopyranosyl-1,3,6,7-tetrahydroxyxanthone"", 'Syringic acid', '(+)-3-O-feruloylcassine', '1-(5,7-dihydroxy-2,2-dimethylchroman-6-yl)-3-(1,1,4a-trimethyl-2,3,4,4a,9a-hexahydro-1H-xanthen-7-yl)propan-1-one', 'Methyl (E)-6,7,8-trimethoxycinnamate', '3,4,5-Trimethoxyphenyl-1-O-β-D-(5-O-syringoyl)-apiofuranosyl-(1→6)-β-D-glucopyranoside', 'Caseargrewiin F; (1R*,3S*,5S*,6aR*,7S*,8R*,10R*,10aR*)-1,3-Bis(acetyloxy)-3,5,6,6a,7,8,9,10-octahydro-10-hydroxy-7,8-dimethyl-7-[(2Z)-3-methylpenta-2,4-dien-1-yl]naphtho[1,8a-c]furan-5-yl Butanoate', 'Casearin L; (1R*,3S*,5S*,6aR*,7R*,8R*,9S*,10S*,10aR*)-1,10-Bis(acetyloxy)-3,5,6,6a,7,8,9,10-octahydro-9-hydroxy-5-methoxy-7,8-dimethyl-7-[(2Z)-3-methylpenta-2,4-dien-1-yl]naphtho[1,8a-c]-furan-3-yl Butanoate', 'Platydesmine', 'Leiokinine A', 'Cabraleadiol', 'schaftoside', ""(2S)-Methyl-8-isopentyl-2-methyl-2-(4'-methylpentyl)chroman-6-carboxylate"", '3,4,5-Triacetoxybenzoic acid', 'Casearupestrin A', '2-oxo-piperol B; (7S*, 8R*, 1R*, 3R*)-3,4,5-trimethoxy-3,7-cyclo-8,1-neolig-8-ene-2,4(3H)-dione', '20α-Hydroxymaytenin; 20-hydroxy-20-epi-tingenone', '(-)-Epigallocatechin-3-O-gallate', 'Casearin D; (1R*,3S*,5S*,6aR*,7R*,8R*,9S*,10S*,10aR*)-1-(Acetyloxy)-3,5,6,6a,7,8,9,10-octahydro-5,10-dihydroxy-7,8-dimethyl-7-[(2Z)-3-methylpenta-2,4-dien-1-yl]naphtho[1,8a-c]furan-3,9-diyl Dibutanoate', 'Rel. (+)-(7S,10S) 3,12-dihydroxycalamenene', 'carlinoside', 'Methyl-8-(ethanoyloxy)-2,2-dimethyl-2H-chromene-6-carboxylate', '11β-acetoxyobacunone', '1-(5,7-dihydroxy-2,2-dimethylchroman- 6-yl)-3-[4-hydroxy-3-(3-methylbut-2-en-1-yl)- phenyl]propan-1-one', '(3R,4R)-4,7-Dihydroxymellein', ""Nitensoside B; Pedalitin 6-O-α-rhamnopyranosyl(1'''→6'')-β-glucopyranoside"", 'Amentoflavone', 'Methyl gallate', '3-O-β-D-quinovopyranosyl cincholic acid', 'Afzelin, 3-O-α-rhamnosyl kaempferol', 'Egonol', '4-Nerolidilcatechol', '22-hydroxytirucalla-7,24-diene-2,3-dione', 'Trans-3’-methylsulphonylallyl trans-cinnamate', '(3-(2-(4-hydroxyphenyl)-2-oxoethyl)-5,6-dihydropyridin- 2(1H)-one)', 'Mangiferin', 'Salacin', 'Viburgenin', ""Pterogynoside; Kaempferol-3-O-(3''-O-4'''-methylgallate-α-L-rhamnoside)"", 'Isobutyl gallate', '6-[8(Z),11(Z),14-pentadecatrienyl]salicylic acid', 'Sorbifolin', ""Nitensoside A; Sorbifolin 6-O-α-rhamnopyranosyl(1'''→6'')-β-glucopyranoside"", 'Casearin O; (1R*,3S*,5S*,6aR*,7R*,8R*,9S*,10S*,10aR*)-1,10-Bis(acetyloxy)-5-methoxy-7,8-dimethyl-7-[(2Z)-3-methylpenta-2,4-dien-1-yl]-3,5,6,6a,7,8,9,10-octahydronaphtho[1,8a-c]furan-3,9-diyl Dibutanoate', 'germacrene D', '6-pentadecylsalicylic acid', 'Methyl-2,2-dimethylchroman-6-carboxylate', ""Myrsinoic acid A, 3-Geranyl-4-hydroxy-5-(3'',3''-dimethylallyl)benzoic acid"", 'Isopropyl gallate', '6β-hydroxy-7-epigardoside methyl ester', 'Tetrahydropiperyline, N-[10-(13,14-methylenedioxyphenyl)-pentanoyl]-pyrrolidine', 'Piperovatine', '2,4,6-trimethoxybenzoic acid', '1-O-(E)-caffeoyl-β-D-glucopyranoside', 'Quercitrin, 3-O-α-rhamnosylquercetin', 'Caseobliquin A', 'Methyl angolensate', 'arjunolic acid', 'stachysterone', 'Ethyl 2,4-dihydroxy-5,6-dimethylbenzoate', 'Amentoflavone 7”,4”’-dimethyl ether', 'Picramnioside F', 'Lauryl gallate', 'Syringaldehyde', 'Acetonide of odoratol', '(−)-Grandisin', '24-methylenecycloartan-3b-ol', 'Ixoside', '2β-Hydroxyzuelanin-6β-cinnamate', 'Cognatine', 'Fagaramide']]",doi_name
"['10.1016/S0031-9422(01)00079-6', 'Dibenzyl disulphide']","['10.1016/S0031-9422(01)00079-6', ['guaiol', 'γ-eudesmol', 'Hinesol', 'α-eudesmol', 'Galioside aglicone', '11-O-trans-feruloylteucrein', 'Teucrein', 'Galioside', 'Apodanthoside', 'Mycoleptone A', '9-hydroxyeugenin', 'Eugenitin', 'Austdiol', '6-methoxyeugenin', 'Mycoleptone A tetraacetate', 'Austdiol diacetate', 'Mycoleptone B', ""3',4'-methylenedioxy-5,6,7- trimethoxyflavone"", ""3',4'-methylenedioxy-5,5',6,7-tetramethoxyflavone"", ""2'-hydroxy-3,4,4'-trimethoxy-5',6'-(2'',2''-dimethylpyrano)-chalcone"", ""3',4'-methylenedioxy-5,7-dimethoxyflavone"", 'Chlorogenic acid methyl ester, Methyl (1S,3R,4R,5R)-3-{[(2E)-3-(3,4-dihydroxyphenyl)-2-propenoyl]oxy}-1,4,5-trihydroxycyclohexanecarboxylate', '2α,3α,19α- trihydroxyurs-12-en-28-oic acid', 'penduletin 4-O-methyl ether', '3,3-O-dimethylquercetin', '3-O-methylquercetin', 'p-hydroxybenzoic acid', 'Chrysoeriol', 'acacetin', '3,7,4-O-trimethylkaempferol', '2α,3α-dihydroxyolean-12- en-28-oic acid', '5,7-dimethoxy-2,2-dimethyl-2H-1-benzopyran-6-propanoate', ""7,4'-Dihydroxyflavone"", '19´-(3,4-Methylenedioxyphenyl)-nonadecanoic acid', 'Tithonine', 'Farnisine', 'Sargaquinoic acid', 'Fasciculiferin', 'Sargachromenol', ""Juruenolic acid; 2-(4'-Methylpentenyl-3)-10-oxoundecan-2,6-dienoic acid"", '21´-(3,4-Methylenedioxyphenyl)-henicosanoic acid', '(+)-Guaiacin', ""7,4'-Dimethoxyflavone"", '17-(3,4-Methylenedioxyphenyl)-heptadecanoic acid', '(+)-11α-Hydroxyerythravine', '(+)-Erythravine', '(+)-α-Hydroxyerysotrine', 'Diderroside', '7-Methoxydiderroside', ""6'-Acetyl-β-D-glucopyranosyldiderroside"", 'Secoxyloganin', '(-)-3-O-acetyl-spectaline', ""3',4',5',3,5,7,8-heptamethoxyflavone"", ""3,5,6,7,3',4',5'-heptamethoxyflavonol"", 'Beauvericin', 'Anhydrofusarubin', ""3,4-dimethyl-2-(4'-hydroxy-3',5'-dimethoxyphenyl)-5-methoxy-tetrahydrofuran"", '21α,25-dimethylmelianodiol', '21β,25-dimethylmelianodiol', '3,21-Di-epi-feroniellide B', 'Citibrasine', '2,3-dihydro-4,9-dihydroxy-2-(2-hydroxy-propan-2-yl)- 11-methoxy-10-methylfuro[3,2-b]acridin-5(10H)-one', 'bis-5-hydroxyacronycine', 'Taraxerol acetate', 'Procyanidin B-3', '6-Hydroxy-rutin', 'Kaempferol-3-O-D-glucopyranoside', 'Kaempferol-3-O-α-L-rhamnopyranosyl-(1-6)-α-L-rhamnopyranosyl-(1-4)-β-D-glucopyranoside', 'Kaempferol-3-O-rutinoside', 'Catechin, Ent-catechin', 'Kaempferol-3-O-α-L-rhamnopyranosyl-(1→6)-β-D-galactopyranoside', 'Quercetin-3-O-α-L-rhamnopyranosyl-(1→6)-β-D-galactopyranoside', 'Kaempferol-3-O-D-galactopyranoside', 'Aphidicolin', 'Methyl (3R,4R,5R)-3-{[(2E)-3-(3,4-dihydroxyphenyl)-2-propenoyl]oxy}-1,4,5-trihydroxycyclohexanecarboxylate', 'Methyl (3R,4R,5R)-3-{[(2Z)-3-(3,4-dihydroxyphenyl)-2-propenoyl]oxy}-1,4,5-trihydroxycyclohexanecarboxylate', '1,3,5-trihydroxy-4-methoxy-10-methyl- 2,8-bis(3-methylbut-2-enyl)acridin-9(10H)-one', 'Citrusinine-II', '1,3,5-trihydroxy- 2,8-bis(3-methylbut-2-enyl)-10-methyl-9-acridone', 'Glycocitrine-IV', 'Pyranofoline', 'Citrusinine-I', '3,4-dihydro-3,5,8-trihydroxy-6-methoxy-2,2,7-trimethyl-2Hpyrano[ 2,3-a]acridin-12(7H)-one', '5-hydroxynoracronycine; Atalaphyllidine', 'Glycocitrine-I', ""3-(3',7 '-dimethyl-2',6 '-octadienyl)-4-methoxy-benzoic acid"", 'Methyl-8-hydroxy-2,2-dimethyl-2H-chromene-6-carboxylate', ""4-Methoxy-3-(3',7'-dimethylocta-2'-E-6'-dienyl)benzoic acid"", 'Ferulic acid', 'β-Gardiol', 'α-Gardiol', '5,7-dimethoxy-2,2-dimethyl-2H-1-benzopyran-6-propanoic acid', ""2-(3',4'-methylenedioxyphenylethyl)-Quinoline"", '2-n-Pentylquinoline', '2-n-Propylquinoline', ""2-(1'-pentenyl)-Quinoline"", ""Hostmaniene; 4-Hydroxy-3-(2',3'-dihydroxy-3'-methylbutyl)benzoate"", ""4-Hydroxy-3-(3',7'-dimethylocta-2'-E-6'-dienyl)benzoic acid"", 'Methyl 2,2-dimethyl-1-oxo-2H-1-benzopyran-6-carboxylate', ""Methyl taboganate; Methyl 4-hydroxy-3-(3'-methyl-1'-oxo-2'-butenyl)benzoate"", ""2',6'-Dihydroxy-4'-methoxydihydrochalcone"", 'Piperaduncine B', ""Methyl 4-hydroxy-3-(3'-methyl-2'-butenyl)benzoate"", '3,4,5-Trimethoxydihydrocinnamic acid', ""Methyl 4-hydroxy-3-(3'-methyl-2'-hydroxy-3'-butenyl)benzoate"", ""Aduncumene; Methyl 2-methoxy-5-(3'-methyl-1'-oxo-2'-butenyl)benzoate"", ""4-Hydroxy-(3',7'-dimethyl-1'-oxo-octa-2'-Z-6'-dienyl)benzoic acid"", 'Tagitinin C', '1-methoxy-3-hydroxy-3,10b-4,5a-diepoxy-8b-isobutyroyloxygermacr-11(13)-en-6a,12-olide', 'Iso-odoratol', 'Oleanonic acid', 'Pentaol', 'Piscidinol A', 'cryptomeridiol', '3,11-dioxoolean-12-en-28- onic acid', 'Nilocetin', 'Hispidol A', ""Rel-(7R,8S,7'S,8'S)-9-hydroxy-4',5'-methylenedioxy-3,4,5,3'-tetramethoxy-7,7'-epoxylignan"", ""Rel-(7R,8S,7'S,8'S)-4',5'-methylenedioxy-3,4,5,3'-tetramethoxy-7,7'-epoxylignan"", ""Rel-(7R,8S,7'S,8'S)-4-hydroxy-4',5'-methylenedioxy-3,5,3'-trimethoxy-7,7'-epoxylignan"", ""Rel-(7R,8S,7'S,8'S)-4'-hydroxy-3,4,5,3',5'-pentamethoxy-7,7'-epoxylignan"", ""Rel-(7R,8S,7'S,8'S)-4,5,4',5'-dimethylenedioxy-3,3'-dimethoxy-7,7'-epoxylignan"", '4,5-dihydropiperlonguminine; Piperlonguminine', '(Z)-piplartine; 8(Z)-N-(12,13, 14-trimethoxycinnamoyl)- 3-pyridin-2-one', 'Piperine', '8,9-dihydropiplartine; N-(12,13,14-trimethoxydihydrocinnamoyl)-Δ3-pyridin-2-one', ""N-[3-(6'-methoxy-3',4'-methy-lenedioxyphenyl)-2(Z)-propenoyl]pyrrolidine"", '4,5-dihydropiperyline', '10,11-dihydropiperine; Δα,β-dihydropiperine', '(E)-piplartine', 'Pellitorine', '(3Z,5Z)-N-isobutyl-8-(30,40-methylenedioxy-phenyl)-heptadienamide', 'Pimara-7,15-dien-3β-ol', 'Dimethyl terephthalate', '(22E,24R)-ergosta-4,6,8(14),22-tetraen-3-one', '8-hydroxy-6-methoxy-3-methylisocoumarin', 'Ergosterol peroxide', 'Epi-guaiacin', 'Verrucosin', '7-Methyl-sargachromenol; 2,7,8-Trimethyl-2-[(3-E,7-Z)-4,12-dimethyl-8-carboxyl-3,7,11-tridecatrienyl]-3-chromen-6-ol, β-caroteno', 'Nectandrin B', 'cyclo (L)-Pro-Gly', ""4-Hydroxy-3-(3',7'-dimethyl-3'-hydroxy-1'-oxo-6'-octenyl)benzoic acid"", ""1,4-Dihydroxy-2-(3',7'-dimethyl-1'-oxo-2'-E-6'-octadienyl)benzene"", ""Sakuranetin; 5,4'-dihydroxy-7-methoxyflavanone"", ""Isosakuranetin; 5,7-dihydroxy-4'-methoxyflavanone"", ""4-Hydroxy-(3',7'-dimethyl-1'-oxo-octa-2'-E-6'-dienyl)benzoic acid"", 'Nitensidine D', 'Nitensidine E', 'Xanthyletin', 'astilbin; Rel-(2R, 3R)-dihydroquercetin-3-O-±-L-rhamnoside', '3,4-dehydrostrictosidine acid', '3,4-dehydro-strictosidine', '5α-carboxystrictosidine', 'Cordifoline', 'Turbinatine', 'Harman-3-carboxylic acid', 'Strictosidine acid', 'Deoxycordifoline', 'Clusifoliol', ""Isoswertisin-4'-methyl-ether-2''α-L-rhamnoside"", '2-Episesalatin', ""Isoswertisin-2''α1-L-rhamnoside"", 'Sesartemin', 'Stearic acid 4-pentoyloxyphenethyl ester', 'Isopimpinellin', '4-metoxi-6-[2-(metilamino)fenil]- 2H-piran-2-ona', 'β-caryophyllene, trans-caryophyllene', 'Methacrylic acid', 'Cusculine; 1,2,3,5,6-pentamethoxy-9-acridone', 'Cuspanine; 1-hydroxy-2,3,5,6-tetramethoxy-9-acridone', '2α,3α-Dihydroxy-urs-12-en-28-oic acid', 'Oleanolic acid 3-sophoroside', '3-O-β-D-(6’-methyl)-glucopyranosyl-28-O-β-D-glucopyranosyl-oleanate', 'Haplotusine', 'β-Sitosterol benzoate', '5-hydroxyflavone', '2-phenyl-4H-chromen-4-one', 'Sinapyl 4-O-β-D-glucopyranoside aldehyde', 'Sinapyl 4-O-β-D-glucopyranoside alcohol', 'Liriodenine', 'N-acetylnonaine', '[10]-gingerol', ""2,4-Dihydroxy-6-[(1'E,3'E)-penta-1', 3'-dienyl]-benzaldehyde"", '2-methyl-5-[8(Z)-pentadecenyl]resorcinol', 'Nitensidine A', '2-hydroxyphenylacetic acid', '3-O-β-D-quinovopyranosyl quinovic acid', 'Kaempferol', ""8-hydroxy-3,5,7,3',4',5'-hexamethoxyflavonol"", 'scillascillin', 'Homoegonol', '[8]-gingerol', '4-Hydroxymellein', '5-hydroxymellein', 'fraxinellonone', 'Dibenzyl sulphide', '(-) Cis-4-hydroxy-6-deoxyscytalone', 'Gallic acid; 3,4,5-trihydroxybenzoic acid', 'Maculosidine', 'Podocarpusflavone A', '(4R)-4,8-dihydroxy-α-tetralone', 'Odoratol', 'Leptomerine', '5-hydroxy-N-methylseverifoline', '19,20-Epoxycytochalasin N', 'ellagic acid 4-O-α-L-rhamnopyranoside; eschweilenol C', 'Mayoside C', 'Ourateacatechin', ""3',4',5',5,7-pentamethoxyflavone"", '2-methyl-5-pentadecylresorcinol', '3β-hydroxy-stigmast-5-en-7-one; 24-β-7-oxositosterol', 'Acetonide of odoratol', '(−)-Grandisin', 'n-Butyl gallate', ""5-[3''-(β-D-glucopyranosyloxy)propyl]-7-methoxy-2-(3',4'-dimethoxyphenyl)benzofuran"", '3,12-Dihydroxycadalene', '7-hydroxy-3- (11-dimethylallyl)-8-methoxycoumarin', ""N-[7-(3',4'-methylenedioxyphenyl)-2(Z),4(Z)-heptadienoyl]pyrrolidine"", ""Acteoside; [β-3,4-dihydroxyphenyl)-ethyl]-(3'-O-α-L-rhamnopyranosyl)-(4'-O-cafeoyl)-β-D-glycopyranoside, verbascoside"", 'Ocotillone', 'des-N-methylnoracronycine', 'Sorbifolin 6-O-β-glucopyranoside', 'Rel-2α-hydroxyzuelanin-6β-benzoate', '2,6-di-O-acetylcasearupestrin D', ""Methyl-2,2-dimethyl-8-(3'-methylbut-2'-enyl)chroman-6-carboxylate"", '2,7-Di-O-acetylcasearupestrin A', 'Nitensidine B', '1-methyl-2-n-nonyl-4-quinolone', '5-[8(Z),11(Z),14-pentadecatrienyl]resorcinol', '5-pentadecylresorcinol', '19,20-Epoxycytochalasin D', 'fumiquinozoline F', 'Kaempferol 3-O-α-L-rhamnopyranosyl (1→6)-O-[β -D-glucopyranosyl (1→3)-O-α-L-rhamnopyranosyl-(1→2)]-O-β -D-glucopyranosyl', '3β-O-[α-L-rhamnopyranosyl-(1→2)-O-β-D-glucopyranosyl-(1→2)-O-β-D-glucopyranosyl]-28-O-β-D-glucopyranoside pomolate', 'Dibenzyl tetrasulphide', ""2',5-dihydroxy-3-methoxy-8-dimethylallyl-6, 7-(2' ',2''-dimethylpyrano)-dihydroflavonol"", '1- (5,7-dihydroxy-2,2-dimethylchroman-6-yl)-3-(2,2-dimethylchroman- 6-yl)propan-1-one', 'Canavaline', 'Di-hydrodehydrodiconiferyl alcohol', 'Quercetin', ""2-(2'-O-trans-cinnamoyl)-C-β-D-glucopyranosyl-1,3,6,7-tetrahydroxyxanthone"", 'Kokusaginine', 'Pristimerin; 20α-3-hydroxy-2-oxo-24-nor-friedela-1-10,3,5,7-tetraen-carboxylic acid-29-methylester', '3,4,5-trimethoxyphenyl 1-O-β-D-apiofuranosyl-(1→6)-O-β-D-glucopyranoside', 'β-photogedunin', '2-n-nonyl-4-quinolone', 'Cytochalasin D', 'Isoorientin', 'Skimmianine', 'p-hydroxybenzoic acid-geranyl ester', 'Dibenzyl disulphide', 'Proanthocyanidin', 'neoisoastilbin', '(R)-7-Hydroxymellein', '6α-acetoxymanoyl oxide', 'Methyl-8-hydroxy-2,2-dimethylchroman-6-carboxylate', 'Casearupestrin C', '6α-malonyloxy-n-butyl ester manoyl oxide', 'citrusinine-I', 'Ricinine', 'Leptophyllin A', 'Caseobliquin A', 'Methyl angolensate', ""5-(3'' -Hydroxypropyl)-7-methoxy-2-(3',4' -methyl-enedioxyphenyl)benzofuran"", '22β-hydroxypristimerin', '6α-acetoxy-14β,15β-epoxyazadirone', 'urauchimycin A', 'p-Coumaric acid', '(-)-Epigallocatechin', 'Netzahualcoyonol', '1-[3-(3,7-dimethylocta-2,6-dien-1-yl)-2,4,6- trihydroxyphenyl]-3-(4-hydroxyphenyl)propan-1-one', '6α-malonyloxymanoyl oxide', 'Benzylhydroxymethyl sulphide', '1,6-di-O-caffeoyl-β-D-glucopyranoside', '2-methyl-5-[8(Z),11(Z),14-pentadecatrienyl]resorcinol', '20-hydroxyecdysone; polypodine A', '3-Acetyl aleuritolic acid', 'Uracil', '1-O-(E)-feruloyl-β-D-glucopyranoside', '19,20-Epoxycytochalasin C', 'n-Pentyl gallate', 'Orcinol', 'Periconicin B', 'Phomopsilactone', 'n-Propyl gallate', ""3',4',5',5,7,8-hexamethoxyflavone"", 'Isopropyl gallate', '6β-hydroxy-7-epigardoside methyl ester', 'Tetrahydropiperyline, N-[10-(13,14-methylenedioxyphenyl)-pentanoyl]-pyrrolidine', 'Piperovatine', '2,4,6-trimethoxybenzoic acid', '1-O-(E)-caffeoyl-β-D-glucopyranoside', 'Quercitrin, 3-O-α-rhamnosylquercetin', 'epoxy-fraxinellone', '12′-hydroxy-7′-multijuguinone', 'Kaempferitrin', 'Nitensidine C', 'Dipropyl disulphide', '2-methyl-5-[8(Z),11(Z)-pentadecadienyl]resorcinol', 'Methyl 6,7,8-trimethoxydihydrocinnamate', '2-Hexyl-3-methyl-butanodioic acid', 'fraxinellone', 'Alkenoic acid', 'Quercetin 3-O-α-L-rhamnopyranosyl (1→6)-O-[β -D-glucopyranosyl (1→3)-O-α-L-rhamnopyranosyl-(1→2)]-O-β -D-glucopyranosyl', 'Heveaflavone', 'Arboreumine', '3-Oxoursolic acid', 'Casearupestrin B', 'toonacilin', ""2-(R)-Methyl-6-(S)-(tetradecyl-13'-one)-3(R)-O-tert-butyldimethylsilyl-piperidine"", '(2S)-Methyl-2-methyl-8-(3""-methylbut-2""-enyl)-2-(4\'-methylpent-3\'-enyl)-2H-chromene-6-carboxylate', 'Casearin T', 'Piperyline, N-[10-(13,14-methylenedioxyphenyl)-7(E),9(E)-pentadienoyl]-pyrrolidine', 'ω-fenil alcanoic acid', '2-butyl-D-fructofuranoside', ""Gaudichaudianic acid; (2S)-2-methyl-2-(4'methyl-3'-pentenyl)-8-(3''-methyl-2-butenyl)- 2H-1-benzopyran-6-carboxylic acid"", 'limonexic acid', 'Pedalitin', 'Di(benzyltrithio) methane', '3,11,12-Trihydroxycadalene', ""(2S)-8-Isopentyl-2-methyl-2-(4'-methylpentyl)chroman-6-carboxylic acid"", '2,2-dimethyl-2H-chromene-6-carboxylic acid', '1,2-dihydro- 3β-hydroxy-7-deacetoxy-7-oxogedunin', 'Photogedunin', 'Casearin X; (1R*,3S*,5S*,6aR*,7S*,8S*,10R*,10aR*)-1-(Acetyloxy)-3,5,6,6a,7,8,9,10-octahydro-10-hydroxy-7,8-dimethyl-7-[(2Z)-3-methylpenta-2,4-dien-1-yl]naphtho[1,8a-c]furan-3,5-diyl Dibutanoate', 'Quercetin 3-O-sophoroside', '(3R,4R)-3,4-Dihydro-4,6-dihydroxy-3-methyl-1-oxo-1H-isochromene-5-carboxylic acid', '24-methylene-3,22-dihydroxycholesterol', 'amorphispironone', 'Casearupestrin D', 'Chaetoglobosin B', ""2-(2'-O-benzoyl)-C-β-D-glucopyranosyl-1,3,6,7-tetrahydroxyxanthone"", 'Isoplumericin', 'α-L-xylopyranosyl-(4""→20)-(3-O-β-D-glucopyranosyl)-1\'-O-E-caffeoyl-β-D-glucopyranoside', '6-[8(Z)-pentadecenyl]salicylic acid', '(2S)-2-methyl-8-(3""-methylbut-2""-enyl)-2-(4\'-methylpent-3\'-enyl)-2H-chromene-6-carboxylic acid', 'Burchellin', '5-[8(Z)-pentadecenyl]resorcinol', 'Luteolin; 2-(3,4-dihydroxyphenyl)-5,7-dihydroxy-4H-chromen-4-one', 'Sinapic acid', '6-[ 8(Z),11(Z) -pentadecadienyl] salicylic acid', 'Netzahualcoyene', 'Casearin X Dialdehyde; (2R*,4aS*,5S*,7R*,8R*,8aS*)-4,4a-Diformyl-1,2,4a,5,6,7,8,8a-octahydro-5-hydroxy-7,8-dimethyl-8-[(2Z)-3-methylpenta-2,4-dien-1-yl]naphthalen-2-yl Butanoate', 'polypodine B', '19,20-Epoxycytochalasin Q', '19,20-Epoxycytochalasin R', 'Muraxanthone', 'Casearupestrin A', '2-oxo-piperol B; (7S*, 8R*, 1R*, 3R*)-3,4,5-trimethoxy-3,7-cyclo-8,1-neolig-8-ene-2,4(3H)-dione', 'taxifolin', ""(2'S)-2-(propan-2'-ol)-5-hydroxy-benzopyran-4-one"", 'Rel-(+)-(7S,9R,10S)-3,9,12-trihydroxycalamenene', 'Casearin S', '11β-acetoxyobacunone', '1-(5,7-dihydroxy-2,2-dimethylchroman- 6-yl)-3-[4-hydroxy-3-(3-methylbut-2-en-1-yl)- phenyl]propan-1-one', '(3R,4R)-4,7-Dihydroxymellein', ""Nitensoside B; Pedalitin 6-O-α-rhamnopyranosyl(1'''→6'')-β-glucopyranoside"", 'N-[10- (13,14-methylenedioxyphenyl)-7(E)-pentaenoyl]-pyrrolidine', '2-Methyl-5-methoxy-benzopyran-4-one', '3,4-dihydroxybenzoic acid geranyl ester', 'N-[10-(13,14-methylenedioxyphenyl)-7(E),9(Z)-pentadienoyl]-pyrrolidine', 'Gedunin', 'Pedalin, pedalitin 6-O-β -glucopyranoside', 'Piperol B', '(-)-Hardwickiic acid', ""5-[3''-(β-D-glucopyranosyloxy)propyl]-7-methoxy-2-(3',4'-methylenedioxyphenyl)benzofuran"", '28-O-β-D-glucopyranosyl quinovic acid', '2-Methyl-4-hydroxy-butyl caffeoate', 'N-1,N-2,N-3-Triisopentenylguanidine', 'Dibenzyl trisulphide', 'Maytenin, Tingenone', 'urauchimycin B', ""2-(2'-O-trans-caffeoyl)-C-β-D-glucopyranosyl-1,3,6,7-tetrahydroxyxanthone"", 'Cabraleadiol', 'schaftoside', ""(2S)-Methyl-8-isopentyl-2-methyl-2-(4'-methylpentyl)chroman-6-carboxylate"", '3,4,5-Triacetoxybenzoic acid', '1-(5,7-dihydroxy-2,2-dimethylchroman-6-yl)-3-(1,1,4a-trimethyl-2,3,4,4a,9a-hexahydro-1H-xanthen-7-yl)propan-1-one', 'Methyl (E)-6,7,8-trimethoxycinnamate', '3,4,5-Trimethoxyphenyl-1-O-β-D-(5-O-syringoyl)-apiofuranosyl-(1→6)-β-D-glucopyranoside', '6-[8(Z),11(Z),14-pentadecatrienyl]salicylic acid', 'Sorbifolin', ""Nitensoside A; Sorbifolin 6-O-α-rhamnopyranosyl(1'''→6'')-β-glucopyranoside"", 'Amentoflavone', 'Odoratone', 'Rel-6β-hydroxyzuelanin-2β-benzoate', 'shidasterone', '5-hydroxymethyl- 2-furancarboxaldehyde; 5-hydroxymethyl-2-furfuraldehyde', 'atalaphyllinine', 'Lauryl gallate', 'Casearin O; (1R*,3S*,5S*,6aR*,7R*,8R*,9S*,10S*,10aR*)-1,10-Bis(acetyloxy)-5-methoxy-7,8-dimethyl-7-[(2Z)-3-methylpenta-2,4-dien-1-yl]-3,5,6,6a,7,8,9,10-octahydronaphtho[1,8a-c]furan-3,9-diyl Dibutanoate', 'germacrene D', 'Methyl gallate', '3-O-β-D-quinovopyranosyl cincholic acid', 'Afzelin, 3-O-α-rhamnosyl kaempferol', 'Egonol', '4-Nerolidilcatechol', ""2-(2'-O-transcoumaroyl)-C-β-D-glucopyranosyl-1,3,6,7-tetrahydroxyxanthone"", 'Syringic acid', '(+)-3-O-feruloylcassine', '6-pentadecylsalicylic acid', 'Caseargrewiin F; (1R*,3S*,5S*,6aR*,7S*,8R*,10R*,10aR*)-1,3-Bis(acetyloxy)-3,5,6,6a,7,8,9,10-octahydro-10-hydroxy-7,8-dimethyl-7-[(2Z)-3-methylpenta-2,4-dien-1-yl]naphtho[1,8a-c]furan-5-yl Butanoate', 'Casearin L; (1R*,3S*,5S*,6aR*,7R*,8R*,9S*,10S*,10aR*)-1,10-Bis(acetyloxy)-3,5,6,6a,7,8,9,10-octahydro-9-hydroxy-5-methoxy-7,8-dimethyl-7-[(2Z)-3-methylpenta-2,4-dien-1-yl]naphtho[1,8a-c]-furan-3-yl Butanoate', 'Platydesmine', 'Leiokinine A', '8-methoxymellein', '(±)-Syringaresinol', 'Cyclo-(L-Pro-L-Val)', 'Methyl-2,2-dimethylchroman-6-carboxylate', ""Myrsinoic acid A, 3-Geranyl-4-hydroxy-5-(3'',3''-dimethylallyl)benzoic acid"", '20α-Hydroxymaytenin; 20-hydroxy-20-epi-tingenone', '(-)-Epigallocatechin-3-O-gallate', 'Casearin D; (1R*,3S*,5S*,6aR*,7R*,8R*,9S*,10S*,10aR*)-1-(Acetyloxy)-3,5,6,6a,7,8,9,10-octahydro-5,10-dihydroxy-7,8-dimethyl-7-[(2Z)-3-methylpenta-2,4-dien-1-yl]naphtho[1,8a-c]furan-3,9-diyl Dibutanoate', 'Rel. (+)-(7S,10S) 3,12-dihydroxycalamenene', 'carlinoside', 'Methyl-8-(ethanoyloxy)-2,2-dimethyl-2H-chromene-6-carboxylate', 'arjunolic acid', 'stachysterone', 'Ethyl 2,4-dihydroxy-5,6-dimethylbenzoate', 'Amentoflavone 7”,4”’-dimethyl ether', 'Picramnioside F', 'Plumericin', '5-[8(Z),11(Z)-pentadecadienyl]resorcinol', '(-)-Spectalinine', 'Netzahualcoyondiol', 'Syringaldehyde', '22-hydroxytirucalla-7,24-diene-2,3-dione', 'Trans-3’-methylsulphonylallyl trans-cinnamate', '(3-(2-(4-hydroxyphenyl)-2-oxoethyl)-5,6-dihydropyridin- 2(1H)-one)', 'Mangiferin', 'Salacin', 'Viburgenin', ""Pterogynoside; Kaempferol-3-O-(3''-O-4'''-methylgallate-α-L-rhamnoside)"", 'Isobutyl gallate', '7′-multijuguinone', 'Griseofulvin', ""7-Hydroxy-4',6-dimethoxyisoflavone; Afrormosin; Afromosin"", '24-methylenecycloartan-3b-ol', 'Ixoside', '2β-Hydroxyzuelanin-6β-cinnamate', 'Cognatine', 'Fagaramide', 'Chalepin', 'Chlorogenic acid']]",doi_name
"['10.1016/S0031-9422(98)00249-0', 'Casearin S']","['10.1016/S0031-9422(98)00249-0', ['Teucrein', '11-O-trans-feruloylteucrein', 'Galioside aglicone', 'Apodanthoside', 'Galioside', 'guaiol', 'Hinesol', 'γ-eudesmol', 'α-eudesmol', 'Mycoleptone A', '9-hydroxyeugenin', 'Eugenitin', '6-methoxyeugenin', 'Austdiol', 'Austdiol diacetate', 'Mycoleptone B', 'Mycoleptone A tetraacetate', ""4-Methoxy-3-(3',7'-dimethylocta-2'-E-6'-dienyl)benzoic acid"", 'Methyl-8-hydroxy-2,2-dimethyl-2H-chromene-6-carboxylate', ""3-(3',7 '-dimethyl-2',6 '-octadienyl)-4-methoxy-benzoic acid"", ""2'-hydroxy-3,4,4'-trimethoxy-5',6'-(2'',2''-dimethylpyrano)-chalcone"", ""3',4'-methylenedioxy-5,7-dimethoxyflavone"", ""3',4'-methylenedioxy-5,6,7- trimethoxyflavone"", ""3',4'-methylenedioxy-5,5',6,7-tetramethoxyflavone"", '7-Methoxydiderroside', 'Diderroside', ""6'-Acetyl-β-D-glucopyranosyldiderroside"", 'Secoxyloganin', '(-)-3-O-acetyl-spectaline', 'Nectandrin B', '7-Methyl-sargachromenol; 2,7,8-Trimethyl-2-[(3-E,7-Z)-4,12-dimethyl-8-carboxyl-3,7,11-tridecatrienyl]-3-chromen-6-ol, β-caroteno', 'Verrucosin', 'Epi-guaiacin', '5,7-dimethoxy-2,2-dimethyl-2H-1-benzopyran-6-propanoate', 'cyclo (L)-Pro-Gly', 'Xanthyletin', 'Chlorogenic acid methyl ester, Methyl (1S,3R,4R,5R)-3-{[(2E)-3-(3,4-dihydroxyphenyl)-2-propenoyl]oxy}-1,4,5-trihydroxycyclohexanecarboxylate', 'Isopimpinellin', '8,9-dihydropiplartine; N-(12,13,14-trimethoxydihydrocinnamoyl)-Δ3-pyridin-2-one', '4,5-dihydropiperlonguminine; Piperlonguminine', '4,5-dihydropiperyline', '(Z)-piplartine; 8(Z)-N-(12,13, 14-trimethoxycinnamoyl)- 3-pyridin-2-one', ""N-[3-(6'-methoxy-3',4'-methy-lenedioxyphenyl)-2(Z)-propenoyl]pyrrolidine"", '10,11-dihydropiperine; Δα,β-dihydropiperine', '(E)-piplartine', 'Piperine', 'Pellitorine', '(3Z,5Z)-N-isobutyl-8-(30,40-methylenedioxy-phenyl)-heptadienamide', '3,21-Di-epi-feroniellide B', '21β,25-dimethylmelianodiol', '21α,25-dimethylmelianodiol', ""Rel-(7R,8S,7'S,8'S)-4,5,4',5'-dimethylenedioxy-3,3'-dimethoxy-7,7'-epoxylignan"", ""Rel-(7R,8S,7'S,8'S)-4-hydroxy-4',5'-methylenedioxy-3,5,3'-trimethoxy-7,7'-epoxylignan"", ""Rel-(7R,8S,7'S,8'S)-4'-hydroxy-3,4,5,3',5'-pentamethoxy-7,7'-epoxylignan"", ""Rel-(7R,8S,7'S,8'S)-9-hydroxy-4',5'-methylenedioxy-3,4,5,3'-tetramethoxy-7,7'-epoxylignan"", ""Rel-(7R,8S,7'S,8'S)-4',5'-methylenedioxy-3,4,5,3'-tetramethoxy-7,7'-epoxylignan"", 'Glycocitrine-I', 'Citrusinine-I', '3,4-dihydro-3,5,8-trihydroxy-6-methoxy-2,2,7-trimethyl-2Hpyrano[ 2,3-a]acridin-12(7H)-one', 'Pyranofoline', '1,3,5-trihydroxy-4-methoxy-10-methyl- 2,8-bis(3-methylbut-2-enyl)acridin-9(10H)-one', '1,3,5-trihydroxy- 2,8-bis(3-methylbut-2-enyl)-10-methyl-9-acridone', '5-hydroxynoracronycine; Atalaphyllidine', 'Citrusinine-II', 'Glycocitrine-IV', 'Ferulic acid', 'β-Gardiol', 'α-Gardiol', 'bis-5-hydroxyacronycine', '2,3-dihydro-4,9-dihydroxy-2-(2-hydroxy-propan-2-yl)- 11-methoxy-10-methylfuro[3,2-b]acridin-5(10H)-one', 'Citibrasine', 'Quercetin-3-O-α-L-rhamnopyranosyl-(1→6)-β-D-galactopyranoside', 'Kaempferol-3-O-α-L-rhamnopyranosyl-(1→6)-β-D-galactopyranoside', '6-Hydroxy-rutin', 'Kaempferol-3-O-D-glucopyranoside', 'Kaempferol-3-O-α-L-rhamnopyranosyl-(1-6)-α-L-rhamnopyranosyl-(1-4)-β-D-glucopyranoside', 'Procyanidin B-3', 'Kaempferol-3-O-D-galactopyranoside', 'Catechin, Ent-catechin', 'Kaempferol-3-O-rutinoside', 'penduletin 4-O-methyl ether', '2α,3α,19α- trihydroxyurs-12-en-28-oic acid', '3,3-O-dimethylquercetin', '2α,3α-dihydroxyolean-12- en-28-oic acid', '3-O-methylquercetin', '3,7,4-O-trimethylkaempferol', 'acacetin', 'Chrysoeriol', 'p-hydroxybenzoic acid', 'Fasciculiferin', '19´-(3,4-Methylenedioxyphenyl)-nonadecanoic acid', '21´-(3,4-Methylenedioxyphenyl)-henicosanoic acid', 'Sargachromenol', 'Sargaquinoic acid', ""Juruenolic acid; 2-(4'-Methylpentenyl-3)-10-oxoundecan-2,6-dienoic acid"", 'Tithonine', ""7,4'-Dimethoxyflavone"", '(+)-Guaiacin', ""7,4'-Dihydroxyflavone"", 'Farnisine', '17-(3,4-Methylenedioxyphenyl)-heptadecanoic acid', '2-n-Propylquinoline', ""2-(1'-pentenyl)-Quinoline"", '2-n-Pentylquinoline', ""2-(3',4'-methylenedioxyphenylethyl)-Quinoline"", 'cryptomeridiol', 'Iso-odoratol', 'Oleanonic acid', 'Piscidinol A', 'Pentaol', '3,11-dioxoolean-12-en-28- onic acid', 'Nilocetin', 'Hispidol A', 'Stearic acid 4-pentoyloxyphenethyl ester', ""Hostmaniene; 4-Hydroxy-3-(2',3'-dihydroxy-3'-methylbutyl)benzoate"", 'Piperaduncine B', ""4-Hydroxy-3-(3',7'-dimethylocta-2'-E-6'-dienyl)benzoic acid"", '3,4,5-Trimethoxydihydrocinnamic acid', 'Methyl 2,2-dimethyl-1-oxo-2H-1-benzopyran-6-carboxylate', ""Methyl 4-hydroxy-3-(3'-methyl-2'-butenyl)benzoate"", ""Methyl taboganate; Methyl 4-hydroxy-3-(3'-methyl-1'-oxo-2'-butenyl)benzoate"", ""2',6'-Dihydroxy-4'-methoxydihydrochalcone"", ""Aduncumene; Methyl 2-methoxy-5-(3'-methyl-1'-oxo-2'-butenyl)benzoate"", ""4-Hydroxy-(3',7'-dimethyl-1'-oxo-octa-2'-Z-6'-dienyl)benzoic acid"", ""Methyl 4-hydroxy-3-(3'-methyl-2'-hydroxy-3'-butenyl)benzoate"", 'Anhydrofusarubin', 'Beauvericin', 'Taraxerol acetate', ""4-Hydroxy-3-(3',7'-dimethyl-3'-hydroxy-1'-oxo-6'-octenyl)benzoic acid"", ""4-Hydroxy-(3',7'-dimethyl-1'-oxo-octa-2'-E-6'-dienyl)benzoic acid"", ""1,4-Dihydroxy-2-(3',7'-dimethyl-1'-oxo-2'-E-6'-octadienyl)benzene"", ""Sakuranetin; 5,4'-dihydroxy-7-methoxyflavanone"", ""Isosakuranetin; 5,7-dihydroxy-4'-methoxyflavanone"", '5,7-dimethoxy-2,2-dimethyl-2H-1-benzopyran-6-propanoic acid', 'Aphidicolin', 'Methyl (3R,4R,5R)-3-{[(2Z)-3-(3,4-dihydroxyphenyl)-2-propenoyl]oxy}-1,4,5-trihydroxycyclohexanecarboxylate', 'Methyl (3R,4R,5R)-3-{[(2E)-3-(3,4-dihydroxyphenyl)-2-propenoyl]oxy}-1,4,5-trihydroxycyclohexanecarboxylate', 'Clusifoliol', ""Isoswertisin-4'-methyl-ether-2''α-L-rhamnoside"", '2-Episesalatin', ""Isoswertisin-2''α1-L-rhamnoside"", 'Sesartemin', 'astilbin; Rel-(2R, 3R)-dihydroquercetin-3-O-±-L-rhamnoside', '1-methoxy-3-hydroxy-3,10b-4,5a-diepoxy-8b-isobutyroyloxygermacr-11(13)-en-6a,12-olide', 'Tagitinin C', '(+)-α-Hydroxyerysotrine', '(+)-11α-Hydroxyerythravine', '(+)-Erythravine', ""3,5,6,7,3',4',5'-heptamethoxyflavonol"", ""3',4',5',3,5,7,8-heptamethoxyflavone"", 'Ergosterol peroxide', '(22E,24R)-ergosta-4,6,8(14),22-tetraen-3-one', '8-hydroxy-6-methoxy-3-methylisocoumarin', 'Dimethyl terephthalate', 'Pimara-7,15-dien-3β-ol', 'Nitensidine D', 'Nitensidine E', 'Methacrylic acid', 'β-caryophyllene, trans-caryophyllene', ""3,4-dimethyl-2-(4'-hydroxy-3',5'-dimethoxyphenyl)-5-methoxy-tetrahydrofuran"", 'Cordifoline', '3,4-dehydrostrictosidine acid', '3,4-dehydro-strictosidine', 'Strictosidine acid', 'Harman-3-carboxylic acid', 'Turbinatine', '5α-carboxystrictosidine', 'Deoxycordifoline', '4-metoxi-6-[2-(metilamino)fenil]- 2H-piran-2-ona', 'Cusculine; 1,2,3,5,6-pentamethoxy-9-acridone', 'Cuspanine; 1-hydroxy-2,3,5,6-tetramethoxy-9-acridone', '2α,3α-Dihydroxy-urs-12-en-28-oic acid', 'Oleanolic acid 3-sophoroside', '3-O-β-D-(6’-methyl)-glucopyranosyl-28-O-β-D-glucopyranosyl-oleanate', 'Haplotusine', '5-hydroxyflavone', 'β-Sitosterol benzoate', '2-phenyl-4H-chromen-4-one', 'Sinapyl 4-O-β-D-glucopyranoside aldehyde', 'Sinapyl 4-O-β-D-glucopyranoside alcohol', 'Liriodenine', 'N-acetylnonaine', '[10]-gingerol', ""2,4-Dihydroxy-6-[(1'E,3'E)-penta-1', 3'-dienyl]-benzaldehyde"", 'Nitensidine A', '2-methyl-5-[8(Z)-pentadecenyl]resorcinol', '2-hydroxyphenylacetic acid', '3-O-β-D-quinovopyranosyl quinovic acid', 'Kaempferol', 'scillascillin', 'Kokusaginine', ""2-(2'-O-trans-caffeoyl)-C-β-D-glucopyranosyl-1,3,6,7-tetrahydroxyxanthone"", 'Netzahualcoyene', 'Casearin X Dialdehyde; (2R*,4aS*,5S*,7R*,8R*,8aS*)-4,4a-Diformyl-1,2,4a,5,6,7,8,8a-octahydro-5-hydroxy-7,8-dimethyl-8-[(2Z)-3-methylpenta-2,4-dien-1-yl]naphthalen-2-yl Butanoate', 'polypodine B', 'n-Propyl gallate', ""3',4',5',5,7,8-hexamethoxyflavone"", 'Isopropyl gallate', ""8-hydroxy-3,5,7,3',4',5'-hexamethoxyflavonol"", 'Odoratol', 'Leptomerine', '5-hydroxy-N-methylseverifoline', '19,20-Epoxycytochalasin N', 'ellagic acid 4-O-α-L-rhamnopyranoside; eschweilenol C', 'Mayoside C', 'Ourateacatechin', ""3',4',5',5,7-pentamethoxyflavone"", '2-methyl-5-pentadecylresorcinol', '3β-hydroxy-stigmast-5-en-7-one; 24-β-7-oxositosterol', ""7-Hydroxy-4',6-dimethoxyisoflavone; Afrormosin; Afromosin"", '8-methoxymellein', '(±)-Syringaresinol', 'Cyclo-(L-Pro-L-Val)', 'Acetonide of odoratol', 'fraxinellonone', 'Dibenzyl sulphide', ""Methyl-2,2-dimethyl-8-(3'-methylbut-2'-enyl)chroman-6-carboxylate"", '2,7-Di-O-acetylcasearupestrin A', 'Nitensidine B', '1-methyl-2-n-nonyl-4-quinolone', '5-[8(Z),11(Z),14-pentadecatrienyl]resorcinol', 'Piperol B', '(-)-Hardwickiic acid', ""5-[3''-(β-D-glucopyranosyloxy)propyl]-7-methoxy-2-(3',4'-methylenedioxyphenyl)benzofuran"", '28-O-β-D-glucopyranosyl quinovic acid', '2-Methyl-4-hydroxy-butyl caffeoate', 'N-1,N-2,N-3-Triisopentenylguanidine', 'Dibenzyl trisulphide', 'Maytenin, Tingenone', '(4R)-4,8-dihydroxy-α-tetralone', 'Isoorientin', 'Uracil', 'urauchimycin A', 'Maculosidine', 'Podocarpusflavone A', 'Casearupestrin C', '6α-malonyloxy-n-butyl ester manoyl oxide', 'citrusinine-I', 'Ricinine', 'Leptophyllin A', '5-pentadecylresorcinol', 'urauchimycin B', 'Homoegonol', '[8]-gingerol', '4-Hydroxymellein', '5-hydroxymellein', 'β-photogedunin', 'n-Butyl gallate', ""5-[3''-(β-D-glucopyranosyloxy)propyl]-7-methoxy-2-(3',4'-dimethoxyphenyl)benzofuran"", '3,12-Dihydroxycadalene', '(-) Cis-4-hydroxy-6-deoxyscytalone', 'Plumericin', '5-[8(Z),11(Z)-pentadecadienyl]resorcinol', '(-)-Spectalinine', '19,20-Epoxycytochalasin D', 'fumiquinozoline F', 'Kaempferol 3-O-α-L-rhamnopyranosyl (1→6)-O-[β -D-glucopyranosyl (1→3)-O-α-L-rhamnopyranosyl-(1→2)]-O-β -D-glucopyranosyl', '3β-O-[α-L-rhamnopyranosyl-(1→2)-O-β-D-glucopyranosyl-(1→2)-O-β-D-glucopyranosyl]-28-O-β-D-glucopyranoside pomolate', 'Dibenzyl tetrasulphide', ""2',5-dihydroxy-3-methoxy-8-dimethylallyl-6, 7-(2' ',2''-dimethylpyrano)-dihydroflavonol"", '2-n-nonyl-4-quinolone', 'Cytochalasin D', 'Ocotillone', 'des-N-methylnoracronycine', 'Sorbifolin 6-O-β-glucopyranoside', 'Rel-2α-hydroxyzuelanin-6β-benzoate', '2,6-di-O-acetylcasearupestrin D', 'p-Coumaric acid', '(-)-Epigallocatechin', 'Netzahualcoyonol', '1-[3-(3,7-dimethylocta-2,6-dien-1-yl)-2,4,6- trihydroxyphenyl]-3-(4-hydroxyphenyl)propan-1-one', '6α-malonyloxymanoyl oxide', 'Benzylhydroxymethyl sulphide', '1,6-di-O-caffeoyl-β-D-glucopyranoside', '2-methyl-5-[8(Z),11(Z),14-pentadecatrienyl]resorcinol', 'Netzahualcoyondiol', 'Pristimerin; 20α-3-hydroxy-2-oxo-24-nor-friedela-1-10,3,5,7-tetraen-carboxylic acid-29-methylester', '3,4,5-trimethoxyphenyl 1-O-β-D-apiofuranosyl-(1→6)-O-β-D-glucopyranoside', 'Arboreumine', '3-Oxoursolic acid', 'Casearupestrin B', 'toonacilin', 'Pedalitin', '1-O-(E)-feruloyl-β-D-glucopyranoside', '19,20-Epoxycytochalasin C', 'Caseobliquin A', 'Methyl angolensate', ""5-(3'' -Hydroxypropyl)-7-methoxy-2-(3',4' -methyl-enedioxyphenyl)benzofuran"", '22β-hydroxypristimerin', '1- (5,7-dihydroxy-2,2-dimethylchroman-6-yl)-3-(2,2-dimethylchroman- 6-yl)propan-1-one', 'Canavaline', 'Di-hydrodehydrodiconiferyl alcohol', 'Quercetin', ""2-(2'-O-trans-cinnamoyl)-C-β-D-glucopyranosyl-1,3,6,7-tetrahydroxyxanthone"", '1,2-dihydro- 3β-hydroxy-7-deacetoxy-7-oxogedunin', 'Photogedunin', 'Casearin X; (1R*,3S*,5S*,6aR*,7S*,8S*,10R*,10aR*)-1-(Acetyloxy)-3,5,6,6a,7,8,9,10-octahydro-10-hydroxy-7,8-dimethyl-7-[(2Z)-3-methylpenta-2,4-dien-1-yl]naphtho[1,8a-c]furan-3,5-diyl Dibutanoate', 'Skimmianine', 'p-hydroxybenzoic acid-geranyl ester', 'Dibenzyl disulphide', 'Proanthocyanidin', 'neoisoastilbin', '7-hydroxy-3- (11-dimethylallyl)-8-methoxycoumarin', ""N-[7-(3',4'-methylenedioxyphenyl)-2(Z),4(Z)-heptadienoyl]pyrrolidine"", ""Acteoside; [β-3,4-dihydroxyphenyl)-ethyl]-(3'-O-α-L-rhamnopyranosyl)-(4'-O-cafeoyl)-β-D-glycopyranoside, verbascoside"", '20-hydroxyecdysone; polypodine A', '3-Acetyl aleuritolic acid', 'Alkenoic acid', 'Quercetin 3-O-α-L-rhamnopyranosyl (1→6)-O-[β -D-glucopyranosyl (1→3)-O-α-L-rhamnopyranosyl-(1→2)]-O-β -D-glucopyranosyl', 'Heveaflavone', 'α-L-xylopyranosyl-(4""→20)-(3-O-β-D-glucopyranosyl)-1\'-O-E-caffeoyl-β-D-glucopyranoside', ""2-(R)-Methyl-6-(S)-(tetradecyl-13'-one)-3(R)-O-tert-butyldimethylsilyl-piperidine"", '(2S)-Methyl-2-methyl-8-(3""-methylbut-2""-enyl)-2-(4\'-methylpent-3\'-enyl)-2H-chromene-6-carboxylate', 'Casearin T', 'Piperyline, N-[10-(13,14-methylenedioxyphenyl)-7(E),9(E)-pentadienoyl]-pyrrolidine', 'ω-fenil alcanoic acid', '2-butyl-D-fructofuranoside', ""Gaudichaudianic acid; (2S)-2-methyl-2-(4'methyl-3'-pentenyl)-8-(3''-methyl-2-butenyl)- 2H-1-benzopyran-6-carboxylic acid"", 'limonexic acid', 'Di(benzyltrithio) methane', 'n-Pentyl gallate', 'Orcinol', 'Periconicin B', 'Phomopsilactone', ""(2S)-8-Isopentyl-2-methyl-2-(4'-methylpentyl)chroman-6-carboxylic acid"", '2,2-dimethyl-2H-chromene-6-carboxylic acid', '(3R,4R)-3,4-Dihydro-4,6-dihydroxy-3-methyl-1-oxo-1H-isochromene-5-carboxylic acid', '24-methylene-3,22-dihydroxycholesterol', 'amorphispironone', 'Casearupestrin D', 'Chaetoglobosin B', ""2-(2'-O-benzoyl)-C-β-D-glucopyranosyl-1,3,6,7-tetrahydroxyxanthone"", 'Isoplumericin', 'N-[10-(13,14-methylenedioxyphenyl)-7(E),9(Z)-pentadienoyl]-pyrrolidine', '6-[8(Z)-pentadecenyl]salicylic acid', '(2S)-2-methyl-8-(3""-methylbut-2""-enyl)-2-(4\'-methylpent-3\'-enyl)-2H-chromene-6-carboxylic acid', 'Burchellin', '5-[8(Z)-pentadecenyl]resorcinol', 'Luteolin; 2-(3,4-dihydroxyphenyl)-5,7-dihydroxy-4H-chromen-4-one', '(R)-7-Hydroxymellein', '6α-acetoxymanoyl oxide', 'Methyl-8-hydroxy-2,2-dimethylchroman-6-carboxylate', 'Sinapic acid', '19,20-Epoxycytochalasin Q', '19,20-Epoxycytochalasin R', 'Muraxanthone', '6α-acetoxy-14β,15β-epoxyazadirone', 'epoxy-fraxinellone', '12′-hydroxy-7′-multijuguinone', 'Kaempferitrin', 'Nitensidine C', 'Dipropyl disulphide', '2-methyl-5-[8(Z),11(Z)-pentadecadienyl]resorcinol', 'Methyl 6,7,8-trimethoxydihydrocinnamate', '2-Hexyl-3-methyl-butanodioic acid', 'fraxinellone', '3,11,12-Trihydroxycadalene', 'Quercetin 3-O-sophoroside', '(3R,4R)-4,7-Dihydroxymellein', ""Nitensoside B; Pedalitin 6-O-α-rhamnopyranosyl(1'''→6'')-β-glucopyranoside"", '6-[ 8(Z),11(Z) -pentadecadienyl] salicylic acid', '3,4,5-Triacetoxybenzoic acid', 'Odoratone', 'Rel-6β-hydroxyzuelanin-2β-benzoate', 'shidasterone', '5-hydroxymethyl- 2-furancarboxaldehyde; 5-hydroxymethyl-2-furfuraldehyde', 'atalaphyllinine', 'N-[10- (13,14-methylenedioxyphenyl)-7(E)-pentaenoyl]-pyrrolidine', '2-Methyl-5-methoxy-benzopyran-4-one', '3,4-dihydroxybenzoic acid geranyl ester', 'Gedunin', 'Pedalin, pedalitin 6-O-β -glucopyranoside', 'Caseargrewiin F; (1R*,3S*,5S*,6aR*,7S*,8R*,10R*,10aR*)-1,3-Bis(acetyloxy)-3,5,6,6a,7,8,9,10-octahydro-10-hydroxy-7,8-dimethyl-7-[(2Z)-3-methylpenta-2,4-dien-1-yl]naphtho[1,8a-c]furan-5-yl Butanoate', 'Casearin L; (1R*,3S*,5S*,6aR*,7R*,8R*,9S*,10S*,10aR*)-1,10-Bis(acetyloxy)-3,5,6,6a,7,8,9,10-octahydro-9-hydroxy-5-methoxy-7,8-dimethyl-7-[(2Z)-3-methylpenta-2,4-dien-1-yl]naphtho[1,8a-c]-furan-3-yl Butanoate', 'Methyl (E)-6,7,8-trimethoxycinnamate', '3,4,5-Trimethoxyphenyl-1-O-β-D-(5-O-syringoyl)-apiofuranosyl-(1→6)-β-D-glucopyranoside', '6-[8(Z),11(Z),14-pentadecatrienyl]salicylic acid', 'Platydesmine', 'Leiokinine A', 'Cabraleadiol', 'schaftoside', ""(2S)-Methyl-8-isopentyl-2-methyl-2-(4'-methylpentyl)chroman-6-carboxylate"", 'Casearupestrin A', '2-oxo-piperol B; (7S*, 8R*, 1R*, 3R*)-3,4,5-trimethoxy-3,7-cyclo-8,1-neolig-8-ene-2,4(3H)-dione', 'taxifolin', ""(2'S)-2-(propan-2'-ol)-5-hydroxy-benzopyran-4-one"", 'Rel-(+)-(7S,9R,10S)-3,9,12-trihydroxycalamenene', 'Casearin S', '11β-acetoxyobacunone', '1-(5,7-dihydroxy-2,2-dimethylchroman- 6-yl)-3-[4-hydroxy-3-(3-methylbut-2-en-1-yl)- phenyl]propan-1-one', '(-)-Epigallocatechin-3-O-gallate', 'Casearin D; (1R*,3S*,5S*,6aR*,7R*,8R*,9S*,10S*,10aR*)-1-(Acetyloxy)-3,5,6,6a,7,8,9,10-octahydro-5,10-dihydroxy-7,8-dimethyl-7-[(2Z)-3-methylpenta-2,4-dien-1-yl]naphtho[1,8a-c]furan-3,9-diyl Dibutanoate', 'Rel. (+)-(7S,10S) 3,12-dihydroxycalamenene', 'carlinoside', 'Methyl-8-(ethanoyloxy)-2,2-dimethyl-2H-chromene-6-carboxylate', '2β-Hydroxyzuelanin-6β-cinnamate', 'Methyl gallate', '3-O-β-D-quinovopyranosyl cincholic acid', 'Afzelin, 3-O-α-rhamnosyl kaempferol', 'Egonol', '4-Nerolidilcatechol', ""2-(2'-O-transcoumaroyl)-C-β-D-glucopyranosyl-1,3,6,7-tetrahydroxyxanthone"", 'Syringic acid', '(+)-3-O-feruloylcassine', 'Amentoflavone', '1-(5,7-dihydroxy-2,2-dimethylchroman-6-yl)-3-(1,1,4a-trimethyl-2,3,4,4a,9a-hexahydro-1H-xanthen-7-yl)propan-1-one', '(3-(2-(4-hydroxyphenyl)-2-oxoethyl)-5,6-dihydropyridin- 2(1H)-one)', 'Mangiferin', 'Viburgenin', ""Pterogynoside; Kaempferol-3-O-(3''-O-4'''-methylgallate-α-L-rhamnoside)"", 'Isobutyl gallate', '7′-multijuguinone', 'Griseofulvin', 'Sorbifolin', ""Nitensoside A; Sorbifolin 6-O-α-rhamnopyranosyl(1'''→6'')-β-glucopyranoside"", 'Casearin O; (1R*,3S*,5S*,6aR*,7R*,8R*,9S*,10S*,10aR*)-1,10-Bis(acetyloxy)-5-methoxy-7,8-dimethyl-7-[(2Z)-3-methylpenta-2,4-dien-1-yl]-3,5,6,6a,7,8,9,10-octahydronaphtho[1,8a-c]furan-3,9-diyl Dibutanoate', 'germacrene D', 'Salacin', '6-pentadecylsalicylic acid', 'Methyl-2,2-dimethylchroman-6-carboxylate', ""Myrsinoic acid A, 3-Geranyl-4-hydroxy-5-(3'',3''-dimethylallyl)benzoic acid"", '20α-Hydroxymaytenin; 20-hydroxy-20-epi-tingenone', '6β-hydroxy-7-epigardoside methyl ester', 'Tetrahydropiperyline, N-[10-(13,14-methylenedioxyphenyl)-pentanoyl]-pyrrolidine', 'Piperovatine', '2,4,6-trimethoxybenzoic acid', '1-O-(E)-caffeoyl-β-D-glucopyranoside', 'Gallic acid; 3,4,5-trihydroxybenzoic acid', 'Quercitrin, 3-O-α-rhamnosylquercetin', 'arjunolic acid', 'stachysterone', 'Ethyl 2,4-dihydroxy-5,6-dimethylbenzoate', 'Amentoflavone 7”,4”’-dimethyl ether', 'Picramnioside F', 'Lauryl gallate', 'Syringaldehyde', '22-hydroxytirucalla-7,24-diene-2,3-dione', 'Trans-3’-methylsulphonylallyl trans-cinnamate', '(−)-Grandisin', '24-methylenecycloartan-3b-ol', 'Ixoside', 'Cognatine', 'Fagaramide', 'Chalepin', 'Chlorogenic acid']]",doi_name
"['10.1016/j.phytochem.2006.06.004', '3,12-Dihydroxycadalene']","['10.1016/j.phytochem.2006.06.004', ['guaiol', 'Hinesol', 'γ-eudesmol', 'α-eudesmol', '11-O-trans-feruloylteucrein', 'Teucrein', 'Galioside aglicone', 'Galioside', 'Apodanthoside', ""2'-hydroxy-3,4,4'-trimethoxy-5',6'-(2'',2''-dimethylpyrano)-chalcone"", ""3',4'-methylenedioxy-5,6,7- trimethoxyflavone"", ""3',4'-methylenedioxy-5,5',6,7-tetramethoxyflavone"", ""3',4'-methylenedioxy-5,7-dimethoxyflavone"", '9-hydroxyeugenin', 'Eugenitin', 'Austdiol', '6-methoxyeugenin', 'Mycoleptone B', 'Mycoleptone A', 'Austdiol diacetate', 'Mycoleptone A tetraacetate', '21α,25-dimethylmelianodiol', '3,21-Di-epi-feroniellide B', '21β,25-dimethylmelianodiol', ""4-Methoxy-3-(3',7'-dimethylocta-2'-E-6'-dienyl)benzoic acid"", ""3-(3',7 '-dimethyl-2',6 '-octadienyl)-4-methoxy-benzoic acid"", 'Methyl-8-hydroxy-2,2-dimethyl-2H-chromene-6-carboxylate', ""Rel-(7R,8S,7'S,8'S)-4,5,4',5'-dimethylenedioxy-3,3'-dimethoxy-7,7'-epoxylignan"", ""Rel-(7R,8S,7'S,8'S)-9-hydroxy-4',5'-methylenedioxy-3,4,5,3'-tetramethoxy-7,7'-epoxylignan"", ""Rel-(7R,8S,7'S,8'S)-4-hydroxy-4',5'-methylenedioxy-3,5,3'-trimethoxy-7,7'-epoxylignan"", ""Rel-(7R,8S,7'S,8'S)-4'-hydroxy-3,4,5,3',5'-pentamethoxy-7,7'-epoxylignan"", ""Rel-(7R,8S,7'S,8'S)-4',5'-methylenedioxy-3,4,5,3'-tetramethoxy-7,7'-epoxylignan"", 'Secoxyloganin', '7-Methoxydiderroside', 'Diderroside', ""6'-Acetyl-β-D-glucopyranosyldiderroside"", 'bis-5-hydroxyacronycine', 'Citibrasine', '2,3-dihydro-4,9-dihydroxy-2-(2-hydroxy-propan-2-yl)- 11-methoxy-10-methylfuro[3,2-b]acridin-5(10H)-one', 'cyclo (L)-Pro-Gly', 'Xanthyletin', 'Pyranofoline', '3,4-dihydro-3,5,8-trihydroxy-6-methoxy-2,2,7-trimethyl-2Hpyrano[ 2,3-a]acridin-12(7H)-one', 'Citrusinine-II', 'Glycocitrine-IV', '5-hydroxynoracronycine; Atalaphyllidine', 'Glycocitrine-I', 'Citrusinine-I', '1,3,5-trihydroxy-4-methoxy-10-methyl- 2,8-bis(3-methylbut-2-enyl)acridin-9(10H)-one', '1,3,5-trihydroxy- 2,8-bis(3-methylbut-2-enyl)-10-methyl-9-acridone', '2α,3α,19α- trihydroxyurs-12-en-28-oic acid', '3,3-O-dimethylquercetin', 'penduletin 4-O-methyl ether', '2α,3α-dihydroxyolean-12- en-28-oic acid', 'acacetin', 'p-hydroxybenzoic acid', '3-O-methylquercetin', '3,7,4-O-trimethylkaempferol', 'Chrysoeriol', 'Chlorogenic acid methyl ester, Methyl (1S,3R,4R,5R)-3-{[(2E)-3-(3,4-dihydroxyphenyl)-2-propenoyl]oxy}-1,4,5-trihydroxycyclohexanecarboxylate', '5,7-dimethoxy-2,2-dimethyl-2H-1-benzopyran-6-propanoic acid', '(-)-3-O-acetyl-spectaline', '5,7-dimethoxy-2,2-dimethyl-2H-1-benzopyran-6-propanoate', 'Anhydrofusarubin', 'Beauvericin', 'Methyl (3R,4R,5R)-3-{[(2Z)-3-(3,4-dihydroxyphenyl)-2-propenoyl]oxy}-1,4,5-trihydroxycyclohexanecarboxylate', 'Methyl (3R,4R,5R)-3-{[(2E)-3-(3,4-dihydroxyphenyl)-2-propenoyl]oxy}-1,4,5-trihydroxycyclohexanecarboxylate', '2-n-Pentylquinoline', ""2-(1'-pentenyl)-Quinoline"", '2-n-Propylquinoline', ""2-(3',4'-methylenedioxyphenylethyl)-Quinoline"", 'Nilocetin', 'Hispidol A', 'cryptomeridiol', 'Pentaol', 'Oleanonic acid', 'Piscidinol A', '3,11-dioxoolean-12-en-28- onic acid', 'Iso-odoratol', 'Isopimpinellin', '(3Z,5Z)-N-isobutyl-8-(30,40-methylenedioxy-phenyl)-heptadienamide', 'Pellitorine', ""N-[3-(6'-methoxy-3',4'-methy-lenedioxyphenyl)-2(Z)-propenoyl]pyrrolidine"", '8,9-dihydropiplartine; N-(12,13,14-trimethoxydihydrocinnamoyl)-Δ3-pyridin-2-one', '4,5-dihydropiperlonguminine; Piperlonguminine', '4,5-dihydropiperyline', '(Z)-piplartine; 8(Z)-N-(12,13, 14-trimethoxycinnamoyl)- 3-pyridin-2-one', '(E)-piplartine', '10,11-dihydropiperine; Δα,β-dihydropiperine', 'Piperine', 'Nectandrin B', '7-Methyl-sargachromenol; 2,7,8-Trimethyl-2-[(3-E,7-Z)-4,12-dimethyl-8-carboxyl-3,7,11-tridecatrienyl]-3-chromen-6-ol, β-caroteno', 'Epi-guaiacin', 'Verrucosin', ""3,4-dimethyl-2-(4'-hydroxy-3',5'-dimethoxyphenyl)-5-methoxy-tetrahydrofuran"", '17-(3,4-Methylenedioxyphenyl)-heptadecanoic acid', ""7,4'-Dihydroxyflavone"", 'Farnisine', '(+)-Guaiacin', 'Sargachromenol', 'Sargaquinoic acid', '19´-(3,4-Methylenedioxyphenyl)-nonadecanoic acid', ""7,4'-Dimethoxyflavone"", '21´-(3,4-Methylenedioxyphenyl)-henicosanoic acid', 'Tithonine', 'Fasciculiferin', ""Juruenolic acid; 2-(4'-Methylpentenyl-3)-10-oxoundecan-2,6-dienoic acid"", ""4-Hydroxy-3-(3',7'-dimethyl-3'-hydroxy-1'-oxo-6'-octenyl)benzoic acid"", ""4-Hydroxy-(3',7'-dimethyl-1'-oxo-octa-2'-E-6'-dienyl)benzoic acid"", ""Isosakuranetin; 5,7-dihydroxy-4'-methoxyflavanone"", ""Sakuranetin; 5,4'-dihydroxy-7-methoxyflavanone"", ""1,4-Dihydroxy-2-(3',7'-dimethyl-1'-oxo-2'-E-6'-octadienyl)benzene"", 'Aphidicolin', 'Stearic acid 4-pentoyloxyphenethyl ester', 'β-Gardiol', 'α-Gardiol', 'Ferulic acid', ""Methyl taboganate; Methyl 4-hydroxy-3-(3'-methyl-1'-oxo-2'-butenyl)benzoate"", '3,4,5-Trimethoxydihydrocinnamic acid', ""Methyl 4-hydroxy-3-(3'-methyl-2'-butenyl)benzoate"", 'Methyl 2,2-dimethyl-1-oxo-2H-1-benzopyran-6-carboxylate', 'Piperaduncine B', ""2',6'-Dihydroxy-4'-methoxydihydrochalcone"", ""4-Hydroxy-3-(3',7'-dimethylocta-2'-E-6'-dienyl)benzoic acid"", ""Hostmaniene; 4-Hydroxy-3-(2',3'-dihydroxy-3'-methylbutyl)benzoate"", ""Methyl 4-hydroxy-3-(3'-methyl-2'-hydroxy-3'-butenyl)benzoate"", ""Aduncumene; Methyl 2-methoxy-5-(3'-methyl-1'-oxo-2'-butenyl)benzoate"", ""4-Hydroxy-(3',7'-dimethyl-1'-oxo-octa-2'-Z-6'-dienyl)benzoic acid"", 'Taraxerol acetate', 'Kaempferol-3-O-α-L-rhamnopyranosyl-(1→6)-β-D-galactopyranoside', 'Kaempferol-3-O-rutinoside', 'Quercetin-3-O-α-L-rhamnopyranosyl-(1→6)-β-D-galactopyranoside', 'Catechin, Ent-catechin', 'Kaempferol-3-O-D-glucopyranoside', 'Kaempferol-3-O-α-L-rhamnopyranosyl-(1-6)-α-L-rhamnopyranosyl-(1-4)-β-D-glucopyranoside', 'Kaempferol-3-O-D-galactopyranoside', 'Procyanidin B-3', '6-Hydroxy-rutin', '2-Episesalatin', ""Isoswertisin-2''α1-L-rhamnoside"", 'Sesartemin', 'Clusifoliol', ""Isoswertisin-4'-methyl-ether-2''α-L-rhamnoside"", 'Nitensidine D', 'Nitensidine E', '(+)-11α-Hydroxyerythravine', '(+)-α-Hydroxyerysotrine', '(+)-Erythravine', 'Dimethyl terephthalate', '(22E,24R)-ergosta-4,6,8(14),22-tetraen-3-one', 'Ergosterol peroxide', '8-hydroxy-6-methoxy-3-methylisocoumarin', 'Pimara-7,15-dien-3β-ol', ""3',4',5',3,5,7,8-heptamethoxyflavone"", ""3,5,6,7,3',4',5'-heptamethoxyflavonol"", '1-methoxy-3-hydroxy-3,10b-4,5a-diepoxy-8b-isobutyroyloxygermacr-11(13)-en-6a,12-olide', 'Tagitinin C', 'Harman-3-carboxylic acid', 'Cordifoline', 'Turbinatine', '3,4-dehydrostrictosidine acid', '3,4-dehydro-strictosidine', 'Strictosidine acid', '5α-carboxystrictosidine', 'Deoxycordifoline', 'astilbin; Rel-(2R, 3R)-dihydroquercetin-3-O-±-L-rhamnoside', 'β-caryophyllene, trans-caryophyllene', 'Methacrylic acid', '4-metoxi-6-[2-(metilamino)fenil]- 2H-piran-2-ona', 'Cusculine; 1,2,3,5,6-pentamethoxy-9-acridone', 'Cuspanine; 1-hydroxy-2,3,5,6-tetramethoxy-9-acridone', '2α,3α-Dihydroxy-urs-12-en-28-oic acid', 'Oleanolic acid 3-sophoroside', '3-O-β-D-(6’-methyl)-glucopyranosyl-28-O-β-D-glucopyranosyl-oleanate', '5-hydroxyflavone', 'β-Sitosterol benzoate', '2-phenyl-4H-chromen-4-one', 'Haplotusine', 'Sinapyl 4-O-β-D-glucopyranoside aldehyde', 'N-acetylnonaine', 'Sinapyl 4-O-β-D-glucopyranoside alcohol', 'Liriodenine', '[10]-gingerol', ""2,4-Dihydroxy-6-[(1'E,3'E)-penta-1', 3'-dienyl]-benzaldehyde"", 'scillascillin', 'Kokusaginine', ""2-(2'-O-trans-caffeoyl)-C-β-D-glucopyranosyl-1,3,6,7-tetrahydroxyxanthone"", 'Netzahualcoyene', 'Casearin X Dialdehyde; (2R*,4aS*,5S*,7R*,8R*,8aS*)-4,4a-Diformyl-1,2,4a,5,6,7,8,8a-octahydro-5-hydroxy-7,8-dimethyl-8-[(2Z)-3-methylpenta-2,4-dien-1-yl]naphthalen-2-yl Butanoate', 'polypodine B', 'n-Propyl gallate', ""3',4',5',5,7,8-hexamethoxyflavone"", 'Isopropyl gallate', '6β-hydroxy-7-epigardoside methyl ester', 'Tetrahydropiperyline, N-[10-(13,14-methylenedioxyphenyl)-pentanoyl]-pyrrolidine', 'Piperovatine', '2,4,6-trimethoxybenzoic acid', '1-O-(E)-caffeoyl-β-D-glucopyranoside', 'Odoratol', 'Leptomerine', '5-hydroxy-N-methylseverifoline', '19,20-Epoxycytochalasin N', 'ellagic acid 4-O-α-L-rhamnopyranoside; eschweilenol C', 'Mayoside C', 'Ourateacatechin', ""3',4',5',5,7-pentamethoxyflavone"", '2-methyl-5-pentadecylresorcinol', '3β-hydroxy-stigmast-5-en-7-one; 24-β-7-oxositosterol', 'Acetonide of odoratol', '(−)-Grandisin', '24-methylenecycloartan-3b-ol', 'Ixoside', 'Cognatine', 'Fagaramide', 'Caseobliquin A', 'Methyl angolensate', ""5-(3'' -Hydroxypropyl)-7-methoxy-2-(3',4' -methyl-enedioxyphenyl)benzofuran"", '22β-hydroxypristimerin', '1- (5,7-dihydroxy-2,2-dimethylchroman-6-yl)-3-(2,2-dimethylchroman- 6-yl)propan-1-one', 'Canavaline', 'Di-hydrodehydrodiconiferyl alcohol', 'Quercetin', ""2-(2'-O-trans-cinnamoyl)-C-β-D-glucopyranosyl-1,3,6,7-tetrahydroxyxanthone"", 'Ocotillone', 'des-N-methylnoracronycine', 'Sorbifolin 6-O-β-glucopyranoside', 'Rel-2α-hydroxyzuelanin-6β-benzoate', '2,6-di-O-acetylcasearupestrin D', 'Nitensidine A', ""8-hydroxy-3,5,7,3',4',5'-hexamethoxyflavonol"", '3β-O-[α-L-rhamnopyranosyl-(1→2)-O-β-D-glucopyranosyl-(1→2)-O-β-D-glucopyranosyl]-28-O-β-D-glucopyranoside pomolate', 'Dibenzyl tetrasulphide', ""2',5-dihydroxy-3-methoxy-8-dimethylallyl-6, 7-(2' ',2''-dimethylpyrano)-dihydroflavonol"", ""Methyl-2,2-dimethyl-8-(3'-methylbut-2'-enyl)chroman-6-carboxylate"", '2,7-Di-O-acetylcasearupestrin A', 'Nitensidine B', '1-methyl-2-n-nonyl-4-quinolone', '5-[8(Z),11(Z),14-pentadecatrienyl]resorcinol', 'Piperol B', '(-)-Hardwickiic acid', ""5-[3''-(β-D-glucopyranosyloxy)propyl]-7-methoxy-2-(3',4'-methylenedioxyphenyl)benzofuran"", '28-O-β-D-glucopyranosyl quinovic acid', '2-Methyl-4-hydroxy-butyl caffeoate', 'N-1,N-2,N-3-Triisopentenylguanidine', 'Dibenzyl trisulphide', 'Maytenin, Tingenone', '(-) Cis-4-hydroxy-6-deoxyscytalone', 'Plumericin', '5-[8(Z),11(Z)-pentadecadienyl]resorcinol', '(-)-Spectalinine', 'Uracil', 'Maculosidine', 'Podocarpusflavone A', 'Casearupestrin C', '6α-malonyloxy-n-butyl ester manoyl oxide', 'citrusinine-I', 'Ricinine', 'Leptophyllin A', '5-pentadecylresorcinol', '19,20-Epoxycytochalasin D', 'fumiquinozoline F', 'Kaempferol 3-O-α-L-rhamnopyranosyl (1→6)-O-[β -D-glucopyranosyl (1→3)-O-α-L-rhamnopyranosyl-(1→2)]-O-β -D-glucopyranosyl', '20-hydroxyecdysone; polypodine A', '3-Acetyl aleuritolic acid', 'Alkenoic acid', 'Quercetin 3-O-α-L-rhamnopyranosyl (1→6)-O-[β -D-glucopyranosyl (1→3)-O-α-L-rhamnopyranosyl-(1→2)]-O-β -D-glucopyranosyl', 'Heveaflavone', 'Arboreumine', '2-n-nonyl-4-quinolone', 'Cytochalasin D', 'Isoorientin', 'urauchimycin B', 'Homoegonol', '[8]-gingerol', '4-Hydroxymellein', '5-hydroxymellein', 'fraxinellonone', 'Dibenzyl sulphide', 'Periconicin B', 'Phomopsilactone', ""(2S)-8-Isopentyl-2-methyl-2-(4'-methylpentyl)chroman-6-carboxylic acid"", '2,2-dimethyl-2H-chromene-6-carboxylic acid', '1,2-dihydro- 3β-hydroxy-7-deacetoxy-7-oxogedunin', 'Photogedunin', 'Casearin X; (1R*,3S*,5S*,6aR*,7S*,8S*,10R*,10aR*)-1-(Acetyloxy)-3,5,6,6a,7,8,9,10-octahydro-10-hydroxy-7,8-dimethyl-7-[(2Z)-3-methylpenta-2,4-dien-1-yl]naphtho[1,8a-c]furan-3,5-diyl Dibutanoate', 'urauchimycin A', 'p-Coumaric acid', '(-)-Epigallocatechin', 'Netzahualcoyonol', '1-[3-(3,7-dimethylocta-2,6-dien-1-yl)-2,4,6- trihydroxyphenyl]-3-(4-hydroxyphenyl)propan-1-one', '6α-malonyloxymanoyl oxide', 'Benzylhydroxymethyl sulphide', '1,6-di-O-caffeoyl-β-D-glucopyranoside', '2-methyl-5-[8(Z),11(Z),14-pentadecatrienyl]resorcinol', '3,12-Dihydroxycadalene', '7-hydroxy-3- (11-dimethylallyl)-8-methoxycoumarin', ""N-[7-(3',4'-methylenedioxyphenyl)-2(Z),4(Z)-heptadienoyl]pyrrolidine"", ""Acteoside; [β-3,4-dihydroxyphenyl)-ethyl]-(3'-O-α-L-rhamnopyranosyl)-(4'-O-cafeoyl)-β-D-glycopyranoside, verbascoside"", 'α-L-xylopyranosyl-(4""→20)-(3-O-β-D-glucopyranosyl)-1\'-O-E-caffeoyl-β-D-glucopyranoside', ""2-(R)-Methyl-6-(S)-(tetradecyl-13'-one)-3(R)-O-tert-butyldimethylsilyl-piperidine"", '(2S)-Methyl-2-methyl-8-(3""-methylbut-2""-enyl)-2-(4\'-methylpent-3\'-enyl)-2H-chromene-6-carboxylate', 'Casearin T', '3-Oxoursolic acid', 'Casearupestrin B', 'toonacilin', 'Pedalitin', '1-O-(E)-feruloyl-β-D-glucopyranoside', '19,20-Epoxycytochalasin C', 'n-Pentyl gallate', 'Orcinol', 'limonexic acid', 'Skimmianine', 'p-hydroxybenzoic acid-geranyl ester', 'Dibenzyl disulphide', 'Proanthocyanidin', 'neoisoastilbin', '(R)-7-Hydroxymellein', '6α-acetoxymanoyl oxide', 'Methyl-8-hydroxy-2,2-dimethylchroman-6-carboxylate', 'Di(benzyltrithio) methane', 'Netzahualcoyondiol', 'Pristimerin; 20α-3-hydroxy-2-oxo-24-nor-friedela-1-10,3,5,7-tetraen-carboxylic acid-29-methylester', '3,4,5-trimethoxyphenyl 1-O-β-D-apiofuranosyl-(1→6)-O-β-D-glucopyranoside', 'β-photogedunin', 'n-Butyl gallate', ""5-[3''-(β-D-glucopyranosyloxy)propyl]-7-methoxy-2-(3',4'-dimethoxyphenyl)benzofuran"", '24-methylene-3,22-dihydroxycholesterol', 'amorphispironone', 'Casearupestrin D', 'Chaetoglobosin B', ""2-(2'-O-benzoyl)-C-β-D-glucopyranosyl-1,3,6,7-tetrahydroxyxanthone"", 'Isoplumericin', 'N-[10-(13,14-methylenedioxyphenyl)-7(E),9(Z)-pentadienoyl]-pyrrolidine', '6-[8(Z)-pentadecenyl]salicylic acid', '(2S)-2-methyl-8-(3""-methylbut-2""-enyl)-2-(4\'-methylpent-3\'-enyl)-2H-chromene-6-carboxylic acid', 'Burchellin', '5-[8(Z)-pentadecenyl]resorcinol', 'Luteolin; 2-(3,4-dihydroxyphenyl)-5,7-dihydroxy-4H-chromen-4-one', 'Piperyline, N-[10-(13,14-methylenedioxyphenyl)-7(E),9(E)-pentadienoyl]-pyrrolidine', 'ω-fenil alcanoic acid', '2-butyl-D-fructofuranoside', ""Gaudichaudianic acid; (2S)-2-methyl-2-(4'methyl-3'-pentenyl)-8-(3''-methyl-2-butenyl)- 2H-1-benzopyran-6-carboxylic acid"", '19,20-Epoxycytochalasin R', 'Muraxanthone', '6α-acetoxy-14β,15β-epoxyazadirone', 'epoxy-fraxinellone', '12′-hydroxy-7′-multijuguinone', 'Kaempferitrin', 'Nitensidine C', 'Dipropyl disulphide', '2-methyl-5-[8(Z),11(Z)-pentadecadienyl]resorcinol', 'Methyl 6,7,8-trimethoxydihydrocinnamate', '2-Hexyl-3-methyl-butanodioic acid', 'fraxinellone', '6-[ 8(Z),11(Z) -pentadecadienyl] salicylic acid', '3,11,12-Trihydroxycadalene', 'Quercetin 3-O-sophoroside', '(3R,4R)-3,4-Dihydro-4,6-dihydroxy-3-methyl-1-oxo-1H-isochromene-5-carboxylic acid', 'Odoratone', 'Rel-6β-hydroxyzuelanin-2β-benzoate', 'shidasterone', '5-hydroxymethyl- 2-furancarboxaldehyde; 5-hydroxymethyl-2-furfuraldehyde', 'atalaphyllinine', 'N-[10- (13,14-methylenedioxyphenyl)-7(E)-pentaenoyl]-pyrrolidine', '2-Methyl-5-methoxy-benzopyran-4-one', '3,4-dihydroxybenzoic acid geranyl ester', 'Gedunin', 'Pedalin, pedalitin 6-O-β -glucopyranoside', 'Caseargrewiin F; (1R*,3S*,5S*,6aR*,7S*,8R*,10R*,10aR*)-1,3-Bis(acetyloxy)-3,5,6,6a,7,8,9,10-octahydro-10-hydroxy-7,8-dimethyl-7-[(2Z)-3-methylpenta-2,4-dien-1-yl]naphtho[1,8a-c]furan-5-yl Butanoate', 'Casearin L; (1R*,3S*,5S*,6aR*,7R*,8R*,9S*,10S*,10aR*)-1,10-Bis(acetyloxy)-3,5,6,6a,7,8,9,10-octahydro-9-hydroxy-5-methoxy-7,8-dimethyl-7-[(2Z)-3-methylpenta-2,4-dien-1-yl]naphtho[1,8a-c]-furan-3-yl Butanoate', 'Platydesmine', 'Leiokinine A', 'Sinapic acid', '19,20-Epoxycytochalasin Q', 'schaftoside', ""(2S)-Methyl-8-isopentyl-2-methyl-2-(4'-methylpentyl)chroman-6-carboxylate"", 'Casearupestrin A', '2-oxo-piperol B; (7S*, 8R*, 1R*, 3R*)-3,4,5-trimethoxy-3,7-cyclo-8,1-neolig-8-ene-2,4(3H)-dione', 'taxifolin', ""(2'S)-2-(propan-2'-ol)-5-hydroxy-benzopyran-4-one"", 'Rel-(+)-(7S,9R,10S)-3,9,12-trihydroxycalamenene', 'Casearin S', '11β-acetoxyobacunone', '1-(5,7-dihydroxy-2,2-dimethylchroman- 6-yl)-3-[4-hydroxy-3-(3-methylbut-2-en-1-yl)- phenyl]propan-1-one', '(3R,4R)-4,7-Dihydroxymellein', ""Nitensoside B; Pedalitin 6-O-α-rhamnopyranosyl(1'''→6'')-β-glucopyranoside"", 'Methyl gallate', '3-O-β-D-quinovopyranosyl cincholic acid', 'Afzelin, 3-O-α-rhamnosyl kaempferol', '3,4,5-Triacetoxybenzoic acid', 'Ethyl 2,4-dihydroxy-5,6-dimethylbenzoate', 'Amentoflavone 7”,4”’-dimethyl ether', 'Egonol', '4-Nerolidilcatechol', ""2-(2'-O-transcoumaroyl)-C-β-D-glucopyranosyl-1,3,6,7-tetrahydroxyxanthone"", 'Syringic acid', '(+)-3-O-feruloylcassine', 'Salacin', '6-pentadecylsalicylic acid', 'Methyl-2,2-dimethylchroman-6-carboxylate', ""Myrsinoic acid A, 3-Geranyl-4-hydroxy-5-(3'',3''-dimethylallyl)benzoic acid"", '20α-Hydroxymaytenin; 20-hydroxy-20-epi-tingenone', '(-)-Epigallocatechin-3-O-gallate', 'Casearin D; (1R*,3S*,5S*,6aR*,7R*,8R*,9S*,10S*,10aR*)-1-(Acetyloxy)-3,5,6,6a,7,8,9,10-octahydro-5,10-dihydroxy-7,8-dimethyl-7-[(2Z)-3-methylpenta-2,4-dien-1-yl]naphtho[1,8a-c]furan-3,9-diyl Dibutanoate', 'Rel. (+)-(7S,10S) 3,12-dihydroxycalamenene', 'Cabraleadiol', '(±)-Syringaresinol', 'Cyclo-(L-Pro-L-Val)', 'carlinoside', 'Methyl-8-(ethanoyloxy)-2,2-dimethyl-2H-chromene-6-carboxylate', 'Amentoflavone', '1-(5,7-dihydroxy-2,2-dimethylchroman-6-yl)-3-(1,1,4a-trimethyl-2,3,4,4a,9a-hexahydro-1H-xanthen-7-yl)propan-1-one', 'Methyl (E)-6,7,8-trimethoxycinnamate', '3,4,5-Trimethoxyphenyl-1-O-β-D-(5-O-syringoyl)-apiofuranosyl-(1→6)-β-D-glucopyranoside', '6-[8(Z),11(Z),14-pentadecatrienyl]salicylic acid', 'Sorbifolin', ""Nitensoside A; Sorbifolin 6-O-α-rhamnopyranosyl(1'''→6'')-β-glucopyranoside"", 'Casearin O; (1R*,3S*,5S*,6aR*,7R*,8R*,9S*,10S*,10aR*)-1,10-Bis(acetyloxy)-5-methoxy-7,8-dimethyl-7-[(2Z)-3-methylpenta-2,4-dien-1-yl]-3,5,6,6a,7,8,9,10-octahydronaphtho[1,8a-c]furan-3,9-diyl Dibutanoate', 'germacrene D', '2β-Hydroxyzuelanin-6β-cinnamate', 'arjunolic acid', 'stachysterone', 'Gallic acid; 3,4,5-trihydroxybenzoic acid', 'Quercitrin, 3-O-α-rhamnosylquercetin', 'Picramnioside F', 'Lauryl gallate', 'Syringaldehyde', '22-hydroxytirucalla-7,24-diene-2,3-dione', 'Trans-3’-methylsulphonylallyl trans-cinnamate', '(3-(2-(4-hydroxyphenyl)-2-oxoethyl)-5,6-dihydropyridin- 2(1H)-one)', 'Mangiferin', 'Viburgenin', ""Pterogynoside; Kaempferol-3-O-(3''-O-4'''-methylgallate-α-L-rhamnoside)"", 'Isobutyl gallate', '7′-multijuguinone', 'Griseofulvin', ""7-Hydroxy-4',6-dimethoxyisoflavone; Afrormosin; Afromosin"", '8-methoxymellein', 'Chalepin', 'Chlorogenic acid', '(4R)-4,8-dihydroxy-α-tetralone', 'Kaempferol', '3-O-β-D-quinovopyranosyl quinovic acid', '2-hydroxyphenylacetic acid', '2-methyl-5-[8(Z)-pentadecenyl]resorcinol']]",doi_name
"['10.1016/j.phytochem.2004.03.039', 'Netzahualcoyondiol']","['10.1016/j.phytochem.2004.03.039', [""Rel-(7R,8S,7'S,8'S)-4-hydroxy-4',5'-methylenedioxy-3,5,3'-trimethoxy-7,7'-epoxylignan"", ""Rel-(7R,8S,7'S,8'S)-4'-hydroxy-3,4,5,3',5'-pentamethoxy-7,7'-epoxylignan"", ""Rel-(7R,8S,7'S,8'S)-4',5'-methylenedioxy-3,4,5,3'-tetramethoxy-7,7'-epoxylignan"", ""Rel-(7R,8S,7'S,8'S)-9-hydroxy-4',5'-methylenedioxy-3,4,5,3'-tetramethoxy-7,7'-epoxylignan"", ""Rel-(7R,8S,7'S,8'S)-4,5,4',5'-dimethylenedioxy-3,3'-dimethoxy-7,7'-epoxylignan"", 'Teucrein', '11-O-trans-feruloylteucrein', 'Galioside', 'Apodanthoside', 'Galioside aglicone', 'guaiol', 'Hinesol', 'γ-eudesmol', 'α-eudesmol', ""3',4'-methylenedioxy-5,6,7- trimethoxyflavone"", ""2'-hydroxy-3,4,4'-trimethoxy-5',6'-(2'',2''-dimethylpyrano)-chalcone"", ""3',4'-methylenedioxy-5,5',6,7-tetramethoxyflavone"", ""3',4'-methylenedioxy-5,7-dimethoxyflavone"", 'Nectandrin B', 'Epi-guaiacin', 'Verrucosin', '7-Methyl-sargachromenol; 2,7,8-Trimethyl-2-[(3-E,7-Z)-4,12-dimethyl-8-carboxyl-3,7,11-tridecatrienyl]-3-chromen-6-ol, β-caroteno', '9-hydroxyeugenin', 'Eugenitin', 'Mycoleptone A', 'Austdiol', '6-methoxyeugenin', 'Mycoleptone A tetraacetate', 'Mycoleptone B', 'Austdiol diacetate', 'Secoxyloganin', 'Diderroside', ""6'-Acetyl-β-D-glucopyranosyldiderroside"", '7-Methoxydiderroside', '2,3-dihydro-4,9-dihydroxy-2-(2-hydroxy-propan-2-yl)- 11-methoxy-10-methylfuro[3,2-b]acridin-5(10H)-one', 'Citibrasine', 'bis-5-hydroxyacronycine', 'Xanthyletin', ""2-(1'-pentenyl)-Quinoline"", '2-n-Propylquinoline', ""2-(3',4'-methylenedioxyphenylethyl)-Quinoline"", '2-n-Pentylquinoline', '21α,25-dimethylmelianodiol', '21β,25-dimethylmelianodiol', '3,21-Di-epi-feroniellide B', 'Pellitorine', '(3Z,5Z)-N-isobutyl-8-(30,40-methylenedioxy-phenyl)-heptadienamide', '10,11-dihydropiperine; Δα,β-dihydropiperine', '(Z)-piplartine; 8(Z)-N-(12,13, 14-trimethoxycinnamoyl)- 3-pyridin-2-one', ""N-[3-(6'-methoxy-3',4'-methy-lenedioxyphenyl)-2(Z)-propenoyl]pyrrolidine"", '4,5-dihydropiperlonguminine; Piperlonguminine', 'Piperine', '4,5-dihydropiperyline', '(E)-piplartine', '8,9-dihydropiplartine; N-(12,13,14-trimethoxydihydrocinnamoyl)-Δ3-pyridin-2-one', ""3-(3',7 '-dimethyl-2',6 '-octadienyl)-4-methoxy-benzoic acid"", ""4-Methoxy-3-(3',7'-dimethylocta-2'-E-6'-dienyl)benzoic acid"", 'Methyl-8-hydroxy-2,2-dimethyl-2H-chromene-6-carboxylate', 'cyclo (L)-Pro-Gly', 'α-Gardiol', 'β-Gardiol', 'Ferulic acid', 'Isopimpinellin', '17-(3,4-Methylenedioxyphenyl)-heptadecanoic acid', ""7,4'-Dimethoxyflavone"", 'Sargaquinoic acid', 'Sargachromenol', ""7,4'-Dihydroxyflavone"", '19´-(3,4-Methylenedioxyphenyl)-nonadecanoic acid', 'Farnisine', '(+)-Guaiacin', '21´-(3,4-Methylenedioxyphenyl)-henicosanoic acid', 'Tithonine', 'Fasciculiferin', ""Juruenolic acid; 2-(4'-Methylpentenyl-3)-10-oxoundecan-2,6-dienoic acid"", 'Methyl 2,2-dimethyl-1-oxo-2H-1-benzopyran-6-carboxylate', ""Methyl taboganate; Methyl 4-hydroxy-3-(3'-methyl-1'-oxo-2'-butenyl)benzoate"", ""Methyl 4-hydroxy-3-(3'-methyl-2'-butenyl)benzoate"", ""4-Hydroxy-3-(3',7'-dimethylocta-2'-E-6'-dienyl)benzoic acid"", ""2',6'-Dihydroxy-4'-methoxydihydrochalcone"", '3,4,5-Trimethoxydihydrocinnamic acid', 'Piperaduncine B', ""Hostmaniene; 4-Hydroxy-3-(2',3'-dihydroxy-3'-methylbutyl)benzoate"", ""Aduncumene; Methyl 2-methoxy-5-(3'-methyl-1'-oxo-2'-butenyl)benzoate"", ""Methyl 4-hydroxy-3-(3'-methyl-2'-hydroxy-3'-butenyl)benzoate"", ""4-Hydroxy-(3',7'-dimethyl-1'-oxo-octa-2'-Z-6'-dienyl)benzoic acid"", 'Chlorogenic acid methyl ester, Methyl (1S,3R,4R,5R)-3-{[(2E)-3-(3,4-dihydroxyphenyl)-2-propenoyl]oxy}-1,4,5-trihydroxycyclohexanecarboxylate', '5,7-dimethoxy-2,2-dimethyl-2H-1-benzopyran-6-propanoate', '1,3,5-trihydroxy- 2,8-bis(3-methylbut-2-enyl)-10-methyl-9-acridone', 'Pyranofoline', '3,4-dihydro-3,5,8-trihydroxy-6-methoxy-2,2,7-trimethyl-2Hpyrano[ 2,3-a]acridin-12(7H)-one', '5-hydroxynoracronycine; Atalaphyllidine', 'Glycocitrine-I', 'Citrusinine-I', 'Glycocitrine-IV', 'Citrusinine-II', '1,3,5-trihydroxy-4-methoxy-10-methyl- 2,8-bis(3-methylbut-2-enyl)acridin-9(10H)-one', '6-Hydroxy-rutin', 'Kaempferol-3-O-α-L-rhamnopyranosyl-(1→6)-β-D-galactopyranoside', 'Kaempferol-3-O-rutinoside', 'Quercetin-3-O-α-L-rhamnopyranosyl-(1→6)-β-D-galactopyranoside', 'Kaempferol-3-O-D-galactopyranoside', 'Kaempferol-3-O-D-glucopyranoside', 'Procyanidin B-3', 'Catechin, Ent-catechin', 'Kaempferol-3-O-α-L-rhamnopyranosyl-(1-6)-α-L-rhamnopyranosyl-(1-4)-β-D-glucopyranoside', '(-)-3-O-acetyl-spectaline', '(+)-Erythravine', '(+)-α-Hydroxyerysotrine', '(+)-11α-Hydroxyerythravine', 'Taraxerol acetate', 'β-caryophyllene, trans-caryophyllene', ""3,4-dimethyl-2-(4'-hydroxy-3',5'-dimethoxyphenyl)-5-methoxy-tetrahydrofuran"", 'Nitensidine E', 'Nitensidine D', 'penduletin 4-O-methyl ether', '3,3-O-dimethylquercetin', '2α,3α,19α- trihydroxyurs-12-en-28-oic acid', '3-O-methylquercetin', 'acacetin', '2α,3α-dihydroxyolean-12- en-28-oic acid', 'p-hydroxybenzoic acid', 'Chrysoeriol', '3,7,4-O-trimethylkaempferol', 'Tagitinin C', '1-methoxy-3-hydroxy-3,10b-4,5a-diepoxy-8b-isobutyroyloxygermacr-11(13)-en-6a,12-olide', '5,7-dimethoxy-2,2-dimethyl-2H-1-benzopyran-6-propanoic acid', ""3',4',5',3,5,7,8-heptamethoxyflavone"", ""3,5,6,7,3',4',5'-heptamethoxyflavonol"", 'Stearic acid 4-pentoyloxyphenethyl ester', ""4-Hydroxy-3-(3',7'-dimethyl-3'-hydroxy-1'-oxo-6'-octenyl)benzoic acid"", ""1,4-Dihydroxy-2-(3',7'-dimethyl-1'-oxo-2'-E-6'-octadienyl)benzene"", ""Sakuranetin; 5,4'-dihydroxy-7-methoxyflavanone"", ""Isosakuranetin; 5,7-dihydroxy-4'-methoxyflavanone"", ""4-Hydroxy-(3',7'-dimethyl-1'-oxo-octa-2'-E-6'-dienyl)benzoic acid"", 'Aphidicolin', ""Isoswertisin-2''α1-L-rhamnoside"", 'Clusifoliol', ""Isoswertisin-4'-methyl-ether-2''α-L-rhamnoside"", '2-Episesalatin', 'Sesartemin', 'astilbin; Rel-(2R, 3R)-dihydroquercetin-3-O-±-L-rhamnoside', 'Beauvericin', 'Anhydrofusarubin', 'Methyl (3R,4R,5R)-3-{[(2Z)-3-(3,4-dihydroxyphenyl)-2-propenoyl]oxy}-1,4,5-trihydroxycyclohexanecarboxylate', 'Methyl (3R,4R,5R)-3-{[(2E)-3-(3,4-dihydroxyphenyl)-2-propenoyl]oxy}-1,4,5-trihydroxycyclohexanecarboxylate', 'Methacrylic acid', 'Deoxycordifoline', '3,4-dehydrostrictosidine acid', 'Harman-3-carboxylic acid', 'Turbinatine', '5α-carboxystrictosidine', '3,4-dehydro-strictosidine', 'Cordifoline', 'Strictosidine acid', 'Piscidinol A', 'Pentaol', 'cryptomeridiol', 'Iso-odoratol', '3,11-dioxoolean-12-en-28- onic acid', 'Oleanonic acid', 'Hispidol A', 'Nilocetin', '4-metoxi-6-[2-(metilamino)fenil]- 2H-piran-2-ona', '(22E,24R)-ergosta-4,6,8(14),22-tetraen-3-one', 'Dimethyl terephthalate', 'Pimara-7,15-dien-3β-ol', 'Ergosterol peroxide', '8-hydroxy-6-methoxy-3-methylisocoumarin', 'Cusculine; 1,2,3,5,6-pentamethoxy-9-acridone', 'Cuspanine; 1-hydroxy-2,3,5,6-tetramethoxy-9-acridone', '2α,3α-Dihydroxy-urs-12-en-28-oic acid', '3-O-β-D-(6’-methyl)-glucopyranosyl-28-O-β-D-glucopyranosyl-oleanate', 'Oleanolic acid 3-sophoroside', 'Haplotusine', 'β-Sitosterol benzoate', '5-hydroxyflavone', '2-phenyl-4H-chromen-4-one', 'Sinapyl 4-O-β-D-glucopyranoside aldehyde', 'Sinapyl 4-O-β-D-glucopyranoside alcohol', 'Liriodenine', 'N-acetylnonaine', '[10]-gingerol', ""2,4-Dihydroxy-6-[(1'E,3'E)-penta-1', 3'-dienyl]-benzaldehyde"", '2-methyl-5-[8(Z)-pentadecenyl]resorcinol', 'Kaempferol', '2-hydroxyphenylacetic acid', '3-O-β-D-quinovopyranosyl quinovic acid', '(4R)-4,8-dihydroxy-α-tetralone', 'scillascillin', 'Chlorogenic acid', 'Chalepin', 'Quercitrin, 3-O-α-rhamnosylquercetin', 'Caseobliquin A', 'Methyl angolensate', ""5-(3'' -Hydroxypropyl)-7-methoxy-2-(3',4' -methyl-enedioxyphenyl)benzofuran"", '22β-hydroxypristimerin', '1- (5,7-dihydroxy-2,2-dimethylchroman-6-yl)-3-(2,2-dimethylchroman- 6-yl)propan-1-one', '19,20-Epoxycytochalasin N', 'ellagic acid 4-O-α-L-rhamnopyranoside; eschweilenol C', 'Mayoside C', 'Ourateacatechin', ""3',4',5',5,7-pentamethoxyflavone"", '2-methyl-5-pentadecylresorcinol', '3β-hydroxy-stigmast-5-en-7-one; 24-β-7-oxositosterol', 'Gallic acid; 3,4,5-trihydroxybenzoic acid', 'Viburgenin', ""Pterogynoside; Kaempferol-3-O-(3''-O-4'''-methylgallate-α-L-rhamnoside)"", 'Isobutyl gallate', '7′-multijuguinone', 'Griseofulvin', ""7-Hydroxy-4',6-dimethoxyisoflavone; Afrormosin; Afromosin"", '8-methoxymellein', '(±)-Syringaresinol', '1-methyl-2-n-nonyl-4-quinolone', '5-[8(Z),11(Z),14-pentadecatrienyl]resorcinol', 'Kokusaginine', ""2-(2'-O-trans-caffeoyl)-C-β-D-glucopyranosyl-1,3,6,7-tetrahydroxyxanthone"", 'Netzahualcoyene', 'Casearin X Dialdehyde; (2R*,4aS*,5S*,7R*,8R*,8aS*)-4,4a-Diformyl-1,2,4a,5,6,7,8,8a-octahydro-5-hydroxy-7,8-dimethyl-8-[(2Z)-3-methylpenta-2,4-dien-1-yl]naphthalen-2-yl Butanoate', 'polypodine B', 'n-Propyl gallate', ""3',4',5',5,7,8-hexamethoxyflavone"", 'Isopropyl gallate', '6β-hydroxy-7-epigardoside methyl ester', 'Nitensidine A', ""8-hydroxy-3,5,7,3',4',5'-hexamethoxyflavonol"", 'Odoratol', 'Leptomerine', '5-hydroxy-N-methylseverifoline', 'Maculosidine', 'Podocarpusflavone A', 'Casearupestrin C', '6α-malonyloxy-n-butyl ester manoyl oxide', 'citrusinine-I', 'Ricinine', 'Leptophyllin A', '5-pentadecylresorcinol', 'Piperol B', '(-)-Hardwickiic acid', ""5-[3''-(β-D-glucopyranosyloxy)propyl]-7-methoxy-2-(3',4'-methylenedioxyphenyl)benzofuran"", '28-O-β-D-glucopyranosyl quinovic acid', '2,6-di-O-acetylcasearupestrin D', ""Methyl-2,2-dimethyl-8-(3'-methylbut-2'-enyl)chroman-6-carboxylate"", '2,7-Di-O-acetylcasearupestrin A', 'Nitensidine B', 'Dibenzyl trisulphide', 'Maytenin, Tingenone', '19,20-Epoxycytochalasin D', 'fumiquinozoline F', 'Kaempferol 3-O-α-L-rhamnopyranosyl (1→6)-O-[β -D-glucopyranosyl (1→3)-O-α-L-rhamnopyranosyl-(1→2)]-O-β -D-glucopyranosyl', '3β-O-[α-L-rhamnopyranosyl-(1→2)-O-β-D-glucopyranosyl-(1→2)-O-β-D-glucopyranosyl]-28-O-β-D-glucopyranoside pomolate', 'Dibenzyl tetrasulphide', ""2',5-dihydroxy-3-methoxy-8-dimethylallyl-6, 7-(2' ',2''-dimethylpyrano)-dihydroflavonol"", '2-n-nonyl-4-quinolone', 'Cytochalasin D', 'Isoorientin', 'Uracil', 'Tetrahydropiperyline, N-[10-(13,14-methylenedioxyphenyl)-pentanoyl]-pyrrolidine', 'Piperovatine', '2,4,6-trimethoxybenzoic acid', '1-O-(E)-caffeoyl-β-D-glucopyranoside', 'urauchimycin A', 'p-Coumaric acid', '(-)-Epigallocatechin', 'Netzahualcoyonol', '1-[3-(3,7-dimethylocta-2,6-dien-1-yl)-2,4,6- trihydroxyphenyl]-3-(4-hydroxyphenyl)propan-1-one', '6α-malonyloxymanoyl oxide', 'Benzylhydroxymethyl sulphide', '1,6-di-O-caffeoyl-β-D-glucopyranoside', '2-methyl-5-[8(Z),11(Z),14-pentadecatrienyl]resorcinol', 'urauchimycin B', 'Homoegonol', '[8]-gingerol', '4-Hydroxymellein', '5-hydroxymellein', '2-Methyl-4-hydroxy-butyl caffeoate', 'N-1,N-2,N-3-Triisopentenylguanidine', '3,4,5-trimethoxyphenyl 1-O-β-D-apiofuranosyl-(1→6)-O-β-D-glucopyranoside', 'fraxinellonone', 'Dibenzyl sulphide', '(-) Cis-4-hydroxy-6-deoxyscytalone', 'Plumericin', '5-[8(Z),11(Z)-pentadecadienyl]resorcinol', '(-)-Spectalinine', '20-hydroxyecdysone; polypodine A', '3-Acetyl aleuritolic acid', 'Alkenoic acid', 'Quercetin 3-O-α-L-rhamnopyranosyl (1→6)-O-[β -D-glucopyranosyl (1→3)-O-α-L-rhamnopyranosyl-(1→2)]-O-β -D-glucopyranosyl', 'Heveaflavone', 'Arboreumine', '3-Oxoursolic acid', 'Casearupestrin B', 'toonacilin', 'ω-fenil alcanoic acid', '2-butyl-D-fructofuranoside', 'Pedalitin', '1-O-(E)-feruloyl-β-D-glucopyranoside', '19,20-Epoxycytochalasin C', 'n-Pentyl gallate', 'Orcinol', 'Periconicin B', 'Phomopsilactone', ""(2S)-8-Isopentyl-2-methyl-2-(4'-methylpentyl)chroman-6-carboxylic acid"", '2,2-dimethyl-2H-chromene-6-carboxylic acid', '1,2-dihydro- 3β-hydroxy-7-deacetoxy-7-oxogedunin', 'Photogedunin', 'Casearin X; (1R*,3S*,5S*,6aR*,7S*,8S*,10R*,10aR*)-1-(Acetyloxy)-3,5,6,6a,7,8,9,10-octahydro-10-hydroxy-7,8-dimethyl-7-[(2Z)-3-methylpenta-2,4-dien-1-yl]naphtho[1,8a-c]furan-3,5-diyl Dibutanoate', 'Netzahualcoyondiol', 'Pristimerin; 20α-3-hydroxy-2-oxo-24-nor-friedela-1-10,3,5,7-tetraen-carboxylic acid-29-methylester', 'Isoplumericin', 'Skimmianine', 'p-hydroxybenzoic acid-geranyl ester', 'Dibenzyl disulphide', 'β-photogedunin', 'n-Butyl gallate', ""5-[3''-(β-D-glucopyranosyloxy)propyl]-7-methoxy-2-(3',4'-dimethoxyphenyl)benzofuran"", '3,12-Dihydroxycadalene', '7-hydroxy-3- (11-dimethylallyl)-8-methoxycoumarin', ""N-[7-(3',4'-methylenedioxyphenyl)-2(Z),4(Z)-heptadienoyl]pyrrolidine"", ""Acteoside; [β-3,4-dihydroxyphenyl)-ethyl]-(3'-O-α-L-rhamnopyranosyl)-(4'-O-cafeoyl)-β-D-glycopyranoside, verbascoside"", 'α-L-xylopyranosyl-(4""→20)-(3-O-β-D-glucopyranosyl)-1\'-O-E-caffeoyl-β-D-glucopyranoside', ""2-(R)-Methyl-6-(S)-(tetradecyl-13'-one)-3(R)-O-tert-butyldimethylsilyl-piperidine"", '(2S)-Methyl-2-methyl-8-(3""-methylbut-2""-enyl)-2-(4\'-methylpent-3\'-enyl)-2H-chromene-6-carboxylate', 'Casearin T', 'Piperyline, N-[10-(13,14-methylenedioxyphenyl)-7(E),9(E)-pentadienoyl]-pyrrolidine', 'Sinapic acid', '19,20-Epoxycytochalasin Q', '19,20-Epoxycytochalasin R', 'Muraxanthone', '3,4,5-Triacetoxybenzoic acid', ""Gaudichaudianic acid; (2S)-2-methyl-2-(4'methyl-3'-pentenyl)-8-(3''-methyl-2-butenyl)- 2H-1-benzopyran-6-carboxylic acid"", 'limonexic acid', 'Di(benzyltrithio) methane', '3,11,12-Trihydroxycadalene', 'Quercetin 3-O-sophoroside', '(3R,4R)-3,4-Dihydro-4,6-dihydroxy-3-methyl-1-oxo-1H-isochromene-5-carboxylic acid', '24-methylene-3,22-dihydroxycholesterol', 'amorphispironone', 'Casearupestrin D', 'Chaetoglobosin B', ""2-(2'-O-benzoyl)-C-β-D-glucopyranosyl-1,3,6,7-tetrahydroxyxanthone"", 'epoxy-fraxinellone', '12′-hydroxy-7′-multijuguinone', 'Kaempferitrin', 'Nitensidine C', 'Dipropyl disulphide', 'Proanthocyanidin', 'neoisoastilbin', '(R)-7-Hydroxymellein', '6α-acetoxymanoyl oxide', 'Methyl-8-hydroxy-2,2-dimethylchroman-6-carboxylate', 'N-[10-(13,14-methylenedioxyphenyl)-7(E),9(Z)-pentadienoyl]-pyrrolidine', '6-[8(Z)-pentadecenyl]salicylic acid', '(2S)-2-methyl-8-(3""-methylbut-2""-enyl)-2-(4\'-methylpent-3\'-enyl)-2H-chromene-6-carboxylic acid', 'Burchellin', '5-[8(Z)-pentadecenyl]resorcinol', 'Luteolin; 2-(3,4-dihydroxyphenyl)-5,7-dihydroxy-4H-chromen-4-one', 'Platydesmine', 'Leiokinine A', 'Cabraleadiol', 'schaftoside', ""(2S)-Methyl-8-isopentyl-2-methyl-2-(4'-methylpentyl)chroman-6-carboxylate"", 'Casearupestrin A', '2-oxo-piperol B; (7S*, 8R*, 1R*, 3R*)-3,4,5-trimethoxy-3,7-cyclo-8,1-neolig-8-ene-2,4(3H)-dione', 'Odoratone', 'Rel-6β-hydroxyzuelanin-2β-benzoate', 'shidasterone', '5-hydroxymethyl- 2-furancarboxaldehyde; 5-hydroxymethyl-2-furfuraldehyde', 'atalaphyllinine', 'N-[10- (13,14-methylenedioxyphenyl)-7(E)-pentaenoyl]-pyrrolidine', '2-Methyl-5-methoxy-benzopyran-4-one', '3,4-dihydroxybenzoic acid geranyl ester', '6α-acetoxy-14β,15β-epoxyazadirone', '3-O-β-D-quinovopyranosyl cincholic acid', 'Afzelin, 3-O-α-rhamnosyl kaempferol', 'Egonol', '4-Nerolidilcatechol', ""2-(2'-O-transcoumaroyl)-C-β-D-glucopyranosyl-1,3,6,7-tetrahydroxyxanthone"", 'Syringic acid', '(+)-3-O-feruloylcassine', '2-methyl-5-[8(Z),11(Z)-pentadecadienyl]resorcinol', 'Methyl 6,7,8-trimethoxydihydrocinnamate', '2-Hexyl-3-methyl-butanodioic acid', 'fraxinellone', '6-[ 8(Z),11(Z) -pentadecadienyl] salicylic acid', 'Gedunin', 'Pedalin, pedalitin 6-O-β -glucopyranoside', 'Caseargrewiin F; (1R*,3S*,5S*,6aR*,7S*,8R*,10R*,10aR*)-1,3-Bis(acetyloxy)-3,5,6,6a,7,8,9,10-octahydro-10-hydroxy-7,8-dimethyl-7-[(2Z)-3-methylpenta-2,4-dien-1-yl]naphtho[1,8a-c]furan-5-yl Butanoate', 'Casearin L; (1R*,3S*,5S*,6aR*,7R*,8R*,9S*,10S*,10aR*)-1,10-Bis(acetyloxy)-3,5,6,6a,7,8,9,10-octahydro-9-hydroxy-5-methoxy-7,8-dimethyl-7-[(2Z)-3-methylpenta-2,4-dien-1-yl]naphtho[1,8a-c]-furan-3-yl Butanoate', 'carlinoside', 'Methyl-8-(ethanoyloxy)-2,2-dimethyl-2H-chromene-6-carboxylate', 'Amentoflavone', '1-(5,7-dihydroxy-2,2-dimethylchroman-6-yl)-3-(1,1,4a-trimethyl-2,3,4,4a,9a-hexahydro-1H-xanthen-7-yl)propan-1-one', 'Methyl (E)-6,7,8-trimethoxycinnamate', '3,4,5-Trimethoxyphenyl-1-O-β-D-(5-O-syringoyl)-apiofuranosyl-(1→6)-β-D-glucopyranoside', '6-[8(Z),11(Z),14-pentadecatrienyl]salicylic acid', 'taxifolin', ""(2'S)-2-(propan-2'-ol)-5-hydroxy-benzopyran-4-one"", 'Rel-(+)-(7S,9R,10S)-3,9,12-trihydroxycalamenene', 'Casearin S', '11β-acetoxyobacunone', '1-(5,7-dihydroxy-2,2-dimethylchroman- 6-yl)-3-[4-hydroxy-3-(3-methylbut-2-en-1-yl)- phenyl]propan-1-one', '(3R,4R)-4,7-Dihydroxymellein', ""Nitensoside B; Pedalitin 6-O-α-rhamnopyranosyl(1'''→6'')-β-glucopyranoside"", 'Methyl gallate', 'Amentoflavone 7”,4”’-dimethyl ether', 'Picramnioside F', 'Lauryl gallate', 'Syringaldehyde', '22-hydroxytirucalla-7,24-diene-2,3-dione', 'Trans-3’-methylsulphonylallyl trans-cinnamate', '(3-(2-(4-hydroxyphenyl)-2-oxoethyl)-5,6-dihydropyridin- 2(1H)-one)', 'Mangiferin', 'Salacin', '6-pentadecylsalicylic acid', 'Methyl-2,2-dimethylchroman-6-carboxylate', ""Myrsinoic acid A, 3-Geranyl-4-hydroxy-5-(3'',3''-dimethylallyl)benzoic acid"", '20α-Hydroxymaytenin; 20-hydroxy-20-epi-tingenone', '(-)-Epigallocatechin-3-O-gallate', 'Casearin D; (1R*,3S*,5S*,6aR*,7R*,8R*,9S*,10S*,10aR*)-1-(Acetyloxy)-3,5,6,6a,7,8,9,10-octahydro-5,10-dihydroxy-7,8-dimethyl-7-[(2Z)-3-methylpenta-2,4-dien-1-yl]naphtho[1,8a-c]furan-3,9-diyl Dibutanoate', 'Rel. (+)-(7S,10S) 3,12-dihydroxycalamenene', 'Canavaline', 'Di-hydrodehydrodiconiferyl alcohol', 'Quercetin', ""2-(2'-O-trans-cinnamoyl)-C-β-D-glucopyranosyl-1,3,6,7-tetrahydroxyxanthone"", 'Ocotillone', 'des-N-methylnoracronycine', 'Sorbifolin 6-O-β-glucopyranoside', 'Rel-2α-hydroxyzuelanin-6β-benzoate', 'Sorbifolin', ""Nitensoside A; Sorbifolin 6-O-α-rhamnopyranosyl(1'''→6'')-β-glucopyranoside"", 'Casearin O; (1R*,3S*,5S*,6aR*,7R*,8R*,9S*,10S*,10aR*)-1,10-Bis(acetyloxy)-5-methoxy-7,8-dimethyl-7-[(2Z)-3-methylpenta-2,4-dien-1-yl]-3,5,6,6a,7,8,9,10-octahydronaphtho[1,8a-c]furan-3,9-diyl Dibutanoate', 'germacrene D', '2β-Hydroxyzuelanin-6β-cinnamate', 'arjunolic acid', 'stachysterone', 'Ethyl 2,4-dihydroxy-5,6-dimethylbenzoate', 'Cyclo-(L-Pro-L-Val)', 'Acetonide of odoratol', '(−)-Grandisin', '24-methylenecycloartan-3b-ol', 'Ixoside', 'Cognatine', 'Fagaramide']]",doi_name
"['10.1021/jf100233y', 'Lauryl gallate']","['10.1021/jf100233y', ['guaiol', 'Hinesol', 'γ-eudesmol', 'α-eudesmol', 'Chlorogenic acid methyl ester, Methyl (1S,3R,4R,5R)-3-{[(2E)-3-(3,4-dihydroxyphenyl)-2-propenoyl]oxy}-1,4,5-trihydroxycyclohexanecarboxylate', 'Galioside aglicone', '11-O-trans-feruloylteucrein', 'Teucrein', 'Galioside', 'Apodanthoside', 'Nilocetin', 'Hispidol A', '3,11-dioxoolean-12-en-28- onic acid', 'Iso-odoratol', 'cryptomeridiol', 'Piscidinol A', 'Oleanonic acid', 'Pentaol', '5,7-dimethoxy-2,2-dimethyl-2H-1-benzopyran-6-propanoate', '2α,3α,19α- trihydroxyurs-12-en-28-oic acid', 'penduletin 4-O-methyl ether', '3,3-O-dimethylquercetin', '3-O-methylquercetin', '3,7,4-O-trimethylkaempferol', 'acacetin', 'Chrysoeriol', '2α,3α-dihydroxyolean-12- en-28-oic acid', 'p-hydroxybenzoic acid', '2,3-dihydro-4,9-dihydroxy-2-(2-hydroxy-propan-2-yl)- 11-methoxy-10-methylfuro[3,2-b]acridin-5(10H)-one', 'Citibrasine', 'bis-5-hydroxyacronycine', '9-hydroxyeugenin', 'Mycoleptone A', 'Mycoleptone A tetraacetate', '6-methoxyeugenin', 'Eugenitin', 'Mycoleptone B', 'Austdiol diacetate', 'Austdiol', '(-)-3-O-acetyl-spectaline', 'Methyl (3R,4R,5R)-3-{[(2Z)-3-(3,4-dihydroxyphenyl)-2-propenoyl]oxy}-1,4,5-trihydroxycyclohexanecarboxylate', 'Methyl (3R,4R,5R)-3-{[(2E)-3-(3,4-dihydroxyphenyl)-2-propenoyl]oxy}-1,4,5-trihydroxycyclohexanecarboxylate', 'Beauvericin', 'Anhydrofusarubin', 'Aphidicolin', 'astilbin; Rel-(2R, 3R)-dihydroquercetin-3-O-±-L-rhamnoside', 'Stearic acid 4-pentoyloxyphenethyl ester', 'cyclo (L)-Pro-Gly', 'Taraxerol acetate', ""4-Methoxy-3-(3',7'-dimethylocta-2'-E-6'-dienyl)benzoic acid"", ""3-(3',7 '-dimethyl-2',6 '-octadienyl)-4-methoxy-benzoic acid"", 'Methyl-8-hydroxy-2,2-dimethyl-2H-chromene-6-carboxylate', 'Xanthyletin', '21β,25-dimethylmelianodiol', '21α,25-dimethylmelianodiol', '3,21-Di-epi-feroniellide B', ""4-Hydroxy-(3',7'-dimethyl-1'-oxo-octa-2'-Z-6'-dienyl)benzoic acid"", ""Methyl 4-hydroxy-3-(3'-methyl-2'-hydroxy-3'-butenyl)benzoate"", ""Aduncumene; Methyl 2-methoxy-5-(3'-methyl-1'-oxo-2'-butenyl)benzoate"", 'Piperaduncine B', ""Methyl taboganate; Methyl 4-hydroxy-3-(3'-methyl-1'-oxo-2'-butenyl)benzoate"", ""Methyl 4-hydroxy-3-(3'-methyl-2'-butenyl)benzoate"", ""2',6'-Dihydroxy-4'-methoxydihydrochalcone"", 'Methyl 2,2-dimethyl-1-oxo-2H-1-benzopyran-6-carboxylate', ""4-Hydroxy-3-(3',7'-dimethylocta-2'-E-6'-dienyl)benzoic acid"", ""Hostmaniene; 4-Hydroxy-3-(2',3'-dihydroxy-3'-methylbutyl)benzoate"", '3,4,5-Trimethoxydihydrocinnamic acid', '21´-(3,4-Methylenedioxyphenyl)-henicosanoic acid', 'Sargaquinoic acid', 'Farnisine', ""7,4'-Dimethoxyflavone"", '(+)-Guaiacin', ""7,4'-Dihydroxyflavone"", '19´-(3,4-Methylenedioxyphenyl)-nonadecanoic acid', 'Sargachromenol', '17-(3,4-Methylenedioxyphenyl)-heptadecanoic acid', 'Fasciculiferin', ""Juruenolic acid; 2-(4'-Methylpentenyl-3)-10-oxoundecan-2,6-dienoic acid"", 'Tithonine', ""Isoswertisin-2''α1-L-rhamnoside"", '2-Episesalatin', 'Sesartemin', ""Isoswertisin-4'-methyl-ether-2''α-L-rhamnoside"", 'Clusifoliol', '5-hydroxynoracronycine; Atalaphyllidine', '1,3,5-trihydroxy-4-methoxy-10-methyl- 2,8-bis(3-methylbut-2-enyl)acridin-9(10H)-one', 'Pyranofoline', 'Glycocitrine-I', 'Citrusinine-I', 'Glycocitrine-IV', '3,4-dihydro-3,5,8-trihydroxy-6-methoxy-2,2,7-trimethyl-2Hpyrano[ 2,3-a]acridin-12(7H)-one', 'Citrusinine-II', '1,3,5-trihydroxy- 2,8-bis(3-methylbut-2-enyl)-10-methyl-9-acridone', ""3',4'-methylenedioxy-5,5',6,7-tetramethoxyflavone"", ""2'-hydroxy-3,4,4'-trimethoxy-5',6'-(2'',2''-dimethylpyrano)-chalcone"", ""3',4'-methylenedioxy-5,6,7- trimethoxyflavone"", ""3',4'-methylenedioxy-5,7-dimethoxyflavone"", '7-Methoxydiderroside', ""6'-Acetyl-β-D-glucopyranosyldiderroside"", 'Diderroside', 'Secoxyloganin', ""4-Hydroxy-(3',7'-dimethyl-1'-oxo-octa-2'-E-6'-dienyl)benzoic acid"", ""Isosakuranetin; 5,7-dihydroxy-4'-methoxyflavanone"", ""4-Hydroxy-3-(3',7'-dimethyl-3'-hydroxy-1'-oxo-6'-octenyl)benzoic acid"", ""Sakuranetin; 5,4'-dihydroxy-7-methoxyflavanone"", ""1,4-Dihydroxy-2-(3',7'-dimethyl-1'-oxo-2'-E-6'-octadienyl)benzene"", '(+)-α-Hydroxyerysotrine', '(+)-Erythravine', '(+)-11α-Hydroxyerythravine', ""3,4-dimethyl-2-(4'-hydroxy-3',5'-dimethoxyphenyl)-5-methoxy-tetrahydrofuran"", '7-Methyl-sargachromenol; 2,7,8-Trimethyl-2-[(3-E,7-Z)-4,12-dimethyl-8-carboxyl-3,7,11-tridecatrienyl]-3-chromen-6-ol, β-caroteno', 'Nectandrin B', 'Epi-guaiacin', 'Verrucosin', 'Pimara-7,15-dien-3β-ol', '8-hydroxy-6-methoxy-3-methylisocoumarin', 'Dimethyl terephthalate', 'Ergosterol peroxide', '(22E,24R)-ergosta-4,6,8(14),22-tetraen-3-one', '2-n-Propylquinoline', ""2-(3',4'-methylenedioxyphenylethyl)-Quinoline"", ""2-(1'-pentenyl)-Quinoline"", '2-n-Pentylquinoline', '3,4-dehydrostrictosidine acid', 'Cordifoline', 'Turbinatine', '3,4-dehydro-strictosidine', 'Harman-3-carboxylic acid', 'Strictosidine acid', '5α-carboxystrictosidine', 'Deoxycordifoline', ""Rel-(7R,8S,7'S,8'S)-4,5,4',5'-dimethylenedioxy-3,3'-dimethoxy-7,7'-epoxylignan"", ""Rel-(7R,8S,7'S,8'S)-4'-hydroxy-3,4,5,3',5'-pentamethoxy-7,7'-epoxylignan"", ""Rel-(7R,8S,7'S,8'S)-4-hydroxy-4',5'-methylenedioxy-3,5,3'-trimethoxy-7,7'-epoxylignan"", ""Rel-(7R,8S,7'S,8'S)-9-hydroxy-4',5'-methylenedioxy-3,4,5,3'-tetramethoxy-7,7'-epoxylignan"", ""Rel-(7R,8S,7'S,8'S)-4',5'-methylenedioxy-3,4,5,3'-tetramethoxy-7,7'-epoxylignan"", 'Nitensidine D', 'Nitensidine E', 'Isopimpinellin', '1-methoxy-3-hydroxy-3,10b-4,5a-diepoxy-8b-isobutyroyloxygermacr-11(13)-en-6a,12-olide', 'Tagitinin C', '4-metoxi-6-[2-(metilamino)fenil]- 2H-piran-2-ona', '5,7-dimethoxy-2,2-dimethyl-2H-1-benzopyran-6-propanoic acid', ""3,5,6,7,3',4',5'-heptamethoxyflavonol"", ""3',4',5',3,5,7,8-heptamethoxyflavone"", 'β-Gardiol', 'α-Gardiol', 'Ferulic acid', 'Catechin, Ent-catechin', 'Quercetin-3-O-α-L-rhamnopyranosyl-(1→6)-β-D-galactopyranoside', 'Kaempferol-3-O-α-L-rhamnopyranosyl-(1→6)-β-D-galactopyranoside', 'Kaempferol-3-O-rutinoside', 'Kaempferol-3-O-D-glucopyranoside', 'Procyanidin B-3', 'Kaempferol-3-O-α-L-rhamnopyranosyl-(1-6)-α-L-rhamnopyranosyl-(1-4)-β-D-glucopyranoside', '6-Hydroxy-rutin', 'Kaempferol-3-O-D-galactopyranoside', 'Methacrylic acid', 'β-caryophyllene, trans-caryophyllene', '(3Z,5Z)-N-isobutyl-8-(30,40-methylenedioxy-phenyl)-heptadienamide', 'Pellitorine', ""N-[3-(6'-methoxy-3',4'-methy-lenedioxyphenyl)-2(Z)-propenoyl]pyrrolidine"", '(Z)-piplartine; 8(Z)-N-(12,13, 14-trimethoxycinnamoyl)- 3-pyridin-2-one', '10,11-dihydropiperine; Δα,β-dihydropiperine', '4,5-dihydropiperlonguminine; Piperlonguminine', 'Piperine', '8,9-dihydropiplartine; N-(12,13,14-trimethoxydihydrocinnamoyl)-Δ3-pyridin-2-one', '4,5-dihydropiperyline', '(E)-piplartine', 'Cusculine; 1,2,3,5,6-pentamethoxy-9-acridone', 'Cuspanine; 1-hydroxy-2,3,5,6-tetramethoxy-9-acridone', '2α,3α-Dihydroxy-urs-12-en-28-oic acid', '3-O-β-D-(6’-methyl)-glucopyranosyl-28-O-β-D-glucopyranosyl-oleanate', 'Oleanolic acid 3-sophoroside', 'Haplotusine', 'β-Sitosterol benzoate', '2-phenyl-4H-chromen-4-one', '5-hydroxyflavone', 'Sinapyl 4-O-β-D-glucopyranoside aldehyde', 'Sinapyl 4-O-β-D-glucopyranoside alcohol', 'N-acetylnonaine', 'Liriodenine', '[10]-gingerol', ""2,4-Dihydroxy-6-[(1'E,3'E)-penta-1', 3'-dienyl]-benzaldehyde"", 'Nitensidine A', '2-methyl-5-[8(Z)-pentadecenyl]resorcinol', '2-hydroxyphenylacetic acid', '3-O-β-D-quinovopyranosyl quinovic acid', ""8-hydroxy-3,5,7,3',4',5'-hexamethoxyflavonol"", 'Kaempferol', '(4R)-4,8-dihydroxy-α-tetralone', 'Chlorogenic acid', 'Odoratol', 'Netzahualcoyene', 'Casearin X Dialdehyde; (2R*,4aS*,5S*,7R*,8R*,8aS*)-4,4a-Diformyl-1,2,4a,5,6,7,8,8a-octahydro-5-hydroxy-7,8-dimethyl-8-[(2Z)-3-methylpenta-2,4-dien-1-yl]naphthalen-2-yl Butanoate', 'polypodine B', 'n-Propyl gallate', ""3',4',5',5,7,8-hexamethoxyflavone"", '5-hydroxy-N-methylseverifoline', '19,20-Epoxycytochalasin N', 'ellagic acid 4-O-α-L-rhamnopyranoside; eschweilenol C', 'Mayoside C', 'Ourateacatechin', ""3',4',5',5,7-pentamethoxyflavone"", '2-methyl-5-pentadecylresorcinol', '3β-hydroxy-stigmast-5-en-7-one; 24-β-7-oxositosterol', 'scillascillin', ""2-(2'-O-trans-caffeoyl)-C-β-D-glucopyranosyl-1,3,6,7-tetrahydroxyxanthone"", '7′-multijuguinone', 'Griseofulvin', ""7-Hydroxy-4',6-dimethoxyisoflavone; Afrormosin; Afromosin"", '8-methoxymellein', '(±)-Syringaresinol', 'Cyclo-(L-Pro-L-Val)', 'Plumericin', 'Maytenin, Tingenone', 'urauchimycin B', 'Ocotillone', 'des-N-methylnoracronycine', 'Sorbifolin 6-O-β-glucopyranoside', 'Rel-2α-hydroxyzuelanin-6β-benzoate', '2,6-di-O-acetylcasearupestrin D', ""Methyl-2,2-dimethyl-8-(3'-methylbut-2'-enyl)chroman-6-carboxylate"", '2,7-Di-O-acetylcasearupestrin A', 'Nitensidine B', '1-methyl-2-n-nonyl-4-quinolone', '5-[8(Z),11(Z),14-pentadecatrienyl]resorcinol', 'Gallic acid; 3,4,5-trihydroxybenzoic acid', 'Chalepin', 'Leptomerine', 'Isoorientin', 'Maculosidine', 'Podocarpusflavone A', 'Casearupestrin C', '6α-malonyloxy-n-butyl ester manoyl oxide', 'citrusinine-I', 'Ricinine', 'Leptophyllin A', '5-pentadecylresorcinol', 'Homoegonol', '[8]-gingerol', '4-Hydroxymellein', '5-hydroxymellein', 'fraxinellonone', 'Dibenzyl sulphide', '(-) Cis-4-hydroxy-6-deoxyscytalone', '1,6-di-O-caffeoyl-β-D-glucopyranoside', '2-methyl-5-[8(Z),11(Z),14-pentadecatrienyl]resorcinol', 'Pristimerin; 20α-3-hydroxy-2-oxo-24-nor-friedela-1-10,3,5,7-tetraen-carboxylic acid-29-methylester', '3,4,5-trimethoxyphenyl 1-O-β-D-apiofuranosyl-(1→6)-O-β-D-glucopyranoside', 'β-photogedunin', '5-[8(Z),11(Z)-pentadecadienyl]resorcinol', '(-)-Spectalinine', 'Netzahualcoyondiol', '19,20-Epoxycytochalasin D', 'fumiquinozoline F', 'Kaempferol 3-O-α-L-rhamnopyranosyl (1→6)-O-[β -D-glucopyranosyl (1→3)-O-α-L-rhamnopyranosyl-(1→2)]-O-β -D-glucopyranosyl', '3β-O-[α-L-rhamnopyranosyl-(1→2)-O-β-D-glucopyranosyl-(1→2)-O-β-D-glucopyranosyl]-28-O-β-D-glucopyranoside pomolate', 'Dibenzyl tetrasulphide', ""2',5-dihydroxy-3-methoxy-8-dimethylallyl-6, 7-(2' ',2''-dimethylpyrano)-dihydroflavonol"", '2-n-nonyl-4-quinolone', 'Cytochalasin D', ""2-(2'-O-trans-cinnamoyl)-C-β-D-glucopyranosyl-1,3,6,7-tetrahydroxyxanthone"", 'Kokusaginine', 'Piperol B', '(-)-Hardwickiic acid', ""5-[3''-(β-D-glucopyranosyloxy)propyl]-7-methoxy-2-(3',4'-methylenedioxyphenyl)benzofuran"", '28-O-β-D-glucopyranosyl quinovic acid', '2-Methyl-4-hydroxy-butyl caffeoate', 'N-1,N-2,N-3-Triisopentenylguanidine', 'Dibenzyl trisulphide', 'urauchimycin A', 'p-Coumaric acid', '(-)-Epigallocatechin', 'Netzahualcoyonol', '1-[3-(3,7-dimethylocta-2,6-dien-1-yl)-2,4,6- trihydroxyphenyl]-3-(4-hydroxyphenyl)propan-1-one', '6α-malonyloxymanoyl oxide', 'Benzylhydroxymethyl sulphide', ""N-[7-(3',4'-methylenedioxyphenyl)-2(Z),4(Z)-heptadienoyl]pyrrolidine"", ""Acteoside; [β-3,4-dihydroxyphenyl)-ethyl]-(3'-O-α-L-rhamnopyranosyl)-(4'-O-cafeoyl)-β-D-glycopyranoside, verbascoside"", '20-hydroxyecdysone; polypodine A', '3-Acetyl aleuritolic acid', 'Alkenoic acid', 'Quercetin 3-O-α-L-rhamnopyranosyl (1→6)-O-[β -D-glucopyranosyl (1→3)-O-α-L-rhamnopyranosyl-(1→2)]-O-β -D-glucopyranosyl', 'Heveaflavone', 'Arboreumine', '3-Oxoursolic acid', 'Casearupestrin B', ""5-(3'' -Hydroxypropyl)-7-methoxy-2-(3',4' -methyl-enedioxyphenyl)benzofuran"", '22β-hydroxypristimerin', '1- (5,7-dihydroxy-2,2-dimethylchroman-6-yl)-3-(2,2-dimethylchroman- 6-yl)propan-1-one', 'Canavaline', 'Di-hydrodehydrodiconiferyl alcohol', 'Quercetin', '19,20-Epoxycytochalasin C', 'n-Pentyl gallate', 'Orcinol', 'Periconicin B', 'Phomopsilactone', ""(2S)-8-Isopentyl-2-methyl-2-(4'-methylpentyl)chroman-6-carboxylic acid"", '2,2-dimethyl-2H-chromene-6-carboxylic acid', '1,2-dihydro- 3β-hydroxy-7-deacetoxy-7-oxogedunin', 'Photogedunin', 'Casearin X; (1R*,3S*,5S*,6aR*,7S*,8S*,10R*,10aR*)-1-(Acetyloxy)-3,5,6,6a,7,8,9,10-octahydro-10-hydroxy-7,8-dimethyl-7-[(2Z)-3-methylpenta-2,4-dien-1-yl]naphtho[1,8a-c]furan-3,5-diyl Dibutanoate', ""2-(R)-Methyl-6-(S)-(tetradecyl-13'-one)-3(R)-O-tert-butyldimethylsilyl-piperidine"", '(2S)-Methyl-2-methyl-8-(3""-methylbut-2""-enyl)-2-(4\'-methylpent-3\'-enyl)-2H-chromene-6-carboxylate', 'n-Butyl gallate', ""5-[3''-(β-D-glucopyranosyloxy)propyl]-7-methoxy-2-(3',4'-dimethoxyphenyl)benzofuran"", '3,12-Dihydroxycadalene', '7-hydroxy-3- (11-dimethylallyl)-8-methoxycoumarin', 'Casearin T', 'Piperyline, N-[10-(13,14-methylenedioxyphenyl)-7(E),9(E)-pentadienoyl]-pyrrolidine', 'ω-fenil alcanoic acid', '2-butyl-D-fructofuranoside', ""Gaudichaudianic acid; (2S)-2-methyl-2-(4'methyl-3'-pentenyl)-8-(3''-methyl-2-butenyl)- 2H-1-benzopyran-6-carboxylic acid"", 'limonexic acid', 'Pedalitin', 'Skimmianine', 'p-hydroxybenzoic acid-geranyl ester', 'Dibenzyl disulphide', 'Proanthocyanidin', 'neoisoastilbin', '(R)-7-Hydroxymellein', 'toonacilin', 'Uracil', '1-O-(E)-feruloyl-β-D-glucopyranoside', 'Methyl 6,7,8-trimethoxydihydrocinnamate', '6α-acetoxymanoyl oxide', 'Methyl-8-hydroxy-2,2-dimethylchroman-6-carboxylate', '6α-acetoxy-14β,15β-epoxyazadirone', 'Di(benzyltrithio) methane', '3,11,12-Trihydroxycadalene', 'Quercetin 3-O-sophoroside', '(3R,4R)-3,4-Dihydro-4,6-dihydroxy-3-methyl-1-oxo-1H-isochromene-5-carboxylic acid', '24-methylene-3,22-dihydroxycholesterol', 'amorphispironone', 'Casearupestrin D', 'Chaetoglobosin B', ""2-(2'-O-benzoyl)-C-β-D-glucopyranosyl-1,3,6,7-tetrahydroxyxanthone"", 'Isoplumericin', 'α-L-xylopyranosyl-(4""→20)-(3-O-β-D-glucopyranosyl)-1\'-O-E-caffeoyl-β-D-glucopyranoside', '6-[8(Z)-pentadecenyl]salicylic acid', 'Gedunin', 'Pedalin, pedalitin 6-O-β -glucopyranoside', '(2S)-2-methyl-8-(3""-methylbut-2""-enyl)-2-(4\'-methylpent-3\'-enyl)-2H-chromene-6-carboxylic acid', 'Burchellin', '5-[8(Z)-pentadecenyl]resorcinol', 'Luteolin; 2-(3,4-dihydroxyphenyl)-5,7-dihydroxy-4H-chromen-4-one', 'Sinapic acid', '19,20-Epoxycytochalasin Q', '19,20-Epoxycytochalasin R', 'Muraxanthone', 'epoxy-fraxinellone', '12′-hydroxy-7′-multijuguinone', 'Kaempferitrin', 'Nitensidine C', 'Dipropyl disulphide', '2-methyl-5-[8(Z),11(Z)-pentadecadienyl]resorcinol', 'taxifolin', ""(2'S)-2-(propan-2'-ol)-5-hydroxy-benzopyran-4-one"", 'Rel-(+)-(7S,9R,10S)-3,9,12-trihydroxycalamenene', 'Casearin S', '2-Hexyl-3-methyl-butanodioic acid', 'fraxinellone', '6-[ 8(Z),11(Z) -pentadecadienyl] salicylic acid', 'Odoratone', 'Rel-6β-hydroxyzuelanin-2β-benzoate', 'shidasterone', '5-hydroxymethyl- 2-furancarboxaldehyde; 5-hydroxymethyl-2-furfuraldehyde', 'atalaphyllinine', 'N-[10- (13,14-methylenedioxyphenyl)-7(E)-pentaenoyl]-pyrrolidine', '2-Methyl-5-methoxy-benzopyran-4-one', '3,4-dihydroxybenzoic acid geranyl ester', 'N-[10-(13,14-methylenedioxyphenyl)-7(E),9(Z)-pentadienoyl]-pyrrolidine', ""2-(2'-O-transcoumaroyl)-C-β-D-glucopyranosyl-1,3,6,7-tetrahydroxyxanthone"", 'Syringic acid', '(+)-3-O-feruloylcassine', '1-(5,7-dihydroxy-2,2-dimethylchroman-6-yl)-3-(1,1,4a-trimethyl-2,3,4,4a,9a-hexahydro-1H-xanthen-7-yl)propan-1-one', 'Methyl (E)-6,7,8-trimethoxycinnamate', '3,4,5-Trimethoxyphenyl-1-O-β-D-(5-O-syringoyl)-apiofuranosyl-(1→6)-β-D-glucopyranoside', 'Caseargrewiin F; (1R*,3S*,5S*,6aR*,7S*,8R*,10R*,10aR*)-1,3-Bis(acetyloxy)-3,5,6,6a,7,8,9,10-octahydro-10-hydroxy-7,8-dimethyl-7-[(2Z)-3-methylpenta-2,4-dien-1-yl]naphtho[1,8a-c]furan-5-yl Butanoate', 'Casearin L; (1R*,3S*,5S*,6aR*,7R*,8R*,9S*,10S*,10aR*)-1,10-Bis(acetyloxy)-3,5,6,6a,7,8,9,10-octahydro-9-hydroxy-5-methoxy-7,8-dimethyl-7-[(2Z)-3-methylpenta-2,4-dien-1-yl]naphtho[1,8a-c]-furan-3-yl Butanoate', 'Platydesmine', 'Leiokinine A', 'Cabraleadiol', 'schaftoside', ""(2S)-Methyl-8-isopentyl-2-methyl-2-(4'-methylpentyl)chroman-6-carboxylate"", '3,4,5-Triacetoxybenzoic acid', 'Casearupestrin A', '2-oxo-piperol B; (7S*, 8R*, 1R*, 3R*)-3,4,5-trimethoxy-3,7-cyclo-8,1-neolig-8-ene-2,4(3H)-dione', '20α-Hydroxymaytenin; 20-hydroxy-20-epi-tingenone', '(-)-Epigallocatechin-3-O-gallate', 'Casearin D; (1R*,3S*,5S*,6aR*,7R*,8R*,9S*,10S*,10aR*)-1-(Acetyloxy)-3,5,6,6a,7,8,9,10-octahydro-5,10-dihydroxy-7,8-dimethyl-7-[(2Z)-3-methylpenta-2,4-dien-1-yl]naphtho[1,8a-c]furan-3,9-diyl Dibutanoate', 'Rel. (+)-(7S,10S) 3,12-dihydroxycalamenene', 'carlinoside', 'Methyl-8-(ethanoyloxy)-2,2-dimethyl-2H-chromene-6-carboxylate', '11β-acetoxyobacunone', '1-(5,7-dihydroxy-2,2-dimethylchroman- 6-yl)-3-[4-hydroxy-3-(3-methylbut-2-en-1-yl)- phenyl]propan-1-one', '(3R,4R)-4,7-Dihydroxymellein', ""Nitensoside B; Pedalitin 6-O-α-rhamnopyranosyl(1'''→6'')-β-glucopyranoside"", 'Amentoflavone', 'Methyl gallate', '3-O-β-D-quinovopyranosyl cincholic acid', 'Afzelin, 3-O-α-rhamnosyl kaempferol', 'Egonol', '4-Nerolidilcatechol', '22-hydroxytirucalla-7,24-diene-2,3-dione', 'Trans-3’-methylsulphonylallyl trans-cinnamate', '(3-(2-(4-hydroxyphenyl)-2-oxoethyl)-5,6-dihydropyridin- 2(1H)-one)', 'Mangiferin', 'Salacin', 'Viburgenin', ""Pterogynoside; Kaempferol-3-O-(3''-O-4'''-methylgallate-α-L-rhamnoside)"", 'Isobutyl gallate', '6-[8(Z),11(Z),14-pentadecatrienyl]salicylic acid', 'Sorbifolin', ""Nitensoside A; Sorbifolin 6-O-α-rhamnopyranosyl(1'''→6'')-β-glucopyranoside"", 'Casearin O; (1R*,3S*,5S*,6aR*,7R*,8R*,9S*,10S*,10aR*)-1,10-Bis(acetyloxy)-5-methoxy-7,8-dimethyl-7-[(2Z)-3-methylpenta-2,4-dien-1-yl]-3,5,6,6a,7,8,9,10-octahydronaphtho[1,8a-c]furan-3,9-diyl Dibutanoate', 'germacrene D', '6-pentadecylsalicylic acid', 'Methyl-2,2-dimethylchroman-6-carboxylate', ""Myrsinoic acid A, 3-Geranyl-4-hydroxy-5-(3'',3''-dimethylallyl)benzoic acid"", 'Isopropyl gallate', '6β-hydroxy-7-epigardoside methyl ester', 'Tetrahydropiperyline, N-[10-(13,14-methylenedioxyphenyl)-pentanoyl]-pyrrolidine', 'Piperovatine', '2,4,6-trimethoxybenzoic acid', '1-O-(E)-caffeoyl-β-D-glucopyranoside', 'Quercitrin, 3-O-α-rhamnosylquercetin', 'Caseobliquin A', 'Methyl angolensate', 'arjunolic acid', 'stachysterone', 'Ethyl 2,4-dihydroxy-5,6-dimethylbenzoate', 'Amentoflavone 7”,4”’-dimethyl ether', 'Picramnioside F', 'Lauryl gallate', 'Syringaldehyde', 'Acetonide of odoratol', '(−)-Grandisin', '24-methylenecycloartan-3b-ol', 'Ixoside', '2β-Hydroxyzuelanin-6β-cinnamate', 'Cognatine', 'Fagaramide']]",doi_name
"['10.1590/S0100-40422005000400009', '3-O-β-D-quinovopyranosyl cincholic acid']","['10.1590/S0100-40422005000400009', ['β-Sitosterol benzoate', '5-hydroxyflavone', '2-phenyl-4H-chromen-4-one', 'Haplotusine', '2α,3α-Dihydroxy-urs-12-en-28-oic acid', 'Oleanolic acid 3-sophoroside', '3-O-β-D-(6’-methyl)-glucopyranosyl-28-O-β-D-glucopyranosyl-oleanate', 'Sinapyl 4-O-β-D-glucopyranoside aldehyde', 'Sinapyl 4-O-β-D-glucopyranoside alcohol', 'Liriodenine', 'N-acetylnonaine', 'Hinesol', 'γ-eudesmol', 'guaiol', 'α-eudesmol', 'Teucrein', '11-O-trans-feruloylteucrein', 'Apodanthoside', 'Galioside', 'Galioside aglicone', ""3',4',5',3,5,7,8-heptamethoxyflavone"", ""3,5,6,7,3',4',5'-heptamethoxyflavonol"", 'Quercetin-3-O-α-L-rhamnopyranosyl-(1→6)-β-D-galactopyranoside', '6-Hydroxy-rutin', 'Kaempferol-3-O-D-glucopyranoside', 'Kaempferol-3-O-α-L-rhamnopyranosyl-(1-6)-α-L-rhamnopyranosyl-(1-4)-β-D-glucopyranoside', 'Kaempferol-3-O-D-galactopyranoside', 'Procyanidin B-3', 'Kaempferol-3-O-α-L-rhamnopyranosyl-(1→6)-β-D-galactopyranoside', 'Catechin, Ent-catechin', 'Kaempferol-3-O-rutinoside', '5,7-dimethoxy-2,2-dimethyl-2H-1-benzopyran-6-propanoic acid', 'Beauvericin', 'Anhydrofusarubin', 'Methacrylic acid', '7-Methoxydiderroside', ""6'-Acetyl-β-D-glucopyranosyldiderroside"", 'Diderroside', 'Secoxyloganin', 'Chlorogenic acid methyl ester, Methyl (1S,3R,4R,5R)-3-{[(2E)-3-(3,4-dihydroxyphenyl)-2-propenoyl]oxy}-1,4,5-trihydroxycyclohexanecarboxylate', ""Isoswertisin-4'-methyl-ether-2''α-L-rhamnoside"", '2-Episesalatin', 'Clusifoliol', ""Isoswertisin-2''α1-L-rhamnoside"", 'Sesartemin', '17-(3,4-Methylenedioxyphenyl)-heptadecanoic acid', 'Sargaquinoic acid', '19´-(3,4-Methylenedioxyphenyl)-nonadecanoic acid', ""7,4'-Dimethoxyflavone"", '21´-(3,4-Methylenedioxyphenyl)-henicosanoic acid', '(+)-Guaiacin', ""7,4'-Dihydroxyflavone"", 'Farnisine', 'Sargachromenol', 'Fasciculiferin', 'Tithonine', ""Juruenolic acid; 2-(4'-Methylpentenyl-3)-10-oxoundecan-2,6-dienoic acid"", '5,7-dimethoxy-2,2-dimethyl-2H-1-benzopyran-6-propanoate', 'Taraxerol acetate', 'Isopimpinellin', 'Methyl (3R,4R,5R)-3-{[(2E)-3-(3,4-dihydroxyphenyl)-2-propenoyl]oxy}-1,4,5-trihydroxycyclohexanecarboxylate', 'Methyl (3R,4R,5R)-3-{[(2Z)-3-(3,4-dihydroxyphenyl)-2-propenoyl]oxy}-1,4,5-trihydroxycyclohexanecarboxylate', ""2-(1'-pentenyl)-Quinoline"", '2-n-Propylquinoline', ""2-(3',4'-methylenedioxyphenylethyl)-Quinoline"", '2-n-Pentylquinoline', 'cyclo (L)-Pro-Gly', ""Isosakuranetin; 5,7-dihydroxy-4'-methoxyflavanone"", ""Sakuranetin; 5,4'-dihydroxy-7-methoxyflavanone"", ""4-Hydroxy-(3',7'-dimethyl-1'-oxo-octa-2'-E-6'-dienyl)benzoic acid"", ""1,4-Dihydroxy-2-(3',7'-dimethyl-1'-oxo-2'-E-6'-octadienyl)benzene"", ""4-Hydroxy-3-(3',7'-dimethyl-3'-hydroxy-1'-oxo-6'-octenyl)benzoic acid"", '(+)-α-Hydroxyerysotrine', '(+)-11α-Hydroxyerythravine', '(+)-Erythravine', '9-hydroxyeugenin', 'Mycoleptone A', '6-methoxyeugenin', 'Austdiol diacetate', 'Eugenitin', 'Mycoleptone A tetraacetate', 'Mycoleptone B', 'Austdiol', ""Aduncumene; Methyl 2-methoxy-5-(3'-methyl-1'-oxo-2'-butenyl)benzoate"", ""Methyl 4-hydroxy-3-(3'-methyl-2'-hydroxy-3'-butenyl)benzoate"", ""4-Hydroxy-(3',7'-dimethyl-1'-oxo-octa-2'-Z-6'-dienyl)benzoic acid"", ""Hostmaniene; 4-Hydroxy-3-(2',3'-dihydroxy-3'-methylbutyl)benzoate"", 'Piperaduncine B', ""Methyl 4-hydroxy-3-(3'-methyl-2'-butenyl)benzoate"", '3,4,5-Trimethoxydihydrocinnamic acid', ""2',6'-Dihydroxy-4'-methoxydihydrochalcone"", ""4-Hydroxy-3-(3',7'-dimethylocta-2'-E-6'-dienyl)benzoic acid"", 'Methyl 2,2-dimethyl-1-oxo-2H-1-benzopyran-6-carboxylate', ""Methyl taboganate; Methyl 4-hydroxy-3-(3'-methyl-1'-oxo-2'-butenyl)benzoate"", 'Xanthyletin', 'Ergosterol peroxide', '(22E,24R)-ergosta-4,6,8(14),22-tetraen-3-one', 'Pimara-7,15-dien-3β-ol', '8-hydroxy-6-methoxy-3-methylisocoumarin', 'Dimethyl terephthalate', 'Stearic acid 4-pentoyloxyphenethyl ester', '(E)-piplartine', ""N-[3-(6'-methoxy-3',4'-methy-lenedioxyphenyl)-2(Z)-propenoyl]pyrrolidine"", '4,5-dihydropiperyline', 'Piperine', '10,11-dihydropiperine; Δα,β-dihydropiperine', '(Z)-piplartine; 8(Z)-N-(12,13, 14-trimethoxycinnamoyl)- 3-pyridin-2-one', '8,9-dihydropiplartine; N-(12,13,14-trimethoxydihydrocinnamoyl)-Δ3-pyridin-2-one', '4,5-dihydropiperlonguminine; Piperlonguminine', '(3Z,5Z)-N-isobutyl-8-(30,40-methylenedioxy-phenyl)-heptadienamide', 'Pellitorine', '(-)-3-O-acetyl-spectaline', '4-metoxi-6-[2-(metilamino)fenil]- 2H-piran-2-ona', ""3',4'-methylenedioxy-5,5',6,7-tetramethoxyflavone"", ""3',4'-methylenedioxy-5,6,7- trimethoxyflavone"", ""2'-hydroxy-3,4,4'-trimethoxy-5',6'-(2'',2''-dimethylpyrano)-chalcone"", ""3',4'-methylenedioxy-5,7-dimethoxyflavone"", 'astilbin; Rel-(2R, 3R)-dihydroquercetin-3-O-±-L-rhamnoside', 'Nilocetin', 'Hispidol A', 'cryptomeridiol', 'Pentaol', '3,11-dioxoolean-12-en-28- onic acid', 'Iso-odoratol', 'Piscidinol A', 'Oleanonic acid', 'Tagitinin C', '1-methoxy-3-hydroxy-3,10b-4,5a-diepoxy-8b-isobutyroyloxygermacr-11(13)-en-6a,12-olide', ""Rel-(7R,8S,7'S,8'S)-4-hydroxy-4',5'-methylenedioxy-3,5,3'-trimethoxy-7,7'-epoxylignan"", ""Rel-(7R,8S,7'S,8'S)-4',5'-methylenedioxy-3,4,5,3'-tetramethoxy-7,7'-epoxylignan"", ""Rel-(7R,8S,7'S,8'S)-9-hydroxy-4',5'-methylenedioxy-3,4,5,3'-tetramethoxy-7,7'-epoxylignan"", ""Rel-(7R,8S,7'S,8'S)-4'-hydroxy-3,4,5,3',5'-pentamethoxy-7,7'-epoxylignan"", ""Rel-(7R,8S,7'S,8'S)-4,5,4',5'-dimethylenedioxy-3,3'-dimethoxy-7,7'-epoxylignan"", ""3,4-dimethyl-2-(4'-hydroxy-3',5'-dimethoxyphenyl)-5-methoxy-tetrahydrofuran"", 'Nitensidine E', 'Nitensidine D', ""4-Methoxy-3-(3',7'-dimethylocta-2'-E-6'-dienyl)benzoic acid"", ""3-(3',7 '-dimethyl-2',6 '-octadienyl)-4-methoxy-benzoic acid"", 'Methyl-8-hydroxy-2,2-dimethyl-2H-chromene-6-carboxylate', 'Verrucosin', '7-Methyl-sargachromenol; 2,7,8-Trimethyl-2-[(3-E,7-Z)-4,12-dimethyl-8-carboxyl-3,7,11-tridecatrienyl]-3-chromen-6-ol, β-caroteno', 'Epi-guaiacin', 'Nectandrin B', '3,3-O-dimethylquercetin', '2α,3α,19α- trihydroxyurs-12-en-28-oic acid', 'penduletin 4-O-methyl ether', '3,7,4-O-trimethylkaempferol', 'p-hydroxybenzoic acid', 'Chrysoeriol', '2α,3α-dihydroxyolean-12- en-28-oic acid', 'acacetin', '3-O-methylquercetin', 'Turbinatine', 'Deoxycordifoline', 'Cordifoline', '3,4-dehydro-strictosidine', 'Strictosidine acid', 'Harman-3-carboxylic acid', '3,4-dehydrostrictosidine acid', '5α-carboxystrictosidine', 'Aphidicolin', 'Pyranofoline', '3,4-dihydro-3,5,8-trihydroxy-6-methoxy-2,2,7-trimethyl-2Hpyrano[ 2,3-a]acridin-12(7H)-one', 'Citrusinine-II', 'Glycocitrine-I', 'Glycocitrine-IV', 'Citrusinine-I', '5-hydroxynoracronycine; Atalaphyllidine', '1,3,5-trihydroxy-4-methoxy-10-methyl- 2,8-bis(3-methylbut-2-enyl)acridin-9(10H)-one', '1,3,5-trihydroxy- 2,8-bis(3-methylbut-2-enyl)-10-methyl-9-acridone', 'β-Gardiol', 'α-Gardiol', 'Ferulic acid', '21β,25-dimethylmelianodiol', '21α,25-dimethylmelianodiol', '3,21-Di-epi-feroniellide B', '2,3-dihydro-4,9-dihydroxy-2-(2-hydroxy-propan-2-yl)- 11-methoxy-10-methylfuro[3,2-b]acridin-5(10H)-one', 'bis-5-hydroxyacronycine', 'Citibrasine', 'β-caryophyllene, trans-caryophyllene', 'Cusculine; 1,2,3,5,6-pentamethoxy-9-acridone', 'Cuspanine; 1-hydroxy-2,3,5,6-tetramethoxy-9-acridone', '[10]-gingerol', ""2,4-Dihydroxy-6-[(1'E,3'E)-penta-1', 3'-dienyl]-benzaldehyde"", '2-methyl-5-[8(Z)-pentadecenyl]resorcinol', 'Nitensidine A', '2-hydroxyphenylacetic acid', '3-O-β-D-quinovopyranosyl quinovic acid', '3β-hydroxy-stigmast-5-en-7-one; 24-β-7-oxositosterol', 'scillascillin', 'urauchimycin B', 'Homoegonol', '[8]-gingerol', '4-Hydroxymellein', '5-hydroxymellein', 'fraxinellonone', 'Dibenzyl sulphide', '(-) Cis-4-hydroxy-6-deoxyscytalone', 'Odoratol', 'Leptomerine', '5-hydroxy-N-methylseverifoline', '19,20-Epoxycytochalasin N', 'ellagic acid 4-O-α-L-rhamnopyranoside; eschweilenol C', 'Mayoside C', 'Ourateacatechin', ""3',4',5',5,7-pentamethoxyflavone"", '2-methyl-5-pentadecylresorcinol', 'Griseofulvin', ""7-Hydroxy-4',6-dimethoxyisoflavone; Afrormosin; Afromosin"", '8-methoxymellein', '(±)-Syringaresinol', 'Cyclo-(L-Pro-L-Val)', 'Acetonide of odoratol', '(−)-Grandisin', 'Nitensidine B', '1-methyl-2-n-nonyl-4-quinolone', '5-[8(Z),11(Z),14-pentadecatrienyl]resorcinol', 'Netzahualcoyondiol', 'Pristimerin; 20α-3-hydroxy-2-oxo-24-nor-friedela-1-10,3,5,7-tetraen-carboxylic acid-29-methylester', '3,4,5-trimethoxyphenyl 1-O-β-D-apiofuranosyl-(1→6)-O-β-D-glucopyranoside', 'β-photogedunin', 'n-Butyl gallate', ""5-[3''-(β-D-glucopyranosyloxy)propyl]-7-methoxy-2-(3',4'-dimethoxyphenyl)benzofuran"", '3,12-Dihydroxycadalene', '7-hydroxy-3- (11-dimethylallyl)-8-methoxycoumarin', ""N-[7-(3',4'-methylenedioxyphenyl)-2(Z),4(Z)-heptadienoyl]pyrrolidine"", ""Acteoside; [β-3,4-dihydroxyphenyl)-ethyl]-(3'-O-α-L-rhamnopyranosyl)-(4'-O-cafeoyl)-β-D-glycopyranoside, verbascoside"", 'Maculosidine', 'Kaempferol', ""8-hydroxy-3,5,7,3',4',5'-hexamethoxyflavonol"", 'Sorbifolin 6-O-β-glucopyranoside', 'Rel-2α-hydroxyzuelanin-6β-benzoate', '2,6-di-O-acetylcasearupestrin D', ""Methyl-2,2-dimethyl-8-(3'-methylbut-2'-enyl)chroman-6-carboxylate"", '2,7-Di-O-acetylcasearupestrin A', 'Podocarpusflavone A', 'Casearupestrin C', '6α-malonyloxy-n-butyl ester manoyl oxide', 'citrusinine-I', 'Ricinine', 'Leptophyllin A', '5-pentadecylresorcinol', '19,20-Epoxycytochalasin D', 'fumiquinozoline F', 'Kaempferol 3-O-α-L-rhamnopyranosyl (1→6)-O-[β -D-glucopyranosyl (1→3)-O-α-L-rhamnopyranosyl-(1→2)]-O-β -D-glucopyranosyl', '3β-O-[α-L-rhamnopyranosyl-(1→2)-O-β-D-glucopyranosyl-(1→2)-O-β-D-glucopyranosyl]-28-O-β-D-glucopyranoside pomolate', 'Skimmianine', 'p-hydroxybenzoic acid-geranyl ester', 'Dibenzyl disulphide', 'Proanthocyanidin', 'neoisoastilbin', '(R)-7-Hydroxymellein', 'Methyl angolensate', ""5-(3'' -Hydroxypropyl)-7-methoxy-2-(3',4' -methyl-enedioxyphenyl)benzofuran"", '22β-hydroxypristimerin', '1- (5,7-dihydroxy-2,2-dimethylchroman-6-yl)-3-(2,2-dimethylchroman- 6-yl)propan-1-one', 'Canavaline', 'Di-hydrodehydrodiconiferyl alcohol', 'Quercetin', ""2-(2'-O-trans-cinnamoyl)-C-β-D-glucopyranosyl-1,3,6,7-tetrahydroxyxanthone"", 'Ocotillone', 'des-N-methylnoracronycine', 'Uracil', 'urauchimycin A', 'p-Coumaric acid', '(-)-Epigallocatechin', 'Netzahualcoyonol', '1-[3-(3,7-dimethylocta-2,6-dien-1-yl)-2,4,6- trihydroxyphenyl]-3-(4-hydroxyphenyl)propan-1-one', '6α-malonyloxymanoyl oxide', 'Benzylhydroxymethyl sulphide', '1,6-di-O-caffeoyl-β-D-glucopyranoside', '2-methyl-5-[8(Z),11(Z),14-pentadecatrienyl]resorcinol', '20-hydroxyecdysone; polypodine A', 'Dibenzyl tetrasulphide', ""2',5-dihydroxy-3-methoxy-8-dimethylallyl-6, 7-(2' ',2''-dimethylpyrano)-dihydroflavonol"", '2-n-nonyl-4-quinolone', 'Cytochalasin D', 'Isoorientin', '1-O-(E)-feruloyl-β-D-glucopyranoside', '19,20-Epoxycytochalasin C', 'n-Pentyl gallate', 'n-Propyl gallate', ""3',4',5',5,7,8-hexamethoxyflavone"", 'Isopropyl gallate', '6β-hydroxy-7-epigardoside methyl ester', 'Tetrahydropiperyline, N-[10-(13,14-methylenedioxyphenyl)-pentanoyl]-pyrrolidine', 'Piperovatine', '2,4,6-trimethoxybenzoic acid', '1-O-(E)-caffeoyl-β-D-glucopyranoside', 'Gallic acid; 3,4,5-trihydroxybenzoic acid', 'Quercitrin, 3-O-α-rhamnosylquercetin', 'Caseobliquin A', '6α-acetoxymanoyl oxide', 'Methyl-8-hydroxy-2,2-dimethylchroman-6-carboxylate', 'Casearin X; (1R*,3S*,5S*,6aR*,7S*,8S*,10R*,10aR*)-1-(Acetyloxy)-3,5,6,6a,7,8,9,10-octahydro-10-hydroxy-7,8-dimethyl-7-[(2Z)-3-methylpenta-2,4-dien-1-yl]naphtho[1,8a-c]furan-3,5-diyl Dibutanoate', 'α-L-xylopyranosyl-(4""→20)-(3-O-β-D-glucopyranosyl)-1\'-O-E-caffeoyl-β-D-glucopyranoside', ""2-(R)-Methyl-6-(S)-(tetradecyl-13'-one)-3(R)-O-tert-butyldimethylsilyl-piperidine"", '(2S)-Methyl-2-methyl-8-(3""-methylbut-2""-enyl)-2-(4\'-methylpent-3\'-enyl)-2H-chromene-6-carboxylate', 'Casearin T', 'Piperyline, N-[10-(13,14-methylenedioxyphenyl)-7(E),9(E)-pentadienoyl]-pyrrolidine', 'ω-fenil alcanoic acid', '3-Acetyl aleuritolic acid', 'Alkenoic acid', 'Quercetin 3-O-α-L-rhamnopyranosyl (1→6)-O-[β -D-glucopyranosyl (1→3)-O-α-L-rhamnopyranosyl-(1→2)]-O-β -D-glucopyranosyl', 'Heveaflavone', 'Arboreumine', '3-Oxoursolic acid', 'Casearupestrin B', 'toonacilin', 'Pedalitin', '12′-hydroxy-7′-multijuguinone', 'Kaempferitrin', 'Nitensidine C', 'Dipropyl disulphide', '2-methyl-5-[8(Z),11(Z)-pentadecadienyl]resorcinol', 'Methyl 6,7,8-trimethoxydihydrocinnamate', '2-Hexyl-3-methyl-butanodioic acid', 'fraxinellone', '6-[ 8(Z),11(Z) -pentadecadienyl] salicylic acid', 'Orcinol', 'Periconicin B', 'Phomopsilactone', ""(2S)-8-Isopentyl-2-methyl-2-(4'-methylpentyl)chroman-6-carboxylic acid"", '2,2-dimethyl-2H-chromene-6-carboxylic acid', '1,2-dihydro- 3β-hydroxy-7-deacetoxy-7-oxogedunin', 'Photogedunin', '3,11,12-Trihydroxycadalene', 'Quercetin 3-O-sophoroside', '(3R,4R)-3,4-Dihydro-4,6-dihydroxy-3-methyl-1-oxo-1H-isochromene-5-carboxylic acid', '24-methylene-3,22-dihydroxycholesterol', 'amorphispironone', 'Casearupestrin D', 'Chaetoglobosin B', ""2-(2'-O-benzoyl)-C-β-D-glucopyranosyl-1,3,6,7-tetrahydroxyxanthone"", 'Isoplumericin', 'N-[10-(13,14-methylenedioxyphenyl)-7(E),9(Z)-pentadienoyl]-pyrrolidine', '6-[8(Z)-pentadecenyl]salicylic acid', '2-butyl-D-fructofuranoside', ""Gaudichaudianic acid; (2S)-2-methyl-2-(4'methyl-3'-pentenyl)-8-(3''-methyl-2-butenyl)- 2H-1-benzopyran-6-carboxylic acid"", 'limonexic acid', '6α-acetoxy-14β,15β-epoxyazadirone', 'epoxy-fraxinellone', 'Casearin X Dialdehyde; (2R*,4aS*,5S*,7R*,8R*,8aS*)-4,4a-Diformyl-1,2,4a,5,6,7,8,8a-octahydro-5-hydroxy-7,8-dimethyl-8-[(2Z)-3-methylpenta-2,4-dien-1-yl]naphthalen-2-yl Butanoate', 'polypodine B', '(2S)-2-methyl-8-(3""-methylbut-2""-enyl)-2-(4\'-methylpent-3\'-enyl)-2H-chromene-6-carboxylic acid', 'Burchellin', '5-[8(Z)-pentadecenyl]resorcinol', 'Luteolin; 2-(3,4-dihydroxyphenyl)-5,7-dihydroxy-4H-chromen-4-one', 'Sinapic acid', '19,20-Epoxycytochalasin Q', '19,20-Epoxycytochalasin R', 'Muraxanthone', '3,4,5-Triacetoxybenzoic acid', 'Odoratone', 'Rel-6β-hydroxyzuelanin-2β-benzoate', 'shidasterone', '5-hydroxymethyl- 2-furancarboxaldehyde; 5-hydroxymethyl-2-furfuraldehyde', 'Di(benzyltrithio) methane', '2-oxo-piperol B; (7S*, 8R*, 1R*, 3R*)-3,4,5-trimethoxy-3,7-cyclo-8,1-neolig-8-ene-2,4(3H)-dione', 'taxifolin', ""(2'S)-2-(propan-2'-ol)-5-hydroxy-benzopyran-4-one"", 'Rel-(+)-(7S,9R,10S)-3,9,12-trihydroxycalamenene', 'Casearin S', 'Piperol B', '(-)-Hardwickiic acid', ""5-[3''-(β-D-glucopyranosyloxy)propyl]-7-methoxy-2-(3',4'-methylenedioxyphenyl)benzofuran"", '28-O-β-D-glucopyranosyl quinovic acid', '2-Methyl-4-hydroxy-butyl caffeoate', 'N-1,N-2,N-3-Triisopentenylguanidine', 'Dibenzyl trisulphide', 'Maytenin, Tingenone', 'Kokusaginine', ""2-(2'-O-trans-caffeoyl)-C-β-D-glucopyranosyl-1,3,6,7-tetrahydroxyxanthone"", 'Netzahualcoyene', ""Nitensoside B; Pedalitin 6-O-α-rhamnopyranosyl(1'''→6'')-β-glucopyranoside"", 'Gedunin', 'Pedalin, pedalitin 6-O-β -glucopyranoside', 'Caseargrewiin F; (1R*,3S*,5S*,6aR*,7S*,8R*,10R*,10aR*)-1,3-Bis(acetyloxy)-3,5,6,6a,7,8,9,10-octahydro-10-hydroxy-7,8-dimethyl-7-[(2Z)-3-methylpenta-2,4-dien-1-yl]naphtho[1,8a-c]furan-5-yl Butanoate', 'Casearin L; (1R*,3S*,5S*,6aR*,7R*,8R*,9S*,10S*,10aR*)-1,10-Bis(acetyloxy)-3,5,6,6a,7,8,9,10-octahydro-9-hydroxy-5-methoxy-7,8-dimethyl-7-[(2Z)-3-methylpenta-2,4-dien-1-yl]naphtho[1,8a-c]-furan-3-yl Butanoate', 'Platydesmine', 'Leiokinine A', 'Cabraleadiol', 'schaftoside', ""(2S)-Methyl-8-isopentyl-2-methyl-2-(4'-methylpentyl)chroman-6-carboxylate"", 'Methyl gallate', 'atalaphyllinine', 'N-[10- (13,14-methylenedioxyphenyl)-7(E)-pentaenoyl]-pyrrolidine', '2-Methyl-5-methoxy-benzopyran-4-one', '3,4-dihydroxybenzoic acid geranyl ester', 'Casearupestrin A', '2β-Hydroxyzuelanin-6β-cinnamate', '3-O-β-D-quinovopyranosyl cincholic acid', 'Afzelin, 3-O-α-rhamnosyl kaempferol', 'Egonol', '4-Nerolidilcatechol', ""2-(2'-O-transcoumaroyl)-C-β-D-glucopyranosyl-1,3,6,7-tetrahydroxyxanthone"", 'Syringic acid', '(+)-3-O-feruloylcassine', 'Salacin', '6-pentadecylsalicylic acid', 'Methyl-2,2-dimethylchroman-6-carboxylate', ""Myrsinoic acid A, 3-Geranyl-4-hydroxy-5-(3'',3''-dimethylallyl)benzoic acid"", '20α-Hydroxymaytenin; 20-hydroxy-20-epi-tingenone', '11β-acetoxyobacunone', '1-(5,7-dihydroxy-2,2-dimethylchroman- 6-yl)-3-[4-hydroxy-3-(3-methylbut-2-en-1-yl)- phenyl]propan-1-one', '(3R,4R)-4,7-Dihydroxymellein', 'Isobutyl gallate', '7′-multijuguinone', '(-)-Epigallocatechin-3-O-gallate', 'Casearin D; (1R*,3S*,5S*,6aR*,7R*,8R*,9S*,10S*,10aR*)-1-(Acetyloxy)-3,5,6,6a,7,8,9,10-octahydro-5,10-dihydroxy-7,8-dimethyl-7-[(2Z)-3-methylpenta-2,4-dien-1-yl]naphtho[1,8a-c]furan-3,9-diyl Dibutanoate', 'Rel. (+)-(7S,10S) 3,12-dihydroxycalamenene', 'carlinoside', 'Methyl-8-(ethanoyloxy)-2,2-dimethyl-2H-chromene-6-carboxylate', 'Amentoflavone', '1-(5,7-dihydroxy-2,2-dimethylchroman-6-yl)-3-(1,1,4a-trimethyl-2,3,4,4a,9a-hexahydro-1H-xanthen-7-yl)propan-1-one', 'Methyl (E)-6,7,8-trimethoxycinnamate', '3,4,5-Trimethoxyphenyl-1-O-β-D-(5-O-syringoyl)-apiofuranosyl-(1→6)-β-D-glucopyranoside', '6-[8(Z),11(Z),14-pentadecatrienyl]salicylic acid', 'Sorbifolin', ""Nitensoside A; Sorbifolin 6-O-α-rhamnopyranosyl(1'''→6'')-β-glucopyranoside"", 'Casearin O; (1R*,3S*,5S*,6aR*,7R*,8R*,9S*,10S*,10aR*)-1,10-Bis(acetyloxy)-5-methoxy-7,8-dimethyl-7-[(2Z)-3-methylpenta-2,4-dien-1-yl]-3,5,6,6a,7,8,9,10-octahydronaphtho[1,8a-c]furan-3,9-diyl Dibutanoate', 'germacrene D', 'Plumericin', '5-[8(Z),11(Z)-pentadecadienyl]resorcinol', '(-)-Spectalinine', 'arjunolic acid', 'stachysterone', 'Ethyl 2,4-dihydroxy-5,6-dimethylbenzoate', 'Amentoflavone 7”,4”’-dimethyl ether', 'Picramnioside F', 'Lauryl gallate', 'Syringaldehyde', '22-hydroxytirucalla-7,24-diene-2,3-dione', 'Trans-3’-methylsulphonylallyl trans-cinnamate', '(3-(2-(4-hydroxyphenyl)-2-oxoethyl)-5,6-dihydropyridin- 2(1H)-one)', 'Mangiferin', 'Viburgenin', ""Pterogynoside; Kaempferol-3-O-(3''-O-4'''-methylgallate-α-L-rhamnoside)"", '24-methylenecycloartan-3b-ol', 'Ixoside', 'Cognatine', 'Fagaramide', 'Chalepin', 'Chlorogenic acid', '(4R)-4,8-dihydroxy-α-tetralone']]",doi_name
"['10.1002/hlca.200890147', '3,4,5-trimethoxyphenyl 1-O-β-D-apiofuranosyl-(1→6)-O-β-D-glucopyranoside']","['10.1002/hlca.200890147', ['guaiol', 'Hinesol', 'γ-eudesmol', 'α-eudesmol', 'Galioside aglicone', 'Teucrein', '11-O-trans-feruloylteucrein', 'Apodanthoside', 'Galioside', 'Kaempferol-3-O-rutinoside', 'Catechin, Ent-catechin', 'Kaempferol-3-O-α-L-rhamnopyranosyl-(1→6)-β-D-galactopyranoside', 'Kaempferol-3-O-D-glucopyranoside', 'Procyanidin B-3', 'Kaempferol-3-O-D-galactopyranoside', '6-Hydroxy-rutin', 'Kaempferol-3-O-α-L-rhamnopyranosyl-(1-6)-α-L-rhamnopyranosyl-(1-4)-β-D-glucopyranoside', 'Quercetin-3-O-α-L-rhamnopyranosyl-(1→6)-β-D-galactopyranoside', '9-hydroxyeugenin', 'Mycoleptone A', 'Eugenitin', 'Austdiol', 'Austdiol diacetate', 'Mycoleptone B', '6-methoxyeugenin', 'Mycoleptone A tetraacetate', 'Chlorogenic acid methyl ester, Methyl (1S,3R,4R,5R)-3-{[(2E)-3-(3,4-dihydroxyphenyl)-2-propenoyl]oxy}-1,4,5-trihydroxycyclohexanecarboxylate', ""3,4-dimethyl-2-(4'-hydroxy-3',5'-dimethoxyphenyl)-5-methoxy-tetrahydrofuran"", 'Nitensidine E', 'Nitensidine D', ""2-(1'-pentenyl)-Quinoline"", ""2-(3',4'-methylenedioxyphenylethyl)-Quinoline"", '2-n-Propylquinoline', '2-n-Pentylquinoline', 'Taraxerol acetate', '7-Methoxydiderroside', ""6'-Acetyl-β-D-glucopyranosyldiderroside"", 'Diderroside', 'Secoxyloganin', ""3',4',5',3,5,7,8-heptamethoxyflavone"", ""3,5,6,7,3',4',5'-heptamethoxyflavonol"", '1-methoxy-3-hydroxy-3,10b-4,5a-diepoxy-8b-isobutyroyloxygermacr-11(13)-en-6a,12-olide', 'Tagitinin C', ""2'-hydroxy-3,4,4'-trimethoxy-5',6'-(2'',2''-dimethylpyrano)-chalcone"", ""3',4'-methylenedioxy-5,6,7- trimethoxyflavone"", ""3',4'-methylenedioxy-5,5',6,7-tetramethoxyflavone"", ""3',4'-methylenedioxy-5,7-dimethoxyflavone"", 'Anhydrofusarubin', 'Beauvericin', 'Methyl (3R,4R,5R)-3-{[(2Z)-3-(3,4-dihydroxyphenyl)-2-propenoyl]oxy}-1,4,5-trihydroxycyclohexanecarboxylate', 'Methyl (3R,4R,5R)-3-{[(2E)-3-(3,4-dihydroxyphenyl)-2-propenoyl]oxy}-1,4,5-trihydroxycyclohexanecarboxylate', '5,7-dimethoxy-2,2-dimethyl-2H-1-benzopyran-6-propanoate', '4-metoxi-6-[2-(metilamino)fenil]- 2H-piran-2-ona', 'Pimara-7,15-dien-3β-ol', 'Ergosterol peroxide', '8-hydroxy-6-methoxy-3-methylisocoumarin', '(22E,24R)-ergosta-4,6,8(14),22-tetraen-3-one', 'Dimethyl terephthalate', '21α,25-dimethylmelianodiol', '21β,25-dimethylmelianodiol', '3,21-Di-epi-feroniellide B', 'Xanthyletin', '(+)-Erythravine', '(+)-11α-Hydroxyerythravine', '(+)-α-Hydroxyerysotrine', 'Aphidicolin', 'Clusifoliol', ""Isoswertisin-4'-methyl-ether-2''α-L-rhamnoside"", '2-Episesalatin', ""Isoswertisin-2''α1-L-rhamnoside"", 'Sesartemin', '5,7-dimethoxy-2,2-dimethyl-2H-1-benzopyran-6-propanoic acid', 'cyclo (L)-Pro-Gly', '5α-carboxystrictosidine', 'Cordifoline', 'Turbinatine', 'Strictosidine acid', 'Harman-3-carboxylic acid', '3,4-dehydro-strictosidine', '3,4-dehydrostrictosidine acid', 'Deoxycordifoline', '17-(3,4-Methylenedioxyphenyl)-heptadecanoic acid', ""7,4'-Dihydroxyflavone"", '(+)-Guaiacin', ""7,4'-Dimethoxyflavone"", 'Sargaquinoic acid', 'Farnisine', '21´-(3,4-Methylenedioxyphenyl)-henicosanoic acid', 'Sargachromenol', '19´-(3,4-Methylenedioxyphenyl)-nonadecanoic acid', ""Juruenolic acid; 2-(4'-Methylpentenyl-3)-10-oxoundecan-2,6-dienoic acid"", 'Tithonine', 'Fasciculiferin', 'Nectandrin B', '7-Methyl-sargachromenol; 2,7,8-Trimethyl-2-[(3-E,7-Z)-4,12-dimethyl-8-carboxyl-3,7,11-tridecatrienyl]-3-chromen-6-ol, β-caroteno', 'Epi-guaiacin', 'Verrucosin', '(-)-3-O-acetyl-spectaline', ""4-Hydroxy-3-(3',7'-dimethyl-3'-hydroxy-1'-oxo-6'-octenyl)benzoic acid"", ""Isosakuranetin; 5,7-dihydroxy-4'-methoxyflavanone"", ""4-Hydroxy-(3',7'-dimethyl-1'-oxo-octa-2'-E-6'-dienyl)benzoic acid"", ""1,4-Dihydroxy-2-(3',7'-dimethyl-1'-oxo-2'-E-6'-octadienyl)benzene"", ""Sakuranetin; 5,4'-dihydroxy-7-methoxyflavanone"", 'Isopimpinellin', ""Rel-(7R,8S,7'S,8'S)-4'-hydroxy-3,4,5,3',5'-pentamethoxy-7,7'-epoxylignan"", ""Rel-(7R,8S,7'S,8'S)-4,5,4',5'-dimethylenedioxy-3,3'-dimethoxy-7,7'-epoxylignan"", ""Rel-(7R,8S,7'S,8'S)-9-hydroxy-4',5'-methylenedioxy-3,4,5,3'-tetramethoxy-7,7'-epoxylignan"", ""Rel-(7R,8S,7'S,8'S)-4',5'-methylenedioxy-3,4,5,3'-tetramethoxy-7,7'-epoxylignan"", ""Rel-(7R,8S,7'S,8'S)-4-hydroxy-4',5'-methylenedioxy-3,5,3'-trimethoxy-7,7'-epoxylignan"", 'Ferulic acid', 'α-Gardiol', 'β-Gardiol', ""4-Methoxy-3-(3',7'-dimethylocta-2'-E-6'-dienyl)benzoic acid"", ""3-(3',7 '-dimethyl-2',6 '-octadienyl)-4-methoxy-benzoic acid"", 'Methyl-8-hydroxy-2,2-dimethyl-2H-chromene-6-carboxylate', '3,3-O-dimethylquercetin', 'p-hydroxybenzoic acid', '2α,3α,19α- trihydroxyurs-12-en-28-oic acid', '2α,3α-dihydroxyolean-12- en-28-oic acid', 'penduletin 4-O-methyl ether', '3,7,4-O-trimethylkaempferol', '3-O-methylquercetin', 'acacetin', 'Chrysoeriol', 'astilbin; Rel-(2R, 3R)-dihydroquercetin-3-O-±-L-rhamnoside', 'Stearic acid 4-pentoyloxyphenethyl ester', '5-hydroxynoracronycine; Atalaphyllidine', 'Citrusinine-I', 'Citrusinine-II', '3,4-dihydro-3,5,8-trihydroxy-6-methoxy-2,2,7-trimethyl-2Hpyrano[ 2,3-a]acridin-12(7H)-one', 'Glycocitrine-I', 'Glycocitrine-IV', 'Pyranofoline', '1,3,5-trihydroxy- 2,8-bis(3-methylbut-2-enyl)-10-methyl-9-acridone', '1,3,5-trihydroxy-4-methoxy-10-methyl- 2,8-bis(3-methylbut-2-enyl)acridin-9(10H)-one', ""4-Hydroxy-3-(3',7'-dimethylocta-2'-E-6'-dienyl)benzoic acid"", ""Methyl taboganate; Methyl 4-hydroxy-3-(3'-methyl-1'-oxo-2'-butenyl)benzoate"", 'Methyl 2,2-dimethyl-1-oxo-2H-1-benzopyran-6-carboxylate', ""2',6'-Dihydroxy-4'-methoxydihydrochalcone"", ""Hostmaniene; 4-Hydroxy-3-(2',3'-dihydroxy-3'-methylbutyl)benzoate"", 'Piperaduncine B', '3,4,5-Trimethoxydihydrocinnamic acid', ""Methyl 4-hydroxy-3-(3'-methyl-2'-butenyl)benzoate"", ""4-Hydroxy-(3',7'-dimethyl-1'-oxo-octa-2'-Z-6'-dienyl)benzoic acid"", ""Methyl 4-hydroxy-3-(3'-methyl-2'-hydroxy-3'-butenyl)benzoate"", ""Aduncumene; Methyl 2-methoxy-5-(3'-methyl-1'-oxo-2'-butenyl)benzoate"", '2,3-dihydro-4,9-dihydroxy-2-(2-hydroxy-propan-2-yl)- 11-methoxy-10-methylfuro[3,2-b]acridin-5(10H)-one', 'bis-5-hydroxyacronycine', 'Citibrasine', 'Nilocetin', 'Hispidol A', 'Pentaol', 'Iso-odoratol', '3,11-dioxoolean-12-en-28- onic acid', 'cryptomeridiol', 'Oleanonic acid', 'Piscidinol A', 'Methacrylic acid', '4,5-dihydropiperlonguminine; Piperlonguminine', '8,9-dihydropiplartine; N-(12,13,14-trimethoxydihydrocinnamoyl)-Δ3-pyridin-2-one', ""N-[3-(6'-methoxy-3',4'-methy-lenedioxyphenyl)-2(Z)-propenoyl]pyrrolidine"", '10,11-dihydropiperine; Δα,β-dihydropiperine', 'Pellitorine', '(Z)-piplartine; 8(Z)-N-(12,13, 14-trimethoxycinnamoyl)- 3-pyridin-2-one', '(3Z,5Z)-N-isobutyl-8-(30,40-methylenedioxy-phenyl)-heptadienamide', 'Piperine', '(E)-piplartine', '4,5-dihydropiperyline', 'β-caryophyllene, trans-caryophyllene', 'Cusculine; 1,2,3,5,6-pentamethoxy-9-acridone', 'Cuspanine; 1-hydroxy-2,3,5,6-tetramethoxy-9-acridone', '2α,3α-Dihydroxy-urs-12-en-28-oic acid', '3-O-β-D-(6’-methyl)-glucopyranosyl-28-O-β-D-glucopyranosyl-oleanate', 'Oleanolic acid 3-sophoroside', '5-hydroxyflavone', 'β-Sitosterol benzoate', '2-phenyl-4H-chromen-4-one', 'Haplotusine', 'Sinapyl 4-O-β-D-glucopyranoside aldehyde', 'Sinapyl 4-O-β-D-glucopyranoside alcohol', 'Liriodenine', 'N-acetylnonaine', '[10]-gingerol', ""2,4-Dihydroxy-6-[(1'E,3'E)-penta-1', 3'-dienyl]-benzaldehyde"", '2-methyl-5-[8(Z)-pentadecenyl]resorcinol', 'Nitensidine A', '2-hydroxyphenylacetic acid', '3-O-β-D-quinovopyranosyl quinovic acid', 'Kaempferol', 'Kokusaginine', ""2-(2'-O-trans-caffeoyl)-C-β-D-glucopyranosyl-1,3,6,7-tetrahydroxyxanthone"", 'Netzahualcoyene', 'Casearin X Dialdehyde; (2R*,4aS*,5S*,7R*,8R*,8aS*)-4,4a-Diformyl-1,2,4a,5,6,7,8,8a-octahydro-5-hydroxy-7,8-dimethyl-8-[(2Z)-3-methylpenta-2,4-dien-1-yl]naphthalen-2-yl Butanoate', 'polypodine B', 'n-Propyl gallate', ""3',4',5',5,7,8-hexamethoxyflavone"", 'Isopropyl gallate', '6β-hydroxy-7-epigardoside methyl ester', 'Odoratol', 'Leptomerine', '5-hydroxy-N-methylseverifoline', '19,20-Epoxycytochalasin N', 'ellagic acid 4-O-α-L-rhamnopyranoside; eschweilenol C', 'Mayoside C', 'Ourateacatechin', ""3',4',5',5,7-pentamethoxyflavone"", '2-methyl-5-pentadecylresorcinol', '3β-hydroxy-stigmast-5-en-7-one; 24-β-7-oxositosterol', 'scillascillin', ""7-Hydroxy-4',6-dimethoxyisoflavone; Afrormosin; Afromosin"", '8-methoxymellein', '(±)-Syringaresinol', 'Cyclo-(L-Pro-L-Val)', 'Acetonide of odoratol', '(-) Cis-4-hydroxy-6-deoxyscytalone', 'Dibenzyl trisulphide', 'Maytenin, Tingenone', 'Ocotillone', 'des-N-methylnoracronycine', 'Sorbifolin 6-O-β-glucopyranoside', 'Rel-2α-hydroxyzuelanin-6β-benzoate', '2,6-di-O-acetylcasearupestrin D', ""Methyl-2,2-dimethyl-8-(3'-methylbut-2'-enyl)chroman-6-carboxylate"", '2,7-Di-O-acetylcasearupestrin A', 'Nitensidine B', '1-methyl-2-n-nonyl-4-quinolone', '5-[8(Z),11(Z),14-pentadecatrienyl]resorcinol', 'Maculosidine', '(4R)-4,8-dihydroxy-α-tetralone', ""8-hydroxy-3,5,7,3',4',5'-hexamethoxyflavonol"", 'Isoorientin', 'Uracil', 'Podocarpusflavone A', 'Casearupestrin C', '6α-malonyloxy-n-butyl ester manoyl oxide', 'citrusinine-I', 'Ricinine', 'Leptophyllin A', '5-pentadecylresorcinol', 'urauchimycin B', 'Homoegonol', '[8]-gingerol', '4-Hydroxymellein', '5-hydroxymellein', 'fraxinellonone', 'Dibenzyl sulphide', '(-)-Hardwickiic acid', ""5-[3''-(β-D-glucopyranosyloxy)propyl]-7-methoxy-2-(3',4'-methylenedioxyphenyl)benzofuran"", '28-O-β-D-glucopyranosyl quinovic acid', '2-Methyl-4-hydroxy-butyl caffeoate', 'N-1,N-2,N-3-Triisopentenylguanidine', 'Plumericin', '5-[8(Z),11(Z)-pentadecadienyl]resorcinol', '(-)-Spectalinine', '19,20-Epoxycytochalasin D', 'fumiquinozoline F', 'Kaempferol 3-O-α-L-rhamnopyranosyl (1→6)-O-[β -D-glucopyranosyl (1→3)-O-α-L-rhamnopyranosyl-(1→2)]-O-β -D-glucopyranosyl', '3β-O-[α-L-rhamnopyranosyl-(1→2)-O-β-D-glucopyranosyl-(1→2)-O-β-D-glucopyranosyl]-28-O-β-D-glucopyranoside pomolate', 'Dibenzyl tetrasulphide', ""2',5-dihydroxy-3-methoxy-8-dimethylallyl-6, 7-(2' ',2''-dimethylpyrano)-dihydroflavonol"", '2-n-nonyl-4-quinolone', 'Cytochalasin D', '2-methyl-5-[8(Z),11(Z),14-pentadecatrienyl]resorcinol', 'Netzahualcoyondiol', 'Pristimerin; 20α-3-hydroxy-2-oxo-24-nor-friedela-1-10,3,5,7-tetraen-carboxylic acid-29-methylester', '3,4,5-trimethoxyphenyl 1-O-β-D-apiofuranosyl-(1→6)-O-β-D-glucopyranoside', 'β-photogedunin', 'n-Butyl gallate', 'Caseobliquin A', 'Methyl angolensate', ""5-(3'' -Hydroxypropyl)-7-methoxy-2-(3',4' -methyl-enedioxyphenyl)benzofuran"", '22β-hydroxypristimerin', '1- (5,7-dihydroxy-2,2-dimethylchroman-6-yl)-3-(2,2-dimethylchroman- 6-yl)propan-1-one', 'Canavaline', 'Di-hydrodehydrodiconiferyl alcohol', 'Quercetin', ""2-(2'-O-trans-cinnamoyl)-C-β-D-glucopyranosyl-1,3,6,7-tetrahydroxyxanthone"", 'Piperol B', 'Alkenoic acid', 'Quercetin 3-O-α-L-rhamnopyranosyl (1→6)-O-[β -D-glucopyranosyl (1→3)-O-α-L-rhamnopyranosyl-(1→2)]-O-β -D-glucopyranosyl', 'Heveaflavone', 'Arboreumine', '3-Oxoursolic acid', 'Casearupestrin B', 'toonacilin', 'Pedalitin', 'urauchimycin A', 'p-Coumaric acid', '(-)-Epigallocatechin', 'Netzahualcoyonol', '1-[3-(3,7-dimethylocta-2,6-dien-1-yl)-2,4,6- trihydroxyphenyl]-3-(4-hydroxyphenyl)propan-1-one', '6α-malonyloxymanoyl oxide', 'Benzylhydroxymethyl sulphide', '1,6-di-O-caffeoyl-β-D-glucopyranoside', 'Phomopsilactone', ""(2S)-8-Isopentyl-2-methyl-2-(4'-methylpentyl)chroman-6-carboxylic acid"", '2,2-dimethyl-2H-chromene-6-carboxylic acid', '1,2-dihydro- 3β-hydroxy-7-deacetoxy-7-oxogedunin', 'Photogedunin', 'Casearin X; (1R*,3S*,5S*,6aR*,7S*,8S*,10R*,10aR*)-1-(Acetyloxy)-3,5,6,6a,7,8,9,10-octahydro-10-hydroxy-7,8-dimethyl-7-[(2Z)-3-methylpenta-2,4-dien-1-yl]naphtho[1,8a-c]furan-3,5-diyl Dibutanoate', 'Skimmianine', 'p-hydroxybenzoic acid-geranyl ester', 'Dibenzyl disulphide', ""5-[3''-(β-D-glucopyranosyloxy)propyl]-7-methoxy-2-(3',4'-dimethoxyphenyl)benzofuran"", '3,12-Dihydroxycadalene', '7-hydroxy-3- (11-dimethylallyl)-8-methoxycoumarin', ""N-[7-(3',4'-methylenedioxyphenyl)-2(Z),4(Z)-heptadienoyl]pyrrolidine"", ""Acteoside; [β-3,4-dihydroxyphenyl)-ethyl]-(3'-O-α-L-rhamnopyranosyl)-(4'-O-cafeoyl)-β-D-glycopyranoside, verbascoside"", '20-hydroxyecdysone; polypodine A', '3-Acetyl aleuritolic acid', 'Methyl-8-hydroxy-2,2-dimethylchroman-6-carboxylate', 'α-L-xylopyranosyl-(4""→20)-(3-O-β-D-glucopyranosyl)-1\'-O-E-caffeoyl-β-D-glucopyranoside', ""2-(R)-Methyl-6-(S)-(tetradecyl-13'-one)-3(R)-O-tert-butyldimethylsilyl-piperidine"", '(2S)-Methyl-2-methyl-8-(3""-methylbut-2""-enyl)-2-(4\'-methylpent-3\'-enyl)-2H-chromene-6-carboxylate', 'Casearin T', 'Piperyline, N-[10-(13,14-methylenedioxyphenyl)-7(E),9(E)-pentadienoyl]-pyrrolidine', 'ω-fenil alcanoic acid', '2-butyl-D-fructofuranoside', ""Gaudichaudianic acid; (2S)-2-methyl-2-(4'methyl-3'-pentenyl)-8-(3''-methyl-2-butenyl)- 2H-1-benzopyran-6-carboxylic acid"", 'limonexic acid', 'Di(benzyltrithio) methane', '1-O-(E)-feruloyl-β-D-glucopyranoside', '19,20-Epoxycytochalasin C', 'n-Pentyl gallate', 'Orcinol', 'Periconicin B', '24-methylene-3,22-dihydroxycholesterol', 'amorphispironone', 'Casearupestrin D', 'Chaetoglobosin B', ""2-(2'-O-benzoyl)-C-β-D-glucopyranosyl-1,3,6,7-tetrahydroxyxanthone"", 'Isoplumericin', 'N-[10-(13,14-methylenedioxyphenyl)-7(E),9(Z)-pentadienoyl]-pyrrolidine', '6-[8(Z)-pentadecenyl]salicylic acid', '(2S)-2-methyl-8-(3""-methylbut-2""-enyl)-2-(4\'-methylpent-3\'-enyl)-2H-chromene-6-carboxylic acid', 'Burchellin', '5-[8(Z)-pentadecenyl]resorcinol', 'Luteolin; 2-(3,4-dihydroxyphenyl)-5,7-dihydroxy-4H-chromen-4-one', 'Proanthocyanidin', 'neoisoastilbin', '(R)-7-Hydroxymellein', '6α-acetoxymanoyl oxide', '19,20-Epoxycytochalasin R', 'Muraxanthone', '6α-acetoxy-14β,15β-epoxyazadirone', 'epoxy-fraxinellone', '12′-hydroxy-7′-multijuguinone', 'Kaempferitrin', 'Nitensidine C', 'Dipropyl disulphide', '2-methyl-5-[8(Z),11(Z)-pentadecadienyl]resorcinol', 'Methyl 6,7,8-trimethoxydihydrocinnamate', '2-Hexyl-3-methyl-butanodioic acid', 'fraxinellone', '6-[ 8(Z),11(Z) -pentadecadienyl] salicylic acid', '3,11,12-Trihydroxycadalene', 'Quercetin 3-O-sophoroside', '(3R,4R)-3,4-Dihydro-4,6-dihydroxy-3-methyl-1-oxo-1H-isochromene-5-carboxylic acid', '11β-acetoxyobacunone', '1-(5,7-dihydroxy-2,2-dimethylchroman- 6-yl)-3-[4-hydroxy-3-(3-methylbut-2-en-1-yl)- phenyl]propan-1-one', '3,4,5-Triacetoxybenzoic acid', 'Odoratone', 'Rel-6β-hydroxyzuelanin-2β-benzoate', 'shidasterone', '5-hydroxymethyl- 2-furancarboxaldehyde; 5-hydroxymethyl-2-furfuraldehyde', 'atalaphyllinine', 'N-[10- (13,14-methylenedioxyphenyl)-7(E)-pentaenoyl]-pyrrolidine', '2-Methyl-5-methoxy-benzopyran-4-one', '3,4-dihydroxybenzoic acid geranyl ester', 'Gedunin', 'Pedalin, pedalitin 6-O-β -glucopyranoside', 'Caseargrewiin F; (1R*,3S*,5S*,6aR*,7S*,8R*,10R*,10aR*)-1,3-Bis(acetyloxy)-3,5,6,6a,7,8,9,10-octahydro-10-hydroxy-7,8-dimethyl-7-[(2Z)-3-methylpenta-2,4-dien-1-yl]naphtho[1,8a-c]furan-5-yl Butanoate', 'Sinapic acid', '19,20-Epoxycytochalasin Q', 'Methyl (E)-6,7,8-trimethoxycinnamate', '3,4,5-Trimethoxyphenyl-1-O-β-D-(5-O-syringoyl)-apiofuranosyl-(1→6)-β-D-glucopyranoside', '6-[8(Z),11(Z),14-pentadecatrienyl]salicylic acid', 'Sorbifolin', 'Casearin L; (1R*,3S*,5S*,6aR*,7R*,8R*,9S*,10S*,10aR*)-1,10-Bis(acetyloxy)-3,5,6,6a,7,8,9,10-octahydro-9-hydroxy-5-methoxy-7,8-dimethyl-7-[(2Z)-3-methylpenta-2,4-dien-1-yl]naphtho[1,8a-c]-furan-3-yl Butanoate', 'Platydesmine', 'Leiokinine A', 'Cabraleadiol', 'schaftoside', ""(2S)-Methyl-8-isopentyl-2-methyl-2-(4'-methylpentyl)chroman-6-carboxylate"", 'Casearupestrin A', '2-oxo-piperol B; (7S*, 8R*, 1R*, 3R*)-3,4,5-trimethoxy-3,7-cyclo-8,1-neolig-8-ene-2,4(3H)-dione', 'taxifolin', ""(2'S)-2-(propan-2'-ol)-5-hydroxy-benzopyran-4-one"", 'Rel-(+)-(7S,9R,10S)-3,9,12-trihydroxycalamenene', 'Casearin S', 'carlinoside', 'Methyl-8-(ethanoyloxy)-2,2-dimethyl-2H-chromene-6-carboxylate', '2β-Hydroxyzuelanin-6β-cinnamate', 'arjunolic acid', '(3R,4R)-4,7-Dihydroxymellein', ""Nitensoside B; Pedalitin 6-O-α-rhamnopyranosyl(1'''→6'')-β-glucopyranoside"", 'Methyl gallate', '3-O-β-D-quinovopyranosyl cincholic acid', 'Afzelin, 3-O-α-rhamnosyl kaempferol', 'Egonol', '4-Nerolidilcatechol', ""2-(2'-O-transcoumaroyl)-C-β-D-glucopyranosyl-1,3,6,7-tetrahydroxyxanthone"", 'Syringic acid', '(+)-3-O-feruloylcassine', 'Amentoflavone', '1-(5,7-dihydroxy-2,2-dimethylchroman-6-yl)-3-(1,1,4a-trimethyl-2,3,4,4a,9a-hexahydro-1H-xanthen-7-yl)propan-1-one', 'Viburgenin', ""Pterogynoside; Kaempferol-3-O-(3''-O-4'''-methylgallate-α-L-rhamnoside)"", 'Isobutyl gallate', '7′-multijuguinone', 'Griseofulvin', ""Nitensoside A; Sorbifolin 6-O-α-rhamnopyranosyl(1'''→6'')-β-glucopyranoside"", 'Casearin O; (1R*,3S*,5S*,6aR*,7R*,8R*,9S*,10S*,10aR*)-1,10-Bis(acetyloxy)-5-methoxy-7,8-dimethyl-7-[(2Z)-3-methylpenta-2,4-dien-1-yl]-3,5,6,6a,7,8,9,10-octahydronaphtho[1,8a-c]furan-3,9-diyl Dibutanoate', 'germacrene D', 'Salacin', '6-pentadecylsalicylic acid', 'Methyl-2,2-dimethylchroman-6-carboxylate', ""Myrsinoic acid A, 3-Geranyl-4-hydroxy-5-(3'',3''-dimethylallyl)benzoic acid"", '20α-Hydroxymaytenin; 20-hydroxy-20-epi-tingenone', '(-)-Epigallocatechin-3-O-gallate', 'Casearin D; (1R*,3S*,5S*,6aR*,7R*,8R*,9S*,10S*,10aR*)-1-(Acetyloxy)-3,5,6,6a,7,8,9,10-octahydro-5,10-dihydroxy-7,8-dimethyl-7-[(2Z)-3-methylpenta-2,4-dien-1-yl]naphtho[1,8a-c]furan-3,9-diyl Dibutanoate', 'Rel. (+)-(7S,10S) 3,12-dihydroxycalamenene', 'Tetrahydropiperyline, N-[10-(13,14-methylenedioxyphenyl)-pentanoyl]-pyrrolidine', 'Piperovatine', '2,4,6-trimethoxybenzoic acid', '1-O-(E)-caffeoyl-β-D-glucopyranoside', 'Gallic acid; 3,4,5-trihydroxybenzoic acid', 'Quercitrin, 3-O-α-rhamnosylquercetin', 'stachysterone', 'Ethyl 2,4-dihydroxy-5,6-dimethylbenzoate', 'Amentoflavone 7”,4”’-dimethyl ether', 'Picramnioside F', 'Lauryl gallate', 'Syringaldehyde', '22-hydroxytirucalla-7,24-diene-2,3-dione', 'Trans-3’-methylsulphonylallyl trans-cinnamate', '(3-(2-(4-hydroxyphenyl)-2-oxoethyl)-5,6-dihydropyridin- 2(1H)-one)', 'Mangiferin', '(−)-Grandisin', '24-methylenecycloartan-3b-ol', 'Ixoside', 'Cognatine', 'Fagaramide', 'Chalepin', 'Chlorogenic acid']]",doi_name
"['10.1016/S0031-9422(01)00431-9', 'N-[10-(13,14-methylenedioxyphenyl)-7(E),9(Z)-pentadienoyl]-pyrrolidine']","['10.1016/S0031-9422(01)00431-9', ['guaiol', 'γ-eudesmol', 'Hinesol', 'α-eudesmol', 'Galioside aglicone', '11-O-trans-feruloylteucrein', 'Teucrein', 'Apodanthoside', 'Galioside', '4-metoxi-6-[2-(metilamino)fenil]- 2H-piran-2-ona', ""3,4-dimethyl-2-(4'-hydroxy-3',5'-dimethoxyphenyl)-5-methoxy-tetrahydrofuran"", 'Anhydrofusarubin', 'Beauvericin', '(+)-11α-Hydroxyerythravine', '(+)-Erythravine', '(+)-α-Hydroxyerysotrine', 'Tagitinin C', '1-methoxy-3-hydroxy-3,10b-4,5a-diepoxy-8b-isobutyroyloxygermacr-11(13)-en-6a,12-olide', 'Taraxerol acetate', ""3',4',5',3,5,7,8-heptamethoxyflavone"", ""3,5,6,7,3',4',5'-heptamethoxyflavonol"", 'Chlorogenic acid methyl ester, Methyl (1S,3R,4R,5R)-3-{[(2E)-3-(3,4-dihydroxyphenyl)-2-propenoyl]oxy}-1,4,5-trihydroxycyclohexanecarboxylate', 'Nitensidine D', 'Nitensidine E', 'Kaempferol-3-O-D-galactopyranoside', 'Procyanidin B-3', 'Kaempferol-3-O-α-L-rhamnopyranosyl-(1-6)-α-L-rhamnopyranosyl-(1-4)-β-D-glucopyranoside', 'Kaempferol-3-O-D-glucopyranoside', 'Quercetin-3-O-α-L-rhamnopyranosyl-(1→6)-β-D-galactopyranoside', '6-Hydroxy-rutin', 'Kaempferol-3-O-α-L-rhamnopyranosyl-(1→6)-β-D-galactopyranoside', 'Kaempferol-3-O-rutinoside', 'Catechin, Ent-catechin', 'Methyl (3R,4R,5R)-3-{[(2Z)-3-(3,4-dihydroxyphenyl)-2-propenoyl]oxy}-1,4,5-trihydroxycyclohexanecarboxylate', 'Methyl (3R,4R,5R)-3-{[(2E)-3-(3,4-dihydroxyphenyl)-2-propenoyl]oxy}-1,4,5-trihydroxycyclohexanecarboxylate', '5,7-dimethoxy-2,2-dimethyl-2H-1-benzopyran-6-propanoate', 'Mycoleptone A', '9-hydroxyeugenin', 'Austdiol diacetate', 'Mycoleptone B', 'Austdiol', 'Eugenitin', 'Mycoleptone A tetraacetate', '6-methoxyeugenin', '(-)-3-O-acetyl-spectaline', '2α,3α,19α- trihydroxyurs-12-en-28-oic acid', '3,3-O-dimethylquercetin', 'penduletin 4-O-methyl ether', 'p-hydroxybenzoic acid', 'Chrysoeriol', 'acacetin', '3-O-methylquercetin', '3,7,4-O-trimethylkaempferol', '2α,3α-dihydroxyolean-12- en-28-oic acid', 'Deoxycordifoline', 'Turbinatine', '5α-carboxystrictosidine', 'Harman-3-carboxylic acid', 'Cordifoline', 'Strictosidine acid', '3,4-dehydrostrictosidine acid', '3,4-dehydro-strictosidine', 'astilbin; Rel-(2R, 3R)-dihydroquercetin-3-O-±-L-rhamnoside', 'Pimara-7,15-dien-3β-ol', 'Ergosterol peroxide', '(22E,24R)-ergosta-4,6,8(14),22-tetraen-3-one', 'Dimethyl terephthalate', '8-hydroxy-6-methoxy-3-methylisocoumarin', ""4-Hydroxy-3-(3',7'-dimethyl-3'-hydroxy-1'-oxo-6'-octenyl)benzoic acid"", ""Isosakuranetin; 5,7-dihydroxy-4'-methoxyflavanone"", ""Sakuranetin; 5,4'-dihydroxy-7-methoxyflavanone"", ""4-Hydroxy-(3',7'-dimethyl-1'-oxo-octa-2'-E-6'-dienyl)benzoic acid"", ""1,4-Dihydroxy-2-(3',7'-dimethyl-1'-oxo-2'-E-6'-octadienyl)benzene"", '5,7-dimethoxy-2,2-dimethyl-2H-1-benzopyran-6-propanoic acid', '17-(3,4-Methylenedioxyphenyl)-heptadecanoic acid', 'Farnisine', 'Sargaquinoic acid', 'Sargachromenol', '19´-(3,4-Methylenedioxyphenyl)-nonadecanoic acid', ""7,4'-Dihydroxyflavone"", '21´-(3,4-Methylenedioxyphenyl)-henicosanoic acid', '(+)-Guaiacin', ""7,4'-Dimethoxyflavone"", 'Fasciculiferin', 'Tithonine', ""Juruenolic acid; 2-(4'-Methylpentenyl-3)-10-oxoundecan-2,6-dienoic acid"", ""Isoswertisin-4'-methyl-ether-2''α-L-rhamnoside"", 'Clusifoliol', ""Isoswertisin-2''α1-L-rhamnoside"", '2-Episesalatin', 'Sesartemin', '2-n-Propylquinoline', ""2-(3',4'-methylenedioxyphenylethyl)-Quinoline"", ""2-(1'-pentenyl)-Quinoline"", '2-n-Pentylquinoline', ""3',4'-methylenedioxy-5,6,7- trimethoxyflavone"", ""3',4'-methylenedioxy-5,5',6,7-tetramethoxyflavone"", ""2'-hydroxy-3,4,4'-trimethoxy-5',6'-(2'',2''-dimethylpyrano)-chalcone"", ""3',4'-methylenedioxy-5,7-dimethoxyflavone"", '3,21-Di-epi-feroniellide B', '21β,25-dimethylmelianodiol', '21α,25-dimethylmelianodiol', 'Aphidicolin', 'Nilocetin', 'Hispidol A', '3,11-dioxoolean-12-en-28- onic acid', 'Iso-odoratol', 'Pentaol', 'Oleanonic acid', 'cryptomeridiol', 'Piscidinol A', ""Methyl 4-hydroxy-3-(3'-methyl-2'-butenyl)benzoate"", '3,4,5-Trimethoxydihydrocinnamic acid', ""Methyl taboganate; Methyl 4-hydroxy-3-(3'-methyl-1'-oxo-2'-butenyl)benzoate"", ""2',6'-Dihydroxy-4'-methoxydihydrochalcone"", 'Methyl 2,2-dimethyl-1-oxo-2H-1-benzopyran-6-carboxylate', 'Piperaduncine B', ""Hostmaniene; 4-Hydroxy-3-(2',3'-dihydroxy-3'-methylbutyl)benzoate"", ""4-Hydroxy-3-(3',7'-dimethylocta-2'-E-6'-dienyl)benzoic acid"", ""4-Hydroxy-(3',7'-dimethyl-1'-oxo-octa-2'-Z-6'-dienyl)benzoic acid"", ""Aduncumene; Methyl 2-methoxy-5-(3'-methyl-1'-oxo-2'-butenyl)benzoate"", ""Methyl 4-hydroxy-3-(3'-methyl-2'-hydroxy-3'-butenyl)benzoate"", '7-Methoxydiderroside', 'Diderroside', ""6'-Acetyl-β-D-glucopyranosyldiderroside"", 'Secoxyloganin', '2,3-dihydro-4,9-dihydroxy-2-(2-hydroxy-propan-2-yl)- 11-methoxy-10-methylfuro[3,2-b]acridin-5(10H)-one', 'bis-5-hydroxyacronycine', 'Citibrasine', ""Rel-(7R,8S,7'S,8'S)-4'-hydroxy-3,4,5,3',5'-pentamethoxy-7,7'-epoxylignan"", ""Rel-(7R,8S,7'S,8'S)-4,5,4',5'-dimethylenedioxy-3,3'-dimethoxy-7,7'-epoxylignan"", ""Rel-(7R,8S,7'S,8'S)-4-hydroxy-4',5'-methylenedioxy-3,5,3'-trimethoxy-7,7'-epoxylignan"", ""Rel-(7R,8S,7'S,8'S)-4',5'-methylenedioxy-3,4,5,3'-tetramethoxy-7,7'-epoxylignan"", ""Rel-(7R,8S,7'S,8'S)-9-hydroxy-4',5'-methylenedioxy-3,4,5,3'-tetramethoxy-7,7'-epoxylignan"", '3,4-dihydro-3,5,8-trihydroxy-6-methoxy-2,2,7-trimethyl-2Hpyrano[ 2,3-a]acridin-12(7H)-one', '1,3,5-trihydroxy- 2,8-bis(3-methylbut-2-enyl)-10-methyl-9-acridone', 'Pyranofoline', '5-hydroxynoracronycine; Atalaphyllidine', 'Glycocitrine-IV', 'Citrusinine-I', 'Glycocitrine-I', 'Citrusinine-II', '1,3,5-trihydroxy-4-methoxy-10-methyl- 2,8-bis(3-methylbut-2-enyl)acridin-9(10H)-one', 'Stearic acid 4-pentoyloxyphenethyl ester', 'Verrucosin', 'Epi-guaiacin', 'Nectandrin B', '7-Methyl-sargachromenol; 2,7,8-Trimethyl-2-[(3-E,7-Z)-4,12-dimethyl-8-carboxyl-3,7,11-tridecatrienyl]-3-chromen-6-ol, β-caroteno', 'α-Gardiol', 'β-Gardiol', 'Ferulic acid', 'Methacrylic acid', 'Xanthyletin', 'Pellitorine', '(3Z,5Z)-N-isobutyl-8-(30,40-methylenedioxy-phenyl)-heptadienamide', '(Z)-piplartine; 8(Z)-N-(12,13, 14-trimethoxycinnamoyl)- 3-pyridin-2-one', ""N-[3-(6'-methoxy-3',4'-methy-lenedioxyphenyl)-2(Z)-propenoyl]pyrrolidine"", '4,5-dihydropiperyline', 'Piperine', '4,5-dihydropiperlonguminine; Piperlonguminine', '(E)-piplartine', '10,11-dihydropiperine; Δα,β-dihydropiperine', '8,9-dihydropiplartine; N-(12,13,14-trimethoxydihydrocinnamoyl)-Δ3-pyridin-2-one', ""4-Methoxy-3-(3',7'-dimethylocta-2'-E-6'-dienyl)benzoic acid"", 'Methyl-8-hydroxy-2,2-dimethyl-2H-chromene-6-carboxylate', ""3-(3',7 '-dimethyl-2',6 '-octadienyl)-4-methoxy-benzoic acid"", 'cyclo (L)-Pro-Gly', 'Isopimpinellin', 'β-caryophyllene, trans-caryophyllene', 'Cusculine; 1,2,3,5,6-pentamethoxy-9-acridone', 'Cuspanine; 1-hydroxy-2,3,5,6-tetramethoxy-9-acridone', '2α,3α-Dihydroxy-urs-12-en-28-oic acid', '3-O-β-D-(6’-methyl)-glucopyranosyl-28-O-β-D-glucopyranosyl-oleanate', 'Oleanolic acid 3-sophoroside', 'Haplotusine', '5-hydroxyflavone', 'β-Sitosterol benzoate', '2-phenyl-4H-chromen-4-one', 'Sinapyl 4-O-β-D-glucopyranoside aldehyde', 'N-acetylnonaine', 'Sinapyl 4-O-β-D-glucopyranoside alcohol', 'Liriodenine', '[10]-gingerol', ""2,4-Dihydroxy-6-[(1'E,3'E)-penta-1', 3'-dienyl]-benzaldehyde"", '2-methyl-5-[8(Z)-pentadecenyl]resorcinol', 'Nitensidine A', '2-hydroxyphenylacetic acid', '2-methyl-5-pentadecylresorcinol', '3β-hydroxy-stigmast-5-en-7-one; 24-β-7-oxositosterol', 'scillascillin', 'Homoegonol', '[8]-gingerol', '4-Hydroxymellein', '5-hydroxymellein', 'fraxinellonone', 'Dibenzyl sulphide', '(-) Cis-4-hydroxy-6-deoxyscytalone', 'Plumericin', '2,6-di-O-acetylcasearupestrin D', ""Methyl-2,2-dimethyl-8-(3'-methylbut-2'-enyl)chroman-6-carboxylate"", '2,7-Di-O-acetylcasearupestrin A', 'Nitensidine B', '3-O-β-D-quinovopyranosyl quinovic acid', ""8-hydroxy-3,5,7,3',4',5'-hexamethoxyflavonol"", 'Odoratol', 'Leptomerine', '5-hydroxy-N-methylseverifoline', '19,20-Epoxycytochalasin N', 'ellagic acid 4-O-α-L-rhamnopyranoside; eschweilenol C', 'Mayoside C', 'Ourateacatechin', ""3',4',5',5,7-pentamethoxyflavone"", '24-methylenecycloartan-3b-ol', 'Ixoside', '6α-malonyloxy-n-butyl ester manoyl oxide', 'citrusinine-I', 'Ricinine', 'Leptophyllin A', '5-pentadecylresorcinol', '22β-hydroxypristimerin', '1- (5,7-dihydroxy-2,2-dimethylchroman-6-yl)-3-(2,2-dimethylchroman- 6-yl)propan-1-one', 'Canavaline', 'Di-hydrodehydrodiconiferyl alcohol', 'Quercetin', ""2-(2'-O-trans-cinnamoyl)-C-β-D-glucopyranosyl-1,3,6,7-tetrahydroxyxanthone"", 'Kokusaginine', 'Ocotillone', 'des-N-methylnoracronycine', 'Sorbifolin 6-O-β-glucopyranoside', 'Rel-2α-hydroxyzuelanin-6β-benzoate', 'p-hydroxybenzoic acid-geranyl ester', 'Dibenzyl disulphide', 'Proanthocyanidin', 'neoisoastilbin', '(R)-7-Hydroxymellein', '6α-acetoxymanoyl oxide', 'Methyl-8-hydroxy-2,2-dimethylchroman-6-carboxylate', '6α-acetoxy-14β,15β-epoxyazadirone', '19,20-Epoxycytochalasin D', 'fumiquinozoline F', '1-methyl-2-n-nonyl-4-quinolone', '5-[8(Z),11(Z),14-pentadecatrienyl]resorcinol', 'Gallic acid; 3,4,5-trihydroxybenzoic acid', 'Maculosidine', 'Podocarpusflavone A', 'Casearupestrin C', 'urauchimycin A', 'p-Coumaric acid', '(-)-Epigallocatechin', 'Netzahualcoyonol', '1-[3-(3,7-dimethylocta-2,6-dien-1-yl)-2,4,6- trihydroxyphenyl]-3-(4-hydroxyphenyl)propan-1-one', 'Isopropyl gallate', '6β-hydroxy-7-epigardoside methyl ester', 'Tetrahydropiperyline, N-[10-(13,14-methylenedioxyphenyl)-pentanoyl]-pyrrolidine', 'Piperovatine', '2,4,6-trimethoxybenzoic acid', '1-O-(E)-caffeoyl-β-D-glucopyranoside', 'Quercitrin, 3-O-α-rhamnosylquercetin', 'Caseobliquin A', 'Methyl angolensate', ""5-(3'' -Hydroxypropyl)-7-methoxy-2-(3',4' -methyl-enedioxyphenyl)benzofuran"", 'Skimmianine', '2-methyl-5-[8(Z),11(Z),14-pentadecatrienyl]resorcinol', '20-hydroxyecdysone; polypodine A', '3-Acetyl aleuritolic acid', 'Alkenoic acid', 'Quercetin 3-O-α-L-rhamnopyranosyl (1→6)-O-[β -D-glucopyranosyl (1→3)-O-α-L-rhamnopyranosyl-(1→2)]-O-β -D-glucopyranosyl', 'Heveaflavone', 'Arboreumine', '3-Oxoursolic acid', 'Casearupestrin B', 'Kaempferol 3-O-α-L-rhamnopyranosyl (1→6)-O-[β -D-glucopyranosyl (1→3)-O-α-L-rhamnopyranosyl-(1→2)]-O-β -D-glucopyranosyl', '3β-O-[α-L-rhamnopyranosyl-(1→2)-O-β-D-glucopyranosyl-(1→2)-O-β-D-glucopyranosyl]-28-O-β-D-glucopyranoside pomolate', 'Dibenzyl tetrasulphide', ""2',5-dihydroxy-3-methoxy-8-dimethylallyl-6, 7-(2' ',2''-dimethylpyrano)-dihydroflavonol"", '2-n-nonyl-4-quinolone', 'Cytochalasin D', 'Isoorientin', 'toonacilin', 'Uracil', 'epoxy-fraxinellone', '12′-hydroxy-7′-multijuguinone', 'Kaempferitrin', 'Nitensidine C', 'Dipropyl disulphide', '2-methyl-5-[8(Z),11(Z)-pentadecadienyl]resorcinol', 'Methyl 6,7,8-trimethoxydihydrocinnamate', '2-Hexyl-3-methyl-butanodioic acid', 'fraxinellone', '6-[ 8(Z),11(Z) -pentadecadienyl] salicylic acid', '1-O-(E)-feruloyl-β-D-glucopyranoside', '6α-malonyloxymanoyl oxide', 'Benzylhydroxymethyl sulphide', '1,6-di-O-caffeoyl-β-D-glucopyranoside', 'Casearin X; (1R*,3S*,5S*,6aR*,7S*,8S*,10R*,10aR*)-1-(Acetyloxy)-3,5,6,6a,7,8,9,10-octahydro-10-hydroxy-7,8-dimethyl-7-[(2Z)-3-methylpenta-2,4-dien-1-yl]naphtho[1,8a-c]furan-3,5-diyl Dibutanoate', ""2-(R)-Methyl-6-(S)-(tetradecyl-13'-one)-3(R)-O-tert-butyldimethylsilyl-piperidine"", '(2S)-Methyl-2-methyl-8-(3""-methylbut-2""-enyl)-2-(4\'-methylpent-3\'-enyl)-2H-chromene-6-carboxylate', 'Casearin T', '28-O-β-D-glucopyranosyl quinovic acid', '2-Methyl-4-hydroxy-butyl caffeoate', 'N-1,N-2,N-3-Triisopentenylguanidine', 'Dibenzyl trisulphide', 'Maytenin, Tingenone', 'urauchimycin B', ""2-(2'-O-trans-caffeoyl)-C-β-D-glucopyranosyl-1,3,6,7-tetrahydroxyxanthone"", 'Netzahualcoyene', 'Casearin X Dialdehyde; (2R*,4aS*,5S*,7R*,8R*,8aS*)-4,4a-Diformyl-1,2,4a,5,6,7,8,8a-octahydro-5-hydroxy-7,8-dimethyl-8-[(2Z)-3-methylpenta-2,4-dien-1-yl]naphthalen-2-yl Butanoate', 'polypodine B', 'n-Propyl gallate', ""3',4',5',5,7,8-hexamethoxyflavone"", 'Quercetin 3-O-sophoroside', '(3R,4R)-3,4-Dihydro-4,6-dihydroxy-3-methyl-1-oxo-1H-isochromene-5-carboxylic acid', '24-methylene-3,22-dihydroxycholesterol', 'amorphispironone', 'Casearupestrin D', 'Chaetoglobosin B', ""2-(2'-O-benzoyl)-C-β-D-glucopyranosyl-1,3,6,7-tetrahydroxyxanthone"", '19,20-Epoxycytochalasin C', 'n-Pentyl gallate', 'Orcinol', 'Periconicin B', 'Phomopsilactone', ""(2S)-8-Isopentyl-2-methyl-2-(4'-methylpentyl)chroman-6-carboxylic acid"", '2,2-dimethyl-2H-chromene-6-carboxylic acid', '1,2-dihydro- 3β-hydroxy-7-deacetoxy-7-oxogedunin', 'Photogedunin', '(2S)-2-methyl-8-(3""-methylbut-2""-enyl)-2-(4\'-methylpent-3\'-enyl)-2H-chromene-6-carboxylic acid', 'Burchellin', '5-[8(Z)-pentadecenyl]resorcinol', 'Luteolin; 2-(3,4-dihydroxyphenyl)-5,7-dihydroxy-4H-chromen-4-one', 'Sinapic acid', '19,20-Epoxycytochalasin Q', '19,20-Epoxycytochalasin R', 'Muraxanthone', 'Piperyline, N-[10-(13,14-methylenedioxyphenyl)-7(E),9(E)-pentadienoyl]-pyrrolidine', 'ω-fenil alcanoic acid', '2-butyl-D-fructofuranoside', ""Gaudichaudianic acid; (2S)-2-methyl-2-(4'methyl-3'-pentenyl)-8-(3''-methyl-2-butenyl)- 2H-1-benzopyran-6-carboxylic acid"", 'limonexic acid', 'Pedalitin', 'Di(benzyltrithio) methane', '3,11,12-Trihydroxycadalene', 'Casearupestrin A', '2-oxo-piperol B; (7S*, 8R*, 1R*, 3R*)-3,4,5-trimethoxy-3,7-cyclo-8,1-neolig-8-ene-2,4(3H)-dione', 'taxifolin', ""(2'S)-2-(propan-2'-ol)-5-hydroxy-benzopyran-4-one"", 'Rel-(+)-(7S,9R,10S)-3,9,12-trihydroxycalamenene', 'Casearin S', '11β-acetoxyobacunone', '1-(5,7-dihydroxy-2,2-dimethylchroman- 6-yl)-3-[4-hydroxy-3-(3-methylbut-2-en-1-yl)- phenyl]propan-1-one', '(3R,4R)-4,7-Dihydroxymellein', ""Nitensoside B; Pedalitin 6-O-α-rhamnopyranosyl(1'''→6'')-β-glucopyranoside"", 'Amentoflavone', 'Odoratone', 'Rel-6β-hydroxyzuelanin-2β-benzoate', 'Isoplumericin', 'α-L-xylopyranosyl-(4""→20)-(3-O-β-D-glucopyranosyl)-1\'-O-E-caffeoyl-β-D-glucopyranoside', '6-[8(Z)-pentadecenyl]salicylic acid', 'Pedalin, pedalitin 6-O-β -glucopyranoside', 'Caseargrewiin F; (1R*,3S*,5S*,6aR*,7S*,8R*,10R*,10aR*)-1,3-Bis(acetyloxy)-3,5,6,6a,7,8,9,10-octahydro-10-hydroxy-7,8-dimethyl-7-[(2Z)-3-methylpenta-2,4-dien-1-yl]naphtho[1,8a-c]furan-5-yl Butanoate', 'Casearin L; (1R*,3S*,5S*,6aR*,7R*,8R*,9S*,10S*,10aR*)-1,10-Bis(acetyloxy)-3,5,6,6a,7,8,9,10-octahydro-9-hydroxy-5-methoxy-7,8-dimethyl-7-[(2Z)-3-methylpenta-2,4-dien-1-yl]naphtho[1,8a-c]-furan-3-yl Butanoate', 'Netzahualcoyondiol', 'Pristimerin; 20α-3-hydroxy-2-oxo-24-nor-friedela-1-10,3,5,7-tetraen-carboxylic acid-29-methylester', '3,4,5-trimethoxyphenyl 1-O-β-D-apiofuranosyl-(1→6)-O-β-D-glucopyranoside', 'β-photogedunin', 'n-Butyl gallate', ""5-[3''-(β-D-glucopyranosyloxy)propyl]-7-methoxy-2-(3',4'-dimethoxyphenyl)benzofuran"", '3,12-Dihydroxycadalene', '7-hydroxy-3- (11-dimethylallyl)-8-methoxycoumarin', ""N-[7-(3',4'-methylenedioxyphenyl)-2(Z),4(Z)-heptadienoyl]pyrrolidine"", ""Acteoside; [β-3,4-dihydroxyphenyl)-ethyl]-(3'-O-α-L-rhamnopyranosyl)-(4'-O-cafeoyl)-β-D-glycopyranoside, verbascoside"", 'Piperol B', '(-)-Hardwickiic acid', ""5-[3''-(β-D-glucopyranosyloxy)propyl]-7-methoxy-2-(3',4'-methylenedioxyphenyl)benzofuran"", '3,4,5-Triacetoxybenzoic acid', '1-(5,7-dihydroxy-2,2-dimethylchroman-6-yl)-3-(1,1,4a-trimethyl-2,3,4,4a,9a-hexahydro-1H-xanthen-7-yl)propan-1-one', 'Methyl (E)-6,7,8-trimethoxycinnamate', '3,4,5-Trimethoxyphenyl-1-O-β-D-(5-O-syringoyl)-apiofuranosyl-(1→6)-β-D-glucopyranoside', '6-[8(Z),11(Z),14-pentadecatrienyl]salicylic acid', 'Sorbifolin', ""Nitensoside A; Sorbifolin 6-O-α-rhamnopyranosyl(1'''→6'')-β-glucopyranoside"", 'Casearin O; (1R*,3S*,5S*,6aR*,7R*,8R*,9S*,10S*,10aR*)-1,10-Bis(acetyloxy)-5-methoxy-7,8-dimethyl-7-[(2Z)-3-methylpenta-2,4-dien-1-yl]-3,5,6,6a,7,8,9,10-octahydronaphtho[1,8a-c]furan-3,9-diyl Dibutanoate', 'shidasterone', '5-hydroxymethyl- 2-furancarboxaldehyde; 5-hydroxymethyl-2-furfuraldehyde', 'atalaphyllinine', 'N-[10- (13,14-methylenedioxyphenyl)-7(E)-pentaenoyl]-pyrrolidine', '2-Methyl-5-methoxy-benzopyran-4-one', '3,4-dihydroxybenzoic acid geranyl ester', 'N-[10-(13,14-methylenedioxyphenyl)-7(E),9(Z)-pentadienoyl]-pyrrolidine', 'Gedunin', '3-O-β-D-quinovopyranosyl cincholic acid', 'Afzelin, 3-O-α-rhamnosyl kaempferol', 'Egonol', '4-Nerolidilcatechol', ""2-(2'-O-transcoumaroyl)-C-β-D-glucopyranosyl-1,3,6,7-tetrahydroxyxanthone"", 'Syringic acid', '(+)-3-O-feruloylcassine', '6-pentadecylsalicylic acid', 'Methyl-2,2-dimethylchroman-6-carboxylate', ""Myrsinoic acid A, 3-Geranyl-4-hydroxy-5-(3'',3''-dimethylallyl)benzoic acid"", '20α-Hydroxymaytenin; 20-hydroxy-20-epi-tingenone', 'Platydesmine', 'Leiokinine A', 'Cabraleadiol', 'schaftoside', ""(2S)-Methyl-8-isopentyl-2-methyl-2-(4'-methylpentyl)chroman-6-carboxylate"", '(-)-Epigallocatechin-3-O-gallate', 'Casearin D; (1R*,3S*,5S*,6aR*,7R*,8R*,9S*,10S*,10aR*)-1-(Acetyloxy)-3,5,6,6a,7,8,9,10-octahydro-5,10-dihydroxy-7,8-dimethyl-7-[(2Z)-3-methylpenta-2,4-dien-1-yl]naphtho[1,8a-c]furan-3,9-diyl Dibutanoate', 'Rel. (+)-(7S,10S) 3,12-dihydroxycalamenene', 'carlinoside', 'Methyl-8-(ethanoyloxy)-2,2-dimethyl-2H-chromene-6-carboxylate', 'arjunolic acid', 'stachysterone', 'Ethyl 2,4-dihydroxy-5,6-dimethylbenzoate', 'Amentoflavone 7”,4”’-dimethyl ether', 'Picramnioside F', 'Lauryl gallate', 'Syringaldehyde', '22-hydroxytirucalla-7,24-diene-2,3-dione', 'Trans-3’-methylsulphonylallyl trans-cinnamate', 'germacrene D', 'Methyl gallate', '5-[8(Z),11(Z)-pentadecadienyl]resorcinol', '(-)-Spectalinine', '(3-(2-(4-hydroxyphenyl)-2-oxoethyl)-5,6-dihydropyridin- 2(1H)-one)', 'Mangiferin', 'Salacin', 'Viburgenin', ""Pterogynoside; Kaempferol-3-O-(3''-O-4'''-methylgallate-α-L-rhamnoside)"", 'Isobutyl gallate', '7′-multijuguinone', 'Griseofulvin', ""7-Hydroxy-4',6-dimethoxyisoflavone; Afrormosin; Afromosin"", '8-methoxymellein', '(±)-Syringaresinol', 'Cyclo-(L-Pro-L-Val)', 'Acetonide of odoratol', '(−)-Grandisin', '2β-Hydroxyzuelanin-6β-cinnamate', 'Cognatine', 'Fagaramide', 'Chalepin', 'Chlorogenic acid', '(4R)-4,8-dihydroxy-α-tetralone', 'Kaempferol']]",doi_name
"['10.1021/np9703656', ""N-[7-(3',4'-methylenedioxyphenyl)-2(Z),4(Z)-heptadienoyl]pyrrolidine""]","['10.1021/np9703656', ['guaiol', 'Hinesol', 'γ-eudesmol', 'α-eudesmol', 'Galioside aglicone', 'Teucrein', '11-O-trans-feruloylteucrein', 'Apodanthoside', 'Galioside', ""3,4-dimethyl-2-(4'-hydroxy-3',5'-dimethoxyphenyl)-5-methoxy-tetrahydrofuran"", '3,21-Di-epi-feroniellide B', '21β,25-dimethylmelianodiol', '21α,25-dimethylmelianodiol', '(-)-3-O-acetyl-spectaline', 'Citibrasine', '2,3-dihydro-4,9-dihydroxy-2-(2-hydroxy-propan-2-yl)- 11-methoxy-10-methylfuro[3,2-b]acridin-5(10H)-one', 'bis-5-hydroxyacronycine', '(+)-α-Hydroxyerysotrine', '(+)-11α-Hydroxyerythravine', '(+)-Erythravine', 'Nitensidine E', 'Nitensidine D', '2α,3α,19α- trihydroxyurs-12-en-28-oic acid', '3,3-O-dimethylquercetin', 'penduletin 4-O-methyl ether', '3-O-methylquercetin', '3,7,4-O-trimethylkaempferol', 'p-hydroxybenzoic acid', 'Chrysoeriol', 'acacetin', '2α,3α-dihydroxyolean-12- en-28-oic acid', 'Deoxycordifoline', 'Strictosidine acid', '5α-carboxystrictosidine', 'Harman-3-carboxylic acid', '3,4-dehydrostrictosidine acid', 'Cordifoline', '3,4-dehydro-strictosidine', 'Turbinatine', 'Methyl (3R,4R,5R)-3-{[(2E)-3-(3,4-dihydroxyphenyl)-2-propenoyl]oxy}-1,4,5-trihydroxycyclohexanecarboxylate', 'Methyl (3R,4R,5R)-3-{[(2Z)-3-(3,4-dihydroxyphenyl)-2-propenoyl]oxy}-1,4,5-trihydroxycyclohexanecarboxylate', '9-hydroxyeugenin', 'Mycoleptone A', 'Mycoleptone B', 'Mycoleptone A tetraacetate', 'Austdiol', 'Eugenitin', 'Austdiol diacetate', '6-methoxyeugenin', ""3',4'-methylenedioxy-5,5',6,7-tetramethoxyflavone"", ""2'-hydroxy-3,4,4'-trimethoxy-5',6'-(2'',2''-dimethylpyrano)-chalcone"", ""3',4'-methylenedioxy-5,6,7- trimethoxyflavone"", ""3',4'-methylenedioxy-5,7-dimethoxyflavone"", ""Methyl taboganate; Methyl 4-hydroxy-3-(3'-methyl-1'-oxo-2'-butenyl)benzoate"", ""2',6'-Dihydroxy-4'-methoxydihydrochalcone"", 'Methyl 2,2-dimethyl-1-oxo-2H-1-benzopyran-6-carboxylate', 'Piperaduncine B', '3,4,5-Trimethoxydihydrocinnamic acid', ""4-Hydroxy-3-(3',7'-dimethylocta-2'-E-6'-dienyl)benzoic acid"", ""Hostmaniene; 4-Hydroxy-3-(2',3'-dihydroxy-3'-methylbutyl)benzoate"", ""Methyl 4-hydroxy-3-(3'-methyl-2'-butenyl)benzoate"", ""Aduncumene; Methyl 2-methoxy-5-(3'-methyl-1'-oxo-2'-butenyl)benzoate"", ""4-Hydroxy-(3',7'-dimethyl-1'-oxo-octa-2'-Z-6'-dienyl)benzoic acid"", ""Methyl 4-hydroxy-3-(3'-methyl-2'-hydroxy-3'-butenyl)benzoate"", '7-Methoxydiderroside', ""6'-Acetyl-β-D-glucopyranosyldiderroside"", 'Diderroside', 'Secoxyloganin', 'Aphidicolin', ""3',4',5',3,5,7,8-heptamethoxyflavone"", ""3,5,6,7,3',4',5'-heptamethoxyflavonol"", '2-n-Pentylquinoline', '2-n-Propylquinoline', ""2-(1'-pentenyl)-Quinoline"", ""2-(3',4'-methylenedioxyphenylethyl)-Quinoline"", '5,7-dimethoxy-2,2-dimethyl-2H-1-benzopyran-6-propanoate', 'Chlorogenic acid methyl ester, Methyl (1S,3R,4R,5R)-3-{[(2E)-3-(3,4-dihydroxyphenyl)-2-propenoyl]oxy}-1,4,5-trihydroxycyclohexanecarboxylate', 'Taraxerol acetate', 'Stearic acid 4-pentoyloxyphenethyl ester', ""Rel-(7R,8S,7'S,8'S)-4'-hydroxy-3,4,5,3',5'-pentamethoxy-7,7'-epoxylignan"", ""Rel-(7R,8S,7'S,8'S)-4,5,4',5'-dimethylenedioxy-3,3'-dimethoxy-7,7'-epoxylignan"", ""Rel-(7R,8S,7'S,8'S)-4-hydroxy-4',5'-methylenedioxy-3,5,3'-trimethoxy-7,7'-epoxylignan"", ""Rel-(7R,8S,7'S,8'S)-9-hydroxy-4',5'-methylenedioxy-3,4,5,3'-tetramethoxy-7,7'-epoxylignan"", ""Rel-(7R,8S,7'S,8'S)-4',5'-methylenedioxy-3,4,5,3'-tetramethoxy-7,7'-epoxylignan"", ""4-Methoxy-3-(3',7'-dimethylocta-2'-E-6'-dienyl)benzoic acid"", ""3-(3',7 '-dimethyl-2',6 '-octadienyl)-4-methoxy-benzoic acid"", 'Methyl-8-hydroxy-2,2-dimethyl-2H-chromene-6-carboxylate', '4-metoxi-6-[2-(metilamino)fenil]- 2H-piran-2-ona', 'Nectandrin B', 'Verrucosin', 'Epi-guaiacin', '7-Methyl-sargachromenol; 2,7,8-Trimethyl-2-[(3-E,7-Z)-4,12-dimethyl-8-carboxyl-3,7,11-tridecatrienyl]-3-chromen-6-ol, β-caroteno', ""Isoswertisin-4'-methyl-ether-2''α-L-rhamnoside"", 'Clusifoliol', '2-Episesalatin', ""Isoswertisin-2''α1-L-rhamnoside"", 'Sesartemin', 'Nilocetin', 'Hispidol A', 'Oleanonic acid', 'Piscidinol A', 'cryptomeridiol', '3,11-dioxoolean-12-en-28- onic acid', 'Iso-odoratol', 'Pentaol', 'Anhydrofusarubin', 'Beauvericin', 'α-Gardiol', 'Ferulic acid', 'β-Gardiol', 'Pyranofoline', '1,3,5-trihydroxy- 2,8-bis(3-methylbut-2-enyl)-10-methyl-9-acridone', '5-hydroxynoracronycine; Atalaphyllidine', 'Glycocitrine-I', 'Glycocitrine-IV', '1,3,5-trihydroxy-4-methoxy-10-methyl- 2,8-bis(3-methylbut-2-enyl)acridin-9(10H)-one', 'Citrusinine-I', '3,4-dihydro-3,5,8-trihydroxy-6-methoxy-2,2,7-trimethyl-2Hpyrano[ 2,3-a]acridin-12(7H)-one', 'Citrusinine-II', 'astilbin; Rel-(2R, 3R)-dihydroquercetin-3-O-±-L-rhamnoside', 'Xanthyletin', 'Pimara-7,15-dien-3β-ol', 'Dimethyl terephthalate', '(22E,24R)-ergosta-4,6,8(14),22-tetraen-3-one', '8-hydroxy-6-methoxy-3-methylisocoumarin', 'Ergosterol peroxide', 'cyclo (L)-Pro-Gly', '1-methoxy-3-hydroxy-3,10b-4,5a-diepoxy-8b-isobutyroyloxygermacr-11(13)-en-6a,12-olide', 'Tagitinin C', '6-Hydroxy-rutin', 'Kaempferol-3-O-rutinoside', 'Quercetin-3-O-α-L-rhamnopyranosyl-(1→6)-β-D-galactopyranoside', 'Procyanidin B-3', 'Kaempferol-3-O-D-galactopyranoside', 'Kaempferol-3-O-D-glucopyranoside', 'Kaempferol-3-O-α-L-rhamnopyranosyl-(1-6)-α-L-rhamnopyranosyl-(1-4)-β-D-glucopyranoside', 'Kaempferol-3-O-α-L-rhamnopyranosyl-(1→6)-β-D-galactopyranoside', 'Catechin, Ent-catechin', ""4-Hydroxy-3-(3',7'-dimethyl-3'-hydroxy-1'-oxo-6'-octenyl)benzoic acid"", ""4-Hydroxy-(3',7'-dimethyl-1'-oxo-octa-2'-E-6'-dienyl)benzoic acid"", ""1,4-Dihydroxy-2-(3',7'-dimethyl-1'-oxo-2'-E-6'-octadienyl)benzene"", ""Sakuranetin; 5,4'-dihydroxy-7-methoxyflavanone"", ""Isosakuranetin; 5,7-dihydroxy-4'-methoxyflavanone"", '17-(3,4-Methylenedioxyphenyl)-heptadecanoic acid', ""7,4'-Dimethoxyflavone"", '21´-(3,4-Methylenedioxyphenyl)-henicosanoic acid', 'Sargachromenol', '(+)-Guaiacin', '19´-(3,4-Methylenedioxyphenyl)-nonadecanoic acid', ""7,4'-Dihydroxyflavone"", 'Sargaquinoic acid', 'Farnisine', ""Juruenolic acid; 2-(4'-Methylpentenyl-3)-10-oxoundecan-2,6-dienoic acid"", 'Tithonine', 'Fasciculiferin', '5,7-dimethoxy-2,2-dimethyl-2H-1-benzopyran-6-propanoic acid', 'Isopimpinellin', '(3Z,5Z)-N-isobutyl-8-(30,40-methylenedioxy-phenyl)-heptadienamide', 'Pellitorine', 'Piperine', '8,9-dihydropiplartine; N-(12,13,14-trimethoxydihydrocinnamoyl)-Δ3-pyridin-2-one', '4,5-dihydropiperlonguminine; Piperlonguminine', ""N-[3-(6'-methoxy-3',4'-methy-lenedioxyphenyl)-2(Z)-propenoyl]pyrrolidine"", '(E)-piplartine', '(Z)-piplartine; 8(Z)-N-(12,13, 14-trimethoxycinnamoyl)- 3-pyridin-2-one', '4,5-dihydropiperyline', '10,11-dihydropiperine; Δα,β-dihydropiperine', 'β-caryophyllene, trans-caryophyllene', 'Methacrylic acid', 'Cusculine; 1,2,3,5,6-pentamethoxy-9-acridone', 'Cuspanine; 1-hydroxy-2,3,5,6-tetramethoxy-9-acridone', '2α,3α-Dihydroxy-urs-12-en-28-oic acid', 'Oleanolic acid 3-sophoroside', '3-O-β-D-(6’-methyl)-glucopyranosyl-28-O-β-D-glucopyranosyl-oleanate', 'Haplotusine', 'β-Sitosterol benzoate', '5-hydroxyflavone', '2-phenyl-4H-chromen-4-one', 'Sinapyl 4-O-β-D-glucopyranoside aldehyde', 'Sinapyl 4-O-β-D-glucopyranoside alcohol', 'Liriodenine', 'N-acetylnonaine', '[10]-gingerol', ""2,4-Dihydroxy-6-[(1'E,3'E)-penta-1', 3'-dienyl]-benzaldehyde"", '2-methyl-5-[8(Z)-pentadecenyl]resorcinol', 'Nitensidine A', '2-hydroxyphenylacetic acid', '3-O-β-D-quinovopyranosyl quinovic acid', ""8-hydroxy-3,5,7,3',4',5'-hexamethoxyflavonol"", 'Kaempferol', '(4R)-4,8-dihydroxy-α-tetralone', 'Chlorogenic acid', 'Odoratol', ""2-(2'-O-trans-caffeoyl)-C-β-D-glucopyranosyl-1,3,6,7-tetrahydroxyxanthone"", 'Netzahualcoyene', 'Casearin X Dialdehyde; (2R*,4aS*,5S*,7R*,8R*,8aS*)-4,4a-Diformyl-1,2,4a,5,6,7,8,8a-octahydro-5-hydroxy-7,8-dimethyl-8-[(2Z)-3-methylpenta-2,4-dien-1-yl]naphthalen-2-yl Butanoate', 'polypodine B', 'n-Propyl gallate', 'Leptomerine', '5-hydroxy-N-methylseverifoline', '19,20-Epoxycytochalasin N', 'ellagic acid 4-O-α-L-rhamnopyranoside; eschweilenol C', 'Mayoside C', 'Ourateacatechin', ""3',4',5',5,7-pentamethoxyflavone"", '2-methyl-5-pentadecylresorcinol', '3β-hydroxy-stigmast-5-en-7-one; 24-β-7-oxositosterol', 'scillascillin', '7′-multijuguinone', 'Griseofulvin', ""7-Hydroxy-4',6-dimethoxyisoflavone; Afrormosin; Afromosin"", '8-methoxymellein', '(±)-Syringaresinol', 'Cyclo-(L-Pro-L-Val)', 'fraxinellonone', 'Dibenzyl sulphide', 'Maytenin, Tingenone', 'urauchimycin B', 'Ocotillone', 'des-N-methylnoracronycine', 'Sorbifolin 6-O-β-glucopyranoside', 'Rel-2α-hydroxyzuelanin-6β-benzoate', '2,6-di-O-acetylcasearupestrin D', ""Methyl-2,2-dimethyl-8-(3'-methylbut-2'-enyl)chroman-6-carboxylate"", '2,7-Di-O-acetylcasearupestrin A', 'Nitensidine B', '1-methyl-2-n-nonyl-4-quinolone', '5-[8(Z),11(Z),14-pentadecatrienyl]resorcinol', 'Gallic acid; 3,4,5-trihydroxybenzoic acid', 'Chalepin', ""2',5-dihydroxy-3-methoxy-8-dimethylallyl-6, 7-(2' ',2''-dimethylpyrano)-dihydroflavonol"", '2-n-nonyl-4-quinolone', 'Cytochalasin D', 'Isoorientin', 'Maculosidine', 'Podocarpusflavone A', 'Casearupestrin C', '6α-malonyloxy-n-butyl ester manoyl oxide', 'citrusinine-I', 'Ricinine', 'Leptophyllin A', '5-pentadecylresorcinol', 'Homoegonol', '[8]-gingerol', '4-Hydroxymellein', '5-hydroxymellein', 'Benzylhydroxymethyl sulphide', '1,6-di-O-caffeoyl-β-D-glucopyranoside', '2-methyl-5-[8(Z),11(Z),14-pentadecatrienyl]resorcinol', '20-hydroxyecdysone; polypodine A', '3-Acetyl aleuritolic acid', 'Alkenoic acid', '(-) Cis-4-hydroxy-6-deoxyscytalone', 'Plumericin', '5-[8(Z),11(Z)-pentadecadienyl]resorcinol', '(-)-Spectalinine', 'Netzahualcoyondiol', '19,20-Epoxycytochalasin D', 'fumiquinozoline F', 'Kaempferol 3-O-α-L-rhamnopyranosyl (1→6)-O-[β -D-glucopyranosyl (1→3)-O-α-L-rhamnopyranosyl-(1→2)]-O-β -D-glucopyranosyl', '3β-O-[α-L-rhamnopyranosyl-(1→2)-O-β-D-glucopyranosyl-(1→2)-O-β-D-glucopyranosyl]-28-O-β-D-glucopyranoside pomolate', 'Dibenzyl tetrasulphide', 'Quercetin', ""2-(2'-O-trans-cinnamoyl)-C-β-D-glucopyranosyl-1,3,6,7-tetrahydroxyxanthone"", 'Kokusaginine', 'Piperol B', '(-)-Hardwickiic acid', ""5-[3''-(β-D-glucopyranosyloxy)propyl]-7-methoxy-2-(3',4'-methylenedioxyphenyl)benzofuran"", '28-O-β-D-glucopyranosyl quinovic acid', '2-Methyl-4-hydroxy-butyl caffeoate', 'N-1,N-2,N-3-Triisopentenylguanidine', 'Dibenzyl trisulphide', 'urauchimycin A', 'p-Coumaric acid', '(-)-Epigallocatechin', 'Netzahualcoyonol', '1-[3-(3,7-dimethylocta-2,6-dien-1-yl)-2,4,6- trihydroxyphenyl]-3-(4-hydroxyphenyl)propan-1-one', '6α-malonyloxymanoyl oxide', 'Arboreumine', '3-Oxoursolic acid', 'Casearupestrin B', 'toonacilin', 'Uracil', 'Pristimerin; 20α-3-hydroxy-2-oxo-24-nor-friedela-1-10,3,5,7-tetraen-carboxylic acid-29-methylester', '3,4,5-trimethoxyphenyl 1-O-β-D-apiofuranosyl-(1→6)-O-β-D-glucopyranoside', 'β-photogedunin', 'n-Butyl gallate', ""5-[3''-(β-D-glucopyranosyloxy)propyl]-7-methoxy-2-(3',4'-dimethoxyphenyl)benzofuran"", '3,12-Dihydroxycadalene', ""5-(3'' -Hydroxypropyl)-7-methoxy-2-(3',4' -methyl-enedioxyphenyl)benzofuran"", '22β-hydroxypristimerin', '1- (5,7-dihydroxy-2,2-dimethylchroman-6-yl)-3-(2,2-dimethylchroman- 6-yl)propan-1-one', 'Canavaline', 'Di-hydrodehydrodiconiferyl alcohol', ""N-[7-(3',4'-methylenedioxyphenyl)-2(Z),4(Z)-heptadienoyl]pyrrolidine"", ""Acteoside; [β-3,4-dihydroxyphenyl)-ethyl]-(3'-O-α-L-rhamnopyranosyl)-(4'-O-cafeoyl)-β-D-glycopyranoside, verbascoside"", '1-O-(E)-feruloyl-β-D-glucopyranoside', '19,20-Epoxycytochalasin C', 'n-Pentyl gallate', 'Orcinol', 'Periconicin B', 'Phomopsilactone', ""(2S)-8-Isopentyl-2-methyl-2-(4'-methylpentyl)chroman-6-carboxylic acid"", '2,2-dimethyl-2H-chromene-6-carboxylic acid', '1,2-dihydro- 3β-hydroxy-7-deacetoxy-7-oxogedunin', 'Photogedunin', 'Casearin X; (1R*,3S*,5S*,6aR*,7S*,8S*,10R*,10aR*)-1-(Acetyloxy)-3,5,6,6a,7,8,9,10-octahydro-10-hydroxy-7,8-dimethyl-7-[(2Z)-3-methylpenta-2,4-dien-1-yl]naphtho[1,8a-c]furan-3,5-diyl Dibutanoate', ""2-(R)-Methyl-6-(S)-(tetradecyl-13'-one)-3(R)-O-tert-butyldimethylsilyl-piperidine"", 'Quercetin 3-O-α-L-rhamnopyranosyl (1→6)-O-[β -D-glucopyranosyl (1→3)-O-α-L-rhamnopyranosyl-(1→2)]-O-β -D-glucopyranosyl', 'Heveaflavone', 'α-L-xylopyranosyl-(4""→20)-(3-O-β-D-glucopyranosyl)-1\'-O-E-caffeoyl-β-D-glucopyranoside', 'epoxy-fraxinellone', '(2S)-Methyl-2-methyl-8-(3""-methylbut-2""-enyl)-2-(4\'-methylpent-3\'-enyl)-2H-chromene-6-carboxylate', 'Casearin T', 'Piperyline, N-[10-(13,14-methylenedioxyphenyl)-7(E),9(E)-pentadienoyl]-pyrrolidine', 'ω-fenil alcanoic acid', '2-butyl-D-fructofuranoside', ""Gaudichaudianic acid; (2S)-2-methyl-2-(4'methyl-3'-pentenyl)-8-(3''-methyl-2-butenyl)- 2H-1-benzopyran-6-carboxylic acid"", 'limonexic acid', 'Pedalitin', 'Skimmianine', 'p-hydroxybenzoic acid-geranyl ester', 'Dibenzyl disulphide', 'Proanthocyanidin', 'neoisoastilbin', '7-hydroxy-3- (11-dimethylallyl)-8-methoxycoumarin', 'Sinapic acid', '19,20-Epoxycytochalasin Q', '(R)-7-Hydroxymellein', '6α-acetoxymanoyl oxide', 'Methyl-8-hydroxy-2,2-dimethylchroman-6-carboxylate', '6α-acetoxy-14β,15β-epoxyazadirone', 'Di(benzyltrithio) methane', '3,11,12-Trihydroxycadalene', 'Quercetin 3-O-sophoroside', '(3R,4R)-3,4-Dihydro-4,6-dihydroxy-3-methyl-1-oxo-1H-isochromene-5-carboxylic acid', '24-methylene-3,22-dihydroxycholesterol', 'amorphispironone', 'Casearupestrin D', 'Chaetoglobosin B', ""2-(2'-O-benzoyl)-C-β-D-glucopyranosyl-1,3,6,7-tetrahydroxyxanthone"", 'Isoplumericin', 'Gedunin', 'Pedalin, pedalitin 6-O-β -glucopyranoside', '12′-hydroxy-7′-multijuguinone', 'Kaempferitrin', 'Nitensidine C', 'Dipropyl disulphide', '2-methyl-5-[8(Z),11(Z)-pentadecadienyl]resorcinol', 'Methyl 6,7,8-trimethoxydihydrocinnamate', '2-Hexyl-3-methyl-butanodioic acid', 'fraxinellone', '6-[ 8(Z),11(Z) -pentadecadienyl] salicylic acid', '6-[8(Z)-pentadecenyl]salicylic acid', '(2S)-2-methyl-8-(3""-methylbut-2""-enyl)-2-(4\'-methylpent-3\'-enyl)-2H-chromene-6-carboxylic acid', 'Burchellin', '5-[8(Z)-pentadecenyl]resorcinol', 'Luteolin; 2-(3,4-dihydroxyphenyl)-5,7-dihydroxy-4H-chromen-4-one', 'taxifolin', ""(2'S)-2-(propan-2'-ol)-5-hydroxy-benzopyran-4-one"", 'Rel-(+)-(7S,9R,10S)-3,9,12-trihydroxycalamenene', 'Casearin S', '11β-acetoxyobacunone', '19,20-Epoxycytochalasin R', 'Muraxanthone', 'Odoratone', 'Rel-6β-hydroxyzuelanin-2β-benzoate', 'shidasterone', '5-hydroxymethyl- 2-furancarboxaldehyde; 5-hydroxymethyl-2-furfuraldehyde', 'atalaphyllinine', 'N-[10- (13,14-methylenedioxyphenyl)-7(E)-pentaenoyl]-pyrrolidine', '2-Methyl-5-methoxy-benzopyran-4-one', '3,4-dihydroxybenzoic acid geranyl ester', 'N-[10-(13,14-methylenedioxyphenyl)-7(E),9(Z)-pentadienoyl]-pyrrolidine', ""2-(2'-O-transcoumaroyl)-C-β-D-glucopyranosyl-1,3,6,7-tetrahydroxyxanthone"", 'Syringic acid', '(+)-3-O-feruloylcassine', '1-(5,7-dihydroxy-2,2-dimethylchroman-6-yl)-3-(1,1,4a-trimethyl-2,3,4,4a,9a-hexahydro-1H-xanthen-7-yl)propan-1-one', 'Methyl (E)-6,7,8-trimethoxycinnamate', '3,4,5-Trimethoxyphenyl-1-O-β-D-(5-O-syringoyl)-apiofuranosyl-(1→6)-β-D-glucopyranoside', 'Caseargrewiin F; (1R*,3S*,5S*,6aR*,7S*,8R*,10R*,10aR*)-1,3-Bis(acetyloxy)-3,5,6,6a,7,8,9,10-octahydro-10-hydroxy-7,8-dimethyl-7-[(2Z)-3-methylpenta-2,4-dien-1-yl]naphtho[1,8a-c]furan-5-yl Butanoate', 'Casearin L; (1R*,3S*,5S*,6aR*,7R*,8R*,9S*,10S*,10aR*)-1,10-Bis(acetyloxy)-3,5,6,6a,7,8,9,10-octahydro-9-hydroxy-5-methoxy-7,8-dimethyl-7-[(2Z)-3-methylpenta-2,4-dien-1-yl]naphtho[1,8a-c]-furan-3-yl Butanoate', 'Platydesmine', 'Leiokinine A', 'Cabraleadiol', 'schaftoside', ""(2S)-Methyl-8-isopentyl-2-methyl-2-(4'-methylpentyl)chroman-6-carboxylate"", '3,4,5-Triacetoxybenzoic acid', 'Casearupestrin A', '2-oxo-piperol B; (7S*, 8R*, 1R*, 3R*)-3,4,5-trimethoxy-3,7-cyclo-8,1-neolig-8-ene-2,4(3H)-dione', ""Myrsinoic acid A, 3-Geranyl-4-hydroxy-5-(3'',3''-dimethylallyl)benzoic acid"", '20α-Hydroxymaytenin; 20-hydroxy-20-epi-tingenone', '(-)-Epigallocatechin-3-O-gallate', 'Casearin D; (1R*,3S*,5S*,6aR*,7R*,8R*,9S*,10S*,10aR*)-1-(Acetyloxy)-3,5,6,6a,7,8,9,10-octahydro-5,10-dihydroxy-7,8-dimethyl-7-[(2Z)-3-methylpenta-2,4-dien-1-yl]naphtho[1,8a-c]furan-3,9-diyl Dibutanoate', 'Rel. (+)-(7S,10S) 3,12-dihydroxycalamenene', 'carlinoside', 'Methyl-8-(ethanoyloxy)-2,2-dimethyl-2H-chromene-6-carboxylate', '1-(5,7-dihydroxy-2,2-dimethylchroman- 6-yl)-3-[4-hydroxy-3-(3-methylbut-2-en-1-yl)- phenyl]propan-1-one', '(3R,4R)-4,7-Dihydroxymellein', ""Nitensoside B; Pedalitin 6-O-α-rhamnopyranosyl(1'''→6'')-β-glucopyranoside"", 'Amentoflavone', 'Methyl gallate', '3-O-β-D-quinovopyranosyl cincholic acid', 'Afzelin, 3-O-α-rhamnosyl kaempferol', 'Egonol', '4-Nerolidilcatechol', 'Syringaldehyde', '22-hydroxytirucalla-7,24-diene-2,3-dione', 'Trans-3’-methylsulphonylallyl trans-cinnamate', '(3-(2-(4-hydroxyphenyl)-2-oxoethyl)-5,6-dihydropyridin- 2(1H)-one)', 'Mangiferin', 'Salacin', 'Viburgenin', ""Pterogynoside; Kaempferol-3-O-(3''-O-4'''-methylgallate-α-L-rhamnoside)"", 'Isobutyl gallate', '6-[8(Z),11(Z),14-pentadecatrienyl]salicylic acid', 'Sorbifolin', ""Nitensoside A; Sorbifolin 6-O-α-rhamnopyranosyl(1'''→6'')-β-glucopyranoside"", 'Casearin O; (1R*,3S*,5S*,6aR*,7R*,8R*,9S*,10S*,10aR*)-1,10-Bis(acetyloxy)-5-methoxy-7,8-dimethyl-7-[(2Z)-3-methylpenta-2,4-dien-1-yl]-3,5,6,6a,7,8,9,10-octahydronaphtho[1,8a-c]furan-3,9-diyl Dibutanoate', 'germacrene D', '6-pentadecylsalicylic acid', 'Methyl-2,2-dimethylchroman-6-carboxylate', ""3',4',5',5,7,8-hexamethoxyflavone"", 'Isopropyl gallate', '6β-hydroxy-7-epigardoside methyl ester', 'Tetrahydropiperyline, N-[10-(13,14-methylenedioxyphenyl)-pentanoyl]-pyrrolidine', 'Piperovatine', '2,4,6-trimethoxybenzoic acid', '1-O-(E)-caffeoyl-β-D-glucopyranoside', 'Quercitrin, 3-O-α-rhamnosylquercetin', 'Caseobliquin A', 'Methyl angolensate', 'arjunolic acid', 'stachysterone', 'Ethyl 2,4-dihydroxy-5,6-dimethylbenzoate', 'Amentoflavone 7”,4”’-dimethyl ether', 'Picramnioside F', 'Lauryl gallate', 'Acetonide of odoratol', '(−)-Grandisin', '24-methylenecycloartan-3b-ol', 'Ixoside', '2β-Hydroxyzuelanin-6β-cinnamate', 'Cognatine', 'Fagaramide']]",doi_name
"['10.1590/S0103-50532006000300017', '1,2-dihydro- 3β-hydroxy-7-deacetoxy-7-oxogedunin']","['10.1590/S0103-50532006000300017', [""3',4',5',3,5,7,8-heptamethoxyflavone"", ""3,5,6,7,3',4',5'-heptamethoxyflavonol"", 'γ-eudesmol', 'Hinesol', 'α-eudesmol', 'guaiol', 'Kaempferol-3-O-α-L-rhamnopyranosyl-(1-6)-α-L-rhamnopyranosyl-(1-4)-β-D-glucopyranoside', 'Quercetin-3-O-α-L-rhamnopyranosyl-(1→6)-β-D-galactopyranoside', 'Procyanidin B-3', '6-Hydroxy-rutin', 'Kaempferol-3-O-D-glucopyranoside', 'Kaempferol-3-O-D-galactopyranoside', 'Catechin, Ent-catechin', 'Kaempferol-3-O-rutinoside', 'Kaempferol-3-O-α-L-rhamnopyranosyl-(1→6)-β-D-galactopyranoside', '11-O-trans-feruloylteucrein', 'Teucrein', 'Galioside aglicone', 'Apodanthoside', 'Galioside', 'Pimara-7,15-dien-3β-ol', '(22E,24R)-ergosta-4,6,8(14),22-tetraen-3-one', 'Ergosterol peroxide', '8-hydroxy-6-methoxy-3-methylisocoumarin', 'Dimethyl terephthalate', '(+)-α-Hydroxyerysotrine', '(+)-11α-Hydroxyerythravine', '(+)-Erythravine', 'Tagitinin C', '1-methoxy-3-hydroxy-3,10b-4,5a-diepoxy-8b-isobutyroyloxygermacr-11(13)-en-6a,12-olide', 'Methyl (3R,4R,5R)-3-{[(2Z)-3-(3,4-dihydroxyphenyl)-2-propenoyl]oxy}-1,4,5-trihydroxycyclohexanecarboxylate', 'Methyl (3R,4R,5R)-3-{[(2E)-3-(3,4-dihydroxyphenyl)-2-propenoyl]oxy}-1,4,5-trihydroxycyclohexanecarboxylate', ""3,4-dimethyl-2-(4'-hydroxy-3',5'-dimethoxyphenyl)-5-methoxy-tetrahydrofuran"", 'Anhydrofusarubin', 'Beauvericin', '5,7-dimethoxy-2,2-dimethyl-2H-1-benzopyran-6-propanoic acid', '17-(3,4-Methylenedioxyphenyl)-heptadecanoic acid', ""7,4'-Dihydroxyflavone"", ""7,4'-Dimethoxyflavone"", '21´-(3,4-Methylenedioxyphenyl)-henicosanoic acid', '(+)-Guaiacin', '19´-(3,4-Methylenedioxyphenyl)-nonadecanoic acid', 'Farnisine', 'Sargachromenol', 'Sargaquinoic acid', ""Juruenolic acid; 2-(4'-Methylpentenyl-3)-10-oxoundecan-2,6-dienoic acid"", 'Fasciculiferin', 'Tithonine', 'Chlorogenic acid methyl ester, Methyl (1S,3R,4R,5R)-3-{[(2E)-3-(3,4-dihydroxyphenyl)-2-propenoyl]oxy}-1,4,5-trihydroxycyclohexanecarboxylate', ""4-Hydroxy-3-(3',7'-dimethyl-3'-hydroxy-1'-oxo-6'-octenyl)benzoic acid"", ""1,4-Dihydroxy-2-(3',7'-dimethyl-1'-oxo-2'-E-6'-octadienyl)benzene"", ""4-Hydroxy-(3',7'-dimethyl-1'-oxo-octa-2'-E-6'-dienyl)benzoic acid"", ""Isosakuranetin; 5,7-dihydroxy-4'-methoxyflavanone"", ""Sakuranetin; 5,4'-dihydroxy-7-methoxyflavanone"", 'Nitensidine D', 'Nitensidine E', '2α,3α,19α- trihydroxyurs-12-en-28-oic acid', '3,3-O-dimethylquercetin', 'penduletin 4-O-methyl ether', '2α,3α-dihydroxyolean-12- en-28-oic acid', '3,7,4-O-trimethylkaempferol', 'Chrysoeriol', '3-O-methylquercetin', 'p-hydroxybenzoic acid', 'acacetin', '4-metoxi-6-[2-(metilamino)fenil]- 2H-piran-2-ona', 'Taraxerol acetate', ""3',4'-methylenedioxy-5,5',6,7-tetramethoxyflavone"", ""2'-hydroxy-3,4,4'-trimethoxy-5',6'-(2'',2''-dimethylpyrano)-chalcone"", ""3',4'-methylenedioxy-5,6,7- trimethoxyflavone"", ""3',4'-methylenedioxy-5,7-dimethoxyflavone"", 'Mycoleptone A', '9-hydroxyeugenin', 'Austdiol', 'Mycoleptone B', 'Mycoleptone A tetraacetate', '6-methoxyeugenin', 'Austdiol diacetate', 'Eugenitin', 'Aphidicolin', '3,4-dehydrostrictosidine acid', 'Turbinatine', '5α-carboxystrictosidine', '3,4-dehydro-strictosidine', 'Cordifoline', 'Harman-3-carboxylic acid', 'Strictosidine acid', 'Deoxycordifoline', 'Nilocetin', 'Hispidol A', '3,11-dioxoolean-12-en-28- onic acid', 'Iso-odoratol', 'Piscidinol A', 'Pentaol', 'cryptomeridiol', 'Oleanonic acid', 'astilbin; Rel-(2R, 3R)-dihydroquercetin-3-O-±-L-rhamnoside', ""Isoswertisin-4'-methyl-ether-2''α-L-rhamnoside"", 'Clusifoliol', '2-Episesalatin', ""Isoswertisin-2''α1-L-rhamnoside"", 'Sesartemin', '3,21-Di-epi-feroniellide B', '21α,25-dimethylmelianodiol', '21β,25-dimethylmelianodiol', 'Citrusinine-II', '3,4-dihydro-3,5,8-trihydroxy-6-methoxy-2,2,7-trimethyl-2Hpyrano[ 2,3-a]acridin-12(7H)-one', 'Glycocitrine-IV', 'Citrusinine-I', '1,3,5-trihydroxy- 2,8-bis(3-methylbut-2-enyl)-10-methyl-9-acridone', 'Glycocitrine-I', 'Pyranofoline', '5-hydroxynoracronycine; Atalaphyllidine', '1,3,5-trihydroxy-4-methoxy-10-methyl- 2,8-bis(3-methylbut-2-enyl)acridin-9(10H)-one', ""4-Hydroxy-(3',7'-dimethyl-1'-oxo-octa-2'-Z-6'-dienyl)benzoic acid"", ""Methyl 4-hydroxy-3-(3'-methyl-2'-hydroxy-3'-butenyl)benzoate"", ""Aduncumene; Methyl 2-methoxy-5-(3'-methyl-1'-oxo-2'-butenyl)benzoate"", '3,4,5-Trimethoxydihydrocinnamic acid', 'Methyl 2,2-dimethyl-1-oxo-2H-1-benzopyran-6-carboxylate', ""Methyl taboganate; Methyl 4-hydroxy-3-(3'-methyl-1'-oxo-2'-butenyl)benzoate"", ""Hostmaniene; 4-Hydroxy-3-(2',3'-dihydroxy-3'-methylbutyl)benzoate"", ""4-Hydroxy-3-(3',7'-dimethylocta-2'-E-6'-dienyl)benzoic acid"", ""Methyl 4-hydroxy-3-(3'-methyl-2'-butenyl)benzoate"", 'Piperaduncine B', ""2',6'-Dihydroxy-4'-methoxydihydrochalcone"", '2-n-Pentylquinoline', '2-n-Propylquinoline', ""2-(1'-pentenyl)-Quinoline"", ""2-(3',4'-methylenedioxyphenylethyl)-Quinoline"", '5,7-dimethoxy-2,2-dimethyl-2H-1-benzopyran-6-propanoate', '(-)-3-O-acetyl-spectaline', 'Methacrylic acid', '7-Methoxydiderroside', ""6'-Acetyl-β-D-glucopyranosyldiderroside"", 'Diderroside', 'Secoxyloganin', 'Xanthyletin', 'Citibrasine', '2,3-dihydro-4,9-dihydroxy-2-(2-hydroxy-propan-2-yl)- 11-methoxy-10-methylfuro[3,2-b]acridin-5(10H)-one', 'bis-5-hydroxyacronycine', 'Stearic acid 4-pentoyloxyphenethyl ester', 'Ferulic acid', 'β-Gardiol', 'α-Gardiol', ""Rel-(7R,8S,7'S,8'S)-4-hydroxy-4',5'-methylenedioxy-3,5,3'-trimethoxy-7,7'-epoxylignan"", ""Rel-(7R,8S,7'S,8'S)-4'-hydroxy-3,4,5,3',5'-pentamethoxy-7,7'-epoxylignan"", ""Rel-(7R,8S,7'S,8'S)-4,5,4',5'-dimethylenedioxy-3,3'-dimethoxy-7,7'-epoxylignan"", ""Rel-(7R,8S,7'S,8'S)-9-hydroxy-4',5'-methylenedioxy-3,4,5,3'-tetramethoxy-7,7'-epoxylignan"", ""Rel-(7R,8S,7'S,8'S)-4',5'-methylenedioxy-3,4,5,3'-tetramethoxy-7,7'-epoxylignan"", 'Epi-guaiacin', 'Verrucosin', '7-Methyl-sargachromenol; 2,7,8-Trimethyl-2-[(3-E,7-Z)-4,12-dimethyl-8-carboxyl-3,7,11-tridecatrienyl]-3-chromen-6-ol, β-caroteno', 'Nectandrin B', 'cyclo (L)-Pro-Gly', ""4-Methoxy-3-(3',7'-dimethylocta-2'-E-6'-dienyl)benzoic acid"", ""3-(3',7 '-dimethyl-2',6 '-octadienyl)-4-methoxy-benzoic acid"", 'Methyl-8-hydroxy-2,2-dimethyl-2H-chromene-6-carboxylate', '10,11-dihydropiperine; Δα,β-dihydropiperine', '4,5-dihydropiperlonguminine; Piperlonguminine', 'Piperine', '(E)-piplartine', '4,5-dihydropiperyline', '8,9-dihydropiplartine; N-(12,13,14-trimethoxydihydrocinnamoyl)-Δ3-pyridin-2-one', ""N-[3-(6'-methoxy-3',4'-methy-lenedioxyphenyl)-2(Z)-propenoyl]pyrrolidine"", '(Z)-piplartine; 8(Z)-N-(12,13, 14-trimethoxycinnamoyl)- 3-pyridin-2-one', 'Pellitorine', '(3Z,5Z)-N-isobutyl-8-(30,40-methylenedioxy-phenyl)-heptadienamide', 'Isopimpinellin', 'β-caryophyllene, trans-caryophyllene', 'Cusculine; 1,2,3,5,6-pentamethoxy-9-acridone', 'Cuspanine; 1-hydroxy-2,3,5,6-tetramethoxy-9-acridone', '2α,3α-Dihydroxy-urs-12-en-28-oic acid', '5-hydroxyflavone', '2-phenyl-4H-chromen-4-one', 'β-Sitosterol benzoate', 'Haplotusine', 'Oleanolic acid 3-sophoroside', '3-O-β-D-(6’-methyl)-glucopyranosyl-28-O-β-D-glucopyranosyl-oleanate', 'Sinapyl 4-O-β-D-glucopyranoside aldehyde', 'Liriodenine', 'N-acetylnonaine', 'Sinapyl 4-O-β-D-glucopyranoside alcohol', 'Mayoside C', 'ellagic acid 4-O-α-L-rhamnopyranoside; eschweilenol C', '19,20-Epoxycytochalasin N', '5-hydroxy-N-methylseverifoline', 'Leptomerine', 'Odoratol', ""8-hydroxy-3,5,7,3',4',5'-hexamethoxyflavonol"", '2-hydroxyphenylacetic acid', '6β-hydroxy-7-epigardoside methyl ester', 'Isopropyl gallate', ""3',4',5',5,7,8-hexamethoxyflavone"", 'n-Propyl gallate', '(−)-Grandisin', 'Acetonide of odoratol', 'Cyclo-(L-Pro-L-Val)', '(±)-Syringaresinol', '(4R)-4,8-dihydroxy-α-tetralone', 'Chlorogenic acid', 'Chalepin', 'Fagaramide', 'Cognatine', '2β-Hydroxyzuelanin-6β-cinnamate', 'Ixoside', ""3',4',5',5,7-pentamethoxyflavone"", 'Ourateacatechin', '7-hydroxy-3- (11-dimethylallyl)-8-methoxycoumarin', '3,12-Dihydroxycadalene', ""5-[3''-(β-D-glucopyranosyloxy)propyl]-7-methoxy-2-(3',4'-dimethoxyphenyl)benzofuran"", 'n-Butyl gallate', 'β-photogedunin', '3,4,5-trimethoxyphenyl 1-O-β-D-apiofuranosyl-(1→6)-O-β-D-glucopyranoside', 'Pristimerin; 20α-3-hydroxy-2-oxo-24-nor-friedela-1-10,3,5,7-tetraen-carboxylic acid-29-methylester', '5-[8(Z),11(Z),14-pentadecatrienyl]resorcinol', 'Quercitrin, 3-O-α-rhamnosylquercetin', '1-O-(E)-caffeoyl-β-D-glucopyranoside', '2,4,6-trimethoxybenzoic acid', 'Piperovatine', 'Tetrahydropiperyline, N-[10-(13,14-methylenedioxyphenyl)-pentanoyl]-pyrrolidine', 'Nitensidine B', '2,7-Di-O-acetylcasearupestrin A', ""Methyl-2,2-dimethyl-8-(3'-methylbut-2'-enyl)chroman-6-carboxylate"", '2,6-di-O-acetylcasearupestrin D', 'Rel-2α-hydroxyzuelanin-6β-benzoate', 'Sorbifolin 6-O-β-glucopyranoside', 'des-N-methylnoracronycine', 'Ocotillone', '3-O-β-D-quinovopyranosyl quinovic acid', 'Kaempferol', '12′-hydroxy-7′-multijuguinone', 'epoxy-fraxinellone', 'Kokusaginine', ""2-(2'-O-trans-cinnamoyl)-C-β-D-glucopyranosyl-1,3,6,7-tetrahydroxyxanthone"", 'Quercetin', 'Di-hydrodehydrodiconiferyl alcohol', 'Canavaline', '5-pentadecylresorcinol', 'Leptophyllin A', 'Ricinine', 'citrusinine-I', '6α-malonyloxy-n-butyl ester manoyl oxide', 'Casearupestrin C', 'Podocarpusflavone A', 'Maculosidine', 'Gallic acid; 3,4,5-trihydroxybenzoic acid', 'Dibenzyl tetrasulphide', '3β-O-[α-L-rhamnopyranosyl-(1→2)-O-β-D-glucopyranosyl-(1→2)-O-β-D-glucopyranosyl]-28-O-β-D-glucopyranoside pomolate', '3-Oxoursolic acid', 'Arboreumine', '1-methyl-2-n-nonyl-4-quinolone', 'Kaempferol 3-O-α-L-rhamnopyranosyl (1→6)-O-[β -D-glucopyranosyl (1→3)-O-α-L-rhamnopyranosyl-(1→2)]-O-β -D-glucopyranosyl', 'fumiquinozoline F', '19,20-Epoxycytochalasin D', '6-[ 8(Z),11(Z) -pentadecadienyl] salicylic acid', 'fraxinellone', '2-Hexyl-3-methyl-butanodioic acid', 'Methyl 6,7,8-trimethoxydihydrocinnamate', '2-methyl-5-[8(Z),11(Z)-pentadecadienyl]resorcinol', 'Dipropyl disulphide', 'Nitensidine C', 'Kaempferitrin', '2-methyl-5-[8(Z),11(Z),14-pentadecatrienyl]resorcinol', '1,6-di-O-caffeoyl-β-D-glucopyranoside', 'Benzylhydroxymethyl sulphide', '6α-malonyloxymanoyl oxide', 'Casearin X; (1R*,3S*,5S*,6aR*,7S*,8S*,10R*,10aR*)-1-(Acetyloxy)-3,5,6,6a,7,8,9,10-octahydro-10-hydroxy-7,8-dimethyl-7-[(2Z)-3-methylpenta-2,4-dien-1-yl]naphtho[1,8a-c]furan-3,5-diyl Dibutanoate', 'Photogedunin', '1,2-dihydro- 3β-hydroxy-7-deacetoxy-7-oxogedunin', '1-[3-(3,7-dimethylocta-2,6-dien-1-yl)-2,4,6- trihydroxyphenyl]-3-(4-hydroxyphenyl)propan-1-one', 'Netzahualcoyonol', '(-)-Epigallocatechin', 'p-Coumaric acid', 'urauchimycin A', 'Isoorientin', 'Cytochalasin D', '2-n-nonyl-4-quinolone', ""2',5-dihydroxy-3-methoxy-8-dimethylallyl-6, 7-(2' ',2''-dimethylpyrano)-dihydroflavonol"", 'Periconicin B', 'Orcinol', 'n-Pentyl gallate', '19,20-Epoxycytochalasin C', '1-O-(E)-feruloyl-β-D-glucopyranoside', 'Uracil', 'toonacilin', 'Casearupestrin B', '2-Methyl-4-hydroxy-butyl caffeoate', '28-O-β-D-glucopyranosyl quinovic acid', ""5-[3''-(β-D-glucopyranosyloxy)propyl]-7-methoxy-2-(3',4'-methylenedioxyphenyl)benzofuran"", 'Heveaflavone', 'Quercetin 3-O-α-L-rhamnopyranosyl (1→6)-O-[β -D-glucopyranosyl (1→3)-O-α-L-rhamnopyranosyl-(1→2)]-O-β -D-glucopyranosyl', 'Alkenoic acid', '3-Acetyl aleuritolic acid', '20-hydroxyecdysone; polypodine A', 'polypodine B', 'Casearin X Dialdehyde; (2R*,4aS*,5S*,7R*,8R*,8aS*)-4,4a-Diformyl-1,2,4a,5,6,7,8,8a-octahydro-5-hydroxy-7,8-dimethyl-8-[(2Z)-3-methylpenta-2,4-dien-1-yl]naphthalen-2-yl Butanoate', 'Netzahualcoyene', ""2-(2'-O-trans-caffeoyl)-C-β-D-glucopyranosyl-1,3,6,7-tetrahydroxyxanthone"", 'urauchimycin B', 'Maytenin, Tingenone', 'Dibenzyl trisulphide', 'N-1,N-2,N-3-Triisopentenylguanidine', '1- (5,7-dihydroxy-2,2-dimethylchroman-6-yl)-3-(2,2-dimethylchroman- 6-yl)propan-1-one', '22β-hydroxypristimerin', ""5-(3'' -Hydroxypropyl)-7-methoxy-2-(3',4' -methyl-enedioxyphenyl)benzofuran"", 'Methyl angolensate', 'Caseobliquin A', '2,2-dimethyl-2H-chromene-6-carboxylic acid', ""(2S)-8-Isopentyl-2-methyl-2-(4'-methylpentyl)chroman-6-carboxylic acid"", 'Phomopsilactone', '(3R,4R)-4,7-Dihydroxymellein', '1-(5,7-dihydroxy-2,2-dimethylchroman- 6-yl)-3-[4-hydroxy-3-(3-methylbut-2-en-1-yl)- phenyl]propan-1-one', '(-)-Hardwickiic acid', 'Piperol B', 'Netzahualcoyondiol', '(-)-Spectalinine', '5-[8(Z),11(Z)-pentadecadienyl]resorcinol', 'Plumericin', '(-) Cis-4-hydroxy-6-deoxyscytalone', 'Dibenzyl sulphide', 'fraxinellonone', '5-hydroxymellein', '4-Hydroxymellein', '2-oxo-piperol B; (7S*, 8R*, 1R*, 3R*)-3,4,5-trimethoxy-3,7-cyclo-8,1-neolig-8-ene-2,4(3H)-dione', 'Casearupestrin A', 'Pedalitin', ""2-(2'-O-benzoyl)-C-β-D-glucopyranosyl-1,3,6,7-tetrahydroxyxanthone"", 'Chaetoglobosin B', 'Casearupestrin D', 'limonexic acid', ""Gaudichaudianic acid; (2S)-2-methyl-2-(4'methyl-3'-pentenyl)-8-(3''-methyl-2-butenyl)- 2H-1-benzopyran-6-carboxylic acid"", '2-butyl-D-fructofuranoside', 'ω-fenil alcanoic acid', 'Piperyline, N-[10-(13,14-methylenedioxyphenyl)-7(E),9(E)-pentadienoyl]-pyrrolidine', 'Casearin T', '(2S)-Methyl-2-methyl-8-(3""-methylbut-2""-enyl)-2-(4\'-methylpent-3\'-enyl)-2H-chromene-6-carboxylate', ""2-(R)-Methyl-6-(S)-(tetradecyl-13'-one)-3(R)-O-tert-butyldimethylsilyl-piperidine"", 'Quercetin 3-O-sophoroside', '3,11,12-Trihydroxycadalene', 'Di(benzyltrithio) methane', 'Amentoflavone', ""Nitensoside B; Pedalitin 6-O-α-rhamnopyranosyl(1'''→6'')-β-glucopyranoside"", '19,20-Epoxycytochalasin R', '19,20-Epoxycytochalasin Q', 'Sinapic acid', '[8]-gingerol', '11β-acetoxyobacunone', 'Casearin S', 'Rel-(+)-(7S,9R,10S)-3,9,12-trihydroxycalamenene', ""(2'S)-2-(propan-2'-ol)-5-hydroxy-benzopyran-4-one"", 'taxifolin', 'Luteolin; 2-(3,4-dihydroxyphenyl)-5,7-dihydroxy-4H-chromen-4-one', '5-[8(Z)-pentadecenyl]resorcinol', 'Burchellin', '(2S)-2-methyl-8-(3""-methylbut-2""-enyl)-2-(4\'-methylpent-3\'-enyl)-2H-chromene-6-carboxylic acid', '6-[8(Z)-pentadecenyl]salicylic acid', 'α-L-xylopyranosyl-(4""→20)-(3-O-β-D-glucopyranosyl)-1\'-O-E-caffeoyl-β-D-glucopyranoside', 'Isoplumericin', 'Dibenzyl disulphide', 'p-hydroxybenzoic acid-geranyl ester', 'Skimmianine', ""(2S)-Methyl-8-isopentyl-2-methyl-2-(4'-methylpentyl)chroman-6-carboxylate"", 'schaftoside', 'amorphispironone', '24-methylene-3,22-dihydroxycholesterol', '(3R,4R)-3,4-Dihydro-4,6-dihydroxy-3-methyl-1-oxo-1H-isochromene-5-carboxylic acid', '2-Methyl-5-methoxy-benzopyran-4-one', 'N-[10- (13,14-methylenedioxyphenyl)-7(E)-pentaenoyl]-pyrrolidine', 'atalaphyllinine', '5-hydroxymethyl- 2-furancarboxaldehyde; 5-hydroxymethyl-2-furfuraldehyde', 'shidasterone', 'Rel-6β-hydroxyzuelanin-2β-benzoate', 'Odoratone', 'Muraxanthone', 'Gedunin', 'N-[10-(13,14-methylenedioxyphenyl)-7(E),9(Z)-pentadienoyl]-pyrrolidine', '3,4-dihydroxybenzoic acid geranyl ester', 'Afzelin, 3-O-α-rhamnosyl kaempferol', '3-O-β-D-quinovopyranosyl cincholic acid', 'Methyl gallate', 'germacrene D', 'Casearin O; (1R*,3S*,5S*,6aR*,7R*,8R*,9S*,10S*,10aR*)-1,10-Bis(acetyloxy)-5-methoxy-7,8-dimethyl-7-[(2Z)-3-methylpenta-2,4-dien-1-yl]-3,5,6,6a,7,8,9,10-octahydronaphtho[1,8a-c]furan-3,9-diyl Dibutanoate', ""Nitensoside A; Sorbifolin 6-O-α-rhamnopyranosyl(1'''→6'')-β-glucopyranoside"", 'Homoegonol', '6α-acetoxy-14β,15β-epoxyazadirone', 'Methyl-8-hydroxy-2,2-dimethylchroman-6-carboxylate', '6α-acetoxymanoyl oxide', '(R)-7-Hydroxymellein', 'neoisoastilbin', 'Proanthocyanidin', '3,4,5-Triacetoxybenzoic acid', 'Casearin D; (1R*,3S*,5S*,6aR*,7R*,8R*,9S*,10S*,10aR*)-1-(Acetyloxy)-3,5,6,6a,7,8,9,10-octahydro-5,10-dihydroxy-7,8-dimethyl-7-[(2Z)-3-methylpenta-2,4-dien-1-yl]naphtho[1,8a-c]furan-3,9-diyl Dibutanoate', '(-)-Epigallocatechin-3-O-gallate', '20α-Hydroxymaytenin; 20-hydroxy-20-epi-tingenone', ""Myrsinoic acid A, 3-Geranyl-4-hydroxy-5-(3'',3''-dimethylallyl)benzoic acid"", 'Methyl-2,2-dimethylchroman-6-carboxylate', '6-pentadecylsalicylic acid', '(+)-3-O-feruloylcassine', 'Syringic acid', ""2-(2'-O-transcoumaroyl)-C-β-D-glucopyranosyl-1,3,6,7-tetrahydroxyxanthone"", 'Cabraleadiol', 'Leiokinine A', 'Platydesmine', 'Casearin L; (1R*,3S*,5S*,6aR*,7R*,8R*,9S*,10S*,10aR*)-1,10-Bis(acetyloxy)-3,5,6,6a,7,8,9,10-octahydro-9-hydroxy-5-methoxy-7,8-dimethyl-7-[(2Z)-3-methylpenta-2,4-dien-1-yl]naphtho[1,8a-c]-furan-3-yl Butanoate', 'Caseargrewiin F; (1R*,3S*,5S*,6aR*,7S*,8R*,10R*,10aR*)-1,3-Bis(acetyloxy)-3,5,6,6a,7,8,9,10-octahydro-10-hydroxy-7,8-dimethyl-7-[(2Z)-3-methylpenta-2,4-dien-1-yl]naphtho[1,8a-c]furan-5-yl Butanoate', 'Pedalin, pedalitin 6-O-β -glucopyranoside', 'Syringaldehyde', 'Lauryl gallate', 'Picramnioside F', 'Amentoflavone 7”,4”’-dimethyl ether', 'Ethyl 2,4-dihydroxy-5,6-dimethylbenzoate', 'stachysterone', 'arjunolic acid', 'Methyl-8-(ethanoyloxy)-2,2-dimethyl-2H-chromene-6-carboxylate', 'carlinoside', 'Rel. (+)-(7S,10S) 3,12-dihydroxycalamenene', '24-methylenecycloartan-3b-ol', 'Sorbifolin', '6-[8(Z),11(Z),14-pentadecatrienyl]salicylic acid', '3,4,5-Trimethoxyphenyl-1-O-β-D-(5-O-syringoyl)-apiofuranosyl-(1→6)-β-D-glucopyranoside', 'Methyl (E)-6,7,8-trimethoxycinnamate', '1-(5,7-dihydroxy-2,2-dimethylchroman-6-yl)-3-(1,1,4a-trimethyl-2,3,4,4a,9a-hexahydro-1H-xanthen-7-yl)propan-1-one', '8-methoxymellein', ""7-Hydroxy-4',6-dimethoxyisoflavone; Afrormosin; Afromosin"", 'Griseofulvin', '7′-multijuguinone', 'Isobutyl gallate', ""Pterogynoside; Kaempferol-3-O-(3''-O-4'''-methylgallate-α-L-rhamnoside)"", 'Viburgenin', 'Salacin', 'Mangiferin', ""Acteoside; [β-3,4-dihydroxyphenyl)-ethyl]-(3'-O-α-L-rhamnopyranosyl)-(4'-O-cafeoyl)-β-D-glycopyranoside, verbascoside"", ""N-[7-(3',4'-methylenedioxyphenyl)-2(Z),4(Z)-heptadienoyl]pyrrolidine"", '4-Nerolidilcatechol', 'Egonol', '(3-(2-(4-hydroxyphenyl)-2-oxoethyl)-5,6-dihydropyridin- 2(1H)-one)', 'Trans-3’-methylsulphonylallyl trans-cinnamate', '22-hydroxytirucalla-7,24-diene-2,3-dione', 'scillascillin', '3β-hydroxy-stigmast-5-en-7-one; 24-β-7-oxositosterol', '2-methyl-5-pentadecylresorcinol', 'Nitensidine A', '2-methyl-5-[8(Z)-pentadecenyl]resorcinol', ""2,4-Dihydroxy-6-[(1'E,3'E)-penta-1', 3'-dienyl]-benzaldehyde"", '[10]-gingerol']]",doi_name
"['10.1016/S0031-9422(01)00079-6', 'Benzylhydroxymethyl sulphide']","['10.1016/S0031-9422(01)00079-6', ['guaiol', 'γ-eudesmol', 'Hinesol', 'α-eudesmol', 'Galioside aglicone', '11-O-trans-feruloylteucrein', 'Teucrein', 'Galioside', 'Apodanthoside', 'Mycoleptone A', '9-hydroxyeugenin', 'Eugenitin', 'Austdiol', '6-methoxyeugenin', 'Mycoleptone A tetraacetate', 'Austdiol diacetate', 'Mycoleptone B', ""3',4'-methylenedioxy-5,6,7- trimethoxyflavone"", ""3',4'-methylenedioxy-5,5',6,7-tetramethoxyflavone"", ""2'-hydroxy-3,4,4'-trimethoxy-5',6'-(2'',2''-dimethylpyrano)-chalcone"", ""3',4'-methylenedioxy-5,7-dimethoxyflavone"", 'Chlorogenic acid methyl ester, Methyl (1S,3R,4R,5R)-3-{[(2E)-3-(3,4-dihydroxyphenyl)-2-propenoyl]oxy}-1,4,5-trihydroxycyclohexanecarboxylate', '2α,3α,19α- trihydroxyurs-12-en-28-oic acid', 'penduletin 4-O-methyl ether', '3,3-O-dimethylquercetin', '3-O-methylquercetin', 'p-hydroxybenzoic acid', 'Chrysoeriol', 'acacetin', '3,7,4-O-trimethylkaempferol', '2α,3α-dihydroxyolean-12- en-28-oic acid', '5,7-dimethoxy-2,2-dimethyl-2H-1-benzopyran-6-propanoate', ""7,4'-Dihydroxyflavone"", '19´-(3,4-Methylenedioxyphenyl)-nonadecanoic acid', 'Tithonine', 'Farnisine', 'Sargaquinoic acid', 'Fasciculiferin', 'Sargachromenol', ""Juruenolic acid; 2-(4'-Methylpentenyl-3)-10-oxoundecan-2,6-dienoic acid"", '21´-(3,4-Methylenedioxyphenyl)-henicosanoic acid', '(+)-Guaiacin', ""7,4'-Dimethoxyflavone"", '17-(3,4-Methylenedioxyphenyl)-heptadecanoic acid', '(+)-11α-Hydroxyerythravine', '(+)-Erythravine', '(+)-α-Hydroxyerysotrine', 'Diderroside', '7-Methoxydiderroside', ""6'-Acetyl-β-D-glucopyranosyldiderroside"", 'Secoxyloganin', '(-)-3-O-acetyl-spectaline', ""3',4',5',3,5,7,8-heptamethoxyflavone"", ""3,5,6,7,3',4',5'-heptamethoxyflavonol"", 'Beauvericin', 'Anhydrofusarubin', ""3,4-dimethyl-2-(4'-hydroxy-3',5'-dimethoxyphenyl)-5-methoxy-tetrahydrofuran"", '21α,25-dimethylmelianodiol', '21β,25-dimethylmelianodiol', '3,21-Di-epi-feroniellide B', 'Citibrasine', '2,3-dihydro-4,9-dihydroxy-2-(2-hydroxy-propan-2-yl)- 11-methoxy-10-methylfuro[3,2-b]acridin-5(10H)-one', 'bis-5-hydroxyacronycine', 'Taraxerol acetate', 'Procyanidin B-3', '6-Hydroxy-rutin', 'Kaempferol-3-O-D-glucopyranoside', 'Kaempferol-3-O-α-L-rhamnopyranosyl-(1-6)-α-L-rhamnopyranosyl-(1-4)-β-D-glucopyranoside', 'Kaempferol-3-O-rutinoside', 'Catechin, Ent-catechin', 'Kaempferol-3-O-α-L-rhamnopyranosyl-(1→6)-β-D-galactopyranoside', 'Quercetin-3-O-α-L-rhamnopyranosyl-(1→6)-β-D-galactopyranoside', 'Kaempferol-3-O-D-galactopyranoside', 'Aphidicolin', 'Methyl (3R,4R,5R)-3-{[(2E)-3-(3,4-dihydroxyphenyl)-2-propenoyl]oxy}-1,4,5-trihydroxycyclohexanecarboxylate', 'Methyl (3R,4R,5R)-3-{[(2Z)-3-(3,4-dihydroxyphenyl)-2-propenoyl]oxy}-1,4,5-trihydroxycyclohexanecarboxylate', '1,3,5-trihydroxy-4-methoxy-10-methyl- 2,8-bis(3-methylbut-2-enyl)acridin-9(10H)-one', 'Citrusinine-II', '1,3,5-trihydroxy- 2,8-bis(3-methylbut-2-enyl)-10-methyl-9-acridone', 'Glycocitrine-IV', 'Pyranofoline', 'Citrusinine-I', '3,4-dihydro-3,5,8-trihydroxy-6-methoxy-2,2,7-trimethyl-2Hpyrano[ 2,3-a]acridin-12(7H)-one', '5-hydroxynoracronycine; Atalaphyllidine', 'Glycocitrine-I', ""3-(3',7 '-dimethyl-2',6 '-octadienyl)-4-methoxy-benzoic acid"", 'Methyl-8-hydroxy-2,2-dimethyl-2H-chromene-6-carboxylate', ""4-Methoxy-3-(3',7'-dimethylocta-2'-E-6'-dienyl)benzoic acid"", 'Ferulic acid', 'β-Gardiol', 'α-Gardiol', '5,7-dimethoxy-2,2-dimethyl-2H-1-benzopyran-6-propanoic acid', ""2-(3',4'-methylenedioxyphenylethyl)-Quinoline"", '2-n-Pentylquinoline', '2-n-Propylquinoline', ""2-(1'-pentenyl)-Quinoline"", ""Hostmaniene; 4-Hydroxy-3-(2',3'-dihydroxy-3'-methylbutyl)benzoate"", ""4-Hydroxy-3-(3',7'-dimethylocta-2'-E-6'-dienyl)benzoic acid"", 'Methyl 2,2-dimethyl-1-oxo-2H-1-benzopyran-6-carboxylate', ""Methyl taboganate; Methyl 4-hydroxy-3-(3'-methyl-1'-oxo-2'-butenyl)benzoate"", ""2',6'-Dihydroxy-4'-methoxydihydrochalcone"", 'Piperaduncine B', ""Methyl 4-hydroxy-3-(3'-methyl-2'-butenyl)benzoate"", '3,4,5-Trimethoxydihydrocinnamic acid', ""Methyl 4-hydroxy-3-(3'-methyl-2'-hydroxy-3'-butenyl)benzoate"", ""Aduncumene; Methyl 2-methoxy-5-(3'-methyl-1'-oxo-2'-butenyl)benzoate"", ""4-Hydroxy-(3',7'-dimethyl-1'-oxo-octa-2'-Z-6'-dienyl)benzoic acid"", 'Tagitinin C', '1-methoxy-3-hydroxy-3,10b-4,5a-diepoxy-8b-isobutyroyloxygermacr-11(13)-en-6a,12-olide', 'Iso-odoratol', 'Oleanonic acid', 'Pentaol', 'Piscidinol A', 'cryptomeridiol', '3,11-dioxoolean-12-en-28- onic acid', 'Nilocetin', 'Hispidol A', ""Rel-(7R,8S,7'S,8'S)-9-hydroxy-4',5'-methylenedioxy-3,4,5,3'-tetramethoxy-7,7'-epoxylignan"", ""Rel-(7R,8S,7'S,8'S)-4',5'-methylenedioxy-3,4,5,3'-tetramethoxy-7,7'-epoxylignan"", ""Rel-(7R,8S,7'S,8'S)-4-hydroxy-4',5'-methylenedioxy-3,5,3'-trimethoxy-7,7'-epoxylignan"", ""Rel-(7R,8S,7'S,8'S)-4'-hydroxy-3,4,5,3',5'-pentamethoxy-7,7'-epoxylignan"", ""Rel-(7R,8S,7'S,8'S)-4,5,4',5'-dimethylenedioxy-3,3'-dimethoxy-7,7'-epoxylignan"", '4,5-dihydropiperlonguminine; Piperlonguminine', '(Z)-piplartine; 8(Z)-N-(12,13, 14-trimethoxycinnamoyl)- 3-pyridin-2-one', 'Piperine', '8,9-dihydropiplartine; N-(12,13,14-trimethoxydihydrocinnamoyl)-Δ3-pyridin-2-one', ""N-[3-(6'-methoxy-3',4'-methy-lenedioxyphenyl)-2(Z)-propenoyl]pyrrolidine"", '4,5-dihydropiperyline', '10,11-dihydropiperine; Δα,β-dihydropiperine', '(E)-piplartine', 'Pellitorine', '(3Z,5Z)-N-isobutyl-8-(30,40-methylenedioxy-phenyl)-heptadienamide', 'Pimara-7,15-dien-3β-ol', 'Dimethyl terephthalate', '(22E,24R)-ergosta-4,6,8(14),22-tetraen-3-one', '8-hydroxy-6-methoxy-3-methylisocoumarin', 'Ergosterol peroxide', 'Epi-guaiacin', 'Verrucosin', '7-Methyl-sargachromenol; 2,7,8-Trimethyl-2-[(3-E,7-Z)-4,12-dimethyl-8-carboxyl-3,7,11-tridecatrienyl]-3-chromen-6-ol, β-caroteno', 'Nectandrin B', 'cyclo (L)-Pro-Gly', ""4-Hydroxy-3-(3',7'-dimethyl-3'-hydroxy-1'-oxo-6'-octenyl)benzoic acid"", ""1,4-Dihydroxy-2-(3',7'-dimethyl-1'-oxo-2'-E-6'-octadienyl)benzene"", ""Sakuranetin; 5,4'-dihydroxy-7-methoxyflavanone"", ""Isosakuranetin; 5,7-dihydroxy-4'-methoxyflavanone"", ""4-Hydroxy-(3',7'-dimethyl-1'-oxo-octa-2'-E-6'-dienyl)benzoic acid"", 'Nitensidine D', 'Nitensidine E', 'Xanthyletin', 'astilbin; Rel-(2R, 3R)-dihydroquercetin-3-O-±-L-rhamnoside', '3,4-dehydrostrictosidine acid', '3,4-dehydro-strictosidine', '5α-carboxystrictosidine', 'Cordifoline', 'Turbinatine', 'Harman-3-carboxylic acid', 'Strictosidine acid', 'Deoxycordifoline', 'Clusifoliol', ""Isoswertisin-4'-methyl-ether-2''α-L-rhamnoside"", '2-Episesalatin', ""Isoswertisin-2''α1-L-rhamnoside"", 'Sesartemin', 'Stearic acid 4-pentoyloxyphenethyl ester', 'Isopimpinellin', '4-metoxi-6-[2-(metilamino)fenil]- 2H-piran-2-ona', 'β-caryophyllene, trans-caryophyllene', 'Methacrylic acid', 'Cusculine; 1,2,3,5,6-pentamethoxy-9-acridone', 'Cuspanine; 1-hydroxy-2,3,5,6-tetramethoxy-9-acridone', '2α,3α-Dihydroxy-urs-12-en-28-oic acid', 'Oleanolic acid 3-sophoroside', '3-O-β-D-(6’-methyl)-glucopyranosyl-28-O-β-D-glucopyranosyl-oleanate', 'Haplotusine', 'β-Sitosterol benzoate', '5-hydroxyflavone', '2-phenyl-4H-chromen-4-one', 'Sinapyl 4-O-β-D-glucopyranoside aldehyde', 'Sinapyl 4-O-β-D-glucopyranoside alcohol', 'Liriodenine', 'N-acetylnonaine', '[10]-gingerol', ""2,4-Dihydroxy-6-[(1'E,3'E)-penta-1', 3'-dienyl]-benzaldehyde"", '2-methyl-5-[8(Z)-pentadecenyl]resorcinol', 'Nitensidine A', '2-hydroxyphenylacetic acid', '3-O-β-D-quinovopyranosyl quinovic acid', 'Kaempferol', ""8-hydroxy-3,5,7,3',4',5'-hexamethoxyflavonol"", 'scillascillin', 'Homoegonol', '[8]-gingerol', '4-Hydroxymellein', '5-hydroxymellein', 'fraxinellonone', 'Dibenzyl sulphide', '(-) Cis-4-hydroxy-6-deoxyscytalone', 'Gallic acid; 3,4,5-trihydroxybenzoic acid', 'Maculosidine', 'Podocarpusflavone A', '(4R)-4,8-dihydroxy-α-tetralone', 'Odoratol', 'Leptomerine', '5-hydroxy-N-methylseverifoline', '19,20-Epoxycytochalasin N', 'ellagic acid 4-O-α-L-rhamnopyranoside; eschweilenol C', 'Mayoside C', 'Ourateacatechin', ""3',4',5',5,7-pentamethoxyflavone"", '2-methyl-5-pentadecylresorcinol', '3β-hydroxy-stigmast-5-en-7-one; 24-β-7-oxositosterol', 'Acetonide of odoratol', '(−)-Grandisin', 'n-Butyl gallate', ""5-[3''-(β-D-glucopyranosyloxy)propyl]-7-methoxy-2-(3',4'-dimethoxyphenyl)benzofuran"", '3,12-Dihydroxycadalene', '7-hydroxy-3- (11-dimethylallyl)-8-methoxycoumarin', ""N-[7-(3',4'-methylenedioxyphenyl)-2(Z),4(Z)-heptadienoyl]pyrrolidine"", ""Acteoside; [β-3,4-dihydroxyphenyl)-ethyl]-(3'-O-α-L-rhamnopyranosyl)-(4'-O-cafeoyl)-β-D-glycopyranoside, verbascoside"", 'Ocotillone', 'des-N-methylnoracronycine', 'Sorbifolin 6-O-β-glucopyranoside', 'Rel-2α-hydroxyzuelanin-6β-benzoate', '2,6-di-O-acetylcasearupestrin D', ""Methyl-2,2-dimethyl-8-(3'-methylbut-2'-enyl)chroman-6-carboxylate"", '2,7-Di-O-acetylcasearupestrin A', 'Nitensidine B', '1-methyl-2-n-nonyl-4-quinolone', '5-[8(Z),11(Z),14-pentadecatrienyl]resorcinol', '5-pentadecylresorcinol', '19,20-Epoxycytochalasin D', 'fumiquinozoline F', 'Kaempferol 3-O-α-L-rhamnopyranosyl (1→6)-O-[β -D-glucopyranosyl (1→3)-O-α-L-rhamnopyranosyl-(1→2)]-O-β -D-glucopyranosyl', '3β-O-[α-L-rhamnopyranosyl-(1→2)-O-β-D-glucopyranosyl-(1→2)-O-β-D-glucopyranosyl]-28-O-β-D-glucopyranoside pomolate', 'Dibenzyl tetrasulphide', ""2',5-dihydroxy-3-methoxy-8-dimethylallyl-6, 7-(2' ',2''-dimethylpyrano)-dihydroflavonol"", '1- (5,7-dihydroxy-2,2-dimethylchroman-6-yl)-3-(2,2-dimethylchroman- 6-yl)propan-1-one', 'Canavaline', 'Di-hydrodehydrodiconiferyl alcohol', 'Quercetin', ""2-(2'-O-trans-cinnamoyl)-C-β-D-glucopyranosyl-1,3,6,7-tetrahydroxyxanthone"", 'Kokusaginine', 'Pristimerin; 20α-3-hydroxy-2-oxo-24-nor-friedela-1-10,3,5,7-tetraen-carboxylic acid-29-methylester', '3,4,5-trimethoxyphenyl 1-O-β-D-apiofuranosyl-(1→6)-O-β-D-glucopyranoside', 'β-photogedunin', '2-n-nonyl-4-quinolone', 'Cytochalasin D', 'Isoorientin', 'Skimmianine', 'p-hydroxybenzoic acid-geranyl ester', 'Dibenzyl disulphide', 'Proanthocyanidin', 'neoisoastilbin', '(R)-7-Hydroxymellein', '6α-acetoxymanoyl oxide', 'Methyl-8-hydroxy-2,2-dimethylchroman-6-carboxylate', 'Casearupestrin C', '6α-malonyloxy-n-butyl ester manoyl oxide', 'citrusinine-I', 'Ricinine', 'Leptophyllin A', 'Caseobliquin A', 'Methyl angolensate', ""5-(3'' -Hydroxypropyl)-7-methoxy-2-(3',4' -methyl-enedioxyphenyl)benzofuran"", '22β-hydroxypristimerin', '6α-acetoxy-14β,15β-epoxyazadirone', 'urauchimycin A', 'p-Coumaric acid', '(-)-Epigallocatechin', 'Netzahualcoyonol', '1-[3-(3,7-dimethylocta-2,6-dien-1-yl)-2,4,6- trihydroxyphenyl]-3-(4-hydroxyphenyl)propan-1-one', '6α-malonyloxymanoyl oxide', 'Benzylhydroxymethyl sulphide', '1,6-di-O-caffeoyl-β-D-glucopyranoside', '2-methyl-5-[8(Z),11(Z),14-pentadecatrienyl]resorcinol', '20-hydroxyecdysone; polypodine A', '3-Acetyl aleuritolic acid', 'Uracil', '1-O-(E)-feruloyl-β-D-glucopyranoside', '19,20-Epoxycytochalasin C', 'n-Pentyl gallate', 'Orcinol', 'Periconicin B', 'Phomopsilactone', 'n-Propyl gallate', ""3',4',5',5,7,8-hexamethoxyflavone"", 'Isopropyl gallate', '6β-hydroxy-7-epigardoside methyl ester', 'Tetrahydropiperyline, N-[10-(13,14-methylenedioxyphenyl)-pentanoyl]-pyrrolidine', 'Piperovatine', '2,4,6-trimethoxybenzoic acid', '1-O-(E)-caffeoyl-β-D-glucopyranoside', 'Quercitrin, 3-O-α-rhamnosylquercetin', 'epoxy-fraxinellone', '12′-hydroxy-7′-multijuguinone', 'Kaempferitrin', 'Nitensidine C', 'Dipropyl disulphide', '2-methyl-5-[8(Z),11(Z)-pentadecadienyl]resorcinol', 'Methyl 6,7,8-trimethoxydihydrocinnamate', '2-Hexyl-3-methyl-butanodioic acid', 'fraxinellone', 'Alkenoic acid', 'Quercetin 3-O-α-L-rhamnopyranosyl (1→6)-O-[β -D-glucopyranosyl (1→3)-O-α-L-rhamnopyranosyl-(1→2)]-O-β -D-glucopyranosyl', 'Heveaflavone', 'Arboreumine', '3-Oxoursolic acid', 'Casearupestrin B', 'toonacilin', ""2-(R)-Methyl-6-(S)-(tetradecyl-13'-one)-3(R)-O-tert-butyldimethylsilyl-piperidine"", '(2S)-Methyl-2-methyl-8-(3""-methylbut-2""-enyl)-2-(4\'-methylpent-3\'-enyl)-2H-chromene-6-carboxylate', 'Casearin T', 'Piperyline, N-[10-(13,14-methylenedioxyphenyl)-7(E),9(E)-pentadienoyl]-pyrrolidine', 'ω-fenil alcanoic acid', '2-butyl-D-fructofuranoside', ""Gaudichaudianic acid; (2S)-2-methyl-2-(4'methyl-3'-pentenyl)-8-(3''-methyl-2-butenyl)- 2H-1-benzopyran-6-carboxylic acid"", 'limonexic acid', 'Pedalitin', 'Di(benzyltrithio) methane', '3,11,12-Trihydroxycadalene', ""(2S)-8-Isopentyl-2-methyl-2-(4'-methylpentyl)chroman-6-carboxylic acid"", '2,2-dimethyl-2H-chromene-6-carboxylic acid', '1,2-dihydro- 3β-hydroxy-7-deacetoxy-7-oxogedunin', 'Photogedunin', 'Casearin X; (1R*,3S*,5S*,6aR*,7S*,8S*,10R*,10aR*)-1-(Acetyloxy)-3,5,6,6a,7,8,9,10-octahydro-10-hydroxy-7,8-dimethyl-7-[(2Z)-3-methylpenta-2,4-dien-1-yl]naphtho[1,8a-c]furan-3,5-diyl Dibutanoate', 'Quercetin 3-O-sophoroside', '(3R,4R)-3,4-Dihydro-4,6-dihydroxy-3-methyl-1-oxo-1H-isochromene-5-carboxylic acid', '24-methylene-3,22-dihydroxycholesterol', 'amorphispironone', 'Casearupestrin D', 'Chaetoglobosin B', ""2-(2'-O-benzoyl)-C-β-D-glucopyranosyl-1,3,6,7-tetrahydroxyxanthone"", 'Isoplumericin', 'α-L-xylopyranosyl-(4""→20)-(3-O-β-D-glucopyranosyl)-1\'-O-E-caffeoyl-β-D-glucopyranoside', '6-[8(Z)-pentadecenyl]salicylic acid', '(2S)-2-methyl-8-(3""-methylbut-2""-enyl)-2-(4\'-methylpent-3\'-enyl)-2H-chromene-6-carboxylic acid', 'Burchellin', '5-[8(Z)-pentadecenyl]resorcinol', 'Luteolin; 2-(3,4-dihydroxyphenyl)-5,7-dihydroxy-4H-chromen-4-one', 'Sinapic acid', '6-[ 8(Z),11(Z) -pentadecadienyl] salicylic acid', 'Netzahualcoyene', 'Casearin X Dialdehyde; (2R*,4aS*,5S*,7R*,8R*,8aS*)-4,4a-Diformyl-1,2,4a,5,6,7,8,8a-octahydro-5-hydroxy-7,8-dimethyl-8-[(2Z)-3-methylpenta-2,4-dien-1-yl]naphthalen-2-yl Butanoate', 'polypodine B', '19,20-Epoxycytochalasin Q', '19,20-Epoxycytochalasin R', 'Muraxanthone', 'Casearupestrin A', '2-oxo-piperol B; (7S*, 8R*, 1R*, 3R*)-3,4,5-trimethoxy-3,7-cyclo-8,1-neolig-8-ene-2,4(3H)-dione', 'taxifolin', ""(2'S)-2-(propan-2'-ol)-5-hydroxy-benzopyran-4-one"", 'Rel-(+)-(7S,9R,10S)-3,9,12-trihydroxycalamenene', 'Casearin S', '11β-acetoxyobacunone', '1-(5,7-dihydroxy-2,2-dimethylchroman- 6-yl)-3-[4-hydroxy-3-(3-methylbut-2-en-1-yl)- phenyl]propan-1-one', '(3R,4R)-4,7-Dihydroxymellein', ""Nitensoside B; Pedalitin 6-O-α-rhamnopyranosyl(1'''→6'')-β-glucopyranoside"", 'N-[10- (13,14-methylenedioxyphenyl)-7(E)-pentaenoyl]-pyrrolidine', '2-Methyl-5-methoxy-benzopyran-4-one', '3,4-dihydroxybenzoic acid geranyl ester', 'N-[10-(13,14-methylenedioxyphenyl)-7(E),9(Z)-pentadienoyl]-pyrrolidine', 'Gedunin', 'Pedalin, pedalitin 6-O-β -glucopyranoside', 'Piperol B', '(-)-Hardwickiic acid', ""5-[3''-(β-D-glucopyranosyloxy)propyl]-7-methoxy-2-(3',4'-methylenedioxyphenyl)benzofuran"", '28-O-β-D-glucopyranosyl quinovic acid', '2-Methyl-4-hydroxy-butyl caffeoate', 'N-1,N-2,N-3-Triisopentenylguanidine', 'Dibenzyl trisulphide', 'Maytenin, Tingenone', 'urauchimycin B', ""2-(2'-O-trans-caffeoyl)-C-β-D-glucopyranosyl-1,3,6,7-tetrahydroxyxanthone"", 'Cabraleadiol', 'schaftoside', ""(2S)-Methyl-8-isopentyl-2-methyl-2-(4'-methylpentyl)chroman-6-carboxylate"", '3,4,5-Triacetoxybenzoic acid', '1-(5,7-dihydroxy-2,2-dimethylchroman-6-yl)-3-(1,1,4a-trimethyl-2,3,4,4a,9a-hexahydro-1H-xanthen-7-yl)propan-1-one', 'Methyl (E)-6,7,8-trimethoxycinnamate', '3,4,5-Trimethoxyphenyl-1-O-β-D-(5-O-syringoyl)-apiofuranosyl-(1→6)-β-D-glucopyranoside', '6-[8(Z),11(Z),14-pentadecatrienyl]salicylic acid', 'Sorbifolin', ""Nitensoside A; Sorbifolin 6-O-α-rhamnopyranosyl(1'''→6'')-β-glucopyranoside"", 'Amentoflavone', 'Odoratone', 'Rel-6β-hydroxyzuelanin-2β-benzoate', 'shidasterone', '5-hydroxymethyl- 2-furancarboxaldehyde; 5-hydroxymethyl-2-furfuraldehyde', 'atalaphyllinine', 'Lauryl gallate', 'Casearin O; (1R*,3S*,5S*,6aR*,7R*,8R*,9S*,10S*,10aR*)-1,10-Bis(acetyloxy)-5-methoxy-7,8-dimethyl-7-[(2Z)-3-methylpenta-2,4-dien-1-yl]-3,5,6,6a,7,8,9,10-octahydronaphtho[1,8a-c]furan-3,9-diyl Dibutanoate', 'germacrene D', 'Methyl gallate', '3-O-β-D-quinovopyranosyl cincholic acid', 'Afzelin, 3-O-α-rhamnosyl kaempferol', 'Egonol', '4-Nerolidilcatechol', ""2-(2'-O-transcoumaroyl)-C-β-D-glucopyranosyl-1,3,6,7-tetrahydroxyxanthone"", 'Syringic acid', '(+)-3-O-feruloylcassine', '6-pentadecylsalicylic acid', 'Caseargrewiin F; (1R*,3S*,5S*,6aR*,7S*,8R*,10R*,10aR*)-1,3-Bis(acetyloxy)-3,5,6,6a,7,8,9,10-octahydro-10-hydroxy-7,8-dimethyl-7-[(2Z)-3-methylpenta-2,4-dien-1-yl]naphtho[1,8a-c]furan-5-yl Butanoate', 'Casearin L; (1R*,3S*,5S*,6aR*,7R*,8R*,9S*,10S*,10aR*)-1,10-Bis(acetyloxy)-3,5,6,6a,7,8,9,10-octahydro-9-hydroxy-5-methoxy-7,8-dimethyl-7-[(2Z)-3-methylpenta-2,4-dien-1-yl]naphtho[1,8a-c]-furan-3-yl Butanoate', 'Platydesmine', 'Leiokinine A', '8-methoxymellein', '(±)-Syringaresinol', 'Cyclo-(L-Pro-L-Val)', 'Methyl-2,2-dimethylchroman-6-carboxylate', ""Myrsinoic acid A, 3-Geranyl-4-hydroxy-5-(3'',3''-dimethylallyl)benzoic acid"", '20α-Hydroxymaytenin; 20-hydroxy-20-epi-tingenone', '(-)-Epigallocatechin-3-O-gallate', 'Casearin D; (1R*,3S*,5S*,6aR*,7R*,8R*,9S*,10S*,10aR*)-1-(Acetyloxy)-3,5,6,6a,7,8,9,10-octahydro-5,10-dihydroxy-7,8-dimethyl-7-[(2Z)-3-methylpenta-2,4-dien-1-yl]naphtho[1,8a-c]furan-3,9-diyl Dibutanoate', 'Rel. (+)-(7S,10S) 3,12-dihydroxycalamenene', 'carlinoside', 'Methyl-8-(ethanoyloxy)-2,2-dimethyl-2H-chromene-6-carboxylate', 'arjunolic acid', 'stachysterone', 'Ethyl 2,4-dihydroxy-5,6-dimethylbenzoate', 'Amentoflavone 7”,4”’-dimethyl ether', 'Picramnioside F', 'Plumericin', '5-[8(Z),11(Z)-pentadecadienyl]resorcinol', '(-)-Spectalinine', 'Netzahualcoyondiol', 'Syringaldehyde', '22-hydroxytirucalla-7,24-diene-2,3-dione', 'Trans-3’-methylsulphonylallyl trans-cinnamate', '(3-(2-(4-hydroxyphenyl)-2-oxoethyl)-5,6-dihydropyridin- 2(1H)-one)', 'Mangiferin', 'Salacin', 'Viburgenin', ""Pterogynoside; Kaempferol-3-O-(3''-O-4'''-methylgallate-α-L-rhamnoside)"", 'Isobutyl gallate', '7′-multijuguinone', 'Griseofulvin', ""7-Hydroxy-4',6-dimethoxyisoflavone; Afrormosin; Afromosin"", '24-methylenecycloartan-3b-ol', 'Ixoside', '2β-Hydroxyzuelanin-6β-cinnamate', 'Cognatine', 'Fagaramide', 'Chalepin', 'Chlorogenic acid']]",doi_name
"['10.1080/14786410600907002', 'des-N-methylnoracronycine']","['10.1080/14786410600907002', ['guaiol', 'γ-eudesmol', 'Hinesol', 'α-eudesmol', 'Teucrein', '11-O-trans-feruloylteucrein', 'Galioside aglicone', 'Galioside', 'Apodanthoside', 'Aphidicolin', '3,3-O-dimethylquercetin', '3,7,4-O-trimethylkaempferol', 'p-hydroxybenzoic acid', 'penduletin 4-O-methyl ether', '3-O-methylquercetin', '2α,3α-dihydroxyolean-12- en-28-oic acid', 'acacetin', 'Chrysoeriol', '2α,3α,19α- trihydroxyurs-12-en-28-oic acid', ""3,4-dimethyl-2-(4'-hydroxy-3',5'-dimethoxyphenyl)-5-methoxy-tetrahydrofuran"", 'Beauvericin', 'Anhydrofusarubin', 'Tagitinin C', '1-methoxy-3-hydroxy-3,10b-4,5a-diepoxy-8b-isobutyroyloxygermacr-11(13)-en-6a,12-olide', ""4-Hydroxy-(3',7'-dimethyl-1'-oxo-octa-2'-E-6'-dienyl)benzoic acid"", ""4-Hydroxy-3-(3',7'-dimethyl-3'-hydroxy-1'-oxo-6'-octenyl)benzoic acid"", ""Sakuranetin; 5,4'-dihydroxy-7-methoxyflavanone"", ""1,4-Dihydroxy-2-(3',7'-dimethyl-1'-oxo-2'-E-6'-octadienyl)benzene"", ""Isosakuranetin; 5,7-dihydroxy-4'-methoxyflavanone"", '(+)-11α-Hydroxyerythravine', '(+)-α-Hydroxyerysotrine', '(+)-Erythravine', '4-metoxi-6-[2-(metilamino)fenil]- 2H-piran-2-ona', 'Citrusinine-I', 'Pyranofoline', '5-hydroxynoracronycine; Atalaphyllidine', '1,3,5-trihydroxy-4-methoxy-10-methyl- 2,8-bis(3-methylbut-2-enyl)acridin-9(10H)-one', 'Citrusinine-II', '1,3,5-trihydroxy- 2,8-bis(3-methylbut-2-enyl)-10-methyl-9-acridone', 'Glycocitrine-IV', 'Glycocitrine-I', '3,4-dihydro-3,5,8-trihydroxy-6-methoxy-2,2,7-trimethyl-2Hpyrano[ 2,3-a]acridin-12(7H)-one', 'Pimara-7,15-dien-3β-ol', '8-hydroxy-6-methoxy-3-methylisocoumarin', 'Dimethyl terephthalate', 'Ergosterol peroxide', '(22E,24R)-ergosta-4,6,8(14),22-tetraen-3-one', 'Chlorogenic acid methyl ester, Methyl (1S,3R,4R,5R)-3-{[(2E)-3-(3,4-dihydroxyphenyl)-2-propenoyl]oxy}-1,4,5-trihydroxycyclohexanecarboxylate', '9-hydroxyeugenin', 'Mycoleptone A', 'Mycoleptone B', 'Austdiol', 'Eugenitin', 'Austdiol diacetate', '6-methoxyeugenin', 'Mycoleptone A tetraacetate', '2,3-dihydro-4,9-dihydroxy-2-(2-hydroxy-propan-2-yl)- 11-methoxy-10-methylfuro[3,2-b]acridin-5(10H)-one', 'Citibrasine', 'bis-5-hydroxyacronycine', ""3',4',5',3,5,7,8-heptamethoxyflavone"", ""3,5,6,7,3',4',5'-heptamethoxyflavonol"", 'Taraxerol acetate', '5,7-dimethoxy-2,2-dimethyl-2H-1-benzopyran-6-propanoate', '(-)-3-O-acetyl-spectaline', 'Methyl (3R,4R,5R)-3-{[(2E)-3-(3,4-dihydroxyphenyl)-2-propenoyl]oxy}-1,4,5-trihydroxycyclohexanecarboxylate', 'Methyl (3R,4R,5R)-3-{[(2Z)-3-(3,4-dihydroxyphenyl)-2-propenoyl]oxy}-1,4,5-trihydroxycyclohexanecarboxylate', 'Nitensidine D', 'Nitensidine E', '3,21-Di-epi-feroniellide B', '21α,25-dimethylmelianodiol', '21β,25-dimethylmelianodiol', ""3',4'-methylenedioxy-5,6,7- trimethoxyflavone"", ""3',4'-methylenedioxy-5,5',6,7-tetramethoxyflavone"", ""2'-hydroxy-3,4,4'-trimethoxy-5',6'-(2'',2''-dimethylpyrano)-chalcone"", ""3',4'-methylenedioxy-5,7-dimethoxyflavone"", 'Hispidol A', 'Nilocetin', 'Pentaol', '3,11-dioxoolean-12-en-28- onic acid', 'Piscidinol A', 'cryptomeridiol', 'Iso-odoratol', 'Oleanonic acid', 'astilbin; Rel-(2R, 3R)-dihydroquercetin-3-O-±-L-rhamnoside', 'Clusifoliol', ""Isoswertisin-4'-methyl-ether-2''α-L-rhamnoside"", '2-Episesalatin', ""Isoswertisin-2''α1-L-rhamnoside"", 'Sesartemin', 'Procyanidin B-3', 'Kaempferol-3-O-D-glucopyranoside', '6-Hydroxy-rutin', 'Quercetin-3-O-α-L-rhamnopyranosyl-(1→6)-β-D-galactopyranoside', 'Kaempferol-3-O-D-galactopyranoside', 'Kaempferol-3-O-α-L-rhamnopyranosyl-(1-6)-α-L-rhamnopyranosyl-(1-4)-β-D-glucopyranoside', 'Kaempferol-3-O-rutinoside', 'Catechin, Ent-catechin', 'Kaempferol-3-O-α-L-rhamnopyranosyl-(1→6)-β-D-galactopyranoside', 'Turbinatine', 'Harman-3-carboxylic acid', 'Strictosidine acid', '3,4-dehydrostrictosidine acid', 'Cordifoline', '3,4-dehydro-strictosidine', '5α-carboxystrictosidine', 'Deoxycordifoline', 'β-Gardiol', 'α-Gardiol', 'Ferulic acid', '5,7-dimethoxy-2,2-dimethyl-2H-1-benzopyran-6-propanoic acid', '17-(3,4-Methylenedioxyphenyl)-heptadecanoic acid', 'Sargaquinoic acid', ""Juruenolic acid; 2-(4'-Methylpentenyl-3)-10-oxoundecan-2,6-dienoic acid"", '(+)-Guaiacin', '21´-(3,4-Methylenedioxyphenyl)-henicosanoic acid', 'Fasciculiferin', 'Sargachromenol', '19´-(3,4-Methylenedioxyphenyl)-nonadecanoic acid', ""7,4'-Dimethoxyflavone"", ""7,4'-Dihydroxyflavone"", 'Farnisine', 'Tithonine', 'Epi-guaiacin', 'Verrucosin', '7-Methyl-sargachromenol; 2,7,8-Trimethyl-2-[(3-E,7-Z)-4,12-dimethyl-8-carboxyl-3,7,11-tridecatrienyl]-3-chromen-6-ol, β-caroteno', 'Nectandrin B', ""2-(3',4'-methylenedioxyphenylethyl)-Quinoline"", ""2-(1'-pentenyl)-Quinoline"", '2-n-Pentylquinoline', '2-n-Propylquinoline', ""4-Hydroxy-(3',7'-dimethyl-1'-oxo-octa-2'-Z-6'-dienyl)benzoic acid"", ""Aduncumene; Methyl 2-methoxy-5-(3'-methyl-1'-oxo-2'-butenyl)benzoate"", ""Methyl 4-hydroxy-3-(3'-methyl-2'-hydroxy-3'-butenyl)benzoate"", '3,4,5-Trimethoxydihydrocinnamic acid', ""Methyl taboganate; Methyl 4-hydroxy-3-(3'-methyl-1'-oxo-2'-butenyl)benzoate"", ""4-Hydroxy-3-(3',7'-dimethylocta-2'-E-6'-dienyl)benzoic acid"", ""Hostmaniene; 4-Hydroxy-3-(2',3'-dihydroxy-3'-methylbutyl)benzoate"", ""2',6'-Dihydroxy-4'-methoxydihydrochalcone"", ""Methyl 4-hydroxy-3-(3'-methyl-2'-butenyl)benzoate"", 'Piperaduncine B', 'Methyl 2,2-dimethyl-1-oxo-2H-1-benzopyran-6-carboxylate', 'Secoxyloganin', '7-Methoxydiderroside', 'Diderroside', ""6'-Acetyl-β-D-glucopyranosyldiderroside"", 'Stearic acid 4-pentoyloxyphenethyl ester', 'Methyl-8-hydroxy-2,2-dimethyl-2H-chromene-6-carboxylate', ""4-Methoxy-3-(3',7'-dimethylocta-2'-E-6'-dienyl)benzoic acid"", ""3-(3',7 '-dimethyl-2',6 '-octadienyl)-4-methoxy-benzoic acid"", ""Rel-(7R,8S,7'S,8'S)-4-hydroxy-4',5'-methylenedioxy-3,5,3'-trimethoxy-7,7'-epoxylignan"", ""Rel-(7R,8S,7'S,8'S)-4'-hydroxy-3,4,5,3',5'-pentamethoxy-7,7'-epoxylignan"", ""Rel-(7R,8S,7'S,8'S)-4',5'-methylenedioxy-3,4,5,3'-tetramethoxy-7,7'-epoxylignan"", ""Rel-(7R,8S,7'S,8'S)-4,5,4',5'-dimethylenedioxy-3,3'-dimethoxy-7,7'-epoxylignan"", ""Rel-(7R,8S,7'S,8'S)-9-hydroxy-4',5'-methylenedioxy-3,4,5,3'-tetramethoxy-7,7'-epoxylignan"", 'Xanthyletin', '(3Z,5Z)-N-isobutyl-8-(30,40-methylenedioxy-phenyl)-heptadienamide', 'Pellitorine', '10,11-dihydropiperine; Δα,β-dihydropiperine', '8,9-dihydropiplartine; N-(12,13,14-trimethoxydihydrocinnamoyl)-Δ3-pyridin-2-one', '4,5-dihydropiperyline', '(E)-piplartine', ""N-[3-(6'-methoxy-3',4'-methy-lenedioxyphenyl)-2(Z)-propenoyl]pyrrolidine"", '(Z)-piplartine; 8(Z)-N-(12,13, 14-trimethoxycinnamoyl)- 3-pyridin-2-one', 'Piperine', '4,5-dihydropiperlonguminine; Piperlonguminine', 'Methacrylic acid', 'cyclo (L)-Pro-Gly', 'Isopimpinellin', 'β-caryophyllene, trans-caryophyllene', 'Cusculine; 1,2,3,5,6-pentamethoxy-9-acridone', 'Cuspanine; 1-hydroxy-2,3,5,6-tetramethoxy-9-acridone', '2α,3α-Dihydroxy-urs-12-en-28-oic acid', 'Oleanolic acid 3-sophoroside', '3-O-β-D-(6’-methyl)-glucopyranosyl-28-O-β-D-glucopyranosyl-oleanate', 'β-Sitosterol benzoate', '2-phenyl-4H-chromen-4-one', '5-hydroxyflavone', 'Haplotusine', 'Sinapyl 4-O-β-D-glucopyranoside aldehyde', 'N-acetylnonaine', 'Liriodenine', 'Sinapyl 4-O-β-D-glucopyranoside alcohol', '[10]-gingerol', ""2,4-Dihydroxy-6-[(1'E,3'E)-penta-1', 3'-dienyl]-benzaldehyde"", '2-methyl-5-[8(Z)-pentadecenyl]resorcinol', 'Nitensidine A', '2-hydroxyphenylacetic acid', '3-O-β-D-quinovopyranosyl quinovic acid', ""8-hydroxy-3,5,7,3',4',5'-hexamethoxyflavonol"", 'Kaempferol', '(4R)-4,8-dihydroxy-α-tetralone', 'Chlorogenic acid', 'Odoratol', 'Chalepin', '3β-hydroxy-stigmast-5-en-7-one; 24-β-7-oxositosterol', 'scillascillin', 'Homoegonol', '[8]-gingerol', '2,7-Di-O-acetylcasearupestrin A', 'Nitensidine B', '1-methyl-2-n-nonyl-4-quinolone', 'Leptomerine', '5-hydroxy-N-methylseverifoline', '19,20-Epoxycytochalasin N', 'ellagic acid 4-O-α-L-rhamnopyranoside; eschweilenol C', 'Mayoside C', 'Ourateacatechin', ""3',4',5',5,7-pentamethoxyflavone"", '2-methyl-5-pentadecylresorcinol', 'Griseofulvin', ""7-Hydroxy-4',6-dimethoxyisoflavone; Afrormosin; Afromosin"", '8-methoxymellein', '(±)-Syringaresinol', 'Cyclo-(L-Pro-L-Val)', 'citrusinine-I', 'Ricinine', 'Leptophyllin A', '5-pentadecylresorcinol', 'Skimmianine', 'p-hydroxybenzoic acid-geranyl ester', '3,12-Dihydroxycadalene', '7-hydroxy-3- (11-dimethylallyl)-8-methoxycoumarin', ""N-[7-(3',4'-methylenedioxyphenyl)-2(Z),4(Z)-heptadienoyl]pyrrolidine"", ""Acteoside; [β-3,4-dihydroxyphenyl)-ethyl]-(3'-O-α-L-rhamnopyranosyl)-(4'-O-cafeoyl)-β-D-glycopyranoside, verbascoside"", 'Ocotillone', 'des-N-methylnoracronycine', 'Sorbifolin 6-O-β-glucopyranoside', 'Rel-2α-hydroxyzuelanin-6β-benzoate', '2,6-di-O-acetylcasearupestrin D', ""Methyl-2,2-dimethyl-8-(3'-methylbut-2'-enyl)chroman-6-carboxylate"", 'Canavaline', 'Di-hydrodehydrodiconiferyl alcohol', 'Quercetin', ""2-(2'-O-trans-cinnamoyl)-C-β-D-glucopyranosyl-1,3,6,7-tetrahydroxyxanthone"", 'Kokusaginine', 'Pristimerin; 20α-3-hydroxy-2-oxo-24-nor-friedela-1-10,3,5,7-tetraen-carboxylic acid-29-methylester', '3,4,5-trimethoxyphenyl 1-O-β-D-apiofuranosyl-(1→6)-O-β-D-glucopyranoside', 'β-photogedunin', 'n-Butyl gallate', ""5-[3''-(β-D-glucopyranosyloxy)propyl]-7-methoxy-2-(3',4'-dimethoxyphenyl)benzofuran"", '5-[8(Z),11(Z),14-pentadecatrienyl]resorcinol', 'Gallic acid; 3,4,5-trihydroxybenzoic acid', 'Maculosidine', 'Podocarpusflavone A', 'Casearupestrin C', '6α-malonyloxy-n-butyl ester manoyl oxide', 'Proanthocyanidin', 'neoisoastilbin', '(R)-7-Hydroxymellein', '6α-acetoxymanoyl oxide', 'Methyl-8-hydroxy-2,2-dimethylchroman-6-carboxylate', '6α-acetoxy-14β,15β-epoxyazadirone', '19,20-Epoxycytochalasin D', 'fumiquinozoline F', 'Kaempferol 3-O-α-L-rhamnopyranosyl (1→6)-O-[β -D-glucopyranosyl (1→3)-O-α-L-rhamnopyranosyl-(1→2)]-O-β -D-glucopyranosyl', '3β-O-[α-L-rhamnopyranosyl-(1→2)-O-β-D-glucopyranosyl-(1→2)-O-β-D-glucopyranosyl]-28-O-β-D-glucopyranoside pomolate', 'Dibenzyl tetrasulphide', ""2',5-dihydroxy-3-methoxy-8-dimethylallyl-6, 7-(2' ',2''-dimethylpyrano)-dihydroflavonol"", 'Methyl angolensate', ""5-(3'' -Hydroxypropyl)-7-methoxy-2-(3',4' -methyl-enedioxyphenyl)benzofuran"", '22β-hydroxypristimerin', '1- (5,7-dihydroxy-2,2-dimethylchroman-6-yl)-3-(2,2-dimethylchroman- 6-yl)propan-1-one', 'toonacilin', 'Uracil', '1-O-(E)-feruloyl-β-D-glucopyranoside', '2-n-nonyl-4-quinolone', 'Cytochalasin D', 'Isoorientin', 'urauchimycin A', 'p-Coumaric acid', '(-)-Epigallocatechin', 'Netzahualcoyonol', '1-[3-(3,7-dimethylocta-2,6-dien-1-yl)-2,4,6- trihydroxyphenyl]-3-(4-hydroxyphenyl)propan-1-one', '6α-malonyloxymanoyl oxide', 'Benzylhydroxymethyl sulphide', '1,6-di-O-caffeoyl-β-D-glucopyranoside', '2-methyl-5-[8(Z),11(Z),14-pentadecatrienyl]resorcinol', 'Dibenzyl disulphide', 'Isopropyl gallate', '6β-hydroxy-7-epigardoside methyl ester', 'Tetrahydropiperyline, N-[10-(13,14-methylenedioxyphenyl)-pentanoyl]-pyrrolidine', 'Piperovatine', '2,4,6-trimethoxybenzoic acid', '1-O-(E)-caffeoyl-β-D-glucopyranoside', 'Quercitrin, 3-O-α-rhamnosylquercetin', 'Caseobliquin A', '20-hydroxyecdysone; polypodine A', '3-Acetyl aleuritolic acid', 'Alkenoic acid', 'Quercetin 3-O-α-L-rhamnopyranosyl (1→6)-O-[β -D-glucopyranosyl (1→3)-O-α-L-rhamnopyranosyl-(1→2)]-O-β -D-glucopyranosyl', 'Heveaflavone', 'Arboreumine', '3-Oxoursolic acid', 'Casearupestrin B', '19,20-Epoxycytochalasin C', 'n-Pentyl gallate', 'Orcinol', 'Periconicin B', 'Phomopsilactone', ""(2S)-8-Isopentyl-2-methyl-2-(4'-methylpentyl)chroman-6-carboxylic acid"", '2,2-dimethyl-2H-chromene-6-carboxylic acid', '1,2-dihydro- 3β-hydroxy-7-deacetoxy-7-oxogedunin', 'Photogedunin', 'Casearin X; (1R*,3S*,5S*,6aR*,7S*,8S*,10R*,10aR*)-1-(Acetyloxy)-3,5,6,6a,7,8,9,10-octahydro-10-hydroxy-7,8-dimethyl-7-[(2Z)-3-methylpenta-2,4-dien-1-yl]naphtho[1,8a-c]furan-3,5-diyl Dibutanoate', ""2-(R)-Methyl-6-(S)-(tetradecyl-13'-one)-3(R)-O-tert-butyldimethylsilyl-piperidine"", '(2S)-Methyl-2-methyl-8-(3""-methylbut-2""-enyl)-2-(4\'-methylpent-3\'-enyl)-2H-chromene-6-carboxylate', 'Casearin X Dialdehyde; (2R*,4aS*,5S*,7R*,8R*,8aS*)-4,4a-Diformyl-1,2,4a,5,6,7,8,8a-octahydro-5-hydroxy-7,8-dimethyl-8-[(2Z)-3-methylpenta-2,4-dien-1-yl]naphthalen-2-yl Butanoate', 'polypodine B', 'n-Propyl gallate', ""3',4',5',5,7,8-hexamethoxyflavone"", 'Isoplumericin', 'α-L-xylopyranosyl-(4""→20)-(3-O-β-D-glucopyranosyl)-1\'-O-E-caffeoyl-β-D-glucopyranoside', 'Casearin T', 'Piperyline, N-[10-(13,14-methylenedioxyphenyl)-7(E),9(E)-pentadienoyl]-pyrrolidine', 'ω-fenil alcanoic acid', '2-butyl-D-fructofuranoside', ""Gaudichaudianic acid; (2S)-2-methyl-2-(4'methyl-3'-pentenyl)-8-(3''-methyl-2-butenyl)- 2H-1-benzopyran-6-carboxylic acid"", 'limonexic acid', 'Pedalitin', 'epoxy-fraxinellone', '12′-hydroxy-7′-multijuguinone', 'Kaempferitrin', 'Nitensidine C', 'Dipropyl disulphide', '2-methyl-5-[8(Z),11(Z)-pentadecadienyl]resorcinol', 'Methyl 6,7,8-trimethoxydihydrocinnamate', 'taxifolin', ""(2'S)-2-(propan-2'-ol)-5-hydroxy-benzopyran-4-one"", 'Rel-(+)-(7S,9R,10S)-3,9,12-trihydroxycalamenene', 'Casearin S', '2-Hexyl-3-methyl-butanodioic acid', 'fraxinellone', '6-[ 8(Z),11(Z) -pentadecadienyl] salicylic acid', 'Di(benzyltrithio) methane', '3,11,12-Trihydroxycadalene', 'Quercetin 3-O-sophoroside', '(3R,4R)-3,4-Dihydro-4,6-dihydroxy-3-methyl-1-oxo-1H-isochromene-5-carboxylic acid', '24-methylene-3,22-dihydroxycholesterol', 'amorphispironone', 'Casearupestrin D', 'Chaetoglobosin B', ""2-(2'-O-benzoyl)-C-β-D-glucopyranosyl-1,3,6,7-tetrahydroxyxanthone"", '5-hydroxymethyl- 2-furancarboxaldehyde; 5-hydroxymethyl-2-furfuraldehyde', 'atalaphyllinine', 'N-[10- (13,14-methylenedioxyphenyl)-7(E)-pentaenoyl]-pyrrolidine', '2-Methyl-5-methoxy-benzopyran-4-one', '3,4-dihydroxybenzoic acid geranyl ester', '6-[8(Z)-pentadecenyl]salicylic acid', '(2S)-2-methyl-8-(3""-methylbut-2""-enyl)-2-(4\'-methylpent-3\'-enyl)-2H-chromene-6-carboxylic acid', 'Burchellin', '5-[8(Z)-pentadecenyl]resorcinol', 'Luteolin; 2-(3,4-dihydroxyphenyl)-5,7-dihydroxy-4H-chromen-4-one', 'Sinapic acid', '19,20-Epoxycytochalasin Q', '19,20-Epoxycytochalasin R', 'Muraxanthone', 'Casearupestrin A', '2-oxo-piperol B; (7S*, 8R*, 1R*, 3R*)-3,4,5-trimethoxy-3,7-cyclo-8,1-neolig-8-ene-2,4(3H)-dione', '28-O-β-D-glucopyranosyl quinovic acid', '2-Methyl-4-hydroxy-butyl caffeoate', 'N-1,N-2,N-3-Triisopentenylguanidine', 'Dibenzyl trisulphide', 'Maytenin, Tingenone', 'urauchimycin B', ""2-(2'-O-trans-caffeoyl)-C-β-D-glucopyranosyl-1,3,6,7-tetrahydroxyxanthone"", 'Netzahualcoyene', '11β-acetoxyobacunone', '1-(5,7-dihydroxy-2,2-dimethylchroman- 6-yl)-3-[4-hydroxy-3-(3-methylbut-2-en-1-yl)- phenyl]propan-1-one', '(3R,4R)-4,7-Dihydroxymellein', ""Nitensoside B; Pedalitin 6-O-α-rhamnopyranosyl(1'''→6'')-β-glucopyranoside"", 'Amentoflavone', 'Odoratone', 'Rel-6β-hydroxyzuelanin-2β-benzoate', 'shidasterone', 'Gedunin', 'Pedalin, pedalitin 6-O-β -glucopyranoside', 'Caseargrewiin F; (1R*,3S*,5S*,6aR*,7S*,8R*,10R*,10aR*)-1,3-Bis(acetyloxy)-3,5,6,6a,7,8,9,10-octahydro-10-hydroxy-7,8-dimethyl-7-[(2Z)-3-methylpenta-2,4-dien-1-yl]naphtho[1,8a-c]furan-5-yl Butanoate', 'Casearin L; (1R*,3S*,5S*,6aR*,7R*,8R*,9S*,10S*,10aR*)-1,10-Bis(acetyloxy)-3,5,6,6a,7,8,9,10-octahydro-9-hydroxy-5-methoxy-7,8-dimethyl-7-[(2Z)-3-methylpenta-2,4-dien-1-yl]naphtho[1,8a-c]-furan-3-yl Butanoate', 'Platydesmine', 'Leiokinine A', 'Cabraleadiol', 'schaftoside', ""(2S)-Methyl-8-isopentyl-2-methyl-2-(4'-methylpentyl)chroman-6-carboxylate"", '3,4,5-Triacetoxybenzoic acid', '1-(5,7-dihydroxy-2,2-dimethylchroman-6-yl)-3-(1,1,4a-trimethyl-2,3,4,4a,9a-hexahydro-1H-xanthen-7-yl)propan-1-one', 'Methyl (E)-6,7,8-trimethoxycinnamate', 'Netzahualcoyondiol', 'Piperol B', '(-)-Hardwickiic acid', ""5-[3''-(β-D-glucopyranosyloxy)propyl]-7-methoxy-2-(3',4'-methylenedioxyphenyl)benzofuran"", 'Methyl-8-(ethanoyloxy)-2,2-dimethyl-2H-chromene-6-carboxylate', 'arjunolic acid', '3,4,5-Trimethoxyphenyl-1-O-β-D-(5-O-syringoyl)-apiofuranosyl-(1→6)-β-D-glucopyranoside', '6-[8(Z),11(Z),14-pentadecatrienyl]salicylic acid', 'Sorbifolin', ""Nitensoside A; Sorbifolin 6-O-α-rhamnopyranosyl(1'''→6'')-β-glucopyranoside"", 'Casearin O; (1R*,3S*,5S*,6aR*,7R*,8R*,9S*,10S*,10aR*)-1,10-Bis(acetyloxy)-5-methoxy-7,8-dimethyl-7-[(2Z)-3-methylpenta-2,4-dien-1-yl]-3,5,6,6a,7,8,9,10-octahydronaphtho[1,8a-c]furan-3,9-diyl Dibutanoate', 'germacrene D', 'Methyl gallate', '3-O-β-D-quinovopyranosyl cincholic acid', 'Afzelin, 3-O-α-rhamnosyl kaempferol', 'Egonol', '4-Nerolidilcatechol', ""2-(2'-O-transcoumaroyl)-C-β-D-glucopyranosyl-1,3,6,7-tetrahydroxyxanthone"", 'Syringic acid', 'N-[10-(13,14-methylenedioxyphenyl)-7(E),9(Z)-pentadienoyl]-pyrrolidine', '(3-(2-(4-hydroxyphenyl)-2-oxoethyl)-5,6-dihydropyridin- 2(1H)-one)', 'Mangiferin', 'Salacin', 'Viburgenin', ""Pterogynoside; Kaempferol-3-O-(3''-O-4'''-methylgallate-α-L-rhamnoside)"", 'Isobutyl gallate', '7′-multijuguinone', '(+)-3-O-feruloylcassine', '6-pentadecylsalicylic acid', 'Methyl-2,2-dimethylchroman-6-carboxylate', ""Myrsinoic acid A, 3-Geranyl-4-hydroxy-5-(3'',3''-dimethylallyl)benzoic acid"", '20α-Hydroxymaytenin; 20-hydroxy-20-epi-tingenone', '(-)-Epigallocatechin-3-O-gallate', 'Casearin D; (1R*,3S*,5S*,6aR*,7R*,8R*,9S*,10S*,10aR*)-1-(Acetyloxy)-3,5,6,6a,7,8,9,10-octahydro-5,10-dihydroxy-7,8-dimethyl-7-[(2Z)-3-methylpenta-2,4-dien-1-yl]naphtho[1,8a-c]furan-3,9-diyl Dibutanoate', 'Rel. (+)-(7S,10S) 3,12-dihydroxycalamenene', 'carlinoside', '4-Hydroxymellein', '5-hydroxymellein', 'fraxinellonone', 'Dibenzyl sulphide', '(-) Cis-4-hydroxy-6-deoxyscytalone', 'Plumericin', '5-[8(Z),11(Z)-pentadecadienyl]resorcinol', '(-)-Spectalinine', 'stachysterone', 'Ethyl 2,4-dihydroxy-5,6-dimethylbenzoate', 'Amentoflavone 7”,4”’-dimethyl ether', 'Picramnioside F', 'Lauryl gallate', 'Syringaldehyde', '22-hydroxytirucalla-7,24-diene-2,3-dione', 'Trans-3’-methylsulphonylallyl trans-cinnamate', 'Acetonide of odoratol', '(−)-Grandisin', '24-methylenecycloartan-3b-ol', 'Ixoside', '2β-Hydroxyzuelanin-6β-cinnamate', 'Cognatine', 'Fagaramide']]",doi_name
"['10.3390/molecules15129205', 'Leptomerine']","['10.3390/molecules15129205', ['guaiol', 'Hinesol', 'γ-eudesmol', 'α-eudesmol', 'Galioside aglicone', 'Teucrein', '11-O-trans-feruloylteucrein', 'Galioside', 'Apodanthoside', ""2-(1'-pentenyl)-Quinoline"", ""2-(3',4'-methylenedioxyphenylethyl)-Quinoline"", '2-n-Propylquinoline', '2-n-Pentylquinoline', 'Taraxerol acetate', 'Tagitinin C', '1-methoxy-3-hydroxy-3,10b-4,5a-diepoxy-8b-isobutyroyloxygermacr-11(13)-en-6a,12-olide', '4-metoxi-6-[2-(metilamino)fenil]- 2H-piran-2-ona', 'Kaempferol-3-O-D-glucopyranoside', 'Kaempferol-3-O-D-galactopyranoside', 'Procyanidin B-3', '6-Hydroxy-rutin', 'Quercetin-3-O-α-L-rhamnopyranosyl-(1→6)-β-D-galactopyranoside', 'Kaempferol-3-O-rutinoside', 'Kaempferol-3-O-α-L-rhamnopyranosyl-(1→6)-β-D-galactopyranoside', 'Kaempferol-3-O-α-L-rhamnopyranosyl-(1-6)-α-L-rhamnopyranosyl-(1-4)-β-D-glucopyranoside', 'Catechin, Ent-catechin', '9-hydroxyeugenin', 'Mycoleptone A', 'Austdiol diacetate', 'Austdiol', '6-methoxyeugenin', 'Eugenitin', 'Mycoleptone A tetraacetate', 'Mycoleptone B', ""3,4-dimethyl-2-(4'-hydroxy-3',5'-dimethoxyphenyl)-5-methoxy-tetrahydrofuran"", 'Nitensidine D', 'Nitensidine E', '5,7-dimethoxy-2,2-dimethyl-2H-1-benzopyran-6-propanoate', 'Xanthyletin', ""3',4',5',3,5,7,8-heptamethoxyflavone"", ""3,5,6,7,3',4',5'-heptamethoxyflavonol"", '(+)-Erythravine', '(+)-α-Hydroxyerysotrine', '(+)-11α-Hydroxyerythravine', 'Chlorogenic acid methyl ester, Methyl (1S,3R,4R,5R)-3-{[(2E)-3-(3,4-dihydroxyphenyl)-2-propenoyl]oxy}-1,4,5-trihydroxycyclohexanecarboxylate', '7-Methoxydiderroside', ""6'-Acetyl-β-D-glucopyranosyldiderroside"", 'Diderroside', 'Secoxyloganin', 'Nectandrin B', 'Epi-guaiacin', 'Verrucosin', '7-Methyl-sargachromenol; 2,7,8-Trimethyl-2-[(3-E,7-Z)-4,12-dimethyl-8-carboxyl-3,7,11-tridecatrienyl]-3-chromen-6-ol, β-caroteno', 'Aphidicolin', ""3',4'-methylenedioxy-5,6,7- trimethoxyflavone"", ""2'-hydroxy-3,4,4'-trimethoxy-5',6'-(2'',2''-dimethylpyrano)-chalcone"", ""3',4'-methylenedioxy-5,5',6,7-tetramethoxyflavone"", ""3',4'-methylenedioxy-5,7-dimethoxyflavone"", '21α,25-dimethylmelianodiol', '21β,25-dimethylmelianodiol', '3,21-Di-epi-feroniellide B', 'Clusifoliol', ""Isoswertisin-4'-methyl-ether-2''α-L-rhamnoside"", '2-Episesalatin', ""Isoswertisin-2''α1-L-rhamnoside"", 'Sesartemin', 'Isopimpinellin', 'Beauvericin', 'Anhydrofusarubin', 'astilbin; Rel-(2R, 3R)-dihydroquercetin-3-O-±-L-rhamnoside', 'β-Gardiol', 'α-Gardiol', 'Ferulic acid', '(-)-3-O-acetyl-spectaline', 'Cordifoline', 'Strictosidine acid', 'Turbinatine', '3,4-dehydrostrictosidine acid', '3,4-dehydro-strictosidine', '5α-carboxystrictosidine', 'Harman-3-carboxylic acid', 'Deoxycordifoline', ""Rel-(7R,8S,7'S,8'S)-4,5,4',5'-dimethylenedioxy-3,3'-dimethoxy-7,7'-epoxylignan"", ""Rel-(7R,8S,7'S,8'S)-4'-hydroxy-3,4,5,3',5'-pentamethoxy-7,7'-epoxylignan"", ""Rel-(7R,8S,7'S,8'S)-9-hydroxy-4',5'-methylenedioxy-3,4,5,3'-tetramethoxy-7,7'-epoxylignan"", ""Rel-(7R,8S,7'S,8'S)-4-hydroxy-4',5'-methylenedioxy-3,5,3'-trimethoxy-7,7'-epoxylignan"", ""Rel-(7R,8S,7'S,8'S)-4',5'-methylenedioxy-3,4,5,3'-tetramethoxy-7,7'-epoxylignan"", '17-(3,4-Methylenedioxyphenyl)-heptadecanoic acid', 'Farnisine', '(+)-Guaiacin', ""7,4'-Dimethoxyflavone"", 'Sargachromenol', ""7,4'-Dihydroxyflavone"", '19´-(3,4-Methylenedioxyphenyl)-nonadecanoic acid', 'Sargaquinoic acid', '21´-(3,4-Methylenedioxyphenyl)-henicosanoic acid', 'Fasciculiferin', ""Juruenolic acid; 2-(4'-Methylpentenyl-3)-10-oxoundecan-2,6-dienoic acid"", 'Tithonine', 'Methyl (3R,4R,5R)-3-{[(2E)-3-(3,4-dihydroxyphenyl)-2-propenoyl]oxy}-1,4,5-trihydroxycyclohexanecarboxylate', 'Methyl (3R,4R,5R)-3-{[(2Z)-3-(3,4-dihydroxyphenyl)-2-propenoyl]oxy}-1,4,5-trihydroxycyclohexanecarboxylate', 'cyclo (L)-Pro-Gly', ""4-Hydroxy-3-(3',7'-dimethyl-3'-hydroxy-1'-oxo-6'-octenyl)benzoic acid"", ""4-Hydroxy-(3',7'-dimethyl-1'-oxo-octa-2'-E-6'-dienyl)benzoic acid"", ""Isosakuranetin; 5,7-dihydroxy-4'-methoxyflavanone"", ""1,4-Dihydroxy-2-(3',7'-dimethyl-1'-oxo-2'-E-6'-octadienyl)benzene"", ""Sakuranetin; 5,4'-dihydroxy-7-methoxyflavanone"", '5,7-dimethoxy-2,2-dimethyl-2H-1-benzopyran-6-propanoic acid', '(3Z,5Z)-N-isobutyl-8-(30,40-methylenedioxy-phenyl)-heptadienamide', 'Pellitorine', '4,5-dihydropiperlonguminine; Piperlonguminine', ""N-[3-(6'-methoxy-3',4'-methy-lenedioxyphenyl)-2(Z)-propenoyl]pyrrolidine"", '(Z)-piplartine; 8(Z)-N-(12,13, 14-trimethoxycinnamoyl)- 3-pyridin-2-one', 'Piperine', '10,11-dihydropiperine; Δα,β-dihydropiperine', '4,5-dihydropiperyline', '(E)-piplartine', '8,9-dihydropiplartine; N-(12,13,14-trimethoxydihydrocinnamoyl)-Δ3-pyridin-2-one', 'Methacrylic acid', 'p-hydroxybenzoic acid', 'penduletin 4-O-methyl ether', '2α,3α-dihydroxyolean-12- en-28-oic acid', '3-O-methylquercetin', '3,7,4-O-trimethylkaempferol', 'Chrysoeriol', 'acacetin', '2α,3α,19α- trihydroxyurs-12-en-28-oic acid', '3,3-O-dimethylquercetin', 'Stearic acid 4-pentoyloxyphenethyl ester', 'Dimethyl terephthalate', '8-hydroxy-6-methoxy-3-methylisocoumarin', 'Ergosterol peroxide', '(22E,24R)-ergosta-4,6,8(14),22-tetraen-3-one', 'Pimara-7,15-dien-3β-ol', 'bis-5-hydroxyacronycine', '2,3-dihydro-4,9-dihydroxy-2-(2-hydroxy-propan-2-yl)- 11-methoxy-10-methylfuro[3,2-b]acridin-5(10H)-one', 'Citibrasine', 'Piperaduncine B', ""Hostmaniene; 4-Hydroxy-3-(2',3'-dihydroxy-3'-methylbutyl)benzoate"", ""Methyl 4-hydroxy-3-(3'-methyl-2'-butenyl)benzoate"", 'Methyl 2,2-dimethyl-1-oxo-2H-1-benzopyran-6-carboxylate', ""4-Hydroxy-3-(3',7'-dimethylocta-2'-E-6'-dienyl)benzoic acid"", ""2',6'-Dihydroxy-4'-methoxydihydrochalcone"", ""Methyl taboganate; Methyl 4-hydroxy-3-(3'-methyl-1'-oxo-2'-butenyl)benzoate"", '3,4,5-Trimethoxydihydrocinnamic acid', ""Methyl 4-hydroxy-3-(3'-methyl-2'-hydroxy-3'-butenyl)benzoate"", ""4-Hydroxy-(3',7'-dimethyl-1'-oxo-octa-2'-Z-6'-dienyl)benzoic acid"", ""Aduncumene; Methyl 2-methoxy-5-(3'-methyl-1'-oxo-2'-butenyl)benzoate"", '1,3,5-trihydroxy-4-methoxy-10-methyl- 2,8-bis(3-methylbut-2-enyl)acridin-9(10H)-one', 'Pyranofoline', '1,3,5-trihydroxy- 2,8-bis(3-methylbut-2-enyl)-10-methyl-9-acridone', 'Citrusinine-I', '5-hydroxynoracronycine; Atalaphyllidine', 'Glycocitrine-I', 'Citrusinine-II', 'Glycocitrine-IV', '3,4-dihydro-3,5,8-trihydroxy-6-methoxy-2,2,7-trimethyl-2Hpyrano[ 2,3-a]acridin-12(7H)-one', ""4-Methoxy-3-(3',7'-dimethylocta-2'-E-6'-dienyl)benzoic acid"", 'Methyl-8-hydroxy-2,2-dimethyl-2H-chromene-6-carboxylate', ""3-(3',7 '-dimethyl-2',6 '-octadienyl)-4-methoxy-benzoic acid"", 'Piscidinol A', 'cryptomeridiol', 'Pentaol', '3,11-dioxoolean-12-en-28- onic acid', 'Iso-odoratol', 'Oleanonic acid', 'Nilocetin', 'Hispidol A', 'β-caryophyllene, trans-caryophyllene', 'Cusculine; 1,2,3,5,6-pentamethoxy-9-acridone', 'Cuspanine; 1-hydroxy-2,3,5,6-tetramethoxy-9-acridone', '2α,3α-Dihydroxy-urs-12-en-28-oic acid', '3-O-β-D-(6’-methyl)-glucopyranosyl-28-O-β-D-glucopyranosyl-oleanate', 'Oleanolic acid 3-sophoroside', 'Haplotusine', 'β-Sitosterol benzoate', '5-hydroxyflavone', '2-phenyl-4H-chromen-4-one', 'Sinapyl 4-O-β-D-glucopyranoside aldehyde', 'Sinapyl 4-O-β-D-glucopyranoside alcohol', 'Liriodenine', 'N-acetylnonaine', '[10]-gingerol', ""2,4-Dihydroxy-6-[(1'E,3'E)-penta-1', 3'-dienyl]-benzaldehyde"", '2-methyl-5-[8(Z)-pentadecenyl]resorcinol', 'Kaempferol', '2-hydroxyphenylacetic acid', '3-O-β-D-quinovopyranosyl quinovic acid', '(4R)-4,8-dihydroxy-α-tetralone', 'Gallic acid; 3,4,5-trihydroxybenzoic acid', 'Quercitrin, 3-O-α-rhamnosylquercetin', 'Caseobliquin A', 'Methyl angolensate', ""5-(3'' -Hydroxypropyl)-7-methoxy-2-(3',4' -methyl-enedioxyphenyl)benzofuran"", '22β-hydroxypristimerin', '1- (5,7-dihydroxy-2,2-dimethylchroman-6-yl)-3-(2,2-dimethylchroman- 6-yl)propan-1-one', 'Canavaline', 'Di-hydrodehydrodiconiferyl alcohol', '5-hydroxy-N-methylseverifoline', '19,20-Epoxycytochalasin N', 'ellagic acid 4-O-α-L-rhamnopyranoside; eschweilenol C', 'Mayoside C', 'Ourateacatechin', ""3',4',5',5,7-pentamethoxyflavone"", '2-methyl-5-pentadecylresorcinol', '3β-hydroxy-stigmast-5-en-7-one; 24-β-7-oxositosterol', 'Isobutyl gallate', '7′-multijuguinone', 'Griseofulvin', ""7-Hydroxy-4',6-dimethoxyisoflavone; Afrormosin; Afromosin"", '8-methoxymellein', '(±)-Syringaresinol', 'Cyclo-(L-Pro-L-Val)', 'Acetonide of odoratol', 'Nitensidine B', '1-methyl-2-n-nonyl-4-quinolone', '5-[8(Z),11(Z),14-pentadecatrienyl]resorcinol', 'Kokusaginine', ""2-(2'-O-trans-caffeoyl)-C-β-D-glucopyranosyl-1,3,6,7-tetrahydroxyxanthone"", 'Netzahualcoyene', 'Casearin X Dialdehyde; (2R*,4aS*,5S*,7R*,8R*,8aS*)-4,4a-Diformyl-1,2,4a,5,6,7,8,8a-octahydro-5-hydroxy-7,8-dimethyl-8-[(2Z)-3-methylpenta-2,4-dien-1-yl]naphthalen-2-yl Butanoate', 'polypodine B', 'n-Propyl gallate', ""3',4',5',5,7,8-hexamethoxyflavone"", 'Isopropyl gallate', 'scillascillin', 'Nitensidine A', ""8-hydroxy-3,5,7,3',4',5'-hexamethoxyflavonol"", 'Odoratol', 'Leptomerine', '1-O-(E)-caffeoyl-β-D-glucopyranoside', 'Maculosidine', 'Podocarpusflavone A', 'Casearupestrin C', '6α-malonyloxy-n-butyl ester manoyl oxide', 'citrusinine-I', 'Ricinine', 'Leptophyllin A', '5-pentadecylresorcinol', '19,20-Epoxycytochalasin D', 'fumiquinozoline F', 'Kaempferol 3-O-α-L-rhamnopyranosyl (1→6)-O-[β -D-glucopyranosyl (1→3)-O-α-L-rhamnopyranosyl-(1→2)]-O-β -D-glucopyranosyl', 'Rel-2α-hydroxyzuelanin-6β-benzoate', '2,6-di-O-acetylcasearupestrin D', ""Methyl-2,2-dimethyl-8-(3'-methylbut-2'-enyl)chroman-6-carboxylate"", '2,7-Di-O-acetylcasearupestrin A', ""2',5-dihydroxy-3-methoxy-8-dimethylallyl-6, 7-(2' ',2''-dimethylpyrano)-dihydroflavonol"", '2-n-nonyl-4-quinolone', 'Cytochalasin D', 'Isoorientin', 'Piperol B', '(-)-Hardwickiic acid', ""5-[3''-(β-D-glucopyranosyloxy)propyl]-7-methoxy-2-(3',4'-methylenedioxyphenyl)benzofuran"", '28-O-β-D-glucopyranosyl quinovic acid', '2-Methyl-4-hydroxy-butyl caffeoate', 'N-1,N-2,N-3-Triisopentenylguanidine', 'Dibenzyl trisulphide', 'Maytenin, Tingenone', '6β-hydroxy-7-epigardoside methyl ester', 'Tetrahydropiperyline, N-[10-(13,14-methylenedioxyphenyl)-pentanoyl]-pyrrolidine', 'Piperovatine', '2,4,6-trimethoxybenzoic acid', 'Uracil', 'urauchimycin A', 'p-Coumaric acid', '(-)-Epigallocatechin', 'Netzahualcoyonol', '1-[3-(3,7-dimethylocta-2,6-dien-1-yl)-2,4,6- trihydroxyphenyl]-3-(4-hydroxyphenyl)propan-1-one', '6α-malonyloxymanoyl oxide', 'Benzylhydroxymethyl sulphide', '1,6-di-O-caffeoyl-β-D-glucopyranoside', '2-methyl-5-[8(Z),11(Z),14-pentadecatrienyl]resorcinol', '20-hydroxyecdysone; polypodine A', '3-Acetyl aleuritolic acid', 'Alkenoic acid', 'Quercetin 3-O-α-L-rhamnopyranosyl (1→6)-O-[β -D-glucopyranosyl (1→3)-O-α-L-rhamnopyranosyl-(1→2)]-O-β -D-glucopyranosyl', '3β-O-[α-L-rhamnopyranosyl-(1→2)-O-β-D-glucopyranosyl-(1→2)-O-β-D-glucopyranosyl]-28-O-β-D-glucopyranoside pomolate', 'Dibenzyl tetrasulphide', 'Heveaflavone', 'Arboreumine', '3-Oxoursolic acid', 'Casearupestrin B', 'toonacilin', 'urauchimycin B', 'Homoegonol', '[8]-gingerol', '4-Hydroxymellein', '5-hydroxymellein', 'fraxinellonone', 'Dibenzyl sulphide', '(-) Cis-4-hydroxy-6-deoxyscytalone', 'Plumericin', '5-[8(Z),11(Z)-pentadecadienyl]resorcinol', '(-)-Spectalinine', ""N-[7-(3',4'-methylenedioxyphenyl)-2(Z),4(Z)-heptadienoyl]pyrrolidine"", 'Pedalitin', '1-O-(E)-feruloyl-β-D-glucopyranoside', '19,20-Epoxycytochalasin C', 'n-Pentyl gallate', 'Orcinol', 'Periconicin B', 'Phomopsilactone', ""(2S)-8-Isopentyl-2-methyl-2-(4'-methylpentyl)chroman-6-carboxylic acid"", '2,2-dimethyl-2H-chromene-6-carboxylic acid', '1,2-dihydro- 3β-hydroxy-7-deacetoxy-7-oxogedunin', 'Photogedunin', 'Casearin X; (1R*,3S*,5S*,6aR*,7S*,8S*,10R*,10aR*)-1-(Acetyloxy)-3,5,6,6a,7,8,9,10-octahydro-10-hydroxy-7,8-dimethyl-7-[(2Z)-3-methylpenta-2,4-dien-1-yl]naphtho[1,8a-c]furan-3,5-diyl Dibutanoate', 'α-L-xylopyranosyl-(4""→20)-(3-O-β-D-glucopyranosyl)-1\'-O-E-caffeoyl-β-D-glucopyranoside', ""2-(R)-Methyl-6-(S)-(tetradecyl-13'-one)-3(R)-O-tert-butyldimethylsilyl-piperidine"", '(2S)-Methyl-2-methyl-8-(3""-methylbut-2""-enyl)-2-(4\'-methylpent-3\'-enyl)-2H-chromene-6-carboxylate', 'Dibenzyl disulphide', 'Proanthocyanidin', 'Casearin T', 'Piperyline, N-[10-(13,14-methylenedioxyphenyl)-7(E),9(E)-pentadienoyl]-pyrrolidine', 'ω-fenil alcanoic acid', '2-butyl-D-fructofuranoside', ""Gaudichaudianic acid; (2S)-2-methyl-2-(4'methyl-3'-pentenyl)-8-(3''-methyl-2-butenyl)- 2H-1-benzopyran-6-carboxylic acid"", 'limonexic acid', 'Netzahualcoyondiol', 'Pristimerin; 20α-3-hydroxy-2-oxo-24-nor-friedela-1-10,3,5,7-tetraen-carboxylic acid-29-methylester', '3,4,5-trimethoxyphenyl 1-O-β-D-apiofuranosyl-(1→6)-O-β-D-glucopyranoside', 'β-photogedunin', 'n-Butyl gallate', ""5-[3''-(β-D-glucopyranosyloxy)propyl]-7-methoxy-2-(3',4'-dimethoxyphenyl)benzofuran"", '3,12-Dihydroxycadalene', '7-hydroxy-3- (11-dimethylallyl)-8-methoxycoumarin', 'Muraxanthone', '3,4,5-Triacetoxybenzoic acid', 'Odoratone', ""Acteoside; [β-3,4-dihydroxyphenyl)-ethyl]-(3'-O-α-L-rhamnopyranosyl)-(4'-O-cafeoyl)-β-D-glycopyranoside, verbascoside"", 'Di(benzyltrithio) methane', '3,11,12-Trihydroxycadalene', 'Quercetin 3-O-sophoroside', '(3R,4R)-3,4-Dihydro-4,6-dihydroxy-3-methyl-1-oxo-1H-isochromene-5-carboxylic acid', '24-methylene-3,22-dihydroxycholesterol', 'amorphispironone', 'Casearupestrin D', 'Chaetoglobosin B', ""2-(2'-O-benzoyl)-C-β-D-glucopyranosyl-1,3,6,7-tetrahydroxyxanthone"", 'Isoplumericin', 'Skimmianine', 'p-hydroxybenzoic acid-geranyl ester', 'Nitensidine C', 'Dipropyl disulphide', '2-methyl-5-[8(Z),11(Z)-pentadecadienyl]resorcinol', 'neoisoastilbin', '(R)-7-Hydroxymellein', '6α-acetoxymanoyl oxide', 'Methyl-8-hydroxy-2,2-dimethylchroman-6-carboxylate', 'N-[10-(13,14-methylenedioxyphenyl)-7(E),9(Z)-pentadienoyl]-pyrrolidine', '6-[8(Z)-pentadecenyl]salicylic acid', '(2S)-2-methyl-8-(3""-methylbut-2""-enyl)-2-(4\'-methylpent-3\'-enyl)-2H-chromene-6-carboxylic acid', 'Burchellin', '5-[8(Z)-pentadecenyl]resorcinol', 'Luteolin; 2-(3,4-dihydroxyphenyl)-5,7-dihydroxy-4H-chromen-4-one', 'Sinapic acid', '19,20-Epoxycytochalasin Q', '19,20-Epoxycytochalasin R', 'schaftoside', ""(2S)-Methyl-8-isopentyl-2-methyl-2-(4'-methylpentyl)chroman-6-carboxylate"", 'Casearupestrin A', '2-oxo-piperol B; (7S*, 8R*, 1R*, 3R*)-3,4,5-trimethoxy-3,7-cyclo-8,1-neolig-8-ene-2,4(3H)-dione', 'taxifolin', 'Rel-6β-hydroxyzuelanin-2β-benzoate', 'shidasterone', '5-hydroxymethyl- 2-furancarboxaldehyde; 5-hydroxymethyl-2-furfuraldehyde', 'atalaphyllinine', 'N-[10- (13,14-methylenedioxyphenyl)-7(E)-pentaenoyl]-pyrrolidine', '2-Methyl-5-methoxy-benzopyran-4-one', '3,4-dihydroxybenzoic acid geranyl ester', '6α-acetoxy-14β,15β-epoxyazadirone', 'epoxy-fraxinellone', '12′-hydroxy-7′-multijuguinone', 'Kaempferitrin', '4-Nerolidilcatechol', ""2-(2'-O-transcoumaroyl)-C-β-D-glucopyranosyl-1,3,6,7-tetrahydroxyxanthone"", 'Syringic acid', '(+)-3-O-feruloylcassine', 'Salacin', 'Methyl 6,7,8-trimethoxydihydrocinnamate', '2-Hexyl-3-methyl-butanodioic acid', 'fraxinellone', '6-[ 8(Z),11(Z) -pentadecadienyl] salicylic acid', 'Gedunin', 'Pedalin, pedalitin 6-O-β -glucopyranoside', 'Caseargrewiin F; (1R*,3S*,5S*,6aR*,7S*,8R*,10R*,10aR*)-1,3-Bis(acetyloxy)-3,5,6,6a,7,8,9,10-octahydro-10-hydroxy-7,8-dimethyl-7-[(2Z)-3-methylpenta-2,4-dien-1-yl]naphtho[1,8a-c]furan-5-yl Butanoate', 'Casearin L; (1R*,3S*,5S*,6aR*,7R*,8R*,9S*,10S*,10aR*)-1,10-Bis(acetyloxy)-3,5,6,6a,7,8,9,10-octahydro-9-hydroxy-5-methoxy-7,8-dimethyl-7-[(2Z)-3-methylpenta-2,4-dien-1-yl]naphtho[1,8a-c]-furan-3-yl Butanoate', 'Platydesmine', 'Leiokinine A', 'Cabraleadiol', 'Methyl (E)-6,7,8-trimethoxycinnamate', '3,4,5-Trimethoxyphenyl-1-O-β-D-(5-O-syringoyl)-apiofuranosyl-(1→6)-β-D-glucopyranoside', '6-[8(Z),11(Z),14-pentadecatrienyl]salicylic acid', 'Sorbifolin', ""Nitensoside A; Sorbifolin 6-O-α-rhamnopyranosyl(1'''→6'')-β-glucopyranoside"", ""(2'S)-2-(propan-2'-ol)-5-hydroxy-benzopyran-4-one"", 'Rel-(+)-(7S,9R,10S)-3,9,12-trihydroxycalamenene', 'Casearin S', '11β-acetoxyobacunone', '1-(5,7-dihydroxy-2,2-dimethylchroman- 6-yl)-3-[4-hydroxy-3-(3-methylbut-2-en-1-yl)- phenyl]propan-1-one', '(3R,4R)-4,7-Dihydroxymellein', ""Nitensoside B; Pedalitin 6-O-α-rhamnopyranosyl(1'''→6'')-β-glucopyranoside"", 'Methyl gallate', '3-O-β-D-quinovopyranosyl cincholic acid', 'Afzelin, 3-O-α-rhamnosyl kaempferol', 'Egonol', 'Trans-3’-methylsulphonylallyl trans-cinnamate', '(3-(2-(4-hydroxyphenyl)-2-oxoethyl)-5,6-dihydropyridin- 2(1H)-one)', 'Mangiferin', 'Viburgenin', ""Pterogynoside; Kaempferol-3-O-(3''-O-4'''-methylgallate-α-L-rhamnoside)"", '6-pentadecylsalicylic acid', 'Methyl-2,2-dimethylchroman-6-carboxylate', ""Myrsinoic acid A, 3-Geranyl-4-hydroxy-5-(3'',3''-dimethylallyl)benzoic acid"", '20α-Hydroxymaytenin; 20-hydroxy-20-epi-tingenone', '(-)-Epigallocatechin-3-O-gallate', 'Casearin D; (1R*,3S*,5S*,6aR*,7R*,8R*,9S*,10S*,10aR*)-1-(Acetyloxy)-3,5,6,6a,7,8,9,10-octahydro-5,10-dihydroxy-7,8-dimethyl-7-[(2Z)-3-methylpenta-2,4-dien-1-yl]naphtho[1,8a-c]furan-3,9-diyl Dibutanoate', 'Rel. (+)-(7S,10S) 3,12-dihydroxycalamenene', 'carlinoside', 'Methyl-8-(ethanoyloxy)-2,2-dimethyl-2H-chromene-6-carboxylate', 'Amentoflavone', '1-(5,7-dihydroxy-2,2-dimethylchroman-6-yl)-3-(1,1,4a-trimethyl-2,3,4,4a,9a-hexahydro-1H-xanthen-7-yl)propan-1-one', 'Quercetin', ""2-(2'-O-trans-cinnamoyl)-C-β-D-glucopyranosyl-1,3,6,7-tetrahydroxyxanthone"", 'Ocotillone', 'des-N-methylnoracronycine', 'Sorbifolin 6-O-β-glucopyranoside', 'Casearin O; (1R*,3S*,5S*,6aR*,7R*,8R*,9S*,10S*,10aR*)-1,10-Bis(acetyloxy)-5-methoxy-7,8-dimethyl-7-[(2Z)-3-methylpenta-2,4-dien-1-yl]-3,5,6,6a,7,8,9,10-octahydronaphtho[1,8a-c]furan-3,9-diyl Dibutanoate', 'germacrene D', '2β-Hydroxyzuelanin-6β-cinnamate', 'arjunolic acid', 'stachysterone', 'Ethyl 2,4-dihydroxy-5,6-dimethylbenzoate', 'Amentoflavone 7”,4”’-dimethyl ether', 'Picramnioside F', 'Lauryl gallate', 'Syringaldehyde', '22-hydroxytirucalla-7,24-diene-2,3-dione', '(−)-Grandisin', '24-methylenecycloartan-3b-ol', 'Ixoside', 'Cognatine', 'Fagaramide', 'Chalepin', 'Chlorogenic acid']]",doi_name
"['10.1021/np800106x', '6α-acetoxymanoyl oxide']","['10.1021/np800106x', [""3',4'-methylenedioxy-5,5',6,7-tetramethoxyflavone"", ""3',4'-methylenedioxy-5,6,7- trimethoxyflavone"", ""2'-hydroxy-3,4,4'-trimethoxy-5',6'-(2'',2''-dimethylpyrano)-chalcone"", ""3',4'-methylenedioxy-5,7-dimethoxyflavone"", 'Hinesol', 'guaiol', 'γ-eudesmol', 'α-eudesmol', '2,3-dihydro-4,9-dihydroxy-2-(2-hydroxy-propan-2-yl)- 11-methoxy-10-methylfuro[3,2-b]acridin-5(10H)-one', 'bis-5-hydroxyacronycine', 'Citibrasine', 'Galioside aglicone', '11-O-trans-feruloylteucrein', 'Teucrein', 'Apodanthoside', 'Galioside', 'Mycoleptone A', '9-hydroxyeugenin', 'Austdiol', 'Eugenitin', 'Mycoleptone B', 'Mycoleptone A tetraacetate', '6-methoxyeugenin', 'Austdiol diacetate', ""4-Methoxy-3-(3',7'-dimethylocta-2'-E-6'-dienyl)benzoic acid"", ""3-(3',7 '-dimethyl-2',6 '-octadienyl)-4-methoxy-benzoic acid"", 'Methyl-8-hydroxy-2,2-dimethyl-2H-chromene-6-carboxylate', 'cyclo (L)-Pro-Gly', 'Xanthyletin', '3,21-Di-epi-feroniellide B', '21β,25-dimethylmelianodiol', '21α,25-dimethylmelianodiol', 'Secoxyloganin', 'Diderroside', ""6'-Acetyl-β-D-glucopyranosyldiderroside"", '7-Methoxydiderroside', ""Rel-(7R,8S,7'S,8'S)-4',5'-methylenedioxy-3,4,5,3'-tetramethoxy-7,7'-epoxylignan"", ""Rel-(7R,8S,7'S,8'S)-4'-hydroxy-3,4,5,3',5'-pentamethoxy-7,7'-epoxylignan"", ""Rel-(7R,8S,7'S,8'S)-9-hydroxy-4',5'-methylenedioxy-3,4,5,3'-tetramethoxy-7,7'-epoxylignan"", ""Rel-(7R,8S,7'S,8'S)-4-hydroxy-4',5'-methylenedioxy-3,5,3'-trimethoxy-7,7'-epoxylignan"", ""Rel-(7R,8S,7'S,8'S)-4,5,4',5'-dimethylenedioxy-3,3'-dimethoxy-7,7'-epoxylignan"", '3,3-O-dimethylquercetin', 'penduletin 4-O-methyl ether', '2α,3α,19α- trihydroxyurs-12-en-28-oic acid', 'Chrysoeriol', 'acacetin', '3-O-methylquercetin', '3,7,4-O-trimethylkaempferol', 'p-hydroxybenzoic acid', '2α,3α-dihydroxyolean-12- en-28-oic acid', 'Nilocetin', 'Hispidol A', 'cryptomeridiol', 'Oleanonic acid', 'Pentaol', '3,11-dioxoolean-12-en-28- onic acid', 'Iso-odoratol', 'Piscidinol A', 'Isopimpinellin', 'Stearic acid 4-pentoyloxyphenethyl ester', '7-Methyl-sargachromenol; 2,7,8-Trimethyl-2-[(3-E,7-Z)-4,12-dimethyl-8-carboxyl-3,7,11-tridecatrienyl]-3-chromen-6-ol, β-caroteno', 'Epi-guaiacin', 'Verrucosin', 'Nectandrin B', '(-)-3-O-acetyl-spectaline', 'Chlorogenic acid methyl ester, Methyl (1S,3R,4R,5R)-3-{[(2E)-3-(3,4-dihydroxyphenyl)-2-propenoyl]oxy}-1,4,5-trihydroxycyclohexanecarboxylate', 'β-caryophyllene, trans-caryophyllene', '1,3,5-trihydroxy-4-methoxy-10-methyl- 2,8-bis(3-methylbut-2-enyl)acridin-9(10H)-one', 'Citrusinine-I', 'Glycocitrine-I', '3,4-dihydro-3,5,8-trihydroxy-6-methoxy-2,2,7-trimethyl-2Hpyrano[ 2,3-a]acridin-12(7H)-one', 'Glycocitrine-IV', 'Pyranofoline', '1,3,5-trihydroxy- 2,8-bis(3-methylbut-2-enyl)-10-methyl-9-acridone', '5-hydroxynoracronycine; Atalaphyllidine', 'Citrusinine-II', ""2-(3',4'-methylenedioxyphenylethyl)-Quinoline"", '2-n-Pentylquinoline', ""2-(1'-pentenyl)-Quinoline"", '2-n-Propylquinoline', 'Methyl (3R,4R,5R)-3-{[(2Z)-3-(3,4-dihydroxyphenyl)-2-propenoyl]oxy}-1,4,5-trihydroxycyclohexanecarboxylate', 'Methyl (3R,4R,5R)-3-{[(2E)-3-(3,4-dihydroxyphenyl)-2-propenoyl]oxy}-1,4,5-trihydroxycyclohexanecarboxylate', ""Methyl 4-hydroxy-3-(3'-methyl-2'-hydroxy-3'-butenyl)benzoate"", ""Aduncumene; Methyl 2-methoxy-5-(3'-methyl-1'-oxo-2'-butenyl)benzoate"", ""4-Hydroxy-(3',7'-dimethyl-1'-oxo-octa-2'-Z-6'-dienyl)benzoic acid"", ""Hostmaniene; 4-Hydroxy-3-(2',3'-dihydroxy-3'-methylbutyl)benzoate"", 'Methyl 2,2-dimethyl-1-oxo-2H-1-benzopyran-6-carboxylate', '3,4,5-Trimethoxydihydrocinnamic acid', ""Methyl 4-hydroxy-3-(3'-methyl-2'-butenyl)benzoate"", ""4-Hydroxy-3-(3',7'-dimethylocta-2'-E-6'-dienyl)benzoic acid"", ""2',6'-Dihydroxy-4'-methoxydihydrochalcone"", ""Methyl taboganate; Methyl 4-hydroxy-3-(3'-methyl-1'-oxo-2'-butenyl)benzoate"", 'Piperaduncine B', '19´-(3,4-Methylenedioxyphenyl)-nonadecanoic acid', 'Sargachromenol', 'Sargaquinoic acid', ""7,4'-Dimethoxyflavone"", '21´-(3,4-Methylenedioxyphenyl)-henicosanoic acid', '(+)-Guaiacin', ""7,4'-Dihydroxyflavone"", 'Farnisine', ""Juruenolic acid; 2-(4'-Methylpentenyl-3)-10-oxoundecan-2,6-dienoic acid"", '17-(3,4-Methylenedioxyphenyl)-heptadecanoic acid', 'Fasciculiferin', 'Tithonine', ""Isoswertisin-2''α1-L-rhamnoside"", '2-Episesalatin', 'Sesartemin', ""Isoswertisin-4'-methyl-ether-2''α-L-rhamnoside"", 'Clusifoliol', 'β-Gardiol', 'Ferulic acid', 'α-Gardiol', '5,7-dimethoxy-2,2-dimethyl-2H-1-benzopyran-6-propanoate', ""4-Hydroxy-3-(3',7'-dimethyl-3'-hydroxy-1'-oxo-6'-octenyl)benzoic acid"", ""Isosakuranetin; 5,7-dihydroxy-4'-methoxyflavanone"", ""Sakuranetin; 5,4'-dihydroxy-7-methoxyflavanone"", ""4-Hydroxy-(3',7'-dimethyl-1'-oxo-octa-2'-E-6'-dienyl)benzoic acid"", ""1,4-Dihydroxy-2-(3',7'-dimethyl-1'-oxo-2'-E-6'-octadienyl)benzene"", '(22E,24R)-ergosta-4,6,8(14),22-tetraen-3-one', '8-hydroxy-6-methoxy-3-methylisocoumarin', 'Ergosterol peroxide', 'Dimethyl terephthalate', 'Pimara-7,15-dien-3β-ol', '(+)-Erythravine', '(+)-α-Hydroxyerysotrine', '(+)-11α-Hydroxyerythravine', 'Pellitorine', '(3Z,5Z)-N-isobutyl-8-(30,40-methylenedioxy-phenyl)-heptadienamide', '(Z)-piplartine; 8(Z)-N-(12,13, 14-trimethoxycinnamoyl)- 3-pyridin-2-one', '4,5-dihydropiperyline', '(E)-piplartine', '10,11-dihydropiperine; Δα,β-dihydropiperine', 'Piperine', '8,9-dihydropiplartine; N-(12,13,14-trimethoxydihydrocinnamoyl)-Δ3-pyridin-2-one', '4,5-dihydropiperlonguminine; Piperlonguminine', ""N-[3-(6'-methoxy-3',4'-methy-lenedioxyphenyl)-2(Z)-propenoyl]pyrrolidine"", 'Aphidicolin', 'Taraxerol acetate', 'Anhydrofusarubin', 'Beauvericin', 'Kaempferol-3-O-α-L-rhamnopyranosyl-(1→6)-β-D-galactopyranoside', 'Kaempferol-3-O-rutinoside', 'Kaempferol-3-O-α-L-rhamnopyranosyl-(1-6)-α-L-rhamnopyranosyl-(1-4)-β-D-glucopyranoside', 'Procyanidin B-3', 'Kaempferol-3-O-D-galactopyranoside', 'Quercetin-3-O-α-L-rhamnopyranosyl-(1→6)-β-D-galactopyranoside', '6-Hydroxy-rutin', 'Kaempferol-3-O-D-glucopyranoside', 'Catechin, Ent-catechin', 'astilbin; Rel-(2R, 3R)-dihydroquercetin-3-O-±-L-rhamnoside', 'Nitensidine E', 'Nitensidine D', 'Strictosidine acid', '5α-carboxystrictosidine', '3,4-dehydro-strictosidine', 'Harman-3-carboxylic acid', 'Cordifoline', '3,4-dehydrostrictosidine acid', 'Turbinatine', 'Deoxycordifoline', ""3,4-dimethyl-2-(4'-hydroxy-3',5'-dimethoxyphenyl)-5-methoxy-tetrahydrofuran"", ""3,5,6,7,3',4',5'-heptamethoxyflavonol"", ""3',4',5',3,5,7,8-heptamethoxyflavone"", '5,7-dimethoxy-2,2-dimethyl-2H-1-benzopyran-6-propanoic acid', 'Methacrylic acid', '1-methoxy-3-hydroxy-3,10b-4,5a-diepoxy-8b-isobutyroyloxygermacr-11(13)-en-6a,12-olide', 'Tagitinin C', 'Cuspanine; 1-hydroxy-2,3,5,6-tetramethoxy-9-acridone', 'Cusculine; 1,2,3,5,6-pentamethoxy-9-acridone', '4-metoxi-6-[2-(metilamino)fenil]- 2H-piran-2-ona', '2α,3α-Dihydroxy-urs-12-en-28-oic acid', '3-O-β-D-(6’-methyl)-glucopyranosyl-28-O-β-D-glucopyranosyl-oleanate', 'Oleanolic acid 3-sophoroside', 'Haplotusine', 'β-Sitosterol benzoate', '5-hydroxyflavone', '2-phenyl-4H-chromen-4-one', 'Sinapyl 4-O-β-D-glucopyranoside aldehyde', 'Sinapyl 4-O-β-D-glucopyranoside alcohol', 'Liriodenine', 'N-acetylnonaine', '[10]-gingerol', ""2,4-Dihydroxy-6-[(1'E,3'E)-penta-1', 3'-dienyl]-benzaldehyde"", 'Nitensidine A', '2-methyl-5-[8(Z)-pentadecenyl]resorcinol', '2-hydroxyphenylacetic acid', '3-O-β-D-quinovopyranosyl quinovic acid', 'Kaempferol', '(4R)-4,8-dihydroxy-α-tetralone', 'Chlorogenic acid', 'Chalepin', 'Gallic acid; 3,4,5-trihydroxybenzoic acid', 'Quercitrin, 3-O-α-rhamnosylquercetin', 'Caseobliquin A', 'Methyl angolensate', ""5-(3'' -Hydroxypropyl)-7-methoxy-2-(3',4' -methyl-enedioxyphenyl)benzofuran"", '22β-hydroxypristimerin', '19,20-Epoxycytochalasin N', 'ellagic acid 4-O-α-L-rhamnopyranoside; eschweilenol C', 'Mayoside C', 'Ourateacatechin', ""3',4',5',5,7-pentamethoxyflavone"", '2-methyl-5-pentadecylresorcinol', '3β-hydroxy-stigmast-5-en-7-one; 24-β-7-oxositosterol', 'scillascillin', 'Viburgenin', ""Pterogynoside; Kaempferol-3-O-(3''-O-4'''-methylgallate-α-L-rhamnoside)"", 'Isobutyl gallate', '7′-multijuguinone', 'Griseofulvin', ""7-Hydroxy-4',6-dimethoxyisoflavone; Afrormosin; Afromosin"", '8-methoxymellein', '(±)-Syringaresinol', '2,7-Di-O-acetylcasearupestrin A', 'Nitensidine B', '1-methyl-2-n-nonyl-4-quinolone', '5-[8(Z),11(Z),14-pentadecatrienyl]resorcinol', 'Kokusaginine', ""2-(2'-O-trans-caffeoyl)-C-β-D-glucopyranosyl-1,3,6,7-tetrahydroxyxanthone"", 'Netzahualcoyene', 'Casearin X Dialdehyde; (2R*,4aS*,5S*,7R*,8R*,8aS*)-4,4a-Diformyl-1,2,4a,5,6,7,8,8a-octahydro-5-hydroxy-7,8-dimethyl-8-[(2Z)-3-methylpenta-2,4-dien-1-yl]naphthalen-2-yl Butanoate', 'polypodine B', 'n-Propyl gallate', ""3',4',5',5,7,8-hexamethoxyflavone"", 'Isopropyl gallate', ""8-hydroxy-3,5,7,3',4',5'-hexamethoxyflavonol"", 'Odoratol', 'Leptomerine', '5-hydroxy-N-methylseverifoline', '2,4,6-trimethoxybenzoic acid', '1-O-(E)-caffeoyl-β-D-glucopyranoside', 'Maculosidine', 'Podocarpusflavone A', 'Casearupestrin C', '6α-malonyloxy-n-butyl ester manoyl oxide', 'citrusinine-I', 'Ricinine', 'Leptophyllin A', '5-pentadecylresorcinol', 'Piperol B', '(-)-Hardwickiic acid', ""5-[3''-(β-D-glucopyranosyloxy)propyl]-7-methoxy-2-(3',4'-methylenedioxyphenyl)benzofuran"", 'Rel-2α-hydroxyzuelanin-6β-benzoate', '2,6-di-O-acetylcasearupestrin D', ""Methyl-2,2-dimethyl-8-(3'-methylbut-2'-enyl)chroman-6-carboxylate"", '2-Methyl-4-hydroxy-butyl caffeoate', 'N-1,N-2,N-3-Triisopentenylguanidine', 'Dibenzyl trisulphide', 'Maytenin, Tingenone', '19,20-Epoxycytochalasin D', 'fumiquinozoline F', 'Kaempferol 3-O-α-L-rhamnopyranosyl (1→6)-O-[β -D-glucopyranosyl (1→3)-O-α-L-rhamnopyranosyl-(1→2)]-O-β -D-glucopyranosyl', '3β-O-[α-L-rhamnopyranosyl-(1→2)-O-β-D-glucopyranosyl-(1→2)-O-β-D-glucopyranosyl]-28-O-β-D-glucopyranoside pomolate', 'Dibenzyl tetrasulphide', ""2',5-dihydroxy-3-methoxy-8-dimethylallyl-6, 7-(2' ',2''-dimethylpyrano)-dihydroflavonol"", '2-n-nonyl-4-quinolone', 'Cytochalasin D', 'Isoorientin', '6β-hydroxy-7-epigardoside methyl ester', 'Tetrahydropiperyline, N-[10-(13,14-methylenedioxyphenyl)-pentanoyl]-pyrrolidine', 'Piperovatine', 'Uracil', 'urauchimycin A', 'p-Coumaric acid', '(-)-Epigallocatechin', 'Netzahualcoyonol', '1-[3-(3,7-dimethylocta-2,6-dien-1-yl)-2,4,6- trihydroxyphenyl]-3-(4-hydroxyphenyl)propan-1-one', '6α-malonyloxymanoyl oxide', 'Benzylhydroxymethyl sulphide', '1,6-di-O-caffeoyl-β-D-glucopyranoside', '2-methyl-5-[8(Z),11(Z),14-pentadecatrienyl]resorcinol', 'urauchimycin B', 'Homoegonol', '[8]-gingerol', '4-Hydroxymellein', '5-hydroxymellein', '28-O-β-D-glucopyranosyl quinovic acid', 'Pristimerin; 20α-3-hydroxy-2-oxo-24-nor-friedela-1-10,3,5,7-tetraen-carboxylic acid-29-methylester', 'fraxinellonone', 'Dibenzyl sulphide', '(-) Cis-4-hydroxy-6-deoxyscytalone', 'Plumericin', '5-[8(Z),11(Z)-pentadecadienyl]resorcinol', '(-)-Spectalinine', '20-hydroxyecdysone; polypodine A', '3-Acetyl aleuritolic acid', 'Alkenoic acid', 'Quercetin 3-O-α-L-rhamnopyranosyl (1→6)-O-[β -D-glucopyranosyl (1→3)-O-α-L-rhamnopyranosyl-(1→2)]-O-β -D-glucopyranosyl', 'Heveaflavone', 'Arboreumine', '3-Oxoursolic acid', 'Casearupestrin B', 'toonacilin', 'Piperyline, N-[10-(13,14-methylenedioxyphenyl)-7(E),9(E)-pentadienoyl]-pyrrolidine', 'ω-fenil alcanoic acid', '2-butyl-D-fructofuranoside', 'Pedalitin', '1-O-(E)-feruloyl-β-D-glucopyranoside', '19,20-Epoxycytochalasin C', 'n-Pentyl gallate', 'Orcinol', 'Periconicin B', 'Phomopsilactone', ""(2S)-8-Isopentyl-2-methyl-2-(4'-methylpentyl)chroman-6-carboxylic acid"", '2,2-dimethyl-2H-chromene-6-carboxylic acid', '1,2-dihydro- 3β-hydroxy-7-deacetoxy-7-oxogedunin', 'Photogedunin', 'Casearin X; (1R*,3S*,5S*,6aR*,7S*,8S*,10R*,10aR*)-1-(Acetyloxy)-3,5,6,6a,7,8,9,10-octahydro-10-hydroxy-7,8-dimethyl-7-[(2Z)-3-methylpenta-2,4-dien-1-yl]naphtho[1,8a-c]furan-3,5-diyl Dibutanoate', 'Netzahualcoyondiol', ""2-(2'-O-benzoyl)-C-β-D-glucopyranosyl-1,3,6,7-tetrahydroxyxanthone"", 'Isoplumericin', 'Skimmianine', 'p-hydroxybenzoic acid-geranyl ester', '3,4,5-trimethoxyphenyl 1-O-β-D-apiofuranosyl-(1→6)-O-β-D-glucopyranoside', 'β-photogedunin', 'n-Butyl gallate', ""5-[3''-(β-D-glucopyranosyloxy)propyl]-7-methoxy-2-(3',4'-dimethoxyphenyl)benzofuran"", '3,12-Dihydroxycadalene', '7-hydroxy-3- (11-dimethylallyl)-8-methoxycoumarin', ""N-[7-(3',4'-methylenedioxyphenyl)-2(Z),4(Z)-heptadienoyl]pyrrolidine"", ""Acteoside; [β-3,4-dihydroxyphenyl)-ethyl]-(3'-O-α-L-rhamnopyranosyl)-(4'-O-cafeoyl)-β-D-glycopyranoside, verbascoside"", 'α-L-xylopyranosyl-(4""→20)-(3-O-β-D-glucopyranosyl)-1\'-O-E-caffeoyl-β-D-glucopyranoside', ""2-(R)-Methyl-6-(S)-(tetradecyl-13'-one)-3(R)-O-tert-butyldimethylsilyl-piperidine"", '(2S)-Methyl-2-methyl-8-(3""-methylbut-2""-enyl)-2-(4\'-methylpent-3\'-enyl)-2H-chromene-6-carboxylate', 'Casearin T', '5-[8(Z)-pentadecenyl]resorcinol', 'Luteolin; 2-(3,4-dihydroxyphenyl)-5,7-dihydroxy-4H-chromen-4-one', 'Sinapic acid', '19,20-Epoxycytochalasin Q', '19,20-Epoxycytochalasin R', 'Muraxanthone', ""Gaudichaudianic acid; (2S)-2-methyl-2-(4'methyl-3'-pentenyl)-8-(3''-methyl-2-butenyl)- 2H-1-benzopyran-6-carboxylic acid"", 'limonexic acid', 'Di(benzyltrithio) methane', '3,11,12-Trihydroxycadalene', 'Quercetin 3-O-sophoroside', '(3R,4R)-3,4-Dihydro-4,6-dihydroxy-3-methyl-1-oxo-1H-isochromene-5-carboxylic acid', '24-methylene-3,22-dihydroxycholesterol', 'amorphispironone', 'Casearupestrin D', 'Chaetoglobosin B', 'epoxy-fraxinellone', '12′-hydroxy-7′-multijuguinone', 'Kaempferitrin', 'Nitensidine C', 'Dipropyl disulphide', '2-methyl-5-[8(Z),11(Z)-pentadecadienyl]resorcinol', 'Dibenzyl disulphide', 'Proanthocyanidin', 'neoisoastilbin', '(R)-7-Hydroxymellein', '6α-acetoxymanoyl oxide', 'Methyl-8-hydroxy-2,2-dimethylchroman-6-carboxylate', 'N-[10-(13,14-methylenedioxyphenyl)-7(E),9(Z)-pentadienoyl]-pyrrolidine', '6-[8(Z)-pentadecenyl]salicylic acid', '(2S)-2-methyl-8-(3""-methylbut-2""-enyl)-2-(4\'-methylpent-3\'-enyl)-2H-chromene-6-carboxylic acid', 'Burchellin', 'Cabraleadiol', 'schaftoside', ""(2S)-Methyl-8-isopentyl-2-methyl-2-(4'-methylpentyl)chroman-6-carboxylate"", 'Casearupestrin A', '2-oxo-piperol B; (7S*, 8R*, 1R*, 3R*)-3,4,5-trimethoxy-3,7-cyclo-8,1-neolig-8-ene-2,4(3H)-dione', 'taxifolin', '3,4,5-Triacetoxybenzoic acid', 'Odoratone', 'Rel-6β-hydroxyzuelanin-2β-benzoate', 'shidasterone', '5-hydroxymethyl- 2-furancarboxaldehyde; 5-hydroxymethyl-2-furfuraldehyde', 'atalaphyllinine', 'N-[10- (13,14-methylenedioxyphenyl)-7(E)-pentaenoyl]-pyrrolidine', '2-Methyl-5-methoxy-benzopyran-4-one', '3,4-dihydroxybenzoic acid geranyl ester', '6α-acetoxy-14β,15β-epoxyazadirone', 'Egonol', '4-Nerolidilcatechol', ""2-(2'-O-transcoumaroyl)-C-β-D-glucopyranosyl-1,3,6,7-tetrahydroxyxanthone"", 'Syringic acid', '(+)-3-O-feruloylcassine', 'Salacin', 'Methyl 6,7,8-trimethoxydihydrocinnamate', '2-Hexyl-3-methyl-butanodioic acid', 'fraxinellone', '6-[ 8(Z),11(Z) -pentadecadienyl] salicylic acid', 'Gedunin', 'Pedalin, pedalitin 6-O-β -glucopyranoside', 'Caseargrewiin F; (1R*,3S*,5S*,6aR*,7S*,8R*,10R*,10aR*)-1,3-Bis(acetyloxy)-3,5,6,6a,7,8,9,10-octahydro-10-hydroxy-7,8-dimethyl-7-[(2Z)-3-methylpenta-2,4-dien-1-yl]naphtho[1,8a-c]furan-5-yl Butanoate', 'Casearin L; (1R*,3S*,5S*,6aR*,7R*,8R*,9S*,10S*,10aR*)-1,10-Bis(acetyloxy)-3,5,6,6a,7,8,9,10-octahydro-9-hydroxy-5-methoxy-7,8-dimethyl-7-[(2Z)-3-methylpenta-2,4-dien-1-yl]naphtho[1,8a-c]-furan-3-yl Butanoate', 'Platydesmine', 'Leiokinine A', 'Amentoflavone', '1-(5,7-dihydroxy-2,2-dimethylchroman-6-yl)-3-(1,1,4a-trimethyl-2,3,4,4a,9a-hexahydro-1H-xanthen-7-yl)propan-1-one', 'Methyl (E)-6,7,8-trimethoxycinnamate', '3,4,5-Trimethoxyphenyl-1-O-β-D-(5-O-syringoyl)-apiofuranosyl-(1→6)-β-D-glucopyranoside', '6-[8(Z),11(Z),14-pentadecatrienyl]salicylic acid', 'Sorbifolin', ""(2'S)-2-(propan-2'-ol)-5-hydroxy-benzopyran-4-one"", 'Rel-(+)-(7S,9R,10S)-3,9,12-trihydroxycalamenene', 'Casearin S', '11β-acetoxyobacunone', '1-(5,7-dihydroxy-2,2-dimethylchroman- 6-yl)-3-[4-hydroxy-3-(3-methylbut-2-en-1-yl)- phenyl]propan-1-one', '(3R,4R)-4,7-Dihydroxymellein', ""Nitensoside B; Pedalitin 6-O-α-rhamnopyranosyl(1'''→6'')-β-glucopyranoside"", 'Methyl gallate', '3-O-β-D-quinovopyranosyl cincholic acid', 'Afzelin, 3-O-α-rhamnosyl kaempferol', 'Picramnioside F', 'Lauryl gallate', 'Syringaldehyde', '22-hydroxytirucalla-7,24-diene-2,3-dione', 'Trans-3’-methylsulphonylallyl trans-cinnamate', '(3-(2-(4-hydroxyphenyl)-2-oxoethyl)-5,6-dihydropyridin- 2(1H)-one)', 'Mangiferin', '6-pentadecylsalicylic acid', 'Methyl-2,2-dimethylchroman-6-carboxylate', ""Myrsinoic acid A, 3-Geranyl-4-hydroxy-5-(3'',3''-dimethylallyl)benzoic acid"", '20α-Hydroxymaytenin; 20-hydroxy-20-epi-tingenone', '(-)-Epigallocatechin-3-O-gallate', 'Casearin D; (1R*,3S*,5S*,6aR*,7R*,8R*,9S*,10S*,10aR*)-1-(Acetyloxy)-3,5,6,6a,7,8,9,10-octahydro-5,10-dihydroxy-7,8-dimethyl-7-[(2Z)-3-methylpenta-2,4-dien-1-yl]naphtho[1,8a-c]furan-3,9-diyl Dibutanoate', 'Rel. (+)-(7S,10S) 3,12-dihydroxycalamenene', 'carlinoside', 'Methyl-8-(ethanoyloxy)-2,2-dimethyl-2H-chromene-6-carboxylate', '1- (5,7-dihydroxy-2,2-dimethylchroman-6-yl)-3-(2,2-dimethylchroman- 6-yl)propan-1-one', 'Canavaline', 'Di-hydrodehydrodiconiferyl alcohol', 'Quercetin', ""2-(2'-O-trans-cinnamoyl)-C-β-D-glucopyranosyl-1,3,6,7-tetrahydroxyxanthone"", 'Ocotillone', 'des-N-methylnoracronycine', 'Sorbifolin 6-O-β-glucopyranoside', ""Nitensoside A; Sorbifolin 6-O-α-rhamnopyranosyl(1'''→6'')-β-glucopyranoside"", 'Casearin O; (1R*,3S*,5S*,6aR*,7R*,8R*,9S*,10S*,10aR*)-1,10-Bis(acetyloxy)-5-methoxy-7,8-dimethyl-7-[(2Z)-3-methylpenta-2,4-dien-1-yl]-3,5,6,6a,7,8,9,10-octahydronaphtho[1,8a-c]furan-3,9-diyl Dibutanoate', 'germacrene D', '2β-Hydroxyzuelanin-6β-cinnamate', 'arjunolic acid', 'stachysterone', 'Ethyl 2,4-dihydroxy-5,6-dimethylbenzoate', 'Amentoflavone 7”,4”’-dimethyl ether', 'Cyclo-(L-Pro-L-Val)', 'Acetonide of odoratol', '(−)-Grandisin', '24-methylenecycloartan-3b-ol', 'Ixoside', 'Cognatine', 'Fagaramide']]",doi_name
"['10.1590/S0103-50532005000400031', '7-hydroxy-3- (11-dimethylallyl)-8-methoxycoumarin']","['10.1590/S0103-50532005000400031', [""3',4',5',3,5,7,8-heptamethoxyflavone"", ""3,5,6,7,3',4',5'-heptamethoxyflavonol"", 'Kaempferol-3-O-D-glucopyranoside', 'Quercetin-3-O-α-L-rhamnopyranosyl-(1→6)-β-D-galactopyranoside', '6-Hydroxy-rutin', 'Kaempferol-3-O-D-galactopyranoside', 'Kaempferol-3-O-α-L-rhamnopyranosyl-(1-6)-α-L-rhamnopyranosyl-(1-4)-β-D-glucopyranoside', 'Procyanidin B-3', 'Catechin, Ent-catechin', 'Kaempferol-3-O-α-L-rhamnopyranosyl-(1→6)-β-D-galactopyranoside', 'Kaempferol-3-O-rutinoside', 'γ-eudesmol', 'α-eudesmol', 'guaiol', 'Hinesol', '4-metoxi-6-[2-(metilamino)fenil]- 2H-piran-2-ona', '8-hydroxy-6-methoxy-3-methylisocoumarin', '(22E,24R)-ergosta-4,6,8(14),22-tetraen-3-one', 'Dimethyl terephthalate', 'Ergosterol peroxide', 'Pimara-7,15-dien-3β-ol', 'Anhydrofusarubin', 'Beauvericin', 'Tagitinin C', '1-methoxy-3-hydroxy-3,10b-4,5a-diepoxy-8b-isobutyroyloxygermacr-11(13)-en-6a,12-olide', '(+)-11α-Hydroxyerythravine', '(+)-Erythravine', '(+)-α-Hydroxyerysotrine', 'Nitensidine D', 'Nitensidine E', ""3,4-dimethyl-2-(4'-hydroxy-3',5'-dimethoxyphenyl)-5-methoxy-tetrahydrofuran"", 'Galioside aglicone', 'Teucrein', '11-O-trans-feruloylteucrein', 'Galioside', 'Apodanthoside', '3,4-dehydro-strictosidine', 'Harman-3-carboxylic acid', 'Deoxycordifoline', 'Turbinatine', 'Strictosidine acid', '5α-carboxystrictosidine', 'Cordifoline', '3,4-dehydrostrictosidine acid', 'Methyl (3R,4R,5R)-3-{[(2E)-3-(3,4-dihydroxyphenyl)-2-propenoyl]oxy}-1,4,5-trihydroxycyclohexanecarboxylate', 'Methyl (3R,4R,5R)-3-{[(2Z)-3-(3,4-dihydroxyphenyl)-2-propenoyl]oxy}-1,4,5-trihydroxycyclohexanecarboxylate', '5,7-dimethoxy-2,2-dimethyl-2H-1-benzopyran-6-propanoic acid', 'Methacrylic acid', 'Taraxerol acetate', ""4-Hydroxy-3-(3',7'-dimethyl-3'-hydroxy-1'-oxo-6'-octenyl)benzoic acid"", ""1,4-Dihydroxy-2-(3',7'-dimethyl-1'-oxo-2'-E-6'-octadienyl)benzene"", ""4-Hydroxy-(3',7'-dimethyl-1'-oxo-octa-2'-E-6'-dienyl)benzoic acid"", ""Isosakuranetin; 5,7-dihydroxy-4'-methoxyflavanone"", ""Sakuranetin; 5,4'-dihydroxy-7-methoxyflavanone"", 'astilbin; Rel-(2R, 3R)-dihydroquercetin-3-O-±-L-rhamnoside', 'Chlorogenic acid methyl ester, Methyl (1S,3R,4R,5R)-3-{[(2E)-3-(3,4-dihydroxyphenyl)-2-propenoyl]oxy}-1,4,5-trihydroxycyclohexanecarboxylate', 'Clusifoliol', ""Isoswertisin-4'-methyl-ether-2''α-L-rhamnoside"", ""Isoswertisin-2''α1-L-rhamnoside"", '2-Episesalatin', 'Sesartemin', 'Aphidicolin', 'Farnisine', '19´-(3,4-Methylenedioxyphenyl)-nonadecanoic acid', '(+)-Guaiacin', '21´-(3,4-Methylenedioxyphenyl)-henicosanoic acid', 'Sargaquinoic acid', 'Sargachromenol', ""7,4'-Dimethoxyflavone"", '17-(3,4-Methylenedioxyphenyl)-heptadecanoic acid', ""7,4'-Dihydroxyflavone"", ""Juruenolic acid; 2-(4'-Methylpentenyl-3)-10-oxoundecan-2,6-dienoic acid"", 'Fasciculiferin', 'Tithonine', 'Hispidol A', 'Nilocetin', 'Iso-odoratol', '3,11-dioxoolean-12-en-28- onic acid', 'Oleanonic acid', 'Pentaol', 'cryptomeridiol', 'Piscidinol A', '2α,3α,19α- trihydroxyurs-12-en-28-oic acid', '3,7,4-O-trimethylkaempferol', '2α,3α-dihydroxyolean-12- en-28-oic acid', 'acacetin', '3,3-O-dimethylquercetin', '3-O-methylquercetin', 'Chrysoeriol', 'penduletin 4-O-methyl ether', 'p-hydroxybenzoic acid', ""Methyl taboganate; Methyl 4-hydroxy-3-(3'-methyl-1'-oxo-2'-butenyl)benzoate"", '3,4,5-Trimethoxydihydrocinnamic acid', ""Hostmaniene; 4-Hydroxy-3-(2',3'-dihydroxy-3'-methylbutyl)benzoate"", ""4-Hydroxy-3-(3',7'-dimethylocta-2'-E-6'-dienyl)benzoic acid"", ""2',6'-Dihydroxy-4'-methoxydihydrochalcone"", 'Methyl 2,2-dimethyl-1-oxo-2H-1-benzopyran-6-carboxylate', 'Piperaduncine B', ""Methyl 4-hydroxy-3-(3'-methyl-2'-butenyl)benzoate"", ""Aduncumene; Methyl 2-methoxy-5-(3'-methyl-1'-oxo-2'-butenyl)benzoate"", ""4-Hydroxy-(3',7'-dimethyl-1'-oxo-octa-2'-Z-6'-dienyl)benzoic acid"", ""Methyl 4-hydroxy-3-(3'-methyl-2'-hydroxy-3'-butenyl)benzoate"", '5-hydroxynoracronycine; Atalaphyllidine', 'Citrusinine-II', 'Pyranofoline', 'Glycocitrine-IV', 'Citrusinine-I', '1,3,5-trihydroxy-4-methoxy-10-methyl- 2,8-bis(3-methylbut-2-enyl)acridin-9(10H)-one', '3,4-dihydro-3,5,8-trihydroxy-6-methoxy-2,2,7-trimethyl-2Hpyrano[ 2,3-a]acridin-12(7H)-one', '1,3,5-trihydroxy- 2,8-bis(3-methylbut-2-enyl)-10-methyl-9-acridone', 'Glycocitrine-I', '(-)-3-O-acetyl-spectaline', '5,7-dimethoxy-2,2-dimethyl-2H-1-benzopyran-6-propanoate', '3,21-Di-epi-feroniellide B', '21β,25-dimethylmelianodiol', '21α,25-dimethylmelianodiol', 'Mycoleptone A', '9-hydroxyeugenin', 'Austdiol', 'Mycoleptone A tetraacetate', 'Mycoleptone B', '6-methoxyeugenin', 'Austdiol diacetate', 'Eugenitin', '2-n-Pentylquinoline', '2-n-Propylquinoline', ""2-(3',4'-methylenedioxyphenylethyl)-Quinoline"", ""2-(1'-pentenyl)-Quinoline"", 'Stearic acid 4-pentoyloxyphenethyl ester', ""3',4'-methylenedioxy-5,6,7- trimethoxyflavone"", ""3',4'-methylenedioxy-5,5',6,7-tetramethoxyflavone"", ""2'-hydroxy-3,4,4'-trimethoxy-5',6'-(2'',2''-dimethylpyrano)-chalcone"", ""3',4'-methylenedioxy-5,7-dimethoxyflavone"", '7-Methoxydiderroside', ""6'-Acetyl-β-D-glucopyranosyldiderroside"", 'Diderroside', 'Secoxyloganin', 'Xanthyletin', 'α-Gardiol', 'Ferulic acid', 'β-Gardiol', 'Verrucosin', 'Epi-guaiacin', '7-Methyl-sargachromenol; 2,7,8-Trimethyl-2-[(3-E,7-Z)-4,12-dimethyl-8-carboxyl-3,7,11-tridecatrienyl]-3-chromen-6-ol, β-caroteno', 'Nectandrin B', '2,3-dihydro-4,9-dihydroxy-2-(2-hydroxy-propan-2-yl)- 11-methoxy-10-methylfuro[3,2-b]acridin-5(10H)-one', 'Citibrasine', 'bis-5-hydroxyacronycine', 'Pellitorine', '(3Z,5Z)-N-isobutyl-8-(30,40-methylenedioxy-phenyl)-heptadienamide', '8,9-dihydropiplartine; N-(12,13,14-trimethoxydihydrocinnamoyl)-Δ3-pyridin-2-one', '10,11-dihydropiperine; Δα,β-dihydropiperine', '4,5-dihydropiperyline', '4,5-dihydropiperlonguminine; Piperlonguminine', ""N-[3-(6'-methoxy-3',4'-methy-lenedioxyphenyl)-2(Z)-propenoyl]pyrrolidine"", '(E)-piplartine', '(Z)-piplartine; 8(Z)-N-(12,13, 14-trimethoxycinnamoyl)- 3-pyridin-2-one', 'Piperine', 'Isopimpinellin', ""Rel-(7R,8S,7'S,8'S)-9-hydroxy-4',5'-methylenedioxy-3,4,5,3'-tetramethoxy-7,7'-epoxylignan"", ""Rel-(7R,8S,7'S,8'S)-4,5,4',5'-dimethylenedioxy-3,3'-dimethoxy-7,7'-epoxylignan"", ""Rel-(7R,8S,7'S,8'S)-4',5'-methylenedioxy-3,4,5,3'-tetramethoxy-7,7'-epoxylignan"", ""Rel-(7R,8S,7'S,8'S)-4-hydroxy-4',5'-methylenedioxy-3,5,3'-trimethoxy-7,7'-epoxylignan"", ""Rel-(7R,8S,7'S,8'S)-4'-hydroxy-3,4,5,3',5'-pentamethoxy-7,7'-epoxylignan"", 'cyclo (L)-Pro-Gly', ""4-Methoxy-3-(3',7'-dimethylocta-2'-E-6'-dienyl)benzoic acid"", 'Methyl-8-hydroxy-2,2-dimethyl-2H-chromene-6-carboxylate', ""3-(3',7 '-dimethyl-2',6 '-octadienyl)-4-methoxy-benzoic acid"", 'β-caryophyllene, trans-caryophyllene', 'Cusculine; 1,2,3,5,6-pentamethoxy-9-acridone', 'Cuspanine; 1-hydroxy-2,3,5,6-tetramethoxy-9-acridone', '2α,3α-Dihydroxy-urs-12-en-28-oic acid', '5-hydroxyflavone', '2-phenyl-4H-chromen-4-one', 'β-Sitosterol benzoate', 'Haplotusine', 'Oleanolic acid 3-sophoroside', '3-O-β-D-(6’-methyl)-glucopyranosyl-28-O-β-D-glucopyranosyl-oleanate', 'Sinapyl 4-O-β-D-glucopyranoside aldehyde', 'Sinapyl 4-O-β-D-glucopyranoside alcohol', 'N-acetylnonaine', 'Liriodenine', '2-hydroxyphenylacetic acid', '[10]-gingerol', ""2,4-Dihydroxy-6-[(1'E,3'E)-penta-1', 3'-dienyl]-benzaldehyde"", '2-methyl-5-[8(Z)-pentadecenyl]resorcinol', 'Ourateacatechin', ""3',4',5',5,7-pentamethoxyflavone"", '2-methyl-5-pentadecylresorcinol', 'Odoratol', ""8-hydroxy-3,5,7,3',4',5'-hexamethoxyflavonol"", 'Nitensidine A', 'Kokusaginine', ""2-(2'-O-trans-cinnamoyl)-C-β-D-glucopyranosyl-1,3,6,7-tetrahydroxyxanthone"", 'Quercetin', 'Di-hydrodehydrodiconiferyl alcohol', 'Canavaline', '1- (5,7-dihydroxy-2,2-dimethylchroman-6-yl)-3-(2,2-dimethylchroman- 6-yl)propan-1-one', 'Fagaramide', 'Cognatine', '2β-Hydroxyzuelanin-6β-cinnamate', 'Mayoside C', 'ellagic acid 4-O-α-L-rhamnopyranoside; eschweilenol C', '19,20-Epoxycytochalasin N', '5-hydroxy-N-methylseverifoline', 'Leptomerine', '(±)-Syringaresinol', '8-methoxymellein', ""7-Hydroxy-4',6-dimethoxyisoflavone; Afrormosin; Afromosin"", 'Griseofulvin', '7′-multijuguinone', 'Isobutyl gallate', ""Pterogynoside; Kaempferol-3-O-(3''-O-4'''-methylgallate-α-L-rhamnoside)"", 'Viburgenin', 'Nitensidine B', '2,7-Di-O-acetylcasearupestrin A', ""Methyl-2,2-dimethyl-8-(3'-methylbut-2'-enyl)chroman-6-carboxylate"", '2,6-di-O-acetylcasearupestrin D', 'Rel-2α-hydroxyzuelanin-6β-benzoate', 'Sorbifolin 6-O-β-glucopyranoside', 'des-N-methylnoracronycine', 'Ocotillone', '6α-malonyloxy-n-butyl ester manoyl oxide', 'Casearupestrin C', 'Podocarpusflavone A', 'Maculosidine', '3-O-β-D-quinovopyranosyl quinovic acid', 'Kaempferol', 'Chlorogenic acid', 'Chalepin', '2-Hexyl-3-methyl-butanodioic acid', 'Methyl 6,7,8-trimethoxydihydrocinnamate', '2-methyl-5-[8(Z),11(Z)-pentadecadienyl]resorcinol', 'Dipropyl disulphide', 'Nitensidine C', 'Kaempferitrin', '12′-hydroxy-7′-multijuguinone', 'Quercitrin, 3-O-α-rhamnosylquercetin', '1-O-(E)-caffeoyl-β-D-glucopyranoside', '2,4,6-trimethoxybenzoic acid', 'Piperovatine', 'Tetrahydropiperyline, N-[10-(13,14-methylenedioxyphenyl)-pentanoyl]-pyrrolidine', '6β-hydroxy-7-epigardoside methyl ester', 'Gallic acid; 3,4,5-trihydroxybenzoic acid', '5-[8(Z),11(Z),14-pentadecatrienyl]resorcinol', '1-methyl-2-n-nonyl-4-quinolone', 'n-Propyl gallate', 'polypodine B', 'Casearin X Dialdehyde; (2R*,4aS*,5S*,7R*,8R*,8aS*)-4,4a-Diformyl-1,2,4a,5,6,7,8,8a-octahydro-5-hydroxy-7,8-dimethyl-8-[(2Z)-3-methylpenta-2,4-dien-1-yl]naphthalen-2-yl Butanoate', 'Netzahualcoyene', ""2',5-dihydroxy-3-methoxy-8-dimethylallyl-6, 7-(2' ',2''-dimethylpyrano)-dihydroflavonol"", 'Dibenzyl tetrasulphide', '3β-O-[α-L-rhamnopyranosyl-(1→2)-O-β-D-glucopyranosyl-(1→2)-O-β-D-glucopyranosyl]-28-O-β-D-glucopyranoside pomolate', 'Kaempferol 3-O-α-L-rhamnopyranosyl (1→6)-O-[β -D-glucopyranosyl (1→3)-O-α-L-rhamnopyranosyl-(1→2)]-O-β -D-glucopyranosyl', 'fumiquinozoline F', '19,20-Epoxycytochalasin D', '5-pentadecylresorcinol', 'Leptophyllin A', 'Ricinine', 'citrusinine-I', '6-[ 8(Z),11(Z) -pentadecadienyl] salicylic acid', 'fraxinellone', '6α-malonyloxymanoyl oxide', '1-[3-(3,7-dimethylocta-2,6-dien-1-yl)-2,4,6- trihydroxyphenyl]-3-(4-hydroxyphenyl)propan-1-one', 'Netzahualcoyonol', '(-)-Epigallocatechin', 'p-Coumaric acid', 'urauchimycin A', 'Isoorientin', 'Cytochalasin D', '2-n-nonyl-4-quinolone', 'toonacilin', 'Casearupestrin B', '3-Oxoursolic acid', 'Arboreumine', 'Heveaflavone', 'Isopropyl gallate', ""3',4',5',5,7,8-hexamethoxyflavone"", '1-O-(E)-feruloyl-β-D-glucopyranoside', 'Uracil', 'Quercetin 3-O-α-L-rhamnopyranosyl (1→6)-O-[β -D-glucopyranosyl (1→3)-O-α-L-rhamnopyranosyl-(1→2)]-O-β -D-glucopyranosyl', 'Alkenoic acid', '3-Acetyl aleuritolic acid', '20-hydroxyecdysone; polypodine A', '2-methyl-5-[8(Z),11(Z),14-pentadecatrienyl]resorcinol', '1,6-di-O-caffeoyl-β-D-glucopyranoside', ""2-(2'-O-trans-caffeoyl)-C-β-D-glucopyranosyl-1,3,6,7-tetrahydroxyxanthone"", 'urauchimycin B', 'Maytenin, Tingenone', 'Dibenzyl trisulphide', 'N-1,N-2,N-3-Triisopentenylguanidine', '2-Methyl-4-hydroxy-butyl caffeoate', '28-O-β-D-glucopyranosyl quinovic acid', 'Benzylhydroxymethyl sulphide', '(3R,4R)-3,4-Dihydro-4,6-dihydroxy-3-methyl-1-oxo-1H-isochromene-5-carboxylic acid', 'Quercetin 3-O-sophoroside', ""5-[3''-(β-D-glucopyranosyloxy)propyl]-7-methoxy-2-(3',4'-methylenedioxyphenyl)benzofuran"", '(-)-Hardwickiic acid', 'Piperol B', 'Netzahualcoyondiol', 'Casearin X; (1R*,3S*,5S*,6aR*,7S*,8S*,10R*,10aR*)-1-(Acetyloxy)-3,5,6,6a,7,8,9,10-octahydro-10-hydroxy-7,8-dimethyl-7-[(2Z)-3-methylpenta-2,4-dien-1-yl]naphtho[1,8a-c]furan-3,5-diyl Dibutanoate', 'Photogedunin', '1,2-dihydro- 3β-hydroxy-7-deacetoxy-7-oxogedunin', '2,2-dimethyl-2H-chromene-6-carboxylic acid', ""(2S)-8-Isopentyl-2-methyl-2-(4'-methylpentyl)chroman-6-carboxylic acid"", 'Phomopsilactone', 'Periconicin B', 'Orcinol', 'n-Pentyl gallate', '19,20-Epoxycytochalasin C', '(-) Cis-4-hydroxy-6-deoxyscytalone', 'Dibenzyl sulphide', 'fraxinellonone', 'taxifolin', '2-oxo-piperol B; (7S*, 8R*, 1R*, 3R*)-3,4,5-trimethoxy-3,7-cyclo-8,1-neolig-8-ene-2,4(3H)-dione', 'Casearupestrin A', 'Pedalitin', 'limonexic acid', ""Gaudichaudianic acid; (2S)-2-methyl-2-(4'methyl-3'-pentenyl)-8-(3''-methyl-2-butenyl)- 2H-1-benzopyran-6-carboxylic acid"", '2-butyl-D-fructofuranoside', 'ω-fenil alcanoic acid', 'Piperyline, N-[10-(13,14-methylenedioxyphenyl)-7(E),9(E)-pentadienoyl]-pyrrolidine', 'Casearin T', '(2S)-Methyl-2-methyl-8-(3""-methylbut-2""-enyl)-2-(4\'-methylpent-3\'-enyl)-2H-chromene-6-carboxylate', ""2-(R)-Methyl-6-(S)-(tetradecyl-13'-one)-3(R)-O-tert-butyldimethylsilyl-piperidine"", '24-methylene-3,22-dihydroxycholesterol', 'α-L-xylopyranosyl-(4""→20)-(3-O-β-D-glucopyranosyl)-1\'-O-E-caffeoyl-β-D-glucopyranoside', 'Isoplumericin', ""2-(2'-O-benzoyl)-C-β-D-glucopyranosyl-1,3,6,7-tetrahydroxyxanthone"", '3,11,12-Trihydroxycadalene', 'Di(benzyltrithio) methane', 'Amentoflavone', ""Nitensoside B; Pedalitin 6-O-α-rhamnopyranosyl(1'''→6'')-β-glucopyranoside"", '(3R,4R)-4,7-Dihydroxymellein', '1-(5,7-dihydroxy-2,2-dimethylchroman- 6-yl)-3-[4-hydroxy-3-(3-methylbut-2-en-1-yl)- phenyl]propan-1-one', '11β-acetoxyobacunone', 'Casearin S', 'Rel-(+)-(7S,9R,10S)-3,9,12-trihydroxycalamenene', ""(2'S)-2-(propan-2'-ol)-5-hydroxy-benzopyran-4-one"", '(-)-Spectalinine', '5-[8(Z),11(Z)-pentadecadienyl]resorcinol', 'Plumericin', '19,20-Epoxycytochalasin Q', 'Caseargrewiin F; (1R*,3S*,5S*,6aR*,7S*,8R*,10R*,10aR*)-1,3-Bis(acetyloxy)-3,5,6,6a,7,8,9,10-octahydro-10-hydroxy-7,8-dimethyl-7-[(2Z)-3-methylpenta-2,4-dien-1-yl]naphtho[1,8a-c]furan-5-yl Butanoate', 'Pedalin, pedalitin 6-O-β -glucopyranoside', '5-hydroxymellein', '4-Hydroxymellein', '[8]-gingerol', 'Homoegonol', ""Acteoside; [β-3,4-dihydroxyphenyl)-ethyl]-(3'-O-α-L-rhamnopyranosyl)-(4'-O-cafeoyl)-β-D-glycopyranoside, verbascoside"", ""N-[7-(3',4'-methylenedioxyphenyl)-2(Z),4(Z)-heptadienoyl]pyrrolidine"", '7-hydroxy-3- (11-dimethylallyl)-8-methoxycoumarin', 'Sinapic acid', 'Luteolin; 2-(3,4-dihydroxyphenyl)-5,7-dihydroxy-4H-chromen-4-one', '5-[8(Z)-pentadecenyl]resorcinol', 'Burchellin', '(2S)-2-methyl-8-(3""-methylbut-2""-enyl)-2-(4\'-methylpent-3\'-enyl)-2H-chromene-6-carboxylic acid', '6-[8(Z)-pentadecenyl]salicylic acid', 'Egonol', 'Afzelin, 3-O-α-rhamnosyl kaempferol', '3-O-β-D-quinovopyranosyl cincholic acid', 'Methyl gallate', 'Chaetoglobosin B', 'Casearupestrin D', 'amorphispironone', '2-Methyl-5-methoxy-benzopyran-4-one', 'N-[10- (13,14-methylenedioxyphenyl)-7(E)-pentaenoyl]-pyrrolidine', 'atalaphyllinine', '5-hydroxymethyl- 2-furancarboxaldehyde; 5-hydroxymethyl-2-furfuraldehyde', 'shidasterone', 'Rel-6β-hydroxyzuelanin-2β-benzoate', 'Odoratone', 'Muraxanthone', '19,20-Epoxycytochalasin R', '3,4,5-trimethoxyphenyl 1-O-β-D-apiofuranosyl-(1→6)-O-β-D-glucopyranoside', 'Pristimerin; 20α-3-hydroxy-2-oxo-24-nor-friedela-1-10,3,5,7-tetraen-carboxylic acid-29-methylester', '6α-acetoxy-14β,15β-epoxyazadirone', 'Methyl-8-hydroxy-2,2-dimethylchroman-6-carboxylate', 'Gedunin', 'germacrene D', 'Casearin O; (1R*,3S*,5S*,6aR*,7R*,8R*,9S*,10S*,10aR*)-1,10-Bis(acetyloxy)-5-methoxy-7,8-dimethyl-7-[(2Z)-3-methylpenta-2,4-dien-1-yl]-3,5,6,6a,7,8,9,10-octahydronaphtho[1,8a-c]furan-3,9-diyl Dibutanoate', ""Nitensoside A; Sorbifolin 6-O-α-rhamnopyranosyl(1'''→6'')-β-glucopyranoside"", 'Sorbifolin', '6-[8(Z),11(Z),14-pentadecatrienyl]salicylic acid', '3,4,5-Trimethoxyphenyl-1-O-β-D-(5-O-syringoyl)-apiofuranosyl-(1→6)-β-D-glucopyranoside', 'Methyl (E)-6,7,8-trimethoxycinnamate', '1-(5,7-dihydroxy-2,2-dimethylchroman-6-yl)-3-(1,1,4a-trimethyl-2,3,4,4a,9a-hexahydro-1H-xanthen-7-yl)propan-1-one', 'N-[10-(13,14-methylenedioxyphenyl)-7(E),9(Z)-pentadienoyl]-pyrrolidine', '3,4-dihydroxybenzoic acid geranyl ester', '4-Nerolidilcatechol', '(+)-3-O-feruloylcassine', 'Syringic acid', ""2-(2'-O-transcoumaroyl)-C-β-D-glucopyranosyl-1,3,6,7-tetrahydroxyxanthone"", 'Mangiferin', '(3-(2-(4-hydroxyphenyl)-2-oxoethyl)-5,6-dihydropyridin- 2(1H)-one)', '3,4,5-Triacetoxybenzoic acid', ""(2S)-Methyl-8-isopentyl-2-methyl-2-(4'-methylpentyl)chroman-6-carboxylate"", 'schaftoside', 'Cabraleadiol', 'Leiokinine A', 'Platydesmine', 'Casearin L; (1R*,3S*,5S*,6aR*,7R*,8R*,9S*,10S*,10aR*)-1,10-Bis(acetyloxy)-3,5,6,6a,7,8,9,10-octahydro-9-hydroxy-5-methoxy-7,8-dimethyl-7-[(2Z)-3-methylpenta-2,4-dien-1-yl]naphtho[1,8a-c]-furan-3-yl Butanoate', '3,12-Dihydroxycadalene', ""5-[3''-(β-D-glucopyranosyloxy)propyl]-7-methoxy-2-(3',4'-dimethoxyphenyl)benzofuran"", 'n-Butyl gallate', 'β-photogedunin', 'Ixoside', '24-methylenecycloartan-3b-ol', '(−)-Grandisin', 'Acetonide of odoratol', 'Cyclo-(L-Pro-L-Val)', '6α-acetoxymanoyl oxide', '(R)-7-Hydroxymellein', 'neoisoastilbin', 'Proanthocyanidin', 'Rel. (+)-(7S,10S) 3,12-dihydroxycalamenene', 'Casearin D; (1R*,3S*,5S*,6aR*,7R*,8R*,9S*,10S*,10aR*)-1-(Acetyloxy)-3,5,6,6a,7,8,9,10-octahydro-5,10-dihydroxy-7,8-dimethyl-7-[(2Z)-3-methylpenta-2,4-dien-1-yl]naphtho[1,8a-c]furan-3,9-diyl Dibutanoate', '(-)-Epigallocatechin-3-O-gallate', '20α-Hydroxymaytenin; 20-hydroxy-20-epi-tingenone', ""Myrsinoic acid A, 3-Geranyl-4-hydroxy-5-(3'',3''-dimethylallyl)benzoic acid"", 'Methyl-2,2-dimethylchroman-6-carboxylate', '6-pentadecylsalicylic acid', '22β-hydroxypristimerin', ""5-(3'' -Hydroxypropyl)-7-methoxy-2-(3',4' -methyl-enedioxyphenyl)benzofuran"", 'Methyl angolensate', 'Caseobliquin A', 'epoxy-fraxinellone', 'Trans-3’-methylsulphonylallyl trans-cinnamate', '22-hydroxytirucalla-7,24-diene-2,3-dione', 'Syringaldehyde', 'Lauryl gallate', 'Picramnioside F', 'Amentoflavone 7”,4”’-dimethyl ether', 'Ethyl 2,4-dihydroxy-5,6-dimethylbenzoate', 'stachysterone', 'arjunolic acid', 'Methyl-8-(ethanoyloxy)-2,2-dimethyl-2H-chromene-6-carboxylate', 'carlinoside', 'Salacin', 'Dibenzyl disulphide', 'p-hydroxybenzoic acid-geranyl ester', 'Skimmianine', '(4R)-4,8-dihydroxy-α-tetralone', 'scillascillin', '3β-hydroxy-stigmast-5-en-7-one; 24-β-7-oxositosterol']]",doi_name
"['10.1016/j.jphotobiol.2013.01.006', 'Maculosidine']","['10.1016/j.jphotobiol.2013.01.006', ['guaiol', 'Hinesol', 'γ-eudesmol', 'α-eudesmol', 'Galioside aglicone', '11-O-trans-feruloylteucrein', 'Teucrein', 'Apodanthoside', 'Galioside', ""4-Methoxy-3-(3',7'-dimethylocta-2'-E-6'-dienyl)benzoic acid"", 'Methyl-8-hydroxy-2,2-dimethyl-2H-chromene-6-carboxylate', ""3-(3',7 '-dimethyl-2',6 '-octadienyl)-4-methoxy-benzoic acid"", 'cyclo (L)-Pro-Gly', 'Chlorogenic acid methyl ester, Methyl (1S,3R,4R,5R)-3-{[(2E)-3-(3,4-dihydroxyphenyl)-2-propenoyl]oxy}-1,4,5-trihydroxycyclohexanecarboxylate', '2,3-dihydro-4,9-dihydroxy-2-(2-hydroxy-propan-2-yl)- 11-methoxy-10-methylfuro[3,2-b]acridin-5(10H)-one', 'Citibrasine', 'bis-5-hydroxyacronycine', 'Xanthyletin', 'Mycoleptone A', '9-hydroxyeugenin', 'Mycoleptone B', 'Mycoleptone A tetraacetate', 'Eugenitin', 'Austdiol diacetate', '6-methoxyeugenin', 'Austdiol', ""3',4'-methylenedioxy-5,5',6,7-tetramethoxyflavone"", ""3',4'-methylenedioxy-5,6,7- trimethoxyflavone"", ""2'-hydroxy-3,4,4'-trimethoxy-5',6'-(2'',2''-dimethylpyrano)-chalcone"", ""3',4'-methylenedioxy-5,7-dimethoxyflavone"", 'Diderroside', ""6'-Acetyl-β-D-glucopyranosyldiderroside"", '7-Methoxydiderroside', 'Secoxyloganin', 'Stearic acid 4-pentoyloxyphenethyl ester', '5,7-dimethoxy-2,2-dimethyl-2H-1-benzopyran-6-propanoate', 'Hispidol A', 'Nilocetin', 'Oleanonic acid', 'Iso-odoratol', 'Piscidinol A', '3,11-dioxoolean-12-en-28- onic acid', 'cryptomeridiol', 'Pentaol', '(-)-3-O-acetyl-spectaline', '3,3-O-dimethylquercetin', 'penduletin 4-O-methyl ether', '2α,3α,19α- trihydroxyurs-12-en-28-oic acid', '3,7,4-O-trimethylkaempferol', '3-O-methylquercetin', 'acacetin', 'Chrysoeriol', 'p-hydroxybenzoic acid', '2α,3α-dihydroxyolean-12- en-28-oic acid', 'Nectandrin B', '7-Methyl-sargachromenol; 2,7,8-Trimethyl-2-[(3-E,7-Z)-4,12-dimethyl-8-carboxyl-3,7,11-tridecatrienyl]-3-chromen-6-ol, β-caroteno', 'Verrucosin', 'Epi-guaiacin', '3,21-Di-epi-feroniellide B', '21α,25-dimethylmelianodiol', '21β,25-dimethylmelianodiol', ""2-(1'-pentenyl)-Quinoline"", '2-n-Pentylquinoline', ""2-(3',4'-methylenedioxyphenylethyl)-Quinoline"", '2-n-Propylquinoline', ""2',6'-Dihydroxy-4'-methoxydihydrochalcone"", ""Methyl taboganate; Methyl 4-hydroxy-3-(3'-methyl-1'-oxo-2'-butenyl)benzoate"", '3,4,5-Trimethoxydihydrocinnamic acid', 'Piperaduncine B', ""Methyl 4-hydroxy-3-(3'-methyl-2'-butenyl)benzoate"", ""4-Hydroxy-3-(3',7'-dimethylocta-2'-E-6'-dienyl)benzoic acid"", ""Hostmaniene; 4-Hydroxy-3-(2',3'-dihydroxy-3'-methylbutyl)benzoate"", 'Methyl 2,2-dimethyl-1-oxo-2H-1-benzopyran-6-carboxylate', ""Aduncumene; Methyl 2-methoxy-5-(3'-methyl-1'-oxo-2'-butenyl)benzoate"", ""Methyl 4-hydroxy-3-(3'-methyl-2'-hydroxy-3'-butenyl)benzoate"", ""4-Hydroxy-(3',7'-dimethyl-1'-oxo-octa-2'-Z-6'-dienyl)benzoic acid"", ""Rel-(7R,8S,7'S,8'S)-4-hydroxy-4',5'-methylenedioxy-3,5,3'-trimethoxy-7,7'-epoxylignan"", ""Rel-(7R,8S,7'S,8'S)-4',5'-methylenedioxy-3,4,5,3'-tetramethoxy-7,7'-epoxylignan"", ""Rel-(7R,8S,7'S,8'S)-4,5,4',5'-dimethylenedioxy-3,3'-dimethoxy-7,7'-epoxylignan"", ""Rel-(7R,8S,7'S,8'S)-9-hydroxy-4',5'-methylenedioxy-3,4,5,3'-tetramethoxy-7,7'-epoxylignan"", ""Rel-(7R,8S,7'S,8'S)-4'-hydroxy-3,4,5,3',5'-pentamethoxy-7,7'-epoxylignan"", 'Methyl (3R,4R,5R)-3-{[(2E)-3-(3,4-dihydroxyphenyl)-2-propenoyl]oxy}-1,4,5-trihydroxycyclohexanecarboxylate', 'Methyl (3R,4R,5R)-3-{[(2Z)-3-(3,4-dihydroxyphenyl)-2-propenoyl]oxy}-1,4,5-trihydroxycyclohexanecarboxylate', 'Isopimpinellin', 'Sargaquinoic acid', '(+)-Guaiacin', 'Sargachromenol', '21´-(3,4-Methylenedioxyphenyl)-henicosanoic acid', ""7,4'-Dimethoxyflavone"", 'Farnisine', '19´-(3,4-Methylenedioxyphenyl)-nonadecanoic acid', ""7,4'-Dihydroxyflavone"", 'Fasciculiferin', 'Tithonine', ""Juruenolic acid; 2-(4'-Methylpentenyl-3)-10-oxoundecan-2,6-dienoic acid"", '17-(3,4-Methylenedioxyphenyl)-heptadecanoic acid', 'Aphidicolin', ""Isoswertisin-4'-methyl-ether-2''α-L-rhamnoside"", 'Clusifoliol', ""Isoswertisin-2''α1-L-rhamnoside"", '2-Episesalatin', 'Sesartemin', 'Taraxerol acetate', 'Pyranofoline', '3,4-dihydro-3,5,8-trihydroxy-6-methoxy-2,2,7-trimethyl-2Hpyrano[ 2,3-a]acridin-12(7H)-one', 'Citrusinine-I', '5-hydroxynoracronycine; Atalaphyllidine', 'Glycocitrine-I', '1,3,5-trihydroxy-4-methoxy-10-methyl- 2,8-bis(3-methylbut-2-enyl)acridin-9(10H)-one', 'Glycocitrine-IV', '1,3,5-trihydroxy- 2,8-bis(3-methylbut-2-enyl)-10-methyl-9-acridone', 'Citrusinine-II', 'Anhydrofusarubin', 'Beauvericin', 'astilbin; Rel-(2R, 3R)-dihydroquercetin-3-O-±-L-rhamnoside', '(+)-Erythravine', '(+)-11α-Hydroxyerythravine', '(+)-α-Hydroxyerysotrine', ""Sakuranetin; 5,4'-dihydroxy-7-methoxyflavanone"", ""4-Hydroxy-(3',7'-dimethyl-1'-oxo-octa-2'-E-6'-dienyl)benzoic acid"", ""1,4-Dihydroxy-2-(3',7'-dimethyl-1'-oxo-2'-E-6'-octadienyl)benzene"", ""Isosakuranetin; 5,7-dihydroxy-4'-methoxyflavanone"", ""4-Hydroxy-3-(3',7'-dimethyl-3'-hydroxy-1'-oxo-6'-octenyl)benzoic acid"", 'Pimara-7,15-dien-3β-ol', '(22E,24R)-ergosta-4,6,8(14),22-tetraen-3-one', 'Dimethyl terephthalate', '8-hydroxy-6-methoxy-3-methylisocoumarin', 'Ergosterol peroxide', ""3,4-dimethyl-2-(4'-hydroxy-3',5'-dimethoxyphenyl)-5-methoxy-tetrahydrofuran"", '5,7-dimethoxy-2,2-dimethyl-2H-1-benzopyran-6-propanoic acid', 'β-caryophyllene, trans-caryophyllene', 'α-Gardiol', 'Ferulic acid', 'β-Gardiol', ""3',4',5',3,5,7,8-heptamethoxyflavone"", ""3,5,6,7,3',4',5'-heptamethoxyflavonol"", 'Tagitinin C', '1-methoxy-3-hydroxy-3,10b-4,5a-diepoxy-8b-isobutyroyloxygermacr-11(13)-en-6a,12-olide', '3,4-dehydro-strictosidine', 'Cordifoline', 'Harman-3-carboxylic acid', 'Strictosidine acid', '5α-carboxystrictosidine', 'Turbinatine', '3,4-dehydrostrictosidine acid', 'Deoxycordifoline', 'Catechin, Ent-catechin', 'Kaempferol-3-O-rutinoside', 'Kaempferol-3-O-α-L-rhamnopyranosyl-(1→6)-β-D-galactopyranoside', 'Kaempferol-3-O-α-L-rhamnopyranosyl-(1-6)-α-L-rhamnopyranosyl-(1-4)-β-D-glucopyranoside', 'Kaempferol-3-O-D-galactopyranoside', '6-Hydroxy-rutin', 'Kaempferol-3-O-D-glucopyranoside', 'Quercetin-3-O-α-L-rhamnopyranosyl-(1→6)-β-D-galactopyranoside', 'Procyanidin B-3', 'Nitensidine D', 'Nitensidine E', '4,5-dihydropiperlonguminine; Piperlonguminine', ""N-[3-(6'-methoxy-3',4'-methy-lenedioxyphenyl)-2(Z)-propenoyl]pyrrolidine"", '(Z)-piplartine; 8(Z)-N-(12,13, 14-trimethoxycinnamoyl)- 3-pyridin-2-one', '8,9-dihydropiplartine; N-(12,13,14-trimethoxydihydrocinnamoyl)-Δ3-pyridin-2-one', '(E)-piplartine', '10,11-dihydropiperine; Δα,β-dihydropiperine', '4,5-dihydropiperyline', 'Piperine', 'Pellitorine', '(3Z,5Z)-N-isobutyl-8-(30,40-methylenedioxy-phenyl)-heptadienamide', 'Methacrylic acid', '4-metoxi-6-[2-(metilamino)fenil]- 2H-piran-2-ona', 'Cuspanine; 1-hydroxy-2,3,5,6-tetramethoxy-9-acridone', 'Cusculine; 1,2,3,5,6-pentamethoxy-9-acridone', '2α,3α-Dihydroxy-urs-12-en-28-oic acid', 'Oleanolic acid 3-sophoroside', '3-O-β-D-(6’-methyl)-glucopyranosyl-28-O-β-D-glucopyranosyl-oleanate', 'Haplotusine', '2-phenyl-4H-chromen-4-one', 'β-Sitosterol benzoate', '5-hydroxyflavone', 'Sinapyl 4-O-β-D-glucopyranoside aldehyde', 'N-acetylnonaine', 'Liriodenine', 'Sinapyl 4-O-β-D-glucopyranoside alcohol', '[10]-gingerol', ""2,4-Dihydroxy-6-[(1'E,3'E)-penta-1', 3'-dienyl]-benzaldehyde"", 'Nitensidine A', '2-methyl-5-[8(Z)-pentadecenyl]resorcinol', '2-hydroxyphenylacetic acid', '3-O-β-D-quinovopyranosyl quinovic acid', 'scillascillin', 'Piperol B', '(-)-Hardwickiic acid', ""5-[3''-(β-D-glucopyranosyloxy)propyl]-7-methoxy-2-(3',4'-methylenedioxyphenyl)benzofuran"", '28-O-β-D-glucopyranosyl quinovic acid', '2-Methyl-4-hydroxy-butyl caffeoate', 'N-1,N-2,N-3-Triisopentenylguanidine', 'Dibenzyl trisulphide', 'Maytenin, Tingenone', 'urauchimycin B', 'Netzahualcoyondiol', ""8-hydroxy-3,5,7,3',4',5'-hexamethoxyflavonol"", 'Odoratol', 'Leptomerine', '5-hydroxy-N-methylseverifoline', '19,20-Epoxycytochalasin N', 'ellagic acid 4-O-α-L-rhamnopyranoside; eschweilenol C', 'Mayoside C', 'Ourateacatechin', ""3',4',5',5,7-pentamethoxyflavone"", '2-methyl-5-pentadecylresorcinol', '3β-hydroxy-stigmast-5-en-7-one; 24-β-7-oxositosterol', 'Acetonide of odoratol', '(−)-Grandisin', '24-methylenecycloartan-3b-ol', 'Ixoside', ""Methyl-2,2-dimethyl-8-(3'-methylbut-2'-enyl)chroman-6-carboxylate"", '2,7-Di-O-acetylcasearupestrin A', 'Nitensidine B', '1-methyl-2-n-nonyl-4-quinolone', '5-[8(Z),11(Z),14-pentadecatrienyl]resorcinol', 'Gallic acid; 3,4,5-trihydroxybenzoic acid', 'Homoegonol', '[8]-gingerol', '4-Hydroxymellein', '5-hydroxymellein', 'fraxinellonone', 'Dibenzyl sulphide', '(-) Cis-4-hydroxy-6-deoxyscytalone', 'Plumericin', '5-[8(Z),11(Z)-pentadecadienyl]resorcinol', '(-)-Spectalinine', 'fumiquinozoline F', 'Kaempferol 3-O-α-L-rhamnopyranosyl (1→6)-O-[β -D-glucopyranosyl (1→3)-O-α-L-rhamnopyranosyl-(1→2)]-O-β -D-glucopyranosyl', '3β-O-[α-L-rhamnopyranosyl-(1→2)-O-β-D-glucopyranosyl-(1→2)-O-β-D-glucopyranosyl]-28-O-β-D-glucopyranoside pomolate', 'Dibenzyl tetrasulphide', ""2',5-dihydroxy-3-methoxy-8-dimethylallyl-6, 7-(2' ',2''-dimethylpyrano)-dihydroflavonol"", '1- (5,7-dihydroxy-2,2-dimethylchroman-6-yl)-3-(2,2-dimethylchroman- 6-yl)propan-1-one', 'Canavaline', 'Di-hydrodehydrodiconiferyl alcohol', 'Quercetin', ""2-(2'-O-trans-cinnamoyl)-C-β-D-glucopyranosyl-1,3,6,7-tetrahydroxyxanthone"", 'Kokusaginine', 'Ocotillone', 'des-N-methylnoracronycine', 'Sorbifolin 6-O-β-glucopyranoside', 'Rel-2α-hydroxyzuelanin-6β-benzoate', '2,6-di-O-acetylcasearupestrin D', 'n-Butyl gallate', ""5-[3''-(β-D-glucopyranosyloxy)propyl]-7-methoxy-2-(3',4'-dimethoxyphenyl)benzofuran"", '3,12-Dihydroxycadalene', '7-hydroxy-3- (11-dimethylallyl)-8-methoxycoumarin', ""N-[7-(3',4'-methylenedioxyphenyl)-2(Z),4(Z)-heptadienoyl]pyrrolidine"", ""Acteoside; [β-3,4-dihydroxyphenyl)-ethyl]-(3'-O-α-L-rhamnopyranosyl)-(4'-O-cafeoyl)-β-D-glycopyranoside, verbascoside"", 'urauchimycin A', 'Maculosidine', 'Podocarpusflavone A', 'Casearupestrin C', '6α-malonyloxy-n-butyl ester manoyl oxide', 'citrusinine-I', 'Ricinine', 'Leptophyllin A', '5-pentadecylresorcinol', '19,20-Epoxycytochalasin D', '1-[3-(3,7-dimethylocta-2,6-dien-1-yl)-2,4,6- trihydroxyphenyl]-3-(4-hydroxyphenyl)propan-1-one', '6α-malonyloxymanoyl oxide', 'Benzylhydroxymethyl sulphide', '1,6-di-O-caffeoyl-β-D-glucopyranoside', '2-methyl-5-[8(Z),11(Z),14-pentadecatrienyl]resorcinol', '20-hydroxyecdysone; polypodine A', '3-Acetyl aleuritolic acid', 'Alkenoic acid', 'Quercetin 3-O-α-L-rhamnopyranosyl (1→6)-O-[β -D-glucopyranosyl (1→3)-O-α-L-rhamnopyranosyl-(1→2)]-O-β -D-glucopyranosyl', 'Heveaflavone', '2-n-nonyl-4-quinolone', 'Cytochalasin D', 'Isoorientin', 'Pristimerin; 20α-3-hydroxy-2-oxo-24-nor-friedela-1-10,3,5,7-tetraen-carboxylic acid-29-methylester', '3,4,5-trimethoxyphenyl 1-O-β-D-apiofuranosyl-(1→6)-O-β-D-glucopyranoside', 'β-photogedunin', 'Casearupestrin B', 'toonacilin', 'Uracil', '1-O-(E)-feruloyl-β-D-glucopyranoside', '19,20-Epoxycytochalasin C', 'n-Pentyl gallate', 'Orcinol', 'Periconicin B', 'Phomopsilactone', ""(2S)-8-Isopentyl-2-methyl-2-(4'-methylpentyl)chroman-6-carboxylic acid"", '2,2-dimethyl-2H-chromene-6-carboxylic acid', '1,2-dihydro- 3β-hydroxy-7-deacetoxy-7-oxogedunin', 'Photogedunin', 'p-Coumaric acid', '(-)-Epigallocatechin', 'Netzahualcoyonol', '24-methylene-3,22-dihydroxycholesterol', 'amorphispironone', 'Casearupestrin D', 'Casearin X; (1R*,3S*,5S*,6aR*,7S*,8S*,10R*,10aR*)-1-(Acetyloxy)-3,5,6,6a,7,8,9,10-octahydro-10-hydroxy-7,8-dimethyl-7-[(2Z)-3-methylpenta-2,4-dien-1-yl]naphtho[1,8a-c]furan-3,5-diyl Dibutanoate', 'Skimmianine', 'p-hydroxybenzoic acid-geranyl ester', 'Dibenzyl disulphide', 'Proanthocyanidin', 'neoisoastilbin', '(R)-7-Hydroxymellein', '6α-acetoxymanoyl oxide', 'Methyl-8-hydroxy-2,2-dimethylchroman-6-carboxylate', '6α-acetoxy-14β,15β-epoxyazadirone', ""2-(R)-Methyl-6-(S)-(tetradecyl-13'-one)-3(R)-O-tert-butyldimethylsilyl-piperidine"", 'Arboreumine', '3-Oxoursolic acid', 'Caseobliquin A', 'Methyl angolensate', ""5-(3'' -Hydroxypropyl)-7-methoxy-2-(3',4' -methyl-enedioxyphenyl)benzofuran"", '22β-hydroxypristimerin', '(2S)-Methyl-2-methyl-8-(3""-methylbut-2""-enyl)-2-(4\'-methylpent-3\'-enyl)-2H-chromene-6-carboxylate', 'Casearin T', 'Piperyline, N-[10-(13,14-methylenedioxyphenyl)-7(E),9(E)-pentadienoyl]-pyrrolidine', 'ω-fenil alcanoic acid', '2-butyl-D-fructofuranoside', ""Gaudichaudianic acid; (2S)-2-methyl-2-(4'methyl-3'-pentenyl)-8-(3''-methyl-2-butenyl)- 2H-1-benzopyran-6-carboxylic acid"", 'limonexic acid', 'Pedalitin', 'Di(benzyltrithio) methane', '3,11,12-Trihydroxycadalene', 'Quercetin 3-O-sophoroside', '(3R,4R)-3,4-Dihydro-4,6-dihydroxy-3-methyl-1-oxo-1H-isochromene-5-carboxylic acid', '2-methyl-5-[8(Z),11(Z)-pentadecadienyl]resorcinol', 'Methyl 6,7,8-trimethoxydihydrocinnamate', '2-Hexyl-3-methyl-butanodioic acid', 'fraxinellone', '6-[ 8(Z),11(Z) -pentadecadienyl] salicylic acid', 'Casearin X Dialdehyde; (2R*,4aS*,5S*,7R*,8R*,8aS*)-4,4a-Diformyl-1,2,4a,5,6,7,8,8a-octahydro-5-hydroxy-7,8-dimethyl-8-[(2Z)-3-methylpenta-2,4-dien-1-yl]naphthalen-2-yl Butanoate', 'polypodine B', 'n-Propyl gallate', ""3',4',5',5,7,8-hexamethoxyflavone"", 'Isopropyl gallate', '6β-hydroxy-7-epigardoside methyl ester', 'Tetrahydropiperyline, N-[10-(13,14-methylenedioxyphenyl)-pentanoyl]-pyrrolidine', 'Piperovatine', '2,4,6-trimethoxybenzoic acid', '1-O-(E)-caffeoyl-β-D-glucopyranoside', 'Quercitrin, 3-O-α-rhamnosylquercetin', 'Muraxanthone', 'Odoratone', 'Rel-6β-hydroxyzuelanin-2β-benzoate', 'shidasterone', '5-hydroxymethyl- 2-furancarboxaldehyde; 5-hydroxymethyl-2-furfuraldehyde', 'atalaphyllinine', 'N-[10- (13,14-methylenedioxyphenyl)-7(E)-pentaenoyl]-pyrrolidine', 'Chaetoglobosin B', ""2-(2'-O-benzoyl)-C-β-D-glucopyranosyl-1,3,6,7-tetrahydroxyxanthone"", 'Isoplumericin', 'α-L-xylopyranosyl-(4""→20)-(3-O-β-D-glucopyranosyl)-1\'-O-E-caffeoyl-β-D-glucopyranoside', 'epoxy-fraxinellone', '12′-hydroxy-7′-multijuguinone', 'Kaempferitrin', 'Nitensidine C', 'Dipropyl disulphide', ""(2'S)-2-(propan-2'-ol)-5-hydroxy-benzopyran-4-one"", 'Rel-(+)-(7S,9R,10S)-3,9,12-trihydroxycalamenene', 'Casearin S', '11β-acetoxyobacunone', '1-(5,7-dihydroxy-2,2-dimethylchroman- 6-yl)-3-[4-hydroxy-3-(3-methylbut-2-en-1-yl)- phenyl]propan-1-one', '(3R,4R)-4,7-Dihydroxymellein', ""Nitensoside B; Pedalitin 6-O-α-rhamnopyranosyl(1'''→6'')-β-glucopyranoside"", 'Amentoflavone', '6-[8(Z)-pentadecenyl]salicylic acid', '(2S)-2-methyl-8-(3""-methylbut-2""-enyl)-2-(4\'-methylpent-3\'-enyl)-2H-chromene-6-carboxylic acid', 'Burchellin', '5-[8(Z)-pentadecenyl]resorcinol', 'Luteolin; 2-(3,4-dihydroxyphenyl)-5,7-dihydroxy-4H-chromen-4-one', 'Sinapic acid', '19,20-Epoxycytochalasin Q', '19,20-Epoxycytochalasin R', 'Leiokinine A', 'Cabraleadiol', 'schaftoside', ""(2S)-Methyl-8-isopentyl-2-methyl-2-(4'-methylpentyl)chroman-6-carboxylate"", '3,4,5-Triacetoxybenzoic acid', 'Methyl gallate', '3-O-β-D-quinovopyranosyl cincholic acid', 'Afzelin, 3-O-α-rhamnosyl kaempferol', 'Egonol', '4-Nerolidilcatechol', '2-Methyl-5-methoxy-benzopyran-4-one', '3,4-dihydroxybenzoic acid geranyl ester', 'N-[10-(13,14-methylenedioxyphenyl)-7(E),9(Z)-pentadienoyl]-pyrrolidine', 'Casearupestrin A', '2-oxo-piperol B; (7S*, 8R*, 1R*, 3R*)-3,4,5-trimethoxy-3,7-cyclo-8,1-neolig-8-ene-2,4(3H)-dione', 'taxifolin', 'Syringic acid', '(+)-3-O-feruloylcassine', '1-(5,7-dihydroxy-2,2-dimethylchroman-6-yl)-3-(1,1,4a-trimethyl-2,3,4,4a,9a-hexahydro-1H-xanthen-7-yl)propan-1-one', 'Methyl (E)-6,7,8-trimethoxycinnamate', '3,4,5-Trimethoxyphenyl-1-O-β-D-(5-O-syringoyl)-apiofuranosyl-(1→6)-β-D-glucopyranoside', '6-[8(Z),11(Z),14-pentadecatrienyl]salicylic acid', 'Sorbifolin', ""Nitensoside A; Sorbifolin 6-O-α-rhamnopyranosyl(1'''→6'')-β-glucopyranoside"", 'Casearin O; (1R*,3S*,5S*,6aR*,7R*,8R*,9S*,10S*,10aR*)-1,10-Bis(acetyloxy)-5-methoxy-7,8-dimethyl-7-[(2Z)-3-methylpenta-2,4-dien-1-yl]-3,5,6,6a,7,8,9,10-octahydronaphtho[1,8a-c]furan-3,9-diyl Dibutanoate', 'germacrene D', '6-pentadecylsalicylic acid', 'Gedunin', 'Pedalin, pedalitin 6-O-β -glucopyranoside', 'Caseargrewiin F; (1R*,3S*,5S*,6aR*,7S*,8R*,10R*,10aR*)-1,3-Bis(acetyloxy)-3,5,6,6a,7,8,9,10-octahydro-10-hydroxy-7,8-dimethyl-7-[(2Z)-3-methylpenta-2,4-dien-1-yl]naphtho[1,8a-c]furan-5-yl Butanoate', 'Casearin L; (1R*,3S*,5S*,6aR*,7R*,8R*,9S*,10S*,10aR*)-1,10-Bis(acetyloxy)-3,5,6,6a,7,8,9,10-octahydro-9-hydroxy-5-methoxy-7,8-dimethyl-7-[(2Z)-3-methylpenta-2,4-dien-1-yl]naphtho[1,8a-c]-furan-3-yl Butanoate', 'Platydesmine', 'Cyclo-(L-Pro-L-Val)', 'Methyl-2,2-dimethylchroman-6-carboxylate', ""Myrsinoic acid A, 3-Geranyl-4-hydroxy-5-(3'',3''-dimethylallyl)benzoic acid"", '20α-Hydroxymaytenin; 20-hydroxy-20-epi-tingenone', '(-)-Epigallocatechin-3-O-gallate', 'Casearin D; (1R*,3S*,5S*,6aR*,7R*,8R*,9S*,10S*,10aR*)-1-(Acetyloxy)-3,5,6,6a,7,8,9,10-octahydro-5,10-dihydroxy-7,8-dimethyl-7-[(2Z)-3-methylpenta-2,4-dien-1-yl]naphtho[1,8a-c]furan-3,9-diyl Dibutanoate', 'Rel. (+)-(7S,10S) 3,12-dihydroxycalamenene', 'carlinoside', 'Methyl-8-(ethanoyloxy)-2,2-dimethyl-2H-chromene-6-carboxylate', 'arjunolic acid', 'stachysterone', 'Ethyl 2,4-dihydroxy-5,6-dimethylbenzoate', 'Amentoflavone 7”,4”’-dimethyl ether', 'Picramnioside F', 'Lauryl gallate', ""2-(2'-O-transcoumaroyl)-C-β-D-glucopyranosyl-1,3,6,7-tetrahydroxyxanthone"", ""2-(2'-O-trans-caffeoyl)-C-β-D-glucopyranosyl-1,3,6,7-tetrahydroxyxanthone"", 'Netzahualcoyene', 'Syringaldehyde', '22-hydroxytirucalla-7,24-diene-2,3-dione', 'Trans-3’-methylsulphonylallyl trans-cinnamate', '(3-(2-(4-hydroxyphenyl)-2-oxoethyl)-5,6-dihydropyridin- 2(1H)-one)', 'Mangiferin', 'Salacin', 'Viburgenin', ""Pterogynoside; Kaempferol-3-O-(3''-O-4'''-methylgallate-α-L-rhamnoside)"", 'Isobutyl gallate', '7′-multijuguinone', 'Griseofulvin', ""7-Hydroxy-4',6-dimethoxyisoflavone; Afrormosin; Afromosin"", '8-methoxymellein', '(±)-Syringaresinol', '2β-Hydroxyzuelanin-6β-cinnamate', 'Cognatine', 'Fagaramide', 'Chalepin', 'Chlorogenic acid', '(4R)-4,8-dihydroxy-α-tetralone', 'Kaempferol']]",doi_name
"['10.1590/S0103-50532006000300017', 'Photogedunin']","['10.1590/S0103-50532006000300017', [""3',4',5',3,5,7,8-heptamethoxyflavone"", ""3,5,6,7,3',4',5'-heptamethoxyflavonol"", 'γ-eudesmol', 'Hinesol', 'α-eudesmol', 'guaiol', 'Kaempferol-3-O-α-L-rhamnopyranosyl-(1-6)-α-L-rhamnopyranosyl-(1-4)-β-D-glucopyranoside', 'Quercetin-3-O-α-L-rhamnopyranosyl-(1→6)-β-D-galactopyranoside', 'Procyanidin B-3', '6-Hydroxy-rutin', 'Kaempferol-3-O-D-glucopyranoside', 'Kaempferol-3-O-D-galactopyranoside', 'Catechin, Ent-catechin', 'Kaempferol-3-O-rutinoside', 'Kaempferol-3-O-α-L-rhamnopyranosyl-(1→6)-β-D-galactopyranoside', '11-O-trans-feruloylteucrein', 'Teucrein', 'Galioside aglicone', 'Apodanthoside', 'Galioside', 'Pimara-7,15-dien-3β-ol', '(22E,24R)-ergosta-4,6,8(14),22-tetraen-3-one', 'Ergosterol peroxide', '8-hydroxy-6-methoxy-3-methylisocoumarin', 'Dimethyl terephthalate', '(+)-α-Hydroxyerysotrine', '(+)-11α-Hydroxyerythravine', '(+)-Erythravine', 'Tagitinin C', '1-methoxy-3-hydroxy-3,10b-4,5a-diepoxy-8b-isobutyroyloxygermacr-11(13)-en-6a,12-olide', 'Methyl (3R,4R,5R)-3-{[(2Z)-3-(3,4-dihydroxyphenyl)-2-propenoyl]oxy}-1,4,5-trihydroxycyclohexanecarboxylate', 'Methyl (3R,4R,5R)-3-{[(2E)-3-(3,4-dihydroxyphenyl)-2-propenoyl]oxy}-1,4,5-trihydroxycyclohexanecarboxylate', ""3,4-dimethyl-2-(4'-hydroxy-3',5'-dimethoxyphenyl)-5-methoxy-tetrahydrofuran"", 'Anhydrofusarubin', 'Beauvericin', '5,7-dimethoxy-2,2-dimethyl-2H-1-benzopyran-6-propanoic acid', '17-(3,4-Methylenedioxyphenyl)-heptadecanoic acid', ""7,4'-Dihydroxyflavone"", ""7,4'-Dimethoxyflavone"", '21´-(3,4-Methylenedioxyphenyl)-henicosanoic acid', '(+)-Guaiacin', '19´-(3,4-Methylenedioxyphenyl)-nonadecanoic acid', 'Farnisine', 'Sargachromenol', 'Sargaquinoic acid', ""Juruenolic acid; 2-(4'-Methylpentenyl-3)-10-oxoundecan-2,6-dienoic acid"", 'Fasciculiferin', 'Tithonine', 'Chlorogenic acid methyl ester, Methyl (1S,3R,4R,5R)-3-{[(2E)-3-(3,4-dihydroxyphenyl)-2-propenoyl]oxy}-1,4,5-trihydroxycyclohexanecarboxylate', ""4-Hydroxy-3-(3',7'-dimethyl-3'-hydroxy-1'-oxo-6'-octenyl)benzoic acid"", ""1,4-Dihydroxy-2-(3',7'-dimethyl-1'-oxo-2'-E-6'-octadienyl)benzene"", ""4-Hydroxy-(3',7'-dimethyl-1'-oxo-octa-2'-E-6'-dienyl)benzoic acid"", ""Isosakuranetin; 5,7-dihydroxy-4'-methoxyflavanone"", ""Sakuranetin; 5,4'-dihydroxy-7-methoxyflavanone"", 'Nitensidine D', 'Nitensidine E', '2α,3α,19α- trihydroxyurs-12-en-28-oic acid', '3,3-O-dimethylquercetin', 'penduletin 4-O-methyl ether', '2α,3α-dihydroxyolean-12- en-28-oic acid', '3,7,4-O-trimethylkaempferol', 'Chrysoeriol', '3-O-methylquercetin', 'p-hydroxybenzoic acid', 'acacetin', '4-metoxi-6-[2-(metilamino)fenil]- 2H-piran-2-ona', 'Taraxerol acetate', ""3',4'-methylenedioxy-5,5',6,7-tetramethoxyflavone"", ""2'-hydroxy-3,4,4'-trimethoxy-5',6'-(2'',2''-dimethylpyrano)-chalcone"", ""3',4'-methylenedioxy-5,6,7- trimethoxyflavone"", ""3',4'-methylenedioxy-5,7-dimethoxyflavone"", 'Mycoleptone A', '9-hydroxyeugenin', 'Austdiol', 'Mycoleptone B', 'Mycoleptone A tetraacetate', '6-methoxyeugenin', 'Austdiol diacetate', 'Eugenitin', 'Aphidicolin', '3,4-dehydrostrictosidine acid', 'Turbinatine', '5α-carboxystrictosidine', '3,4-dehydro-strictosidine', 'Cordifoline', 'Harman-3-carboxylic acid', 'Strictosidine acid', 'Deoxycordifoline', 'Nilocetin', 'Hispidol A', '3,11-dioxoolean-12-en-28- onic acid', 'Iso-odoratol', 'Piscidinol A', 'Pentaol', 'cryptomeridiol', 'Oleanonic acid', 'astilbin; Rel-(2R, 3R)-dihydroquercetin-3-O-±-L-rhamnoside', ""Isoswertisin-4'-methyl-ether-2''α-L-rhamnoside"", 'Clusifoliol', '2-Episesalatin', ""Isoswertisin-2''α1-L-rhamnoside"", 'Sesartemin', '3,21-Di-epi-feroniellide B', '21α,25-dimethylmelianodiol', '21β,25-dimethylmelianodiol', 'Citrusinine-II', '3,4-dihydro-3,5,8-trihydroxy-6-methoxy-2,2,7-trimethyl-2Hpyrano[ 2,3-a]acridin-12(7H)-one', 'Glycocitrine-IV', 'Citrusinine-I', '1,3,5-trihydroxy- 2,8-bis(3-methylbut-2-enyl)-10-methyl-9-acridone', 'Glycocitrine-I', 'Pyranofoline', '5-hydroxynoracronycine; Atalaphyllidine', '1,3,5-trihydroxy-4-methoxy-10-methyl- 2,8-bis(3-methylbut-2-enyl)acridin-9(10H)-one', ""4-Hydroxy-(3',7'-dimethyl-1'-oxo-octa-2'-Z-6'-dienyl)benzoic acid"", ""Methyl 4-hydroxy-3-(3'-methyl-2'-hydroxy-3'-butenyl)benzoate"", ""Aduncumene; Methyl 2-methoxy-5-(3'-methyl-1'-oxo-2'-butenyl)benzoate"", '3,4,5-Trimethoxydihydrocinnamic acid', 'Methyl 2,2-dimethyl-1-oxo-2H-1-benzopyran-6-carboxylate', ""Methyl taboganate; Methyl 4-hydroxy-3-(3'-methyl-1'-oxo-2'-butenyl)benzoate"", ""Hostmaniene; 4-Hydroxy-3-(2',3'-dihydroxy-3'-methylbutyl)benzoate"", ""4-Hydroxy-3-(3',7'-dimethylocta-2'-E-6'-dienyl)benzoic acid"", ""Methyl 4-hydroxy-3-(3'-methyl-2'-butenyl)benzoate"", 'Piperaduncine B', ""2',6'-Dihydroxy-4'-methoxydihydrochalcone"", '2-n-Pentylquinoline', '2-n-Propylquinoline', ""2-(1'-pentenyl)-Quinoline"", ""2-(3',4'-methylenedioxyphenylethyl)-Quinoline"", '5,7-dimethoxy-2,2-dimethyl-2H-1-benzopyran-6-propanoate', '(-)-3-O-acetyl-spectaline', 'Methacrylic acid', '7-Methoxydiderroside', ""6'-Acetyl-β-D-glucopyranosyldiderroside"", 'Diderroside', 'Secoxyloganin', 'Xanthyletin', 'Citibrasine', '2,3-dihydro-4,9-dihydroxy-2-(2-hydroxy-propan-2-yl)- 11-methoxy-10-methylfuro[3,2-b]acridin-5(10H)-one', 'bis-5-hydroxyacronycine', 'Stearic acid 4-pentoyloxyphenethyl ester', 'Ferulic acid', 'β-Gardiol', 'α-Gardiol', ""Rel-(7R,8S,7'S,8'S)-4-hydroxy-4',5'-methylenedioxy-3,5,3'-trimethoxy-7,7'-epoxylignan"", ""Rel-(7R,8S,7'S,8'S)-4'-hydroxy-3,4,5,3',5'-pentamethoxy-7,7'-epoxylignan"", ""Rel-(7R,8S,7'S,8'S)-4,5,4',5'-dimethylenedioxy-3,3'-dimethoxy-7,7'-epoxylignan"", ""Rel-(7R,8S,7'S,8'S)-9-hydroxy-4',5'-methylenedioxy-3,4,5,3'-tetramethoxy-7,7'-epoxylignan"", ""Rel-(7R,8S,7'S,8'S)-4',5'-methylenedioxy-3,4,5,3'-tetramethoxy-7,7'-epoxylignan"", 'Epi-guaiacin', 'Verrucosin', '7-Methyl-sargachromenol; 2,7,8-Trimethyl-2-[(3-E,7-Z)-4,12-dimethyl-8-carboxyl-3,7,11-tridecatrienyl]-3-chromen-6-ol, β-caroteno', 'Nectandrin B', 'cyclo (L)-Pro-Gly', ""4-Methoxy-3-(3',7'-dimethylocta-2'-E-6'-dienyl)benzoic acid"", ""3-(3',7 '-dimethyl-2',6 '-octadienyl)-4-methoxy-benzoic acid"", 'Methyl-8-hydroxy-2,2-dimethyl-2H-chromene-6-carboxylate', '10,11-dihydropiperine; Δα,β-dihydropiperine', '4,5-dihydropiperlonguminine; Piperlonguminine', 'Piperine', '(E)-piplartine', '4,5-dihydropiperyline', '8,9-dihydropiplartine; N-(12,13,14-trimethoxydihydrocinnamoyl)-Δ3-pyridin-2-one', ""N-[3-(6'-methoxy-3',4'-methy-lenedioxyphenyl)-2(Z)-propenoyl]pyrrolidine"", '(Z)-piplartine; 8(Z)-N-(12,13, 14-trimethoxycinnamoyl)- 3-pyridin-2-one', 'Pellitorine', '(3Z,5Z)-N-isobutyl-8-(30,40-methylenedioxy-phenyl)-heptadienamide', 'Isopimpinellin', 'β-caryophyllene, trans-caryophyllene', 'Cusculine; 1,2,3,5,6-pentamethoxy-9-acridone', 'Cuspanine; 1-hydroxy-2,3,5,6-tetramethoxy-9-acridone', '2α,3α-Dihydroxy-urs-12-en-28-oic acid', '5-hydroxyflavone', '2-phenyl-4H-chromen-4-one', 'β-Sitosterol benzoate', 'Haplotusine', 'Oleanolic acid 3-sophoroside', '3-O-β-D-(6’-methyl)-glucopyranosyl-28-O-β-D-glucopyranosyl-oleanate', 'Sinapyl 4-O-β-D-glucopyranoside aldehyde', 'Liriodenine', 'N-acetylnonaine', 'Sinapyl 4-O-β-D-glucopyranoside alcohol', 'Mayoside C', 'ellagic acid 4-O-α-L-rhamnopyranoside; eschweilenol C', '19,20-Epoxycytochalasin N', '5-hydroxy-N-methylseverifoline', 'Leptomerine', 'Odoratol', ""8-hydroxy-3,5,7,3',4',5'-hexamethoxyflavonol"", '2-hydroxyphenylacetic acid', '6β-hydroxy-7-epigardoside methyl ester', 'Isopropyl gallate', ""3',4',5',5,7,8-hexamethoxyflavone"", 'n-Propyl gallate', '(−)-Grandisin', 'Acetonide of odoratol', 'Cyclo-(L-Pro-L-Val)', '(±)-Syringaresinol', '(4R)-4,8-dihydroxy-α-tetralone', 'Chlorogenic acid', 'Chalepin', 'Fagaramide', 'Cognatine', '2β-Hydroxyzuelanin-6β-cinnamate', 'Ixoside', ""3',4',5',5,7-pentamethoxyflavone"", 'Ourateacatechin', '7-hydroxy-3- (11-dimethylallyl)-8-methoxycoumarin', '3,12-Dihydroxycadalene', ""5-[3''-(β-D-glucopyranosyloxy)propyl]-7-methoxy-2-(3',4'-dimethoxyphenyl)benzofuran"", 'n-Butyl gallate', 'β-photogedunin', '3,4,5-trimethoxyphenyl 1-O-β-D-apiofuranosyl-(1→6)-O-β-D-glucopyranoside', 'Pristimerin; 20α-3-hydroxy-2-oxo-24-nor-friedela-1-10,3,5,7-tetraen-carboxylic acid-29-methylester', '5-[8(Z),11(Z),14-pentadecatrienyl]resorcinol', 'Quercitrin, 3-O-α-rhamnosylquercetin', '1-O-(E)-caffeoyl-β-D-glucopyranoside', '2,4,6-trimethoxybenzoic acid', 'Piperovatine', 'Tetrahydropiperyline, N-[10-(13,14-methylenedioxyphenyl)-pentanoyl]-pyrrolidine', 'Nitensidine B', '2,7-Di-O-acetylcasearupestrin A', ""Methyl-2,2-dimethyl-8-(3'-methylbut-2'-enyl)chroman-6-carboxylate"", '2,6-di-O-acetylcasearupestrin D', 'Rel-2α-hydroxyzuelanin-6β-benzoate', 'Sorbifolin 6-O-β-glucopyranoside', 'des-N-methylnoracronycine', 'Ocotillone', '3-O-β-D-quinovopyranosyl quinovic acid', 'Kaempferol', '12′-hydroxy-7′-multijuguinone', 'epoxy-fraxinellone', 'Kokusaginine', ""2-(2'-O-trans-cinnamoyl)-C-β-D-glucopyranosyl-1,3,6,7-tetrahydroxyxanthone"", 'Quercetin', 'Di-hydrodehydrodiconiferyl alcohol', 'Canavaline', '5-pentadecylresorcinol', 'Leptophyllin A', 'Ricinine', 'citrusinine-I', '6α-malonyloxy-n-butyl ester manoyl oxide', 'Casearupestrin C', 'Podocarpusflavone A', 'Maculosidine', 'Gallic acid; 3,4,5-trihydroxybenzoic acid', 'Dibenzyl tetrasulphide', '3β-O-[α-L-rhamnopyranosyl-(1→2)-O-β-D-glucopyranosyl-(1→2)-O-β-D-glucopyranosyl]-28-O-β-D-glucopyranoside pomolate', '3-Oxoursolic acid', 'Arboreumine', '1-methyl-2-n-nonyl-4-quinolone', 'Kaempferol 3-O-α-L-rhamnopyranosyl (1→6)-O-[β -D-glucopyranosyl (1→3)-O-α-L-rhamnopyranosyl-(1→2)]-O-β -D-glucopyranosyl', 'fumiquinozoline F', '19,20-Epoxycytochalasin D', '6-[ 8(Z),11(Z) -pentadecadienyl] salicylic acid', 'fraxinellone', '2-Hexyl-3-methyl-butanodioic acid', 'Methyl 6,7,8-trimethoxydihydrocinnamate', '2-methyl-5-[8(Z),11(Z)-pentadecadienyl]resorcinol', 'Dipropyl disulphide', 'Nitensidine C', 'Kaempferitrin', '2-methyl-5-[8(Z),11(Z),14-pentadecatrienyl]resorcinol', '1,6-di-O-caffeoyl-β-D-glucopyranoside', 'Benzylhydroxymethyl sulphide', '6α-malonyloxymanoyl oxide', 'Casearin X; (1R*,3S*,5S*,6aR*,7S*,8S*,10R*,10aR*)-1-(Acetyloxy)-3,5,6,6a,7,8,9,10-octahydro-10-hydroxy-7,8-dimethyl-7-[(2Z)-3-methylpenta-2,4-dien-1-yl]naphtho[1,8a-c]furan-3,5-diyl Dibutanoate', 'Photogedunin', '1,2-dihydro- 3β-hydroxy-7-deacetoxy-7-oxogedunin', '1-[3-(3,7-dimethylocta-2,6-dien-1-yl)-2,4,6- trihydroxyphenyl]-3-(4-hydroxyphenyl)propan-1-one', 'Netzahualcoyonol', '(-)-Epigallocatechin', 'p-Coumaric acid', 'urauchimycin A', 'Isoorientin', 'Cytochalasin D', '2-n-nonyl-4-quinolone', ""2',5-dihydroxy-3-methoxy-8-dimethylallyl-6, 7-(2' ',2''-dimethylpyrano)-dihydroflavonol"", 'Periconicin B', 'Orcinol', 'n-Pentyl gallate', '19,20-Epoxycytochalasin C', '1-O-(E)-feruloyl-β-D-glucopyranoside', 'Uracil', 'toonacilin', 'Casearupestrin B', '2-Methyl-4-hydroxy-butyl caffeoate', '28-O-β-D-glucopyranosyl quinovic acid', ""5-[3''-(β-D-glucopyranosyloxy)propyl]-7-methoxy-2-(3',4'-methylenedioxyphenyl)benzofuran"", 'Heveaflavone', 'Quercetin 3-O-α-L-rhamnopyranosyl (1→6)-O-[β -D-glucopyranosyl (1→3)-O-α-L-rhamnopyranosyl-(1→2)]-O-β -D-glucopyranosyl', 'Alkenoic acid', '3-Acetyl aleuritolic acid', '20-hydroxyecdysone; polypodine A', 'polypodine B', 'Casearin X Dialdehyde; (2R*,4aS*,5S*,7R*,8R*,8aS*)-4,4a-Diformyl-1,2,4a,5,6,7,8,8a-octahydro-5-hydroxy-7,8-dimethyl-8-[(2Z)-3-methylpenta-2,4-dien-1-yl]naphthalen-2-yl Butanoate', 'Netzahualcoyene', ""2-(2'-O-trans-caffeoyl)-C-β-D-glucopyranosyl-1,3,6,7-tetrahydroxyxanthone"", 'urauchimycin B', 'Maytenin, Tingenone', 'Dibenzyl trisulphide', 'N-1,N-2,N-3-Triisopentenylguanidine', '1- (5,7-dihydroxy-2,2-dimethylchroman-6-yl)-3-(2,2-dimethylchroman- 6-yl)propan-1-one', '22β-hydroxypristimerin', ""5-(3'' -Hydroxypropyl)-7-methoxy-2-(3',4' -methyl-enedioxyphenyl)benzofuran"", 'Methyl angolensate', 'Caseobliquin A', '2,2-dimethyl-2H-chromene-6-carboxylic acid', ""(2S)-8-Isopentyl-2-methyl-2-(4'-methylpentyl)chroman-6-carboxylic acid"", 'Phomopsilactone', '(3R,4R)-4,7-Dihydroxymellein', '1-(5,7-dihydroxy-2,2-dimethylchroman- 6-yl)-3-[4-hydroxy-3-(3-methylbut-2-en-1-yl)- phenyl]propan-1-one', '(-)-Hardwickiic acid', 'Piperol B', 'Netzahualcoyondiol', '(-)-Spectalinine', '5-[8(Z),11(Z)-pentadecadienyl]resorcinol', 'Plumericin', '(-) Cis-4-hydroxy-6-deoxyscytalone', 'Dibenzyl sulphide', 'fraxinellonone', '5-hydroxymellein', '4-Hydroxymellein', '2-oxo-piperol B; (7S*, 8R*, 1R*, 3R*)-3,4,5-trimethoxy-3,7-cyclo-8,1-neolig-8-ene-2,4(3H)-dione', 'Casearupestrin A', 'Pedalitin', ""2-(2'-O-benzoyl)-C-β-D-glucopyranosyl-1,3,6,7-tetrahydroxyxanthone"", 'Chaetoglobosin B', 'Casearupestrin D', 'limonexic acid', ""Gaudichaudianic acid; (2S)-2-methyl-2-(4'methyl-3'-pentenyl)-8-(3''-methyl-2-butenyl)- 2H-1-benzopyran-6-carboxylic acid"", '2-butyl-D-fructofuranoside', 'ω-fenil alcanoic acid', 'Piperyline, N-[10-(13,14-methylenedioxyphenyl)-7(E),9(E)-pentadienoyl]-pyrrolidine', 'Casearin T', '(2S)-Methyl-2-methyl-8-(3""-methylbut-2""-enyl)-2-(4\'-methylpent-3\'-enyl)-2H-chromene-6-carboxylate', ""2-(R)-Methyl-6-(S)-(tetradecyl-13'-one)-3(R)-O-tert-butyldimethylsilyl-piperidine"", 'Quercetin 3-O-sophoroside', '3,11,12-Trihydroxycadalene', 'Di(benzyltrithio) methane', 'Amentoflavone', ""Nitensoside B; Pedalitin 6-O-α-rhamnopyranosyl(1'''→6'')-β-glucopyranoside"", '19,20-Epoxycytochalasin R', '19,20-Epoxycytochalasin Q', 'Sinapic acid', '[8]-gingerol', '11β-acetoxyobacunone', 'Casearin S', 'Rel-(+)-(7S,9R,10S)-3,9,12-trihydroxycalamenene', ""(2'S)-2-(propan-2'-ol)-5-hydroxy-benzopyran-4-one"", 'taxifolin', 'Luteolin; 2-(3,4-dihydroxyphenyl)-5,7-dihydroxy-4H-chromen-4-one', '5-[8(Z)-pentadecenyl]resorcinol', 'Burchellin', '(2S)-2-methyl-8-(3""-methylbut-2""-enyl)-2-(4\'-methylpent-3\'-enyl)-2H-chromene-6-carboxylic acid', '6-[8(Z)-pentadecenyl]salicylic acid', 'α-L-xylopyranosyl-(4""→20)-(3-O-β-D-glucopyranosyl)-1\'-O-E-caffeoyl-β-D-glucopyranoside', 'Isoplumericin', 'Dibenzyl disulphide', 'p-hydroxybenzoic acid-geranyl ester', 'Skimmianine', ""(2S)-Methyl-8-isopentyl-2-methyl-2-(4'-methylpentyl)chroman-6-carboxylate"", 'schaftoside', 'amorphispironone', '24-methylene-3,22-dihydroxycholesterol', '(3R,4R)-3,4-Dihydro-4,6-dihydroxy-3-methyl-1-oxo-1H-isochromene-5-carboxylic acid', '2-Methyl-5-methoxy-benzopyran-4-one', 'N-[10- (13,14-methylenedioxyphenyl)-7(E)-pentaenoyl]-pyrrolidine', 'atalaphyllinine', '5-hydroxymethyl- 2-furancarboxaldehyde; 5-hydroxymethyl-2-furfuraldehyde', 'shidasterone', 'Rel-6β-hydroxyzuelanin-2β-benzoate', 'Odoratone', 'Muraxanthone', 'Gedunin', 'N-[10-(13,14-methylenedioxyphenyl)-7(E),9(Z)-pentadienoyl]-pyrrolidine', '3,4-dihydroxybenzoic acid geranyl ester', 'Afzelin, 3-O-α-rhamnosyl kaempferol', '3-O-β-D-quinovopyranosyl cincholic acid', 'Methyl gallate', 'germacrene D', 'Casearin O; (1R*,3S*,5S*,6aR*,7R*,8R*,9S*,10S*,10aR*)-1,10-Bis(acetyloxy)-5-methoxy-7,8-dimethyl-7-[(2Z)-3-methylpenta-2,4-dien-1-yl]-3,5,6,6a,7,8,9,10-octahydronaphtho[1,8a-c]furan-3,9-diyl Dibutanoate', ""Nitensoside A; Sorbifolin 6-O-α-rhamnopyranosyl(1'''→6'')-β-glucopyranoside"", 'Homoegonol', '6α-acetoxy-14β,15β-epoxyazadirone', 'Methyl-8-hydroxy-2,2-dimethylchroman-6-carboxylate', '6α-acetoxymanoyl oxide', '(R)-7-Hydroxymellein', 'neoisoastilbin', 'Proanthocyanidin', '3,4,5-Triacetoxybenzoic acid', 'Casearin D; (1R*,3S*,5S*,6aR*,7R*,8R*,9S*,10S*,10aR*)-1-(Acetyloxy)-3,5,6,6a,7,8,9,10-octahydro-5,10-dihydroxy-7,8-dimethyl-7-[(2Z)-3-methylpenta-2,4-dien-1-yl]naphtho[1,8a-c]furan-3,9-diyl Dibutanoate', '(-)-Epigallocatechin-3-O-gallate', '20α-Hydroxymaytenin; 20-hydroxy-20-epi-tingenone', ""Myrsinoic acid A, 3-Geranyl-4-hydroxy-5-(3'',3''-dimethylallyl)benzoic acid"", 'Methyl-2,2-dimethylchroman-6-carboxylate', '6-pentadecylsalicylic acid', '(+)-3-O-feruloylcassine', 'Syringic acid', ""2-(2'-O-transcoumaroyl)-C-β-D-glucopyranosyl-1,3,6,7-tetrahydroxyxanthone"", 'Cabraleadiol', 'Leiokinine A', 'Platydesmine', 'Casearin L; (1R*,3S*,5S*,6aR*,7R*,8R*,9S*,10S*,10aR*)-1,10-Bis(acetyloxy)-3,5,6,6a,7,8,9,10-octahydro-9-hydroxy-5-methoxy-7,8-dimethyl-7-[(2Z)-3-methylpenta-2,4-dien-1-yl]naphtho[1,8a-c]-furan-3-yl Butanoate', 'Caseargrewiin F; (1R*,3S*,5S*,6aR*,7S*,8R*,10R*,10aR*)-1,3-Bis(acetyloxy)-3,5,6,6a,7,8,9,10-octahydro-10-hydroxy-7,8-dimethyl-7-[(2Z)-3-methylpenta-2,4-dien-1-yl]naphtho[1,8a-c]furan-5-yl Butanoate', 'Pedalin, pedalitin 6-O-β -glucopyranoside', 'Syringaldehyde', 'Lauryl gallate', 'Picramnioside F', 'Amentoflavone 7”,4”’-dimethyl ether', 'Ethyl 2,4-dihydroxy-5,6-dimethylbenzoate', 'stachysterone', 'arjunolic acid', 'Methyl-8-(ethanoyloxy)-2,2-dimethyl-2H-chromene-6-carboxylate', 'carlinoside', 'Rel. (+)-(7S,10S) 3,12-dihydroxycalamenene', '24-methylenecycloartan-3b-ol', 'Sorbifolin', '6-[8(Z),11(Z),14-pentadecatrienyl]salicylic acid', '3,4,5-Trimethoxyphenyl-1-O-β-D-(5-O-syringoyl)-apiofuranosyl-(1→6)-β-D-glucopyranoside', 'Methyl (E)-6,7,8-trimethoxycinnamate', '1-(5,7-dihydroxy-2,2-dimethylchroman-6-yl)-3-(1,1,4a-trimethyl-2,3,4,4a,9a-hexahydro-1H-xanthen-7-yl)propan-1-one', '8-methoxymellein', ""7-Hydroxy-4',6-dimethoxyisoflavone; Afrormosin; Afromosin"", 'Griseofulvin', '7′-multijuguinone', 'Isobutyl gallate', ""Pterogynoside; Kaempferol-3-O-(3''-O-4'''-methylgallate-α-L-rhamnoside)"", 'Viburgenin', 'Salacin', 'Mangiferin', ""Acteoside; [β-3,4-dihydroxyphenyl)-ethyl]-(3'-O-α-L-rhamnopyranosyl)-(4'-O-cafeoyl)-β-D-glycopyranoside, verbascoside"", ""N-[7-(3',4'-methylenedioxyphenyl)-2(Z),4(Z)-heptadienoyl]pyrrolidine"", '4-Nerolidilcatechol', 'Egonol', '(3-(2-(4-hydroxyphenyl)-2-oxoethyl)-5,6-dihydropyridin- 2(1H)-one)', 'Trans-3’-methylsulphonylallyl trans-cinnamate', '22-hydroxytirucalla-7,24-diene-2,3-dione', 'scillascillin', '3β-hydroxy-stigmast-5-en-7-one; 24-β-7-oxositosterol', '2-methyl-5-pentadecylresorcinol', 'Nitensidine A', '2-methyl-5-[8(Z)-pentadecenyl]resorcinol', ""2,4-Dihydroxy-6-[(1'E,3'E)-penta-1', 3'-dienyl]-benzaldehyde"", '[10]-gingerol']]",doi_name
"['10.5935/0100-4042.20140049', '2-butyl-D-fructofuranoside']","['10.5935/0100-4042.20140049', ['2α,3α-Dihydroxy-urs-12-en-28-oic acid', 'Haplotusine', '5-hydroxyflavone', 'β-Sitosterol benzoate', '2-phenyl-4H-chromen-4-one', 'Oleanolic acid 3-sophoroside', '3-O-β-D-(6’-methyl)-glucopyranosyl-28-O-β-D-glucopyranosyl-oleanate', 'Sinapyl 4-O-β-D-glucopyranoside aldehyde', 'N-acetylnonaine', 'Sinapyl 4-O-β-D-glucopyranoside alcohol', 'Liriodenine', 'γ-eudesmol', 'guaiol', 'Hinesol', 'α-eudesmol', ""3',4',5',3,5,7,8-heptamethoxyflavone"", ""3,5,6,7,3',4',5'-heptamethoxyflavonol"", 'Galioside aglicone', '11-O-trans-feruloylteucrein', 'Teucrein', 'Apodanthoside', 'Galioside', 'Anhydrofusarubin', 'Beauvericin', 'Kaempferol-3-O-D-galactopyranoside', 'Kaempferol-3-O-D-glucopyranoside', 'Kaempferol-3-O-α-L-rhamnopyranosyl-(1-6)-α-L-rhamnopyranosyl-(1-4)-β-D-glucopyranoside', 'Quercetin-3-O-α-L-rhamnopyranosyl-(1→6)-β-D-galactopyranoside', '6-Hydroxy-rutin', 'Kaempferol-3-O-α-L-rhamnopyranosyl-(1→6)-β-D-galactopyranoside', 'Kaempferol-3-O-rutinoside', 'Procyanidin B-3', 'Catechin, Ent-catechin', '5,7-dimethoxy-2,2-dimethyl-2H-1-benzopyran-6-propanoic acid', 'Pimara-7,15-dien-3β-ol', 'Dimethyl terephthalate', '8-hydroxy-6-methoxy-3-methylisocoumarin', 'Ergosterol peroxide', '(22E,24R)-ergosta-4,6,8(14),22-tetraen-3-one', 'Chlorogenic acid methyl ester, Methyl (1S,3R,4R,5R)-3-{[(2E)-3-(3,4-dihydroxyphenyl)-2-propenoyl]oxy}-1,4,5-trihydroxycyclohexanecarboxylate', 'Methyl (3R,4R,5R)-3-{[(2E)-3-(3,4-dihydroxyphenyl)-2-propenoyl]oxy}-1,4,5-trihydroxycyclohexanecarboxylate', 'Methyl (3R,4R,5R)-3-{[(2Z)-3-(3,4-dihydroxyphenyl)-2-propenoyl]oxy}-1,4,5-trihydroxycyclohexanecarboxylate', ""Isoswertisin-4'-methyl-ether-2''α-L-rhamnoside"", '2-Episesalatin', 'Clusifoliol', ""Isoswertisin-2''α1-L-rhamnoside"", 'Sesartemin', 'Methacrylic acid', ""4-Hydroxy-3-(3',7'-dimethyl-3'-hydroxy-1'-oxo-6'-octenyl)benzoic acid"", ""Isosakuranetin; 5,7-dihydroxy-4'-methoxyflavanone"", ""4-Hydroxy-(3',7'-dimethyl-1'-oxo-octa-2'-E-6'-dienyl)benzoic acid"", ""Sakuranetin; 5,4'-dihydroxy-7-methoxyflavanone"", ""1,4-Dihydroxy-2-(3',7'-dimethyl-1'-oxo-2'-E-6'-octadienyl)benzene"", '(+)-11α-Hydroxyerythravine', '(+)-Erythravine', '(+)-α-Hydroxyerysotrine', ""7,4'-Dihydroxyflavone"", ""7,4'-Dimethoxyflavone"", 'Farnisine', '(+)-Guaiacin', '21´-(3,4-Methylenedioxyphenyl)-henicosanoic acid', '19´-(3,4-Methylenedioxyphenyl)-nonadecanoic acid', 'Sargachromenol', 'Sargaquinoic acid', '17-(3,4-Methylenedioxyphenyl)-heptadecanoic acid', ""Juruenolic acid; 2-(4'-Methylpentenyl-3)-10-oxoundecan-2,6-dienoic acid"", 'Tithonine', 'Fasciculiferin', '5,7-dimethoxy-2,2-dimethyl-2H-1-benzopyran-6-propanoate', ""Methyl 4-hydroxy-3-(3'-methyl-2'-hydroxy-3'-butenyl)benzoate"", ""4-Hydroxy-(3',7'-dimethyl-1'-oxo-octa-2'-Z-6'-dienyl)benzoic acid"", ""Aduncumene; Methyl 2-methoxy-5-(3'-methyl-1'-oxo-2'-butenyl)benzoate"", 'Piperaduncine B', ""4-Hydroxy-3-(3',7'-dimethylocta-2'-E-6'-dienyl)benzoic acid"", ""Hostmaniene; 4-Hydroxy-3-(2',3'-dihydroxy-3'-methylbutyl)benzoate"", ""Methyl 4-hydroxy-3-(3'-methyl-2'-butenyl)benzoate"", 'Methyl 2,2-dimethyl-1-oxo-2H-1-benzopyran-6-carboxylate', '3,4,5-Trimethoxydihydrocinnamic acid', ""2',6'-Dihydroxy-4'-methoxydihydrochalcone"", ""Methyl taboganate; Methyl 4-hydroxy-3-(3'-methyl-1'-oxo-2'-butenyl)benzoate"", '4-metoxi-6-[2-(metilamino)fenil]- 2H-piran-2-ona', ""3,4-dimethyl-2-(4'-hydroxy-3',5'-dimethoxyphenyl)-5-methoxy-tetrahydrofuran"", 'Piscidinol A', 'Pentaol', 'Iso-odoratol', '3,11-dioxoolean-12-en-28- onic acid', 'cryptomeridiol', 'Oleanonic acid', 'Nilocetin', 'Hispidol A', '7-Methoxydiderroside', 'Secoxyloganin', 'Diderroside', ""6'-Acetyl-β-D-glucopyranosyldiderroside"", '(-)-3-O-acetyl-spectaline', 'Taraxerol acetate', 'astilbin; Rel-(2R, 3R)-dihydroquercetin-3-O-±-L-rhamnoside', 'Stearic acid 4-pentoyloxyphenethyl ester', 'Aphidicolin', 'penduletin 4-O-methyl ether', '2α,3α,19α- trihydroxyurs-12-en-28-oic acid', '3,3-O-dimethylquercetin', 'acacetin', 'Chrysoeriol', '3-O-methylquercetin', '2α,3α-dihydroxyolean-12- en-28-oic acid', 'p-hydroxybenzoic acid', '3,7,4-O-trimethylkaempferol', 'Isopimpinellin', 'Strictosidine acid', 'Deoxycordifoline', '3,4-dehydrostrictosidine acid', 'Cordifoline', 'Harman-3-carboxylic acid', '3,4-dehydro-strictosidine', '5α-carboxystrictosidine', 'Turbinatine', 'cyclo (L)-Pro-Gly', 'Nitensidine D', 'Nitensidine E', 'Citrusinine-II', '3,4-dihydro-3,5,8-trihydroxy-6-methoxy-2,2,7-trimethyl-2Hpyrano[ 2,3-a]acridin-12(7H)-one', 'Glycocitrine-IV', '1,3,5-trihydroxy- 2,8-bis(3-methylbut-2-enyl)-10-methyl-9-acridone', '5-hydroxynoracronycine; Atalaphyllidine', 'Glycocitrine-I', 'Citrusinine-I', 'Pyranofoline', '1,3,5-trihydroxy-4-methoxy-10-methyl- 2,8-bis(3-methylbut-2-enyl)acridin-9(10H)-one', '9-hydroxyeugenin', 'Mycoleptone A', 'Eugenitin', 'Mycoleptone B', 'Austdiol', 'Mycoleptone A tetraacetate', '6-methoxyeugenin', 'Austdiol diacetate', '2-n-Pentylquinoline', ""2-(3',4'-methylenedioxyphenylethyl)-Quinoline"", ""2-(1'-pentenyl)-Quinoline"", '2-n-Propylquinoline', 'Tagitinin C', '1-methoxy-3-hydroxy-3,10b-4,5a-diepoxy-8b-isobutyroyloxygermacr-11(13)-en-6a,12-olide', ""2'-hydroxy-3,4,4'-trimethoxy-5',6'-(2'',2''-dimethylpyrano)-chalcone"", ""3',4'-methylenedioxy-5,5',6,7-tetramethoxyflavone"", ""3',4'-methylenedioxy-5,6,7- trimethoxyflavone"", ""3',4'-methylenedioxy-5,7-dimethoxyflavone"", 'Xanthyletin', ""4-Methoxy-3-(3',7'-dimethylocta-2'-E-6'-dienyl)benzoic acid"", 'Methyl-8-hydroxy-2,2-dimethyl-2H-chromene-6-carboxylate', ""3-(3',7 '-dimethyl-2',6 '-octadienyl)-4-methoxy-benzoic acid"", ""Rel-(7R,8S,7'S,8'S)-4,5,4',5'-dimethylenedioxy-3,3'-dimethoxy-7,7'-epoxylignan"", ""Rel-(7R,8S,7'S,8'S)-4',5'-methylenedioxy-3,4,5,3'-tetramethoxy-7,7'-epoxylignan"", ""Rel-(7R,8S,7'S,8'S)-4'-hydroxy-3,4,5,3',5'-pentamethoxy-7,7'-epoxylignan"", ""Rel-(7R,8S,7'S,8'S)-4-hydroxy-4',5'-methylenedioxy-3,5,3'-trimethoxy-7,7'-epoxylignan"", ""Rel-(7R,8S,7'S,8'S)-9-hydroxy-4',5'-methylenedioxy-3,4,5,3'-tetramethoxy-7,7'-epoxylignan"", '(3Z,5Z)-N-isobutyl-8-(30,40-methylenedioxy-phenyl)-heptadienamide', 'Piperine', '4,5-dihydropiperlonguminine; Piperlonguminine', ""N-[3-(6'-methoxy-3',4'-methy-lenedioxyphenyl)-2(Z)-propenoyl]pyrrolidine"", '4,5-dihydropiperyline', '(Z)-piplartine; 8(Z)-N-(12,13, 14-trimethoxycinnamoyl)- 3-pyridin-2-one', '(E)-piplartine', '8,9-dihydropiplartine; N-(12,13,14-trimethoxydihydrocinnamoyl)-Δ3-pyridin-2-one', '10,11-dihydropiperine; Δα,β-dihydropiperine', 'Pellitorine', '3,21-Di-epi-feroniellide B', '21α,25-dimethylmelianodiol', '21β,25-dimethylmelianodiol', 'α-Gardiol', 'Ferulic acid', 'β-Gardiol', 'Nectandrin B', '7-Methyl-sargachromenol; 2,7,8-Trimethyl-2-[(3-E,7-Z)-4,12-dimethyl-8-carboxyl-3,7,11-tridecatrienyl]-3-chromen-6-ol, β-caroteno', 'Epi-guaiacin', 'Verrucosin', 'Citibrasine', 'bis-5-hydroxyacronycine', '2,3-dihydro-4,9-dihydroxy-2-(2-hydroxy-propan-2-yl)- 11-methoxy-10-methylfuro[3,2-b]acridin-5(10H)-one', 'β-caryophyllene, trans-caryophyllene', 'Cusculine; 1,2,3,5,6-pentamethoxy-9-acridone', 'Cuspanine; 1-hydroxy-2,3,5,6-tetramethoxy-9-acridone', '[10]-gingerol', ""2,4-Dihydroxy-6-[(1'E,3'E)-penta-1', 3'-dienyl]-benzaldehyde"", '2-methyl-5-[8(Z)-pentadecenyl]resorcinol', 'Nitensidine A', '2-methyl-5-pentadecylresorcinol', '3β-hydroxy-stigmast-5-en-7-one; 24-β-7-oxositosterol', 'scillascillin', '(4R)-4,8-dihydroxy-α-tetralone', 'Pristimerin; 20α-3-hydroxy-2-oxo-24-nor-friedela-1-10,3,5,7-tetraen-carboxylic acid-29-methylester', '3,4,5-trimethoxyphenyl 1-O-β-D-apiofuranosyl-(1→6)-O-β-D-glucopyranoside', 'β-photogedunin', 'n-Butyl gallate', ""5-[3''-(β-D-glucopyranosyloxy)propyl]-7-methoxy-2-(3',4'-dimethoxyphenyl)benzofuran"", '3,12-Dihydroxycadalene', '7-hydroxy-3- (11-dimethylallyl)-8-methoxycoumarin', '(3-(2-(4-hydroxyphenyl)-2-oxoethyl)-5,6-dihydropyridin- 2(1H)-one)', 'Ocotillone', 'des-N-methylnoracronycine', 'Sorbifolin 6-O-β-glucopyranoside', 'Rel-2α-hydroxyzuelanin-6β-benzoate', '2,6-di-O-acetylcasearupestrin D', '2-hydroxyphenylacetic acid', ""8-hydroxy-3,5,7,3',4',5'-hexamethoxyflavonol"", 'Odoratol', 'Leptomerine', '5-hydroxy-N-methylseverifoline', '19,20-Epoxycytochalasin N', 'ellagic acid 4-O-α-L-rhamnopyranoside; eschweilenol C', 'Mayoside C', 'Ourateacatechin', ""3',4',5',5,7-pentamethoxyflavone"", 'Ixoside', 'Maculosidine', 'Podocarpusflavone A', 'Casearupestrin C', '6α-malonyloxy-n-butyl ester manoyl oxide', 'citrusinine-I', 'Ricinine', 'Caseobliquin A', 'Methyl angolensate', ""5-(3'' -Hydroxypropyl)-7-methoxy-2-(3',4' -methyl-enedioxyphenyl)benzofuran"", '22β-hydroxypristimerin', '1- (5,7-dihydroxy-2,2-dimethylchroman-6-yl)-3-(2,2-dimethylchroman- 6-yl)propan-1-one', 'Canavaline', 'Di-hydrodehydrodiconiferyl alcohol', 'Quercetin', ""2-(2'-O-trans-cinnamoyl)-C-β-D-glucopyranosyl-1,3,6,7-tetrahydroxyxanthone"", 'Kokusaginine', 'Isoorientin', 'n-Propyl gallate', ""3',4',5',5,7,8-hexamethoxyflavone"", 'Isopropyl gallate', '6β-hydroxy-7-epigardoside methyl ester', 'Tetrahydropiperyline, N-[10-(13,14-methylenedioxyphenyl)-pentanoyl]-pyrrolidine', 'Piperovatine', '2,4,6-trimethoxybenzoic acid', '1-O-(E)-caffeoyl-β-D-glucopyranoside', 'Quercitrin, 3-O-α-rhamnosylquercetin', ""Methyl-2,2-dimethyl-8-(3'-methylbut-2'-enyl)chroman-6-carboxylate"", '2,7-Di-O-acetylcasearupestrin A', 'Nitensidine B', '1-methyl-2-n-nonyl-4-quinolone', '5-[8(Z),11(Z),14-pentadecatrienyl]resorcinol', 'Gallic acid; 3,4,5-trihydroxybenzoic acid', '1-[3-(3,7-dimethylocta-2,6-dien-1-yl)-2,4,6- trihydroxyphenyl]-3-(4-hydroxyphenyl)propan-1-one', '6α-malonyloxymanoyl oxide', 'Benzylhydroxymethyl sulphide', '1,6-di-O-caffeoyl-β-D-glucopyranoside', '2-methyl-5-[8(Z),11(Z),14-pentadecatrienyl]resorcinol', 'epoxy-fraxinellone', 'Leptophyllin A', '5-pentadecylresorcinol', '19,20-Epoxycytochalasin D', 'fumiquinozoline F', 'Kaempferol 3-O-α-L-rhamnopyranosyl (1→6)-O-[β -D-glucopyranosyl (1→3)-O-α-L-rhamnopyranosyl-(1→2)]-O-β -D-glucopyranosyl', '3β-O-[α-L-rhamnopyranosyl-(1→2)-O-β-D-glucopyranosyl-(1→2)-O-β-D-glucopyranosyl]-28-O-β-D-glucopyranoside pomolate', 'Dibenzyl tetrasulphide', ""2',5-dihydroxy-3-methoxy-8-dimethylallyl-6, 7-(2' ',2''-dimethylpyrano)-dihydroflavonol"", '2-n-nonyl-4-quinolone', 'Cytochalasin D', 'Alkenoic acid', ""5-[3''-(β-D-glucopyranosyloxy)propyl]-7-methoxy-2-(3',4'-methylenedioxyphenyl)benzofuran"", '28-O-β-D-glucopyranosyl quinovic acid', '2-Methyl-4-hydroxy-butyl caffeoate', 'N-1,N-2,N-3-Triisopentenylguanidine', 'Dibenzyl trisulphide', 'Maytenin, Tingenone', 'urauchimycin B', ""2-(2'-O-trans-caffeoyl)-C-β-D-glucopyranosyl-1,3,6,7-tetrahydroxyxanthone"", 'Netzahualcoyene', 'Casearin X Dialdehyde; (2R*,4aS*,5S*,7R*,8R*,8aS*)-4,4a-Diformyl-1,2,4a,5,6,7,8,8a-octahydro-5-hydroxy-7,8-dimethyl-8-[(2Z)-3-methylpenta-2,4-dien-1-yl]naphthalen-2-yl Butanoate', 'polypodine B', 'urauchimycin A', 'p-Coumaric acid', '(-)-Epigallocatechin', 'Netzahualcoyonol', 'Uracil', '1-O-(E)-feruloyl-β-D-glucopyranoside', '19,20-Epoxycytochalasin C', 'n-Pentyl gallate', 'Orcinol', '12′-hydroxy-7′-multijuguinone', 'Kaempferitrin', 'Nitensidine C', 'Dipropyl disulphide', '2-methyl-5-[8(Z),11(Z)-pentadecadienyl]resorcinol', 'Methyl 6,7,8-trimethoxydihydrocinnamate', '2-Hexyl-3-methyl-butanodioic acid', 'fraxinellone', '6-[ 8(Z),11(Z) -pentadecadienyl] salicylic acid', '20-hydroxyecdysone; polypodine A', '3-Acetyl aleuritolic acid', ""(2S)-8-Isopentyl-2-methyl-2-(4'-methylpentyl)chroman-6-carboxylic acid"", '2,2-dimethyl-2H-chromene-6-carboxylic acid', '1,2-dihydro- 3β-hydroxy-7-deacetoxy-7-oxogedunin', 'Photogedunin', 'Casearin X; (1R*,3S*,5S*,6aR*,7S*,8S*,10R*,10aR*)-1-(Acetyloxy)-3,5,6,6a,7,8,9,10-octahydro-10-hydroxy-7,8-dimethyl-7-[(2Z)-3-methylpenta-2,4-dien-1-yl]naphtho[1,8a-c]furan-3,5-diyl Dibutanoate', ""2-(R)-Methyl-6-(S)-(tetradecyl-13'-one)-3(R)-O-tert-butyldimethylsilyl-piperidine"", '(2S)-Methyl-2-methyl-8-(3""-methylbut-2""-enyl)-2-(4\'-methylpent-3\'-enyl)-2H-chromene-6-carboxylate', 'Casearin T', 'Piperyline, N-[10-(13,14-methylenedioxyphenyl)-7(E),9(E)-pentadienoyl]-pyrrolidine', 'ω-fenil alcanoic acid', 'Quercetin 3-O-α-L-rhamnopyranosyl (1→6)-O-[β -D-glucopyranosyl (1→3)-O-α-L-rhamnopyranosyl-(1→2)]-O-β -D-glucopyranosyl', 'Heveaflavone', 'Arboreumine', '3-Oxoursolic acid', 'Casearupestrin B', 'toonacilin', ""Gaudichaudianic acid; (2S)-2-methyl-2-(4'methyl-3'-pentenyl)-8-(3''-methyl-2-butenyl)- 2H-1-benzopyran-6-carboxylic acid"", 'limonexic acid', 'Pedalitin', 'Di(benzyltrithio) methane', '3,11,12-Trihydroxycadalene', 'Quercetin 3-O-sophoroside', '(3R,4R)-3,4-Dihydro-4,6-dihydroxy-3-methyl-1-oxo-1H-isochromene-5-carboxylic acid', '24-methylene-3,22-dihydroxycholesterol', 'amorphispironone', 'Casearupestrin D', 'Chaetoglobosin B', ""2-(2'-O-benzoyl)-C-β-D-glucopyranosyl-1,3,6,7-tetrahydroxyxanthone"", 'Isoplumericin', 'α-L-xylopyranosyl-(4""→20)-(3-O-β-D-glucopyranosyl)-1\'-O-E-caffeoyl-β-D-glucopyranoside', 'Periconicin B', 'Phomopsilactone', '19,20-Epoxycytochalasin Q', '19,20-Epoxycytochalasin R', 'Muraxanthone', 'Casearupestrin A', 'Skimmianine', 'p-hydroxybenzoic acid-geranyl ester', 'Dibenzyl disulphide', 'Proanthocyanidin', 'neoisoastilbin', '(R)-7-Hydroxymellein', '6α-acetoxymanoyl oxide', 'Methyl-8-hydroxy-2,2-dimethylchroman-6-carboxylate', '6α-acetoxy-14β,15β-epoxyazadirone', 'Piperol B', '(-)-Hardwickiic acid', '2-butyl-D-fructofuranoside', 'Casearin S', '11β-acetoxyobacunone', '1-(5,7-dihydroxy-2,2-dimethylchroman- 6-yl)-3-[4-hydroxy-3-(3-methylbut-2-en-1-yl)- phenyl]propan-1-one', '(3R,4R)-4,7-Dihydroxymellein', ""Nitensoside B; Pedalitin 6-O-α-rhamnopyranosyl(1'''→6'')-β-glucopyranoside"", 'Amentoflavone', 'Odoratone', 'Rel-6β-hydroxyzuelanin-2β-benzoate', 'shidasterone', '5-hydroxymethyl- 2-furancarboxaldehyde; 5-hydroxymethyl-2-furfuraldehyde', '6-[8(Z)-pentadecenyl]salicylic acid', '(2S)-2-methyl-8-(3""-methylbut-2""-enyl)-2-(4\'-methylpent-3\'-enyl)-2H-chromene-6-carboxylic acid', 'Burchellin', '5-[8(Z)-pentadecenyl]resorcinol', 'Luteolin; 2-(3,4-dihydroxyphenyl)-5,7-dihydroxy-4H-chromen-4-one', 'Sinapic acid', 'atalaphyllinine', 'N-[10- (13,14-methylenedioxyphenyl)-7(E)-pentaenoyl]-pyrrolidine', '2-Methyl-5-methoxy-benzopyran-4-one', '3,4-dihydroxybenzoic acid geranyl ester', 'N-[10-(13,14-methylenedioxyphenyl)-7(E),9(Z)-pentadienoyl]-pyrrolidine', 'Gedunin', 'Pedalin, pedalitin 6-O-β -glucopyranoside', 'Caseargrewiin F; (1R*,3S*,5S*,6aR*,7S*,8R*,10R*,10aR*)-1,3-Bis(acetyloxy)-3,5,6,6a,7,8,9,10-octahydro-10-hydroxy-7,8-dimethyl-7-[(2Z)-3-methylpenta-2,4-dien-1-yl]naphtho[1,8a-c]furan-5-yl Butanoate', 'Casearin L; (1R*,3S*,5S*,6aR*,7R*,8R*,9S*,10S*,10aR*)-1,10-Bis(acetyloxy)-3,5,6,6a,7,8,9,10-octahydro-9-hydroxy-5-methoxy-7,8-dimethyl-7-[(2Z)-3-methylpenta-2,4-dien-1-yl]naphtho[1,8a-c]-furan-3-yl Butanoate', 'Platydesmine', 'Leiokinine A', 'Cabraleadiol', '2-oxo-piperol B; (7S*, 8R*, 1R*, 3R*)-3,4,5-trimethoxy-3,7-cyclo-8,1-neolig-8-ene-2,4(3H)-dione', 'taxifolin', ""(2'S)-2-(propan-2'-ol)-5-hydroxy-benzopyran-4-one"", 'Rel-(+)-(7S,9R,10S)-3,9,12-trihydroxycalamenene', 'Methyl gallate', '3-O-β-D-quinovopyranosyl cincholic acid', 'Afzelin, 3-O-α-rhamnosyl kaempferol', ""N-[7-(3',4'-methylenedioxyphenyl)-2(Z),4(Z)-heptadienoyl]pyrrolidine"", ""Acteoside; [β-3,4-dihydroxyphenyl)-ethyl]-(3'-O-α-L-rhamnopyranosyl)-(4'-O-cafeoyl)-β-D-glycopyranoside, verbascoside"", 'Homoegonol', '[8]-gingerol', '4-Hydroxymellein', '5-hydroxymellein', 'fraxinellonone', 'Dibenzyl sulphide', '(-) Cis-4-hydroxy-6-deoxyscytalone', 'Plumericin', '5-[8(Z),11(Z)-pentadecadienyl]resorcinol', '(-)-Spectalinine', 'Netzahualcoyondiol', '(+)-3-O-feruloylcassine', '6-pentadecylsalicylic acid', 'Methyl-2,2-dimethylchroman-6-carboxylate', ""Myrsinoic acid A, 3-Geranyl-4-hydroxy-5-(3'',3''-dimethylallyl)benzoic acid"", '20α-Hydroxymaytenin; 20-hydroxy-20-epi-tingenone', 'schaftoside', ""(2S)-Methyl-8-isopentyl-2-methyl-2-(4'-methylpentyl)chroman-6-carboxylate"", '3,4,5-Triacetoxybenzoic acid', '1-(5,7-dihydroxy-2,2-dimethylchroman-6-yl)-3-(1,1,4a-trimethyl-2,3,4,4a,9a-hexahydro-1H-xanthen-7-yl)propan-1-one', 'Methyl (E)-6,7,8-trimethoxycinnamate', '3,4,5-Trimethoxyphenyl-1-O-β-D-(5-O-syringoyl)-apiofuranosyl-(1→6)-β-D-glucopyranoside', '6-[8(Z),11(Z),14-pentadecatrienyl]salicylic acid', 'Sorbifolin', ""Nitensoside A; Sorbifolin 6-O-α-rhamnopyranosyl(1'''→6'')-β-glucopyranoside"", 'Casearin O; (1R*,3S*,5S*,6aR*,7R*,8R*,9S*,10S*,10aR*)-1,10-Bis(acetyloxy)-5-methoxy-7,8-dimethyl-7-[(2Z)-3-methylpenta-2,4-dien-1-yl]-3,5,6,6a,7,8,9,10-octahydronaphtho[1,8a-c]furan-3,9-diyl Dibutanoate', 'germacrene D', 'Rel. (+)-(7S,10S) 3,12-dihydroxycalamenene', 'carlinoside', 'Methyl-8-(ethanoyloxy)-2,2-dimethyl-2H-chromene-6-carboxylate', 'arjunolic acid', 'stachysterone', 'Ethyl 2,4-dihydroxy-5,6-dimethylbenzoate', 'Amentoflavone 7”,4”’-dimethyl ether', 'Picramnioside F', 'Lauryl gallate', 'Syringaldehyde', '22-hydroxytirucalla-7,24-diene-2,3-dione', 'Trans-3’-methylsulphonylallyl trans-cinnamate', 'Egonol', '4-Nerolidilcatechol', ""2-(2'-O-transcoumaroyl)-C-β-D-glucopyranosyl-1,3,6,7-tetrahydroxyxanthone"", 'Syringic acid', 'Mangiferin', 'Salacin', 'Viburgenin', ""Pterogynoside; Kaempferol-3-O-(3''-O-4'''-methylgallate-α-L-rhamnoside)"", 'Isobutyl gallate', '7′-multijuguinone', 'Griseofulvin', ""7-Hydroxy-4',6-dimethoxyisoflavone; Afrormosin; Afromosin"", '8-methoxymellein', '(±)-Syringaresinol', 'Cyclo-(L-Pro-L-Val)', 'Acetonide of odoratol', '(−)-Grandisin', '24-methylenecycloartan-3b-ol', '(-)-Epigallocatechin-3-O-gallate', 'Casearin D; (1R*,3S*,5S*,6aR*,7R*,8R*,9S*,10S*,10aR*)-1-(Acetyloxy)-3,5,6,6a,7,8,9,10-octahydro-5,10-dihydroxy-7,8-dimethyl-7-[(2Z)-3-methylpenta-2,4-dien-1-yl]naphtho[1,8a-c]furan-3,9-diyl Dibutanoate', '2β-Hydroxyzuelanin-6β-cinnamate', 'Cognatine', 'Fagaramide', 'Chalepin', 'Chlorogenic acid', 'Kaempferol', '3-O-β-D-quinovopyranosyl quinovic acid']]",doi_name
"['10.1590/S0103-50532005000400005', 'Piperol B']","['10.1590/S0103-50532005000400005', ['Teucrein', 'Apodanthoside', 'Galioside', '11-O-trans-feruloylteucrein', 'Galioside aglicone', 'Hinesol', 'guaiol', 'γ-eudesmol', 'α-eudesmol', 'Epi-guaiacin', 'Verrucosin', '7-Methyl-sargachromenol; 2,7,8-Trimethyl-2-[(3-E,7-Z)-4,12-dimethyl-8-carboxyl-3,7,11-tridecatrienyl]-3-chromen-6-ol, β-caroteno', 'Nectandrin B', '9-hydroxyeugenin', '6-methoxyeugenin', 'Eugenitin', 'Austdiol', 'Mycoleptone B', 'Mycoleptone A', 'Austdiol diacetate', 'Mycoleptone A tetraacetate', '7-Methoxydiderroside', 'Diderroside', ""6'-Acetyl-β-D-glucopyranosyldiderroside"", 'Secoxyloganin', '2-n-Propylquinoline', ""2-(3',4'-methylenedioxyphenylethyl)-Quinoline"", '2-n-Pentylquinoline', ""2-(1'-pentenyl)-Quinoline"", '5,7-dimethoxy-2,2-dimethyl-2H-1-benzopyran-6-propanoate', 'Chlorogenic acid methyl ester, Methyl (1S,3R,4R,5R)-3-{[(2E)-3-(3,4-dihydroxyphenyl)-2-propenoyl]oxy}-1,4,5-trihydroxycyclohexanecarboxylate', 'Xanthyletin', ""Rel-(7R,8S,7'S,8'S)-4-hydroxy-4',5'-methylenedioxy-3,5,3'-trimethoxy-7,7'-epoxylignan"", ""Rel-(7R,8S,7'S,8'S)-4,5,4',5'-dimethylenedioxy-3,3'-dimethoxy-7,7'-epoxylignan"", ""Rel-(7R,8S,7'S,8'S)-4'-hydroxy-3,4,5,3',5'-pentamethoxy-7,7'-epoxylignan"", ""Rel-(7R,8S,7'S,8'S)-4',5'-methylenedioxy-3,4,5,3'-tetramethoxy-7,7'-epoxylignan"", ""Rel-(7R,8S,7'S,8'S)-9-hydroxy-4',5'-methylenedioxy-3,4,5,3'-tetramethoxy-7,7'-epoxylignan"", ""2'-hydroxy-3,4,4'-trimethoxy-5',6'-(2'',2''-dimethylpyrano)-chalcone"", ""3',4'-methylenedioxy-5,6,7- trimethoxyflavone"", ""3',4'-methylenedioxy-5,5',6,7-tetramethoxyflavone"", ""3',4'-methylenedioxy-5,7-dimethoxyflavone"", 'cyclo (L)-Pro-Gly', 'α-Gardiol', 'β-Gardiol', 'Ferulic acid', ""4-Methoxy-3-(3',7'-dimethylocta-2'-E-6'-dienyl)benzoic acid"", 'Methyl-8-hydroxy-2,2-dimethyl-2H-chromene-6-carboxylate', ""3-(3',7 '-dimethyl-2',6 '-octadienyl)-4-methoxy-benzoic acid"", 'Kaempferol-3-O-α-L-rhamnopyranosyl-(1→6)-β-D-galactopyranoside', 'Kaempferol-3-O-rutinoside', 'Catechin, Ent-catechin', 'Procyanidin B-3', 'Quercetin-3-O-α-L-rhamnopyranosyl-(1→6)-β-D-galactopyranoside', 'Kaempferol-3-O-α-L-rhamnopyranosyl-(1-6)-α-L-rhamnopyranosyl-(1-4)-β-D-glucopyranoside', '6-Hydroxy-rutin', 'Kaempferol-3-O-D-glucopyranoside', 'Kaempferol-3-O-D-galactopyranoside', 'Taraxerol acetate', 'Isopimpinellin', '21β,25-dimethylmelianodiol', '21α,25-dimethylmelianodiol', '3,21-Di-epi-feroniellide B', '2,3-dihydro-4,9-dihydroxy-2-(2-hydroxy-propan-2-yl)- 11-methoxy-10-methylfuro[3,2-b]acridin-5(10H)-one', 'bis-5-hydroxyacronycine', 'Citibrasine', '(-)-3-O-acetyl-spectaline', '17-(3,4-Methylenedioxyphenyl)-heptadecanoic acid', '19´-(3,4-Methylenedioxyphenyl)-nonadecanoic acid', 'Farnisine', 'Sargachromenol', ""7,4'-Dihydroxyflavone"", 'Sargaquinoic acid', '21´-(3,4-Methylenedioxyphenyl)-henicosanoic acid', ""7,4'-Dimethoxyflavone"", '(+)-Guaiacin', 'Tithonine', ""Juruenolic acid; 2-(4'-Methylpentenyl-3)-10-oxoundecan-2,6-dienoic acid"", 'Fasciculiferin', '(Z)-piplartine; 8(Z)-N-(12,13, 14-trimethoxycinnamoyl)- 3-pyridin-2-one', '4,5-dihydropiperyline', '8,9-dihydropiplartine; N-(12,13,14-trimethoxydihydrocinnamoyl)-Δ3-pyridin-2-one', '4,5-dihydropiperlonguminine; Piperlonguminine', ""N-[3-(6'-methoxy-3',4'-methy-lenedioxyphenyl)-2(Z)-propenoyl]pyrrolidine"", '(E)-piplartine', 'Piperine', '10,11-dihydropiperine; Δα,β-dihydropiperine', '(3Z,5Z)-N-isobutyl-8-(30,40-methylenedioxy-phenyl)-heptadienamide', 'Pellitorine', ""3,4-dimethyl-2-(4'-hydroxy-3',5'-dimethoxyphenyl)-5-methoxy-tetrahydrofuran"", 'Aphidicolin', '3,3-O-dimethylquercetin', '2α,3α,19α- trihydroxyurs-12-en-28-oic acid', 'penduletin 4-O-methyl ether', 'Chrysoeriol', 'p-hydroxybenzoic acid', '2α,3α-dihydroxyolean-12- en-28-oic acid', '3-O-methylquercetin', 'acacetin', '3,7,4-O-trimethylkaempferol', ""Aduncumene; Methyl 2-methoxy-5-(3'-methyl-1'-oxo-2'-butenyl)benzoate"", ""4-Hydroxy-(3',7'-dimethyl-1'-oxo-octa-2'-Z-6'-dienyl)benzoic acid"", ""Methyl 4-hydroxy-3-(3'-methyl-2'-hydroxy-3'-butenyl)benzoate"", 'Piperaduncine B', ""Methyl 4-hydroxy-3-(3'-methyl-2'-butenyl)benzoate"", ""2',6'-Dihydroxy-4'-methoxydihydrochalcone"", ""Methyl taboganate; Methyl 4-hydroxy-3-(3'-methyl-1'-oxo-2'-butenyl)benzoate"", 'Methyl 2,2-dimethyl-1-oxo-2H-1-benzopyran-6-carboxylate', '3,4,5-Trimethoxydihydrocinnamic acid', ""4-Hydroxy-3-(3',7'-dimethylocta-2'-E-6'-dienyl)benzoic acid"", ""Hostmaniene; 4-Hydroxy-3-(2',3'-dihydroxy-3'-methylbutyl)benzoate"", 'Stearic acid 4-pentoyloxyphenethyl ester', '(+)-11α-Hydroxyerythravine', '(+)-α-Hydroxyerysotrine', '(+)-Erythravine', 'Beauvericin', 'Anhydrofusarubin', ""3',4',5',3,5,7,8-heptamethoxyflavone"", ""3,5,6,7,3',4',5'-heptamethoxyflavonol"", 'Methyl (3R,4R,5R)-3-{[(2Z)-3-(3,4-dihydroxyphenyl)-2-propenoyl]oxy}-1,4,5-trihydroxycyclohexanecarboxylate', 'Methyl (3R,4R,5R)-3-{[(2E)-3-(3,4-dihydroxyphenyl)-2-propenoyl]oxy}-1,4,5-trihydroxycyclohexanecarboxylate', '1-methoxy-3-hydroxy-3,10b-4,5a-diepoxy-8b-isobutyroyloxygermacr-11(13)-en-6a,12-olide', 'Tagitinin C', '5,7-dimethoxy-2,2-dimethyl-2H-1-benzopyran-6-propanoic acid', 'Nitensidine E', 'Nitensidine D', ""Isoswertisin-2''α1-L-rhamnoside"", '2-Episesalatin', 'Sesartemin', ""Isoswertisin-4'-methyl-ether-2''α-L-rhamnoside"", 'Clusifoliol', '5-hydroxynoracronycine; Atalaphyllidine', '3,4-dihydro-3,5,8-trihydroxy-6-methoxy-2,2,7-trimethyl-2Hpyrano[ 2,3-a]acridin-12(7H)-one', 'Citrusinine-I', 'Citrusinine-II', 'Glycocitrine-IV', '1,3,5-trihydroxy-4-methoxy-10-methyl- 2,8-bis(3-methylbut-2-enyl)acridin-9(10H)-one', 'Glycocitrine-I', '1,3,5-trihydroxy- 2,8-bis(3-methylbut-2-enyl)-10-methyl-9-acridone', 'Pyranofoline', 'astilbin; Rel-(2R, 3R)-dihydroquercetin-3-O-±-L-rhamnoside', '3,4-dehydro-strictosidine', 'Cordifoline', 'Harman-3-carboxylic acid', '3,4-dehydrostrictosidine acid', 'Strictosidine acid', 'Turbinatine', '5α-carboxystrictosidine', 'Deoxycordifoline', '4-metoxi-6-[2-(metilamino)fenil]- 2H-piran-2-ona', ""4-Hydroxy-3-(3',7'-dimethyl-3'-hydroxy-1'-oxo-6'-octenyl)benzoic acid"", ""Sakuranetin; 5,4'-dihydroxy-7-methoxyflavanone"", ""1,4-Dihydroxy-2-(3',7'-dimethyl-1'-oxo-2'-E-6'-octadienyl)benzene"", ""4-Hydroxy-(3',7'-dimethyl-1'-oxo-octa-2'-E-6'-dienyl)benzoic acid"", ""Isosakuranetin; 5,7-dihydroxy-4'-methoxyflavanone"", 'Hispidol A', 'Nilocetin', 'Iso-odoratol', '3,11-dioxoolean-12-en-28- onic acid', 'Pentaol', 'Oleanonic acid', 'cryptomeridiol', 'Piscidinol A', 'Dimethyl terephthalate', '(22E,24R)-ergosta-4,6,8(14),22-tetraen-3-one', '8-hydroxy-6-methoxy-3-methylisocoumarin', 'Ergosterol peroxide', 'Pimara-7,15-dien-3β-ol', 'Methacrylic acid', 'β-caryophyllene, trans-caryophyllene', 'Cuspanine; 1-hydroxy-2,3,5,6-tetramethoxy-9-acridone', 'Cusculine; 1,2,3,5,6-pentamethoxy-9-acridone', '2α,3α-Dihydroxy-urs-12-en-28-oic acid', '3-O-β-D-(6’-methyl)-glucopyranosyl-28-O-β-D-glucopyranosyl-oleanate', 'Oleanolic acid 3-sophoroside', 'Haplotusine', '5-hydroxyflavone', 'β-Sitosterol benzoate', '2-phenyl-4H-chromen-4-one', 'Sinapyl 4-O-β-D-glucopyranoside aldehyde', 'Sinapyl 4-O-β-D-glucopyranoside alcohol', 'Liriodenine', 'N-acetylnonaine', '[10]-gingerol', ""2,4-Dihydroxy-6-[(1'E,3'E)-penta-1', 3'-dienyl]-benzaldehyde"", 'Kokusaginine', ""2-(2'-O-trans-caffeoyl)-C-β-D-glucopyranosyl-1,3,6,7-tetrahydroxyxanthone"", 'Netzahualcoyene', 'Casearin X Dialdehyde; (2R*,4aS*,5S*,7R*,8R*,8aS*)-4,4a-Diformyl-1,2,4a,5,6,7,8,8a-octahydro-5-hydroxy-7,8-dimethyl-8-[(2Z)-3-methylpenta-2,4-dien-1-yl]naphthalen-2-yl Butanoate', 'polypodine B', 'n-Propyl gallate', ""3',4',5',5,7,8-hexamethoxyflavone"", 'Isopropyl gallate', '6β-hydroxy-7-epigardoside methyl ester', 'Tetrahydropiperyline, N-[10-(13,14-methylenedioxyphenyl)-pentanoyl]-pyrrolidine', 'Piperovatine', '2,4,6-trimethoxybenzoic acid', '1-O-(E)-caffeoyl-β-D-glucopyranoside', 'Gallic acid; 3,4,5-trihydroxybenzoic acid', '5-hydroxy-N-methylseverifoline', '19,20-Epoxycytochalasin N', 'ellagic acid 4-O-α-L-rhamnopyranoside; eschweilenol C', 'Mayoside C', 'Ourateacatechin', ""3',4',5',5,7-pentamethoxyflavone"", '2-methyl-5-pentadecylresorcinol', '3β-hydroxy-stigmast-5-en-7-one; 24-β-7-oxositosterol', '(±)-Syringaresinol', 'Cyclo-(L-Pro-L-Val)', 'Acetonide of odoratol', '(−)-Grandisin', '24-methylenecycloartan-3b-ol', 'Ixoside', 'Cognatine', 'Fagaramide', '5-[8(Z),11(Z),14-pentadecatrienyl]resorcinol', 'Piperol B', '(-)-Hardwickiic acid', ""5-[3''-(β-D-glucopyranosyloxy)propyl]-7-methoxy-2-(3',4'-methylenedioxyphenyl)benzofuran"", '28-O-β-D-glucopyranosyl quinovic acid', '2-Methyl-4-hydroxy-butyl caffeoate', 'N-1,N-2,N-3-Triisopentenylguanidine', 'Dibenzyl trisulphide', 'Maytenin, Tingenone', 'Maculosidine', 'Podocarpusflavone A', '2-methyl-5-[8(Z)-pentadecenyl]resorcinol', 'Nitensidine A', ""8-hydroxy-3,5,7,3',4',5'-hexamethoxyflavonol"", 'Odoratol', 'Leptomerine', '6α-malonyloxy-n-butyl ester manoyl oxide', 'citrusinine-I', 'Ricinine', 'Leptophyllin A', '5-pentadecylresorcinol', '19,20-Epoxycytochalasin D', 'fumiquinozoline F', 'Kaempferol 3-O-α-L-rhamnopyranosyl (1→6)-O-[β -D-glucopyranosyl (1→3)-O-α-L-rhamnopyranosyl-(1→2)]-O-β -D-glucopyranosyl', '3β-O-[α-L-rhamnopyranosyl-(1→2)-O-β-D-glucopyranosyl-(1→2)-O-β-D-glucopyranosyl]-28-O-β-D-glucopyranoside pomolate', 'Dibenzyl tetrasulphide', ""2',5-dihydroxy-3-methoxy-8-dimethylallyl-6, 7-(2' ',2''-dimethylpyrano)-dihydroflavonol"", '2-n-nonyl-4-quinolone', 'Cytochalasin D', '2,7-Di-O-acetylcasearupestrin A', 'Nitensidine B', '1-methyl-2-n-nonyl-4-quinolone', ""Methyl-2,2-dimethyl-8-(3'-methylbut-2'-enyl)chroman-6-carboxylate"", 'Isoorientin', 'urauchimycin B', 'Homoegonol', '[8]-gingerol', '4-Hydroxymellein', '5-hydroxymellein', 'fraxinellonone', 'Dibenzyl sulphide', '(-) Cis-4-hydroxy-6-deoxyscytalone', 'Plumericin', '5-[8(Z),11(Z)-pentadecadienyl]resorcinol', '(-)-Spectalinine', 'Uracil', 'urauchimycin A', 'Casearupestrin C', 'Arboreumine', '3-Oxoursolic acid', 'Caseobliquin A', 'Methyl angolensate', ""5-(3'' -Hydroxypropyl)-7-methoxy-2-(3',4' -methyl-enedioxyphenyl)benzofuran"", '22β-hydroxypristimerin', '1- (5,7-dihydroxy-2,2-dimethylchroman-6-yl)-3-(2,2-dimethylchroman- 6-yl)propan-1-one', 'Canavaline', 'Di-hydrodehydrodiconiferyl alcohol', 'Quercetin', ""2-(2'-O-trans-cinnamoyl)-C-β-D-glucopyranosyl-1,3,6,7-tetrahydroxyxanthone"", 'Ocotillone', 'des-N-methylnoracronycine', 'Sorbifolin 6-O-β-glucopyranoside', 'Rel-2α-hydroxyzuelanin-6β-benzoate', '2,6-di-O-acetylcasearupestrin D', 'Pedalitin', '1-O-(E)-feruloyl-β-D-glucopyranoside', '19,20-Epoxycytochalasin C', 'p-Coumaric acid', '(-)-Epigallocatechin', 'Netzahualcoyonol', '1-[3-(3,7-dimethylocta-2,6-dien-1-yl)-2,4,6- trihydroxyphenyl]-3-(4-hydroxyphenyl)propan-1-one', '6α-malonyloxymanoyl oxide', 'Benzylhydroxymethyl sulphide', '1,6-di-O-caffeoyl-β-D-glucopyranoside', '2-methyl-5-[8(Z),11(Z),14-pentadecatrienyl]resorcinol', '20-hydroxyecdysone; polypodine A', '3-Acetyl aleuritolic acid', 'Alkenoic acid', 'Quercetin 3-O-α-L-rhamnopyranosyl (1→6)-O-[β -D-glucopyranosyl (1→3)-O-α-L-rhamnopyranosyl-(1→2)]-O-β -D-glucopyranosyl', 'Heveaflavone', ""2-(R)-Methyl-6-(S)-(tetradecyl-13'-one)-3(R)-O-tert-butyldimethylsilyl-piperidine"", '(2S)-Methyl-2-methyl-8-(3""-methylbut-2""-enyl)-2-(4\'-methylpent-3\'-enyl)-2H-chromene-6-carboxylate', 'Casearin T', 'Piperyline, N-[10-(13,14-methylenedioxyphenyl)-7(E),9(E)-pentadienoyl]-pyrrolidine', 'Casearupestrin B', 'toonacilin', 'Netzahualcoyondiol', 'Pristimerin; 20α-3-hydroxy-2-oxo-24-nor-friedela-1-10,3,5,7-tetraen-carboxylic acid-29-methylester', '3,4,5-trimethoxyphenyl 1-O-β-D-apiofuranosyl-(1→6)-O-β-D-glucopyranoside', 'β-photogedunin', 'n-Butyl gallate', ""5-[3''-(β-D-glucopyranosyloxy)propyl]-7-methoxy-2-(3',4'-dimethoxyphenyl)benzofuran"", '3,12-Dihydroxycadalene', '7-hydroxy-3- (11-dimethylallyl)-8-methoxycoumarin', ""N-[7-(3',4'-methylenedioxyphenyl)-2(Z),4(Z)-heptadienoyl]pyrrolidine"", ""Acteoside; [β-3,4-dihydroxyphenyl)-ethyl]-(3'-O-α-L-rhamnopyranosyl)-(4'-O-cafeoyl)-β-D-glycopyranoside, verbascoside"", '(R)-7-Hydroxymellein', '6α-acetoxymanoyl oxide', 'Methyl-8-hydroxy-2,2-dimethylchroman-6-carboxylate', 'Di(benzyltrithio) methane', '3,11,12-Trihydroxycadalene', 'Quercetin 3-O-sophoroside', 'n-Pentyl gallate', 'Orcinol', 'Periconicin B', 'Phomopsilactone', ""(2S)-8-Isopentyl-2-methyl-2-(4'-methylpentyl)chroman-6-carboxylic acid"", '2,2-dimethyl-2H-chromene-6-carboxylic acid', '1,2-dihydro- 3β-hydroxy-7-deacetoxy-7-oxogedunin', 'Photogedunin', 'Casearin X; (1R*,3S*,5S*,6aR*,7S*,8S*,10R*,10aR*)-1-(Acetyloxy)-3,5,6,6a,7,8,9,10-octahydro-10-hydroxy-7,8-dimethyl-7-[(2Z)-3-methylpenta-2,4-dien-1-yl]naphtho[1,8a-c]furan-3,5-diyl Dibutanoate', 'α-L-xylopyranosyl-(4""→20)-(3-O-β-D-glucopyranosyl)-1\'-O-E-caffeoyl-β-D-glucopyranoside', '6-[8(Z)-pentadecenyl]salicylic acid', '(2S)-2-methyl-8-(3""-methylbut-2""-enyl)-2-(4\'-methylpent-3\'-enyl)-2H-chromene-6-carboxylic acid', 'Burchellin', '5-[8(Z)-pentadecenyl]resorcinol', 'Luteolin; 2-(3,4-dihydroxyphenyl)-5,7-dihydroxy-4H-chromen-4-one', 'Sinapic acid', '19,20-Epoxycytochalasin Q', 'ω-fenil alcanoic acid', '2-butyl-D-fructofuranoside', ""Gaudichaudianic acid; (2S)-2-methyl-2-(4'methyl-3'-pentenyl)-8-(3''-methyl-2-butenyl)- 2H-1-benzopyran-6-carboxylic acid"", 'limonexic acid', 'Skimmianine', 'p-hydroxybenzoic acid-geranyl ester', 'Dibenzyl disulphide', 'Proanthocyanidin', 'neoisoastilbin', 'Nitensidine C', 'Dipropyl disulphide', '2-methyl-5-[8(Z),11(Z)-pentadecadienyl]resorcinol', 'Methyl 6,7,8-trimethoxydihydrocinnamate', '2-Hexyl-3-methyl-butanodioic acid', 'fraxinellone', '6-[ 8(Z),11(Z) -pentadecadienyl] salicylic acid', '3,4,5-Triacetoxybenzoic acid', '(3R,4R)-3,4-Dihydro-4,6-dihydroxy-3-methyl-1-oxo-1H-isochromene-5-carboxylic acid', '24-methylene-3,22-dihydroxycholesterol', 'amorphispironone', 'Casearupestrin D', 'Chaetoglobosin B', ""2-(2'-O-benzoyl)-C-β-D-glucopyranosyl-1,3,6,7-tetrahydroxyxanthone"", 'Isoplumericin', 'N-[10-(13,14-methylenedioxyphenyl)-7(E),9(Z)-pentadienoyl]-pyrrolidine', '5-hydroxymethyl- 2-furancarboxaldehyde; 5-hydroxymethyl-2-furfuraldehyde', 'atalaphyllinine', 'N-[10- (13,14-methylenedioxyphenyl)-7(E)-pentaenoyl]-pyrrolidine', '2-Methyl-5-methoxy-benzopyran-4-one', '3,4-dihydroxybenzoic acid geranyl ester', 'Gedunin', 'Pedalin, pedalitin 6-O-β -glucopyranoside', 'Caseargrewiin F; (1R*,3S*,5S*,6aR*,7S*,8R*,10R*,10aR*)-1,3-Bis(acetyloxy)-3,5,6,6a,7,8,9,10-octahydro-10-hydroxy-7,8-dimethyl-7-[(2Z)-3-methylpenta-2,4-dien-1-yl]naphtho[1,8a-c]furan-5-yl Butanoate', 'Casearin L; (1R*,3S*,5S*,6aR*,7R*,8R*,9S*,10S*,10aR*)-1,10-Bis(acetyloxy)-3,5,6,6a,7,8,9,10-octahydro-9-hydroxy-5-methoxy-7,8-dimethyl-7-[(2Z)-3-methylpenta-2,4-dien-1-yl]naphtho[1,8a-c]-furan-3-yl Butanoate', 'Platydesmine', '19,20-Epoxycytochalasin R', 'Muraxanthone', '6α-acetoxy-14β,15β-epoxyazadirone', 'epoxy-fraxinellone', '12′-hydroxy-7′-multijuguinone', 'Kaempferitrin', 'schaftoside', ""(2S)-Methyl-8-isopentyl-2-methyl-2-(4'-methylpentyl)chroman-6-carboxylate"", 'Casearupestrin A', '2-oxo-piperol B; (7S*, 8R*, 1R*, 3R*)-3,4,5-trimethoxy-3,7-cyclo-8,1-neolig-8-ene-2,4(3H)-dione', 'taxifolin', ""(2'S)-2-(propan-2'-ol)-5-hydroxy-benzopyran-4-one"", 'Rel-(+)-(7S,9R,10S)-3,9,12-trihydroxycalamenene', 'Casearin S', '11β-acetoxyobacunone', '1-(5,7-dihydroxy-2,2-dimethylchroman- 6-yl)-3-[4-hydroxy-3-(3-methylbut-2-en-1-yl)- phenyl]propan-1-one', '(3R,4R)-4,7-Dihydroxymellein', ""Nitensoside B; Pedalitin 6-O-α-rhamnopyranosyl(1'''→6'')-β-glucopyranoside"", 'Methyl gallate', 'Odoratone', 'Rel-6β-hydroxyzuelanin-2β-benzoate', 'shidasterone', 'Afzelin, 3-O-α-rhamnosyl kaempferol', 'Egonol', '4-Nerolidilcatechol', ""2-(2'-O-transcoumaroyl)-C-β-D-glucopyranosyl-1,3,6,7-tetrahydroxyxanthone"", 'Syringic acid', '(+)-3-O-feruloylcassine', 'Salacin', '6-pentadecylsalicylic acid', 'Methyl-2,2-dimethylchroman-6-carboxylate', ""Myrsinoic acid A, 3-Geranyl-4-hydroxy-5-(3'',3''-dimethylallyl)benzoic acid"", '20α-Hydroxymaytenin; 20-hydroxy-20-epi-tingenone', '(-)-Epigallocatechin-3-O-gallate', 'Casearin D; (1R*,3S*,5S*,6aR*,7R*,8R*,9S*,10S*,10aR*)-1-(Acetyloxy)-3,5,6,6a,7,8,9,10-octahydro-5,10-dihydroxy-7,8-dimethyl-7-[(2Z)-3-methylpenta-2,4-dien-1-yl]naphtho[1,8a-c]furan-3,9-diyl Dibutanoate', 'Rel. (+)-(7S,10S) 3,12-dihydroxycalamenene', 'Leiokinine A', 'Cabraleadiol', 'carlinoside', 'Methyl-8-(ethanoyloxy)-2,2-dimethyl-2H-chromene-6-carboxylate', 'Amentoflavone', '1-(5,7-dihydroxy-2,2-dimethylchroman-6-yl)-3-(1,1,4a-trimethyl-2,3,4,4a,9a-hexahydro-1H-xanthen-7-yl)propan-1-one', 'Methyl (E)-6,7,8-trimethoxycinnamate', '3,4,5-Trimethoxyphenyl-1-O-β-D-(5-O-syringoyl)-apiofuranosyl-(1→6)-β-D-glucopyranoside', '6-[8(Z),11(Z),14-pentadecatrienyl]salicylic acid', 'Sorbifolin', ""Nitensoside A; Sorbifolin 6-O-α-rhamnopyranosyl(1'''→6'')-β-glucopyranoside"", 'Casearin O; (1R*,3S*,5S*,6aR*,7R*,8R*,9S*,10S*,10aR*)-1,10-Bis(acetyloxy)-5-methoxy-7,8-dimethyl-7-[(2Z)-3-methylpenta-2,4-dien-1-yl]-3,5,6,6a,7,8,9,10-octahydronaphtho[1,8a-c]furan-3,9-diyl Dibutanoate', 'germacrene D', '2β-Hydroxyzuelanin-6β-cinnamate', 'arjunolic acid', 'stachysterone', 'Ethyl 2,4-dihydroxy-5,6-dimethylbenzoate', '3-O-β-D-quinovopyranosyl cincholic acid', 'Quercitrin, 3-O-α-rhamnosylquercetin', 'Amentoflavone 7”,4”’-dimethyl ether', 'Picramnioside F', 'Lauryl gallate', 'Syringaldehyde', '22-hydroxytirucalla-7,24-diene-2,3-dione', 'Trans-3’-methylsulphonylallyl trans-cinnamate', '(3-(2-(4-hydroxyphenyl)-2-oxoethyl)-5,6-dihydropyridin- 2(1H)-one)', 'Mangiferin', 'Viburgenin', ""Pterogynoside; Kaempferol-3-O-(3''-O-4'''-methylgallate-α-L-rhamnoside)"", 'Isobutyl gallate', '7′-multijuguinone', 'Griseofulvin', ""7-Hydroxy-4',6-dimethoxyisoflavone; Afrormosin; Afromosin"", '8-methoxymellein', 'Chalepin', 'Chlorogenic acid', 'scillascillin', '(4R)-4,8-dihydroxy-α-tetralone', '3-O-β-D-quinovopyranosyl quinovic acid', '2-hydroxyphenylacetic acid', 'Kaempferol']]",doi_name
"['10.1021/np100840w', 'Casearupestrin A']","['10.1021/np100840w', ['guaiol', 'Hinesol', 'γ-eudesmol', 'α-eudesmol', '11-O-trans-feruloylteucrein', 'Teucrein', 'Galioside aglicone', 'Galioside', 'Apodanthoside', 'Mycoleptone A', '9-hydroxyeugenin', 'Austdiol', 'Austdiol diacetate', 'Mycoleptone A tetraacetate', '6-methoxyeugenin', 'Eugenitin', 'Mycoleptone B', 'Chlorogenic acid methyl ester, Methyl (1S,3R,4R,5R)-3-{[(2E)-3-(3,4-dihydroxyphenyl)-2-propenoyl]oxy}-1,4,5-trihydroxycyclohexanecarboxylate', '7-Methoxydiderroside', 'Secoxyloganin', 'Diderroside', ""6'-Acetyl-β-D-glucopyranosyldiderroside"", '5,7-dimethoxy-2,2-dimethyl-2H-1-benzopyran-6-propanoate', ""4-Methoxy-3-(3',7'-dimethylocta-2'-E-6'-dienyl)benzoic acid"", 'Methyl-8-hydroxy-2,2-dimethyl-2H-chromene-6-carboxylate', ""3-(3',7 '-dimethyl-2',6 '-octadienyl)-4-methoxy-benzoic acid"", ""2'-hydroxy-3,4,4'-trimethoxy-5',6'-(2'',2''-dimethylpyrano)-chalcone"", ""3',4'-methylenedioxy-5,5',6,7-tetramethoxyflavone"", ""3',4'-methylenedioxy-5,6,7- trimethoxyflavone"", ""3',4'-methylenedioxy-5,7-dimethoxyflavone"", 'cyclo (L)-Pro-Gly', 'Nectandrin B', 'Verrucosin', 'Epi-guaiacin', '7-Methyl-sargachromenol; 2,7,8-Trimethyl-2-[(3-E,7-Z)-4,12-dimethyl-8-carboxyl-3,7,11-tridecatrienyl]-3-chromen-6-ol, β-caroteno', ""2-(3',4'-methylenedioxyphenylethyl)-Quinoline"", '2-n-Pentylquinoline', '2-n-Propylquinoline', ""2-(1'-pentenyl)-Quinoline"", '2,3-dihydro-4,9-dihydroxy-2-(2-hydroxy-propan-2-yl)- 11-methoxy-10-methylfuro[3,2-b]acridin-5(10H)-one', 'bis-5-hydroxyacronycine', 'Citibrasine', '21β,25-dimethylmelianodiol', '3,21-Di-epi-feroniellide B', '21α,25-dimethylmelianodiol', '(-)-3-O-acetyl-spectaline', 'Xanthyletin', ""Rel-(7R,8S,7'S,8'S)-4-hydroxy-4',5'-methylenedioxy-3,5,3'-trimethoxy-7,7'-epoxylignan"", ""Rel-(7R,8S,7'S,8'S)-4'-hydroxy-3,4,5,3',5'-pentamethoxy-7,7'-epoxylignan"", ""Rel-(7R,8S,7'S,8'S)-4',5'-methylenedioxy-3,4,5,3'-tetramethoxy-7,7'-epoxylignan"", ""Rel-(7R,8S,7'S,8'S)-9-hydroxy-4',5'-methylenedioxy-3,4,5,3'-tetramethoxy-7,7'-epoxylignan"", ""Rel-(7R,8S,7'S,8'S)-4,5,4',5'-dimethylenedioxy-3,3'-dimethoxy-7,7'-epoxylignan"", 'Anhydrofusarubin', 'Beauvericin', 'Taraxerol acetate', 'Pentaol', '3,11-dioxoolean-12-en-28- onic acid', 'Iso-odoratol', 'Nilocetin', 'Hispidol A', 'Piscidinol A', 'cryptomeridiol', 'Oleanonic acid', 'Isopimpinellin', 'Methyl (3R,4R,5R)-3-{[(2Z)-3-(3,4-dihydroxyphenyl)-2-propenoyl]oxy}-1,4,5-trihydroxycyclohexanecarboxylate', 'Methyl (3R,4R,5R)-3-{[(2E)-3-(3,4-dihydroxyphenyl)-2-propenoyl]oxy}-1,4,5-trihydroxycyclohexanecarboxylate', ""Isoswertisin-4'-methyl-ether-2''α-L-rhamnoside"", 'Clusifoliol', ""Isoswertisin-2''α1-L-rhamnoside"", '2-Episesalatin', 'Sesartemin', 'Aphidicolin', ""3,4-dimethyl-2-(4'-hydroxy-3',5'-dimethoxyphenyl)-5-methoxy-tetrahydrofuran"", '3,3-O-dimethylquercetin', 'penduletin 4-O-methyl ether', '2α,3α,19α- trihydroxyurs-12-en-28-oic acid', 'acacetin', '2α,3α-dihydroxyolean-12- en-28-oic acid', 'p-hydroxybenzoic acid', '3-O-methylquercetin', 'Chrysoeriol', '3,7,4-O-trimethylkaempferol', 'Glycocitrine-IV', 'Glycocitrine-I', '3,4-dihydro-3,5,8-trihydroxy-6-methoxy-2,2,7-trimethyl-2Hpyrano[ 2,3-a]acridin-12(7H)-one', '5-hydroxynoracronycine; Atalaphyllidine', 'Citrusinine-I', 'Citrusinine-II', '1,3,5-trihydroxy-4-methoxy-10-methyl- 2,8-bis(3-methylbut-2-enyl)acridin-9(10H)-one', '1,3,5-trihydroxy- 2,8-bis(3-methylbut-2-enyl)-10-methyl-9-acridone', 'Pyranofoline', 'β-Gardiol', 'Ferulic acid', 'α-Gardiol', 'Stearic acid 4-pentoyloxyphenethyl ester', 'Sargaquinoic acid', '(+)-Guaiacin', '21´-(3,4-Methylenedioxyphenyl)-henicosanoic acid', 'Sargachromenol', ""Juruenolic acid; 2-(4'-Methylpentenyl-3)-10-oxoundecan-2,6-dienoic acid"", 'Fasciculiferin', ""7,4'-Dimethoxyflavone"", ""7,4'-Dihydroxyflavone"", '19´-(3,4-Methylenedioxyphenyl)-nonadecanoic acid', 'Tithonine', 'Farnisine', '17-(3,4-Methylenedioxyphenyl)-heptadecanoic acid', '(+)-Erythravine', '(+)-α-Hydroxyerysotrine', '(+)-11α-Hydroxyerythravine', 'astilbin; Rel-(2R, 3R)-dihydroquercetin-3-O-±-L-rhamnoside', ""Aduncumene; Methyl 2-methoxy-5-(3'-methyl-1'-oxo-2'-butenyl)benzoate"", ""Methyl 4-hydroxy-3-(3'-methyl-2'-hydroxy-3'-butenyl)benzoate"", ""4-Hydroxy-(3',7'-dimethyl-1'-oxo-octa-2'-Z-6'-dienyl)benzoic acid"", '3,4,5-Trimethoxydihydrocinnamic acid', ""4-Hydroxy-3-(3',7'-dimethylocta-2'-E-6'-dienyl)benzoic acid"", 'Methyl 2,2-dimethyl-1-oxo-2H-1-benzopyran-6-carboxylate', 'Piperaduncine B', ""Hostmaniene; 4-Hydroxy-3-(2',3'-dihydroxy-3'-methylbutyl)benzoate"", ""2',6'-Dihydroxy-4'-methoxydihydrochalcone"", ""Methyl taboganate; Methyl 4-hydroxy-3-(3'-methyl-1'-oxo-2'-butenyl)benzoate"", ""Methyl 4-hydroxy-3-(3'-methyl-2'-butenyl)benzoate"", 'Nitensidine D', 'Nitensidine E', 'Turbinatine', '3,4-dehydro-strictosidine', '5α-carboxystrictosidine', '3,4-dehydrostrictosidine acid', 'Strictosidine acid', 'Cordifoline', 'Harman-3-carboxylic acid', 'Deoxycordifoline', 'Kaempferol-3-O-α-L-rhamnopyranosyl-(1-6)-α-L-rhamnopyranosyl-(1-4)-β-D-glucopyranoside', 'Kaempferol-3-O-rutinoside', 'Kaempferol-3-O-D-galactopyranoside', '6-Hydroxy-rutin', 'Kaempferol-3-O-α-L-rhamnopyranosyl-(1→6)-β-D-galactopyranoside', 'Kaempferol-3-O-D-glucopyranoside', 'Procyanidin B-3', 'Quercetin-3-O-α-L-rhamnopyranosyl-(1→6)-β-D-galactopyranoside', 'Catechin, Ent-catechin', 'Ergosterol peroxide', 'Dimethyl terephthalate', '8-hydroxy-6-methoxy-3-methylisocoumarin', '(22E,24R)-ergosta-4,6,8(14),22-tetraen-3-one', 'Pimara-7,15-dien-3β-ol', ""Isosakuranetin; 5,7-dihydroxy-4'-methoxyflavanone"", ""1,4-Dihydroxy-2-(3',7'-dimethyl-1'-oxo-2'-E-6'-octadienyl)benzene"", ""Sakuranetin; 5,4'-dihydroxy-7-methoxyflavanone"", ""4-Hydroxy-3-(3',7'-dimethyl-3'-hydroxy-1'-oxo-6'-octenyl)benzoic acid"", ""4-Hydroxy-(3',7'-dimethyl-1'-oxo-octa-2'-E-6'-dienyl)benzoic acid"", '(3Z,5Z)-N-isobutyl-8-(30,40-methylenedioxy-phenyl)-heptadienamide', 'Pellitorine', '(E)-piplartine', '4,5-dihydropiperyline', '(Z)-piplartine; 8(Z)-N-(12,13, 14-trimethoxycinnamoyl)- 3-pyridin-2-one', 'Piperine', '8,9-dihydropiplartine; N-(12,13,14-trimethoxydihydrocinnamoyl)-Δ3-pyridin-2-one', '10,11-dihydropiperine; Δα,β-dihydropiperine', '4,5-dihydropiperlonguminine; Piperlonguminine', ""N-[3-(6'-methoxy-3',4'-methy-lenedioxyphenyl)-2(Z)-propenoyl]pyrrolidine"", '5,7-dimethoxy-2,2-dimethyl-2H-1-benzopyran-6-propanoic acid', ""3',4',5',3,5,7,8-heptamethoxyflavone"", ""3,5,6,7,3',4',5'-heptamethoxyflavonol"", 'Tagitinin C', '1-methoxy-3-hydroxy-3,10b-4,5a-diepoxy-8b-isobutyroyloxygermacr-11(13)-en-6a,12-olide', 'Methacrylic acid', '4-metoxi-6-[2-(metilamino)fenil]- 2H-piran-2-ona', 'β-caryophyllene, trans-caryophyllene', 'Cuspanine; 1-hydroxy-2,3,5,6-tetramethoxy-9-acridone', 'Cusculine; 1,2,3,5,6-pentamethoxy-9-acridone', '2α,3α-Dihydroxy-urs-12-en-28-oic acid', '3-O-β-D-(6’-methyl)-glucopyranosyl-28-O-β-D-glucopyranosyl-oleanate', 'Oleanolic acid 3-sophoroside', 'Haplotusine', 'β-Sitosterol benzoate', '5-hydroxyflavone', '2-phenyl-4H-chromen-4-one', 'Sinapyl 4-O-β-D-glucopyranoside aldehyde', 'Sinapyl 4-O-β-D-glucopyranoside alcohol', 'Liriodenine', 'N-acetylnonaine', '[10]-gingerol', ""2,4-Dihydroxy-6-[(1'E,3'E)-penta-1', 3'-dienyl]-benzaldehyde"", 'Nitensidine A', '2-methyl-5-[8(Z)-pentadecenyl]resorcinol', '2-hydroxyphenylacetic acid', '3-O-β-D-quinovopyranosyl quinovic acid', 'Kaempferol', '(4R)-4,8-dihydroxy-α-tetralone', 'Chlorogenic acid', 'Chalepin', 'Gallic acid; 3,4,5-trihydroxybenzoic acid', 'Quercitrin, 3-O-α-rhamnosylquercetin', 'Caseobliquin A', 'Methyl angolensate', ""5-(3'' -Hydroxypropyl)-7-methoxy-2-(3',4' -methyl-enedioxyphenyl)benzofuran"", '22β-hydroxypristimerin', '19,20-Epoxycytochalasin N', 'ellagic acid 4-O-α-L-rhamnopyranoside; eschweilenol C', 'Mayoside C', 'Ourateacatechin', ""3',4',5',5,7-pentamethoxyflavone"", '2-methyl-5-pentadecylresorcinol', '3β-hydroxy-stigmast-5-en-7-one; 24-β-7-oxositosterol', 'scillascillin', 'Viburgenin', ""Pterogynoside; Kaempferol-3-O-(3''-O-4'''-methylgallate-α-L-rhamnoside)"", 'Isobutyl gallate', '7′-multijuguinone', 'Griseofulvin', ""7-Hydroxy-4',6-dimethoxyisoflavone; Afrormosin; Afromosin"", '8-methoxymellein', '(±)-Syringaresinol', '2,7-Di-O-acetylcasearupestrin A', 'Nitensidine B', '1-methyl-2-n-nonyl-4-quinolone', '5-[8(Z),11(Z),14-pentadecatrienyl]resorcinol', 'Kokusaginine', ""2-(2'-O-trans-caffeoyl)-C-β-D-glucopyranosyl-1,3,6,7-tetrahydroxyxanthone"", 'Netzahualcoyene', 'Casearin X Dialdehyde; (2R*,4aS*,5S*,7R*,8R*,8aS*)-4,4a-Diformyl-1,2,4a,5,6,7,8,8a-octahydro-5-hydroxy-7,8-dimethyl-8-[(2Z)-3-methylpenta-2,4-dien-1-yl]naphthalen-2-yl Butanoate', 'polypodine B', 'n-Propyl gallate', ""3',4',5',5,7,8-hexamethoxyflavone"", 'Isopropyl gallate', ""8-hydroxy-3,5,7,3',4',5'-hexamethoxyflavonol"", 'Odoratol', 'Leptomerine', '5-hydroxy-N-methylseverifoline', '2,4,6-trimethoxybenzoic acid', '1-O-(E)-caffeoyl-β-D-glucopyranoside', 'Maculosidine', 'Podocarpusflavone A', 'Casearupestrin C', '6α-malonyloxy-n-butyl ester manoyl oxide', 'citrusinine-I', 'Ricinine', 'Leptophyllin A', '5-pentadecylresorcinol', 'Piperol B', '(-)-Hardwickiic acid', ""5-[3''-(β-D-glucopyranosyloxy)propyl]-7-methoxy-2-(3',4'-methylenedioxyphenyl)benzofuran"", 'Rel-2α-hydroxyzuelanin-6β-benzoate', '2,6-di-O-acetylcasearupestrin D', ""Methyl-2,2-dimethyl-8-(3'-methylbut-2'-enyl)chroman-6-carboxylate"", '2-Methyl-4-hydroxy-butyl caffeoate', 'N-1,N-2,N-3-Triisopentenylguanidine', 'Dibenzyl trisulphide', 'Maytenin, Tingenone', '19,20-Epoxycytochalasin D', 'fumiquinozoline F', 'Kaempferol 3-O-α-L-rhamnopyranosyl (1→6)-O-[β -D-glucopyranosyl (1→3)-O-α-L-rhamnopyranosyl-(1→2)]-O-β -D-glucopyranosyl', '3β-O-[α-L-rhamnopyranosyl-(1→2)-O-β-D-glucopyranosyl-(1→2)-O-β-D-glucopyranosyl]-28-O-β-D-glucopyranoside pomolate', 'Dibenzyl tetrasulphide', ""2',5-dihydroxy-3-methoxy-8-dimethylallyl-6, 7-(2' ',2''-dimethylpyrano)-dihydroflavonol"", '2-n-nonyl-4-quinolone', 'Cytochalasin D', 'Isoorientin', '6β-hydroxy-7-epigardoside methyl ester', 'Tetrahydropiperyline, N-[10-(13,14-methylenedioxyphenyl)-pentanoyl]-pyrrolidine', 'Piperovatine', 'Uracil', 'urauchimycin A', 'p-Coumaric acid', '(-)-Epigallocatechin', 'Netzahualcoyonol', '1-[3-(3,7-dimethylocta-2,6-dien-1-yl)-2,4,6- trihydroxyphenyl]-3-(4-hydroxyphenyl)propan-1-one', '6α-malonyloxymanoyl oxide', 'Benzylhydroxymethyl sulphide', '1,6-di-O-caffeoyl-β-D-glucopyranoside', '2-methyl-5-[8(Z),11(Z),14-pentadecatrienyl]resorcinol', 'urauchimycin B', 'Homoegonol', '[8]-gingerol', '4-Hydroxymellein', '5-hydroxymellein', '28-O-β-D-glucopyranosyl quinovic acid', 'Pristimerin; 20α-3-hydroxy-2-oxo-24-nor-friedela-1-10,3,5,7-tetraen-carboxylic acid-29-methylester', 'fraxinellonone', 'Dibenzyl sulphide', '(-) Cis-4-hydroxy-6-deoxyscytalone', 'Plumericin', '5-[8(Z),11(Z)-pentadecadienyl]resorcinol', '(-)-Spectalinine', '20-hydroxyecdysone; polypodine A', '3-Acetyl aleuritolic acid', 'Alkenoic acid', 'Quercetin 3-O-α-L-rhamnopyranosyl (1→6)-O-[β -D-glucopyranosyl (1→3)-O-α-L-rhamnopyranosyl-(1→2)]-O-β -D-glucopyranosyl', 'Heveaflavone', 'Arboreumine', '3-Oxoursolic acid', 'Casearupestrin B', 'toonacilin', 'Piperyline, N-[10-(13,14-methylenedioxyphenyl)-7(E),9(E)-pentadienoyl]-pyrrolidine', 'ω-fenil alcanoic acid', '2-butyl-D-fructofuranoside', 'Pedalitin', '1-O-(E)-feruloyl-β-D-glucopyranoside', '19,20-Epoxycytochalasin C', 'n-Pentyl gallate', 'Orcinol', 'Periconicin B', 'Phomopsilactone', ""(2S)-8-Isopentyl-2-methyl-2-(4'-methylpentyl)chroman-6-carboxylic acid"", '2,2-dimethyl-2H-chromene-6-carboxylic acid', '1,2-dihydro- 3β-hydroxy-7-deacetoxy-7-oxogedunin', 'Photogedunin', 'Casearin X; (1R*,3S*,5S*,6aR*,7S*,8S*,10R*,10aR*)-1-(Acetyloxy)-3,5,6,6a,7,8,9,10-octahydro-10-hydroxy-7,8-dimethyl-7-[(2Z)-3-methylpenta-2,4-dien-1-yl]naphtho[1,8a-c]furan-3,5-diyl Dibutanoate', 'Netzahualcoyondiol', ""2-(2'-O-benzoyl)-C-β-D-glucopyranosyl-1,3,6,7-tetrahydroxyxanthone"", 'Isoplumericin', 'Skimmianine', 'p-hydroxybenzoic acid-geranyl ester', '3,4,5-trimethoxyphenyl 1-O-β-D-apiofuranosyl-(1→6)-O-β-D-glucopyranoside', 'β-photogedunin', 'n-Butyl gallate', ""5-[3''-(β-D-glucopyranosyloxy)propyl]-7-methoxy-2-(3',4'-dimethoxyphenyl)benzofuran"", '3,12-Dihydroxycadalene', '7-hydroxy-3- (11-dimethylallyl)-8-methoxycoumarin', ""N-[7-(3',4'-methylenedioxyphenyl)-2(Z),4(Z)-heptadienoyl]pyrrolidine"", ""Acteoside; [β-3,4-dihydroxyphenyl)-ethyl]-(3'-O-α-L-rhamnopyranosyl)-(4'-O-cafeoyl)-β-D-glycopyranoside, verbascoside"", 'α-L-xylopyranosyl-(4""→20)-(3-O-β-D-glucopyranosyl)-1\'-O-E-caffeoyl-β-D-glucopyranoside', ""2-(R)-Methyl-6-(S)-(tetradecyl-13'-one)-3(R)-O-tert-butyldimethylsilyl-piperidine"", '(2S)-Methyl-2-methyl-8-(3""-methylbut-2""-enyl)-2-(4\'-methylpent-3\'-enyl)-2H-chromene-6-carboxylate', 'Casearin T', '5-[8(Z)-pentadecenyl]resorcinol', 'Luteolin; 2-(3,4-dihydroxyphenyl)-5,7-dihydroxy-4H-chromen-4-one', 'Sinapic acid', '19,20-Epoxycytochalasin Q', '19,20-Epoxycytochalasin R', 'Muraxanthone', ""Gaudichaudianic acid; (2S)-2-methyl-2-(4'methyl-3'-pentenyl)-8-(3''-methyl-2-butenyl)- 2H-1-benzopyran-6-carboxylic acid"", 'limonexic acid', 'Di(benzyltrithio) methane', '3,11,12-Trihydroxycadalene', 'Quercetin 3-O-sophoroside', '(3R,4R)-3,4-Dihydro-4,6-dihydroxy-3-methyl-1-oxo-1H-isochromene-5-carboxylic acid', '24-methylene-3,22-dihydroxycholesterol', 'amorphispironone', 'Casearupestrin D', 'Chaetoglobosin B', '6α-acetoxy-14β,15β-epoxyazadirone', 'epoxy-fraxinellone', '12′-hydroxy-7′-multijuguinone', 'Kaempferitrin', 'Nitensidine C', 'Dipropyl disulphide', 'Dibenzyl disulphide', 'Proanthocyanidin', 'neoisoastilbin', '(R)-7-Hydroxymellein', '6α-acetoxymanoyl oxide', 'Methyl-8-hydroxy-2,2-dimethylchroman-6-carboxylate', 'N-[10-(13,14-methylenedioxyphenyl)-7(E),9(Z)-pentadienoyl]-pyrrolidine', '6-[8(Z)-pentadecenyl]salicylic acid', '(2S)-2-methyl-8-(3""-methylbut-2""-enyl)-2-(4\'-methylpent-3\'-enyl)-2H-chromene-6-carboxylic acid', 'Burchellin', 'Platydesmine', 'Leiokinine A', 'Cabraleadiol', 'schaftoside', ""(2S)-Methyl-8-isopentyl-2-methyl-2-(4'-methylpentyl)chroman-6-carboxylate"", 'Casearupestrin A', '2-oxo-piperol B; (7S*, 8R*, 1R*, 3R*)-3,4,5-trimethoxy-3,7-cyclo-8,1-neolig-8-ene-2,4(3H)-dione', '3,4,5-Triacetoxybenzoic acid', 'Odoratone', 'Rel-6β-hydroxyzuelanin-2β-benzoate', 'shidasterone', '5-hydroxymethyl- 2-furancarboxaldehyde; 5-hydroxymethyl-2-furfuraldehyde', 'atalaphyllinine', 'N-[10- (13,14-methylenedioxyphenyl)-7(E)-pentaenoyl]-pyrrolidine', '2-Methyl-5-methoxy-benzopyran-4-one', '3,4-dihydroxybenzoic acid geranyl ester', '3-O-β-D-quinovopyranosyl cincholic acid', 'Afzelin, 3-O-α-rhamnosyl kaempferol', 'Egonol', '4-Nerolidilcatechol', ""2-(2'-O-transcoumaroyl)-C-β-D-glucopyranosyl-1,3,6,7-tetrahydroxyxanthone"", 'Syringic acid', '(+)-3-O-feruloylcassine', '2-methyl-5-[8(Z),11(Z)-pentadecadienyl]resorcinol', 'Methyl 6,7,8-trimethoxydihydrocinnamate', '2-Hexyl-3-methyl-butanodioic acid', 'fraxinellone', '6-[ 8(Z),11(Z) -pentadecadienyl] salicylic acid', 'Gedunin', 'Pedalin, pedalitin 6-O-β -glucopyranoside', 'Caseargrewiin F; (1R*,3S*,5S*,6aR*,7S*,8R*,10R*,10aR*)-1,3-Bis(acetyloxy)-3,5,6,6a,7,8,9,10-octahydro-10-hydroxy-7,8-dimethyl-7-[(2Z)-3-methylpenta-2,4-dien-1-yl]naphtho[1,8a-c]furan-5-yl Butanoate', 'Casearin L; (1R*,3S*,5S*,6aR*,7R*,8R*,9S*,10S*,10aR*)-1,10-Bis(acetyloxy)-3,5,6,6a,7,8,9,10-octahydro-9-hydroxy-5-methoxy-7,8-dimethyl-7-[(2Z)-3-methylpenta-2,4-dien-1-yl]naphtho[1,8a-c]-furan-3-yl Butanoate', 'carlinoside', 'Methyl-8-(ethanoyloxy)-2,2-dimethyl-2H-chromene-6-carboxylate', 'Amentoflavone', '1-(5,7-dihydroxy-2,2-dimethylchroman-6-yl)-3-(1,1,4a-trimethyl-2,3,4,4a,9a-hexahydro-1H-xanthen-7-yl)propan-1-one', 'Methyl (E)-6,7,8-trimethoxycinnamate', '3,4,5-Trimethoxyphenyl-1-O-β-D-(5-O-syringoyl)-apiofuranosyl-(1→6)-β-D-glucopyranoside', '6-[8(Z),11(Z),14-pentadecatrienyl]salicylic acid', 'taxifolin', ""(2'S)-2-(propan-2'-ol)-5-hydroxy-benzopyran-4-one"", 'Rel-(+)-(7S,9R,10S)-3,9,12-trihydroxycalamenene', 'Casearin S', '11β-acetoxyobacunone', '1-(5,7-dihydroxy-2,2-dimethylchroman- 6-yl)-3-[4-hydroxy-3-(3-methylbut-2-en-1-yl)- phenyl]propan-1-one', '(3R,4R)-4,7-Dihydroxymellein', ""Nitensoside B; Pedalitin 6-O-α-rhamnopyranosyl(1'''→6'')-β-glucopyranoside"", 'Methyl gallate', 'Amentoflavone 7”,4”’-dimethyl ether', 'Picramnioside F', 'Lauryl gallate', 'Syringaldehyde', '22-hydroxytirucalla-7,24-diene-2,3-dione', 'Trans-3’-methylsulphonylallyl trans-cinnamate', '(3-(2-(4-hydroxyphenyl)-2-oxoethyl)-5,6-dihydropyridin- 2(1H)-one)', 'Mangiferin', 'Salacin', '6-pentadecylsalicylic acid', 'Methyl-2,2-dimethylchroman-6-carboxylate', ""Myrsinoic acid A, 3-Geranyl-4-hydroxy-5-(3'',3''-dimethylallyl)benzoic acid"", '20α-Hydroxymaytenin; 20-hydroxy-20-epi-tingenone', '(-)-Epigallocatechin-3-O-gallate', 'Casearin D; (1R*,3S*,5S*,6aR*,7R*,8R*,9S*,10S*,10aR*)-1-(Acetyloxy)-3,5,6,6a,7,8,9,10-octahydro-5,10-dihydroxy-7,8-dimethyl-7-[(2Z)-3-methylpenta-2,4-dien-1-yl]naphtho[1,8a-c]furan-3,9-diyl Dibutanoate', 'Rel. (+)-(7S,10S) 3,12-dihydroxycalamenene', '1- (5,7-dihydroxy-2,2-dimethylchroman-6-yl)-3-(2,2-dimethylchroman- 6-yl)propan-1-one', 'Canavaline', 'Di-hydrodehydrodiconiferyl alcohol', 'Quercetin', ""2-(2'-O-trans-cinnamoyl)-C-β-D-glucopyranosyl-1,3,6,7-tetrahydroxyxanthone"", 'Ocotillone', 'des-N-methylnoracronycine', 'Sorbifolin 6-O-β-glucopyranoside', 'Sorbifolin', ""Nitensoside A; Sorbifolin 6-O-α-rhamnopyranosyl(1'''→6'')-β-glucopyranoside"", 'Casearin O; (1R*,3S*,5S*,6aR*,7R*,8R*,9S*,10S*,10aR*)-1,10-Bis(acetyloxy)-5-methoxy-7,8-dimethyl-7-[(2Z)-3-methylpenta-2,4-dien-1-yl]-3,5,6,6a,7,8,9,10-octahydronaphtho[1,8a-c]furan-3,9-diyl Dibutanoate', 'germacrene D', '2β-Hydroxyzuelanin-6β-cinnamate', 'arjunolic acid', 'stachysterone', 'Ethyl 2,4-dihydroxy-5,6-dimethylbenzoate', 'Cyclo-(L-Pro-L-Val)', 'Acetonide of odoratol', '(−)-Grandisin', '24-methylenecycloartan-3b-ol', 'Ixoside', 'Cognatine', 'Fagaramide']]",doi_name
"['10.1021/np030100t', 'Muraxanthone']","['10.1021/np030100t', ['Galioside aglicone', 'Teucrein', '11-O-trans-feruloylteucrein', 'Apodanthoside', 'Galioside', 'Hinesol', 'guaiol', 'γ-eudesmol', 'α-eudesmol', 'Mycoleptone A', '9-hydroxyeugenin', 'Eugenitin', 'Austdiol diacetate', 'Austdiol', 'Mycoleptone B', '6-methoxyeugenin', 'Mycoleptone A tetraacetate', ""2'-hydroxy-3,4,4'-trimethoxy-5',6'-(2'',2''-dimethylpyrano)-chalcone"", ""3',4'-methylenedioxy-5,6,7- trimethoxyflavone"", ""3',4'-methylenedioxy-5,5',6,7-tetramethoxyflavone"", ""3',4'-methylenedioxy-5,7-dimethoxyflavone"", '3,21-Di-epi-feroniellide B', '21β,25-dimethylmelianodiol', '21α,25-dimethylmelianodiol', 'Secoxyloganin', '7-Methoxydiderroside', ""6'-Acetyl-β-D-glucopyranosyldiderroside"", 'Diderroside', '5,7-dimethoxy-2,2-dimethyl-2H-1-benzopyran-6-propanoate', 'Sargachromenol', ""7,4'-Dihydroxyflavone"", 'Sargaquinoic acid', '21´-(3,4-Methylenedioxyphenyl)-henicosanoic acid', ""7,4'-Dimethoxyflavone"", '19´-(3,4-Methylenedioxyphenyl)-nonadecanoic acid', '(+)-Guaiacin', 'Farnisine', ""Juruenolic acid; 2-(4'-Methylpentenyl-3)-10-oxoundecan-2,6-dienoic acid"", 'Fasciculiferin', 'Tithonine', '17-(3,4-Methylenedioxyphenyl)-heptadecanoic acid', ""3-(3',7 '-dimethyl-2',6 '-octadienyl)-4-methoxy-benzoic acid"", ""4-Methoxy-3-(3',7'-dimethylocta-2'-E-6'-dienyl)benzoic acid"", 'Methyl-8-hydroxy-2,2-dimethyl-2H-chromene-6-carboxylate', 'Nectandrin B', 'Verrucosin', 'Epi-guaiacin', '7-Methyl-sargachromenol; 2,7,8-Trimethyl-2-[(3-E,7-Z)-4,12-dimethyl-8-carboxyl-3,7,11-tridecatrienyl]-3-chromen-6-ol, β-caroteno', 'Chlorogenic acid methyl ester, Methyl (1S,3R,4R,5R)-3-{[(2E)-3-(3,4-dihydroxyphenyl)-2-propenoyl]oxy}-1,4,5-trihydroxycyclohexanecarboxylate', '(-)-3-O-acetyl-spectaline', '2,3-dihydro-4,9-dihydroxy-2-(2-hydroxy-propan-2-yl)- 11-methoxy-10-methylfuro[3,2-b]acridin-5(10H)-one', 'bis-5-hydroxyacronycine', 'Citibrasine', ""Rel-(7R,8S,7'S,8'S)-4'-hydroxy-3,4,5,3',5'-pentamethoxy-7,7'-epoxylignan"", ""Rel-(7R,8S,7'S,8'S)-4-hydroxy-4',5'-methylenedioxy-3,5,3'-trimethoxy-7,7'-epoxylignan"", ""Rel-(7R,8S,7'S,8'S)-9-hydroxy-4',5'-methylenedioxy-3,4,5,3'-tetramethoxy-7,7'-epoxylignan"", ""Rel-(7R,8S,7'S,8'S)-4',5'-methylenedioxy-3,4,5,3'-tetramethoxy-7,7'-epoxylignan"", ""Rel-(7R,8S,7'S,8'S)-4,5,4',5'-dimethylenedioxy-3,3'-dimethoxy-7,7'-epoxylignan"", ""2-(1'-pentenyl)-Quinoline"", '2-n-Propylquinoline', '2-n-Pentylquinoline', ""2-(3',4'-methylenedioxyphenylethyl)-Quinoline"", 'α-Gardiol', 'Ferulic acid', 'β-Gardiol', 'Xanthyletin', 'cyclo (L)-Pro-Gly', 'Pyranofoline', 'Citrusinine-I', '5-hydroxynoracronycine; Atalaphyllidine', 'Glycocitrine-IV', 'Glycocitrine-I', '1,3,5-trihydroxy- 2,8-bis(3-methylbut-2-enyl)-10-methyl-9-acridone', 'Citrusinine-II', '1,3,5-trihydroxy-4-methoxy-10-methyl- 2,8-bis(3-methylbut-2-enyl)acridin-9(10H)-one', '3,4-dihydro-3,5,8-trihydroxy-6-methoxy-2,2,7-trimethyl-2Hpyrano[ 2,3-a]acridin-12(7H)-one', 'Nitensidine E', 'Nitensidine D', 'p-hydroxybenzoic acid', '2α,3α-dihydroxyolean-12- en-28-oic acid', 'penduletin 4-O-methyl ether', '3,3-O-dimethylquercetin', '3,7,4-O-trimethylkaempferol', '3-O-methylquercetin', 'acacetin', 'Chrysoeriol', '2α,3α,19α- trihydroxyurs-12-en-28-oic acid', ""3,4-dimethyl-2-(4'-hydroxy-3',5'-dimethoxyphenyl)-5-methoxy-tetrahydrofuran"", '10,11-dihydropiperine; Δα,β-dihydropiperine', '8,9-dihydropiplartine; N-(12,13,14-trimethoxydihydrocinnamoyl)-Δ3-pyridin-2-one', 'Piperine', '4,5-dihydropiperlonguminine; Piperlonguminine', ""N-[3-(6'-methoxy-3',4'-methy-lenedioxyphenyl)-2(Z)-propenoyl]pyrrolidine"", '(E)-piplartine', '4,5-dihydropiperyline', '(Z)-piplartine; 8(Z)-N-(12,13, 14-trimethoxycinnamoyl)- 3-pyridin-2-one', '(3Z,5Z)-N-isobutyl-8-(30,40-methylenedioxy-phenyl)-heptadienamide', 'Pellitorine', '(+)-Erythravine', '(+)-11α-Hydroxyerythravine', '(+)-α-Hydroxyerysotrine', 'Kaempferol-3-O-α-L-rhamnopyranosyl-(1→6)-β-D-galactopyranoside', 'Kaempferol-3-O-rutinoside', 'Catechin, Ent-catechin', '6-Hydroxy-rutin', 'Procyanidin B-3', 'Kaempferol-3-O-α-L-rhamnopyranosyl-(1-6)-α-L-rhamnopyranosyl-(1-4)-β-D-glucopyranoside', 'Quercetin-3-O-α-L-rhamnopyranosyl-(1→6)-β-D-galactopyranoside', 'Kaempferol-3-O-D-glucopyranoside', 'Kaempferol-3-O-D-galactopyranoside', ""Aduncumene; Methyl 2-methoxy-5-(3'-methyl-1'-oxo-2'-butenyl)benzoate"", ""4-Hydroxy-(3',7'-dimethyl-1'-oxo-octa-2'-Z-6'-dienyl)benzoic acid"", ""Methyl 4-hydroxy-3-(3'-methyl-2'-hydroxy-3'-butenyl)benzoate"", ""4-Hydroxy-3-(3',7'-dimethylocta-2'-E-6'-dienyl)benzoic acid"", 'Piperaduncine B', ""Hostmaniene; 4-Hydroxy-3-(2',3'-dihydroxy-3'-methylbutyl)benzoate"", ""Methyl taboganate; Methyl 4-hydroxy-3-(3'-methyl-1'-oxo-2'-butenyl)benzoate"", ""Methyl 4-hydroxy-3-(3'-methyl-2'-butenyl)benzoate"", '3,4,5-Trimethoxydihydrocinnamic acid', 'Methyl 2,2-dimethyl-1-oxo-2H-1-benzopyran-6-carboxylate', ""2',6'-Dihydroxy-4'-methoxydihydrochalcone"", '5,7-dimethoxy-2,2-dimethyl-2H-1-benzopyran-6-propanoic acid', 'Aphidicolin', 'Isopimpinellin', '3,4-dehydro-strictosidine', 'Harman-3-carboxylic acid', '3,4-dehydrostrictosidine acid', 'Cordifoline', 'Turbinatine', 'Strictosidine acid', '5α-carboxystrictosidine', 'Deoxycordifoline', 'Taraxerol acetate', 'Methyl (3R,4R,5R)-3-{[(2E)-3-(3,4-dihydroxyphenyl)-2-propenoyl]oxy}-1,4,5-trihydroxycyclohexanecarboxylate', 'Methyl (3R,4R,5R)-3-{[(2Z)-3-(3,4-dihydroxyphenyl)-2-propenoyl]oxy}-1,4,5-trihydroxycyclohexanecarboxylate', 'Beauvericin', 'Anhydrofusarubin', ""3',4',5',3,5,7,8-heptamethoxyflavone"", ""3,5,6,7,3',4',5'-heptamethoxyflavonol"", '1-methoxy-3-hydroxy-3,10b-4,5a-diepoxy-8b-isobutyroyloxygermacr-11(13)-en-6a,12-olide', 'Tagitinin C', ""4-Hydroxy-3-(3',7'-dimethyl-3'-hydroxy-1'-oxo-6'-octenyl)benzoic acid"", ""1,4-Dihydroxy-2-(3',7'-dimethyl-1'-oxo-2'-E-6'-octadienyl)benzene"", ""Isosakuranetin; 5,7-dihydroxy-4'-methoxyflavanone"", ""4-Hydroxy-(3',7'-dimethyl-1'-oxo-octa-2'-E-6'-dienyl)benzoic acid"", ""Sakuranetin; 5,4'-dihydroxy-7-methoxyflavanone"", 'Nilocetin', 'Hispidol A', 'Pentaol', '3,11-dioxoolean-12-en-28- onic acid', 'cryptomeridiol', 'Iso-odoratol', 'Piscidinol A', 'Oleanonic acid', 'astilbin; Rel-(2R, 3R)-dihydroquercetin-3-O-±-L-rhamnoside', '4-metoxi-6-[2-(metilamino)fenil]- 2H-piran-2-ona', 'Stearic acid 4-pentoyloxyphenethyl ester', 'Clusifoliol', ""Isoswertisin-4'-methyl-ether-2''α-L-rhamnoside"", '2-Episesalatin', ""Isoswertisin-2''α1-L-rhamnoside"", 'Sesartemin', '8-hydroxy-6-methoxy-3-methylisocoumarin', 'Ergosterol peroxide', '(22E,24R)-ergosta-4,6,8(14),22-tetraen-3-one', 'Dimethyl terephthalate', 'Pimara-7,15-dien-3β-ol', 'β-caryophyllene, trans-caryophyllene', 'Methacrylic acid', 'Cusculine; 1,2,3,5,6-pentamethoxy-9-acridone', 'Cuspanine; 1-hydroxy-2,3,5,6-tetramethoxy-9-acridone', '2α,3α-Dihydroxy-urs-12-en-28-oic acid', 'Oleanolic acid 3-sophoroside', '3-O-β-D-(6’-methyl)-glucopyranosyl-28-O-β-D-glucopyranosyl-oleanate', 'β-Sitosterol benzoate', '5-hydroxyflavone', '2-phenyl-4H-chromen-4-one', 'Haplotusine', 'Sinapyl 4-O-β-D-glucopyranoside aldehyde', 'N-acetylnonaine', 'Sinapyl 4-O-β-D-glucopyranoside alcohol', 'Liriodenine', '[10]-gingerol', ""2,4-Dihydroxy-6-[(1'E,3'E)-penta-1', 3'-dienyl]-benzaldehyde"", '2-methyl-5-[8(Z)-pentadecenyl]resorcinol', 'Kaempferol', '2-hydroxyphenylacetic acid', '3-O-β-D-quinovopyranosyl quinovic acid', '(4R)-4,8-dihydroxy-α-tetralone', 'scillascillin', 'Chlorogenic acid', 'Chalepin', 'Kokusaginine', ""2-(2'-O-trans-caffeoyl)-C-β-D-glucopyranosyl-1,3,6,7-tetrahydroxyxanthone"", 'Netzahualcoyene', 'Casearin X Dialdehyde; (2R*,4aS*,5S*,7R*,8R*,8aS*)-4,4a-Diformyl-1,2,4a,5,6,7,8,8a-octahydro-5-hydroxy-7,8-dimethyl-8-[(2Z)-3-methylpenta-2,4-dien-1-yl]naphthalen-2-yl Butanoate', 'polypodine B', 'n-Propyl gallate', 'Leptomerine', '5-hydroxy-N-methylseverifoline', '19,20-Epoxycytochalasin N', 'ellagic acid 4-O-α-L-rhamnopyranoside; eschweilenol C', 'Mayoside C', 'Ourateacatechin', ""3',4',5',5,7-pentamethoxyflavone"", '2-methyl-5-pentadecylresorcinol', '3β-hydroxy-stigmast-5-en-7-one; 24-β-7-oxositosterol', ""Pterogynoside; Kaempferol-3-O-(3''-O-4'''-methylgallate-α-L-rhamnoside)"", 'Isobutyl gallate', '7′-multijuguinone', 'Griseofulvin', ""7-Hydroxy-4',6-dimethoxyisoflavone; Afrormosin; Afromosin"", '8-methoxymellein', '(±)-Syringaresinol', 'fraxinellonone', 'Quercetin', ""2-(2'-O-trans-cinnamoyl)-C-β-D-glucopyranosyl-1,3,6,7-tetrahydroxyxanthone"", 'Ocotillone', 'des-N-methylnoracronycine', 'Sorbifolin 6-O-β-glucopyranoside', 'Rel-2α-hydroxyzuelanin-6β-benzoate', '2,6-di-O-acetylcasearupestrin D', ""Methyl-2,2-dimethyl-8-(3'-methylbut-2'-enyl)chroman-6-carboxylate"", '2,7-Di-O-acetylcasearupestrin A', 'Nitensidine B', '1-methyl-2-n-nonyl-4-quinolone', '5-[8(Z),11(Z),14-pentadecatrienyl]resorcinol', 'Nitensidine A', ""8-hydroxy-3,5,7,3',4',5'-hexamethoxyflavonol"", 'Odoratol', 'Cytochalasin D', 'Isoorientin', 'Uracil', 'Maculosidine', 'Podocarpusflavone A', 'Casearupestrin C', '6α-malonyloxy-n-butyl ester manoyl oxide', 'citrusinine-I', 'Ricinine', 'Leptophyllin A', '5-pentadecylresorcinol', 'urauchimycin B', 'Homoegonol', '[8]-gingerol', '4-Hydroxymellein', '5-hydroxymellein', 'Pristimerin; 20α-3-hydroxy-2-oxo-24-nor-friedela-1-10,3,5,7-tetraen-carboxylic acid-29-methylester', '3,4,5-trimethoxyphenyl 1-O-β-D-apiofuranosyl-(1→6)-O-β-D-glucopyranoside', 'β-photogedunin', 'n-Butyl gallate', 'Dibenzyl sulphide', '(-) Cis-4-hydroxy-6-deoxyscytalone', 'Plumericin', '5-[8(Z),11(Z)-pentadecadienyl]resorcinol', '(-)-Spectalinine', '19,20-Epoxycytochalasin D', 'fumiquinozoline F', 'Kaempferol 3-O-α-L-rhamnopyranosyl (1→6)-O-[β -D-glucopyranosyl (1→3)-O-α-L-rhamnopyranosyl-(1→2)]-O-β -D-glucopyranosyl', '3β-O-[α-L-rhamnopyranosyl-(1→2)-O-β-D-glucopyranosyl-(1→2)-O-β-D-glucopyranosyl]-28-O-β-D-glucopyranoside pomolate', 'Dibenzyl tetrasulphide', ""2',5-dihydroxy-3-methoxy-8-dimethylallyl-6, 7-(2' ',2''-dimethylpyrano)-dihydroflavonol"", '2-n-nonyl-4-quinolone', 'Heveaflavone', 'Arboreumine', '3-Oxoursolic acid', 'Casearupestrin B', 'toonacilin', 'Pedalitin', 'urauchimycin A', 'p-Coumaric acid', '(-)-Epigallocatechin', 'Netzahualcoyonol', '1-[3-(3,7-dimethylocta-2,6-dien-1-yl)-2,4,6- trihydroxyphenyl]-3-(4-hydroxyphenyl)propan-1-one', '6α-malonyloxymanoyl oxide', 'Benzylhydroxymethyl sulphide', '1,6-di-O-caffeoyl-β-D-glucopyranoside', '2-methyl-5-[8(Z),11(Z),14-pentadecatrienyl]resorcinol', 'Netzahualcoyondiol', '1,2-dihydro- 3β-hydroxy-7-deacetoxy-7-oxogedunin', 'Photogedunin', 'Casearin X; (1R*,3S*,5S*,6aR*,7S*,8S*,10R*,10aR*)-1-(Acetyloxy)-3,5,6,6a,7,8,9,10-octahydro-10-hydroxy-7,8-dimethyl-7-[(2Z)-3-methylpenta-2,4-dien-1-yl]naphtho[1,8a-c]furan-3,5-diyl Dibutanoate', 'Skimmianine', 'p-hydroxybenzoic acid-geranyl ester', 'Dibenzyl disulphide', 'Proanthocyanidin', ""5-[3''-(β-D-glucopyranosyloxy)propyl]-7-methoxy-2-(3',4'-dimethoxyphenyl)benzofuran"", '3,12-Dihydroxycadalene', '7-hydroxy-3- (11-dimethylallyl)-8-methoxycoumarin', ""N-[7-(3',4'-methylenedioxyphenyl)-2(Z),4(Z)-heptadienoyl]pyrrolidine"", ""Acteoside; [β-3,4-dihydroxyphenyl)-ethyl]-(3'-O-α-L-rhamnopyranosyl)-(4'-O-cafeoyl)-β-D-glycopyranoside, verbascoside"", '20-hydroxyecdysone; polypodine A', '3-Acetyl aleuritolic acid', 'Alkenoic acid', 'Quercetin 3-O-α-L-rhamnopyranosyl (1→6)-O-[β -D-glucopyranosyl (1→3)-O-α-L-rhamnopyranosyl-(1→2)]-O-β -D-glucopyranosyl', 'Quercitrin, 3-O-α-rhamnosylquercetin', 'Caseobliquin A', 'Methyl angolensate', ""5-(3'' -Hydroxypropyl)-7-methoxy-2-(3',4' -methyl-enedioxyphenyl)benzofuran"", '22β-hydroxypristimerin', '1- (5,7-dihydroxy-2,2-dimethylchroman-6-yl)-3-(2,2-dimethylchroman- 6-yl)propan-1-one', 'Canavaline', 'Di-hydrodehydrodiconiferyl alcohol', '1-O-(E)-feruloyl-β-D-glucopyranoside', '19,20-Epoxycytochalasin C', 'n-Pentyl gallate', 'Orcinol', 'Periconicin B', 'Phomopsilactone', ""(2S)-8-Isopentyl-2-methyl-2-(4'-methylpentyl)chroman-6-carboxylic acid"", '2,2-dimethyl-2H-chromene-6-carboxylic acid', 'α-L-xylopyranosyl-(4""→20)-(3-O-β-D-glucopyranosyl)-1\'-O-E-caffeoyl-β-D-glucopyranoside', ""2-(R)-Methyl-6-(S)-(tetradecyl-13'-one)-3(R)-O-tert-butyldimethylsilyl-piperidine"", '(2S)-Methyl-2-methyl-8-(3""-methylbut-2""-enyl)-2-(4\'-methylpent-3\'-enyl)-2H-chromene-6-carboxylate', 'Casearin T', 'Piperyline, N-[10-(13,14-methylenedioxyphenyl)-7(E),9(E)-pentadienoyl]-pyrrolidine', 'ω-fenil alcanoic acid', '2-butyl-D-fructofuranoside', ""Gaudichaudianic acid; (2S)-2-methyl-2-(4'methyl-3'-pentenyl)-8-(3''-methyl-2-butenyl)- 2H-1-benzopyran-6-carboxylic acid"", 'limonexic acid', 'Di(benzyltrithio) methane', '28-O-β-D-glucopyranosyl quinovic acid', '2-Methyl-4-hydroxy-butyl caffeoate', 'N-1,N-2,N-3-Triisopentenylguanidine', 'Dibenzyl trisulphide', 'Maytenin, Tingenone', 'Gallic acid; 3,4,5-trihydroxybenzoic acid', '(3R,4R)-3,4-Dihydro-4,6-dihydroxy-3-methyl-1-oxo-1H-isochromene-5-carboxylic acid', '24-methylene-3,22-dihydroxycholesterol', 'amorphispironone', 'Casearupestrin D', 'Chaetoglobosin B', ""2-(2'-O-benzoyl)-C-β-D-glucopyranosyl-1,3,6,7-tetrahydroxyxanthone"", 'Isoplumericin', '6α-acetoxy-14β,15β-epoxyazadirone', 'epoxy-fraxinellone', '12′-hydroxy-7′-multijuguinone', 'Kaempferitrin', 'Nitensidine C', 'neoisoastilbin', '(R)-7-Hydroxymellein', '6α-acetoxymanoyl oxide', 'Methyl-8-hydroxy-2,2-dimethylchroman-6-carboxylate', '2-methyl-5-[8(Z),11(Z)-pentadecadienyl]resorcinol', 'Methyl 6,7,8-trimethoxydihydrocinnamate', '2-Hexyl-3-methyl-butanodioic acid', 'fraxinellone', '6-[ 8(Z),11(Z) -pentadecadienyl] salicylic acid', 'N-[10-(13,14-methylenedioxyphenyl)-7(E),9(Z)-pentadienoyl]-pyrrolidine', '6-[8(Z)-pentadecenyl]salicylic acid', '(2S)-2-methyl-8-(3""-methylbut-2""-enyl)-2-(4\'-methylpent-3\'-enyl)-2H-chromene-6-carboxylic acid', 'Burchellin', '5-[8(Z)-pentadecenyl]resorcinol', 'Luteolin; 2-(3,4-dihydroxyphenyl)-5,7-dihydroxy-4H-chromen-4-one', 'Sinapic acid', '19,20-Epoxycytochalasin Q', '19,20-Epoxycytochalasin R', '3,11,12-Trihydroxycadalene', 'Quercetin 3-O-sophoroside', '11β-acetoxyobacunone', '1-(5,7-dihydroxy-2,2-dimethylchroman- 6-yl)-3-[4-hydroxy-3-(3-methylbut-2-en-1-yl)- phenyl]propan-1-one', 'Muraxanthone', '3,4,5-Triacetoxybenzoic acid', 'Odoratone', 'Rel-6β-hydroxyzuelanin-2β-benzoate', 'shidasterone', '5-hydroxymethyl- 2-furancarboxaldehyde; 5-hydroxymethyl-2-furfuraldehyde', 'atalaphyllinine', 'N-[10- (13,14-methylenedioxyphenyl)-7(E)-pentaenoyl]-pyrrolidine', '2-Methyl-5-methoxy-benzopyran-4-one', '3,4-dihydroxybenzoic acid geranyl ester', 'Gedunin', 'Pedalin, pedalitin 6-O-β -glucopyranoside', 'Caseargrewiin F; (1R*,3S*,5S*,6aR*,7S*,8R*,10R*,10aR*)-1,3-Bis(acetyloxy)-3,5,6,6a,7,8,9,10-octahydro-10-hydroxy-7,8-dimethyl-7-[(2Z)-3-methylpenta-2,4-dien-1-yl]naphtho[1,8a-c]furan-5-yl Butanoate', 'Dipropyl disulphide', '1-(5,7-dihydroxy-2,2-dimethylchroman-6-yl)-3-(1,1,4a-trimethyl-2,3,4,4a,9a-hexahydro-1H-xanthen-7-yl)propan-1-one', 'Methyl (E)-6,7,8-trimethoxycinnamate', '3,4,5-Trimethoxyphenyl-1-O-β-D-(5-O-syringoyl)-apiofuranosyl-(1→6)-β-D-glucopyranoside', '6-[8(Z),11(Z),14-pentadecatrienyl]salicylic acid', 'Casearin L; (1R*,3S*,5S*,6aR*,7R*,8R*,9S*,10S*,10aR*)-1,10-Bis(acetyloxy)-3,5,6,6a,7,8,9,10-octahydro-9-hydroxy-5-methoxy-7,8-dimethyl-7-[(2Z)-3-methylpenta-2,4-dien-1-yl]naphtho[1,8a-c]-furan-3-yl Butanoate', 'Platydesmine', 'Leiokinine A', 'Cabraleadiol', 'schaftoside', ""(2S)-Methyl-8-isopentyl-2-methyl-2-(4'-methylpentyl)chroman-6-carboxylate"", 'Casearupestrin A', '2-oxo-piperol B; (7S*, 8R*, 1R*, 3R*)-3,4,5-trimethoxy-3,7-cyclo-8,1-neolig-8-ene-2,4(3H)-dione', 'taxifolin', ""(2'S)-2-(propan-2'-ol)-5-hydroxy-benzopyran-4-one"", 'Rel-(+)-(7S,9R,10S)-3,9,12-trihydroxycalamenene', 'Casearin S', ""Myrsinoic acid A, 3-Geranyl-4-hydroxy-5-(3'',3''-dimethylallyl)benzoic acid"", '20α-Hydroxymaytenin; 20-hydroxy-20-epi-tingenone', '(-)-Epigallocatechin-3-O-gallate', 'Casearin D; (1R*,3S*,5S*,6aR*,7R*,8R*,9S*,10S*,10aR*)-1-(Acetyloxy)-3,5,6,6a,7,8,9,10-octahydro-5,10-dihydroxy-7,8-dimethyl-7-[(2Z)-3-methylpenta-2,4-dien-1-yl]naphtho[1,8a-c]furan-3,9-diyl Dibutanoate', 'Rel. (+)-(7S,10S) 3,12-dihydroxycalamenene', '(3R,4R)-4,7-Dihydroxymellein', ""Nitensoside B; Pedalitin 6-O-α-rhamnopyranosyl(1'''→6'')-β-glucopyranoside"", 'Methyl gallate', '3-O-β-D-quinovopyranosyl cincholic acid', 'Afzelin, 3-O-α-rhamnosyl kaempferol', 'Egonol', '4-Nerolidilcatechol', ""2-(2'-O-transcoumaroyl)-C-β-D-glucopyranosyl-1,3,6,7-tetrahydroxyxanthone"", 'Syringic acid', '(+)-3-O-feruloylcassine', 'Amentoflavone', 'Amentoflavone 7”,4”’-dimethyl ether', 'Picramnioside F', 'Lauryl gallate', 'Syringaldehyde', '22-hydroxytirucalla-7,24-diene-2,3-dione', 'Trans-3’-methylsulphonylallyl trans-cinnamate', '(3-(2-(4-hydroxyphenyl)-2-oxoethyl)-5,6-dihydropyridin- 2(1H)-one)', 'Mangiferin', 'Viburgenin', 'Sorbifolin', ""Nitensoside A; Sorbifolin 6-O-α-rhamnopyranosyl(1'''→6'')-β-glucopyranoside"", 'Casearin O; (1R*,3S*,5S*,6aR*,7R*,8R*,9S*,10S*,10aR*)-1,10-Bis(acetyloxy)-5-methoxy-7,8-dimethyl-7-[(2Z)-3-methylpenta-2,4-dien-1-yl]-3,5,6,6a,7,8,9,10-octahydronaphtho[1,8a-c]furan-3,9-diyl Dibutanoate', 'germacrene D', 'Salacin', '6-pentadecylsalicylic acid', 'Methyl-2,2-dimethylchroman-6-carboxylate', ""3',4',5',5,7,8-hexamethoxyflavone"", 'Isopropyl gallate', '6β-hydroxy-7-epigardoside methyl ester', 'Tetrahydropiperyline, N-[10-(13,14-methylenedioxyphenyl)-pentanoyl]-pyrrolidine', 'Piperovatine', '2,4,6-trimethoxybenzoic acid', '1-O-(E)-caffeoyl-β-D-glucopyranoside', 'Piperol B', '(-)-Hardwickiic acid', ""5-[3''-(β-D-glucopyranosyloxy)propyl]-7-methoxy-2-(3',4'-methylenedioxyphenyl)benzofuran"", 'carlinoside', 'Methyl-8-(ethanoyloxy)-2,2-dimethyl-2H-chromene-6-carboxylate', '2β-Hydroxyzuelanin-6β-cinnamate', 'arjunolic acid', 'stachysterone', 'Ethyl 2,4-dihydroxy-5,6-dimethylbenzoate', 'Cyclo-(L-Pro-L-Val)', 'Acetonide of odoratol', '(−)-Grandisin', '24-methylenecycloartan-3b-ol', 'Ixoside', 'Cognatine', 'Fagaramide']]",doi_name
"['10.1016/j.phytochem.2008.01.006', 'Afzelin, 3-O-α-rhamnosyl kaempferol']","['10.1016/j.phytochem.2008.01.006', ['guaiol', 'Hinesol', 'γ-eudesmol', 'α-eudesmol', '11-O-trans-feruloylteucrein', 'Galioside aglicone', 'Teucrein', 'Apodanthoside', 'Galioside', '9-hydroxyeugenin', 'Mycoleptone A', '6-methoxyeugenin', 'Eugenitin', 'Mycoleptone B', 'Mycoleptone A tetraacetate', 'Austdiol', 'Austdiol diacetate', 'Nectandrin B', '7-Methyl-sargachromenol; 2,7,8-Trimethyl-2-[(3-E,7-Z)-4,12-dimethyl-8-carboxyl-3,7,11-tridecatrienyl]-3-chromen-6-ol, β-caroteno', 'Verrucosin', 'Epi-guaiacin', 'Chlorogenic acid methyl ester, Methyl (1S,3R,4R,5R)-3-{[(2E)-3-(3,4-dihydroxyphenyl)-2-propenoyl]oxy}-1,4,5-trihydroxycyclohexanecarboxylate', ""3',4'-methylenedioxy-5,5',6,7-tetramethoxyflavone"", ""2'-hydroxy-3,4,4'-trimethoxy-5',6'-(2'',2''-dimethylpyrano)-chalcone"", ""3',4'-methylenedioxy-5,6,7- trimethoxyflavone"", ""3',4'-methylenedioxy-5,7-dimethoxyflavone"", '5,7-dimethoxy-2,2-dimethyl-2H-1-benzopyran-6-propanoate', 'Kaempferol-3-O-D-galactopyranoside', 'Kaempferol-3-O-D-glucopyranoside', 'Quercetin-3-O-α-L-rhamnopyranosyl-(1→6)-β-D-galactopyranoside', '6-Hydroxy-rutin', 'Kaempferol-3-O-α-L-rhamnopyranosyl-(1-6)-α-L-rhamnopyranosyl-(1-4)-β-D-glucopyranoside', 'Procyanidin B-3', 'Catechin, Ent-catechin', 'Kaempferol-3-O-rutinoside', 'Kaempferol-3-O-α-L-rhamnopyranosyl-(1→6)-β-D-galactopyranoside', '7-Methoxydiderroside', 'Diderroside', ""6'-Acetyl-β-D-glucopyranosyldiderroside"", 'Secoxyloganin', 'Taraxerol acetate', 'Xanthyletin', ""2-(3',4'-methylenedioxyphenylethyl)-Quinoline"", '2-n-Propylquinoline', '2-n-Pentylquinoline', ""2-(1'-pentenyl)-Quinoline"", ""4-Methoxy-3-(3',7'-dimethylocta-2'-E-6'-dienyl)benzoic acid"", 'Methyl-8-hydroxy-2,2-dimethyl-2H-chromene-6-carboxylate', ""3-(3',7 '-dimethyl-2',6 '-octadienyl)-4-methoxy-benzoic acid"", '21´-(3,4-Methylenedioxyphenyl)-henicosanoic acid', ""7,4'-Dimethoxyflavone"", 'Sargachromenol', 'Farnisine', '19´-(3,4-Methylenedioxyphenyl)-nonadecanoic acid', 'Sargaquinoic acid', ""7,4'-Dihydroxyflavone"", '(+)-Guaiacin', 'Tithonine', 'Fasciculiferin', ""Juruenolic acid; 2-(4'-Methylpentenyl-3)-10-oxoundecan-2,6-dienoic acid"", '17-(3,4-Methylenedioxyphenyl)-heptadecanoic acid', ""Rel-(7R,8S,7'S,8'S)-4',5'-methylenedioxy-3,4,5,3'-tetramethoxy-7,7'-epoxylignan"", ""Rel-(7R,8S,7'S,8'S)-9-hydroxy-4',5'-methylenedioxy-3,4,5,3'-tetramethoxy-7,7'-epoxylignan"", ""Rel-(7R,8S,7'S,8'S)-4'-hydroxy-3,4,5,3',5'-pentamethoxy-7,7'-epoxylignan"", ""Rel-(7R,8S,7'S,8'S)-4,5,4',5'-dimethylenedioxy-3,3'-dimethoxy-7,7'-epoxylignan"", ""Rel-(7R,8S,7'S,8'S)-4-hydroxy-4',5'-methylenedioxy-3,5,3'-trimethoxy-7,7'-epoxylignan"", 'Pellitorine', '(3Z,5Z)-N-isobutyl-8-(30,40-methylenedioxy-phenyl)-heptadienamide', '(Z)-piplartine; 8(Z)-N-(12,13, 14-trimethoxycinnamoyl)- 3-pyridin-2-one', '4,5-dihydropiperyline', '10,11-dihydropiperine; Δα,β-dihydropiperine', '8,9-dihydropiplartine; N-(12,13,14-trimethoxydihydrocinnamoyl)-Δ3-pyridin-2-one', '4,5-dihydropiperlonguminine; Piperlonguminine', ""N-[3-(6'-methoxy-3',4'-methy-lenedioxyphenyl)-2(Z)-propenoyl]pyrrolidine"", '(E)-piplartine', 'Piperine', 'bis-5-hydroxyacronycine', '2,3-dihydro-4,9-dihydroxy-2-(2-hydroxy-propan-2-yl)- 11-methoxy-10-methylfuro[3,2-b]acridin-5(10H)-one', 'Citibrasine', '(-)-3-O-acetyl-spectaline', 'astilbin; Rel-(2R, 3R)-dihydroquercetin-3-O-±-L-rhamnoside', '1-methoxy-3-hydroxy-3,10b-4,5a-diepoxy-8b-isobutyroyloxygermacr-11(13)-en-6a,12-olide', 'Tagitinin C', '2α,3α,19α- trihydroxyurs-12-en-28-oic acid', 'penduletin 4-O-methyl ether', '3,3-O-dimethylquercetin', 'Chrysoeriol', 'acacetin', '3,7,4-O-trimethylkaempferol', '3-O-methylquercetin', '2α,3α-dihydroxyolean-12- en-28-oic acid', 'p-hydroxybenzoic acid', 'Citrusinine-I', '3,4-dihydro-3,5,8-trihydroxy-6-methoxy-2,2,7-trimethyl-2Hpyrano[ 2,3-a]acridin-12(7H)-one', 'Citrusinine-II', 'Glycocitrine-IV', '1,3,5-trihydroxy- 2,8-bis(3-methylbut-2-enyl)-10-methyl-9-acridone', 'Pyranofoline', '1,3,5-trihydroxy-4-methoxy-10-methyl- 2,8-bis(3-methylbut-2-enyl)acridin-9(10H)-one', 'Glycocitrine-I', '5-hydroxynoracronycine; Atalaphyllidine', 'β-Gardiol', 'Ferulic acid', 'α-Gardiol', ""3',4',5',3,5,7,8-heptamethoxyflavone"", ""3,5,6,7,3',4',5'-heptamethoxyflavonol"", 'cyclo (L)-Pro-Gly', 'Isopimpinellin', '3,21-Di-epi-feroniellide B', '21α,25-dimethylmelianodiol', '21β,25-dimethylmelianodiol', '(+)-α-Hydroxyerysotrine', '(+)-Erythravine', '(+)-11α-Hydroxyerythravine', ""4-Hydroxy-3-(3',7'-dimethyl-3'-hydroxy-1'-oxo-6'-octenyl)benzoic acid"", ""Sakuranetin; 5,4'-dihydroxy-7-methoxyflavanone"", ""1,4-Dihydroxy-2-(3',7'-dimethyl-1'-oxo-2'-E-6'-octadienyl)benzene"", ""Isosakuranetin; 5,7-dihydroxy-4'-methoxyflavanone"", ""4-Hydroxy-(3',7'-dimethyl-1'-oxo-octa-2'-E-6'-dienyl)benzoic acid"", 'Beauvericin', 'Anhydrofusarubin', ""Aduncumene; Methyl 2-methoxy-5-(3'-methyl-1'-oxo-2'-butenyl)benzoate"", ""Methyl 4-hydroxy-3-(3'-methyl-2'-hydroxy-3'-butenyl)benzoate"", ""4-Hydroxy-(3',7'-dimethyl-1'-oxo-octa-2'-Z-6'-dienyl)benzoic acid"", ""2',6'-Dihydroxy-4'-methoxydihydrochalcone"", 'Methyl 2,2-dimethyl-1-oxo-2H-1-benzopyran-6-carboxylate', ""Methyl 4-hydroxy-3-(3'-methyl-2'-butenyl)benzoate"", '3,4,5-Trimethoxydihydrocinnamic acid', ""Hostmaniene; 4-Hydroxy-3-(2',3'-dihydroxy-3'-methylbutyl)benzoate"", ""4-Hydroxy-3-(3',7'-dimethylocta-2'-E-6'-dienyl)benzoic acid"", ""Methyl taboganate; Methyl 4-hydroxy-3-(3'-methyl-1'-oxo-2'-butenyl)benzoate"", 'Piperaduncine B', '5,7-dimethoxy-2,2-dimethyl-2H-1-benzopyran-6-propanoic acid', 'Aphidicolin', 'Methyl (3R,4R,5R)-3-{[(2E)-3-(3,4-dihydroxyphenyl)-2-propenoyl]oxy}-1,4,5-trihydroxycyclohexanecarboxylate', 'Methyl (3R,4R,5R)-3-{[(2Z)-3-(3,4-dihydroxyphenyl)-2-propenoyl]oxy}-1,4,5-trihydroxycyclohexanecarboxylate', 'Pentaol', 'Iso-odoratol', 'Piscidinol A', '3,11-dioxoolean-12-en-28- onic acid', 'cryptomeridiol', 'Oleanonic acid', 'Nilocetin', 'Hispidol A', 'Stearic acid 4-pentoyloxyphenethyl ester', 'Nitensidine D', 'Nitensidine E', 'Clusifoliol', ""Isoswertisin-4'-methyl-ether-2''α-L-rhamnoside"", ""Isoswertisin-2''α1-L-rhamnoside"", '2-Episesalatin', 'Sesartemin', ""3,4-dimethyl-2-(4'-hydroxy-3',5'-dimethoxyphenyl)-5-methoxy-tetrahydrofuran"", 'Methacrylic acid', 'Pimara-7,15-dien-3β-ol', '(22E,24R)-ergosta-4,6,8(14),22-tetraen-3-one', '8-hydroxy-6-methoxy-3-methylisocoumarin', 'Ergosterol peroxide', 'Dimethyl terephthalate', 'β-caryophyllene, trans-caryophyllene', '4-metoxi-6-[2-(metilamino)fenil]- 2H-piran-2-ona', 'Deoxycordifoline', 'Harman-3-carboxylic acid', 'Strictosidine acid', 'Turbinatine', '3,4-dehydrostrictosidine acid', 'Cordifoline', '3,4-dehydro-strictosidine', '5α-carboxystrictosidine', 'Cusculine; 1,2,3,5,6-pentamethoxy-9-acridone', 'Cuspanine; 1-hydroxy-2,3,5,6-tetramethoxy-9-acridone', '2α,3α-Dihydroxy-urs-12-en-28-oic acid', '3-O-β-D-(6’-methyl)-glucopyranosyl-28-O-β-D-glucopyranosyl-oleanate', 'Oleanolic acid 3-sophoroside', '2-phenyl-4H-chromen-4-one', '5-hydroxyflavone', 'β-Sitosterol benzoate', 'Haplotusine', 'Sinapyl 4-O-β-D-glucopyranoside aldehyde', 'Sinapyl 4-O-β-D-glucopyranoside alcohol', 'N-acetylnonaine', 'Liriodenine', '[10]-gingerol', ""2,4-Dihydroxy-6-[(1'E,3'E)-penta-1', 3'-dienyl]-benzaldehyde"", '2-methyl-5-[8(Z)-pentadecenyl]resorcinol', 'Kaempferol', '2-hydroxyphenylacetic acid', '3-O-β-D-quinovopyranosyl quinovic acid', '(4R)-4,8-dihydroxy-α-tetralone', 'scillascillin', 'Chlorogenic acid', 'Chalepin', 'Nitensidine A', ""8-hydroxy-3,5,7,3',4',5'-hexamethoxyflavonol"", ""2-(2'-O-trans-caffeoyl)-C-β-D-glucopyranosyl-1,3,6,7-tetrahydroxyxanthone"", 'Netzahualcoyene', 'Casearin X Dialdehyde; (2R*,4aS*,5S*,7R*,8R*,8aS*)-4,4a-Diformyl-1,2,4a,5,6,7,8,8a-octahydro-5-hydroxy-7,8-dimethyl-8-[(2Z)-3-methylpenta-2,4-dien-1-yl]naphthalen-2-yl Butanoate', 'polypodine B', '19,20-Epoxycytochalasin N', 'ellagic acid 4-O-α-L-rhamnopyranoside; eschweilenol C', 'Mayoside C', 'Ourateacatechin', ""3',4',5',5,7-pentamethoxyflavone"", '2-methyl-5-pentadecylresorcinol', '3β-hydroxy-stigmast-5-en-7-one; 24-β-7-oxositosterol', 'Kokusaginine', 'Viburgenin', ""Pterogynoside; Kaempferol-3-O-(3''-O-4'''-methylgallate-α-L-rhamnoside)"", 'Isobutyl gallate', '7′-multijuguinone', 'Griseofulvin', ""7-Hydroxy-4',6-dimethoxyisoflavone; Afrormosin; Afromosin"", '8-methoxymellein', '(±)-Syringaresinol', 'Quercetin', ""2-(2'-O-trans-cinnamoyl)-C-β-D-glucopyranosyl-1,3,6,7-tetrahydroxyxanthone"", 'Ocotillone', 'des-N-methylnoracronycine', 'Sorbifolin 6-O-β-glucopyranoside', 'Rel-2α-hydroxyzuelanin-6β-benzoate', '2,6-di-O-acetylcasearupestrin D', ""Methyl-2,2-dimethyl-8-(3'-methylbut-2'-enyl)chroman-6-carboxylate"", '2,7-Di-O-acetylcasearupestrin A', 'Nitensidine B', '1-methyl-2-n-nonyl-4-quinolone', '5-[8(Z),11(Z),14-pentadecatrienyl]resorcinol', 'urauchimycin B', 'Odoratol', 'Leptomerine', '5-hydroxy-N-methylseverifoline', 'Pristimerin; 20α-3-hydroxy-2-oxo-24-nor-friedela-1-10,3,5,7-tetraen-carboxylic acid-29-methylester', 'Homoegonol', '[8]-gingerol', '4-Hydroxymellein', '5-hydroxymellein', 'fraxinellonone', 'Dibenzyl sulphide', '(-) Cis-4-hydroxy-6-deoxyscytalone', 'Plumericin', '5-[8(Z),11(Z)-pentadecadienyl]resorcinol', '(-)-Spectalinine', 'Maculosidine', 'Podocarpusflavone A', 'Casearupestrin C', '6α-malonyloxy-n-butyl ester manoyl oxide', 'citrusinine-I', 'Netzahualcoyonol', '1-[3-(3,7-dimethylocta-2,6-dien-1-yl)-2,4,6- trihydroxyphenyl]-3-(4-hydroxyphenyl)propan-1-one', '6α-malonyloxymanoyl oxide', 'Ricinine', 'Leptophyllin A', '5-pentadecylresorcinol', '19,20-Epoxycytochalasin D', 'fumiquinozoline F', 'Kaempferol 3-O-α-L-rhamnopyranosyl (1→6)-O-[β -D-glucopyranosyl (1→3)-O-α-L-rhamnopyranosyl-(1→2)]-O-β -D-glucopyranosyl', '3β-O-[α-L-rhamnopyranosyl-(1→2)-O-β-D-glucopyranosyl-(1→2)-O-β-D-glucopyranosyl]-28-O-β-D-glucopyranoside pomolate', 'Dibenzyl tetrasulphide', ""2',5-dihydroxy-3-methoxy-8-dimethylallyl-6, 7-(2' ',2''-dimethylpyrano)-dihydroflavonol"", '2-n-nonyl-4-quinolone', 'Cytochalasin D', 'Isoorientin', 'Netzahualcoyondiol', 'Casearupestrin B', 'toonacilin', 'Skimmianine', 'p-hydroxybenzoic acid-geranyl ester', '3,4,5-trimethoxyphenyl 1-O-β-D-apiofuranosyl-(1→6)-O-β-D-glucopyranoside', 'β-photogedunin', 'n-Butyl gallate', ""5-[3''-(β-D-glucopyranosyloxy)propyl]-7-methoxy-2-(3',4'-dimethoxyphenyl)benzofuran"", '3,12-Dihydroxycadalene', '7-hydroxy-3- (11-dimethylallyl)-8-methoxycoumarin', ""N-[7-(3',4'-methylenedioxyphenyl)-2(Z),4(Z)-heptadienoyl]pyrrolidine"", ""Acteoside; [β-3,4-dihydroxyphenyl)-ethyl]-(3'-O-α-L-rhamnopyranosyl)-(4'-O-cafeoyl)-β-D-glycopyranoside, verbascoside"", 'Uracil', 'urauchimycin A', 'p-Coumaric acid', '(-)-Epigallocatechin', 'n-Pentyl gallate', 'Orcinol', 'Periconicin B', 'Phomopsilactone', ""(2S)-8-Isopentyl-2-methyl-2-(4'-methylpentyl)chroman-6-carboxylic acid"", '2,2-dimethyl-2H-chromene-6-carboxylic acid', 'Benzylhydroxymethyl sulphide', '1,6-di-O-caffeoyl-β-D-glucopyranoside', '2-methyl-5-[8(Z),11(Z),14-pentadecatrienyl]resorcinol', '20-hydroxyecdysone; polypodine A', '3-Acetyl aleuritolic acid', 'Alkenoic acid', 'Quercetin 3-O-α-L-rhamnopyranosyl (1→6)-O-[β -D-glucopyranosyl (1→3)-O-α-L-rhamnopyranosyl-(1→2)]-O-β -D-glucopyranosyl', 'Heveaflavone', 'Arboreumine', '3-Oxoursolic acid', 'Piperyline, N-[10-(13,14-methylenedioxyphenyl)-7(E),9(E)-pentadienoyl]-pyrrolidine', 'ω-fenil alcanoic acid', '2-butyl-D-fructofuranoside', ""Gaudichaudianic acid; (2S)-2-methyl-2-(4'methyl-3'-pentenyl)-8-(3''-methyl-2-butenyl)- 2H-1-benzopyran-6-carboxylic acid"", 'limonexic acid', 'Di(benzyltrithio) methane', '3,11,12-Trihydroxycadalene', 'Dibenzyl disulphide', 'Proanthocyanidin', 'neoisoastilbin', '(R)-7-Hydroxymellein', '6α-acetoxymanoyl oxide', 'Methyl-8-hydroxy-2,2-dimethylchroman-6-carboxylate', 'Pedalitin', '1-O-(E)-feruloyl-β-D-glucopyranoside', '19,20-Epoxycytochalasin C', 'Gallic acid; 3,4,5-trihydroxybenzoic acid', 'Quercitrin, 3-O-α-rhamnosylquercetin', 'Caseobliquin A', 'Methyl angolensate', ""5-(3'' -Hydroxypropyl)-7-methoxy-2-(3',4' -methyl-enedioxyphenyl)benzofuran"", '22β-hydroxypristimerin', '1- (5,7-dihydroxy-2,2-dimethylchroman-6-yl)-3-(2,2-dimethylchroman- 6-yl)propan-1-one', 'Canavaline', 'Di-hydrodehydrodiconiferyl alcohol', '1,2-dihydro- 3β-hydroxy-7-deacetoxy-7-oxogedunin', 'Photogedunin', 'Casearin X; (1R*,3S*,5S*,6aR*,7S*,8S*,10R*,10aR*)-1-(Acetyloxy)-3,5,6,6a,7,8,9,10-octahydro-10-hydroxy-7,8-dimethyl-7-[(2Z)-3-methylpenta-2,4-dien-1-yl]naphtho[1,8a-c]furan-3,5-diyl Dibutanoate', 'α-L-xylopyranosyl-(4""→20)-(3-O-β-D-glucopyranosyl)-1\'-O-E-caffeoyl-β-D-glucopyranoside', ""2-(R)-Methyl-6-(S)-(tetradecyl-13'-one)-3(R)-O-tert-butyldimethylsilyl-piperidine"", '(2S)-Methyl-2-methyl-8-(3""-methylbut-2""-enyl)-2-(4\'-methylpent-3\'-enyl)-2H-chromene-6-carboxylate', 'Casearin T', '24-methylene-3,22-dihydroxycholesterol', 'amorphispironone', 'Casearupestrin D', 'Chaetoglobosin B', ""2-(2'-O-benzoyl)-C-β-D-glucopyranosyl-1,3,6,7-tetrahydroxyxanthone"", 'Isoplumericin', '6α-acetoxy-14β,15β-epoxyazadirone', 'epoxy-fraxinellone', '12′-hydroxy-7′-multijuguinone', 'Kaempferitrin', 'Nitensidine C', 'Dipropyl disulphide', '2-Methyl-4-hydroxy-butyl caffeoate', 'N-1,N-2,N-3-Triisopentenylguanidine', 'Dibenzyl trisulphide', 'Maytenin, Tingenone', '2-methyl-5-[8(Z),11(Z)-pentadecadienyl]resorcinol', 'Methyl 6,7,8-trimethoxydihydrocinnamate', '2-Hexyl-3-methyl-butanodioic acid', 'fraxinellone', '6-[ 8(Z),11(Z) -pentadecadienyl] salicylic acid', 'N-[10-(13,14-methylenedioxyphenyl)-7(E),9(Z)-pentadienoyl]-pyrrolidine', '6-[8(Z)-pentadecenyl]salicylic acid', '(2S)-2-methyl-8-(3""-methylbut-2""-enyl)-2-(4\'-methylpent-3\'-enyl)-2H-chromene-6-carboxylic acid', 'Burchellin', '5-[8(Z)-pentadecenyl]resorcinol', 'Luteolin; 2-(3,4-dihydroxyphenyl)-5,7-dihydroxy-4H-chromen-4-one', 'Sinapic acid', '19,20-Epoxycytochalasin Q', '19,20-Epoxycytochalasin R', 'Quercetin 3-O-sophoroside', '(3R,4R)-3,4-Dihydro-4,6-dihydroxy-3-methyl-1-oxo-1H-isochromene-5-carboxylic acid', 'Casearin L; (1R*,3S*,5S*,6aR*,7R*,8R*,9S*,10S*,10aR*)-1,10-Bis(acetyloxy)-3,5,6,6a,7,8,9,10-octahydro-9-hydroxy-5-methoxy-7,8-dimethyl-7-[(2Z)-3-methylpenta-2,4-dien-1-yl]naphtho[1,8a-c]-furan-3-yl Butanoate', 'Platydesmine', 'Leiokinine A', 'Cabraleadiol', 'Muraxanthone', '3,4,5-Triacetoxybenzoic acid', 'Odoratone', 'Rel-6β-hydroxyzuelanin-2β-benzoate', 'shidasterone', '5-hydroxymethyl- 2-furancarboxaldehyde; 5-hydroxymethyl-2-furfuraldehyde', 'atalaphyllinine', 'N-[10- (13,14-methylenedioxyphenyl)-7(E)-pentaenoyl]-pyrrolidine', '2-Methyl-5-methoxy-benzopyran-4-one', '3,4-dihydroxybenzoic acid geranyl ester', 'Casearupestrin A', '2-oxo-piperol B; (7S*, 8R*, 1R*, 3R*)-3,4,5-trimethoxy-3,7-cyclo-8,1-neolig-8-ene-2,4(3H)-dione', '(+)-3-O-feruloylcassine', 'Amentoflavone', '1-(5,7-dihydroxy-2,2-dimethylchroman-6-yl)-3-(1,1,4a-trimethyl-2,3,4,4a,9a-hexahydro-1H-xanthen-7-yl)propan-1-one', 'Methyl (E)-6,7,8-trimethoxycinnamate', '3,4,5-Trimethoxyphenyl-1-O-β-D-(5-O-syringoyl)-apiofuranosyl-(1→6)-β-D-glucopyranoside', 'taxifolin', ""(2'S)-2-(propan-2'-ol)-5-hydroxy-benzopyran-4-one"", 'Rel-(+)-(7S,9R,10S)-3,9,12-trihydroxycalamenene', 'Casearin S', '11β-acetoxyobacunone', '1-(5,7-dihydroxy-2,2-dimethylchroman- 6-yl)-3-[4-hydroxy-3-(3-methylbut-2-en-1-yl)- phenyl]propan-1-one', '(3R,4R)-4,7-Dihydroxymellein', ""Nitensoside B; Pedalitin 6-O-α-rhamnopyranosyl(1'''→6'')-β-glucopyranoside"", 'Gedunin', 'Pedalin, pedalitin 6-O-β -glucopyranoside', 'Caseargrewiin F; (1R*,3S*,5S*,6aR*,7S*,8R*,10R*,10aR*)-1,3-Bis(acetyloxy)-3,5,6,6a,7,8,9,10-octahydro-10-hydroxy-7,8-dimethyl-7-[(2Z)-3-methylpenta-2,4-dien-1-yl]naphtho[1,8a-c]furan-5-yl Butanoate', 'Salacin', '6-pentadecylsalicylic acid', 'Methyl-2,2-dimethylchroman-6-carboxylate', ""Myrsinoic acid A, 3-Geranyl-4-hydroxy-5-(3'',3''-dimethylallyl)benzoic acid"", '20α-Hydroxymaytenin; 20-hydroxy-20-epi-tingenone', '(-)-Epigallocatechin-3-O-gallate', 'Casearin D; (1R*,3S*,5S*,6aR*,7R*,8R*,9S*,10S*,10aR*)-1-(Acetyloxy)-3,5,6,6a,7,8,9,10-octahydro-5,10-dihydroxy-7,8-dimethyl-7-[(2Z)-3-methylpenta-2,4-dien-1-yl]naphtho[1,8a-c]furan-3,9-diyl Dibutanoate', 'schaftoside', ""(2S)-Methyl-8-isopentyl-2-methyl-2-(4'-methylpentyl)chroman-6-carboxylate"", 'Methyl gallate', '3-O-β-D-quinovopyranosyl cincholic acid', 'Afzelin, 3-O-α-rhamnosyl kaempferol', 'Egonol', '4-Nerolidilcatechol', ""2-(2'-O-transcoumaroyl)-C-β-D-glucopyranosyl-1,3,6,7-tetrahydroxyxanthone"", 'Syringic acid', 'arjunolic acid', 'stachysterone', 'Ethyl 2,4-dihydroxy-5,6-dimethylbenzoate', 'Amentoflavone 7”,4”’-dimethyl ether', 'Picramnioside F', 'Lauryl gallate', 'Syringaldehyde', '22-hydroxytirucalla-7,24-diene-2,3-dione', 'Trans-3’-methylsulphonylallyl trans-cinnamate', '(3-(2-(4-hydroxyphenyl)-2-oxoethyl)-5,6-dihydropyridin- 2(1H)-one)', 'Mangiferin', '6-[8(Z),11(Z),14-pentadecatrienyl]salicylic acid', 'Sorbifolin', ""Nitensoside A; Sorbifolin 6-O-α-rhamnopyranosyl(1'''→6'')-β-glucopyranoside"", 'Casearin O; (1R*,3S*,5S*,6aR*,7R*,8R*,9S*,10S*,10aR*)-1,10-Bis(acetyloxy)-5-methoxy-7,8-dimethyl-7-[(2Z)-3-methylpenta-2,4-dien-1-yl]-3,5,6,6a,7,8,9,10-octahydronaphtho[1,8a-c]furan-3,9-diyl Dibutanoate', 'germacrene D', 'n-Propyl gallate', ""3',4',5',5,7,8-hexamethoxyflavone"", 'Isopropyl gallate', '6β-hydroxy-7-epigardoside methyl ester', 'Tetrahydropiperyline, N-[10-(13,14-methylenedioxyphenyl)-pentanoyl]-pyrrolidine', 'Piperovatine', '2,4,6-trimethoxybenzoic acid', '1-O-(E)-caffeoyl-β-D-glucopyranoside', 'Piperol B', '(-)-Hardwickiic acid', ""5-[3''-(β-D-glucopyranosyloxy)propyl]-7-methoxy-2-(3',4'-methylenedioxyphenyl)benzofuran"", '28-O-β-D-glucopyranosyl quinovic acid', 'Rel. (+)-(7S,10S) 3,12-dihydroxycalamenene', 'carlinoside', 'Methyl-8-(ethanoyloxy)-2,2-dimethyl-2H-chromene-6-carboxylate', '2β-Hydroxyzuelanin-6β-cinnamate', 'Cyclo-(L-Pro-L-Val)', 'Acetonide of odoratol', '(−)-Grandisin', '24-methylenecycloartan-3b-ol', 'Ixoside', 'Cognatine', 'Fagaramide']]",doi_name
"['10.1021/jf00030a035', '2-methyl-5-pentadecylresorcinol']","['10.1021/jf00030a035', ['4-metoxi-6-[2-(metilamino)fenil]- 2H-piran-2-ona', 'Tagitinin C', '1-methoxy-3-hydroxy-3,10b-4,5a-diepoxy-8b-isobutyroyloxygermacr-11(13)-en-6a,12-olide', ""3,4-dimethyl-2-(4'-hydroxy-3',5'-dimethoxyphenyl)-5-methoxy-tetrahydrofuran"", ""3',4',5',3,5,7,8-heptamethoxyflavone"", ""3,5,6,7,3',4',5'-heptamethoxyflavonol"", 'Hinesol', 'γ-eudesmol', 'α-eudesmol', 'guaiol', 'Kaempferol-3-O-D-galactopyranoside', 'Kaempferol-3-O-D-glucopyranoside', 'Quercetin-3-O-α-L-rhamnopyranosyl-(1→6)-β-D-galactopyranoside', 'Kaempferol-3-O-rutinoside', 'Kaempferol-3-O-α-L-rhamnopyranosyl-(1-6)-α-L-rhamnopyranosyl-(1-4)-β-D-glucopyranoside', '6-Hydroxy-rutin', 'Kaempferol-3-O-α-L-rhamnopyranosyl-(1→6)-β-D-galactopyranoside', 'Catechin, Ent-catechin', 'Procyanidin B-3', 'Pimara-7,15-dien-3β-ol', '(22E,24R)-ergosta-4,6,8(14),22-tetraen-3-one', '8-hydroxy-6-methoxy-3-methylisocoumarin', 'Ergosterol peroxide', 'Dimethyl terephthalate', 'Taraxerol acetate', 'α-Gardiol', 'Ferulic acid', 'β-Gardiol', 'Teucrein', '11-O-trans-feruloylteucrein', 'Apodanthoside', 'Galioside', 'Galioside aglicone', '(+)-α-Hydroxyerysotrine', '(+)-Erythravine', '(+)-11α-Hydroxyerythravine', '5,7-dimethoxy-2,2-dimethyl-2H-1-benzopyran-6-propanoic acid', 'Aphidicolin', 'Anhydrofusarubin', 'Beauvericin', 'Nitensidine D', 'Nitensidine E', ""4-Hydroxy-3-(3',7'-dimethyl-3'-hydroxy-1'-oxo-6'-octenyl)benzoic acid"", ""Sakuranetin; 5,4'-dihydroxy-7-methoxyflavanone"", ""4-Hydroxy-(3',7'-dimethyl-1'-oxo-octa-2'-E-6'-dienyl)benzoic acid"", ""Isosakuranetin; 5,7-dihydroxy-4'-methoxyflavanone"", ""1,4-Dihydroxy-2-(3',7'-dimethyl-1'-oxo-2'-E-6'-octadienyl)benzene"", ""2-(1'-pentenyl)-Quinoline"", '2-n-Pentylquinoline', '2-n-Propylquinoline', ""2-(3',4'-methylenedioxyphenylethyl)-Quinoline"", 'Farnisine', '19´-(3,4-Methylenedioxyphenyl)-nonadecanoic acid', 'Sargachromenol', ""7,4'-Dihydroxyflavone"", 'Sargaquinoic acid', '(+)-Guaiacin', '21´-(3,4-Methylenedioxyphenyl)-henicosanoic acid', ""7,4'-Dimethoxyflavone"", 'Fasciculiferin', ""Juruenolic acid; 2-(4'-Methylpentenyl-3)-10-oxoundecan-2,6-dienoic acid"", 'Tithonine', '17-(3,4-Methylenedioxyphenyl)-heptadecanoic acid', 'penduletin 4-O-methyl ether', '2α,3α,19α- trihydroxyurs-12-en-28-oic acid', '3,3-O-dimethylquercetin', '3,7,4-O-trimethylkaempferol', '3-O-methylquercetin', 'Chrysoeriol', 'acacetin', 'p-hydroxybenzoic acid', '2α,3α-dihydroxyolean-12- en-28-oic acid', 'Deoxycordifoline', '3,4-dehydro-strictosidine', '5α-carboxystrictosidine', 'Harman-3-carboxylic acid', 'Cordifoline', 'Strictosidine acid', '3,4-dehydrostrictosidine acid', 'Turbinatine', 'Methyl (3R,4R,5R)-3-{[(2E)-3-(3,4-dihydroxyphenyl)-2-propenoyl]oxy}-1,4,5-trihydroxycyclohexanecarboxylate', 'Methyl (3R,4R,5R)-3-{[(2Z)-3-(3,4-dihydroxyphenyl)-2-propenoyl]oxy}-1,4,5-trihydroxycyclohexanecarboxylate', '9-hydroxyeugenin', 'Mycoleptone A', 'Mycoleptone A tetraacetate', 'Austdiol diacetate', 'Eugenitin', 'Austdiol', 'Mycoleptone B', '6-methoxyeugenin', 'β-caryophyllene, trans-caryophyllene', 'astilbin; Rel-(2R, 3R)-dihydroquercetin-3-O-±-L-rhamnoside', 'Nectandrin B', 'Verrucosin', 'Epi-guaiacin', '7-Methyl-sargachromenol; 2,7,8-Trimethyl-2-[(3-E,7-Z)-4,12-dimethyl-8-carboxyl-3,7,11-tridecatrienyl]-3-chromen-6-ol, β-caroteno', ""2'-hydroxy-3,4,4'-trimethoxy-5',6'-(2'',2''-dimethylpyrano)-chalcone"", ""3',4'-methylenedioxy-5,5',6,7-tetramethoxyflavone"", ""3',4'-methylenedioxy-5,6,7- trimethoxyflavone"", ""3',4'-methylenedioxy-5,7-dimethoxyflavone"", '5,7-dimethoxy-2,2-dimethyl-2H-1-benzopyran-6-propanoate', 'Chlorogenic acid methyl ester, Methyl (1S,3R,4R,5R)-3-{[(2E)-3-(3,4-dihydroxyphenyl)-2-propenoyl]oxy}-1,4,5-trihydroxycyclohexanecarboxylate', '3,21-Di-epi-feroniellide B', '21β,25-dimethylmelianodiol', '21α,25-dimethylmelianodiol', ""Rel-(7R,8S,7'S,8'S)-4',5'-methylenedioxy-3,4,5,3'-tetramethoxy-7,7'-epoxylignan"", ""Rel-(7R,8S,7'S,8'S)-4-hydroxy-4',5'-methylenedioxy-3,5,3'-trimethoxy-7,7'-epoxylignan"", ""Rel-(7R,8S,7'S,8'S)-4,5,4',5'-dimethylenedioxy-3,3'-dimethoxy-7,7'-epoxylignan"", ""Rel-(7R,8S,7'S,8'S)-4'-hydroxy-3,4,5,3',5'-pentamethoxy-7,7'-epoxylignan"", ""Rel-(7R,8S,7'S,8'S)-9-hydroxy-4',5'-methylenedioxy-3,4,5,3'-tetramethoxy-7,7'-epoxylignan"", 'Pellitorine', '(3Z,5Z)-N-isobutyl-8-(30,40-methylenedioxy-phenyl)-heptadienamide', '4,5-dihydropiperlonguminine; Piperlonguminine', 'Piperine', ""N-[3-(6'-methoxy-3',4'-methy-lenedioxyphenyl)-2(Z)-propenoyl]pyrrolidine"", '4,5-dihydropiperyline', '(E)-piplartine', '(Z)-piplartine; 8(Z)-N-(12,13, 14-trimethoxycinnamoyl)- 3-pyridin-2-one', '8,9-dihydropiplartine; N-(12,13,14-trimethoxydihydrocinnamoyl)-Δ3-pyridin-2-one', '10,11-dihydropiperine; Δα,β-dihydropiperine', ""Isoswertisin-2''α1-L-rhamnoside"", '2-Episesalatin', 'Sesartemin', 'Clusifoliol', ""Isoswertisin-4'-methyl-ether-2''α-L-rhamnoside"", 'bis-5-hydroxyacronycine', '2,3-dihydro-4,9-dihydroxy-2-(2-hydroxy-propan-2-yl)- 11-methoxy-10-methylfuro[3,2-b]acridin-5(10H)-one', 'Citibrasine', ""4-Hydroxy-(3',7'-dimethyl-1'-oxo-octa-2'-Z-6'-dienyl)benzoic acid"", ""Aduncumene; Methyl 2-methoxy-5-(3'-methyl-1'-oxo-2'-butenyl)benzoate"", ""Methyl 4-hydroxy-3-(3'-methyl-2'-hydroxy-3'-butenyl)benzoate"", 'Piperaduncine B', 'Methyl 2,2-dimethyl-1-oxo-2H-1-benzopyran-6-carboxylate', ""4-Hydroxy-3-(3',7'-dimethylocta-2'-E-6'-dienyl)benzoic acid"", ""Hostmaniene; 4-Hydroxy-3-(2',3'-dihydroxy-3'-methylbutyl)benzoate"", ""Methyl 4-hydroxy-3-(3'-methyl-2'-butenyl)benzoate"", ""Methyl taboganate; Methyl 4-hydroxy-3-(3'-methyl-1'-oxo-2'-butenyl)benzoate"", ""2',6'-Dihydroxy-4'-methoxydihydrochalcone"", '3,4,5-Trimethoxydihydrocinnamic acid', '(-)-3-O-acetyl-spectaline', 'Secoxyloganin', '7-Methoxydiderroside', ""6'-Acetyl-β-D-glucopyranosyldiderroside"", 'Diderroside', 'Piscidinol A', 'Iso-odoratol', '3,11-dioxoolean-12-en-28- onic acid', 'cryptomeridiol', 'Pentaol', 'Oleanonic acid', 'Nilocetin', 'Hispidol A', 'Methacrylic acid', 'Cusculine; 1,2,3,5,6-pentamethoxy-9-acridone', 'Cuspanine; 1-hydroxy-2,3,5,6-tetramethoxy-9-acridone', 'Xanthyletin', 'Stearic acid 4-pentoyloxyphenethyl ester', '3,4-dihydro-3,5,8-trihydroxy-6-methoxy-2,2,7-trimethyl-2Hpyrano[ 2,3-a]acridin-12(7H)-one', '5-hydroxynoracronycine; Atalaphyllidine', 'Citrusinine-I', 'Glycocitrine-I', '1,3,5-trihydroxy-4-methoxy-10-methyl- 2,8-bis(3-methylbut-2-enyl)acridin-9(10H)-one', 'Pyranofoline', '1,3,5-trihydroxy- 2,8-bis(3-methylbut-2-enyl)-10-methyl-9-acridone', 'Citrusinine-II', 'Glycocitrine-IV', 'Isopimpinellin', 'cyclo (L)-Pro-Gly', ""4-Methoxy-3-(3',7'-dimethylocta-2'-E-6'-dienyl)benzoic acid"", 'Methyl-8-hydroxy-2,2-dimethyl-2H-chromene-6-carboxylate', ""3-(3',7 '-dimethyl-2',6 '-octadienyl)-4-methoxy-benzoic acid"", '2α,3α-Dihydroxy-urs-12-en-28-oic acid', 'Haplotusine', '2-phenyl-4H-chromen-4-one', 'β-Sitosterol benzoate', '5-hydroxyflavone', '3-O-β-D-(6’-methyl)-glucopyranosyl-28-O-β-D-glucopyranosyl-oleanate', 'Oleanolic acid 3-sophoroside', 'Sinapyl 4-O-β-D-glucopyranoside aldehyde', 'Sinapyl 4-O-β-D-glucopyranoside alcohol', 'N-acetylnonaine', 'Liriodenine', '[10]-gingerol', ""2,4-Dihydroxy-6-[(1'E,3'E)-penta-1', 3'-dienyl]-benzaldehyde"", '2-methyl-5-[8(Z)-pentadecenyl]resorcinol', 'Nitensidine A', '2-hydroxyphenylacetic acid', '3-O-β-D-quinovopyranosyl quinovic acid', 'scillascillin', 'Kokusaginine', ""2-(2'-O-trans-caffeoyl)-C-β-D-glucopyranosyl-1,3,6,7-tetrahydroxyxanthone"", 'Netzahualcoyene', 'Casearin X Dialdehyde; (2R*,4aS*,5S*,7R*,8R*,8aS*)-4,4a-Diformyl-1,2,4a,5,6,7,8,8a-octahydro-5-hydroxy-7,8-dimethyl-8-[(2Z)-3-methylpenta-2,4-dien-1-yl]naphthalen-2-yl Butanoate', 'polypodine B', 'n-Propyl gallate', ""3',4',5',5,7,8-hexamethoxyflavone"", 'Isopropyl gallate', '6β-hydroxy-7-epigardoside methyl ester', 'Leptomerine', '5-hydroxy-N-methylseverifoline', '19,20-Epoxycytochalasin N', 'ellagic acid 4-O-α-L-rhamnopyranoside; eschweilenol C', 'Mayoside C', 'Ourateacatechin', ""3',4',5',5,7-pentamethoxyflavone"", '2-methyl-5-pentadecylresorcinol', '3β-hydroxy-stigmast-5-en-7-one; 24-β-7-oxositosterol', 'Griseofulvin', ""7-Hydroxy-4',6-dimethoxyisoflavone; Afrormosin; Afromosin"", '8-methoxymellein', '(±)-Syringaresinol', 'Cyclo-(L-Pro-L-Val)', 'Acetonide of odoratol', '(−)-Grandisin', '2,7-Di-O-acetylcasearupestrin A', 'Nitensidine B', '1-methyl-2-n-nonyl-4-quinolone', '5-[8(Z),11(Z),14-pentadecatrienyl]resorcinol', 'Piperol B', '(-)-Hardwickiic acid', ""5-[3''-(β-D-glucopyranosyloxy)propyl]-7-methoxy-2-(3',4'-methylenedioxyphenyl)benzofuran"", '28-O-β-D-glucopyranosyl quinovic acid', '2-Methyl-4-hydroxy-butyl caffeoate', 'N-1,N-2,N-3-Triisopentenylguanidine', 'Dibenzyl trisulphide', 'Maytenin, Tingenone', 'Maculosidine', 'Kaempferol', ""8-hydroxy-3,5,7,3',4',5'-hexamethoxyflavonol"", 'Odoratol', 'Podocarpusflavone A', 'Casearupestrin C', '6α-malonyloxy-n-butyl ester manoyl oxide', 'citrusinine-I', 'Ricinine', 'Leptophyllin A', '5-pentadecylresorcinol', 'urauchimycin B', 'Homoegonol', '[8]-gingerol', '4-Hydroxymellein', '5-hydroxymellein', 'fraxinellonone', 'Dibenzyl sulphide', '(-) Cis-4-hydroxy-6-deoxyscytalone', ""Methyl-2,2-dimethyl-8-(3'-methylbut-2'-enyl)chroman-6-carboxylate"", 'Rel-2α-hydroxyzuelanin-6β-benzoate', '2,6-di-O-acetylcasearupestrin D', 'Plumericin', '5-[8(Z),11(Z)-pentadecadienyl]resorcinol', '(-)-Spectalinine', '19,20-Epoxycytochalasin D', 'fumiquinozoline F', 'Kaempferol 3-O-α-L-rhamnopyranosyl (1→6)-O-[β -D-glucopyranosyl (1→3)-O-α-L-rhamnopyranosyl-(1→2)]-O-β -D-glucopyranosyl', '3β-O-[α-L-rhamnopyranosyl-(1→2)-O-β-D-glucopyranosyl-(1→2)-O-β-D-glucopyranosyl]-28-O-β-D-glucopyranoside pomolate', 'Dibenzyl tetrasulphide', ""2',5-dihydroxy-3-methoxy-8-dimethylallyl-6, 7-(2' ',2''-dimethylpyrano)-dihydroflavonol"", '2-n-nonyl-4-quinolone', 'Cytochalasin D', 'Isoorientin', 'Uracil', 'urauchimycin A', '2-methyl-5-[8(Z),11(Z),14-pentadecatrienyl]resorcinol', '20-hydroxyecdysone; polypodine A', '3-Acetyl aleuritolic acid', 'Alkenoic acid', 'Caseobliquin A', 'Methyl angolensate', ""5-(3'' -Hydroxypropyl)-7-methoxy-2-(3',4' -methyl-enedioxyphenyl)benzofuran"", '22β-hydroxypristimerin', '1- (5,7-dihydroxy-2,2-dimethylchroman-6-yl)-3-(2,2-dimethylchroman- 6-yl)propan-1-one', 'Canavaline', 'Di-hydrodehydrodiconiferyl alcohol', 'Quercetin', ""2-(2'-O-trans-cinnamoyl)-C-β-D-glucopyranosyl-1,3,6,7-tetrahydroxyxanthone"", 'Ocotillone', 'des-N-methylnoracronycine', 'Sorbifolin 6-O-β-glucopyranoside', 'toonacilin', 'Netzahualcoyondiol', 'Pristimerin; 20α-3-hydroxy-2-oxo-24-nor-friedela-1-10,3,5,7-tetraen-carboxylic acid-29-methylester', '3,4,5-trimethoxyphenyl 1-O-β-D-apiofuranosyl-(1→6)-O-β-D-glucopyranoside', 'β-photogedunin', 'n-Butyl gallate', ""5-[3''-(β-D-glucopyranosyloxy)propyl]-7-methoxy-2-(3',4'-dimethoxyphenyl)benzofuran"", '3,12-Dihydroxycadalene', '7-hydroxy-3- (11-dimethylallyl)-8-methoxycoumarin', 'p-Coumaric acid', '(-)-Epigallocatechin', 'Netzahualcoyonol', '1-[3-(3,7-dimethylocta-2,6-dien-1-yl)-2,4,6- trihydroxyphenyl]-3-(4-hydroxyphenyl)propan-1-one', '6α-malonyloxymanoyl oxide', 'Benzylhydroxymethyl sulphide', '1,6-di-O-caffeoyl-β-D-glucopyranoside', 'n-Pentyl gallate', 'Orcinol', 'Periconicin B', 'Phomopsilactone', ""(2S)-8-Isopentyl-2-methyl-2-(4'-methylpentyl)chroman-6-carboxylic acid"", '2,2-dimethyl-2H-chromene-6-carboxylic acid', '1,2-dihydro- 3β-hydroxy-7-deacetoxy-7-oxogedunin', 'Photogedunin', 'Casearin X; (1R*,3S*,5S*,6aR*,7S*,8S*,10R*,10aR*)-1-(Acetyloxy)-3,5,6,6a,7,8,9,10-octahydro-10-hydroxy-7,8-dimethyl-7-[(2Z)-3-methylpenta-2,4-dien-1-yl]naphtho[1,8a-c]furan-3,5-diyl Dibutanoate', 'α-L-xylopyranosyl-(4""→20)-(3-O-β-D-glucopyranosyl)-1\'-O-E-caffeoyl-β-D-glucopyranoside', ""2-(R)-Methyl-6-(S)-(tetradecyl-13'-one)-3(R)-O-tert-butyldimethylsilyl-piperidine"", 'Quercetin 3-O-α-L-rhamnopyranosyl (1→6)-O-[β -D-glucopyranosyl (1→3)-O-α-L-rhamnopyranosyl-(1→2)]-O-β -D-glucopyranosyl', 'Heveaflavone', 'Arboreumine', '3-Oxoursolic acid', 'Casearupestrin B', 'Piperyline, N-[10-(13,14-methylenedioxyphenyl)-7(E),9(E)-pentadienoyl]-pyrrolidine', 'ω-fenil alcanoic acid', '2-butyl-D-fructofuranoside', ""Gaudichaudianic acid; (2S)-2-methyl-2-(4'methyl-3'-pentenyl)-8-(3''-methyl-2-butenyl)- 2H-1-benzopyran-6-carboxylic acid"", 'limonexic acid', 'Skimmianine', 'p-hydroxybenzoic acid-geranyl ester', 'Dibenzyl disulphide', 'Proanthocyanidin', 'neoisoastilbin', '(R)-7-Hydroxymellein', ""N-[7-(3',4'-methylenedioxyphenyl)-2(Z),4(Z)-heptadienoyl]pyrrolidine"", ""Acteoside; [β-3,4-dihydroxyphenyl)-ethyl]-(3'-O-α-L-rhamnopyranosyl)-(4'-O-cafeoyl)-β-D-glycopyranoside, verbascoside"", 'Pedalitin', '1-O-(E)-feruloyl-β-D-glucopyranoside', '19,20-Epoxycytochalasin C', 'Methyl-8-hydroxy-2,2-dimethylchroman-6-carboxylate', 'Di(benzyltrithio) methane', '3,11,12-Trihydroxycadalene', 'Quercetin 3-O-sophoroside', '(3R,4R)-3,4-Dihydro-4,6-dihydroxy-3-methyl-1-oxo-1H-isochromene-5-carboxylic acid', '24-methylene-3,22-dihydroxycholesterol', 'amorphispironone', 'Casearupestrin D', 'Chaetoglobosin B', ""2-(2'-O-benzoyl)-C-β-D-glucopyranosyl-1,3,6,7-tetrahydroxyxanthone"", 'Isoplumericin', 'N-[10-(13,14-methylenedioxyphenyl)-7(E),9(Z)-pentadienoyl]-pyrrolidine', '6-[8(Z)-pentadecenyl]salicylic acid', '(2S)-2-methyl-8-(3""-methylbut-2""-enyl)-2-(4\'-methylpent-3\'-enyl)-2H-chromene-6-carboxylic acid', '(2S)-Methyl-2-methyl-8-(3""-methylbut-2""-enyl)-2-(4\'-methylpent-3\'-enyl)-2H-chromene-6-carboxylate', 'Casearin T', 'Gedunin', 'Burchellin', '5-[8(Z)-pentadecenyl]resorcinol', 'Luteolin; 2-(3,4-dihydroxyphenyl)-5,7-dihydroxy-4H-chromen-4-one', 'Sinapic acid', '19,20-Epoxycytochalasin Q', '19,20-Epoxycytochalasin R', 'Muraxanthone', '3,4,5-Triacetoxybenzoic acid', 'Odoratone', 'Rel-6β-hydroxyzuelanin-2β-benzoate', 'shidasterone', '5-hydroxymethyl- 2-furancarboxaldehyde; 5-hydroxymethyl-2-furfuraldehyde', 'atalaphyllinine', 'N-[10- (13,14-methylenedioxyphenyl)-7(E)-pentaenoyl]-pyrrolidine', '6α-acetoxymanoyl oxide', 'Rel-(+)-(7S,9R,10S)-3,9,12-trihydroxycalamenene', 'Casearin S', '11β-acetoxyobacunone', '2-Methyl-5-methoxy-benzopyran-4-one', '3,4-dihydroxybenzoic acid geranyl ester', '6α-acetoxy-14β,15β-epoxyazadirone', 'epoxy-fraxinellone', '12′-hydroxy-7′-multijuguinone', 'Kaempferitrin', 'Nitensidine C', 'Dipropyl disulphide', '2-methyl-5-[8(Z),11(Z)-pentadecadienyl]resorcinol', 'Methyl 6,7,8-trimethoxydihydrocinnamate', '2-Hexyl-3-methyl-butanodioic acid', 'fraxinellone', '6-[ 8(Z),11(Z) -pentadecadienyl] salicylic acid', 'Salacin', '6-pentadecylsalicylic acid', 'Methyl-2,2-dimethylchroman-6-carboxylate', ""Myrsinoic acid A, 3-Geranyl-4-hydroxy-5-(3'',3''-dimethylallyl)benzoic acid"", 'Pedalin, pedalitin 6-O-β -glucopyranoside', 'Caseargrewiin F; (1R*,3S*,5S*,6aR*,7S*,8R*,10R*,10aR*)-1,3-Bis(acetyloxy)-3,5,6,6a,7,8,9,10-octahydro-10-hydroxy-7,8-dimethyl-7-[(2Z)-3-methylpenta-2,4-dien-1-yl]naphtho[1,8a-c]furan-5-yl Butanoate', 'Casearin L; (1R*,3S*,5S*,6aR*,7R*,8R*,9S*,10S*,10aR*)-1,10-Bis(acetyloxy)-3,5,6,6a,7,8,9,10-octahydro-9-hydroxy-5-methoxy-7,8-dimethyl-7-[(2Z)-3-methylpenta-2,4-dien-1-yl]naphtho[1,8a-c]-furan-3-yl Butanoate', 'Platydesmine', 'Leiokinine A', 'Cabraleadiol', 'schaftoside', ""(2S)-Methyl-8-isopentyl-2-methyl-2-(4'-methylpentyl)chroman-6-carboxylate"", 'Casearupestrin A', '2-oxo-piperol B; (7S*, 8R*, 1R*, 3R*)-3,4,5-trimethoxy-3,7-cyclo-8,1-neolig-8-ene-2,4(3H)-dione', 'taxifolin', ""(2'S)-2-(propan-2'-ol)-5-hydroxy-benzopyran-4-one"", '6-[8(Z),11(Z),14-pentadecatrienyl]salicylic acid', 'Sorbifolin', ""Nitensoside A; Sorbifolin 6-O-α-rhamnopyranosyl(1'''→6'')-β-glucopyranoside"", 'Casearin O; (1R*,3S*,5S*,6aR*,7R*,8R*,9S*,10S*,10aR*)-1,10-Bis(acetyloxy)-5-methoxy-7,8-dimethyl-7-[(2Z)-3-methylpenta-2,4-dien-1-yl]-3,5,6,6a,7,8,9,10-octahydronaphtho[1,8a-c]furan-3,9-diyl Dibutanoate', 'germacrene D', '1-(5,7-dihydroxy-2,2-dimethylchroman- 6-yl)-3-[4-hydroxy-3-(3-methylbut-2-en-1-yl)- phenyl]propan-1-one', '(3R,4R)-4,7-Dihydroxymellein', ""Nitensoside B; Pedalitin 6-O-α-rhamnopyranosyl(1'''→6'')-β-glucopyranoside"", 'Methyl gallate', '3-O-β-D-quinovopyranosyl cincholic acid', 'Afzelin, 3-O-α-rhamnosyl kaempferol', 'Egonol', '4-Nerolidilcatechol', ""2-(2'-O-transcoumaroyl)-C-β-D-glucopyranosyl-1,3,6,7-tetrahydroxyxanthone"", 'Syringic acid', '(+)-3-O-feruloylcassine', '(3-(2-(4-hydroxyphenyl)-2-oxoethyl)-5,6-dihydropyridin- 2(1H)-one)', 'Mangiferin', 'Viburgenin', ""Pterogynoside; Kaempferol-3-O-(3''-O-4'''-methylgallate-α-L-rhamnoside)"", 'Isobutyl gallate', '7′-multijuguinone', '20α-Hydroxymaytenin; 20-hydroxy-20-epi-tingenone', '(-)-Epigallocatechin-3-O-gallate', 'Casearin D; (1R*,3S*,5S*,6aR*,7R*,8R*,9S*,10S*,10aR*)-1-(Acetyloxy)-3,5,6,6a,7,8,9,10-octahydro-5,10-dihydroxy-7,8-dimethyl-7-[(2Z)-3-methylpenta-2,4-dien-1-yl]naphtho[1,8a-c]furan-3,9-diyl Dibutanoate', 'Rel. (+)-(7S,10S) 3,12-dihydroxycalamenene', 'carlinoside', 'Methyl-8-(ethanoyloxy)-2,2-dimethyl-2H-chromene-6-carboxylate', 'Amentoflavone', '1-(5,7-dihydroxy-2,2-dimethylchroman-6-yl)-3-(1,1,4a-trimethyl-2,3,4,4a,9a-hexahydro-1H-xanthen-7-yl)propan-1-one', 'Methyl (E)-6,7,8-trimethoxycinnamate', '3,4,5-Trimethoxyphenyl-1-O-β-D-(5-O-syringoyl)-apiofuranosyl-(1→6)-β-D-glucopyranoside', 'Tetrahydropiperyline, N-[10-(13,14-methylenedioxyphenyl)-pentanoyl]-pyrrolidine', 'Piperovatine', '2,4,6-trimethoxybenzoic acid', '1-O-(E)-caffeoyl-β-D-glucopyranoside', 'Gallic acid; 3,4,5-trihydroxybenzoic acid', 'Quercitrin, 3-O-α-rhamnosylquercetin', '2β-Hydroxyzuelanin-6β-cinnamate', 'arjunolic acid', 'stachysterone', 'Ethyl 2,4-dihydroxy-5,6-dimethylbenzoate', 'Amentoflavone 7”,4”’-dimethyl ether', 'Picramnioside F', 'Lauryl gallate', 'Syringaldehyde', '22-hydroxytirucalla-7,24-diene-2,3-dione', 'Trans-3’-methylsulphonylallyl trans-cinnamate', '24-methylenecycloartan-3b-ol', 'Ixoside', 'Cognatine', 'Fagaramide', 'Chalepin', 'Chlorogenic acid', '(4R)-4,8-dihydroxy-α-tetralone']]",doi_name
"['10.1016/S0031-9422(01)00079-6', 'Dipropyl disulphide']","['10.1016/S0031-9422(01)00079-6', ['guaiol', 'γ-eudesmol', 'Hinesol', 'α-eudesmol', 'Galioside aglicone', '11-O-trans-feruloylteucrein', 'Teucrein', 'Galioside', 'Apodanthoside', 'Mycoleptone A', '9-hydroxyeugenin', 'Eugenitin', 'Austdiol', '6-methoxyeugenin', 'Mycoleptone A tetraacetate', 'Austdiol diacetate', 'Mycoleptone B', ""3',4'-methylenedioxy-5,6,7- trimethoxyflavone"", ""3',4'-methylenedioxy-5,5',6,7-tetramethoxyflavone"", ""2'-hydroxy-3,4,4'-trimethoxy-5',6'-(2'',2''-dimethylpyrano)-chalcone"", ""3',4'-methylenedioxy-5,7-dimethoxyflavone"", 'Chlorogenic acid methyl ester, Methyl (1S,3R,4R,5R)-3-{[(2E)-3-(3,4-dihydroxyphenyl)-2-propenoyl]oxy}-1,4,5-trihydroxycyclohexanecarboxylate', '2α,3α,19α- trihydroxyurs-12-en-28-oic acid', 'penduletin 4-O-methyl ether', '3,3-O-dimethylquercetin', '3-O-methylquercetin', 'p-hydroxybenzoic acid', 'Chrysoeriol', 'acacetin', '3,7,4-O-trimethylkaempferol', '2α,3α-dihydroxyolean-12- en-28-oic acid', '5,7-dimethoxy-2,2-dimethyl-2H-1-benzopyran-6-propanoate', ""7,4'-Dihydroxyflavone"", '19´-(3,4-Methylenedioxyphenyl)-nonadecanoic acid', 'Tithonine', 'Farnisine', 'Sargaquinoic acid', 'Fasciculiferin', 'Sargachromenol', ""Juruenolic acid; 2-(4'-Methylpentenyl-3)-10-oxoundecan-2,6-dienoic acid"", '21´-(3,4-Methylenedioxyphenyl)-henicosanoic acid', '(+)-Guaiacin', ""7,4'-Dimethoxyflavone"", '17-(3,4-Methylenedioxyphenyl)-heptadecanoic acid', '(+)-11α-Hydroxyerythravine', '(+)-Erythravine', '(+)-α-Hydroxyerysotrine', 'Diderroside', '7-Methoxydiderroside', ""6'-Acetyl-β-D-glucopyranosyldiderroside"", 'Secoxyloganin', '(-)-3-O-acetyl-spectaline', ""3',4',5',3,5,7,8-heptamethoxyflavone"", ""3,5,6,7,3',4',5'-heptamethoxyflavonol"", 'Beauvericin', 'Anhydrofusarubin', ""3,4-dimethyl-2-(4'-hydroxy-3',5'-dimethoxyphenyl)-5-methoxy-tetrahydrofuran"", '21α,25-dimethylmelianodiol', '21β,25-dimethylmelianodiol', '3,21-Di-epi-feroniellide B', 'Citibrasine', '2,3-dihydro-4,9-dihydroxy-2-(2-hydroxy-propan-2-yl)- 11-methoxy-10-methylfuro[3,2-b]acridin-5(10H)-one', 'bis-5-hydroxyacronycine', 'Taraxerol acetate', 'Procyanidin B-3', '6-Hydroxy-rutin', 'Kaempferol-3-O-D-glucopyranoside', 'Kaempferol-3-O-α-L-rhamnopyranosyl-(1-6)-α-L-rhamnopyranosyl-(1-4)-β-D-glucopyranoside', 'Kaempferol-3-O-rutinoside', 'Catechin, Ent-catechin', 'Kaempferol-3-O-α-L-rhamnopyranosyl-(1→6)-β-D-galactopyranoside', 'Quercetin-3-O-α-L-rhamnopyranosyl-(1→6)-β-D-galactopyranoside', 'Kaempferol-3-O-D-galactopyranoside', 'Aphidicolin', 'Methyl (3R,4R,5R)-3-{[(2E)-3-(3,4-dihydroxyphenyl)-2-propenoyl]oxy}-1,4,5-trihydroxycyclohexanecarboxylate', 'Methyl (3R,4R,5R)-3-{[(2Z)-3-(3,4-dihydroxyphenyl)-2-propenoyl]oxy}-1,4,5-trihydroxycyclohexanecarboxylate', '1,3,5-trihydroxy-4-methoxy-10-methyl- 2,8-bis(3-methylbut-2-enyl)acridin-9(10H)-one', 'Citrusinine-II', '1,3,5-trihydroxy- 2,8-bis(3-methylbut-2-enyl)-10-methyl-9-acridone', 'Glycocitrine-IV', 'Pyranofoline', 'Citrusinine-I', '3,4-dihydro-3,5,8-trihydroxy-6-methoxy-2,2,7-trimethyl-2Hpyrano[ 2,3-a]acridin-12(7H)-one', '5-hydroxynoracronycine; Atalaphyllidine', 'Glycocitrine-I', ""3-(3',7 '-dimethyl-2',6 '-octadienyl)-4-methoxy-benzoic acid"", 'Methyl-8-hydroxy-2,2-dimethyl-2H-chromene-6-carboxylate', ""4-Methoxy-3-(3',7'-dimethylocta-2'-E-6'-dienyl)benzoic acid"", 'Ferulic acid', 'β-Gardiol', 'α-Gardiol', '5,7-dimethoxy-2,2-dimethyl-2H-1-benzopyran-6-propanoic acid', ""2-(3',4'-methylenedioxyphenylethyl)-Quinoline"", '2-n-Pentylquinoline', '2-n-Propylquinoline', ""2-(1'-pentenyl)-Quinoline"", ""Hostmaniene; 4-Hydroxy-3-(2',3'-dihydroxy-3'-methylbutyl)benzoate"", ""4-Hydroxy-3-(3',7'-dimethylocta-2'-E-6'-dienyl)benzoic acid"", 'Methyl 2,2-dimethyl-1-oxo-2H-1-benzopyran-6-carboxylate', ""Methyl taboganate; Methyl 4-hydroxy-3-(3'-methyl-1'-oxo-2'-butenyl)benzoate"", ""2',6'-Dihydroxy-4'-methoxydihydrochalcone"", 'Piperaduncine B', ""Methyl 4-hydroxy-3-(3'-methyl-2'-butenyl)benzoate"", '3,4,5-Trimethoxydihydrocinnamic acid', ""Methyl 4-hydroxy-3-(3'-methyl-2'-hydroxy-3'-butenyl)benzoate"", ""Aduncumene; Methyl 2-methoxy-5-(3'-methyl-1'-oxo-2'-butenyl)benzoate"", ""4-Hydroxy-(3',7'-dimethyl-1'-oxo-octa-2'-Z-6'-dienyl)benzoic acid"", 'Tagitinin C', '1-methoxy-3-hydroxy-3,10b-4,5a-diepoxy-8b-isobutyroyloxygermacr-11(13)-en-6a,12-olide', 'Iso-odoratol', 'Oleanonic acid', 'Pentaol', 'Piscidinol A', 'cryptomeridiol', '3,11-dioxoolean-12-en-28- onic acid', 'Nilocetin', 'Hispidol A', ""Rel-(7R,8S,7'S,8'S)-9-hydroxy-4',5'-methylenedioxy-3,4,5,3'-tetramethoxy-7,7'-epoxylignan"", ""Rel-(7R,8S,7'S,8'S)-4',5'-methylenedioxy-3,4,5,3'-tetramethoxy-7,7'-epoxylignan"", ""Rel-(7R,8S,7'S,8'S)-4-hydroxy-4',5'-methylenedioxy-3,5,3'-trimethoxy-7,7'-epoxylignan"", ""Rel-(7R,8S,7'S,8'S)-4'-hydroxy-3,4,5,3',5'-pentamethoxy-7,7'-epoxylignan"", ""Rel-(7R,8S,7'S,8'S)-4,5,4',5'-dimethylenedioxy-3,3'-dimethoxy-7,7'-epoxylignan"", '4,5-dihydropiperlonguminine; Piperlonguminine', '(Z)-piplartine; 8(Z)-N-(12,13, 14-trimethoxycinnamoyl)- 3-pyridin-2-one', 'Piperine', '8,9-dihydropiplartine; N-(12,13,14-trimethoxydihydrocinnamoyl)-Δ3-pyridin-2-one', ""N-[3-(6'-methoxy-3',4'-methy-lenedioxyphenyl)-2(Z)-propenoyl]pyrrolidine"", '4,5-dihydropiperyline', '10,11-dihydropiperine; Δα,β-dihydropiperine', '(E)-piplartine', 'Pellitorine', '(3Z,5Z)-N-isobutyl-8-(30,40-methylenedioxy-phenyl)-heptadienamide', 'Pimara-7,15-dien-3β-ol', 'Dimethyl terephthalate', '(22E,24R)-ergosta-4,6,8(14),22-tetraen-3-one', '8-hydroxy-6-methoxy-3-methylisocoumarin', 'Ergosterol peroxide', 'Epi-guaiacin', 'Verrucosin', '7-Methyl-sargachromenol; 2,7,8-Trimethyl-2-[(3-E,7-Z)-4,12-dimethyl-8-carboxyl-3,7,11-tridecatrienyl]-3-chromen-6-ol, β-caroteno', 'Nectandrin B', 'cyclo (L)-Pro-Gly', ""4-Hydroxy-3-(3',7'-dimethyl-3'-hydroxy-1'-oxo-6'-octenyl)benzoic acid"", ""1,4-Dihydroxy-2-(3',7'-dimethyl-1'-oxo-2'-E-6'-octadienyl)benzene"", ""Sakuranetin; 5,4'-dihydroxy-7-methoxyflavanone"", ""Isosakuranetin; 5,7-dihydroxy-4'-methoxyflavanone"", ""4-Hydroxy-(3',7'-dimethyl-1'-oxo-octa-2'-E-6'-dienyl)benzoic acid"", 'Nitensidine D', 'Nitensidine E', 'Xanthyletin', 'astilbin; Rel-(2R, 3R)-dihydroquercetin-3-O-±-L-rhamnoside', '3,4-dehydrostrictosidine acid', '3,4-dehydro-strictosidine', '5α-carboxystrictosidine', 'Cordifoline', 'Turbinatine', 'Harman-3-carboxylic acid', 'Strictosidine acid', 'Deoxycordifoline', 'Clusifoliol', ""Isoswertisin-4'-methyl-ether-2''α-L-rhamnoside"", '2-Episesalatin', ""Isoswertisin-2''α1-L-rhamnoside"", 'Sesartemin', 'Stearic acid 4-pentoyloxyphenethyl ester', 'Isopimpinellin', '4-metoxi-6-[2-(metilamino)fenil]- 2H-piran-2-ona', 'β-caryophyllene, trans-caryophyllene', 'Methacrylic acid', 'Cusculine; 1,2,3,5,6-pentamethoxy-9-acridone', 'Cuspanine; 1-hydroxy-2,3,5,6-tetramethoxy-9-acridone', '2α,3α-Dihydroxy-urs-12-en-28-oic acid', 'Oleanolic acid 3-sophoroside', '3-O-β-D-(6’-methyl)-glucopyranosyl-28-O-β-D-glucopyranosyl-oleanate', 'Haplotusine', 'β-Sitosterol benzoate', '5-hydroxyflavone', '2-phenyl-4H-chromen-4-one', 'Sinapyl 4-O-β-D-glucopyranoside aldehyde', 'Sinapyl 4-O-β-D-glucopyranoside alcohol', 'Liriodenine', 'N-acetylnonaine', '[10]-gingerol', ""2,4-Dihydroxy-6-[(1'E,3'E)-penta-1', 3'-dienyl]-benzaldehyde"", '2-methyl-5-[8(Z)-pentadecenyl]resorcinol', 'Nitensidine A', '2-hydroxyphenylacetic acid', '3-O-β-D-quinovopyranosyl quinovic acid', 'Kaempferol', ""8-hydroxy-3,5,7,3',4',5'-hexamethoxyflavonol"", 'scillascillin', 'Homoegonol', '[8]-gingerol', '4-Hydroxymellein', '5-hydroxymellein', 'fraxinellonone', 'Dibenzyl sulphide', '(-) Cis-4-hydroxy-6-deoxyscytalone', 'Gallic acid; 3,4,5-trihydroxybenzoic acid', 'Maculosidine', 'Podocarpusflavone A', '(4R)-4,8-dihydroxy-α-tetralone', 'Odoratol', 'Leptomerine', '5-hydroxy-N-methylseverifoline', '19,20-Epoxycytochalasin N', 'ellagic acid 4-O-α-L-rhamnopyranoside; eschweilenol C', 'Mayoside C', 'Ourateacatechin', ""3',4',5',5,7-pentamethoxyflavone"", '2-methyl-5-pentadecylresorcinol', '3β-hydroxy-stigmast-5-en-7-one; 24-β-7-oxositosterol', 'Acetonide of odoratol', '(−)-Grandisin', 'n-Butyl gallate', ""5-[3''-(β-D-glucopyranosyloxy)propyl]-7-methoxy-2-(3',4'-dimethoxyphenyl)benzofuran"", '3,12-Dihydroxycadalene', '7-hydroxy-3- (11-dimethylallyl)-8-methoxycoumarin', ""N-[7-(3',4'-methylenedioxyphenyl)-2(Z),4(Z)-heptadienoyl]pyrrolidine"", ""Acteoside; [β-3,4-dihydroxyphenyl)-ethyl]-(3'-O-α-L-rhamnopyranosyl)-(4'-O-cafeoyl)-β-D-glycopyranoside, verbascoside"", 'Ocotillone', 'des-N-methylnoracronycine', 'Sorbifolin 6-O-β-glucopyranoside', 'Rel-2α-hydroxyzuelanin-6β-benzoate', '2,6-di-O-acetylcasearupestrin D', ""Methyl-2,2-dimethyl-8-(3'-methylbut-2'-enyl)chroman-6-carboxylate"", '2,7-Di-O-acetylcasearupestrin A', 'Nitensidine B', '1-methyl-2-n-nonyl-4-quinolone', '5-[8(Z),11(Z),14-pentadecatrienyl]resorcinol', '5-pentadecylresorcinol', '19,20-Epoxycytochalasin D', 'fumiquinozoline F', 'Kaempferol 3-O-α-L-rhamnopyranosyl (1→6)-O-[β -D-glucopyranosyl (1→3)-O-α-L-rhamnopyranosyl-(1→2)]-O-β -D-glucopyranosyl', '3β-O-[α-L-rhamnopyranosyl-(1→2)-O-β-D-glucopyranosyl-(1→2)-O-β-D-glucopyranosyl]-28-O-β-D-glucopyranoside pomolate', 'Dibenzyl tetrasulphide', ""2',5-dihydroxy-3-methoxy-8-dimethylallyl-6, 7-(2' ',2''-dimethylpyrano)-dihydroflavonol"", '1- (5,7-dihydroxy-2,2-dimethylchroman-6-yl)-3-(2,2-dimethylchroman- 6-yl)propan-1-one', 'Canavaline', 'Di-hydrodehydrodiconiferyl alcohol', 'Quercetin', ""2-(2'-O-trans-cinnamoyl)-C-β-D-glucopyranosyl-1,3,6,7-tetrahydroxyxanthone"", 'Kokusaginine', 'Pristimerin; 20α-3-hydroxy-2-oxo-24-nor-friedela-1-10,3,5,7-tetraen-carboxylic acid-29-methylester', '3,4,5-trimethoxyphenyl 1-O-β-D-apiofuranosyl-(1→6)-O-β-D-glucopyranoside', 'β-photogedunin', '2-n-nonyl-4-quinolone', 'Cytochalasin D', 'Isoorientin', 'Skimmianine', 'p-hydroxybenzoic acid-geranyl ester', 'Dibenzyl disulphide', 'Proanthocyanidin', 'neoisoastilbin', '(R)-7-Hydroxymellein', '6α-acetoxymanoyl oxide', 'Methyl-8-hydroxy-2,2-dimethylchroman-6-carboxylate', 'Casearupestrin C', '6α-malonyloxy-n-butyl ester manoyl oxide', 'citrusinine-I', 'Ricinine', 'Leptophyllin A', 'Caseobliquin A', 'Methyl angolensate', ""5-(3'' -Hydroxypropyl)-7-methoxy-2-(3',4' -methyl-enedioxyphenyl)benzofuran"", '22β-hydroxypristimerin', '6α-acetoxy-14β,15β-epoxyazadirone', 'urauchimycin A', 'p-Coumaric acid', '(-)-Epigallocatechin', 'Netzahualcoyonol', '1-[3-(3,7-dimethylocta-2,6-dien-1-yl)-2,4,6- trihydroxyphenyl]-3-(4-hydroxyphenyl)propan-1-one', '6α-malonyloxymanoyl oxide', 'Benzylhydroxymethyl sulphide', '1,6-di-O-caffeoyl-β-D-glucopyranoside', '2-methyl-5-[8(Z),11(Z),14-pentadecatrienyl]resorcinol', '20-hydroxyecdysone; polypodine A', '3-Acetyl aleuritolic acid', 'Uracil', '1-O-(E)-feruloyl-β-D-glucopyranoside', '19,20-Epoxycytochalasin C', 'n-Pentyl gallate', 'Orcinol', 'Periconicin B', 'Phomopsilactone', 'n-Propyl gallate', ""3',4',5',5,7,8-hexamethoxyflavone"", 'Isopropyl gallate', '6β-hydroxy-7-epigardoside methyl ester', 'Tetrahydropiperyline, N-[10-(13,14-methylenedioxyphenyl)-pentanoyl]-pyrrolidine', 'Piperovatine', '2,4,6-trimethoxybenzoic acid', '1-O-(E)-caffeoyl-β-D-glucopyranoside', 'Quercitrin, 3-O-α-rhamnosylquercetin', 'epoxy-fraxinellone', '12′-hydroxy-7′-multijuguinone', 'Kaempferitrin', 'Nitensidine C', 'Dipropyl disulphide', '2-methyl-5-[8(Z),11(Z)-pentadecadienyl]resorcinol', 'Methyl 6,7,8-trimethoxydihydrocinnamate', '2-Hexyl-3-methyl-butanodioic acid', 'fraxinellone', 'Alkenoic acid', 'Quercetin 3-O-α-L-rhamnopyranosyl (1→6)-O-[β -D-glucopyranosyl (1→3)-O-α-L-rhamnopyranosyl-(1→2)]-O-β -D-glucopyranosyl', 'Heveaflavone', 'Arboreumine', '3-Oxoursolic acid', 'Casearupestrin B', 'toonacilin', ""2-(R)-Methyl-6-(S)-(tetradecyl-13'-one)-3(R)-O-tert-butyldimethylsilyl-piperidine"", '(2S)-Methyl-2-methyl-8-(3""-methylbut-2""-enyl)-2-(4\'-methylpent-3\'-enyl)-2H-chromene-6-carboxylate', 'Casearin T', 'Piperyline, N-[10-(13,14-methylenedioxyphenyl)-7(E),9(E)-pentadienoyl]-pyrrolidine', 'ω-fenil alcanoic acid', '2-butyl-D-fructofuranoside', ""Gaudichaudianic acid; (2S)-2-methyl-2-(4'methyl-3'-pentenyl)-8-(3''-methyl-2-butenyl)- 2H-1-benzopyran-6-carboxylic acid"", 'limonexic acid', 'Pedalitin', 'Di(benzyltrithio) methane', '3,11,12-Trihydroxycadalene', ""(2S)-8-Isopentyl-2-methyl-2-(4'-methylpentyl)chroman-6-carboxylic acid"", '2,2-dimethyl-2H-chromene-6-carboxylic acid', '1,2-dihydro- 3β-hydroxy-7-deacetoxy-7-oxogedunin', 'Photogedunin', 'Casearin X; (1R*,3S*,5S*,6aR*,7S*,8S*,10R*,10aR*)-1-(Acetyloxy)-3,5,6,6a,7,8,9,10-octahydro-10-hydroxy-7,8-dimethyl-7-[(2Z)-3-methylpenta-2,4-dien-1-yl]naphtho[1,8a-c]furan-3,5-diyl Dibutanoate', 'Quercetin 3-O-sophoroside', '(3R,4R)-3,4-Dihydro-4,6-dihydroxy-3-methyl-1-oxo-1H-isochromene-5-carboxylic acid', '24-methylene-3,22-dihydroxycholesterol', 'amorphispironone', 'Casearupestrin D', 'Chaetoglobosin B', ""2-(2'-O-benzoyl)-C-β-D-glucopyranosyl-1,3,6,7-tetrahydroxyxanthone"", 'Isoplumericin', 'α-L-xylopyranosyl-(4""→20)-(3-O-β-D-glucopyranosyl)-1\'-O-E-caffeoyl-β-D-glucopyranoside', '6-[8(Z)-pentadecenyl]salicylic acid', '(2S)-2-methyl-8-(3""-methylbut-2""-enyl)-2-(4\'-methylpent-3\'-enyl)-2H-chromene-6-carboxylic acid', 'Burchellin', '5-[8(Z)-pentadecenyl]resorcinol', 'Luteolin; 2-(3,4-dihydroxyphenyl)-5,7-dihydroxy-4H-chromen-4-one', 'Sinapic acid', '6-[ 8(Z),11(Z) -pentadecadienyl] salicylic acid', 'Netzahualcoyene', 'Casearin X Dialdehyde; (2R*,4aS*,5S*,7R*,8R*,8aS*)-4,4a-Diformyl-1,2,4a,5,6,7,8,8a-octahydro-5-hydroxy-7,8-dimethyl-8-[(2Z)-3-methylpenta-2,4-dien-1-yl]naphthalen-2-yl Butanoate', 'polypodine B', '19,20-Epoxycytochalasin Q', '19,20-Epoxycytochalasin R', 'Muraxanthone', 'Casearupestrin A', '2-oxo-piperol B; (7S*, 8R*, 1R*, 3R*)-3,4,5-trimethoxy-3,7-cyclo-8,1-neolig-8-ene-2,4(3H)-dione', 'taxifolin', ""(2'S)-2-(propan-2'-ol)-5-hydroxy-benzopyran-4-one"", 'Rel-(+)-(7S,9R,10S)-3,9,12-trihydroxycalamenene', 'Casearin S', '11β-acetoxyobacunone', '1-(5,7-dihydroxy-2,2-dimethylchroman- 6-yl)-3-[4-hydroxy-3-(3-methylbut-2-en-1-yl)- phenyl]propan-1-one', '(3R,4R)-4,7-Dihydroxymellein', ""Nitensoside B; Pedalitin 6-O-α-rhamnopyranosyl(1'''→6'')-β-glucopyranoside"", 'N-[10- (13,14-methylenedioxyphenyl)-7(E)-pentaenoyl]-pyrrolidine', '2-Methyl-5-methoxy-benzopyran-4-one', '3,4-dihydroxybenzoic acid geranyl ester', 'N-[10-(13,14-methylenedioxyphenyl)-7(E),9(Z)-pentadienoyl]-pyrrolidine', 'Gedunin', 'Pedalin, pedalitin 6-O-β -glucopyranoside', 'Piperol B', '(-)-Hardwickiic acid', ""5-[3''-(β-D-glucopyranosyloxy)propyl]-7-methoxy-2-(3',4'-methylenedioxyphenyl)benzofuran"", '28-O-β-D-glucopyranosyl quinovic acid', '2-Methyl-4-hydroxy-butyl caffeoate', 'N-1,N-2,N-3-Triisopentenylguanidine', 'Dibenzyl trisulphide', 'Maytenin, Tingenone', 'urauchimycin B', ""2-(2'-O-trans-caffeoyl)-C-β-D-glucopyranosyl-1,3,6,7-tetrahydroxyxanthone"", 'Cabraleadiol', 'schaftoside', ""(2S)-Methyl-8-isopentyl-2-methyl-2-(4'-methylpentyl)chroman-6-carboxylate"", '3,4,5-Triacetoxybenzoic acid', '1-(5,7-dihydroxy-2,2-dimethylchroman-6-yl)-3-(1,1,4a-trimethyl-2,3,4,4a,9a-hexahydro-1H-xanthen-7-yl)propan-1-one', 'Methyl (E)-6,7,8-trimethoxycinnamate', '3,4,5-Trimethoxyphenyl-1-O-β-D-(5-O-syringoyl)-apiofuranosyl-(1→6)-β-D-glucopyranoside', '6-[8(Z),11(Z),14-pentadecatrienyl]salicylic acid', 'Sorbifolin', ""Nitensoside A; Sorbifolin 6-O-α-rhamnopyranosyl(1'''→6'')-β-glucopyranoside"", 'Amentoflavone', 'Odoratone', 'Rel-6β-hydroxyzuelanin-2β-benzoate', 'shidasterone', '5-hydroxymethyl- 2-furancarboxaldehyde; 5-hydroxymethyl-2-furfuraldehyde', 'atalaphyllinine', 'Lauryl gallate', 'Casearin O; (1R*,3S*,5S*,6aR*,7R*,8R*,9S*,10S*,10aR*)-1,10-Bis(acetyloxy)-5-methoxy-7,8-dimethyl-7-[(2Z)-3-methylpenta-2,4-dien-1-yl]-3,5,6,6a,7,8,9,10-octahydronaphtho[1,8a-c]furan-3,9-diyl Dibutanoate', 'germacrene D', 'Methyl gallate', '3-O-β-D-quinovopyranosyl cincholic acid', 'Afzelin, 3-O-α-rhamnosyl kaempferol', 'Egonol', '4-Nerolidilcatechol', ""2-(2'-O-transcoumaroyl)-C-β-D-glucopyranosyl-1,3,6,7-tetrahydroxyxanthone"", 'Syringic acid', '(+)-3-O-feruloylcassine', '6-pentadecylsalicylic acid', 'Caseargrewiin F; (1R*,3S*,5S*,6aR*,7S*,8R*,10R*,10aR*)-1,3-Bis(acetyloxy)-3,5,6,6a,7,8,9,10-octahydro-10-hydroxy-7,8-dimethyl-7-[(2Z)-3-methylpenta-2,4-dien-1-yl]naphtho[1,8a-c]furan-5-yl Butanoate', 'Casearin L; (1R*,3S*,5S*,6aR*,7R*,8R*,9S*,10S*,10aR*)-1,10-Bis(acetyloxy)-3,5,6,6a,7,8,9,10-octahydro-9-hydroxy-5-methoxy-7,8-dimethyl-7-[(2Z)-3-methylpenta-2,4-dien-1-yl]naphtho[1,8a-c]-furan-3-yl Butanoate', 'Platydesmine', 'Leiokinine A', '8-methoxymellein', '(±)-Syringaresinol', 'Cyclo-(L-Pro-L-Val)', 'Methyl-2,2-dimethylchroman-6-carboxylate', ""Myrsinoic acid A, 3-Geranyl-4-hydroxy-5-(3'',3''-dimethylallyl)benzoic acid"", '20α-Hydroxymaytenin; 20-hydroxy-20-epi-tingenone', '(-)-Epigallocatechin-3-O-gallate', 'Casearin D; (1R*,3S*,5S*,6aR*,7R*,8R*,9S*,10S*,10aR*)-1-(Acetyloxy)-3,5,6,6a,7,8,9,10-octahydro-5,10-dihydroxy-7,8-dimethyl-7-[(2Z)-3-methylpenta-2,4-dien-1-yl]naphtho[1,8a-c]furan-3,9-diyl Dibutanoate', 'Rel. (+)-(7S,10S) 3,12-dihydroxycalamenene', 'carlinoside', 'Methyl-8-(ethanoyloxy)-2,2-dimethyl-2H-chromene-6-carboxylate', 'arjunolic acid', 'stachysterone', 'Ethyl 2,4-dihydroxy-5,6-dimethylbenzoate', 'Amentoflavone 7”,4”’-dimethyl ether', 'Picramnioside F', 'Plumericin', '5-[8(Z),11(Z)-pentadecadienyl]resorcinol', '(-)-Spectalinine', 'Netzahualcoyondiol', 'Syringaldehyde', '22-hydroxytirucalla-7,24-diene-2,3-dione', 'Trans-3’-methylsulphonylallyl trans-cinnamate', '(3-(2-(4-hydroxyphenyl)-2-oxoethyl)-5,6-dihydropyridin- 2(1H)-one)', 'Mangiferin', 'Salacin', 'Viburgenin', ""Pterogynoside; Kaempferol-3-O-(3''-O-4'''-methylgallate-α-L-rhamnoside)"", 'Isobutyl gallate', '7′-multijuguinone', 'Griseofulvin', ""7-Hydroxy-4',6-dimethoxyisoflavone; Afrormosin; Afromosin"", '24-methylenecycloartan-3b-ol', 'Ixoside', '2β-Hydroxyzuelanin-6β-cinnamate', 'Cognatine', 'Fagaramide', 'Chalepin', 'Chlorogenic acid']]",doi_name
"['10.1016/j.phytochem.2005.04.043', '2-Methyl-5-methoxy-benzopyran-4-one']","['10.1016/j.phytochem.2005.04.043', ['Galioside aglicone', 'Teucrein', '11-O-trans-feruloylteucrein', 'Apodanthoside', 'Galioside', 'guaiol', 'Hinesol', 'γ-eudesmol', 'α-eudesmol', '7-Methoxydiderroside', 'Diderroside', ""6'-Acetyl-β-D-glucopyranosyldiderroside"", 'Secoxyloganin', 'Mycoleptone A', '9-hydroxyeugenin', 'Austdiol diacetate', 'Eugenitin', 'Mycoleptone B', '6-methoxyeugenin', 'Austdiol', 'Mycoleptone A tetraacetate', '5,7-dimethoxy-2,2-dimethyl-2H-1-benzopyran-6-propanoate', ""2'-hydroxy-3,4,4'-trimethoxy-5',6'-(2'',2''-dimethylpyrano)-chalcone"", ""3',4'-methylenedioxy-5,5',6,7-tetramethoxyflavone"", ""3',4'-methylenedioxy-5,6,7- trimethoxyflavone"", ""3',4'-methylenedioxy-5,7-dimethoxyflavone"", 'Chlorogenic acid methyl ester, Methyl (1S,3R,4R,5R)-3-{[(2E)-3-(3,4-dihydroxyphenyl)-2-propenoyl]oxy}-1,4,5-trihydroxycyclohexanecarboxylate', ""Rel-(7R,8S,7'S,8'S)-4'-hydroxy-3,4,5,3',5'-pentamethoxy-7,7'-epoxylignan"", ""Rel-(7R,8S,7'S,8'S)-4-hydroxy-4',5'-methylenedioxy-3,5,3'-trimethoxy-7,7'-epoxylignan"", ""Rel-(7R,8S,7'S,8'S)-4,5,4',5'-dimethylenedioxy-3,3'-dimethoxy-7,7'-epoxylignan"", ""Rel-(7R,8S,7'S,8'S)-4',5'-methylenedioxy-3,4,5,3'-tetramethoxy-7,7'-epoxylignan"", ""Rel-(7R,8S,7'S,8'S)-9-hydroxy-4',5'-methylenedioxy-3,4,5,3'-tetramethoxy-7,7'-epoxylignan"", 'Pyranofoline', '3,4-dihydro-3,5,8-trihydroxy-6-methoxy-2,2,7-trimethyl-2Hpyrano[ 2,3-a]acridin-12(7H)-one', 'Citrusinine-I', '5-hydroxynoracronycine; Atalaphyllidine', 'Citrusinine-II', '1,3,5-trihydroxy- 2,8-bis(3-methylbut-2-enyl)-10-methyl-9-acridone', 'Glycocitrine-I', '1,3,5-trihydroxy-4-methoxy-10-methyl- 2,8-bis(3-methylbut-2-enyl)acridin-9(10H)-one', 'Glycocitrine-IV', '2,3-dihydro-4,9-dihydroxy-2-(2-hydroxy-propan-2-yl)- 11-methoxy-10-methylfuro[3,2-b]acridin-5(10H)-one', 'bis-5-hydroxyacronycine', 'Citibrasine', '21β,25-dimethylmelianodiol', '3,21-Di-epi-feroniellide B', '21α,25-dimethylmelianodiol', ""2-(1'-pentenyl)-Quinoline"", '2-n-Propylquinoline', '2-n-Pentylquinoline', ""2-(3',4'-methylenedioxyphenylethyl)-Quinoline"", '4,5-dihydropiperlonguminine; Piperlonguminine', '(E)-piplartine', 'Piperine', '8,9-dihydropiplartine; N-(12,13,14-trimethoxydihydrocinnamoyl)-Δ3-pyridin-2-one', '(Z)-piplartine; 8(Z)-N-(12,13, 14-trimethoxycinnamoyl)- 3-pyridin-2-one', '10,11-dihydropiperine; Δα,β-dihydropiperine', '4,5-dihydropiperyline', ""N-[3-(6'-methoxy-3',4'-methy-lenedioxyphenyl)-2(Z)-propenoyl]pyrrolidine"", '(3Z,5Z)-N-isobutyl-8-(30,40-methylenedioxy-phenyl)-heptadienamide', 'Pellitorine', ""4-Methoxy-3-(3',7'-dimethylocta-2'-E-6'-dienyl)benzoic acid"", ""3-(3',7 '-dimethyl-2',6 '-octadienyl)-4-methoxy-benzoic acid"", 'Methyl-8-hydroxy-2,2-dimethyl-2H-chromene-6-carboxylate', '(-)-3-O-acetyl-spectaline', 'Nectandrin B', 'Epi-guaiacin', 'Verrucosin', '7-Methyl-sargachromenol; 2,7,8-Trimethyl-2-[(3-E,7-Z)-4,12-dimethyl-8-carboxyl-3,7,11-tridecatrienyl]-3-chromen-6-ol, β-caroteno', 'cyclo (L)-Pro-Gly', '17-(3,4-Methylenedioxyphenyl)-heptadecanoic acid', 'Tithonine', 'Fasciculiferin', 'Farnisine', 'Sargaquinoic acid', '19´-(3,4-Methylenedioxyphenyl)-nonadecanoic acid', ""7,4'-Dihydroxyflavone"", ""Juruenolic acid; 2-(4'-Methylpentenyl-3)-10-oxoundecan-2,6-dienoic acid"", '21´-(3,4-Methylenedioxyphenyl)-henicosanoic acid', 'Sargachromenol', '(+)-Guaiacin', ""7,4'-Dimethoxyflavone"", 'Aphidicolin', 'Xanthyletin', ""3,4-dimethyl-2-(4'-hydroxy-3',5'-dimethoxyphenyl)-5-methoxy-tetrahydrofuran"", 'Anhydrofusarubin', 'Beauvericin', 'Ferulic acid', 'β-Gardiol', 'α-Gardiol', '(+)-α-Hydroxyerysotrine', '(+)-11α-Hydroxyerythravine', '(+)-Erythravine', '2α,3α,19α- trihydroxyurs-12-en-28-oic acid', '3,3-O-dimethylquercetin', 'penduletin 4-O-methyl ether', '2α,3α-dihydroxyolean-12- en-28-oic acid', 'p-hydroxybenzoic acid', '3,7,4-O-trimethylkaempferol', '3-O-methylquercetin', 'Chrysoeriol', 'acacetin', 'Taraxerol acetate', ""4-Hydroxy-(3',7'-dimethyl-1'-oxo-octa-2'-Z-6'-dienyl)benzoic acid"", ""Aduncumene; Methyl 2-methoxy-5-(3'-methyl-1'-oxo-2'-butenyl)benzoate"", ""Methyl 4-hydroxy-3-(3'-methyl-2'-hydroxy-3'-butenyl)benzoate"", ""Methyl 4-hydroxy-3-(3'-methyl-2'-butenyl)benzoate"", '3,4,5-Trimethoxydihydrocinnamic acid', 'Methyl 2,2-dimethyl-1-oxo-2H-1-benzopyran-6-carboxylate', 'Piperaduncine B', ""Methyl taboganate; Methyl 4-hydroxy-3-(3'-methyl-1'-oxo-2'-butenyl)benzoate"", ""2',6'-Dihydroxy-4'-methoxydihydrochalcone"", ""4-Hydroxy-3-(3',7'-dimethylocta-2'-E-6'-dienyl)benzoic acid"", ""Hostmaniene; 4-Hydroxy-3-(2',3'-dihydroxy-3'-methylbutyl)benzoate"", 'Methyl (3R,4R,5R)-3-{[(2E)-3-(3,4-dihydroxyphenyl)-2-propenoyl]oxy}-1,4,5-trihydroxycyclohexanecarboxylate', 'Methyl (3R,4R,5R)-3-{[(2Z)-3-(3,4-dihydroxyphenyl)-2-propenoyl]oxy}-1,4,5-trihydroxycyclohexanecarboxylate', 'Isopimpinellin', '5,7-dimethoxy-2,2-dimethyl-2H-1-benzopyran-6-propanoic acid', ""Isoswertisin-4'-methyl-ether-2''α-L-rhamnoside"", 'Sesartemin', ""Isoswertisin-2''α1-L-rhamnoside"", 'Clusifoliol', '2-Episesalatin', 'Nitensidine E', 'Nitensidine D', 'Stearic acid 4-pentoyloxyphenethyl ester', 'astilbin; Rel-(2R, 3R)-dihydroquercetin-3-O-±-L-rhamnoside', 'Catechin, Ent-catechin', 'Kaempferol-3-O-rutinoside', 'Kaempferol-3-O-α-L-rhamnopyranosyl-(1→6)-β-D-galactopyranoside', 'Procyanidin B-3', 'Quercetin-3-O-α-L-rhamnopyranosyl-(1→6)-β-D-galactopyranoside', '6-Hydroxy-rutin', 'Kaempferol-3-O-D-glucopyranoside', 'Kaempferol-3-O-D-galactopyranoside', 'Kaempferol-3-O-α-L-rhamnopyranosyl-(1-6)-α-L-rhamnopyranosyl-(1-4)-β-D-glucopyranoside', 'Iso-odoratol', 'Pentaol', 'Oleanonic acid', 'Piscidinol A', 'cryptomeridiol', '3,11-dioxoolean-12-en-28- onic acid', 'Nilocetin', 'Hispidol A', '1-methoxy-3-hydroxy-3,10b-4,5a-diepoxy-8b-isobutyroyloxygermacr-11(13)-en-6a,12-olide', 'Tagitinin C', ""3',4',5',3,5,7,8-heptamethoxyflavone"", ""3,5,6,7,3',4',5'-heptamethoxyflavonol"", ""4-Hydroxy-3-(3',7'-dimethyl-3'-hydroxy-1'-oxo-6'-octenyl)benzoic acid"", ""1,4-Dihydroxy-2-(3',7'-dimethyl-1'-oxo-2'-E-6'-octadienyl)benzene"", ""4-Hydroxy-(3',7'-dimethyl-1'-oxo-octa-2'-E-6'-dienyl)benzoic acid"", ""Isosakuranetin; 5,7-dihydroxy-4'-methoxyflavanone"", ""Sakuranetin; 5,4'-dihydroxy-7-methoxyflavanone"", 'Turbinatine', 'Strictosidine acid', 'Harman-3-carboxylic acid', '3,4-dehydro-strictosidine', 'Cordifoline', 'Deoxycordifoline', '5α-carboxystrictosidine', '3,4-dehydrostrictosidine acid', '4-metoxi-6-[2-(metilamino)fenil]- 2H-piran-2-ona', 'Ergosterol peroxide', 'Pimara-7,15-dien-3β-ol', 'Dimethyl terephthalate', '8-hydroxy-6-methoxy-3-methylisocoumarin', '(22E,24R)-ergosta-4,6,8(14),22-tetraen-3-one', 'Methacrylic acid', 'β-caryophyllene, trans-caryophyllene', 'Cusculine; 1,2,3,5,6-pentamethoxy-9-acridone', 'Cuspanine; 1-hydroxy-2,3,5,6-tetramethoxy-9-acridone', '2α,3α-Dihydroxy-urs-12-en-28-oic acid', 'Oleanolic acid 3-sophoroside', '3-O-β-D-(6’-methyl)-glucopyranosyl-28-O-β-D-glucopyranosyl-oleanate', 'β-Sitosterol benzoate', '5-hydroxyflavone', '2-phenyl-4H-chromen-4-one', 'Haplotusine', 'Sinapyl 4-O-β-D-glucopyranoside aldehyde', 'Sinapyl 4-O-β-D-glucopyranoside alcohol', 'N-acetylnonaine', 'Liriodenine', '[10]-gingerol', ""2,4-Dihydroxy-6-[(1'E,3'E)-penta-1', 3'-dienyl]-benzaldehyde"", 'Nitensidine A', '2-methyl-5-[8(Z)-pentadecenyl]resorcinol', '2-hydroxyphenylacetic acid', '3-O-β-D-quinovopyranosyl quinovic acid', 'Kaempferol', ""8-hydroxy-3,5,7,3',4',5'-hexamethoxyflavonol"", ""2-(2'-O-trans-caffeoyl)-C-β-D-glucopyranosyl-1,3,6,7-tetrahydroxyxanthone"", 'Netzahualcoyene', 'Casearin X Dialdehyde; (2R*,4aS*,5S*,7R*,8R*,8aS*)-4,4a-Diformyl-1,2,4a,5,6,7,8,8a-octahydro-5-hydroxy-7,8-dimethyl-8-[(2Z)-3-methylpenta-2,4-dien-1-yl]naphthalen-2-yl Butanoate', 'polypodine B', 'n-Propyl gallate', ""3',4',5',5,7,8-hexamethoxyflavone"", 'Isopropyl gallate', '6β-hydroxy-7-epigardoside methyl ester', 'Leptomerine', '5-hydroxy-N-methylseverifoline', '19,20-Epoxycytochalasin N', 'ellagic acid 4-O-α-L-rhamnopyranoside; eschweilenol C', 'Mayoside C', 'Ourateacatechin', ""3',4',5',5,7-pentamethoxyflavone"", '2-methyl-5-pentadecylresorcinol', '3β-hydroxy-stigmast-5-en-7-one; 24-β-7-oxositosterol', 'scillascillin', ""7-Hydroxy-4',6-dimethoxyisoflavone; Afrormosin; Afromosin"", '8-methoxymellein', '(±)-Syringaresinol', 'Cyclo-(L-Pro-L-Val)', 'Acetonide of odoratol', '(−)-Grandisin', 'fraxinellonone', '2,7-Di-O-acetylcasearupestrin A', 'Nitensidine B', '1-methyl-2-n-nonyl-4-quinolone', '5-[8(Z),11(Z),14-pentadecatrienyl]resorcinol', 'Gallic acid; 3,4,5-trihydroxybenzoic acid', 'Piperol B', '(-)-Hardwickiic acid', ""5-[3''-(β-D-glucopyranosyloxy)propyl]-7-methoxy-2-(3',4'-methylenedioxyphenyl)benzofuran"", '28-O-β-D-glucopyranosyl quinovic acid', '2-Methyl-4-hydroxy-butyl caffeoate', 'N-1,N-2,N-3-Triisopentenylguanidine', 'Dibenzyl trisulphide', 'Maytenin, Tingenone', '(4R)-4,8-dihydroxy-α-tetralone', 'Odoratol', '2-n-nonyl-4-quinolone', 'Cytochalasin D', 'Isoorientin', 'urauchimycin B', 'Maculosidine', 'Podocarpusflavone A', 'Casearupestrin C', '6α-malonyloxy-n-butyl ester manoyl oxide', 'citrusinine-I', 'Ricinine', 'Leptophyllin A', '5-pentadecylresorcinol', 'Homoegonol', '[8]-gingerol', '4-Hydroxymellein', '5-hydroxymellein', 'β-photogedunin', 'n-Butyl gallate', ""5-[3''-(β-D-glucopyranosyloxy)propyl]-7-methoxy-2-(3',4'-dimethoxyphenyl)benzofuran"", '3,12-Dihydroxycadalene', 'Dibenzyl sulphide', '(-) Cis-4-hydroxy-6-deoxyscytalone', 'Plumericin', '5-[8(Z),11(Z)-pentadecadienyl]resorcinol', '(-)-Spectalinine', 'Netzahualcoyondiol', '19,20-Epoxycytochalasin D', 'fumiquinozoline F', 'Kaempferol 3-O-α-L-rhamnopyranosyl (1→6)-O-[β -D-glucopyranosyl (1→3)-O-α-L-rhamnopyranosyl-(1→2)]-O-β -D-glucopyranosyl', '3β-O-[α-L-rhamnopyranosyl-(1→2)-O-β-D-glucopyranosyl-(1→2)-O-β-D-glucopyranosyl]-28-O-β-D-glucopyranoside pomolate', 'Dibenzyl tetrasulphide', ""2',5-dihydroxy-3-methoxy-8-dimethylallyl-6, 7-(2' ',2''-dimethylpyrano)-dihydroflavonol"", 'Casearupestrin B', 'toonacilin', 'Uracil', '1-O-(E)-feruloyl-β-D-glucopyranoside', '19,20-Epoxycytochalasin C', 'urauchimycin A', 'p-Coumaric acid', '(-)-Epigallocatechin', 'Netzahualcoyonol', '1-[3-(3,7-dimethylocta-2,6-dien-1-yl)-2,4,6- trihydroxyphenyl]-3-(4-hydroxyphenyl)propan-1-one', '6α-malonyloxymanoyl oxide', 'Benzylhydroxymethyl sulphide', '1,6-di-O-caffeoyl-β-D-glucopyranoside', '2-methyl-5-[8(Z),11(Z),14-pentadecatrienyl]resorcinol', 'Pristimerin; 20α-3-hydroxy-2-oxo-24-nor-friedela-1-10,3,5,7-tetraen-carboxylic acid-29-methylester', '3,4,5-trimethoxyphenyl 1-O-β-D-apiofuranosyl-(1→6)-O-β-D-glucopyranoside', 'Ocotillone', 'des-N-methylnoracronycine', 'Sorbifolin 6-O-β-glucopyranoside', 'Rel-2α-hydroxyzuelanin-6β-benzoate', '2,6-di-O-acetylcasearupestrin D', ""Methyl-2,2-dimethyl-8-(3'-methylbut-2'-enyl)chroman-6-carboxylate"", '7-hydroxy-3- (11-dimethylallyl)-8-methoxycoumarin', ""N-[7-(3',4'-methylenedioxyphenyl)-2(Z),4(Z)-heptadienoyl]pyrrolidine"", ""Acteoside; [β-3,4-dihydroxyphenyl)-ethyl]-(3'-O-α-L-rhamnopyranosyl)-(4'-O-cafeoyl)-β-D-glycopyranoside, verbascoside"", '20-hydroxyecdysone; polypodine A', '3-Acetyl aleuritolic acid', 'Alkenoic acid', 'Quercetin 3-O-α-L-rhamnopyranosyl (1→6)-O-[β -D-glucopyranosyl (1→3)-O-α-L-rhamnopyranosyl-(1→2)]-O-β -D-glucopyranosyl', 'Heveaflavone', 'Arboreumine', '3-Oxoursolic acid', '1,2-dihydro- 3β-hydroxy-7-deacetoxy-7-oxogedunin', 'Photogedunin', 'Casearin X; (1R*,3S*,5S*,6aR*,7S*,8S*,10R*,10aR*)-1-(Acetyloxy)-3,5,6,6a,7,8,9,10-octahydro-10-hydroxy-7,8-dimethyl-7-[(2Z)-3-methylpenta-2,4-dien-1-yl]naphtho[1,8a-c]furan-3,5-diyl Dibutanoate', ""2-(R)-Methyl-6-(S)-(tetradecyl-13'-one)-3(R)-O-tert-butyldimethylsilyl-piperidine"", '(2S)-Methyl-2-methyl-8-(3""-methylbut-2""-enyl)-2-(4\'-methylpent-3\'-enyl)-2H-chromene-6-carboxylate', 'Casearin T', 'Piperyline, N-[10-(13,14-methylenedioxyphenyl)-7(E),9(E)-pentadienoyl]-pyrrolidine', 'Methyl angolensate', ""5-(3'' -Hydroxypropyl)-7-methoxy-2-(3',4' -methyl-enedioxyphenyl)benzofuran"", '22β-hydroxypristimerin', '1- (5,7-dihydroxy-2,2-dimethylchroman-6-yl)-3-(2,2-dimethylchroman- 6-yl)propan-1-one', 'Canavaline', 'Di-hydrodehydrodiconiferyl alcohol', 'Quercetin', ""2-(2'-O-trans-cinnamoyl)-C-β-D-glucopyranosyl-1,3,6,7-tetrahydroxyxanthone"", 'Kokusaginine', 'Pedalitin', 'Skimmianine', 'p-hydroxybenzoic acid-geranyl ester', 'Dibenzyl disulphide', 'Proanthocyanidin', 'neoisoastilbin', '(R)-7-Hydroxymellein', '6α-acetoxymanoyl oxide', 'Methyl-8-hydroxy-2,2-dimethylchroman-6-carboxylate', '6α-acetoxy-14β,15β-epoxyazadirone', 'n-Pentyl gallate', 'Orcinol', 'Periconicin B', 'Phomopsilactone', ""(2S)-8-Isopentyl-2-methyl-2-(4'-methylpentyl)chroman-6-carboxylic acid"", '2,2-dimethyl-2H-chromene-6-carboxylic acid', '(3R,4R)-3,4-Dihydro-4,6-dihydroxy-3-methyl-1-oxo-1H-isochromene-5-carboxylic acid', '24-methylene-3,22-dihydroxycholesterol', 'amorphispironone', 'Casearupestrin D', 'Chaetoglobosin B', ""2-(2'-O-benzoyl)-C-β-D-glucopyranosyl-1,3,6,7-tetrahydroxyxanthone"", 'Isoplumericin', 'α-L-xylopyranosyl-(4""→20)-(3-O-β-D-glucopyranosyl)-1\'-O-E-caffeoyl-β-D-glucopyranoside', '6-[8(Z)-pentadecenyl]salicylic acid', '(2S)-2-methyl-8-(3""-methylbut-2""-enyl)-2-(4\'-methylpent-3\'-enyl)-2H-chromene-6-carboxylic acid', 'Burchellin', '5-[8(Z)-pentadecenyl]resorcinol', 'ω-fenil alcanoic acid', '2-butyl-D-fructofuranoside', ""Gaudichaudianic acid; (2S)-2-methyl-2-(4'methyl-3'-pentenyl)-8-(3''-methyl-2-butenyl)- 2H-1-benzopyran-6-carboxylic acid"", 'limonexic acid', 'Sinapic acid', '19,20-Epoxycytochalasin Q', '19,20-Epoxycytochalasin R', 'Muraxanthone', 'epoxy-fraxinellone', '12′-hydroxy-7′-multijuguinone', 'Kaempferitrin', 'Nitensidine C', 'Dipropyl disulphide', '2-methyl-5-[8(Z),11(Z)-pentadecadienyl]resorcinol', 'Methyl 6,7,8-trimethoxydihydrocinnamate', '2-Hexyl-3-methyl-butanodioic acid', 'fraxinellone', 'Di(benzyltrithio) methane', '3,11,12-Trihydroxycadalene', 'Quercetin 3-O-sophoroside', ""Nitensoside B; Pedalitin 6-O-α-rhamnopyranosyl(1'''→6'')-β-glucopyranoside"", '6-[ 8(Z),11(Z) -pentadecadienyl] salicylic acid', 'Odoratone', 'Rel-6β-hydroxyzuelanin-2β-benzoate', 'shidasterone', '5-hydroxymethyl- 2-furancarboxaldehyde; 5-hydroxymethyl-2-furfuraldehyde', 'atalaphyllinine', 'N-[10- (13,14-methylenedioxyphenyl)-7(E)-pentaenoyl]-pyrrolidine', '2-Methyl-5-methoxy-benzopyran-4-one', '3,4-dihydroxybenzoic acid geranyl ester', 'N-[10-(13,14-methylenedioxyphenyl)-7(E),9(Z)-pentadienoyl]-pyrrolidine', 'Gedunin', 'Pedalin, pedalitin 6-O-β -glucopyranoside', 'Caseargrewiin F; (1R*,3S*,5S*,6aR*,7S*,8R*,10R*,10aR*)-1,3-Bis(acetyloxy)-3,5,6,6a,7,8,9,10-octahydro-10-hydroxy-7,8-dimethyl-7-[(2Z)-3-methylpenta-2,4-dien-1-yl]naphtho[1,8a-c]furan-5-yl Butanoate', 'Casearin L; (1R*,3S*,5S*,6aR*,7R*,8R*,9S*,10S*,10aR*)-1,10-Bis(acetyloxy)-3,5,6,6a,7,8,9,10-octahydro-9-hydroxy-5-methoxy-7,8-dimethyl-7-[(2Z)-3-methylpenta-2,4-dien-1-yl]naphtho[1,8a-c]-furan-3-yl Butanoate', 'Luteolin; 2-(3,4-dihydroxyphenyl)-5,7-dihydroxy-4H-chromen-4-one', '6-[8(Z),11(Z),14-pentadecatrienyl]salicylic acid', 'Platydesmine', 'Leiokinine A', 'Cabraleadiol', 'schaftoside', ""(2S)-Methyl-8-isopentyl-2-methyl-2-(4'-methylpentyl)chroman-6-carboxylate"", '3,4,5-Triacetoxybenzoic acid', 'Casearupestrin A', '2-oxo-piperol B; (7S*, 8R*, 1R*, 3R*)-3,4,5-trimethoxy-3,7-cyclo-8,1-neolig-8-ene-2,4(3H)-dione', 'taxifolin', ""(2'S)-2-(propan-2'-ol)-5-hydroxy-benzopyran-4-one"", 'Rel-(+)-(7S,9R,10S)-3,9,12-trihydroxycalamenene', 'Casearin S', '11β-acetoxyobacunone', '1-(5,7-dihydroxy-2,2-dimethylchroman- 6-yl)-3-[4-hydroxy-3-(3-methylbut-2-en-1-yl)- phenyl]propan-1-one', '(3R,4R)-4,7-Dihydroxymellein', 'Rel. (+)-(7S,10S) 3,12-dihydroxycalamenene', 'carlinoside', 'Methyl-8-(ethanoyloxy)-2,2-dimethyl-2H-chromene-6-carboxylate', 'arjunolic acid', 'Amentoflavone', 'Methyl gallate', '3-O-β-D-quinovopyranosyl cincholic acid', 'Afzelin, 3-O-α-rhamnosyl kaempferol', 'Egonol', '4-Nerolidilcatechol', ""2-(2'-O-transcoumaroyl)-C-β-D-glucopyranosyl-1,3,6,7-tetrahydroxyxanthone"", 'Syringic acid', '(+)-3-O-feruloylcassine', '1-(5,7-dihydroxy-2,2-dimethylchroman-6-yl)-3-(1,1,4a-trimethyl-2,3,4,4a,9a-hexahydro-1H-xanthen-7-yl)propan-1-one', 'Methyl (E)-6,7,8-trimethoxycinnamate', '3,4,5-Trimethoxyphenyl-1-O-β-D-(5-O-syringoyl)-apiofuranosyl-(1→6)-β-D-glucopyranoside', 'Salacin', 'Viburgenin', ""Pterogynoside; Kaempferol-3-O-(3''-O-4'''-methylgallate-α-L-rhamnoside)"", 'Isobutyl gallate', '7′-multijuguinone', 'Griseofulvin', 'Sorbifolin', ""Nitensoside A; Sorbifolin 6-O-α-rhamnopyranosyl(1'''→6'')-β-glucopyranoside"", 'Casearin O; (1R*,3S*,5S*,6aR*,7R*,8R*,9S*,10S*,10aR*)-1,10-Bis(acetyloxy)-5-methoxy-7,8-dimethyl-7-[(2Z)-3-methylpenta-2,4-dien-1-yl]-3,5,6,6a,7,8,9,10-octahydronaphtho[1,8a-c]furan-3,9-diyl Dibutanoate', 'germacrene D', '6-pentadecylsalicylic acid', 'Methyl-2,2-dimethylchroman-6-carboxylate', ""Myrsinoic acid A, 3-Geranyl-4-hydroxy-5-(3'',3''-dimethylallyl)benzoic acid"", '20α-Hydroxymaytenin; 20-hydroxy-20-epi-tingenone', '(-)-Epigallocatechin-3-O-gallate', 'Casearin D; (1R*,3S*,5S*,6aR*,7R*,8R*,9S*,10S*,10aR*)-1-(Acetyloxy)-3,5,6,6a,7,8,9,10-octahydro-5,10-dihydroxy-7,8-dimethyl-7-[(2Z)-3-methylpenta-2,4-dien-1-yl]naphtho[1,8a-c]furan-3,9-diyl Dibutanoate', 'Tetrahydropiperyline, N-[10-(13,14-methylenedioxyphenyl)-pentanoyl]-pyrrolidine', 'Piperovatine', '2,4,6-trimethoxybenzoic acid', '1-O-(E)-caffeoyl-β-D-glucopyranoside', 'Quercitrin, 3-O-α-rhamnosylquercetin', 'Caseobliquin A', 'stachysterone', 'Ethyl 2,4-dihydroxy-5,6-dimethylbenzoate', 'Amentoflavone 7”,4”’-dimethyl ether', 'Picramnioside F', 'Lauryl gallate', 'Syringaldehyde', '22-hydroxytirucalla-7,24-diene-2,3-dione', 'Trans-3’-methylsulphonylallyl trans-cinnamate', '(3-(2-(4-hydroxyphenyl)-2-oxoethyl)-5,6-dihydropyridin- 2(1H)-one)', 'Mangiferin', '24-methylenecycloartan-3b-ol', 'Ixoside', '2β-Hydroxyzuelanin-6β-cinnamate', 'Cognatine', 'Fagaramide', 'Chalepin', 'Chlorogenic acid']]",doi_name
"['10.1590/S0102-695X2007000300003', 'Amentoflavone']","['10.1590/S0102-695X2007000300003', ['guaiol', 'Hinesol', 'γ-eudesmol', 'α-eudesmol', 'Galioside aglicone', '11-O-trans-feruloylteucrein', 'Teucrein', 'Apodanthoside', 'Galioside', 'Mycoleptone A', '9-hydroxyeugenin', 'Mycoleptone B', 'Eugenitin', 'Austdiol', '6-methoxyeugenin', 'Mycoleptone A tetraacetate', 'Austdiol diacetate', '5,7-dimethoxy-2,2-dimethyl-2H-1-benzopyran-6-propanoate', 'Chlorogenic acid methyl ester, Methyl (1S,3R,4R,5R)-3-{[(2E)-3-(3,4-dihydroxyphenyl)-2-propenoyl]oxy}-1,4,5-trihydroxycyclohexanecarboxylate', '7-Methoxydiderroside', ""6'-Acetyl-β-D-glucopyranosyldiderroside"", 'Diderroside', 'Secoxyloganin', '(-)-3-O-acetyl-spectaline', 'cyclo (L)-Pro-Gly', ""4-Methoxy-3-(3',7'-dimethylocta-2'-E-6'-dienyl)benzoic acid"", ""3-(3',7 '-dimethyl-2',6 '-octadienyl)-4-methoxy-benzoic acid"", 'Methyl-8-hydroxy-2,2-dimethyl-2H-chromene-6-carboxylate', 'Verrucosin', 'Epi-guaiacin', 'Nectandrin B', '7-Methyl-sargachromenol; 2,7,8-Trimethyl-2-[(3-E,7-Z)-4,12-dimethyl-8-carboxyl-3,7,11-tridecatrienyl]-3-chromen-6-ol, β-caroteno', '2-n-Propylquinoline', ""2-(3',4'-methylenedioxyphenylethyl)-Quinoline"", '2-n-Pentylquinoline', ""2-(1'-pentenyl)-Quinoline"", ""3',4'-methylenedioxy-5,5',6,7-tetramethoxyflavone"", ""2'-hydroxy-3,4,4'-trimethoxy-5',6'-(2'',2''-dimethylpyrano)-chalcone"", ""3',4'-methylenedioxy-5,6,7- trimethoxyflavone"", ""3',4'-methylenedioxy-5,7-dimethoxyflavone"", 'Xanthyletin', '17-(3,4-Methylenedioxyphenyl)-heptadecanoic acid', 'Tithonine', 'Farnisine', '19´-(3,4-Methylenedioxyphenyl)-nonadecanoic acid', 'Sargaquinoic acid', ""7,4'-Dimethoxyflavone"", ""Juruenolic acid; 2-(4'-Methylpentenyl-3)-10-oxoundecan-2,6-dienoic acid"", 'Sargachromenol', ""7,4'-Dihydroxyflavone"", 'Fasciculiferin', '(+)-Guaiacin', '21´-(3,4-Methylenedioxyphenyl)-henicosanoic acid', ""2',6'-Dihydroxy-4'-methoxydihydrochalcone"", ""Methyl taboganate; Methyl 4-hydroxy-3-(3'-methyl-1'-oxo-2'-butenyl)benzoate"", 'Methyl 2,2-dimethyl-1-oxo-2H-1-benzopyran-6-carboxylate', '3,4,5-Trimethoxydihydrocinnamic acid', ""4-Hydroxy-3-(3',7'-dimethylocta-2'-E-6'-dienyl)benzoic acid"", ""Hostmaniene; 4-Hydroxy-3-(2',3'-dihydroxy-3'-methylbutyl)benzoate"", ""Methyl 4-hydroxy-3-(3'-methyl-2'-butenyl)benzoate"", 'Piperaduncine B', ""4-Hydroxy-(3',7'-dimethyl-1'-oxo-octa-2'-Z-6'-dienyl)benzoic acid"", ""Methyl 4-hydroxy-3-(3'-methyl-2'-hydroxy-3'-butenyl)benzoate"", ""Aduncumene; Methyl 2-methoxy-5-(3'-methyl-1'-oxo-2'-butenyl)benzoate"", 'Citibrasine', '2,3-dihydro-4,9-dihydroxy-2-(2-hydroxy-propan-2-yl)- 11-methoxy-10-methylfuro[3,2-b]acridin-5(10H)-one', 'bis-5-hydroxyacronycine', 'Stearic acid 4-pentoyloxyphenethyl ester', '3,3-O-dimethylquercetin', '2α,3α,19α- trihydroxyurs-12-en-28-oic acid', 'penduletin 4-O-methyl ether', '3-O-methylquercetin', 'acacetin', '3,7,4-O-trimethylkaempferol', 'p-hydroxybenzoic acid', '2α,3α-dihydroxyolean-12- en-28-oic acid', 'Chrysoeriol', '21α,25-dimethylmelianodiol', '21β,25-dimethylmelianodiol', '3,21-Di-epi-feroniellide B', 'Taraxerol acetate', 'Aphidicolin', 'Isopimpinellin', 'Kaempferol-3-O-rutinoside', 'Kaempferol-3-O-α-L-rhamnopyranosyl-(1→6)-β-D-galactopyranoside', 'Catechin, Ent-catechin', 'Procyanidin B-3', 'Kaempferol-3-O-D-glucopyranoside', 'Quercetin-3-O-α-L-rhamnopyranosyl-(1→6)-β-D-galactopyranoside', 'Kaempferol-3-O-α-L-rhamnopyranosyl-(1-6)-α-L-rhamnopyranosyl-(1-4)-β-D-glucopyranoside', '6-Hydroxy-rutin', 'Kaempferol-3-O-D-galactopyranoside', 'Citrusinine-II', 'Glycocitrine-I', '1,3,5-trihydroxy- 2,8-bis(3-methylbut-2-enyl)-10-methyl-9-acridone', 'Glycocitrine-IV', '1,3,5-trihydroxy-4-methoxy-10-methyl- 2,8-bis(3-methylbut-2-enyl)acridin-9(10H)-one', 'Pyranofoline', 'Citrusinine-I', '5-hydroxynoracronycine; Atalaphyllidine', '3,4-dihydro-3,5,8-trihydroxy-6-methoxy-2,2,7-trimethyl-2Hpyrano[ 2,3-a]acridin-12(7H)-one', 'Methyl (3R,4R,5R)-3-{[(2E)-3-(3,4-dihydroxyphenyl)-2-propenoyl]oxy}-1,4,5-trihydroxycyclohexanecarboxylate', 'Methyl (3R,4R,5R)-3-{[(2Z)-3-(3,4-dihydroxyphenyl)-2-propenoyl]oxy}-1,4,5-trihydroxycyclohexanecarboxylate', 'Oleanonic acid', 'Piscidinol A', 'Iso-odoratol', 'Pentaol', 'cryptomeridiol', '3,11-dioxoolean-12-en-28- onic acid', 'Hispidol A', 'Nilocetin', 'Beauvericin', 'Anhydrofusarubin', ""Rel-(7R,8S,7'S,8'S)-9-hydroxy-4',5'-methylenedioxy-3,4,5,3'-tetramethoxy-7,7'-epoxylignan"", ""Rel-(7R,8S,7'S,8'S)-4,5,4',5'-dimethylenedioxy-3,3'-dimethoxy-7,7'-epoxylignan"", ""Rel-(7R,8S,7'S,8'S)-4'-hydroxy-3,4,5,3',5'-pentamethoxy-7,7'-epoxylignan"", ""Rel-(7R,8S,7'S,8'S)-4-hydroxy-4',5'-methylenedioxy-3,5,3'-trimethoxy-7,7'-epoxylignan"", ""Rel-(7R,8S,7'S,8'S)-4',5'-methylenedioxy-3,4,5,3'-tetramethoxy-7,7'-epoxylignan"", '(+)-Erythravine', '(+)-α-Hydroxyerysotrine', '(+)-11α-Hydroxyerythravine', 'Ferulic acid', 'α-Gardiol', 'β-Gardiol', '8,9-dihydropiplartine; N-(12,13,14-trimethoxydihydrocinnamoyl)-Δ3-pyridin-2-one', '10,11-dihydropiperine; Δα,β-dihydropiperine', '(E)-piplartine', '4,5-dihydropiperyline', ""N-[3-(6'-methoxy-3',4'-methy-lenedioxyphenyl)-2(Z)-propenoyl]pyrrolidine"", 'Piperine', '4,5-dihydropiperlonguminine; Piperlonguminine', '(Z)-piplartine; 8(Z)-N-(12,13, 14-trimethoxycinnamoyl)- 3-pyridin-2-one', 'Pellitorine', '(3Z,5Z)-N-isobutyl-8-(30,40-methylenedioxy-phenyl)-heptadienamide', 'Clusifoliol', ""Isoswertisin-4'-methyl-ether-2''α-L-rhamnoside"", '2-Episesalatin', ""Isoswertisin-2''α1-L-rhamnoside"", 'Sesartemin', '5,7-dimethoxy-2,2-dimethyl-2H-1-benzopyran-6-propanoic acid', 'astilbin; Rel-(2R, 3R)-dihydroquercetin-3-O-±-L-rhamnoside', 'Tagitinin C', '1-methoxy-3-hydroxy-3,10b-4,5a-diepoxy-8b-isobutyroyloxygermacr-11(13)-en-6a,12-olide', ""3',4',5',3,5,7,8-heptamethoxyflavone"", ""3,5,6,7,3',4',5'-heptamethoxyflavonol"", ""3,4-dimethyl-2-(4'-hydroxy-3',5'-dimethoxyphenyl)-5-methoxy-tetrahydrofuran"", ""1,4-Dihydroxy-2-(3',7'-dimethyl-1'-oxo-2'-E-6'-octadienyl)benzene"", ""4-Hydroxy-3-(3',7'-dimethyl-3'-hydroxy-1'-oxo-6'-octenyl)benzoic acid"", ""4-Hydroxy-(3',7'-dimethyl-1'-oxo-octa-2'-E-6'-dienyl)benzoic acid"", ""Isosakuranetin; 5,7-dihydroxy-4'-methoxyflavanone"", ""Sakuranetin; 5,4'-dihydroxy-7-methoxyflavanone"", 'Nitensidine E', 'Nitensidine D', 'Harman-3-carboxylic acid', '5α-carboxystrictosidine', 'Strictosidine acid', '3,4-dehydro-strictosidine', '3,4-dehydrostrictosidine acid', 'Cordifoline', 'Turbinatine', 'Deoxycordifoline', 'Ergosterol peroxide', '(22E,24R)-ergosta-4,6,8(14),22-tetraen-3-one', 'Dimethyl terephthalate', '8-hydroxy-6-methoxy-3-methylisocoumarin', 'Pimara-7,15-dien-3β-ol', '4-metoxi-6-[2-(metilamino)fenil]- 2H-piran-2-ona', 'Methacrylic acid', 'β-caryophyllene, trans-caryophyllene', 'Cusculine; 1,2,3,5,6-pentamethoxy-9-acridone', 'Cuspanine; 1-hydroxy-2,3,5,6-tetramethoxy-9-acridone', '2α,3α-Dihydroxy-urs-12-en-28-oic acid', 'Oleanolic acid 3-sophoroside', '3-O-β-D-(6’-methyl)-glucopyranosyl-28-O-β-D-glucopyranosyl-oleanate', 'Haplotusine', '5-hydroxyflavone', '2-phenyl-4H-chromen-4-one', 'β-Sitosterol benzoate', 'Sinapyl 4-O-β-D-glucopyranoside aldehyde', 'N-acetylnonaine', 'Sinapyl 4-O-β-D-glucopyranoside alcohol', 'Liriodenine', '[10]-gingerol', ""2,4-Dihydroxy-6-[(1'E,3'E)-penta-1', 3'-dienyl]-benzaldehyde"", 'Nitensidine A', '2-methyl-5-[8(Z)-pentadecenyl]resorcinol', '2-hydroxyphenylacetic acid', '3-O-β-D-quinovopyranosyl quinovic acid', 'Kaempferol', ""8-hydroxy-3,5,7,3',4',5'-hexamethoxyflavonol"", '(4R)-4,8-dihydroxy-α-tetralone', 'Chlorogenic acid', 'Chalepin', ""2-(2'-O-trans-caffeoyl)-C-β-D-glucopyranosyl-1,3,6,7-tetrahydroxyxanthone"", 'Netzahualcoyene', 'Casearin X Dialdehyde; (2R*,4aS*,5S*,7R*,8R*,8aS*)-4,4a-Diformyl-1,2,4a,5,6,7,8,8a-octahydro-5-hydroxy-7,8-dimethyl-8-[(2Z)-3-methylpenta-2,4-dien-1-yl]naphthalen-2-yl Butanoate', 'polypodine B', 'n-Propyl gallate', 'Leptomerine', '5-hydroxy-N-methylseverifoline', '19,20-Epoxycytochalasin N', 'ellagic acid 4-O-α-L-rhamnopyranoside; eschweilenol C', 'Mayoside C', 'Ourateacatechin', ""3',4',5',5,7-pentamethoxyflavone"", '2-methyl-5-pentadecylresorcinol', '3β-hydroxy-stigmast-5-en-7-one; 24-β-7-oxositosterol', 'scillascillin', '7′-multijuguinone', 'Griseofulvin', ""7-Hydroxy-4',6-dimethoxyisoflavone; Afrormosin; Afromosin"", '8-methoxymellein', '(±)-Syringaresinol', 'Cyclo-(L-Pro-L-Val)', '5-hydroxymellein', 'fraxinellonone', 'Dibenzyl trisulphide', 'Maytenin, Tingenone', 'urauchimycin B', 'Ocotillone', 'des-N-methylnoracronycine', 'Sorbifolin 6-O-β-glucopyranoside', 'Rel-2α-hydroxyzuelanin-6β-benzoate', '2,6-di-O-acetylcasearupestrin D', ""Methyl-2,2-dimethyl-8-(3'-methylbut-2'-enyl)chroman-6-carboxylate"", '2,7-Di-O-acetylcasearupestrin A', 'Nitensidine B', '1-methyl-2-n-nonyl-4-quinolone', '5-[8(Z),11(Z),14-pentadecatrienyl]resorcinol', 'Odoratol', ""2',5-dihydroxy-3-methoxy-8-dimethylallyl-6, 7-(2' ',2''-dimethylpyrano)-dihydroflavonol"", '2-n-nonyl-4-quinolone', 'Cytochalasin D', 'Isoorientin', 'Gallic acid; 3,4,5-trihydroxybenzoic acid', 'Maculosidine', 'Podocarpusflavone A', 'Casearupestrin C', '6α-malonyloxy-n-butyl ester manoyl oxide', 'citrusinine-I', 'Ricinine', 'Leptophyllin A', '5-pentadecylresorcinol', 'Homoegonol', '[8]-gingerol', '4-Hydroxymellein', '3,4,5-trimethoxyphenyl 1-O-β-D-apiofuranosyl-(1→6)-O-β-D-glucopyranoside', 'β-photogedunin', 'n-Butyl gallate', ""5-[3''-(β-D-glucopyranosyloxy)propyl]-7-methoxy-2-(3',4'-dimethoxyphenyl)benzofuran"", '3,12-Dihydroxycadalene', 'Dibenzyl sulphide', '(-) Cis-4-hydroxy-6-deoxyscytalone', 'Plumericin', '5-[8(Z),11(Z)-pentadecadienyl]resorcinol', '(-)-Spectalinine', 'Netzahualcoyondiol', '19,20-Epoxycytochalasin D', 'fumiquinozoline F', 'Kaempferol 3-O-α-L-rhamnopyranosyl (1→6)-O-[β -D-glucopyranosyl (1→3)-O-α-L-rhamnopyranosyl-(1→2)]-O-β -D-glucopyranosyl', '3β-O-[α-L-rhamnopyranosyl-(1→2)-O-β-D-glucopyranosyl-(1→2)-O-β-D-glucopyranosyl]-28-O-β-D-glucopyranoside pomolate', 'Dibenzyl tetrasulphide', '3-Oxoursolic acid', 'Casearupestrin B', 'toonacilin', 'Uracil', '1-O-(E)-feruloyl-β-D-glucopyranoside', '19,20-Epoxycytochalasin C', 'urauchimycin A', 'p-Coumaric acid', '(-)-Epigallocatechin', 'Netzahualcoyonol', '1-[3-(3,7-dimethylocta-2,6-dien-1-yl)-2,4,6- trihydroxyphenyl]-3-(4-hydroxyphenyl)propan-1-one', '6α-malonyloxymanoyl oxide', 'Benzylhydroxymethyl sulphide', '1,6-di-O-caffeoyl-β-D-glucopyranoside', '2-methyl-5-[8(Z),11(Z),14-pentadecatrienyl]resorcinol', 'Pristimerin; 20α-3-hydroxy-2-oxo-24-nor-friedela-1-10,3,5,7-tetraen-carboxylic acid-29-methylester', 'Photogedunin', 'Casearin X; (1R*,3S*,5S*,6aR*,7S*,8S*,10R*,10aR*)-1-(Acetyloxy)-3,5,6,6a,7,8,9,10-octahydro-10-hydroxy-7,8-dimethyl-7-[(2Z)-3-methylpenta-2,4-dien-1-yl]naphtho[1,8a-c]furan-3,5-diyl Dibutanoate', 'Skimmianine', 'p-hydroxybenzoic acid-geranyl ester', 'Dibenzyl disulphide', 'Proanthocyanidin', 'neoisoastilbin', '7-hydroxy-3- (11-dimethylallyl)-8-methoxycoumarin', ""N-[7-(3',4'-methylenedioxyphenyl)-2(Z),4(Z)-heptadienoyl]pyrrolidine"", ""Acteoside; [β-3,4-dihydroxyphenyl)-ethyl]-(3'-O-α-L-rhamnopyranosyl)-(4'-O-cafeoyl)-β-D-glycopyranoside, verbascoside"", '20-hydroxyecdysone; polypodine A', '3-Acetyl aleuritolic acid', 'Alkenoic acid', 'Quercetin 3-O-α-L-rhamnopyranosyl (1→6)-O-[β -D-glucopyranosyl (1→3)-O-α-L-rhamnopyranosyl-(1→2)]-O-β -D-glucopyranosyl', 'Heveaflavone', 'Arboreumine', 'Quercetin', ""2-(2'-O-trans-cinnamoyl)-C-β-D-glucopyranosyl-1,3,6,7-tetrahydroxyxanthone"", 'Kokusaginine', 'Piperol B', '(-)-Hardwickiic acid', ""5-[3''-(β-D-glucopyranosyloxy)propyl]-7-methoxy-2-(3',4'-methylenedioxyphenyl)benzofuran"", '28-O-β-D-glucopyranosyl quinovic acid', '2-Methyl-4-hydroxy-butyl caffeoate', 'N-1,N-2,N-3-Triisopentenylguanidine', 'n-Pentyl gallate', 'Orcinol', 'Periconicin B', 'Phomopsilactone', ""(2S)-8-Isopentyl-2-methyl-2-(4'-methylpentyl)chroman-6-carboxylic acid"", '2,2-dimethyl-2H-chromene-6-carboxylic acid', '1,2-dihydro- 3β-hydroxy-7-deacetoxy-7-oxogedunin', '6α-acetoxy-14β,15β-epoxyazadirone', ""2-(R)-Methyl-6-(S)-(tetradecyl-13'-one)-3(R)-O-tert-butyldimethylsilyl-piperidine"", '(2S)-Methyl-2-methyl-8-(3""-methylbut-2""-enyl)-2-(4\'-methylpent-3\'-enyl)-2H-chromene-6-carboxylate', 'Casearin T', 'Piperyline, N-[10-(13,14-methylenedioxyphenyl)-7(E),9(E)-pentadienoyl]-pyrrolidine', 'ω-fenil alcanoic acid', '2-butyl-D-fructofuranoside', ""Gaudichaudianic acid; (2S)-2-methyl-2-(4'methyl-3'-pentenyl)-8-(3''-methyl-2-butenyl)- 2H-1-benzopyran-6-carboxylic acid"", 'limonexic acid', 'Pedalitin', 'Methyl angolensate', ""5-(3'' -Hydroxypropyl)-7-methoxy-2-(3',4' -methyl-enedioxyphenyl)benzofuran"", '22β-hydroxypristimerin', '1- (5,7-dihydroxy-2,2-dimethylchroman-6-yl)-3-(2,2-dimethylchroman- 6-yl)propan-1-one', 'Canavaline', 'Di-hydrodehydrodiconiferyl alcohol', '3,11,12-Trihydroxycadalene', 'Quercetin 3-O-sophoroside', '(3R,4R)-3,4-Dihydro-4,6-dihydroxy-3-methyl-1-oxo-1H-isochromene-5-carboxylic acid', '24-methylene-3,22-dihydroxycholesterol', 'amorphispironone', 'Casearupestrin D', 'Chaetoglobosin B', ""2-(2'-O-benzoyl)-C-β-D-glucopyranosyl-1,3,6,7-tetrahydroxyxanthone"", 'Isoplumericin', 'α-L-xylopyranosyl-(4""→20)-(3-O-β-D-glucopyranosyl)-1\'-O-E-caffeoyl-β-D-glucopyranoside', 'epoxy-fraxinellone', '12′-hydroxy-7′-multijuguinone', 'Kaempferitrin', '(R)-7-Hydroxymellein', '6α-acetoxymanoyl oxide', 'Methyl-8-hydroxy-2,2-dimethylchroman-6-carboxylate', 'Nitensidine C', 'Dipropyl disulphide', '2-methyl-5-[8(Z),11(Z)-pentadecadienyl]resorcinol', 'Methyl 6,7,8-trimethoxydihydrocinnamate', '2-Hexyl-3-methyl-butanodioic acid', 'fraxinellone', '6-[ 8(Z),11(Z) -pentadecadienyl] salicylic acid', '6-[8(Z)-pentadecenyl]salicylic acid', '(2S)-2-methyl-8-(3""-methylbut-2""-enyl)-2-(4\'-methylpent-3\'-enyl)-2H-chromene-6-carboxylic acid', 'Burchellin', '5-[8(Z)-pentadecenyl]resorcinol', 'Luteolin; 2-(3,4-dihydroxyphenyl)-5,7-dihydroxy-4H-chromen-4-one', 'Sinapic acid', '19,20-Epoxycytochalasin Q', '19,20-Epoxycytochalasin R', 'Di(benzyltrithio) methane', 'Rel-(+)-(7S,9R,10S)-3,9,12-trihydroxycalamenene', 'Casearin S', '11β-acetoxyobacunone', '1-(5,7-dihydroxy-2,2-dimethylchroman- 6-yl)-3-[4-hydroxy-3-(3-methylbut-2-en-1-yl)- phenyl]propan-1-one', 'Muraxanthone', 'Odoratone', 'Rel-6β-hydroxyzuelanin-2β-benzoate', 'shidasterone', '5-hydroxymethyl- 2-furancarboxaldehyde; 5-hydroxymethyl-2-furfuraldehyde', 'atalaphyllinine', 'N-[10- (13,14-methylenedioxyphenyl)-7(E)-pentaenoyl]-pyrrolidine', '2-Methyl-5-methoxy-benzopyran-4-one', '3,4-dihydroxybenzoic acid geranyl ester', 'N-[10-(13,14-methylenedioxyphenyl)-7(E),9(Z)-pentadienoyl]-pyrrolidine', 'Gedunin', 'Pedalin, pedalitin 6-O-β -glucopyranoside', '(+)-3-O-feruloylcassine', '1-(5,7-dihydroxy-2,2-dimethylchroman-6-yl)-3-(1,1,4a-trimethyl-2,3,4,4a,9a-hexahydro-1H-xanthen-7-yl)propan-1-one', 'Methyl (E)-6,7,8-trimethoxycinnamate', '3,4,5-Trimethoxyphenyl-1-O-β-D-(5-O-syringoyl)-apiofuranosyl-(1→6)-β-D-glucopyranoside', 'Caseargrewiin F; (1R*,3S*,5S*,6aR*,7S*,8R*,10R*,10aR*)-1,3-Bis(acetyloxy)-3,5,6,6a,7,8,9,10-octahydro-10-hydroxy-7,8-dimethyl-7-[(2Z)-3-methylpenta-2,4-dien-1-yl]naphtho[1,8a-c]furan-5-yl Butanoate', 'Casearin L; (1R*,3S*,5S*,6aR*,7R*,8R*,9S*,10S*,10aR*)-1,10-Bis(acetyloxy)-3,5,6,6a,7,8,9,10-octahydro-9-hydroxy-5-methoxy-7,8-dimethyl-7-[(2Z)-3-methylpenta-2,4-dien-1-yl]naphtho[1,8a-c]-furan-3-yl Butanoate', 'Platydesmine', 'Leiokinine A', 'Cabraleadiol', 'schaftoside', ""(2S)-Methyl-8-isopentyl-2-methyl-2-(4'-methylpentyl)chroman-6-carboxylate"", '3,4,5-Triacetoxybenzoic acid', 'Casearupestrin A', '2-oxo-piperol B; (7S*, 8R*, 1R*, 3R*)-3,4,5-trimethoxy-3,7-cyclo-8,1-neolig-8-ene-2,4(3H)-dione', 'taxifolin', ""(2'S)-2-(propan-2'-ol)-5-hydroxy-benzopyran-4-one"", ""Myrsinoic acid A, 3-Geranyl-4-hydroxy-5-(3'',3''-dimethylallyl)benzoic acid"", '20α-Hydroxymaytenin; 20-hydroxy-20-epi-tingenone', '(-)-Epigallocatechin-3-O-gallate', 'Casearin D; (1R*,3S*,5S*,6aR*,7R*,8R*,9S*,10S*,10aR*)-1-(Acetyloxy)-3,5,6,6a,7,8,9,10-octahydro-5,10-dihydroxy-7,8-dimethyl-7-[(2Z)-3-methylpenta-2,4-dien-1-yl]naphtho[1,8a-c]furan-3,9-diyl Dibutanoate', 'Rel. (+)-(7S,10S) 3,12-dihydroxycalamenene', 'carlinoside', '(3R,4R)-4,7-Dihydroxymellein', ""Nitensoside B; Pedalitin 6-O-α-rhamnopyranosyl(1'''→6'')-β-glucopyranoside"", 'Amentoflavone', 'Methyl gallate', '3-O-β-D-quinovopyranosyl cincholic acid', 'Afzelin, 3-O-α-rhamnosyl kaempferol', 'Egonol', '4-Nerolidilcatechol', ""2-(2'-O-transcoumaroyl)-C-β-D-glucopyranosyl-1,3,6,7-tetrahydroxyxanthone"", 'Syringic acid', 'Syringaldehyde', '22-hydroxytirucalla-7,24-diene-2,3-dione', 'Trans-3’-methylsulphonylallyl trans-cinnamate', '(3-(2-(4-hydroxyphenyl)-2-oxoethyl)-5,6-dihydropyridin- 2(1H)-one)', 'Mangiferin', 'Salacin', 'Viburgenin', ""Pterogynoside; Kaempferol-3-O-(3''-O-4'''-methylgallate-α-L-rhamnoside)"", 'Isobutyl gallate', '6-[8(Z),11(Z),14-pentadecatrienyl]salicylic acid', 'Sorbifolin', ""Nitensoside A; Sorbifolin 6-O-α-rhamnopyranosyl(1'''→6'')-β-glucopyranoside"", 'Casearin O; (1R*,3S*,5S*,6aR*,7R*,8R*,9S*,10S*,10aR*)-1,10-Bis(acetyloxy)-5-methoxy-7,8-dimethyl-7-[(2Z)-3-methylpenta-2,4-dien-1-yl]-3,5,6,6a,7,8,9,10-octahydronaphtho[1,8a-c]furan-3,9-diyl Dibutanoate', 'germacrene D', '6-pentadecylsalicylic acid', 'Methyl-2,2-dimethylchroman-6-carboxylate', ""3',4',5',5,7,8-hexamethoxyflavone"", 'Isopropyl gallate', '6β-hydroxy-7-epigardoside methyl ester', 'Tetrahydropiperyline, N-[10-(13,14-methylenedioxyphenyl)-pentanoyl]-pyrrolidine', 'Piperovatine', '2,4,6-trimethoxybenzoic acid', '1-O-(E)-caffeoyl-β-D-glucopyranoside', 'Quercitrin, 3-O-α-rhamnosylquercetin', 'Caseobliquin A', 'Methyl-8-(ethanoyloxy)-2,2-dimethyl-2H-chromene-6-carboxylate', 'arjunolic acid', 'stachysterone', 'Ethyl 2,4-dihydroxy-5,6-dimethylbenzoate', 'Amentoflavone 7”,4”’-dimethyl ether', 'Picramnioside F', 'Lauryl gallate', 'Acetonide of odoratol', '(−)-Grandisin', '24-methylenecycloartan-3b-ol', 'Ixoside', '2β-Hydroxyzuelanin-6β-cinnamate', 'Cognatine', 'Fagaramide']]",doi_name
"['10.2174/187152010794728620', 'toonacilin']","['10.2174/187152010794728620', ['guaiol', 'γ-eudesmol', 'Hinesol', 'α-eudesmol', '2,3-dihydro-4,9-dihydroxy-2-(2-hydroxy-propan-2-yl)- 11-methoxy-10-methylfuro[3,2-b]acridin-5(10H)-one', 'Citibrasine', 'bis-5-hydroxyacronycine', '11-O-trans-feruloylteucrein', 'Teucrein', 'Galioside aglicone', 'Galioside', 'Apodanthoside', 'Chlorogenic acid methyl ester, Methyl (1S,3R,4R,5R)-3-{[(2E)-3-(3,4-dihydroxyphenyl)-2-propenoyl]oxy}-1,4,5-trihydroxycyclohexanecarboxylate', '21β,25-dimethylmelianodiol', '21α,25-dimethylmelianodiol', '3,21-Di-epi-feroniellide B', '5-hydroxynoracronycine; Atalaphyllidine', '3,4-dihydro-3,5,8-trihydroxy-6-methoxy-2,2,7-trimethyl-2Hpyrano[ 2,3-a]acridin-12(7H)-one', 'Glycocitrine-IV', 'Citrusinine-II', '1,3,5-trihydroxy- 2,8-bis(3-methylbut-2-enyl)-10-methyl-9-acridone', 'Citrusinine-I', 'Pyranofoline', '1,3,5-trihydroxy-4-methoxy-10-methyl- 2,8-bis(3-methylbut-2-enyl)acridin-9(10H)-one', 'Glycocitrine-I', 'astilbin; Rel-(2R, 3R)-dihydroquercetin-3-O-±-L-rhamnoside', 'Beauvericin', 'Anhydrofusarubin', 'Stearic acid 4-pentoyloxyphenethyl ester', '(-)-3-O-acetyl-spectaline', 'cryptomeridiol', '3,11-dioxoolean-12-en-28- onic acid', 'Piscidinol A', 'Oleanonic acid', 'Pentaol', 'Iso-odoratol', 'Nilocetin', 'Hispidol A', ""Isoswertisin-4'-methyl-ether-2''α-L-rhamnoside"", 'Clusifoliol', 'Sesartemin', ""Isoswertisin-2''α1-L-rhamnoside"", '2-Episesalatin', 'Aphidicolin', '5,7-dimethoxy-2,2-dimethyl-2H-1-benzopyran-6-propanoate', ""3,4-dimethyl-2-(4'-hydroxy-3',5'-dimethoxyphenyl)-5-methoxy-tetrahydrofuran"", 'Taraxerol acetate', '2α,3α,19α- trihydroxyurs-12-en-28-oic acid', 'penduletin 4-O-methyl ether', '3,3-O-dimethylquercetin', 'Chrysoeriol', 'acacetin', '3-O-methylquercetin', 'p-hydroxybenzoic acid', '2α,3α-dihydroxyolean-12- en-28-oic acid', '3,7,4-O-trimethylkaempferol', ""Aduncumene; Methyl 2-methoxy-5-(3'-methyl-1'-oxo-2'-butenyl)benzoate"", ""Methyl taboganate; Methyl 4-hydroxy-3-(3'-methyl-1'-oxo-2'-butenyl)benzoate"", 'Methyl 2,2-dimethyl-1-oxo-2H-1-benzopyran-6-carboxylate', ""2',6'-Dihydroxy-4'-methoxydihydrochalcone"", ""Methyl 4-hydroxy-3-(3'-methyl-2'-butenyl)benzoate"", '3,4,5-Trimethoxydihydrocinnamic acid', ""Methyl 4-hydroxy-3-(3'-methyl-2'-hydroxy-3'-butenyl)benzoate"", 'Piperaduncine B', ""4-Hydroxy-(3',7'-dimethyl-1'-oxo-octa-2'-Z-6'-dienyl)benzoic acid"", ""4-Hydroxy-3-(3',7'-dimethylocta-2'-E-6'-dienyl)benzoic acid"", ""Hostmaniene; 4-Hydroxy-3-(2',3'-dihydroxy-3'-methylbutyl)benzoate"", 'Xanthyletin', 'Secoxyloganin', '7-Methoxydiderroside', 'Diderroside', ""6'-Acetyl-β-D-glucopyranosyldiderroside"", '(+)-11α-Hydroxyerythravine', '(+)-Erythravine', '(+)-α-Hydroxyerysotrine', 'Strictosidine acid', 'Turbinatine', '3,4-dehydrostrictosidine acid', 'Harman-3-carboxylic acid', '3,4-dehydro-strictosidine', 'Cordifoline', '5α-carboxystrictosidine', 'Deoxycordifoline', ""2-(3',4'-methylenedioxyphenylethyl)-Quinoline"", '2-n-Propylquinoline', ""2-(1'-pentenyl)-Quinoline"", '2-n-Pentylquinoline', '4-metoxi-6-[2-(metilamino)fenil]- 2H-piran-2-ona', 'Methyl (3R,4R,5R)-3-{[(2Z)-3-(3,4-dihydroxyphenyl)-2-propenoyl]oxy}-1,4,5-trihydroxycyclohexanecarboxylate', 'Methyl (3R,4R,5R)-3-{[(2E)-3-(3,4-dihydroxyphenyl)-2-propenoyl]oxy}-1,4,5-trihydroxycyclohexanecarboxylate', ""2'-hydroxy-3,4,4'-trimethoxy-5',6'-(2'',2''-dimethylpyrano)-chalcone"", ""3',4'-methylenedioxy-5,6,7- trimethoxyflavone"", ""3',4'-methylenedioxy-5,5',6,7-tetramethoxyflavone"", ""3',4'-methylenedioxy-5,7-dimethoxyflavone"", '9-hydroxyeugenin', 'Mycoleptone A', 'Austdiol', 'Mycoleptone A tetraacetate', 'Mycoleptone B', 'Austdiol diacetate', '6-methoxyeugenin', 'Eugenitin', 'Nitensidine D', 'Nitensidine E', 'cyclo (L)-Pro-Gly', 'Pimara-7,15-dien-3β-ol', 'Ergosterol peroxide', '8-hydroxy-6-methoxy-3-methylisocoumarin', '(22E,24R)-ergosta-4,6,8(14),22-tetraen-3-one', 'Dimethyl terephthalate', ""4-Hydroxy-3-(3',7'-dimethyl-3'-hydroxy-1'-oxo-6'-octenyl)benzoic acid"", ""Sakuranetin; 5,4'-dihydroxy-7-methoxyflavanone"", ""1,4-Dihydroxy-2-(3',7'-dimethyl-1'-oxo-2'-E-6'-octadienyl)benzene"", ""4-Hydroxy-(3',7'-dimethyl-1'-oxo-octa-2'-E-6'-dienyl)benzoic acid"", ""Isosakuranetin; 5,7-dihydroxy-4'-methoxyflavanone"", ""4-Methoxy-3-(3',7'-dimethylocta-2'-E-6'-dienyl)benzoic acid"", ""3-(3',7 '-dimethyl-2',6 '-octadienyl)-4-methoxy-benzoic acid"", 'Methyl-8-hydroxy-2,2-dimethyl-2H-chromene-6-carboxylate', 'Methacrylic acid', 'Nectandrin B', 'Verrucosin', 'Epi-guaiacin', '7-Methyl-sargachromenol; 2,7,8-Trimethyl-2-[(3-E,7-Z)-4,12-dimethyl-8-carboxyl-3,7,11-tridecatrienyl]-3-chromen-6-ol, β-caroteno', 'α-Gardiol', 'β-Gardiol', 'Ferulic acid', 'Isopimpinellin', '1-methoxy-3-hydroxy-3,10b-4,5a-diepoxy-8b-isobutyroyloxygermacr-11(13)-en-6a,12-olide', 'Tagitinin C', '5,7-dimethoxy-2,2-dimethyl-2H-1-benzopyran-6-propanoic acid', ""Rel-(7R,8S,7'S,8'S)-4-hydroxy-4',5'-methylenedioxy-3,5,3'-trimethoxy-7,7'-epoxylignan"", ""Rel-(7R,8S,7'S,8'S)-4',5'-methylenedioxy-3,4,5,3'-tetramethoxy-7,7'-epoxylignan"", ""Rel-(7R,8S,7'S,8'S)-4,5,4',5'-dimethylenedioxy-3,3'-dimethoxy-7,7'-epoxylignan"", ""Rel-(7R,8S,7'S,8'S)-9-hydroxy-4',5'-methylenedioxy-3,4,5,3'-tetramethoxy-7,7'-epoxylignan"", ""Rel-(7R,8S,7'S,8'S)-4'-hydroxy-3,4,5,3',5'-pentamethoxy-7,7'-epoxylignan"", 'β-caryophyllene, trans-caryophyllene', ""3,5,6,7,3',4',5'-heptamethoxyflavonol"", ""3',4',5',3,5,7,8-heptamethoxyflavone"", '(+)-Guaiacin', 'Sargachromenol', ""7,4'-Dihydroxyflavone"", '21´-(3,4-Methylenedioxyphenyl)-henicosanoic acid', 'Sargaquinoic acid', ""7,4'-Dimethoxyflavone"", '17-(3,4-Methylenedioxyphenyl)-heptadecanoic acid', '19´-(3,4-Methylenedioxyphenyl)-nonadecanoic acid', 'Farnisine', 'Tithonine', ""Juruenolic acid; 2-(4'-Methylpentenyl-3)-10-oxoundecan-2,6-dienoic acid"", 'Fasciculiferin', 'Kaempferol-3-O-α-L-rhamnopyranosyl-(1→6)-β-D-galactopyranoside', 'Kaempferol-3-O-rutinoside', 'Catechin, Ent-catechin', 'Procyanidin B-3', '6-Hydroxy-rutin', 'Kaempferol-3-O-α-L-rhamnopyranosyl-(1-6)-α-L-rhamnopyranosyl-(1-4)-β-D-glucopyranoside', 'Kaempferol-3-O-D-glucopyranoside', 'Kaempferol-3-O-D-galactopyranoside', 'Quercetin-3-O-α-L-rhamnopyranosyl-(1→6)-β-D-galactopyranoside', ""N-[3-(6'-methoxy-3',4'-methy-lenedioxyphenyl)-2(Z)-propenoyl]pyrrolidine"", 'Piperine', '4,5-dihydropiperlonguminine; Piperlonguminine', '(Z)-piplartine; 8(Z)-N-(12,13, 14-trimethoxycinnamoyl)- 3-pyridin-2-one', '8,9-dihydropiplartine; N-(12,13,14-trimethoxydihydrocinnamoyl)-Δ3-pyridin-2-one', '4,5-dihydropiperyline', '(E)-piplartine', '10,11-dihydropiperine; Δα,β-dihydropiperine', '(3Z,5Z)-N-isobutyl-8-(30,40-methylenedioxy-phenyl)-heptadienamide', 'Pellitorine', 'Cuspanine; 1-hydroxy-2,3,5,6-tetramethoxy-9-acridone', 'Cusculine; 1,2,3,5,6-pentamethoxy-9-acridone', '2α,3α-Dihydroxy-urs-12-en-28-oic acid', 'Oleanolic acid 3-sophoroside', '3-O-β-D-(6’-methyl)-glucopyranosyl-28-O-β-D-glucopyranosyl-oleanate', 'Haplotusine', 'β-Sitosterol benzoate', '5-hydroxyflavone', '2-phenyl-4H-chromen-4-one', 'Sinapyl 4-O-β-D-glucopyranoside aldehyde', 'Sinapyl 4-O-β-D-glucopyranoside alcohol', 'Liriodenine', 'N-acetylnonaine', '[10]-gingerol', ""2,4-Dihydroxy-6-[(1'E,3'E)-penta-1', 3'-dienyl]-benzaldehyde"", '2-methyl-5-[8(Z)-pentadecenyl]resorcinol', '3β-hydroxy-stigmast-5-en-7-one; 24-β-7-oxositosterol', 'scillascillin', 'Piperol B', '(-)-Hardwickiic acid', ""5-[3''-(β-D-glucopyranosyloxy)propyl]-7-methoxy-2-(3',4'-methylenedioxyphenyl)benzofuran"", '28-O-β-D-glucopyranosyl quinovic acid', '2-Methyl-4-hydroxy-butyl caffeoate', 'N-1,N-2,N-3-Triisopentenylguanidine', 'Dibenzyl trisulphide', 'Maytenin, Tingenone', 'urauchimycin B', ""2-(2'-O-trans-caffeoyl)-C-β-D-glucopyranosyl-1,3,6,7-tetrahydroxyxanthone"", 'Netzahualcoyene', 'Nitensidine A', ""8-hydroxy-3,5,7,3',4',5'-hexamethoxyflavonol"", 'Odoratol', 'Leptomerine', '5-hydroxy-N-methylseverifoline', '19,20-Epoxycytochalasin N', 'ellagic acid 4-O-α-L-rhamnopyranoside; eschweilenol C', 'Mayoside C', 'Ourateacatechin', ""3',4',5',5,7-pentamethoxyflavone"", '2-methyl-5-pentadecylresorcinol', '(−)-Grandisin', '24-methylenecycloartan-3b-ol', 'Ixoside', '2β-Hydroxyzuelanin-6β-cinnamate', 'Cognatine', '5-[8(Z),11(Z)-pentadecadienyl]resorcinol', '(-)-Spectalinine', '1- (5,7-dihydroxy-2,2-dimethylchroman-6-yl)-3-(2,2-dimethylchroman- 6-yl)propan-1-one', 'Canavaline', 'Di-hydrodehydrodiconiferyl alcohol', 'Quercetin', ""2-(2'-O-trans-cinnamoyl)-C-β-D-glucopyranosyl-1,3,6,7-tetrahydroxyxanthone"", 'Kokusaginine', 'Ocotillone', 'des-N-methylnoracronycine', 'Sorbifolin 6-O-β-glucopyranoside', 'Rel-2α-hydroxyzuelanin-6β-benzoate', '2,6-di-O-acetylcasearupestrin D', ""Methyl-2,2-dimethyl-8-(3'-methylbut-2'-enyl)chroman-6-carboxylate"", '2,7-Di-O-acetylcasearupestrin A', 'Nitensidine B', '19,20-Epoxycytochalasin D', 'fumiquinozoline F', 'Kaempferol 3-O-α-L-rhamnopyranosyl (1→6)-O-[β -D-glucopyranosyl (1→3)-O-α-L-rhamnopyranosyl-(1→2)]-O-β -D-glucopyranosyl', '3β-O-[α-L-rhamnopyranosyl-(1→2)-O-β-D-glucopyranosyl-(1→2)-O-β-D-glucopyranosyl]-28-O-β-D-glucopyranoside pomolate', 'Dibenzyl tetrasulphide', '1-methyl-2-n-nonyl-4-quinolone', '5-[8(Z),11(Z),14-pentadecatrienyl]resorcinol', 'Gallic acid; 3,4,5-trihydroxybenzoic acid', 'Homoegonol', '[8]-gingerol', '4-Hydroxymellein', '5-hydroxymellein', 'fraxinellonone', 'Dibenzyl sulphide', '(-) Cis-4-hydroxy-6-deoxyscytalone', 'Plumericin', '(-)-Epigallocatechin', 'Netzahualcoyonol', '1-[3-(3,7-dimethylocta-2,6-dien-1-yl)-2,4,6- trihydroxyphenyl]-3-(4-hydroxyphenyl)propan-1-one', '6α-malonyloxymanoyl oxide', 'Benzylhydroxymethyl sulphide', '1,6-di-O-caffeoyl-β-D-glucopyranoside', '2-methyl-5-[8(Z),11(Z),14-pentadecatrienyl]resorcinol', 'Netzahualcoyondiol', 'Maculosidine', 'Podocarpusflavone A', 'Casearupestrin C', '6α-malonyloxy-n-butyl ester manoyl oxide', 'citrusinine-I', 'Ricinine', 'Leptophyllin A', '5-pentadecylresorcinol', '3,4,5-trimethoxyphenyl 1-O-β-D-apiofuranosyl-(1→6)-O-β-D-glucopyranoside', 'β-photogedunin', 'n-Butyl gallate', ""5-[3''-(β-D-glucopyranosyloxy)propyl]-7-methoxy-2-(3',4'-dimethoxyphenyl)benzofuran"", '3,12-Dihydroxycadalene', '7-hydroxy-3- (11-dimethylallyl)-8-methoxycoumarin', ""N-[7-(3',4'-methylenedioxyphenyl)-2(Z),4(Z)-heptadienoyl]pyrrolidine"", ""Acteoside; [β-3,4-dihydroxyphenyl)-ethyl]-(3'-O-α-L-rhamnopyranosyl)-(4'-O-cafeoyl)-β-D-glycopyranoside, verbascoside"", '20-hydroxyecdysone; polypodine A', '3-Acetyl aleuritolic acid', ""2',5-dihydroxy-3-methoxy-8-dimethylallyl-6, 7-(2' ',2''-dimethylpyrano)-dihydroflavonol"", '2-n-nonyl-4-quinolone', 'Cytochalasin D', 'Isoorientin', 'urauchimycin A', 'p-Coumaric acid', '22β-hydroxypristimerin', 'Alkenoic acid', 'Quercetin 3-O-α-L-rhamnopyranosyl (1→6)-O-[β -D-glucopyranosyl (1→3)-O-α-L-rhamnopyranosyl-(1→2)]-O-β -D-glucopyranosyl', 'Heveaflavone', 'Arboreumine', '3-Oxoursolic acid', 'Casearupestrin B', 'toonacilin', 'Uracil', '1-O-(E)-feruloyl-β-D-glucopyranoside', '19,20-Epoxycytochalasin C', 'n-Pentyl gallate', 'Orcinol', 'Periconicin B', 'Phomopsilactone', 'Pristimerin; 20α-3-hydroxy-2-oxo-24-nor-friedela-1-10,3,5,7-tetraen-carboxylic acid-29-methylester', 'limonexic acid', 'Pedalitin', 'Casearin X Dialdehyde; (2R*,4aS*,5S*,7R*,8R*,8aS*)-4,4a-Diformyl-1,2,4a,5,6,7,8,8a-octahydro-5-hydroxy-7,8-dimethyl-8-[(2Z)-3-methylpenta-2,4-dien-1-yl]naphthalen-2-yl Butanoate', 'polypodine B', 'n-Propyl gallate', ""3',4',5',5,7,8-hexamethoxyflavone"", 'Isopropyl gallate', '6β-hydroxy-7-epigardoside methyl ester', 'Tetrahydropiperyline, N-[10-(13,14-methylenedioxyphenyl)-pentanoyl]-pyrrolidine', 'Piperovatine', '2,4,6-trimethoxybenzoic acid', '1-O-(E)-caffeoyl-β-D-glucopyranoside', 'Quercitrin, 3-O-α-rhamnosylquercetin', 'Caseobliquin A', 'Methyl angolensate', ""5-(3'' -Hydroxypropyl)-7-methoxy-2-(3',4' -methyl-enedioxyphenyl)benzofuran"", 'Di(benzyltrithio) methane', '3,11,12-Trihydroxycadalene', 'Quercetin 3-O-sophoroside', '(3R,4R)-3,4-Dihydro-4,6-dihydroxy-3-methyl-1-oxo-1H-isochromene-5-carboxylic acid', ""(2S)-8-Isopentyl-2-methyl-2-(4'-methylpentyl)chroman-6-carboxylic acid"", '2,2-dimethyl-2H-chromene-6-carboxylic acid', '1,2-dihydro- 3β-hydroxy-7-deacetoxy-7-oxogedunin', 'Photogedunin', 'Casearin X; (1R*,3S*,5S*,6aR*,7S*,8S*,10R*,10aR*)-1-(Acetyloxy)-3,5,6,6a,7,8,9,10-octahydro-10-hydroxy-7,8-dimethyl-7-[(2Z)-3-methylpenta-2,4-dien-1-yl]naphtho[1,8a-c]furan-3,5-diyl Dibutanoate', ""2-(R)-Methyl-6-(S)-(tetradecyl-13'-one)-3(R)-O-tert-butyldimethylsilyl-piperidine"", '(2S)-Methyl-2-methyl-8-(3""-methylbut-2""-enyl)-2-(4\'-methylpent-3\'-enyl)-2H-chromene-6-carboxylate', 'Casearin T', 'Piperyline, N-[10-(13,14-methylenedioxyphenyl)-7(E),9(E)-pentadienoyl]-pyrrolidine', 'ω-fenil alcanoic acid', '2-butyl-D-fructofuranoside', ""Gaudichaudianic acid; (2S)-2-methyl-2-(4'methyl-3'-pentenyl)-8-(3''-methyl-2-butenyl)- 2H-1-benzopyran-6-carboxylic acid"", 'Kaempferitrin', 'Nitensidine C', 'Dipropyl disulphide', '2-methyl-5-[8(Z),11(Z)-pentadecadienyl]resorcinol', 'Methyl 6,7,8-trimethoxydihydrocinnamate', '2-Hexyl-3-methyl-butanodioic acid', 'fraxinellone', 'Skimmianine', 'p-hydroxybenzoic acid-geranyl ester', 'Dibenzyl disulphide', 'Proanthocyanidin', 'neoisoastilbin', '(R)-7-Hydroxymellein', '6α-acetoxymanoyl oxide', 'Methyl-8-hydroxy-2,2-dimethylchroman-6-carboxylate', '6α-acetoxy-14β,15β-epoxyazadirone', '19,20-Epoxycytochalasin R', 'Muraxanthone', 'Odoratone', 'Rel-6β-hydroxyzuelanin-2β-benzoate', 'shidasterone', '5-hydroxymethyl- 2-furancarboxaldehyde; 5-hydroxymethyl-2-furfuraldehyde', 'atalaphyllinine', '24-methylene-3,22-dihydroxycholesterol', 'amorphispironone', 'Casearupestrin D', 'Chaetoglobosin B', ""2-(2'-O-benzoyl)-C-β-D-glucopyranosyl-1,3,6,7-tetrahydroxyxanthone"", 'Isoplumericin', 'α-L-xylopyranosyl-(4""→20)-(3-O-β-D-glucopyranosyl)-1\'-O-E-caffeoyl-β-D-glucopyranoside', 'epoxy-fraxinellone', '12′-hydroxy-7′-multijuguinone', 'Caseargrewiin F; (1R*,3S*,5S*,6aR*,7S*,8R*,10R*,10aR*)-1,3-Bis(acetyloxy)-3,5,6,6a,7,8,9,10-octahydro-10-hydroxy-7,8-dimethyl-7-[(2Z)-3-methylpenta-2,4-dien-1-yl]naphtho[1,8a-c]furan-5-yl Butanoate', 'Casearin L; (1R*,3S*,5S*,6aR*,7R*,8R*,9S*,10S*,10aR*)-1,10-Bis(acetyloxy)-3,5,6,6a,7,8,9,10-octahydro-9-hydroxy-5-methoxy-7,8-dimethyl-7-[(2Z)-3-methylpenta-2,4-dien-1-yl]naphtho[1,8a-c]-furan-3-yl Butanoate', 'Platydesmine', 'Leiokinine A', 'Cabraleadiol', 'schaftoside', ""(2S)-Methyl-8-isopentyl-2-methyl-2-(4'-methylpentyl)chroman-6-carboxylate"", '3,4,5-Triacetoxybenzoic acid', '6-[ 8(Z),11(Z) -pentadecadienyl] salicylic acid', '6-[8(Z)-pentadecenyl]salicylic acid', '(2S)-2-methyl-8-(3""-methylbut-2""-enyl)-2-(4\'-methylpent-3\'-enyl)-2H-chromene-6-carboxylic acid', 'Burchellin', '5-[8(Z)-pentadecenyl]resorcinol', 'Luteolin; 2-(3,4-dihydroxyphenyl)-5,7-dihydroxy-4H-chromen-4-one', 'Sinapic acid', '19,20-Epoxycytochalasin Q', 'Casearin S', '11β-acetoxyobacunone', '1-(5,7-dihydroxy-2,2-dimethylchroman- 6-yl)-3-[4-hydroxy-3-(3-methylbut-2-en-1-yl)- phenyl]propan-1-one', '(3R,4R)-4,7-Dihydroxymellein', ""Nitensoside B; Pedalitin 6-O-α-rhamnopyranosyl(1'''→6'')-β-glucopyranoside"", 'Amentoflavone', 'Methyl gallate', '3-O-β-D-quinovopyranosyl cincholic acid', 'Afzelin, 3-O-α-rhamnosyl kaempferol', 'Egonol', 'N-[10- (13,14-methylenedioxyphenyl)-7(E)-pentaenoyl]-pyrrolidine', '2-Methyl-5-methoxy-benzopyran-4-one', '3,4-dihydroxybenzoic acid geranyl ester', 'N-[10-(13,14-methylenedioxyphenyl)-7(E),9(Z)-pentadienoyl]-pyrrolidine', 'Gedunin', 'Pedalin, pedalitin 6-O-β -glucopyranoside', 'Syringic acid', '(+)-3-O-feruloylcassine', '1-(5,7-dihydroxy-2,2-dimethylchroman-6-yl)-3-(1,1,4a-trimethyl-2,3,4,4a,9a-hexahydro-1H-xanthen-7-yl)propan-1-one', 'Methyl (E)-6,7,8-trimethoxycinnamate', '3,4,5-Trimethoxyphenyl-1-O-β-D-(5-O-syringoyl)-apiofuranosyl-(1→6)-β-D-glucopyranoside', '6-[8(Z),11(Z),14-pentadecatrienyl]salicylic acid', 'Sorbifolin', ""Nitensoside A; Sorbifolin 6-O-α-rhamnopyranosyl(1'''→6'')-β-glucopyranoside"", 'Casearin O; (1R*,3S*,5S*,6aR*,7R*,8R*,9S*,10S*,10aR*)-1,10-Bis(acetyloxy)-5-methoxy-7,8-dimethyl-7-[(2Z)-3-methylpenta-2,4-dien-1-yl]-3,5,6,6a,7,8,9,10-octahydronaphtho[1,8a-c]furan-3,9-diyl Dibutanoate', 'germacrene D', '6-pentadecylsalicylic acid', 'Casearupestrin A', '2-oxo-piperol B; (7S*, 8R*, 1R*, 3R*)-3,4,5-trimethoxy-3,7-cyclo-8,1-neolig-8-ene-2,4(3H)-dione', 'taxifolin', ""(2'S)-2-(propan-2'-ol)-5-hydroxy-benzopyran-4-one"", 'Rel-(+)-(7S,9R,10S)-3,9,12-trihydroxycalamenene', ""Myrsinoic acid A, 3-Geranyl-4-hydroxy-5-(3'',3''-dimethylallyl)benzoic acid"", '20α-Hydroxymaytenin; 20-hydroxy-20-epi-tingenone', '(-)-Epigallocatechin-3-O-gallate', 'Casearin D; (1R*,3S*,5S*,6aR*,7R*,8R*,9S*,10S*,10aR*)-1-(Acetyloxy)-3,5,6,6a,7,8,9,10-octahydro-5,10-dihydroxy-7,8-dimethyl-7-[(2Z)-3-methylpenta-2,4-dien-1-yl]naphtho[1,8a-c]furan-3,9-diyl Dibutanoate', 'Rel. (+)-(7S,10S) 3,12-dihydroxycalamenene', 'carlinoside', 'Methyl-8-(ethanoyloxy)-2,2-dimethyl-2H-chromene-6-carboxylate', 'arjunolic acid', 'stachysterone', 'Ethyl 2,4-dihydroxy-5,6-dimethylbenzoate', 'Amentoflavone 7”,4”’-dimethyl ether', 'Picramnioside F', 'Lauryl gallate', 'Syringaldehyde', '4-Nerolidilcatechol', ""2-(2'-O-transcoumaroyl)-C-β-D-glucopyranosyl-1,3,6,7-tetrahydroxyxanthone"", '22-hydroxytirucalla-7,24-diene-2,3-dione', 'Trans-3’-methylsulphonylallyl trans-cinnamate', '(3-(2-(4-hydroxyphenyl)-2-oxoethyl)-5,6-dihydropyridin- 2(1H)-one)', 'Mangiferin', 'Salacin', 'Viburgenin', ""Pterogynoside; Kaempferol-3-O-(3''-O-4'''-methylgallate-α-L-rhamnoside)"", 'Isobutyl gallate', '7′-multijuguinone', 'Griseofulvin', ""7-Hydroxy-4',6-dimethoxyisoflavone; Afrormosin; Afromosin"", '8-methoxymellein', '(±)-Syringaresinol', 'Cyclo-(L-Pro-L-Val)', 'Acetonide of odoratol', 'Methyl-2,2-dimethylchroman-6-carboxylate', 'Fagaramide', 'Chalepin', 'Chlorogenic acid', '(4R)-4,8-dihydroxy-α-tetralone', 'Kaempferol', '3-O-β-D-quinovopyranosyl quinovic acid', '2-hydroxyphenylacetic acid']]",doi_name
"['10.1021/cc100076k', ""2',5-dihydroxy-3-methoxy-8-dimethylallyl-6, 7-(2' ',2''-dimethylpyrano)-dihydroflavonol""]","['10.1021/cc100076k', ['guaiol', 'γ-eudesmol', 'Hinesol', 'α-eudesmol', 'Galioside aglicone', '11-O-trans-feruloylteucrein', 'Teucrein', 'Apodanthoside', 'Galioside', '(+)-α-Hydroxyerysotrine', '(+)-Erythravine', '(+)-11α-Hydroxyerythravine', '9-hydroxyeugenin', 'Mycoleptone A', '6-methoxyeugenin', 'Austdiol diacetate', 'Eugenitin', 'Mycoleptone B', 'Mycoleptone A tetraacetate', 'Austdiol', ""2'-hydroxy-3,4,4'-trimethoxy-5',6'-(2'',2''-dimethylpyrano)-chalcone"", ""3',4'-methylenedioxy-5,5',6,7-tetramethoxyflavone"", ""3',4'-methylenedioxy-5,6,7- trimethoxyflavone"", ""3',4'-methylenedioxy-5,7-dimethoxyflavone"", 'Kaempferol-3-O-D-glucopyranoside', 'Procyanidin B-3', 'Kaempferol-3-O-D-galactopyranoside', 'Kaempferol-3-O-α-L-rhamnopyranosyl-(1-6)-α-L-rhamnopyranosyl-(1-4)-β-D-glucopyranoside', 'Quercetin-3-O-α-L-rhamnopyranosyl-(1→6)-β-D-galactopyranoside', '6-Hydroxy-rutin', 'Kaempferol-3-O-rutinoside', 'Kaempferol-3-O-α-L-rhamnopyranosyl-(1→6)-β-D-galactopyranoside', 'Catechin, Ent-catechin', 'Chlorogenic acid methyl ester, Methyl (1S,3R,4R,5R)-3-{[(2E)-3-(3,4-dihydroxyphenyl)-2-propenoyl]oxy}-1,4,5-trihydroxycyclohexanecarboxylate', '17-(3,4-Methylenedioxyphenyl)-heptadecanoic acid', ""7,4'-Dimethoxyflavone"", ""7,4'-Dihydroxyflavone"", '19´-(3,4-Methylenedioxyphenyl)-nonadecanoic acid', 'Sargaquinoic acid', 'Sargachromenol', 'Farnisine', '(+)-Guaiacin', '21´-(3,4-Methylenedioxyphenyl)-henicosanoic acid', 'Fasciculiferin', 'Tithonine', ""Juruenolic acid; 2-(4'-Methylpentenyl-3)-10-oxoundecan-2,6-dienoic acid"", 'Methyl 2,2-dimethyl-1-oxo-2H-1-benzopyran-6-carboxylate', ""Methyl 4-hydroxy-3-(3'-methyl-2'-butenyl)benzoate"", ""Hostmaniene; 4-Hydroxy-3-(2',3'-dihydroxy-3'-methylbutyl)benzoate"", '3,4,5-Trimethoxydihydrocinnamic acid', 'Piperaduncine B', ""4-Hydroxy-3-(3',7'-dimethylocta-2'-E-6'-dienyl)benzoic acid"", ""2',6'-Dihydroxy-4'-methoxydihydrochalcone"", ""Methyl taboganate; Methyl 4-hydroxy-3-(3'-methyl-1'-oxo-2'-butenyl)benzoate"", ""Methyl 4-hydroxy-3-(3'-methyl-2'-hydroxy-3'-butenyl)benzoate"", ""4-Hydroxy-(3',7'-dimethyl-1'-oxo-octa-2'-Z-6'-dienyl)benzoic acid"", ""Aduncumene; Methyl 2-methoxy-5-(3'-methyl-1'-oxo-2'-butenyl)benzoate"", '1-methoxy-3-hydroxy-3,10b-4,5a-diepoxy-8b-isobutyroyloxygermacr-11(13)-en-6a,12-olide', 'Tagitinin C', '7-Methoxydiderroside', ""6'-Acetyl-β-D-glucopyranosyldiderroside"", 'Diderroside', 'Secoxyloganin', ""4-Methoxy-3-(3',7'-dimethylocta-2'-E-6'-dienyl)benzoic acid"", 'Methyl-8-hydroxy-2,2-dimethyl-2H-chromene-6-carboxylate', ""3-(3',7 '-dimethyl-2',6 '-octadienyl)-4-methoxy-benzoic acid"", 'Pyranofoline', '5-hydroxynoracronycine; Atalaphyllidine', 'Citrusinine-II', 'Glycocitrine-I', '3,4-dihydro-3,5,8-trihydroxy-6-methoxy-2,2,7-trimethyl-2Hpyrano[ 2,3-a]acridin-12(7H)-one', 'Citrusinine-I', '1,3,5-trihydroxy- 2,8-bis(3-methylbut-2-enyl)-10-methyl-9-acridone', '1,3,5-trihydroxy-4-methoxy-10-methyl- 2,8-bis(3-methylbut-2-enyl)acridin-9(10H)-one', 'Glycocitrine-IV', '2-n-Propylquinoline', ""2-(1'-pentenyl)-Quinoline"", ""2-(3',4'-methylenedioxyphenylethyl)-Quinoline"", '2-n-Pentylquinoline', 'Xanthyletin', ""3',4',5',3,5,7,8-heptamethoxyflavone"", ""3,5,6,7,3',4',5'-heptamethoxyflavonol"", 'Nectandrin B', '7-Methyl-sargachromenol; 2,7,8-Trimethyl-2-[(3-E,7-Z)-4,12-dimethyl-8-carboxyl-3,7,11-tridecatrienyl]-3-chromen-6-ol, β-caroteno', 'Epi-guaiacin', 'Verrucosin', ""4-Hydroxy-(3',7'-dimethyl-1'-oxo-octa-2'-E-6'-dienyl)benzoic acid"", ""4-Hydroxy-3-(3',7'-dimethyl-3'-hydroxy-1'-oxo-6'-octenyl)benzoic acid"", ""Sakuranetin; 5,4'-dihydroxy-7-methoxyflavanone"", ""Isosakuranetin; 5,7-dihydroxy-4'-methoxyflavanone"", ""1,4-Dihydroxy-2-(3',7'-dimethyl-1'-oxo-2'-E-6'-octadienyl)benzene"", 'Isopimpinellin', '5,7-dimethoxy-2,2-dimethyl-2H-1-benzopyran-6-propanoate', '(-)-3-O-acetyl-spectaline', '3,21-Di-epi-feroniellide B', '21β,25-dimethylmelianodiol', '21α,25-dimethylmelianodiol', 'Methyl (3R,4R,5R)-3-{[(2Z)-3-(3,4-dihydroxyphenyl)-2-propenoyl]oxy}-1,4,5-trihydroxycyclohexanecarboxylate', 'Methyl (3R,4R,5R)-3-{[(2E)-3-(3,4-dihydroxyphenyl)-2-propenoyl]oxy}-1,4,5-trihydroxycyclohexanecarboxylate', 'Taraxerol acetate', ""Isoswertisin-4'-methyl-ether-2''α-L-rhamnoside"", 'Clusifoliol', ""Isoswertisin-2''α1-L-rhamnoside"", '2-Episesalatin', 'Sesartemin', '5,7-dimethoxy-2,2-dimethyl-2H-1-benzopyran-6-propanoic acid', 'Aphidicolin', 'cyclo (L)-Pro-Gly', '3,3-O-dimethylquercetin', 'penduletin 4-O-methyl ether', '2α,3α,19α- trihydroxyurs-12-en-28-oic acid', '3-O-methylquercetin', '2α,3α-dihydroxyolean-12- en-28-oic acid', 'Chrysoeriol', 'acacetin', 'p-hydroxybenzoic acid', '3,7,4-O-trimethylkaempferol', '(3Z,5Z)-N-isobutyl-8-(30,40-methylenedioxy-phenyl)-heptadienamide', 'Pellitorine', ""N-[3-(6'-methoxy-3',4'-methy-lenedioxyphenyl)-2(Z)-propenoyl]pyrrolidine"", '10,11-dihydropiperine; Δα,β-dihydropiperine', '4,5-dihydropiperlonguminine; Piperlonguminine', '8,9-dihydropiplartine; N-(12,13,14-trimethoxydihydrocinnamoyl)-Δ3-pyridin-2-one', 'Piperine', '4,5-dihydropiperyline', '(E)-piplartine', '(Z)-piplartine; 8(Z)-N-(12,13, 14-trimethoxycinnamoyl)- 3-pyridin-2-one', ""3,4-dimethyl-2-(4'-hydroxy-3',5'-dimethoxyphenyl)-5-methoxy-tetrahydrofuran"", 'Beauvericin', 'Anhydrofusarubin', 'Hispidol A', 'Nilocetin', 'Oleanonic acid', '3,11-dioxoolean-12-en-28- onic acid', 'Piscidinol A', 'cryptomeridiol', 'Iso-odoratol', 'Pentaol', 'bis-5-hydroxyacronycine', 'Citibrasine', '2,3-dihydro-4,9-dihydroxy-2-(2-hydroxy-propan-2-yl)- 11-methoxy-10-methylfuro[3,2-b]acridin-5(10H)-one', 'Nitensidine E', 'Nitensidine D', 'Pimara-7,15-dien-3β-ol', '(22E,24R)-ergosta-4,6,8(14),22-tetraen-3-one', 'Ergosterol peroxide', '8-hydroxy-6-methoxy-3-methylisocoumarin', 'Dimethyl terephthalate', ""Rel-(7R,8S,7'S,8'S)-4',5'-methylenedioxy-3,4,5,3'-tetramethoxy-7,7'-epoxylignan"", ""Rel-(7R,8S,7'S,8'S)-4-hydroxy-4',5'-methylenedioxy-3,5,3'-trimethoxy-7,7'-epoxylignan"", ""Rel-(7R,8S,7'S,8'S)-4'-hydroxy-3,4,5,3',5'-pentamethoxy-7,7'-epoxylignan"", ""Rel-(7R,8S,7'S,8'S)-4,5,4',5'-dimethylenedioxy-3,3'-dimethoxy-7,7'-epoxylignan"", ""Rel-(7R,8S,7'S,8'S)-9-hydroxy-4',5'-methylenedioxy-3,4,5,3'-tetramethoxy-7,7'-epoxylignan"", 'Methacrylic acid', 'astilbin; Rel-(2R, 3R)-dihydroquercetin-3-O-±-L-rhamnoside', 'β-Gardiol', 'Ferulic acid', 'α-Gardiol', 'Deoxycordifoline', '5α-carboxystrictosidine', '3,4-dehydro-strictosidine', 'Strictosidine acid', '3,4-dehydrostrictosidine acid', 'Turbinatine', 'Harman-3-carboxylic acid', 'Cordifoline', 'Stearic acid 4-pentoyloxyphenethyl ester', '4-metoxi-6-[2-(metilamino)fenil]- 2H-piran-2-ona', 'β-caryophyllene, trans-caryophyllene', 'Cuspanine; 1-hydroxy-2,3,5,6-tetramethoxy-9-acridone', 'Cusculine; 1,2,3,5,6-pentamethoxy-9-acridone', '2α,3α-Dihydroxy-urs-12-en-28-oic acid', 'Oleanolic acid 3-sophoroside', '3-O-β-D-(6’-methyl)-glucopyranosyl-28-O-β-D-glucopyranosyl-oleanate', 'Haplotusine', 'β-Sitosterol benzoate', '2-phenyl-4H-chromen-4-one', '5-hydroxyflavone', 'Sinapyl 4-O-β-D-glucopyranoside aldehyde', 'Sinapyl 4-O-β-D-glucopyranoside alcohol', 'N-acetylnonaine', 'Liriodenine', '[10]-gingerol', ""2,4-Dihydroxy-6-[(1'E,3'E)-penta-1', 3'-dienyl]-benzaldehyde"", '2-methyl-5-[8(Z)-pentadecenyl]resorcinol', 'Kaempferol', '2-hydroxyphenylacetic acid', '3-O-β-D-quinovopyranosyl quinovic acid', '(4R)-4,8-dihydroxy-α-tetralone', 'scillascillin', 'Chlorogenic acid', 'Chalepin', '2-methyl-5-pentadecylresorcinol', '3β-hydroxy-stigmast-5-en-7-one; 24-β-7-oxositosterol', 'Piperol B', '(-)-Hardwickiic acid', ""5-[3''-(β-D-glucopyranosyloxy)propyl]-7-methoxy-2-(3',4'-methylenedioxyphenyl)benzofuran"", '28-O-β-D-glucopyranosyl quinovic acid', 'Nitensidine A', ""8-hydroxy-3,5,7,3',4',5'-hexamethoxyflavonol"", 'Odoratol', 'Leptomerine', '5-hydroxy-N-methylseverifoline', '19,20-Epoxycytochalasin N', 'ellagic acid 4-O-α-L-rhamnopyranoside; eschweilenol C', 'Mayoside C', 'Ourateacatechin', ""3',4',5',5,7-pentamethoxyflavone"", 'Isobutyl gallate', '7′-multijuguinone', 'Griseofulvin', ""7-Hydroxy-4',6-dimethoxyisoflavone; Afrormosin; Afromosin"", '8-methoxymellein', '(±)-Syringaresinol', 'Netzahualcoyondiol', 'Pristimerin; 20α-3-hydroxy-2-oxo-24-nor-friedela-1-10,3,5,7-tetraen-carboxylic acid-29-methylester', 'fraxinellonone', 'Dibenzyl sulphide', '(-) Cis-4-hydroxy-6-deoxyscytalone', 'Plumericin', '5-[8(Z),11(Z)-pentadecadienyl]resorcinol', '(-)-Spectalinine', 'Ocotillone', 'des-N-methylnoracronycine', 'Sorbifolin 6-O-β-glucopyranoside', 'Rel-2α-hydroxyzuelanin-6β-benzoate', '2,6-di-O-acetylcasearupestrin D', ""Methyl-2,2-dimethyl-8-(3'-methylbut-2'-enyl)chroman-6-carboxylate"", '2,7-Di-O-acetylcasearupestrin A', 'Nitensidine B', 'fumiquinozoline F', 'Kaempferol 3-O-α-L-rhamnopyranosyl (1→6)-O-[β -D-glucopyranosyl (1→3)-O-α-L-rhamnopyranosyl-(1→2)]-O-β -D-glucopyranosyl', '3β-O-[α-L-rhamnopyranosyl-(1→2)-O-β-D-glucopyranosyl-(1→2)-O-β-D-glucopyranosyl]-28-O-β-D-glucopyranoside pomolate', 'Dibenzyl tetrasulphide', ""2',5-dihydroxy-3-methoxy-8-dimethylallyl-6, 7-(2' ',2''-dimethylpyrano)-dihydroflavonol"", '2-n-nonyl-4-quinolone', '1-methyl-2-n-nonyl-4-quinolone', '5-[8(Z),11(Z),14-pentadecatrienyl]resorcinol', 'Maculosidine', 'Podocarpusflavone A', 'Casearupestrin C', '6α-malonyloxy-n-butyl ester manoyl oxide', 'citrusinine-I', 'Ricinine', 'Leptophyllin A', '5-pentadecylresorcinol', 'Quercetin', ""2-(2'-O-trans-cinnamoyl)-C-β-D-glucopyranosyl-1,3,6,7-tetrahydroxyxanthone"", 'urauchimycin B', 'Homoegonol', '[8]-gingerol', '4-Hydroxymellein', '5-hydroxymellein', '3,4,5-trimethoxyphenyl 1-O-β-D-apiofuranosyl-(1→6)-O-β-D-glucopyranoside', 'β-photogedunin', 'n-Butyl gallate', ""5-[3''-(β-D-glucopyranosyloxy)propyl]-7-methoxy-2-(3',4'-dimethoxyphenyl)benzofuran"", '3,12-Dihydroxycadalene', '7-hydroxy-3- (11-dimethylallyl)-8-methoxycoumarin', ""N-[7-(3',4'-methylenedioxyphenyl)-2(Z),4(Z)-heptadienoyl]pyrrolidine"", ""Acteoside; [β-3,4-dihydroxyphenyl)-ethyl]-(3'-O-α-L-rhamnopyranosyl)-(4'-O-cafeoyl)-β-D-glycopyranoside, verbascoside"", '19,20-Epoxycytochalasin D', 'p-Coumaric acid', '(-)-Epigallocatechin', 'Netzahualcoyonol', '1-[3-(3,7-dimethylocta-2,6-dien-1-yl)-2,4,6- trihydroxyphenyl]-3-(4-hydroxyphenyl)propan-1-one', '6α-malonyloxymanoyl oxide', 'Benzylhydroxymethyl sulphide', '1,6-di-O-caffeoyl-β-D-glucopyranoside', '2-methyl-5-[8(Z),11(Z),14-pentadecatrienyl]resorcinol', '20-hydroxyecdysone; polypodine A', '3-Acetyl aleuritolic acid', 'Methyl angolensate', ""5-(3'' -Hydroxypropyl)-7-methoxy-2-(3',4' -methyl-enedioxyphenyl)benzofuran"", '22β-hydroxypristimerin', '1- (5,7-dihydroxy-2,2-dimethylchroman-6-yl)-3-(2,2-dimethylchroman- 6-yl)propan-1-one', 'Canavaline', 'Di-hydrodehydrodiconiferyl alcohol', 'Alkenoic acid', 'Quercetin 3-O-α-L-rhamnopyranosyl (1→6)-O-[β -D-glucopyranosyl (1→3)-O-α-L-rhamnopyranosyl-(1→2)]-O-β -D-glucopyranosyl', 'Heveaflavone', 'Arboreumine', '3-Oxoursolic acid', 'Casearupestrin B', 'toonacilin', 'Skimmianine', 'p-hydroxybenzoic acid-geranyl ester', 'Dibenzyl disulphide', 'Proanthocyanidin', 'neoisoastilbin', 'Cytochalasin D', 'Isoorientin', 'Uracil', 'urauchimycin A', '24-methylene-3,22-dihydroxycholesterol', '(R)-7-Hydroxymellein', '6α-acetoxymanoyl oxide', 'Methyl-8-hydroxy-2,2-dimethylchroman-6-carboxylate', 'Pedalitin', '1-O-(E)-feruloyl-β-D-glucopyranoside', '19,20-Epoxycytochalasin C', 'n-Pentyl gallate', 'Orcinol', 'Periconicin B', 'Phomopsilactone', ""(2S)-8-Isopentyl-2-methyl-2-(4'-methylpentyl)chroman-6-carboxylic acid"", '2,2-dimethyl-2H-chromene-6-carboxylic acid', '1,2-dihydro- 3β-hydroxy-7-deacetoxy-7-oxogedunin', 'Photogedunin', 'Casearin X; (1R*,3S*,5S*,6aR*,7S*,8S*,10R*,10aR*)-1-(Acetyloxy)-3,5,6,6a,7,8,9,10-octahydro-10-hydroxy-7,8-dimethyl-7-[(2Z)-3-methylpenta-2,4-dien-1-yl]naphtho[1,8a-c]furan-3,5-diyl Dibutanoate', 'Nitensidine C', 'Dipropyl disulphide', '2-methyl-5-[8(Z),11(Z)-pentadecadienyl]resorcinol', 'α-L-xylopyranosyl-(4""→20)-(3-O-β-D-glucopyranosyl)-1\'-O-E-caffeoyl-β-D-glucopyranoside', ""2-(R)-Methyl-6-(S)-(tetradecyl-13'-one)-3(R)-O-tert-butyldimethylsilyl-piperidine"", '(2S)-Methyl-2-methyl-8-(3""-methylbut-2""-enyl)-2-(4\'-methylpent-3\'-enyl)-2H-chromene-6-carboxylate', 'Casearin T', 'Piperyline, N-[10-(13,14-methylenedioxyphenyl)-7(E),9(E)-pentadienoyl]-pyrrolidine', 'ω-fenil alcanoic acid', '2-butyl-D-fructofuranoside', ""Gaudichaudianic acid; (2S)-2-methyl-2-(4'methyl-3'-pentenyl)-8-(3''-methyl-2-butenyl)- 2H-1-benzopyran-6-carboxylic acid"", 'limonexic acid', 'Di(benzyltrithio) methane', '3,11,12-Trihydroxycadalene', 'Quercetin 3-O-sophoroside', '(3R,4R)-3,4-Dihydro-4,6-dihydroxy-3-methyl-1-oxo-1H-isochromene-5-carboxylic acid', 'Tetrahydropiperyline, N-[10-(13,14-methylenedioxyphenyl)-pentanoyl]-pyrrolidine', 'Piperovatine', '2,4,6-trimethoxybenzoic acid', '1-O-(E)-caffeoyl-β-D-glucopyranoside', 'Gallic acid; 3,4,5-trihydroxybenzoic acid', 'Quercitrin, 3-O-α-rhamnosylquercetin', 'Caseobliquin A', 'amorphispironone', 'Casearupestrin D', 'Chaetoglobosin B', ""2-(2'-O-benzoyl)-C-β-D-glucopyranosyl-1,3,6,7-tetrahydroxyxanthone"", 'Isoplumericin', '6α-acetoxy-14β,15β-epoxyazadirone', 'epoxy-fraxinellone', '12′-hydroxy-7′-multijuguinone', 'Kaempferitrin', '6-[ 8(Z),11(Z) -pentadecadienyl] salicylic acid', 'N-[10-(13,14-methylenedioxyphenyl)-7(E),9(Z)-pentadienoyl]-pyrrolidine', '6-[8(Z)-pentadecenyl]salicylic acid', '(2S)-2-methyl-8-(3""-methylbut-2""-enyl)-2-(4\'-methylpent-3\'-enyl)-2H-chromene-6-carboxylic acid', 'Burchellin', '5-[8(Z)-pentadecenyl]resorcinol', 'Luteolin; 2-(3,4-dihydroxyphenyl)-5,7-dihydroxy-4H-chromen-4-one', 'Sinapic acid', '19,20-Epoxycytochalasin Q', '19,20-Epoxycytochalasin R', 'Casearin X Dialdehyde; (2R*,4aS*,5S*,7R*,8R*,8aS*)-4,4a-Diformyl-1,2,4a,5,6,7,8,8a-octahydro-5-hydroxy-7,8-dimethyl-8-[(2Z)-3-methylpenta-2,4-dien-1-yl]naphthalen-2-yl Butanoate', 'polypodine B', 'n-Propyl gallate', ""3',4',5',5,7,8-hexamethoxyflavone"", 'Isopropyl gallate', '6β-hydroxy-7-epigardoside methyl ester', 'Muraxanthone', '3,4,5-Triacetoxybenzoic acid', 'Odoratone', 'Rel-6β-hydroxyzuelanin-2β-benzoate', 'shidasterone', '5-hydroxymethyl- 2-furancarboxaldehyde; 5-hydroxymethyl-2-furfuraldehyde', 'atalaphyllinine', 'N-[10- (13,14-methylenedioxyphenyl)-7(E)-pentaenoyl]-pyrrolidine', '2-Methyl-5-methoxy-benzopyran-4-one', '3,4-dihydroxybenzoic acid geranyl ester', 'Casearupestrin A', '2-oxo-piperol B; (7S*, 8R*, 1R*, 3R*)-3,4,5-trimethoxy-3,7-cyclo-8,1-neolig-8-ene-2,4(3H)-dione', 'taxifolin', 'Methyl 6,7,8-trimethoxydihydrocinnamate', '2-Hexyl-3-methyl-butanodioic acid', 'fraxinellone', 'Methyl (E)-6,7,8-trimethoxycinnamate', '3,4,5-Trimethoxyphenyl-1-O-β-D-(5-O-syringoyl)-apiofuranosyl-(1→6)-β-D-glucopyranoside', ""(2'S)-2-(propan-2'-ol)-5-hydroxy-benzopyran-4-one"", 'Rel-(+)-(7S,9R,10S)-3,9,12-trihydroxycalamenene', 'Casearin S', '11β-acetoxyobacunone', '1-(5,7-dihydroxy-2,2-dimethylchroman- 6-yl)-3-[4-hydroxy-3-(3-methylbut-2-en-1-yl)- phenyl]propan-1-one', '(3R,4R)-4,7-Dihydroxymellein', ""Nitensoside B; Pedalitin 6-O-α-rhamnopyranosyl(1'''→6'')-β-glucopyranoside"", 'Gedunin', 'Pedalin, pedalitin 6-O-β -glucopyranoside', 'Caseargrewiin F; (1R*,3S*,5S*,6aR*,7S*,8R*,10R*,10aR*)-1,3-Bis(acetyloxy)-3,5,6,6a,7,8,9,10-octahydro-10-hydroxy-7,8-dimethyl-7-[(2Z)-3-methylpenta-2,4-dien-1-yl]naphtho[1,8a-c]furan-5-yl Butanoate', 'Casearin L; (1R*,3S*,5S*,6aR*,7R*,8R*,9S*,10S*,10aR*)-1,10-Bis(acetyloxy)-3,5,6,6a,7,8,9,10-octahydro-9-hydroxy-5-methoxy-7,8-dimethyl-7-[(2Z)-3-methylpenta-2,4-dien-1-yl]naphtho[1,8a-c]-furan-3-yl Butanoate', 'Platydesmine', 'Leiokinine A', 'Cabraleadiol', '(-)-Epigallocatechin-3-O-gallate', 'Casearin D; (1R*,3S*,5S*,6aR*,7R*,8R*,9S*,10S*,10aR*)-1-(Acetyloxy)-3,5,6,6a,7,8,9,10-octahydro-5,10-dihydroxy-7,8-dimethyl-7-[(2Z)-3-methylpenta-2,4-dien-1-yl]naphtho[1,8a-c]furan-3,9-diyl Dibutanoate', 'Rel. (+)-(7S,10S) 3,12-dihydroxycalamenene', 'carlinoside', 'schaftoside', ""(2S)-Methyl-8-isopentyl-2-methyl-2-(4'-methylpentyl)chroman-6-carboxylate"", 'Methyl gallate', '3-O-β-D-quinovopyranosyl cincholic acid', 'Afzelin, 3-O-α-rhamnosyl kaempferol', 'Egonol', '4-Nerolidilcatechol', ""2-(2'-O-transcoumaroyl)-C-β-D-glucopyranosyl-1,3,6,7-tetrahydroxyxanthone"", 'Syringic acid', '(+)-3-O-feruloylcassine', 'Amentoflavone', '1-(5,7-dihydroxy-2,2-dimethylchroman-6-yl)-3-(1,1,4a-trimethyl-2,3,4,4a,9a-hexahydro-1H-xanthen-7-yl)propan-1-one', '22-hydroxytirucalla-7,24-diene-2,3-dione', 'Trans-3’-methylsulphonylallyl trans-cinnamate', '(3-(2-(4-hydroxyphenyl)-2-oxoethyl)-5,6-dihydropyridin- 2(1H)-one)', 'Mangiferin', 'Viburgenin', ""Pterogynoside; Kaempferol-3-O-(3''-O-4'''-methylgallate-α-L-rhamnoside)"", '6-[8(Z),11(Z),14-pentadecatrienyl]salicylic acid', 'Sorbifolin', ""Nitensoside A; Sorbifolin 6-O-α-rhamnopyranosyl(1'''→6'')-β-glucopyranoside"", 'Casearin O; (1R*,3S*,5S*,6aR*,7R*,8R*,9S*,10S*,10aR*)-1,10-Bis(acetyloxy)-5-methoxy-7,8-dimethyl-7-[(2Z)-3-methylpenta-2,4-dien-1-yl]-3,5,6,6a,7,8,9,10-octahydronaphtho[1,8a-c]furan-3,9-diyl Dibutanoate', 'germacrene D', 'Salacin', '6-pentadecylsalicylic acid', 'Methyl-2,2-dimethylchroman-6-carboxylate', ""Myrsinoic acid A, 3-Geranyl-4-hydroxy-5-(3'',3''-dimethylallyl)benzoic acid"", '20α-Hydroxymaytenin; 20-hydroxy-20-epi-tingenone', '2-Methyl-4-hydroxy-butyl caffeoate', 'N-1,N-2,N-3-Triisopentenylguanidine', 'Dibenzyl trisulphide', 'Maytenin, Tingenone', 'Kokusaginine', ""2-(2'-O-trans-caffeoyl)-C-β-D-glucopyranosyl-1,3,6,7-tetrahydroxyxanthone"", 'Netzahualcoyene', 'Methyl-8-(ethanoyloxy)-2,2-dimethyl-2H-chromene-6-carboxylate', '2β-Hydroxyzuelanin-6β-cinnamate', 'arjunolic acid', 'stachysterone', 'Ethyl 2,4-dihydroxy-5,6-dimethylbenzoate', 'Amentoflavone 7”,4”’-dimethyl ether', 'Picramnioside F', 'Lauryl gallate', 'Syringaldehyde', 'Cyclo-(L-Pro-L-Val)', 'Acetonide of odoratol', '(−)-Grandisin', '24-methylenecycloartan-3b-ol', 'Ixoside', 'Cognatine', 'Fagaramide']]",doi_name
"['10.1515/znc-2009-11-1212', 'Cyclo-(L-Pro-L-Val)']","['10.1515/znc-2009-11-1212', ['guaiol', 'γ-eudesmol', 'Hinesol', 'α-eudesmol', 'Galioside aglicone', '11-O-trans-feruloylteucrein', 'Teucrein', 'Apodanthoside', 'Galioside', ""3,4-dimethyl-2-(4'-hydroxy-3',5'-dimethoxyphenyl)-5-methoxy-tetrahydrofuran"", '2α,3α,19α- trihydroxyurs-12-en-28-oic acid', '3,3-O-dimethylquercetin', 'penduletin 4-O-methyl ether', '3,7,4-O-trimethylkaempferol', 'p-hydroxybenzoic acid', '2α,3α-dihydroxyolean-12- en-28-oic acid', 'Chrysoeriol', 'acacetin', '3-O-methylquercetin', 'Aphidicolin', '2,3-dihydro-4,9-dihydroxy-2-(2-hydroxy-propan-2-yl)- 11-methoxy-10-methylfuro[3,2-b]acridin-5(10H)-one', 'bis-5-hydroxyacronycine', 'Citibrasine', 'Anhydrofusarubin', 'Beauvericin', '5,7-dimethoxy-2,2-dimethyl-2H-1-benzopyran-6-propanoate', 'Taraxerol acetate', 'Chlorogenic acid methyl ester, Methyl (1S,3R,4R,5R)-3-{[(2E)-3-(3,4-dihydroxyphenyl)-2-propenoyl]oxy}-1,4,5-trihydroxycyclohexanecarboxylate', '2-Episesalatin', ""Isoswertisin-2''α1-L-rhamnoside"", 'Sesartemin', 'Clusifoliol', ""Isoswertisin-4'-methyl-ether-2''α-L-rhamnoside"", '3,21-Di-epi-feroniellide B', '21β,25-dimethylmelianodiol', '21α,25-dimethylmelianodiol', '9-hydroxyeugenin', 'Mycoleptone A', 'Mycoleptone A tetraacetate', 'Austdiol diacetate', 'Mycoleptone B', 'Eugenitin', '6-methoxyeugenin', 'Austdiol', '(-)-3-O-acetyl-spectaline', '(+)-Erythravine', '(+)-11α-Hydroxyerythravine', '(+)-α-Hydroxyerysotrine', 'Stearic acid 4-pentoyloxyphenethyl ester', 'astilbin; Rel-(2R, 3R)-dihydroquercetin-3-O-±-L-rhamnoside', 'Methyl (3R,4R,5R)-3-{[(2E)-3-(3,4-dihydroxyphenyl)-2-propenoyl]oxy}-1,4,5-trihydroxycyclohexanecarboxylate', 'Methyl (3R,4R,5R)-3-{[(2Z)-3-(3,4-dihydroxyphenyl)-2-propenoyl]oxy}-1,4,5-trihydroxycyclohexanecarboxylate', 'Deoxycordifoline', '3,4-dehydro-strictosidine', '5α-carboxystrictosidine', 'Strictosidine acid', '3,4-dehydrostrictosidine acid', 'Turbinatine', 'Harman-3-carboxylic acid', 'Cordifoline', '(22E,24R)-ergosta-4,6,8(14),22-tetraen-3-one', '8-hydroxy-6-methoxy-3-methylisocoumarin', 'Ergosterol peroxide', 'Dimethyl terephthalate', 'Pimara-7,15-dien-3β-ol', '4-metoxi-6-[2-(metilamino)fenil]- 2H-piran-2-ona', 'Nilocetin', 'Hispidol A', 'cryptomeridiol', 'Oleanonic acid', 'Piscidinol A', '3,11-dioxoolean-12-en-28- onic acid', 'Iso-odoratol', 'Pentaol', 'Nitensidine E', 'Nitensidine D', ""2'-hydroxy-3,4,4'-trimethoxy-5',6'-(2'',2''-dimethylpyrano)-chalcone"", ""3',4'-methylenedioxy-5,6,7- trimethoxyflavone"", ""3',4'-methylenedioxy-5,5',6,7-tetramethoxyflavone"", ""3',4'-methylenedioxy-5,7-dimethoxyflavone"", 'α-Gardiol', 'β-Gardiol', 'Ferulic acid', 'Tagitinin C', '1-methoxy-3-hydroxy-3,10b-4,5a-diepoxy-8b-isobutyroyloxygermacr-11(13)-en-6a,12-olide', 'Epi-guaiacin', 'Verrucosin', '7-Methyl-sargachromenol; 2,7,8-Trimethyl-2-[(3-E,7-Z)-4,12-dimethyl-8-carboxyl-3,7,11-tridecatrienyl]-3-chromen-6-ol, β-caroteno', 'Nectandrin B', '2-n-Pentylquinoline', ""2-(3',4'-methylenedioxyphenylethyl)-Quinoline"", ""2-(1'-pentenyl)-Quinoline"", '2-n-Propylquinoline', ""4-Hydroxy-3-(3',7'-dimethyl-3'-hydroxy-1'-oxo-6'-octenyl)benzoic acid"", ""1,4-Dihydroxy-2-(3',7'-dimethyl-1'-oxo-2'-E-6'-octadienyl)benzene"", ""Sakuranetin; 5,4'-dihydroxy-7-methoxyflavanone"", ""4-Hydroxy-(3',7'-dimethyl-1'-oxo-octa-2'-E-6'-dienyl)benzoic acid"", ""Isosakuranetin; 5,7-dihydroxy-4'-methoxyflavanone"", ""3,5,6,7,3',4',5'-heptamethoxyflavonol"", ""3',4',5',3,5,7,8-heptamethoxyflavone"", 'Secoxyloganin', ""6'-Acetyl-β-D-glucopyranosyldiderroside"", '7-Methoxydiderroside', 'Diderroside', 'Glycocitrine-I', 'Pyranofoline', '3,4-dihydro-3,5,8-trihydroxy-6-methoxy-2,2,7-trimethyl-2Hpyrano[ 2,3-a]acridin-12(7H)-one', '5-hydroxynoracronycine; Atalaphyllidine', 'Citrusinine-II', 'Glycocitrine-IV', 'Citrusinine-I', '1,3,5-trihydroxy-4-methoxy-10-methyl- 2,8-bis(3-methylbut-2-enyl)acridin-9(10H)-one', '1,3,5-trihydroxy- 2,8-bis(3-methylbut-2-enyl)-10-methyl-9-acridone', 'Xanthyletin', ""Hostmaniene; 4-Hydroxy-3-(2',3'-dihydroxy-3'-methylbutyl)benzoate"", ""4-Hydroxy-3-(3',7'-dimethylocta-2'-E-6'-dienyl)benzoic acid"", '3,4,5-Trimethoxydihydrocinnamic acid', 'Methyl 2,2-dimethyl-1-oxo-2H-1-benzopyran-6-carboxylate', ""Methyl taboganate; Methyl 4-hydroxy-3-(3'-methyl-1'-oxo-2'-butenyl)benzoate"", ""2',6'-Dihydroxy-4'-methoxydihydrochalcone"", 'Piperaduncine B', ""Methyl 4-hydroxy-3-(3'-methyl-2'-butenyl)benzoate"", ""Aduncumene; Methyl 2-methoxy-5-(3'-methyl-1'-oxo-2'-butenyl)benzoate"", ""4-Hydroxy-(3',7'-dimethyl-1'-oxo-octa-2'-Z-6'-dienyl)benzoic acid"", ""Methyl 4-hydroxy-3-(3'-methyl-2'-hydroxy-3'-butenyl)benzoate"", ""Rel-(7R,8S,7'S,8'S)-4'-hydroxy-3,4,5,3',5'-pentamethoxy-7,7'-epoxylignan"", ""Rel-(7R,8S,7'S,8'S)-4',5'-methylenedioxy-3,4,5,3'-tetramethoxy-7,7'-epoxylignan"", ""Rel-(7R,8S,7'S,8'S)-4-hydroxy-4',5'-methylenedioxy-3,5,3'-trimethoxy-7,7'-epoxylignan"", ""Rel-(7R,8S,7'S,8'S)-4,5,4',5'-dimethylenedioxy-3,3'-dimethoxy-7,7'-epoxylignan"", ""Rel-(7R,8S,7'S,8'S)-9-hydroxy-4',5'-methylenedioxy-3,4,5,3'-tetramethoxy-7,7'-epoxylignan"", ""4-Methoxy-3-(3',7'-dimethylocta-2'-E-6'-dienyl)benzoic acid"", ""3-(3',7 '-dimethyl-2',6 '-octadienyl)-4-methoxy-benzoic acid"", 'Methyl-8-hydroxy-2,2-dimethyl-2H-chromene-6-carboxylate', 'cyclo (L)-Pro-Gly', '17-(3,4-Methylenedioxyphenyl)-heptadecanoic acid', 'Sargachromenol', '(+)-Guaiacin', ""7,4'-Dimethoxyflavone"", 'Sargaquinoic acid', '19´-(3,4-Methylenedioxyphenyl)-nonadecanoic acid', ""7,4'-Dihydroxyflavone"", 'Farnisine', '21´-(3,4-Methylenedioxyphenyl)-henicosanoic acid', 'Fasciculiferin', 'Tithonine', ""Juruenolic acid; 2-(4'-Methylpentenyl-3)-10-oxoundecan-2,6-dienoic acid"", '6-Hydroxy-rutin', 'Kaempferol-3-O-α-L-rhamnopyranosyl-(1-6)-α-L-rhamnopyranosyl-(1-4)-β-D-glucopyranoside', 'Kaempferol-3-O-D-glucopyranoside', 'Catechin, Ent-catechin', 'Kaempferol-3-O-α-L-rhamnopyranosyl-(1→6)-β-D-galactopyranoside', 'Kaempferol-3-O-D-galactopyranoside', 'Procyanidin B-3', 'Quercetin-3-O-α-L-rhamnopyranosyl-(1→6)-β-D-galactopyranoside', 'Kaempferol-3-O-rutinoside', '5,7-dimethoxy-2,2-dimethyl-2H-1-benzopyran-6-propanoic acid', 'Isopimpinellin', 'Methacrylic acid', 'β-caryophyllene, trans-caryophyllene', '(3Z,5Z)-N-isobutyl-8-(30,40-methylenedioxy-phenyl)-heptadienamide', 'Pellitorine', 'Piperine', '(Z)-piplartine; 8(Z)-N-(12,13, 14-trimethoxycinnamoyl)- 3-pyridin-2-one', ""N-[3-(6'-methoxy-3',4'-methy-lenedioxyphenyl)-2(Z)-propenoyl]pyrrolidine"", '(E)-piplartine', '8,9-dihydropiplartine; N-(12,13,14-trimethoxydihydrocinnamoyl)-Δ3-pyridin-2-one', '10,11-dihydropiperine; Δα,β-dihydropiperine', '4,5-dihydropiperlonguminine; Piperlonguminine', '4,5-dihydropiperyline', 'Cusculine; 1,2,3,5,6-pentamethoxy-9-acridone', 'Cuspanine; 1-hydroxy-2,3,5,6-tetramethoxy-9-acridone', '2α,3α-Dihydroxy-urs-12-en-28-oic acid', 'Oleanolic acid 3-sophoroside', '3-O-β-D-(6’-methyl)-glucopyranosyl-28-O-β-D-glucopyranosyl-oleanate', 'β-Sitosterol benzoate', '5-hydroxyflavone', '2-phenyl-4H-chromen-4-one', 'Haplotusine', 'Sinapyl 4-O-β-D-glucopyranoside aldehyde', 'N-acetylnonaine', 'Liriodenine', 'Sinapyl 4-O-β-D-glucopyranoside alcohol', '[10]-gingerol', ""2,4-Dihydroxy-6-[(1'E,3'E)-penta-1', 3'-dienyl]-benzaldehyde"", '2-methyl-5-[8(Z)-pentadecenyl]resorcinol', 'Nitensidine A', '2-hydroxyphenylacetic acid', '3-O-β-D-quinovopyranosyl quinovic acid', '3β-hydroxy-stigmast-5-en-7-one; 24-β-7-oxositosterol', 'scillascillin', 'Piperol B', '(-)-Hardwickiic acid', ""5-[3''-(β-D-glucopyranosyloxy)propyl]-7-methoxy-2-(3',4'-methylenedioxyphenyl)benzofuran"", '28-O-β-D-glucopyranosyl quinovic acid', '2-Methyl-4-hydroxy-butyl caffeoate', 'N-1,N-2,N-3-Triisopentenylguanidine', 'Dibenzyl trisulphide', 'Maytenin, Tingenone', ""8-hydroxy-3,5,7,3',4',5'-hexamethoxyflavonol"", 'Odoratol', 'Leptomerine', '5-hydroxy-N-methylseverifoline', '19,20-Epoxycytochalasin N', 'ellagic acid 4-O-α-L-rhamnopyranoside; eschweilenol C', 'Mayoside C', 'Ourateacatechin', ""3',4',5',5,7-pentamethoxyflavone"", '2-methyl-5-pentadecylresorcinol', '(±)-Syringaresinol', 'Cyclo-(L-Pro-L-Val)', 'Acetonide of odoratol', '(−)-Grandisin', '24-methylenecycloartan-3b-ol', 'Ixoside', '2,7-Di-O-acetylcasearupestrin A', 'Nitensidine B', '1-methyl-2-n-nonyl-4-quinolone', '5-[8(Z),11(Z),14-pentadecatrienyl]resorcinol', 'Gallic acid; 3,4,5-trihydroxybenzoic acid', 'Homoegonol', '[8]-gingerol', '4-Hydroxymellein', '5-hydroxymellein', 'fraxinellonone', 'Dibenzyl sulphide', '(-) Cis-4-hydroxy-6-deoxyscytalone', 'Plumericin', '5-[8(Z),11(Z)-pentadecadienyl]resorcinol', '(-)-Spectalinine', 'Netzahualcoyondiol', 'fumiquinozoline F', 'Kaempferol 3-O-α-L-rhamnopyranosyl (1→6)-O-[β -D-glucopyranosyl (1→3)-O-α-L-rhamnopyranosyl-(1→2)]-O-β -D-glucopyranosyl', '3β-O-[α-L-rhamnopyranosyl-(1→2)-O-β-D-glucopyranosyl-(1→2)-O-β-D-glucopyranosyl]-28-O-β-D-glucopyranoside pomolate', 'Dibenzyl tetrasulphide', ""2',5-dihydroxy-3-methoxy-8-dimethylallyl-6, 7-(2' ',2''-dimethylpyrano)-dihydroflavonol"", 'Canavaline', 'Di-hydrodehydrodiconiferyl alcohol', 'Quercetin', ""2-(2'-O-trans-cinnamoyl)-C-β-D-glucopyranosyl-1,3,6,7-tetrahydroxyxanthone"", 'Kokusaginine', 'Ocotillone', 'des-N-methylnoracronycine', 'Sorbifolin 6-O-β-glucopyranoside', 'Rel-2α-hydroxyzuelanin-6β-benzoate', '2,6-di-O-acetylcasearupestrin D', ""Methyl-2,2-dimethyl-8-(3'-methylbut-2'-enyl)chroman-6-carboxylate"", 'β-photogedunin', 'n-Butyl gallate', ""5-[3''-(β-D-glucopyranosyloxy)propyl]-7-methoxy-2-(3',4'-dimethoxyphenyl)benzofuran"", '3,12-Dihydroxycadalene', '7-hydroxy-3- (11-dimethylallyl)-8-methoxycoumarin', ""N-[7-(3',4'-methylenedioxyphenyl)-2(Z),4(Z)-heptadienoyl]pyrrolidine"", ""Acteoside; [β-3,4-dihydroxyphenyl)-ethyl]-(3'-O-α-L-rhamnopyranosyl)-(4'-O-cafeoyl)-β-D-glycopyranoside, verbascoside"", 'Maculosidine', 'Podocarpusflavone A', 'Casearupestrin C', '6α-malonyloxy-n-butyl ester manoyl oxide', 'citrusinine-I', 'Ricinine', 'Leptophyllin A', '5-pentadecylresorcinol', '19,20-Epoxycytochalasin D', 'urauchimycin A', 'p-Coumaric acid', '(-)-Epigallocatechin', 'Netzahualcoyonol', '1-[3-(3,7-dimethylocta-2,6-dien-1-yl)-2,4,6- trihydroxyphenyl]-3-(4-hydroxyphenyl)propan-1-one', '6α-malonyloxymanoyl oxide', 'Benzylhydroxymethyl sulphide', '1,6-di-O-caffeoyl-β-D-glucopyranoside', '2-methyl-5-[8(Z),11(Z),14-pentadecatrienyl]resorcinol', '20-hydroxyecdysone; polypodine A', '3-Acetyl aleuritolic acid', '2-n-nonyl-4-quinolone', 'Cytochalasin D', 'Isoorientin', 'Pristimerin; 20α-3-hydroxy-2-oxo-24-nor-friedela-1-10,3,5,7-tetraen-carboxylic acid-29-methylester', '3,4,5-trimethoxyphenyl 1-O-β-D-apiofuranosyl-(1→6)-O-β-D-glucopyranoside', 'Methyl-8-hydroxy-2,2-dimethylchroman-6-carboxylate', '6α-acetoxy-14β,15β-epoxyazadirone', 'Alkenoic acid', 'Quercetin 3-O-α-L-rhamnopyranosyl (1→6)-O-[β -D-glucopyranosyl (1→3)-O-α-L-rhamnopyranosyl-(1→2)]-O-β -D-glucopyranosyl', 'Heveaflavone', 'Arboreumine', '3-Oxoursolic acid', 'Casearupestrin B', 'toonacilin', 'Uracil', '1-O-(E)-feruloyl-β-D-glucopyranoside', '19,20-Epoxycytochalasin C', 'n-Pentyl gallate', 'Orcinol', 'Periconicin B', 'Phomopsilactone', 'Methyl angolensate', ""5-(3'' -Hydroxypropyl)-7-methoxy-2-(3',4' -methyl-enedioxyphenyl)benzofuran"", '22β-hydroxypristimerin', '1- (5,7-dihydroxy-2,2-dimethylchroman-6-yl)-3-(2,2-dimethylchroman- 6-yl)propan-1-one', ""(2S)-8-Isopentyl-2-methyl-2-(4'-methylpentyl)chroman-6-carboxylic acid"", '2,2-dimethyl-2H-chromene-6-carboxylic acid', '1,2-dihydro- 3β-hydroxy-7-deacetoxy-7-oxogedunin', 'Photogedunin', 'Casearin X; (1R*,3S*,5S*,6aR*,7S*,8S*,10R*,10aR*)-1-(Acetyloxy)-3,5,6,6a,7,8,9,10-octahydro-10-hydroxy-7,8-dimethyl-7-[(2Z)-3-methylpenta-2,4-dien-1-yl]naphtho[1,8a-c]furan-3,5-diyl Dibutanoate', 'Skimmianine', 'p-hydroxybenzoic acid-geranyl ester', 'Dibenzyl disulphide', 'Proanthocyanidin', 'neoisoastilbin', '(R)-7-Hydroxymellein', '6α-acetoxymanoyl oxide', 'Pedalitin', 'Di(benzyltrithio) methane', '3,11,12-Trihydroxycadalene', 'Quercetin 3-O-sophoroside', '(3R,4R)-3,4-Dihydro-4,6-dihydroxy-3-methyl-1-oxo-1H-isochromene-5-carboxylic acid', 'polypodine B', 'n-Propyl gallate', ""3',4',5',5,7,8-hexamethoxyflavone"", 'Isopropyl gallate', '6β-hydroxy-7-epigardoside methyl ester', 'Tetrahydropiperyline, N-[10-(13,14-methylenedioxyphenyl)-pentanoyl]-pyrrolidine', 'Piperovatine', '2,4,6-trimethoxybenzoic acid', '1-O-(E)-caffeoyl-β-D-glucopyranoside', 'Quercitrin, 3-O-α-rhamnosylquercetin', 'Caseobliquin A', '12′-hydroxy-7′-multijuguinone', 'Kaempferitrin', 'Nitensidine C', 'Dipropyl disulphide', '2-methyl-5-[8(Z),11(Z)-pentadecadienyl]resorcinol', 'Methyl 6,7,8-trimethoxydihydrocinnamate', '2-Hexyl-3-methyl-butanodioic acid', 'fraxinellone', ""2-(R)-Methyl-6-(S)-(tetradecyl-13'-one)-3(R)-O-tert-butyldimethylsilyl-piperidine"", '(2S)-Methyl-2-methyl-8-(3""-methylbut-2""-enyl)-2-(4\'-methylpent-3\'-enyl)-2H-chromene-6-carboxylate', 'Casearin T', 'Piperyline, N-[10-(13,14-methylenedioxyphenyl)-7(E),9(E)-pentadienoyl]-pyrrolidine', 'ω-fenil alcanoic acid', '2-butyl-D-fructofuranoside', ""Gaudichaudianic acid; (2S)-2-methyl-2-(4'methyl-3'-pentenyl)-8-(3''-methyl-2-butenyl)- 2H-1-benzopyran-6-carboxylic acid"", 'limonexic acid', '19,20-Epoxycytochalasin Q', '19,20-Epoxycytochalasin R', 'Muraxanthone', 'Odoratone', 'Rel-6β-hydroxyzuelanin-2β-benzoate', 'shidasterone', '5-hydroxymethyl- 2-furancarboxaldehyde; 5-hydroxymethyl-2-furfuraldehyde', 'atalaphyllinine', '24-methylene-3,22-dihydroxycholesterol', 'amorphispironone', 'Casearupestrin D', 'Chaetoglobosin B', ""2-(2'-O-benzoyl)-C-β-D-glucopyranosyl-1,3,6,7-tetrahydroxyxanthone"", 'Isoplumericin', 'α-L-xylopyranosyl-(4""→20)-(3-O-β-D-glucopyranosyl)-1\'-O-E-caffeoyl-β-D-glucopyranoside', 'epoxy-fraxinellone', 'Casearupestrin A', '2-oxo-piperol B; (7S*, 8R*, 1R*, 3R*)-3,4,5-trimethoxy-3,7-cyclo-8,1-neolig-8-ene-2,4(3H)-dione', 'taxifolin', ""(2'S)-2-(propan-2'-ol)-5-hydroxy-benzopyran-4-one"", 'Rel-(+)-(7S,9R,10S)-3,9,12-trihydroxycalamenene', 'Casearin S', '11β-acetoxyobacunone', '1-(5,7-dihydroxy-2,2-dimethylchroman- 6-yl)-3-[4-hydroxy-3-(3-methylbut-2-en-1-yl)- phenyl]propan-1-one', '(3R,4R)-4,7-Dihydroxymellein', '6-[ 8(Z),11(Z) -pentadecadienyl] salicylic acid', '6-[8(Z)-pentadecenyl]salicylic acid', '(2S)-2-methyl-8-(3""-methylbut-2""-enyl)-2-(4\'-methylpent-3\'-enyl)-2H-chromene-6-carboxylic acid', 'Burchellin', '5-[8(Z)-pentadecenyl]resorcinol', 'Luteolin; 2-(3,4-dihydroxyphenyl)-5,7-dihydroxy-4H-chromen-4-one', 'Sinapic acid', 'Pedalin, pedalitin 6-O-β -glucopyranoside', 'Caseargrewiin F; (1R*,3S*,5S*,6aR*,7S*,8R*,10R*,10aR*)-1,3-Bis(acetyloxy)-3,5,6,6a,7,8,9,10-octahydro-10-hydroxy-7,8-dimethyl-7-[(2Z)-3-methylpenta-2,4-dien-1-yl]naphtho[1,8a-c]furan-5-yl Butanoate', 'Casearin L; (1R*,3S*,5S*,6aR*,7R*,8R*,9S*,10S*,10aR*)-1,10-Bis(acetyloxy)-3,5,6,6a,7,8,9,10-octahydro-9-hydroxy-5-methoxy-7,8-dimethyl-7-[(2Z)-3-methylpenta-2,4-dien-1-yl]naphtho[1,8a-c]-furan-3-yl Butanoate', 'Platydesmine', 'Leiokinine A', 'Cabraleadiol', 'schaftoside', ""(2S)-Methyl-8-isopentyl-2-methyl-2-(4'-methylpentyl)chroman-6-carboxylate"", '3,4,5-Triacetoxybenzoic acid', 'Methyl gallate', '3-O-β-D-quinovopyranosyl cincholic acid', 'Afzelin, 3-O-α-rhamnosyl kaempferol', 'N-[10- (13,14-methylenedioxyphenyl)-7(E)-pentaenoyl]-pyrrolidine', '2-Methyl-5-methoxy-benzopyran-4-one', '3,4-dihydroxybenzoic acid geranyl ester', 'N-[10-(13,14-methylenedioxyphenyl)-7(E),9(Z)-pentadienoyl]-pyrrolidine', '4-Nerolidilcatechol', ""2-(2'-O-transcoumaroyl)-C-β-D-glucopyranosyl-1,3,6,7-tetrahydroxyxanthone"", 'Syringic acid', '(+)-3-O-feruloylcassine', '1-(5,7-dihydroxy-2,2-dimethylchroman-6-yl)-3-(1,1,4a-trimethyl-2,3,4,4a,9a-hexahydro-1H-xanthen-7-yl)propan-1-one', 'Methyl (E)-6,7,8-trimethoxycinnamate', '3,4,5-Trimethoxyphenyl-1-O-β-D-(5-O-syringoyl)-apiofuranosyl-(1→6)-β-D-glucopyranoside', '6-[8(Z),11(Z),14-pentadecatrienyl]salicylic acid', 'Sorbifolin', ""Nitensoside A; Sorbifolin 6-O-α-rhamnopyranosyl(1'''→6'')-β-glucopyranoside"", 'Casearin O; (1R*,3S*,5S*,6aR*,7R*,8R*,9S*,10S*,10aR*)-1,10-Bis(acetyloxy)-5-methoxy-7,8-dimethyl-7-[(2Z)-3-methylpenta-2,4-dien-1-yl]-3,5,6,6a,7,8,9,10-octahydronaphtho[1,8a-c]furan-3,9-diyl Dibutanoate', 'germacrene D', '6-pentadecylsalicylic acid', ""Nitensoside B; Pedalitin 6-O-α-rhamnopyranosyl(1'''→6'')-β-glucopyranoside"", 'Amentoflavone', 'Gedunin', ""7-Hydroxy-4',6-dimethoxyisoflavone; Afrormosin; Afromosin"", '8-methoxymellein', 'Methyl-2,2-dimethylchroman-6-carboxylate', ""Myrsinoic acid A, 3-Geranyl-4-hydroxy-5-(3'',3''-dimethylallyl)benzoic acid"", '20α-Hydroxymaytenin; 20-hydroxy-20-epi-tingenone', '(-)-Epigallocatechin-3-O-gallate', 'Casearin D; (1R*,3S*,5S*,6aR*,7R*,8R*,9S*,10S*,10aR*)-1-(Acetyloxy)-3,5,6,6a,7,8,9,10-octahydro-5,10-dihydroxy-7,8-dimethyl-7-[(2Z)-3-methylpenta-2,4-dien-1-yl]naphtho[1,8a-c]furan-3,9-diyl Dibutanoate', 'Rel. (+)-(7S,10S) 3,12-dihydroxycalamenene', 'carlinoside', 'Methyl-8-(ethanoyloxy)-2,2-dimethyl-2H-chromene-6-carboxylate', 'arjunolic acid', 'stachysterone', 'Ethyl 2,4-dihydroxy-5,6-dimethylbenzoate', 'Amentoflavone 7”,4”’-dimethyl ether', 'Picramnioside F', 'Egonol', 'urauchimycin B', ""2-(2'-O-trans-caffeoyl)-C-β-D-glucopyranosyl-1,3,6,7-tetrahydroxyxanthone"", 'Netzahualcoyene', 'Casearin X Dialdehyde; (2R*,4aS*,5S*,7R*,8R*,8aS*)-4,4a-Diformyl-1,2,4a,5,6,7,8,8a-octahydro-5-hydroxy-7,8-dimethyl-8-[(2Z)-3-methylpenta-2,4-dien-1-yl]naphthalen-2-yl Butanoate', 'Lauryl gallate', 'Syringaldehyde', '22-hydroxytirucalla-7,24-diene-2,3-dione', 'Trans-3’-methylsulphonylallyl trans-cinnamate', '(3-(2-(4-hydroxyphenyl)-2-oxoethyl)-5,6-dihydropyridin- 2(1H)-one)', 'Mangiferin', 'Salacin', 'Viburgenin', ""Pterogynoside; Kaempferol-3-O-(3''-O-4'''-methylgallate-α-L-rhamnoside)"", 'Isobutyl gallate', '7′-multijuguinone', 'Griseofulvin', '2β-Hydroxyzuelanin-6β-cinnamate', 'Cognatine', 'Fagaramide', 'Chalepin', 'Chlorogenic acid', '(4R)-4,8-dihydroxy-α-tetralone', 'Kaempferol']]",doi_name
"['10.1016/j.cbi.2010.08.008', 'Casearin X; (1R*,3S*,5S*,6aR*,7S*,8S*,10R*,10aR*)-1-(Acetyloxy)-3,5,6,6a,7,8,9,10-octahydro-10-hydroxy-7,8-dimethyl-7-[(2Z)-3-methylpenta-2,4-dien-1-yl]naphtho[1,8a-c]furan-3,5-diyl Dibutanoate']","['10.1016/j.cbi.2010.08.008', ['guaiol', 'γ-eudesmol', 'Hinesol', 'α-eudesmol', 'Chlorogenic acid methyl ester, Methyl (1S,3R,4R,5R)-3-{[(2E)-3-(3,4-dihydroxyphenyl)-2-propenoyl]oxy}-1,4,5-trihydroxycyclohexanecarboxylate', 'astilbin; Rel-(2R, 3R)-dihydroquercetin-3-O-±-L-rhamnoside', 'Nilocetin', 'Hispidol A', 'Oleanonic acid', 'cryptomeridiol', '3,11-dioxoolean-12-en-28- onic acid', 'Piscidinol A', 'Iso-odoratol', 'Pentaol', 'Clusifoliol', ""Isoswertisin-4'-methyl-ether-2''α-L-rhamnoside"", '2-Episesalatin', 'Sesartemin', ""Isoswertisin-2''α1-L-rhamnoside"", 'Anhydrofusarubin', 'Beauvericin', '11-O-trans-feruloylteucrein', 'Teucrein', 'Galioside aglicone', 'Galioside', 'Apodanthoside', 'Citrusinine-II', '1,3,5-trihydroxy- 2,8-bis(3-methylbut-2-enyl)-10-methyl-9-acridone', 'Glycocitrine-IV', '1,3,5-trihydroxy-4-methoxy-10-methyl- 2,8-bis(3-methylbut-2-enyl)acridin-9(10H)-one', 'Pyranofoline', 'Citrusinine-I', 'Glycocitrine-I', '5-hydroxynoracronycine; Atalaphyllidine', '3,4-dihydro-3,5,8-trihydroxy-6-methoxy-2,2,7-trimethyl-2Hpyrano[ 2,3-a]acridin-12(7H)-one', '5,7-dimethoxy-2,2-dimethyl-2H-1-benzopyran-6-propanoate', 'Methyl (3R,4R,5R)-3-{[(2Z)-3-(3,4-dihydroxyphenyl)-2-propenoyl]oxy}-1,4,5-trihydroxycyclohexanecarboxylate', 'Methyl (3R,4R,5R)-3-{[(2E)-3-(3,4-dihydroxyphenyl)-2-propenoyl]oxy}-1,4,5-trihydroxycyclohexanecarboxylate', 'Taraxerol acetate', '(-)-3-O-acetyl-spectaline', '2,3-dihydro-4,9-dihydroxy-2-(2-hydroxy-propan-2-yl)- 11-methoxy-10-methylfuro[3,2-b]acridin-5(10H)-one', 'Citibrasine', 'bis-5-hydroxyacronycine', 'Methacrylic acid', 'Pimara-7,15-dien-3β-ol', 'Ergosterol peroxide', '(22E,24R)-ergosta-4,6,8(14),22-tetraen-3-one', '8-hydroxy-6-methoxy-3-methylisocoumarin', 'Dimethyl terephthalate', 'Aphidicolin', '(+)-Erythravine', '(+)-11α-Hydroxyerythravine', '(+)-α-Hydroxyerysotrine', 'Xanthyletin', 'Stearic acid 4-pentoyloxyphenethyl ester', '3,21-Di-epi-feroniellide B', '21β,25-dimethylmelianodiol', '21α,25-dimethylmelianodiol', ""4-Hydroxy-3-(3',7'-dimethyl-3'-hydroxy-1'-oxo-6'-octenyl)benzoic acid"", ""1,4-Dihydroxy-2-(3',7'-dimethyl-1'-oxo-2'-E-6'-octadienyl)benzene"", ""Isosakuranetin; 5,7-dihydroxy-4'-methoxyflavanone"", ""Sakuranetin; 5,4'-dihydroxy-7-methoxyflavanone"", ""4-Hydroxy-(3',7'-dimethyl-1'-oxo-octa-2'-E-6'-dienyl)benzoic acid"", '9-hydroxyeugenin', 'Mycoleptone A', 'Eugenitin', '6-methoxyeugenin', 'Austdiol', 'Mycoleptone A tetraacetate', 'Austdiol diacetate', 'Mycoleptone B', '3,3-O-dimethylquercetin', 'penduletin 4-O-methyl ether', '2α,3α,19α- trihydroxyurs-12-en-28-oic acid', 'acacetin', '3-O-methylquercetin', '2α,3α-dihydroxyolean-12- en-28-oic acid', 'p-hydroxybenzoic acid', '3,7,4-O-trimethylkaempferol', 'Chrysoeriol', 'Piperaduncine B', 'Methyl 2,2-dimethyl-1-oxo-2H-1-benzopyran-6-carboxylate', '3,4,5-Trimethoxydihydrocinnamic acid', ""Methyl 4-hydroxy-3-(3'-methyl-2'-butenyl)benzoate"", ""Methyl taboganate; Methyl 4-hydroxy-3-(3'-methyl-1'-oxo-2'-butenyl)benzoate"", ""Hostmaniene; 4-Hydroxy-3-(2',3'-dihydroxy-3'-methylbutyl)benzoate"", ""4-Hydroxy-3-(3',7'-dimethylocta-2'-E-6'-dienyl)benzoic acid"", ""2',6'-Dihydroxy-4'-methoxydihydrochalcone"", ""Methyl 4-hydroxy-3-(3'-methyl-2'-hydroxy-3'-butenyl)benzoate"", ""Aduncumene; Methyl 2-methoxy-5-(3'-methyl-1'-oxo-2'-butenyl)benzoate"", ""4-Hydroxy-(3',7'-dimethyl-1'-oxo-octa-2'-Z-6'-dienyl)benzoic acid"", 'Nitensidine E', 'Nitensidine D', ""3,4-dimethyl-2-(4'-hydroxy-3',5'-dimethoxyphenyl)-5-methoxy-tetrahydrofuran"", '4-metoxi-6-[2-(metilamino)fenil]- 2H-piran-2-ona', 'Diderroside', ""6'-Acetyl-β-D-glucopyranosyldiderroside"", '7-Methoxydiderroside', 'Secoxyloganin', ""3',4'-methylenedioxy-5,5',6,7-tetramethoxyflavone"", ""3',4'-methylenedioxy-5,6,7- trimethoxyflavone"", ""2'-hydroxy-3,4,4'-trimethoxy-5',6'-(2'',2''-dimethylpyrano)-chalcone"", ""3',4'-methylenedioxy-5,7-dimethoxyflavone"", 'Deoxycordifoline', 'Strictosidine acid', '5α-carboxystrictosidine', '3,4-dehydro-strictosidine', 'Cordifoline', '3,4-dehydrostrictosidine acid', 'Turbinatine', 'Harman-3-carboxylic acid', ""4-Methoxy-3-(3',7'-dimethylocta-2'-E-6'-dienyl)benzoic acid"", ""3-(3',7 '-dimethyl-2',6 '-octadienyl)-4-methoxy-benzoic acid"", 'Methyl-8-hydroxy-2,2-dimethyl-2H-chromene-6-carboxylate', 'cyclo (L)-Pro-Gly', '2-n-Propylquinoline', ""2-(1'-pentenyl)-Quinoline"", '2-n-Pentylquinoline', ""2-(3',4'-methylenedioxyphenylethyl)-Quinoline"", '1-methoxy-3-hydroxy-3,10b-4,5a-diepoxy-8b-isobutyroyloxygermacr-11(13)-en-6a,12-olide', 'Tagitinin C', ""3',4',5',3,5,7,8-heptamethoxyflavone"", ""3,5,6,7,3',4',5'-heptamethoxyflavonol"", '5,7-dimethoxy-2,2-dimethyl-2H-1-benzopyran-6-propanoic acid', '21´-(3,4-Methylenedioxyphenyl)-henicosanoic acid', 'Fasciculiferin', '(+)-Guaiacin', ""Juruenolic acid; 2-(4'-Methylpentenyl-3)-10-oxoundecan-2,6-dienoic acid"", ""7,4'-Dimethoxyflavone"", ""7,4'-Dihydroxyflavone"", 'Sargachromenol', 'Sargaquinoic acid', '19´-(3,4-Methylenedioxyphenyl)-nonadecanoic acid', 'Tithonine', '17-(3,4-Methylenedioxyphenyl)-heptadecanoic acid', 'Farnisine', 'Nectandrin B', 'Verrucosin', 'Epi-guaiacin', '7-Methyl-sargachromenol; 2,7,8-Trimethyl-2-[(3-E,7-Z)-4,12-dimethyl-8-carboxyl-3,7,11-tridecatrienyl]-3-chromen-6-ol, β-caroteno', 'Isopimpinellin', ""Rel-(7R,8S,7'S,8'S)-4'-hydroxy-3,4,5,3',5'-pentamethoxy-7,7'-epoxylignan"", ""Rel-(7R,8S,7'S,8'S)-9-hydroxy-4',5'-methylenedioxy-3,4,5,3'-tetramethoxy-7,7'-epoxylignan"", ""Rel-(7R,8S,7'S,8'S)-4-hydroxy-4',5'-methylenedioxy-3,5,3'-trimethoxy-7,7'-epoxylignan"", ""Rel-(7R,8S,7'S,8'S)-4',5'-methylenedioxy-3,4,5,3'-tetramethoxy-7,7'-epoxylignan"", ""Rel-(7R,8S,7'S,8'S)-4,5,4',5'-dimethylenedioxy-3,3'-dimethoxy-7,7'-epoxylignan"", 'Kaempferol-3-O-D-glucopyranoside', 'Kaempferol-3-O-α-L-rhamnopyranosyl-(1-6)-α-L-rhamnopyranosyl-(1-4)-β-D-glucopyranoside', 'Kaempferol-3-O-D-galactopyranoside', '6-Hydroxy-rutin', 'Catechin, Ent-catechin', 'Procyanidin B-3', 'Kaempferol-3-O-α-L-rhamnopyranosyl-(1→6)-β-D-galactopyranoside', 'Kaempferol-3-O-rutinoside', 'Quercetin-3-O-α-L-rhamnopyranosyl-(1→6)-β-D-galactopyranoside', 'β-Gardiol', 'Ferulic acid', 'α-Gardiol', 'β-caryophyllene, trans-caryophyllene', 'Piperine', '(E)-piplartine', '4,5-dihydropiperyline', '8,9-dihydropiplartine; N-(12,13,14-trimethoxydihydrocinnamoyl)-Δ3-pyridin-2-one', '10,11-dihydropiperine; Δα,β-dihydropiperine', '(Z)-piplartine; 8(Z)-N-(12,13, 14-trimethoxycinnamoyl)- 3-pyridin-2-one', ""N-[3-(6'-methoxy-3',4'-methy-lenedioxyphenyl)-2(Z)-propenoyl]pyrrolidine"", '4,5-dihydropiperlonguminine; Piperlonguminine', '(3Z,5Z)-N-isobutyl-8-(30,40-methylenedioxy-phenyl)-heptadienamide', 'Pellitorine', 'Cuspanine; 1-hydroxy-2,3,5,6-tetramethoxy-9-acridone', 'Cusculine; 1,2,3,5,6-pentamethoxy-9-acridone', '2α,3α-Dihydroxy-urs-12-en-28-oic acid', 'Oleanolic acid 3-sophoroside', '3-O-β-D-(6’-methyl)-glucopyranosyl-28-O-β-D-glucopyranosyl-oleanate', 'Haplotusine', 'β-Sitosterol benzoate', '5-hydroxyflavone', '2-phenyl-4H-chromen-4-one', 'Sinapyl 4-O-β-D-glucopyranoside aldehyde', 'N-acetylnonaine', 'Liriodenine', 'Sinapyl 4-O-β-D-glucopyranoside alcohol', '[10]-gingerol', ""3',4',5',5,7-pentamethoxyflavone"", '2-methyl-5-pentadecylresorcinol', '3β-hydroxy-stigmast-5-en-7-one; 24-β-7-oxositosterol', 'scillascillin', 'Piperol B', '(-)-Hardwickiic acid', ""5-[3''-(β-D-glucopyranosyloxy)propyl]-7-methoxy-2-(3',4'-methylenedioxyphenyl)benzofuran"", '28-O-β-D-glucopyranosyl quinovic acid', '2-Methyl-4-hydroxy-butyl caffeoate', 'N-1,N-2,N-3-Triisopentenylguanidine', 'Dibenzyl trisulphide', 'Maytenin, Tingenone', 'urauchimycin B', '(3-(2-(4-hydroxyphenyl)-2-oxoethyl)-5,6-dihydropyridin- 2(1H)-one)', 'Mangiferin', 'Rel-2α-hydroxyzuelanin-6β-benzoate', '2,6-di-O-acetylcasearupestrin D', ""2,4-Dihydroxy-6-[(1'E,3'E)-penta-1', 3'-dienyl]-benzaldehyde"", 'Nitensidine A', ""8-hydroxy-3,5,7,3',4',5'-hexamethoxyflavonol"", 'Odoratol', 'Leptomerine', '5-hydroxy-N-methylseverifoline', '19,20-Epoxycytochalasin N', 'ellagic acid 4-O-α-L-rhamnopyranoside; eschweilenol C', 'Mayoside C', 'Ourateacatechin', 'Ixoside', '2β-Hydroxyzuelanin-6β-cinnamate', 'Cognatine', 'Fagaramide', '6α-malonyloxy-n-butyl ester manoyl oxide', 'citrusinine-I', 'Ricinine', 'Leptophyllin A', '5-pentadecylresorcinol', '5-hydroxymellein', 'fraxinellonone', 'Dibenzyl sulphide', '(-) Cis-4-hydroxy-6-deoxyscytalone', 'Plumericin', '5-[8(Z),11(Z)-pentadecadienyl]resorcinol', '(-)-Spectalinine', 'Netzahualcoyondiol', 'Ocotillone', 'des-N-methylnoracronycine', 'Sorbifolin 6-O-β-glucopyranoside', ""5-[3''-(β-D-glucopyranosyloxy)propyl]-7-methoxy-2-(3',4'-dimethoxyphenyl)benzofuran"", '3,12-Dihydroxycadalene', '7-hydroxy-3- (11-dimethylallyl)-8-methoxycoumarin', ""N-[7-(3',4'-methylenedioxyphenyl)-2(Z),4(Z)-heptadienoyl]pyrrolidine"", ""Acteoside; [β-3,4-dihydroxyphenyl)-ethyl]-(3'-O-α-L-rhamnopyranosyl)-(4'-O-cafeoyl)-β-D-glycopyranoside, verbascoside"", '19,20-Epoxycytochalasin D', 'fumiquinozoline F', ""Methyl-2,2-dimethyl-8-(3'-methylbut-2'-enyl)chroman-6-carboxylate"", '2,7-Di-O-acetylcasearupestrin A', 'Nitensidine B', '1-methyl-2-n-nonyl-4-quinolone', '5-[8(Z),11(Z),14-pentadecatrienyl]resorcinol', 'Gallic acid; 3,4,5-trihydroxybenzoic acid', 'Maculosidine', 'Podocarpusflavone A', 'Casearupestrin C', 'Methyl angolensate', ""5-(3'' -Hydroxypropyl)-7-methoxy-2-(3',4' -methyl-enedioxyphenyl)benzofuran"", '22β-hydroxypristimerin', '1- (5,7-dihydroxy-2,2-dimethylchroman-6-yl)-3-(2,2-dimethylchroman- 6-yl)propan-1-one', 'Canavaline', 'Di-hydrodehydrodiconiferyl alcohol', 'Quercetin', ""2-(2'-O-trans-cinnamoyl)-C-β-D-glucopyranosyl-1,3,6,7-tetrahydroxyxanthone"", 'Kokusaginine', 'Homoegonol', '[8]-gingerol', '4-Hydroxymellein', 'Pristimerin; 20α-3-hydroxy-2-oxo-24-nor-friedela-1-10,3,5,7-tetraen-carboxylic acid-29-methylester', '3,4,5-trimethoxyphenyl 1-O-β-D-apiofuranosyl-(1→6)-O-β-D-glucopyranoside', 'β-photogedunin', 'n-Butyl gallate', 'Arboreumine', '3-Oxoursolic acid', 'Kaempferol 3-O-α-L-rhamnopyranosyl (1→6)-O-[β -D-glucopyranosyl (1→3)-O-α-L-rhamnopyranosyl-(1→2)]-O-β -D-glucopyranosyl', '3β-O-[α-L-rhamnopyranosyl-(1→2)-O-β-D-glucopyranosyl-(1→2)-O-β-D-glucopyranosyl]-28-O-β-D-glucopyranoside pomolate', 'Dibenzyl tetrasulphide', ""2',5-dihydroxy-3-methoxy-8-dimethylallyl-6, 7-(2' ',2''-dimethylpyrano)-dihydroflavonol"", '2-n-nonyl-4-quinolone', 'Cytochalasin D', 'Isoorientin', 'urauchimycin A', 'p-Coumaric acid', '(-)-Epigallocatechin', 'Netzahualcoyonol', '1-[3-(3,7-dimethylocta-2,6-dien-1-yl)-2,4,6- trihydroxyphenyl]-3-(4-hydroxyphenyl)propan-1-one', '6α-malonyloxymanoyl oxide', 'Caseobliquin A', 'Periconicin B', 'Phomopsilactone', ""(2S)-8-Isopentyl-2-methyl-2-(4'-methylpentyl)chroman-6-carboxylic acid"", '2,2-dimethyl-2H-chromene-6-carboxylic acid', '1,2-dihydro- 3β-hydroxy-7-deacetoxy-7-oxogedunin', 'Photogedunin', 'Casearin X; (1R*,3S*,5S*,6aR*,7S*,8S*,10R*,10aR*)-1-(Acetyloxy)-3,5,6,6a,7,8,9,10-octahydro-10-hydroxy-7,8-dimethyl-7-[(2Z)-3-methylpenta-2,4-dien-1-yl]naphtho[1,8a-c]furan-3,5-diyl Dibutanoate', 'Skimmianine', 'Benzylhydroxymethyl sulphide', '1,6-di-O-caffeoyl-β-D-glucopyranoside', '2-methyl-5-[8(Z),11(Z),14-pentadecatrienyl]resorcinol', '20-hydroxyecdysone; polypodine A', '3-Acetyl aleuritolic acid', 'Alkenoic acid', 'Quercetin 3-O-α-L-rhamnopyranosyl (1→6)-O-[β -D-glucopyranosyl (1→3)-O-α-L-rhamnopyranosyl-(1→2)]-O-β -D-glucopyranosyl', 'Heveaflavone', 'Proanthocyanidin', 'neoisoastilbin', '(R)-7-Hydroxymellein', '6α-acetoxymanoyl oxide', 'Methyl-8-hydroxy-2,2-dimethylchroman-6-carboxylate', '6α-acetoxy-14β,15β-epoxyazadirone', ""2-(R)-Methyl-6-(S)-(tetradecyl-13'-one)-3(R)-O-tert-butyldimethylsilyl-piperidine"", '(2S)-Methyl-2-methyl-8-(3""-methylbut-2""-enyl)-2-(4\'-methylpent-3\'-enyl)-2H-chromene-6-carboxylate', 'Casearin T', 'Casearupestrin B', 'toonacilin', 'Uracil', '1-O-(E)-feruloyl-β-D-glucopyranoside', '19,20-Epoxycytochalasin C', 'n-Pentyl gallate', 'Orcinol', ""2-(2'-O-benzoyl)-C-β-D-glucopyranosyl-1,3,6,7-tetrahydroxyxanthone"", ""2-(2'-O-trans-caffeoyl)-C-β-D-glucopyranosyl-1,3,6,7-tetrahydroxyxanthone"", 'Netzahualcoyene', 'Casearin X Dialdehyde; (2R*,4aS*,5S*,7R*,8R*,8aS*)-4,4a-Diformyl-1,2,4a,5,6,7,8,8a-octahydro-5-hydroxy-7,8-dimethyl-8-[(2Z)-3-methylpenta-2,4-dien-1-yl]naphthalen-2-yl Butanoate', 'polypodine B', 'n-Propyl gallate', ""3',4',5',5,7,8-hexamethoxyflavone"", 'Isopropyl gallate', '6β-hydroxy-7-epigardoside methyl ester', 'Tetrahydropiperyline, N-[10-(13,14-methylenedioxyphenyl)-pentanoyl]-pyrrolidine', 'Piperovatine', '2,4,6-trimethoxybenzoic acid', '1-O-(E)-caffeoyl-β-D-glucopyranoside', 'Quercitrin, 3-O-α-rhamnosylquercetin', 'p-hydroxybenzoic acid-geranyl ester', 'Dibenzyl disulphide', '(2S)-2-methyl-8-(3""-methylbut-2""-enyl)-2-(4\'-methylpent-3\'-enyl)-2H-chromene-6-carboxylic acid', 'Burchellin', 'Piperyline, N-[10-(13,14-methylenedioxyphenyl)-7(E),9(E)-pentadienoyl]-pyrrolidine', 'ω-fenil alcanoic acid', '2-butyl-D-fructofuranoside', ""Gaudichaudianic acid; (2S)-2-methyl-2-(4'methyl-3'-pentenyl)-8-(3''-methyl-2-butenyl)- 2H-1-benzopyran-6-carboxylic acid"", 'limonexic acid', 'Pedalitin', 'Di(benzyltrithio) methane', '3,11,12-Trihydroxycadalene', 'Quercetin 3-O-sophoroside', '(3R,4R)-3,4-Dihydro-4,6-dihydroxy-3-methyl-1-oxo-1H-isochromene-5-carboxylic acid', '24-methylene-3,22-dihydroxycholesterol', 'amorphispironone', 'Casearupestrin D', 'Chaetoglobosin B', 'atalaphyllinine', 'N-[10- (13,14-methylenedioxyphenyl)-7(E)-pentaenoyl]-pyrrolidine', '2-Methyl-5-methoxy-benzopyran-4-one', 'Isoplumericin', 'α-L-xylopyranosyl-(4""→20)-(3-O-β-D-glucopyranosyl)-1\'-O-E-caffeoyl-β-D-glucopyranoside', 'epoxy-fraxinellone', '12′-hydroxy-7′-multijuguinone', 'Kaempferitrin', 'Nitensidine C', 'Dipropyl disulphide', '2-methyl-5-[8(Z),11(Z)-pentadecadienyl]resorcinol', 'Methyl 6,7,8-trimethoxydihydrocinnamate', '2-Hexyl-3-methyl-butanodioic acid', 'fraxinellone', '6-[ 8(Z),11(Z) -pentadecadienyl] salicylic acid', '6-[8(Z)-pentadecenyl]salicylic acid', 'Cabraleadiol', 'schaftoside', ""(2S)-Methyl-8-isopentyl-2-methyl-2-(4'-methylpentyl)chroman-6-carboxylate"", '3,4,5-Triacetoxybenzoic acid', 'Casearupestrin A', '2-oxo-piperol B; (7S*, 8R*, 1R*, 3R*)-3,4,5-trimethoxy-3,7-cyclo-8,1-neolig-8-ene-2,4(3H)-dione', '5-[8(Z)-pentadecenyl]resorcinol', 'Luteolin; 2-(3,4-dihydroxyphenyl)-5,7-dihydroxy-4H-chromen-4-one', 'Sinapic acid', '19,20-Epoxycytochalasin Q', '19,20-Epoxycytochalasin R', 'Muraxanthone', 'Odoratone', 'Rel-6β-hydroxyzuelanin-2β-benzoate', 'shidasterone', '5-hydroxymethyl- 2-furancarboxaldehyde; 5-hydroxymethyl-2-furfuraldehyde', ""Nitensoside B; Pedalitin 6-O-α-rhamnopyranosyl(1'''→6'')-β-glucopyranoside"", 'Amentoflavone', 'Methyl gallate', '3-O-β-D-quinovopyranosyl cincholic acid', 'Afzelin, 3-O-α-rhamnosyl kaempferol', 'Egonol', '4-Nerolidilcatechol', ""2-(2'-O-transcoumaroyl)-C-β-D-glucopyranosyl-1,3,6,7-tetrahydroxyxanthone"", '3,4-dihydroxybenzoic acid geranyl ester', 'N-[10-(13,14-methylenedioxyphenyl)-7(E),9(Z)-pentadienoyl]-pyrrolidine', 'Gedunin', 'Pedalin, pedalitin 6-O-β -glucopyranoside', 'Caseargrewiin F; (1R*,3S*,5S*,6aR*,7S*,8R*,10R*,10aR*)-1,3-Bis(acetyloxy)-3,5,6,6a,7,8,9,10-octahydro-10-hydroxy-7,8-dimethyl-7-[(2Z)-3-methylpenta-2,4-dien-1-yl]naphtho[1,8a-c]furan-5-yl Butanoate', 'Casearin L; (1R*,3S*,5S*,6aR*,7R*,8R*,9S*,10S*,10aR*)-1,10-Bis(acetyloxy)-3,5,6,6a,7,8,9,10-octahydro-9-hydroxy-5-methoxy-7,8-dimethyl-7-[(2Z)-3-methylpenta-2,4-dien-1-yl]naphtho[1,8a-c]-furan-3-yl Butanoate', 'Platydesmine', 'Leiokinine A', '3,4,5-Trimethoxyphenyl-1-O-β-D-(5-O-syringoyl)-apiofuranosyl-(1→6)-β-D-glucopyranoside', '6-[8(Z),11(Z),14-pentadecatrienyl]salicylic acid', 'Sorbifolin', ""Nitensoside A; Sorbifolin 6-O-α-rhamnopyranosyl(1'''→6'')-β-glucopyranoside"", 'Casearin O; (1R*,3S*,5S*,6aR*,7R*,8R*,9S*,10S*,10aR*)-1,10-Bis(acetyloxy)-5-methoxy-7,8-dimethyl-7-[(2Z)-3-methylpenta-2,4-dien-1-yl]-3,5,6,6a,7,8,9,10-octahydronaphtho[1,8a-c]furan-3,9-diyl Dibutanoate', 'germacrene D', '6-pentadecylsalicylic acid', 'Methyl-2,2-dimethylchroman-6-carboxylate', ""Myrsinoic acid A, 3-Geranyl-4-hydroxy-5-(3'',3''-dimethylallyl)benzoic acid"", 'taxifolin', ""(2'S)-2-(propan-2'-ol)-5-hydroxy-benzopyran-4-one"", 'Rel-(+)-(7S,9R,10S)-3,9,12-trihydroxycalamenene', 'Casearin S', '11β-acetoxyobacunone', '1-(5,7-dihydroxy-2,2-dimethylchroman- 6-yl)-3-[4-hydroxy-3-(3-methylbut-2-en-1-yl)- phenyl]propan-1-one', '(3R,4R)-4,7-Dihydroxymellein', 'Rel. (+)-(7S,10S) 3,12-dihydroxycalamenene', 'carlinoside', 'Methyl-8-(ethanoyloxy)-2,2-dimethyl-2H-chromene-6-carboxylate', 'arjunolic acid', 'stachysterone', 'Ethyl 2,4-dihydroxy-5,6-dimethylbenzoate', 'Amentoflavone 7”,4”’-dimethyl ether', 'Picramnioside F', 'Lauryl gallate', 'Syringaldehyde', '22-hydroxytirucalla-7,24-diene-2,3-dione', 'Trans-3’-methylsulphonylallyl trans-cinnamate', 'Syringic acid', '(+)-3-O-feruloylcassine', '1-(5,7-dihydroxy-2,2-dimethylchroman-6-yl)-3-(1,1,4a-trimethyl-2,3,4,4a,9a-hexahydro-1H-xanthen-7-yl)propan-1-one', 'Methyl (E)-6,7,8-trimethoxycinnamate', 'Salacin', 'Viburgenin', ""Pterogynoside; Kaempferol-3-O-(3''-O-4'''-methylgallate-α-L-rhamnoside)"", 'Isobutyl gallate', '7′-multijuguinone', 'Griseofulvin', ""7-Hydroxy-4',6-dimethoxyisoflavone; Afrormosin; Afromosin"", '8-methoxymellein', '(±)-Syringaresinol', 'Cyclo-(L-Pro-L-Val)', 'Acetonide of odoratol', '(−)-Grandisin', '24-methylenecycloartan-3b-ol', '20α-Hydroxymaytenin; 20-hydroxy-20-epi-tingenone', '(-)-Epigallocatechin-3-O-gallate', 'Casearin D; (1R*,3S*,5S*,6aR*,7R*,8R*,9S*,10S*,10aR*)-1-(Acetyloxy)-3,5,6,6a,7,8,9,10-octahydro-5,10-dihydroxy-7,8-dimethyl-7-[(2Z)-3-methylpenta-2,4-dien-1-yl]naphtho[1,8a-c]furan-3,9-diyl Dibutanoate', 'Chalepin', 'Chlorogenic acid', '(4R)-4,8-dihydroxy-α-tetralone', 'Kaempferol', '3-O-β-D-quinovopyranosyl quinovic acid', '2-hydroxyphenylacetic acid', '2-methyl-5-[8(Z)-pentadecenyl]resorcinol']]",doi_name
"['10.1590/S0103-50532010000500016', 'limonexic acid']","['10.1590/S0103-50532010000500016', ['guaiol', 'Hinesol', 'γ-eudesmol', 'α-eudesmol', 'Chlorogenic acid methyl ester, Methyl (1S,3R,4R,5R)-3-{[(2E)-3-(3,4-dihydroxyphenyl)-2-propenoyl]oxy}-1,4,5-trihydroxycyclohexanecarboxylate', 'Galioside aglicone', 'Teucrein', '11-O-trans-feruloylteucrein', 'Galioside', 'Apodanthoside', 'astilbin; Rel-(2R, 3R)-dihydroquercetin-3-O-±-L-rhamnoside', 'Nilocetin', 'Hispidol A', 'cryptomeridiol', 'Iso-odoratol', '3,11-dioxoolean-12-en-28- onic acid', 'Piscidinol A', 'Pentaol', 'Oleanonic acid', 'Beauvericin', 'Anhydrofusarubin', '2-Episesalatin', ""Isoswertisin-2''α1-L-rhamnoside"", 'Sesartemin', 'Clusifoliol', ""Isoswertisin-4'-methyl-ether-2''α-L-rhamnoside"", '(-)-3-O-acetyl-spectaline', '5,7-dimethoxy-2,2-dimethyl-2H-1-benzopyran-6-propanoate', 'Stearic acid 4-pentoyloxyphenethyl ester', 'Citrusinine-II', '3,4-dihydro-3,5,8-trihydroxy-6-methoxy-2,2,7-trimethyl-2Hpyrano[ 2,3-a]acridin-12(7H)-one', 'Pyranofoline', 'Citrusinine-I', '1,3,5-trihydroxy- 2,8-bis(3-methylbut-2-enyl)-10-methyl-9-acridone', 'Glycocitrine-IV', 'Glycocitrine-I', '5-hydroxynoracronycine; Atalaphyllidine', '1,3,5-trihydroxy-4-methoxy-10-methyl- 2,8-bis(3-methylbut-2-enyl)acridin-9(10H)-one', 'Methyl (3R,4R,5R)-3-{[(2E)-3-(3,4-dihydroxyphenyl)-2-propenoyl]oxy}-1,4,5-trihydroxycyclohexanecarboxylate', 'Methyl (3R,4R,5R)-3-{[(2Z)-3-(3,4-dihydroxyphenyl)-2-propenoyl]oxy}-1,4,5-trihydroxycyclohexanecarboxylate', 'Taraxerol acetate', '21α,25-dimethylmelianodiol', '21β,25-dimethylmelianodiol', '3,21-Di-epi-feroniellide B', '(+)-Erythravine', '(+)-11α-Hydroxyerythravine', '(+)-α-Hydroxyerysotrine', 'penduletin 4-O-methyl ether', '3,3-O-dimethylquercetin', '2α,3α,19α- trihydroxyurs-12-en-28-oic acid', 'Chrysoeriol', 'acacetin', '3,7,4-O-trimethylkaempferol', '3-O-methylquercetin', '2α,3α-dihydroxyolean-12- en-28-oic acid', 'p-hydroxybenzoic acid', '2,3-dihydro-4,9-dihydroxy-2-(2-hydroxy-propan-2-yl)- 11-methoxy-10-methylfuro[3,2-b]acridin-5(10H)-one', 'Citibrasine', 'bis-5-hydroxyacronycine', ""3,4-dimethyl-2-(4'-hydroxy-3',5'-dimethoxyphenyl)-5-methoxy-tetrahydrofuran"", 'Methacrylic acid', ""Methyl 4-hydroxy-3-(3'-methyl-2'-hydroxy-3'-butenyl)benzoate"", ""4-Hydroxy-(3',7'-dimethyl-1'-oxo-octa-2'-Z-6'-dienyl)benzoic acid"", ""Aduncumene; Methyl 2-methoxy-5-(3'-methyl-1'-oxo-2'-butenyl)benzoate"", ""Methyl 4-hydroxy-3-(3'-methyl-2'-butenyl)benzoate"", ""Methyl taboganate; Methyl 4-hydroxy-3-(3'-methyl-1'-oxo-2'-butenyl)benzoate"", ""2',6'-Dihydroxy-4'-methoxydihydrochalcone"", 'Piperaduncine B', '3,4,5-Trimethoxydihydrocinnamic acid', ""Hostmaniene; 4-Hydroxy-3-(2',3'-dihydroxy-3'-methylbutyl)benzoate"", ""4-Hydroxy-3-(3',7'-dimethylocta-2'-E-6'-dienyl)benzoic acid"", 'Methyl 2,2-dimethyl-1-oxo-2H-1-benzopyran-6-carboxylate', 'Secoxyloganin', 'Diderroside', ""6'-Acetyl-β-D-glucopyranosyldiderroside"", '7-Methoxydiderroside', 'Turbinatine', 'Cordifoline', '3,4-dehydro-strictosidine', 'Harman-3-carboxylic acid', '5α-carboxystrictosidine', 'Strictosidine acid', '3,4-dehydrostrictosidine acid', 'Deoxycordifoline', '9-hydroxyeugenin', 'Mycoleptone A', 'Mycoleptone B', 'Austdiol diacetate', 'Mycoleptone A tetraacetate', 'Austdiol', 'Eugenitin', '6-methoxyeugenin', 'Nitensidine D', 'Nitensidine E', 'Aphidicolin', 'Dimethyl terephthalate', '8-hydroxy-6-methoxy-3-methylisocoumarin', '(22E,24R)-ergosta-4,6,8(14),22-tetraen-3-one', 'Pimara-7,15-dien-3β-ol', 'Ergosterol peroxide', ""4-Hydroxy-3-(3',7'-dimethyl-3'-hydroxy-1'-oxo-6'-octenyl)benzoic acid"", ""Isosakuranetin; 5,7-dihydroxy-4'-methoxyflavanone"", ""1,4-Dihydroxy-2-(3',7'-dimethyl-1'-oxo-2'-E-6'-octadienyl)benzene"", ""Sakuranetin; 5,4'-dihydroxy-7-methoxyflavanone"", ""4-Hydroxy-(3',7'-dimethyl-1'-oxo-octa-2'-E-6'-dienyl)benzoic acid"", 'Xanthyletin', 'cyclo (L)-Pro-Gly', ""3',4'-methylenedioxy-5,5',6,7-tetramethoxyflavone"", ""2'-hydroxy-3,4,4'-trimethoxy-5',6'-(2'',2''-dimethylpyrano)-chalcone"", ""3',4'-methylenedioxy-5,6,7- trimethoxyflavone"", ""3',4'-methylenedioxy-5,7-dimethoxyflavone"", ""4-Methoxy-3-(3',7'-dimethylocta-2'-E-6'-dienyl)benzoic acid"", ""3-(3',7 '-dimethyl-2',6 '-octadienyl)-4-methoxy-benzoic acid"", 'Methyl-8-hydroxy-2,2-dimethyl-2H-chromene-6-carboxylate', ""3',4',5',3,5,7,8-heptamethoxyflavone"", ""3,5,6,7,3',4',5'-heptamethoxyflavonol"", '4-metoxi-6-[2-(metilamino)fenil]- 2H-piran-2-ona', '2-n-Propylquinoline', ""2-(3',4'-methylenedioxyphenylethyl)-Quinoline"", ""2-(1'-pentenyl)-Quinoline"", '2-n-Pentylquinoline', '5,7-dimethoxy-2,2-dimethyl-2H-1-benzopyran-6-propanoic acid', 'Nectandrin B', 'Epi-guaiacin', 'Verrucosin', '7-Methyl-sargachromenol; 2,7,8-Trimethyl-2-[(3-E,7-Z)-4,12-dimethyl-8-carboxyl-3,7,11-tridecatrienyl]-3-chromen-6-ol, β-caroteno', ""7,4'-Dimethoxyflavone"", '(+)-Guaiacin', 'Sargachromenol', 'Sargaquinoic acid', '17-(3,4-Methylenedioxyphenyl)-heptadecanoic acid', '19´-(3,4-Methylenedioxyphenyl)-nonadecanoic acid', ""7,4'-Dihydroxyflavone"", 'Farnisine', '21´-(3,4-Methylenedioxyphenyl)-henicosanoic acid', ""Juruenolic acid; 2-(4'-Methylpentenyl-3)-10-oxoundecan-2,6-dienoic acid"", 'Fasciculiferin', 'Tithonine', 'Isopimpinellin', '1-methoxy-3-hydroxy-3,10b-4,5a-diepoxy-8b-isobutyroyloxygermacr-11(13)-en-6a,12-olide', 'Tagitinin C', 'α-Gardiol', 'Ferulic acid', 'β-Gardiol', 'Kaempferol-3-O-D-galactopyranoside', 'Kaempferol-3-O-α-L-rhamnopyranosyl-(1→6)-β-D-galactopyranoside', 'Quercetin-3-O-α-L-rhamnopyranosyl-(1→6)-β-D-galactopyranoside', 'Kaempferol-3-O-rutinoside', 'Procyanidin B-3', 'Kaempferol-3-O-α-L-rhamnopyranosyl-(1-6)-α-L-rhamnopyranosyl-(1-4)-β-D-glucopyranoside', 'Kaempferol-3-O-D-glucopyranoside', '6-Hydroxy-rutin', 'Catechin, Ent-catechin', ""Rel-(7R,8S,7'S,8'S)-4',5'-methylenedioxy-3,4,5,3'-tetramethoxy-7,7'-epoxylignan"", ""Rel-(7R,8S,7'S,8'S)-9-hydroxy-4',5'-methylenedioxy-3,4,5,3'-tetramethoxy-7,7'-epoxylignan"", ""Rel-(7R,8S,7'S,8'S)-4,5,4',5'-dimethylenedioxy-3,3'-dimethoxy-7,7'-epoxylignan"", ""Rel-(7R,8S,7'S,8'S)-4'-hydroxy-3,4,5,3',5'-pentamethoxy-7,7'-epoxylignan"", ""Rel-(7R,8S,7'S,8'S)-4-hydroxy-4',5'-methylenedioxy-3,5,3'-trimethoxy-7,7'-epoxylignan"", 'β-caryophyllene, trans-caryophyllene', '(3Z,5Z)-N-isobutyl-8-(30,40-methylenedioxy-phenyl)-heptadienamide', 'Pellitorine', '4,5-dihydropiperlonguminine; Piperlonguminine', '(E)-piplartine', 'Piperine', '10,11-dihydropiperine; Δα,β-dihydropiperine', '8,9-dihydropiplartine; N-(12,13,14-trimethoxydihydrocinnamoyl)-Δ3-pyridin-2-one', '(Z)-piplartine; 8(Z)-N-(12,13, 14-trimethoxycinnamoyl)- 3-pyridin-2-one', ""N-[3-(6'-methoxy-3',4'-methy-lenedioxyphenyl)-2(Z)-propenoyl]pyrrolidine"", '4,5-dihydropiperyline', 'Cusculine; 1,2,3,5,6-pentamethoxy-9-acridone', 'Cuspanine; 1-hydroxy-2,3,5,6-tetramethoxy-9-acridone', '2α,3α-Dihydroxy-urs-12-en-28-oic acid', 'Oleanolic acid 3-sophoroside', '3-O-β-D-(6’-methyl)-glucopyranosyl-28-O-β-D-glucopyranosyl-oleanate', 'Haplotusine', 'β-Sitosterol benzoate', '2-phenyl-4H-chromen-4-one', '5-hydroxyflavone', 'Sinapyl 4-O-β-D-glucopyranoside aldehyde', 'Sinapyl 4-O-β-D-glucopyranoside alcohol', 'N-acetylnonaine', 'Liriodenine', '[10]-gingerol', ""2,4-Dihydroxy-6-[(1'E,3'E)-penta-1', 3'-dienyl]-benzaldehyde"", '2-methyl-5-[8(Z)-pentadecenyl]resorcinol', 'Nitensidine A', '2-hydroxyphenylacetic acid', '3-O-β-D-quinovopyranosyl quinovic acid', ""8-hydroxy-3,5,7,3',4',5'-hexamethoxyflavonol"", 'Kaempferol', '(4R)-4,8-dihydroxy-α-tetralone', 'Chlorogenic acid', 'Odoratol', 'Chalepin', '3β-hydroxy-stigmast-5-en-7-one; 24-β-7-oxositosterol', 'scillascillin', 'Piperol B', '(-)-Hardwickiic acid', '5-[8(Z),11(Z)-pentadecadienyl]resorcinol', 'Leptomerine', '5-hydroxy-N-methylseverifoline', '19,20-Epoxycytochalasin N', 'ellagic acid 4-O-α-L-rhamnopyranoside; eschweilenol C', 'Mayoside C', 'Ourateacatechin', ""3',4',5',5,7-pentamethoxyflavone"", '2-methyl-5-pentadecylresorcinol', 'Isobutyl gallate', '7′-multijuguinone', 'Griseofulvin', ""7-Hydroxy-4',6-dimethoxyisoflavone; Afrormosin; Afromosin"", '8-methoxymellein', '(±)-Syringaresinol', 'Cyclo-(L-Pro-L-Val)', 'Leptophyllin A', '5-pentadecylresorcinol', '19,20-Epoxycytochalasin D', 'fumiquinozoline F', 'Nitensidine B', '1-methyl-2-n-nonyl-4-quinolone', '5-[8(Z),11(Z),14-pentadecatrienyl]resorcinol', 'Gallic acid; 3,4,5-trihydroxybenzoic acid', 'Homoegonol', '[8]-gingerol', '4-Hydroxymellein', '5-hydroxymellein', 'fraxinellonone', 'Dibenzyl sulphide', '(-) Cis-4-hydroxy-6-deoxyscytalone', 'Plumericin', 'Cytochalasin D', 'Isoorientin', 'Pristimerin; 20α-3-hydroxy-2-oxo-24-nor-friedela-1-10,3,5,7-tetraen-carboxylic acid-29-methylester', '3,4,5-trimethoxyphenyl 1-O-β-D-apiofuranosyl-(1→6)-O-β-D-glucopyranoside', 'β-photogedunin', 'n-Butyl gallate', ""5-[3''-(β-D-glucopyranosyloxy)propyl]-7-methoxy-2-(3',4'-dimethoxyphenyl)benzofuran"", '3,12-Dihydroxycadalene', '(-)-Spectalinine', 'Netzahualcoyondiol', 'Maculosidine', 'Podocarpusflavone A', 'Casearupestrin C', '6α-malonyloxy-n-butyl ester manoyl oxide', 'citrusinine-I', 'Ricinine', 'Di-hydrodehydrodiconiferyl alcohol', 'Quercetin', ""2-(2'-O-trans-cinnamoyl)-C-β-D-glucopyranosyl-1,3,6,7-tetrahydroxyxanthone"", 'Kokusaginine', 'Ocotillone', 'des-N-methylnoracronycine', 'Sorbifolin 6-O-β-glucopyranoside', 'Rel-2α-hydroxyzuelanin-6β-benzoate', '2,6-di-O-acetylcasearupestrin D', ""Methyl-2,2-dimethyl-8-(3'-methylbut-2'-enyl)chroman-6-carboxylate"", '2,7-Di-O-acetylcasearupestrin A', 'Kaempferol 3-O-α-L-rhamnopyranosyl (1→6)-O-[β -D-glucopyranosyl (1→3)-O-α-L-rhamnopyranosyl-(1→2)]-O-β -D-glucopyranosyl', '3β-O-[α-L-rhamnopyranosyl-(1→2)-O-β-D-glucopyranosyl-(1→2)-O-β-D-glucopyranosyl]-28-O-β-D-glucopyranoside pomolate', 'Dibenzyl tetrasulphide', ""2',5-dihydroxy-3-methoxy-8-dimethylallyl-6, 7-(2' ',2''-dimethylpyrano)-dihydroflavonol"", '2-n-nonyl-4-quinolone', '7-hydroxy-3- (11-dimethylallyl)-8-methoxycoumarin', ""N-[7-(3',4'-methylenedioxyphenyl)-2(Z),4(Z)-heptadienoyl]pyrrolidine"", ""Acteoside; [β-3,4-dihydroxyphenyl)-ethyl]-(3'-O-α-L-rhamnopyranosyl)-(4'-O-cafeoyl)-β-D-glycopyranoside, verbascoside"", 'urauchimycin A', 'p-Coumaric acid', '(-)-Epigallocatechin', 'Netzahualcoyonol', '1-[3-(3,7-dimethylocta-2,6-dien-1-yl)-2,4,6- trihydroxyphenyl]-3-(4-hydroxyphenyl)propan-1-one', '6α-malonyloxymanoyl oxide', 'Benzylhydroxymethyl sulphide', '1,6-di-O-caffeoyl-β-D-glucopyranoside', '2-methyl-5-[8(Z),11(Z),14-pentadecatrienyl]resorcinol', ""5-(3'' -Hydroxypropyl)-7-methoxy-2-(3',4' -methyl-enedioxyphenyl)benzofuran"", '22β-hydroxypristimerin', '1- (5,7-dihydroxy-2,2-dimethylchroman-6-yl)-3-(2,2-dimethylchroman- 6-yl)propan-1-one', 'Canavaline', 'Photogedunin', 'Casearin X; (1R*,3S*,5S*,6aR*,7S*,8S*,10R*,10aR*)-1-(Acetyloxy)-3,5,6,6a,7,8,9,10-octahydro-10-hydroxy-7,8-dimethyl-7-[(2Z)-3-methylpenta-2,4-dien-1-yl]naphtho[1,8a-c]furan-3,5-diyl Dibutanoate', 'Skimmianine', 'p-hydroxybenzoic acid-geranyl ester', 'Dibenzyl disulphide', '20-hydroxyecdysone; polypodine A', '3-Acetyl aleuritolic acid', 'Alkenoic acid', 'Quercetin 3-O-α-L-rhamnopyranosyl (1→6)-O-[β -D-glucopyranosyl (1→3)-O-α-L-rhamnopyranosyl-(1→2)]-O-β -D-glucopyranosyl', 'Heveaflavone', 'Arboreumine', '3-Oxoursolic acid', 'Casearupestrin B', 'toonacilin', 'Uracil', '1-O-(E)-feruloyl-β-D-glucopyranoside', '6β-hydroxy-7-epigardoside methyl ester', 'Tetrahydropiperyline, N-[10-(13,14-methylenedioxyphenyl)-pentanoyl]-pyrrolidine', 'Piperovatine', '2,4,6-trimethoxybenzoic acid', '1-O-(E)-caffeoyl-β-D-glucopyranoside', 'Quercitrin, 3-O-α-rhamnosylquercetin', 'Caseobliquin A', 'Methyl angolensate', '19,20-Epoxycytochalasin C', 'n-Pentyl gallate', 'Orcinol', 'Periconicin B', 'Phomopsilactone', ""(2S)-8-Isopentyl-2-methyl-2-(4'-methylpentyl)chroman-6-carboxylic acid"", '2,2-dimethyl-2H-chromene-6-carboxylic acid', '1,2-dihydro- 3β-hydroxy-7-deacetoxy-7-oxogedunin', '(R)-7-Hydroxymellein', '6α-acetoxymanoyl oxide', 'Methyl-8-hydroxy-2,2-dimethylchroman-6-carboxylate', '6α-acetoxy-14β,15β-epoxyazadirone', ""2-(R)-Methyl-6-(S)-(tetradecyl-13'-one)-3(R)-O-tert-butyldimethylsilyl-piperidine"", '(2S)-Methyl-2-methyl-8-(3""-methylbut-2""-enyl)-2-(4\'-methylpent-3\'-enyl)-2H-chromene-6-carboxylate', 'Casearin T', 'Piperyline, N-[10-(13,14-methylenedioxyphenyl)-7(E),9(E)-pentadienoyl]-pyrrolidine', 'ω-fenil alcanoic acid', '2-butyl-D-fructofuranoside', ""Gaudichaudianic acid; (2S)-2-methyl-2-(4'methyl-3'-pentenyl)-8-(3''-methyl-2-butenyl)- 2H-1-benzopyran-6-carboxylic acid"", 'Casearin X Dialdehyde; (2R*,4aS*,5S*,7R*,8R*,8aS*)-4,4a-Diformyl-1,2,4a,5,6,7,8,8a-octahydro-5-hydroxy-7,8-dimethyl-8-[(2Z)-3-methylpenta-2,4-dien-1-yl]naphthalen-2-yl Butanoate', 'polypodine B', 'n-Propyl gallate', ""3',4',5',5,7,8-hexamethoxyflavone"", 'Isopropyl gallate', 'Pedalitin', 'Di(benzyltrithio) methane', '3,11,12-Trihydroxycadalene', 'Quercetin 3-O-sophoroside', '(3R,4R)-3,4-Dihydro-4,6-dihydroxy-3-methyl-1-oxo-1H-isochromene-5-carboxylic acid', '24-methylene-3,22-dihydroxycholesterol', 'amorphispironone', 'Casearupestrin D', 'Chaetoglobosin B', ""2-(2'-O-benzoyl)-C-β-D-glucopyranosyl-1,3,6,7-tetrahydroxyxanthone"", 'Isoplumericin', 'α-L-xylopyranosyl-(4""→20)-(3-O-β-D-glucopyranosyl)-1\'-O-E-caffeoyl-β-D-glucopyranoside', 'epoxy-fraxinellone', '12′-hydroxy-7′-multijuguinone', 'Proanthocyanidin', 'neoisoastilbin', 'Kaempferitrin', 'Nitensidine C', 'Dipropyl disulphide', '2-methyl-5-[8(Z),11(Z)-pentadecadienyl]resorcinol', 'Methyl 6,7,8-trimethoxydihydrocinnamate', '2-Hexyl-3-methyl-butanodioic acid', 'fraxinellone', '6-[ 8(Z),11(Z) -pentadecadienyl] salicylic acid', '6-[8(Z)-pentadecenyl]salicylic acid', '(2S)-2-methyl-8-(3""-methylbut-2""-enyl)-2-(4\'-methylpent-3\'-enyl)-2H-chromene-6-carboxylic acid', 'Burchellin', '5-[8(Z)-pentadecenyl]resorcinol', 'Luteolin; 2-(3,4-dihydroxyphenyl)-5,7-dihydroxy-4H-chromen-4-one', 'Sinapic acid', '19,20-Epoxycytochalasin Q', 'limonexic acid', ""(2'S)-2-(propan-2'-ol)-5-hydroxy-benzopyran-4-one"", 'Rel-(+)-(7S,9R,10S)-3,9,12-trihydroxycalamenene', 'Casearin S', '19,20-Epoxycytochalasin R', 'Muraxanthone', 'Odoratone', 'Rel-6β-hydroxyzuelanin-2β-benzoate', 'shidasterone', '5-hydroxymethyl- 2-furancarboxaldehyde; 5-hydroxymethyl-2-furfuraldehyde', 'atalaphyllinine', 'N-[10- (13,14-methylenedioxyphenyl)-7(E)-pentaenoyl]-pyrrolidine', '2-Methyl-5-methoxy-benzopyran-4-one', '3,4-dihydroxybenzoic acid geranyl ester', 'N-[10-(13,14-methylenedioxyphenyl)-7(E),9(Z)-pentadienoyl]-pyrrolidine', 'Gedunin', 'Pedalin, pedalitin 6-O-β -glucopyranoside', ""2-(2'-O-transcoumaroyl)-C-β-D-glucopyranosyl-1,3,6,7-tetrahydroxyxanthone"", 'Syringic acid', '(+)-3-O-feruloylcassine', '1-(5,7-dihydroxy-2,2-dimethylchroman-6-yl)-3-(1,1,4a-trimethyl-2,3,4,4a,9a-hexahydro-1H-xanthen-7-yl)propan-1-one', 'Methyl (E)-6,7,8-trimethoxycinnamate', 'Caseargrewiin F; (1R*,3S*,5S*,6aR*,7S*,8R*,10R*,10aR*)-1,3-Bis(acetyloxy)-3,5,6,6a,7,8,9,10-octahydro-10-hydroxy-7,8-dimethyl-7-[(2Z)-3-methylpenta-2,4-dien-1-yl]naphtho[1,8a-c]furan-5-yl Butanoate', 'Casearin L; (1R*,3S*,5S*,6aR*,7R*,8R*,9S*,10S*,10aR*)-1,10-Bis(acetyloxy)-3,5,6,6a,7,8,9,10-octahydro-9-hydroxy-5-methoxy-7,8-dimethyl-7-[(2Z)-3-methylpenta-2,4-dien-1-yl]naphtho[1,8a-c]-furan-3-yl Butanoate', 'Platydesmine', 'Leiokinine A', 'Cabraleadiol', 'schaftoside', ""(2S)-Methyl-8-isopentyl-2-methyl-2-(4'-methylpentyl)chroman-6-carboxylate"", '3,4,5-Triacetoxybenzoic acid', 'Casearupestrin A', '2-oxo-piperol B; (7S*, 8R*, 1R*, 3R*)-3,4,5-trimethoxy-3,7-cyclo-8,1-neolig-8-ene-2,4(3H)-dione', 'taxifolin', ""Myrsinoic acid A, 3-Geranyl-4-hydroxy-5-(3'',3''-dimethylallyl)benzoic acid"", '20α-Hydroxymaytenin; 20-hydroxy-20-epi-tingenone', '(-)-Epigallocatechin-3-O-gallate', 'Casearin D; (1R*,3S*,5S*,6aR*,7R*,8R*,9S*,10S*,10aR*)-1-(Acetyloxy)-3,5,6,6a,7,8,9,10-octahydro-5,10-dihydroxy-7,8-dimethyl-7-[(2Z)-3-methylpenta-2,4-dien-1-yl]naphtho[1,8a-c]furan-3,9-diyl Dibutanoate', 'Rel. (+)-(7S,10S) 3,12-dihydroxycalamenene', 'carlinoside', '11β-acetoxyobacunone', '1-(5,7-dihydroxy-2,2-dimethylchroman- 6-yl)-3-[4-hydroxy-3-(3-methylbut-2-en-1-yl)- phenyl]propan-1-one', '(3R,4R)-4,7-Dihydroxymellein', ""Nitensoside B; Pedalitin 6-O-α-rhamnopyranosyl(1'''→6'')-β-glucopyranoside"", 'Amentoflavone', 'Methyl gallate', '3-O-β-D-quinovopyranosyl cincholic acid', 'Afzelin, 3-O-α-rhamnosyl kaempferol', 'Egonol', '4-Nerolidilcatechol', 'Syringaldehyde', '22-hydroxytirucalla-7,24-diene-2,3-dione', 'Trans-3’-methylsulphonylallyl trans-cinnamate', '(3-(2-(4-hydroxyphenyl)-2-oxoethyl)-5,6-dihydropyridin- 2(1H)-one)', 'Mangiferin', 'Salacin', 'Viburgenin', ""Pterogynoside; Kaempferol-3-O-(3''-O-4'''-methylgallate-α-L-rhamnoside)"", '3,4,5-Trimethoxyphenyl-1-O-β-D-(5-O-syringoyl)-apiofuranosyl-(1→6)-β-D-glucopyranoside', '6-[8(Z),11(Z),14-pentadecatrienyl]salicylic acid', 'Sorbifolin', ""Nitensoside A; Sorbifolin 6-O-α-rhamnopyranosyl(1'''→6'')-β-glucopyranoside"", 'Casearin O; (1R*,3S*,5S*,6aR*,7R*,8R*,9S*,10S*,10aR*)-1,10-Bis(acetyloxy)-5-methoxy-7,8-dimethyl-7-[(2Z)-3-methylpenta-2,4-dien-1-yl]-3,5,6,6a,7,8,9,10-octahydronaphtho[1,8a-c]furan-3,9-diyl Dibutanoate', 'germacrene D', '6-pentadecylsalicylic acid', 'Methyl-2,2-dimethylchroman-6-carboxylate', ""5-[3''-(β-D-glucopyranosyloxy)propyl]-7-methoxy-2-(3',4'-methylenedioxyphenyl)benzofuran"", '28-O-β-D-glucopyranosyl quinovic acid', '2-Methyl-4-hydroxy-butyl caffeoate', 'N-1,N-2,N-3-Triisopentenylguanidine', 'Dibenzyl trisulphide', 'Maytenin, Tingenone', 'urauchimycin B', ""2-(2'-O-trans-caffeoyl)-C-β-D-glucopyranosyl-1,3,6,7-tetrahydroxyxanthone"", 'Netzahualcoyene', 'Methyl-8-(ethanoyloxy)-2,2-dimethyl-2H-chromene-6-carboxylate', 'arjunolic acid', 'stachysterone', 'Ethyl 2,4-dihydroxy-5,6-dimethylbenzoate', 'Amentoflavone 7”,4”’-dimethyl ether', 'Picramnioside F', 'Lauryl gallate', 'Acetonide of odoratol', '(−)-Grandisin', '24-methylenecycloartan-3b-ol', 'Ixoside', '2β-Hydroxyzuelanin-6β-cinnamate', 'Cognatine', 'Fagaramide']]",doi_name
"['10.1590/S0100-40422012000700020', ""Myrsinoic acid A, 3-Geranyl-4-hydroxy-5-(3'',3''-dimethylallyl)benzoic acid""]","['10.1590/S0100-40422012000700020', ['2α,3α-Dihydroxy-urs-12-en-28-oic acid', '2-phenyl-4H-chromen-4-one', 'β-Sitosterol benzoate', '5-hydroxyflavone', 'Haplotusine', 'Sinapyl 4-O-β-D-glucopyranoside aldehyde', 'Liriodenine', 'Sinapyl 4-O-β-D-glucopyranoside alcohol', 'N-acetylnonaine', 'Oleanolic acid 3-sophoroside', '3-O-β-D-(6’-methyl)-glucopyranosyl-28-O-β-D-glucopyranosyl-oleanate', 'guaiol', 'γ-eudesmol', 'Hinesol', 'α-eudesmol', ""3',4',5',3,5,7,8-heptamethoxyflavone"", ""3,5,6,7,3',4',5'-heptamethoxyflavonol"", 'Teucrein', '11-O-trans-feruloylteucrein', 'Galioside aglicone', 'Apodanthoside', 'Galioside', 'Procyanidin B-3', 'Kaempferol-3-O-D-glucopyranoside', 'Kaempferol-3-O-D-galactopyranoside', 'Quercetin-3-O-α-L-rhamnopyranosyl-(1→6)-β-D-galactopyranoside', '6-Hydroxy-rutin', 'Kaempferol-3-O-α-L-rhamnopyranosyl-(1-6)-α-L-rhamnopyranosyl-(1-4)-β-D-glucopyranoside', 'Kaempferol-3-O-rutinoside', 'Catechin, Ent-catechin', 'Kaempferol-3-O-α-L-rhamnopyranosyl-(1→6)-β-D-galactopyranoside', '5,7-dimethoxy-2,2-dimethyl-2H-1-benzopyran-6-propanoic acid', 'Anhydrofusarubin', 'Beauvericin', 'Methyl (3R,4R,5R)-3-{[(2Z)-3-(3,4-dihydroxyphenyl)-2-propenoyl]oxy}-1,4,5-trihydroxycyclohexanecarboxylate', 'Methyl (3R,4R,5R)-3-{[(2E)-3-(3,4-dihydroxyphenyl)-2-propenoyl]oxy}-1,4,5-trihydroxycyclohexanecarboxylate', '(+)-Guaiacin', 'Sargachromenol', '19´-(3,4-Methylenedioxyphenyl)-nonadecanoic acid', ""7,4'-Dihydroxyflavone"", 'Sargaquinoic acid', '17-(3,4-Methylenedioxyphenyl)-heptadecanoic acid', ""7,4'-Dimethoxyflavone"", '21´-(3,4-Methylenedioxyphenyl)-henicosanoic acid', 'Farnisine', 'Tithonine', ""Juruenolic acid; 2-(4'-Methylpentenyl-3)-10-oxoundecan-2,6-dienoic acid"", 'Fasciculiferin', 'Chlorogenic acid methyl ester, Methyl (1S,3R,4R,5R)-3-{[(2E)-3-(3,4-dihydroxyphenyl)-2-propenoyl]oxy}-1,4,5-trihydroxycyclohexanecarboxylate', '5,7-dimethoxy-2,2-dimethyl-2H-1-benzopyran-6-propanoate', '(22E,24R)-ergosta-4,6,8(14),22-tetraen-3-one', 'Dimethyl terephthalate', 'Pimara-7,15-dien-3β-ol', 'Ergosterol peroxide', '8-hydroxy-6-methoxy-3-methylisocoumarin', ""4-Hydroxy-3-(3',7'-dimethyl-3'-hydroxy-1'-oxo-6'-octenyl)benzoic acid"", ""1,4-Dihydroxy-2-(3',7'-dimethyl-1'-oxo-2'-E-6'-octadienyl)benzene"", ""4-Hydroxy-(3',7'-dimethyl-1'-oxo-octa-2'-E-6'-dienyl)benzoic acid"", ""Sakuranetin; 5,4'-dihydroxy-7-methoxyflavanone"", ""Isosakuranetin; 5,7-dihydroxy-4'-methoxyflavanone"", '4,5-dihydropiperlonguminine; Piperlonguminine', '8,9-dihydropiplartine; N-(12,13,14-trimethoxydihydrocinnamoyl)-Δ3-pyridin-2-one', '(Z)-piplartine; 8(Z)-N-(12,13, 14-trimethoxycinnamoyl)- 3-pyridin-2-one', '4,5-dihydropiperyline', 'Piperine', '10,11-dihydropiperine; Δα,β-dihydropiperine', ""N-[3-(6'-methoxy-3',4'-methy-lenedioxyphenyl)-2(Z)-propenoyl]pyrrolidine"", '(E)-piplartine', '(3Z,5Z)-N-isobutyl-8-(30,40-methylenedioxy-phenyl)-heptadienamide', 'Pellitorine', '(+)-11α-Hydroxyerythravine', '(+)-Erythravine', '(+)-α-Hydroxyerysotrine', ""Isoswertisin-4'-methyl-ether-2''α-L-rhamnoside"", 'Clusifoliol', '2-Episesalatin', ""Isoswertisin-2''α1-L-rhamnoside"", 'Sesartemin', 'Secoxyloganin', '7-Methoxydiderroside', 'Diderroside', ""6'-Acetyl-β-D-glucopyranosyldiderroside"", 'Methacrylic acid', ""Aduncumene; Methyl 2-methoxy-5-(3'-methyl-1'-oxo-2'-butenyl)benzoate"", ""Methyl 4-hydroxy-3-(3'-methyl-2'-hydroxy-3'-butenyl)benzoate"", ""4-Hydroxy-(3',7'-dimethyl-1'-oxo-octa-2'-Z-6'-dienyl)benzoic acid"", 'Piperaduncine B', ""Hostmaniene; 4-Hydroxy-3-(2',3'-dihydroxy-3'-methylbutyl)benzoate"", ""2',6'-Dihydroxy-4'-methoxydihydrochalcone"", ""4-Hydroxy-3-(3',7'-dimethylocta-2'-E-6'-dienyl)benzoic acid"", 'Methyl 2,2-dimethyl-1-oxo-2H-1-benzopyran-6-carboxylate', ""Methyl 4-hydroxy-3-(3'-methyl-2'-butenyl)benzoate"", '3,4,5-Trimethoxydihydrocinnamic acid', ""Methyl taboganate; Methyl 4-hydroxy-3-(3'-methyl-1'-oxo-2'-butenyl)benzoate"", 'Isopimpinellin', 'Glycocitrine-I', '1,3,5-trihydroxy- 2,8-bis(3-methylbut-2-enyl)-10-methyl-9-acridone', 'Glycocitrine-IV', '3,4-dihydro-3,5,8-trihydroxy-6-methoxy-2,2,7-trimethyl-2Hpyrano[ 2,3-a]acridin-12(7H)-one', 'Citrusinine-II', 'Citrusinine-I', '5-hydroxynoracronycine; Atalaphyllidine', '1,3,5-trihydroxy-4-methoxy-10-methyl- 2,8-bis(3-methylbut-2-enyl)acridin-9(10H)-one', 'Pyranofoline', 'Mycoleptone A', '9-hydroxyeugenin', 'Mycoleptone A tetraacetate', 'Eugenitin', 'Austdiol', '6-methoxyeugenin', 'Austdiol diacetate', 'Mycoleptone B', 'Taraxerol acetate', '(-)-3-O-acetyl-spectaline', '4-metoxi-6-[2-(metilamino)fenil]- 2H-piran-2-ona', 'Aphidicolin', ""3,4-dimethyl-2-(4'-hydroxy-3',5'-dimethoxyphenyl)-5-methoxy-tetrahydrofuran"", 'astilbin; Rel-(2R, 3R)-dihydroquercetin-3-O-±-L-rhamnoside', '1-methoxy-3-hydroxy-3,10b-4,5a-diepoxy-8b-isobutyroyloxygermacr-11(13)-en-6a,12-olide', 'Tagitinin C', 'cyclo (L)-Pro-Gly', 'Nitensidine D', 'Nitensidine E', '3,3-O-dimethylquercetin', '2α,3α,19α- trihydroxyurs-12-en-28-oic acid', 'penduletin 4-O-methyl ether', 'acacetin', 'Chrysoeriol', '3-O-methylquercetin', '3,7,4-O-trimethylkaempferol', 'p-hydroxybenzoic acid', '2α,3α-dihydroxyolean-12- en-28-oic acid', ""3-(3',7 '-dimethyl-2',6 '-octadienyl)-4-methoxy-benzoic acid"", 'Methyl-8-hydroxy-2,2-dimethyl-2H-chromene-6-carboxylate', ""4-Methoxy-3-(3',7'-dimethylocta-2'-E-6'-dienyl)benzoic acid"", 'Stearic acid 4-pentoyloxyphenethyl ester', 'Nilocetin', 'Hispidol A', '3,11-dioxoolean-12-en-28- onic acid', 'Pentaol', 'cryptomeridiol', 'Iso-odoratol', 'Piscidinol A', 'Oleanonic acid', ""2-(3',4'-methylenedioxyphenylethyl)-Quinoline"", '2-n-Pentylquinoline', '2-n-Propylquinoline', ""2-(1'-pentenyl)-Quinoline"", ""Rel-(7R,8S,7'S,8'S)-4'-hydroxy-3,4,5,3',5'-pentamethoxy-7,7'-epoxylignan"", ""Rel-(7R,8S,7'S,8'S)-9-hydroxy-4',5'-methylenedioxy-3,4,5,3'-tetramethoxy-7,7'-epoxylignan"", ""Rel-(7R,8S,7'S,8'S)-4-hydroxy-4',5'-methylenedioxy-3,5,3'-trimethoxy-7,7'-epoxylignan"", ""Rel-(7R,8S,7'S,8'S)-4',5'-methylenedioxy-3,4,5,3'-tetramethoxy-7,7'-epoxylignan"", ""Rel-(7R,8S,7'S,8'S)-4,5,4',5'-dimethylenedioxy-3,3'-dimethoxy-7,7'-epoxylignan"", ""3',4'-methylenedioxy-5,5',6,7-tetramethoxyflavone"", ""2'-hydroxy-3,4,4'-trimethoxy-5',6'-(2'',2''-dimethylpyrano)-chalcone"", ""3',4'-methylenedioxy-5,6,7- trimethoxyflavone"", ""3',4'-methylenedioxy-5,7-dimethoxyflavone"", 'Turbinatine', '3,4-dehydrostrictosidine acid', '5α-carboxystrictosidine', '3,4-dehydro-strictosidine', 'Harman-3-carboxylic acid', 'Cordifoline', 'Strictosidine acid', 'Deoxycordifoline', 'Xanthyletin', 'Ferulic acid', 'β-Gardiol', 'α-Gardiol', 'Epi-guaiacin', 'Verrucosin', 'Nectandrin B', '7-Methyl-sargachromenol; 2,7,8-Trimethyl-2-[(3-E,7-Z)-4,12-dimethyl-8-carboxyl-3,7,11-tridecatrienyl]-3-chromen-6-ol, β-caroteno', '21α,25-dimethylmelianodiol', '21β,25-dimethylmelianodiol', '3,21-Di-epi-feroniellide B', '2,3-dihydro-4,9-dihydroxy-2-(2-hydroxy-propan-2-yl)- 11-methoxy-10-methylfuro[3,2-b]acridin-5(10H)-one', 'bis-5-hydroxyacronycine', 'Citibrasine', 'β-caryophyllene, trans-caryophyllene', 'Cusculine; 1,2,3,5,6-pentamethoxy-9-acridone', 'Cuspanine; 1-hydroxy-2,3,5,6-tetramethoxy-9-acridone', '[10]-gingerol', ""2,4-Dihydroxy-6-[(1'E,3'E)-penta-1', 3'-dienyl]-benzaldehyde"", '2-methyl-5-[8(Z)-pentadecenyl]resorcinol', 'Kaempferol', '2-hydroxyphenylacetic acid', '3β-hydroxy-stigmast-5-en-7-one; 24-β-7-oxositosterol', 'Piperol B', '(-)-Hardwickiic acid', ""5-[3''-(β-D-glucopyranosyloxy)propyl]-7-methoxy-2-(3',4'-methylenedioxyphenyl)benzofuran"", '28-O-β-D-glucopyranosyl quinovic acid', '2-Methyl-4-hydroxy-butyl caffeoate', 'N-1,N-2,N-3-Triisopentenylguanidine', 'Dibenzyl trisulphide', 'Maytenin, Tingenone', 'Kokusaginine', ""2-(2'-O-trans-caffeoyl)-C-β-D-glucopyranosyl-1,3,6,7-tetrahydroxyxanthone"", 'Leptomerine', '5-hydroxy-N-methylseverifoline', '19,20-Epoxycytochalasin N', 'ellagic acid 4-O-α-L-rhamnopyranoside; eschweilenol C', 'Mayoside C', 'Ourateacatechin', ""3',4',5',5,7-pentamethoxyflavone"", '2-methyl-5-pentadecylresorcinol', 'Griseofulvin', ""7-Hydroxy-4',6-dimethoxyisoflavone; Afrormosin; Afromosin"", '8-methoxymellein', '(±)-Syringaresinol', 'Cyclo-(L-Pro-L-Val)', 'Acetonide of odoratol', '(−)-Grandisin', '24-methylenecycloartan-3b-ol', '5-[8(Z),11(Z),14-pentadecatrienyl]resorcinol', 'urauchimycin B', 'Homoegonol', '[8]-gingerol', '4-Hydroxymellein', '5-hydroxymellein', 'fraxinellonone', 'Dibenzyl sulphide', '(-) Cis-4-hydroxy-6-deoxyscytalone', 'Plumericin', '5-[8(Z),11(Z)-pentadecadienyl]resorcinol', '(-)-Spectalinine', '3-O-β-D-quinovopyranosyl quinovic acid', 'Nitensidine A', ""8-hydroxy-3,5,7,3',4',5'-hexamethoxyflavonol"", 'Odoratol', '7-hydroxy-3- (11-dimethylallyl)-8-methoxycoumarin', ""N-[7-(3',4'-methylenedioxyphenyl)-2(Z),4(Z)-heptadienoyl]pyrrolidine"", 'Maculosidine', 'Podocarpusflavone A', 'Casearupestrin C', '6α-malonyloxy-n-butyl ester manoyl oxide', 'citrusinine-I', 'Ricinine', 'Leptophyllin A', '5-pentadecylresorcinol', '19,20-Epoxycytochalasin D', 'fumiquinozoline F', 'Kaempferol 3-O-α-L-rhamnopyranosyl (1→6)-O-[β -D-glucopyranosyl (1→3)-O-α-L-rhamnopyranosyl-(1→2)]-O-β -D-glucopyranosyl', '2,7-Di-O-acetylcasearupestrin A', 'Nitensidine B', '1-methyl-2-n-nonyl-4-quinolone', 'Rel-2α-hydroxyzuelanin-6β-benzoate', '2,6-di-O-acetylcasearupestrin D', ""Methyl-2,2-dimethyl-8-(3'-methylbut-2'-enyl)chroman-6-carboxylate"", '3β-O-[α-L-rhamnopyranosyl-(1→2)-O-β-D-glucopyranosyl-(1→2)-O-β-D-glucopyranosyl]-28-O-β-D-glucopyranoside pomolate', 'Dibenzyl tetrasulphide', ""2',5-dihydroxy-3-methoxy-8-dimethylallyl-6, 7-(2' ',2''-dimethylpyrano)-dihydroflavonol"", '2-n-nonyl-4-quinolone', 'Cytochalasin D', 'Isoorientin', 'Netzahualcoyondiol', 'Pristimerin; 20α-3-hydroxy-2-oxo-24-nor-friedela-1-10,3,5,7-tetraen-carboxylic acid-29-methylester', '3,4,5-trimethoxyphenyl 1-O-β-D-apiofuranosyl-(1→6)-O-β-D-glucopyranoside', 'β-photogedunin', 'n-Butyl gallate', ""5-[3''-(β-D-glucopyranosyloxy)propyl]-7-methoxy-2-(3',4'-dimethoxyphenyl)benzofuran"", '3,12-Dihydroxycadalene', '2-methyl-5-[8(Z),11(Z),14-pentadecatrienyl]resorcinol', '20-hydroxyecdysone; polypodine A', '3-Acetyl aleuritolic acid', 'Alkenoic acid', 'Caseobliquin A', 'Methyl angolensate', ""5-(3'' -Hydroxypropyl)-7-methoxy-2-(3',4' -methyl-enedioxyphenyl)benzofuran"", '22β-hydroxypristimerin', '1- (5,7-dihydroxy-2,2-dimethylchroman-6-yl)-3-(2,2-dimethylchroman- 6-yl)propan-1-one', 'Canavaline', 'Di-hydrodehydrodiconiferyl alcohol', 'Quercetin', ""2-(2'-O-trans-cinnamoyl)-C-β-D-glucopyranosyl-1,3,6,7-tetrahydroxyxanthone"", 'Ocotillone', 'des-N-methylnoracronycine', 'Sorbifolin 6-O-β-glucopyranoside', '19,20-Epoxycytochalasin C', 'n-Pentyl gallate', 'Orcinol', 'Periconicin B', 'Phomopsilactone', ""(2S)-8-Isopentyl-2-methyl-2-(4'-methylpentyl)chroman-6-carboxylic acid"", ""Acteoside; [β-3,4-dihydroxyphenyl)-ethyl]-(3'-O-α-L-rhamnopyranosyl)-(4'-O-cafeoyl)-β-D-glycopyranoside, verbascoside"", 'Uracil', 'urauchimycin A', 'p-Coumaric acid', '(-)-Epigallocatechin', 'Netzahualcoyonol', '1-[3-(3,7-dimethylocta-2,6-dien-1-yl)-2,4,6- trihydroxyphenyl]-3-(4-hydroxyphenyl)propan-1-one', '6α-malonyloxymanoyl oxide', 'Benzylhydroxymethyl sulphide', '1,6-di-O-caffeoyl-β-D-glucopyranoside', 'p-hydroxybenzoic acid-geranyl ester', 'Dibenzyl disulphide', 'Proanthocyanidin', 'neoisoastilbin', '(R)-7-Hydroxymellein', '6α-acetoxymanoyl oxide', 'Methyl-8-hydroxy-2,2-dimethylchroman-6-carboxylate', 'α-L-xylopyranosyl-(4""→20)-(3-O-β-D-glucopyranosyl)-1\'-O-E-caffeoyl-β-D-glucopyranoside', 'Quercetin 3-O-α-L-rhamnopyranosyl (1→6)-O-[β -D-glucopyranosyl (1→3)-O-α-L-rhamnopyranosyl-(1→2)]-O-β -D-glucopyranosyl', 'Heveaflavone', 'Arboreumine', '3-Oxoursolic acid', 'Casearupestrin B', 'toonacilin', 'Pedalitin', '1-O-(E)-feruloyl-β-D-glucopyranoside', 'Piperyline, N-[10-(13,14-methylenedioxyphenyl)-7(E),9(E)-pentadienoyl]-pyrrolidine', 'ω-fenil alcanoic acid', '2-butyl-D-fructofuranoside', ""Gaudichaudianic acid; (2S)-2-methyl-2-(4'methyl-3'-pentenyl)-8-(3''-methyl-2-butenyl)- 2H-1-benzopyran-6-carboxylic acid"", 'limonexic acid', 'Di(benzyltrithio) methane', '3,11,12-Trihydroxycadalene', 'Quercetin 3-O-sophoroside', '(3R,4R)-3,4-Dihydro-4,6-dihydroxy-3-methyl-1-oxo-1H-isochromene-5-carboxylic acid', '24-methylene-3,22-dihydroxycholesterol', 'amorphispironone', '2,2-dimethyl-2H-chromene-6-carboxylic acid', '1,2-dihydro- 3β-hydroxy-7-deacetoxy-7-oxogedunin', 'Photogedunin', 'Casearin X; (1R*,3S*,5S*,6aR*,7S*,8S*,10R*,10aR*)-1-(Acetyloxy)-3,5,6,6a,7,8,9,10-octahydro-10-hydroxy-7,8-dimethyl-7-[(2Z)-3-methylpenta-2,4-dien-1-yl]naphtho[1,8a-c]furan-3,5-diyl Dibutanoate', 'Skimmianine', 'Casearupestrin D', 'Chaetoglobosin B', ""2-(2'-O-benzoyl)-C-β-D-glucopyranosyl-1,3,6,7-tetrahydroxyxanthone"", 'Isoplumericin', 'N-[10-(13,14-methylenedioxyphenyl)-7(E),9(Z)-pentadienoyl]-pyrrolidine', '6-[8(Z)-pentadecenyl]salicylic acid', '(2S)-2-methyl-8-(3""-methylbut-2""-enyl)-2-(4\'-methylpent-3\'-enyl)-2H-chromene-6-carboxylic acid', 'Burchellin', '5-[8(Z)-pentadecenyl]resorcinol', 'Luteolin; 2-(3,4-dihydroxyphenyl)-5,7-dihydroxy-4H-chromen-4-one', 'Sinapic acid', '19,20-Epoxycytochalasin Q', '19,20-Epoxycytochalasin R', ""2-(R)-Methyl-6-(S)-(tetradecyl-13'-one)-3(R)-O-tert-butyldimethylsilyl-piperidine"", '(2S)-Methyl-2-methyl-8-(3""-methylbut-2""-enyl)-2-(4\'-methylpent-3\'-enyl)-2H-chromene-6-carboxylate', 'Casearin T', '2-Hexyl-3-methyl-butanodioic acid', 'fraxinellone', '6-[ 8(Z),11(Z) -pentadecadienyl] salicylic acid', '3,4,5-Triacetoxybenzoic acid', 'Odoratone', 'polypodine B', 'n-Propyl gallate', ""3',4',5',5,7,8-hexamethoxyflavone"", 'Isopropyl gallate', '6β-hydroxy-7-epigardoside methyl ester', 'Tetrahydropiperyline, N-[10-(13,14-methylenedioxyphenyl)-pentanoyl]-pyrrolidine', 'Piperovatine', '2,4,6-trimethoxybenzoic acid', '1-O-(E)-caffeoyl-β-D-glucopyranoside', 'Gallic acid; 3,4,5-trihydroxybenzoic acid', 'Quercitrin, 3-O-α-rhamnosylquercetin', '2-Methyl-5-methoxy-benzopyran-4-one', '3,4-dihydroxybenzoic acid geranyl ester', 'Gedunin', 'Pedalin, pedalitin 6-O-β -glucopyranoside', 'Caseargrewiin F; (1R*,3S*,5S*,6aR*,7S*,8R*,10R*,10aR*)-1,3-Bis(acetyloxy)-3,5,6,6a,7,8,9,10-octahydro-10-hydroxy-7,8-dimethyl-7-[(2Z)-3-methylpenta-2,4-dien-1-yl]naphtho[1,8a-c]furan-5-yl Butanoate', 'Casearin L; (1R*,3S*,5S*,6aR*,7R*,8R*,9S*,10S*,10aR*)-1,10-Bis(acetyloxy)-3,5,6,6a,7,8,9,10-octahydro-9-hydroxy-5-methoxy-7,8-dimethyl-7-[(2Z)-3-methylpenta-2,4-dien-1-yl]naphtho[1,8a-c]-furan-3-yl Butanoate', 'Platydesmine', 'Muraxanthone', '6α-acetoxy-14β,15β-epoxyazadirone', 'epoxy-fraxinellone', '12′-hydroxy-7′-multijuguinone', 'Kaempferitrin', 'Nitensidine C', 'Dipropyl disulphide', '2-methyl-5-[8(Z),11(Z)-pentadecadienyl]resorcinol', 'Methyl 6,7,8-trimethoxydihydrocinnamate', 'Casearupestrin A', '2-oxo-piperol B; (7S*, 8R*, 1R*, 3R*)-3,4,5-trimethoxy-3,7-cyclo-8,1-neolig-8-ene-2,4(3H)-dione', 'taxifolin', ""(2'S)-2-(propan-2'-ol)-5-hydroxy-benzopyran-4-one"", 'Rel-(+)-(7S,9R,10S)-3,9,12-trihydroxycalamenene', 'Casearin S', '11β-acetoxyobacunone', '1-(5,7-dihydroxy-2,2-dimethylchroman- 6-yl)-3-[4-hydroxy-3-(3-methylbut-2-en-1-yl)- phenyl]propan-1-one', '(3R,4R)-4,7-Dihydroxymellein', ""Nitensoside B; Pedalitin 6-O-α-rhamnopyranosyl(1'''→6'')-β-glucopyranoside"", 'Methyl gallate', 'Rel-6β-hydroxyzuelanin-2β-benzoate', 'shidasterone', '5-hydroxymethyl- 2-furancarboxaldehyde; 5-hydroxymethyl-2-furfuraldehyde', 'atalaphyllinine', 'N-[10- (13,14-methylenedioxyphenyl)-7(E)-pentaenoyl]-pyrrolidine', '3-O-β-D-quinovopyranosyl cincholic acid', 'Afzelin, 3-O-α-rhamnosyl kaempferol', 'Egonol', '4-Nerolidilcatechol', ""2-(2'-O-transcoumaroyl)-C-β-D-glucopyranosyl-1,3,6,7-tetrahydroxyxanthone"", 'Syringic acid', '(+)-3-O-feruloylcassine', 'Salacin', '6-pentadecylsalicylic acid', 'Methyl-2,2-dimethylchroman-6-carboxylate', ""Myrsinoic acid A, 3-Geranyl-4-hydroxy-5-(3'',3''-dimethylallyl)benzoic acid"", '20α-Hydroxymaytenin; 20-hydroxy-20-epi-tingenone', 'Leiokinine A', 'Cabraleadiol', 'schaftoside', ""(2S)-Methyl-8-isopentyl-2-methyl-2-(4'-methylpentyl)chroman-6-carboxylate"", '7′-multijuguinone', '(-)-Epigallocatechin-3-O-gallate', 'Casearin D; (1R*,3S*,5S*,6aR*,7R*,8R*,9S*,10S*,10aR*)-1-(Acetyloxy)-3,5,6,6a,7,8,9,10-octahydro-5,10-dihydroxy-7,8-dimethyl-7-[(2Z)-3-methylpenta-2,4-dien-1-yl]naphtho[1,8a-c]furan-3,9-diyl Dibutanoate', 'Rel. (+)-(7S,10S) 3,12-dihydroxycalamenene', 'carlinoside', 'Methyl-8-(ethanoyloxy)-2,2-dimethyl-2H-chromene-6-carboxylate', 'Amentoflavone', '1-(5,7-dihydroxy-2,2-dimethylchroman-6-yl)-3-(1,1,4a-trimethyl-2,3,4,4a,9a-hexahydro-1H-xanthen-7-yl)propan-1-one', 'Methyl (E)-6,7,8-trimethoxycinnamate', '3,4,5-Trimethoxyphenyl-1-O-β-D-(5-O-syringoyl)-apiofuranosyl-(1→6)-β-D-glucopyranoside', '6-[8(Z),11(Z),14-pentadecatrienyl]salicylic acid', 'Sorbifolin', ""Nitensoside A; Sorbifolin 6-O-α-rhamnopyranosyl(1'''→6'')-β-glucopyranoside"", 'Casearin O; (1R*,3S*,5S*,6aR*,7R*,8R*,9S*,10S*,10aR*)-1,10-Bis(acetyloxy)-5-methoxy-7,8-dimethyl-7-[(2Z)-3-methylpenta-2,4-dien-1-yl]-3,5,6,6a,7,8,9,10-octahydronaphtho[1,8a-c]furan-3,9-diyl Dibutanoate', 'germacrene D', '2β-Hydroxyzuelanin-6β-cinnamate', 'Netzahualcoyene', 'Casearin X Dialdehyde; (2R*,4aS*,5S*,7R*,8R*,8aS*)-4,4a-Diformyl-1,2,4a,5,6,7,8,8a-octahydro-5-hydroxy-7,8-dimethyl-8-[(2Z)-3-methylpenta-2,4-dien-1-yl]naphthalen-2-yl Butanoate', 'arjunolic acid', 'stachysterone', 'Ethyl 2,4-dihydroxy-5,6-dimethylbenzoate', 'Amentoflavone 7”,4”’-dimethyl ether', 'Picramnioside F', 'Lauryl gallate', 'Syringaldehyde', '22-hydroxytirucalla-7,24-diene-2,3-dione', 'Trans-3’-methylsulphonylallyl trans-cinnamate', '(3-(2-(4-hydroxyphenyl)-2-oxoethyl)-5,6-dihydropyridin- 2(1H)-one)', 'Mangiferin', 'Viburgenin', ""Pterogynoside; Kaempferol-3-O-(3''-O-4'''-methylgallate-α-L-rhamnoside)"", 'Isobutyl gallate', 'Ixoside', 'Cognatine', 'Fagaramide', 'Chalepin', 'Chlorogenic acid', 'scillascillin', '(4R)-4,8-dihydroxy-α-tetralone']]",doi_name
"['10.1016/j.phytochem.2005.06.019', '1-O-(E)-feruloyl-β-D-glucopyranoside']","['10.1016/j.phytochem.2005.06.019', ['Galioside aglicone', 'Teucrein', '11-O-trans-feruloylteucrein', 'Apodanthoside', 'Galioside', 'guaiol', 'Hinesol', 'γ-eudesmol', 'α-eudesmol', ""3',4'-methylenedioxy-5,7-dimethoxyflavone"", ""3',4'-methylenedioxy-5,6,7- trimethoxyflavone"", ""3',4'-methylenedioxy-5,5',6,7-tetramethoxyflavone"", ""2'-hydroxy-3,4,4'-trimethoxy-5',6'-(2'',2''-dimethylpyrano)-chalcone"", 'Mycoleptone A', '9-hydroxyeugenin', '6-methoxyeugenin', 'Eugenitin', 'Austdiol', 'Mycoleptone B', 'Mycoleptone A tetraacetate', 'Austdiol diacetate', ""Rel-(7R,8S,7'S,8'S)-4,5,4',5'-dimethylenedioxy-3,3'-dimethoxy-7,7'-epoxylignan"", ""Rel-(7R,8S,7'S,8'S)-9-hydroxy-4',5'-methylenedioxy-3,4,5,3'-tetramethoxy-7,7'-epoxylignan"", ""Rel-(7R,8S,7'S,8'S)-4'-hydroxy-3,4,5,3',5'-pentamethoxy-7,7'-epoxylignan"", ""Rel-(7R,8S,7'S,8'S)-4-hydroxy-4',5'-methylenedioxy-3,5,3'-trimethoxy-7,7'-epoxylignan"", ""Rel-(7R,8S,7'S,8'S)-4',5'-methylenedioxy-3,4,5,3'-tetramethoxy-7,7'-epoxylignan"", '7-Methoxydiderroside', ""6'-Acetyl-β-D-glucopyranosyldiderroside"", 'Diderroside', 'Secoxyloganin', ""4-Methoxy-3-(3',7'-dimethylocta-2'-E-6'-dienyl)benzoic acid"", ""3-(3',7 '-dimethyl-2',6 '-octadienyl)-4-methoxy-benzoic acid"", 'Methyl-8-hydroxy-2,2-dimethyl-2H-chromene-6-carboxylate', 'Ferulic acid', 'β-Gardiol', 'α-Gardiol', 'Citrusinine-II', '5-hydroxynoracronycine; Atalaphyllidine', 'Glycocitrine-I', '3,4-dihydro-3,5,8-trihydroxy-6-methoxy-2,2,7-trimethyl-2Hpyrano[ 2,3-a]acridin-12(7H)-one', '1,3,5-trihydroxy- 2,8-bis(3-methylbut-2-enyl)-10-methyl-9-acridone', '1,3,5-trihydroxy-4-methoxy-10-methyl- 2,8-bis(3-methylbut-2-enyl)acridin-9(10H)-one', 'Pyranofoline', 'Citrusinine-I', 'Glycocitrine-IV', '2,3-dihydro-4,9-dihydroxy-2-(2-hydroxy-propan-2-yl)- 11-methoxy-10-methylfuro[3,2-b]acridin-5(10H)-one', 'bis-5-hydroxyacronycine', 'Citibrasine', 'Pellitorine', '(3Z,5Z)-N-isobutyl-8-(30,40-methylenedioxy-phenyl)-heptadienamide', '10,11-dihydropiperine; Δα,β-dihydropiperine', '8,9-dihydropiplartine; N-(12,13,14-trimethoxydihydrocinnamoyl)-Δ3-pyridin-2-one', '4,5-dihydropiperyline', '(Z)-piplartine; 8(Z)-N-(12,13, 14-trimethoxycinnamoyl)- 3-pyridin-2-one', '4,5-dihydropiperlonguminine; Piperlonguminine', 'Piperine', '(E)-piplartine', ""N-[3-(6'-methoxy-3',4'-methy-lenedioxyphenyl)-2(Z)-propenoyl]pyrrolidine"", '5,7-dimethoxy-2,2-dimethyl-2H-1-benzopyran-6-propanoate', '21α,25-dimethylmelianodiol', '21β,25-dimethylmelianodiol', '3,21-Di-epi-feroniellide B', 'Nectandrin B', '7-Methyl-sargachromenol; 2,7,8-Trimethyl-2-[(3-E,7-Z)-4,12-dimethyl-8-carboxyl-3,7,11-tridecatrienyl]-3-chromen-6-ol, β-caroteno', 'Epi-guaiacin', 'Verrucosin', 'Chlorogenic acid methyl ester, Methyl (1S,3R,4R,5R)-3-{[(2E)-3-(3,4-dihydroxyphenyl)-2-propenoyl]oxy}-1,4,5-trihydroxycyclohexanecarboxylate', 'Xanthyletin', '2α,3α,19α- trihydroxyurs-12-en-28-oic acid', 'penduletin 4-O-methyl ether', '3,3-O-dimethylquercetin', '2α,3α-dihydroxyolean-12- en-28-oic acid', 'p-hydroxybenzoic acid', '3-O-methylquercetin', 'Chrysoeriol', 'acacetin', '3,7,4-O-trimethylkaempferol', 'cyclo (L)-Pro-Gly', '17-(3,4-Methylenedioxyphenyl)-heptadecanoic acid', 'Sargaquinoic acid', '(+)-Guaiacin', '19´-(3,4-Methylenedioxyphenyl)-nonadecanoic acid', ""7,4'-Dihydroxyflavone"", 'Sargachromenol', '21´-(3,4-Methylenedioxyphenyl)-henicosanoic acid', ""7,4'-Dimethoxyflavone"", 'Farnisine', 'Tithonine', 'Fasciculiferin', ""Juruenolic acid; 2-(4'-Methylpentenyl-3)-10-oxoundecan-2,6-dienoic acid"", ""2-(3',4'-methylenedioxyphenylethyl)-Quinoline"", '2-n-Pentylquinoline', ""2-(1'-pentenyl)-Quinoline"", '2-n-Propylquinoline', 'Aphidicolin', '5,7-dimethoxy-2,2-dimethyl-2H-1-benzopyran-6-propanoic acid', '(-)-3-O-acetyl-spectaline', 'Isopimpinellin', 'Anhydrofusarubin', 'Beauvericin', 'Catechin, Ent-catechin', 'Kaempferol-3-O-α-L-rhamnopyranosyl-(1→6)-β-D-galactopyranoside', 'Kaempferol-3-O-rutinoside', '6-Hydroxy-rutin', 'Kaempferol-3-O-D-glucopyranoside', 'Kaempferol-3-O-D-galactopyranoside', 'Procyanidin B-3', 'Kaempferol-3-O-α-L-rhamnopyranosyl-(1-6)-α-L-rhamnopyranosyl-(1-4)-β-D-glucopyranoside', 'Quercetin-3-O-α-L-rhamnopyranosyl-(1→6)-β-D-galactopyranoside', ""3,4-dimethyl-2-(4'-hydroxy-3',5'-dimethoxyphenyl)-5-methoxy-tetrahydrofuran"", 'Methyl (3R,4R,5R)-3-{[(2E)-3-(3,4-dihydroxyphenyl)-2-propenoyl]oxy}-1,4,5-trihydroxycyclohexanecarboxylate', 'Methyl (3R,4R,5R)-3-{[(2Z)-3-(3,4-dihydroxyphenyl)-2-propenoyl]oxy}-1,4,5-trihydroxycyclohexanecarboxylate', ""Methyl taboganate; Methyl 4-hydroxy-3-(3'-methyl-1'-oxo-2'-butenyl)benzoate"", ""4-Hydroxy-3-(3',7'-dimethylocta-2'-E-6'-dienyl)benzoic acid"", 'Piperaduncine B', ""Hostmaniene; 4-Hydroxy-3-(2',3'-dihydroxy-3'-methylbutyl)benzoate"", 'Methyl 2,2-dimethyl-1-oxo-2H-1-benzopyran-6-carboxylate', ""Methyl 4-hydroxy-3-(3'-methyl-2'-butenyl)benzoate"", '3,4,5-Trimethoxydihydrocinnamic acid', ""2',6'-Dihydroxy-4'-methoxydihydrochalcone"", ""Methyl 4-hydroxy-3-(3'-methyl-2'-hydroxy-3'-butenyl)benzoate"", ""4-Hydroxy-(3',7'-dimethyl-1'-oxo-octa-2'-Z-6'-dienyl)benzoic acid"", ""Aduncumene; Methyl 2-methoxy-5-(3'-methyl-1'-oxo-2'-butenyl)benzoate"", '(+)-Erythravine', '(+)-α-Hydroxyerysotrine', '(+)-11α-Hydroxyerythravine', 'Taraxerol acetate', ""4-Hydroxy-3-(3',7'-dimethyl-3'-hydroxy-1'-oxo-6'-octenyl)benzoic acid"", ""1,4-Dihydroxy-2-(3',7'-dimethyl-1'-oxo-2'-E-6'-octadienyl)benzene"", ""4-Hydroxy-(3',7'-dimethyl-1'-oxo-octa-2'-E-6'-dienyl)benzoic acid"", ""Sakuranetin; 5,4'-dihydroxy-7-methoxyflavanone"", ""Isosakuranetin; 5,7-dihydroxy-4'-methoxyflavanone"", '3,11-dioxoolean-12-en-28- onic acid', 'Iso-odoratol', 'Pentaol', 'cryptomeridiol', 'Piscidinol A', 'Oleanonic acid', 'Nilocetin', 'Hispidol A', 'Tagitinin C', '1-methoxy-3-hydroxy-3,10b-4,5a-diepoxy-8b-isobutyroyloxygermacr-11(13)-en-6a,12-olide', ""3',4',5',3,5,7,8-heptamethoxyflavone"", ""3,5,6,7,3',4',5'-heptamethoxyflavonol"", 'β-caryophyllene, trans-caryophyllene', 'Nitensidine D', 'Nitensidine E', 'Stearic acid 4-pentoyloxyphenethyl ester', '2-Episesalatin', ""Isoswertisin-2''α1-L-rhamnoside"", 'Sesartemin', ""Isoswertisin-4'-methyl-ether-2''α-L-rhamnoside"", 'Clusifoliol', 'astilbin; Rel-(2R, 3R)-dihydroquercetin-3-O-±-L-rhamnoside', 'Pimara-7,15-dien-3β-ol', '(22E,24R)-ergosta-4,6,8(14),22-tetraen-3-one', 'Ergosterol peroxide', 'Dimethyl terephthalate', '8-hydroxy-6-methoxy-3-methylisocoumarin', 'Deoxycordifoline', '3,4-dehydrostrictosidine acid', 'Strictosidine acid', '5α-carboxystrictosidine', 'Harman-3-carboxylic acid', 'Cordifoline', '3,4-dehydro-strictosidine', 'Turbinatine', 'Methacrylic acid', '4-metoxi-6-[2-(metilamino)fenil]- 2H-piran-2-ona', 'Cusculine; 1,2,3,5,6-pentamethoxy-9-acridone', 'Cuspanine; 1-hydroxy-2,3,5,6-tetramethoxy-9-acridone', '2α,3α-Dihydroxy-urs-12-en-28-oic acid', 'Oleanolic acid 3-sophoroside', '3-O-β-D-(6’-methyl)-glucopyranosyl-28-O-β-D-glucopyranosyl-oleanate', 'β-Sitosterol benzoate', '5-hydroxyflavone', '2-phenyl-4H-chromen-4-one', 'Haplotusine', 'Sinapyl 4-O-β-D-glucopyranoside aldehyde', 'N-acetylnonaine', 'Sinapyl 4-O-β-D-glucopyranoside alcohol', 'Liriodenine', '[10]-gingerol', ""2,4-Dihydroxy-6-[(1'E,3'E)-penta-1', 3'-dienyl]-benzaldehyde"", 'Nitensidine A', '2-methyl-5-[8(Z)-pentadecenyl]resorcinol', '2-hydroxyphenylacetic acid', '3-O-β-D-quinovopyranosyl quinovic acid', 'Kaempferol', '(4R)-4,8-dihydroxy-α-tetralone', 'Chlorogenic acid', 'Chalepin', ""8-hydroxy-3,5,7,3',4',5'-hexamethoxyflavonol"", ""2-(2'-O-trans-caffeoyl)-C-β-D-glucopyranosyl-1,3,6,7-tetrahydroxyxanthone"", 'Netzahualcoyene', 'Casearin X Dialdehyde; (2R*,4aS*,5S*,7R*,8R*,8aS*)-4,4a-Diformyl-1,2,4a,5,6,7,8,8a-octahydro-5-hydroxy-7,8-dimethyl-8-[(2Z)-3-methylpenta-2,4-dien-1-yl]naphthalen-2-yl Butanoate', 'polypodine B', 'n-Propyl gallate', '19,20-Epoxycytochalasin N', 'ellagic acid 4-O-α-L-rhamnopyranoside; eschweilenol C', 'Mayoside C', 'Ourateacatechin', ""3',4',5',5,7-pentamethoxyflavone"", '2-methyl-5-pentadecylresorcinol', '3β-hydroxy-stigmast-5-en-7-one; 24-β-7-oxositosterol', 'scillascillin', 'Kokusaginine', ""Pterogynoside; Kaempferol-3-O-(3''-O-4'''-methylgallate-α-L-rhamnoside)"", 'Isobutyl gallate', '7′-multijuguinone', 'Griseofulvin', ""7-Hydroxy-4',6-dimethoxyisoflavone; Afrormosin; Afromosin"", '8-methoxymellein', '(±)-Syringaresinol', 'Dibenzyl sulphide', 'Quercetin', ""2-(2'-O-trans-cinnamoyl)-C-β-D-glucopyranosyl-1,3,6,7-tetrahydroxyxanthone"", 'Ocotillone', 'des-N-methylnoracronycine', 'Sorbifolin 6-O-β-glucopyranoside', 'Rel-2α-hydroxyzuelanin-6β-benzoate', '2,6-di-O-acetylcasearupestrin D', ""Methyl-2,2-dimethyl-8-(3'-methylbut-2'-enyl)chroman-6-carboxylate"", '2,7-Di-O-acetylcasearupestrin A', 'Nitensidine B', '1-methyl-2-n-nonyl-4-quinolone', '5-[8(Z),11(Z),14-pentadecatrienyl]resorcinol', 'Odoratol', 'Leptomerine', '5-hydroxy-N-methylseverifoline', 'Netzahualcoyondiol', 'Pristimerin; 20α-3-hydroxy-2-oxo-24-nor-friedela-1-10,3,5,7-tetraen-carboxylic acid-29-methylester', 'Maculosidine', 'Podocarpusflavone A', 'Casearupestrin C', '6α-malonyloxy-n-butyl ester manoyl oxide', 'citrusinine-I', 'Ricinine', 'Leptophyllin A', '5-pentadecylresorcinol', 'urauchimycin B', 'Homoegonol', '[8]-gingerol', '4-Hydroxymellein', '5-hydroxymellein', 'fraxinellonone', 'Netzahualcoyonol', '1-[3-(3,7-dimethylocta-2,6-dien-1-yl)-2,4,6- trihydroxyphenyl]-3-(4-hydroxyphenyl)propan-1-one', '6α-malonyloxymanoyl oxide', '(-) Cis-4-hydroxy-6-deoxyscytalone', 'Plumericin', '5-[8(Z),11(Z)-pentadecadienyl]resorcinol', '(-)-Spectalinine', '19,20-Epoxycytochalasin D', 'fumiquinozoline F', 'Kaempferol 3-O-α-L-rhamnopyranosyl (1→6)-O-[β -D-glucopyranosyl (1→3)-O-α-L-rhamnopyranosyl-(1→2)]-O-β -D-glucopyranosyl', '3β-O-[α-L-rhamnopyranosyl-(1→2)-O-β-D-glucopyranosyl-(1→2)-O-β-D-glucopyranosyl]-28-O-β-D-glucopyranoside pomolate', 'Dibenzyl tetrasulphide', ""2',5-dihydroxy-3-methoxy-8-dimethylallyl-6, 7-(2' ',2''-dimethylpyrano)-dihydroflavonol"", '2-n-nonyl-4-quinolone', 'Cytochalasin D', 'Isoorientin', 'toonacilin', 'Pedalitin', '1-O-(E)-feruloyl-β-D-glucopyranoside', '19,20-Epoxycytochalasin C', '3,4,5-trimethoxyphenyl 1-O-β-D-apiofuranosyl-(1→6)-O-β-D-glucopyranoside', 'β-photogedunin', 'n-Butyl gallate', ""5-[3''-(β-D-glucopyranosyloxy)propyl]-7-methoxy-2-(3',4'-dimethoxyphenyl)benzofuran"", '3,12-Dihydroxycadalene', '7-hydroxy-3- (11-dimethylallyl)-8-methoxycoumarin', ""N-[7-(3',4'-methylenedioxyphenyl)-2(Z),4(Z)-heptadienoyl]pyrrolidine"", ""Acteoside; [β-3,4-dihydroxyphenyl)-ethyl]-(3'-O-α-L-rhamnopyranosyl)-(4'-O-cafeoyl)-β-D-glycopyranoside, verbascoside"", 'Uracil', 'urauchimycin A', 'p-Coumaric acid', '(-)-Epigallocatechin', 'Skimmianine', 'p-hydroxybenzoic acid-geranyl ester', 'Dibenzyl disulphide', 'Proanthocyanidin', 'neoisoastilbin', 'Benzylhydroxymethyl sulphide', '1,6-di-O-caffeoyl-β-D-glucopyranoside', '2-methyl-5-[8(Z),11(Z),14-pentadecatrienyl]resorcinol', '20-hydroxyecdysone; polypodine A', '3-Acetyl aleuritolic acid', 'Alkenoic acid', 'Quercetin 3-O-α-L-rhamnopyranosyl (1→6)-O-[β -D-glucopyranosyl (1→3)-O-α-L-rhamnopyranosyl-(1→2)]-O-β -D-glucopyranosyl', 'Heveaflavone', 'Arboreumine', '3-Oxoursolic acid', 'Casearupestrin B', 'Caseobliquin A', 'Methyl angolensate', ""5-(3'' -Hydroxypropyl)-7-methoxy-2-(3',4' -methyl-enedioxyphenyl)benzofuran"", '22β-hydroxypristimerin', '1- (5,7-dihydroxy-2,2-dimethylchroman-6-yl)-3-(2,2-dimethylchroman- 6-yl)propan-1-one', 'Canavaline', 'Di-hydrodehydrodiconiferyl alcohol', 'n-Pentyl gallate', 'Orcinol', 'Periconicin B', 'Phomopsilactone', ""(2S)-8-Isopentyl-2-methyl-2-(4'-methylpentyl)chroman-6-carboxylic acid"", '2,2-dimethyl-2H-chromene-6-carboxylic acid', '1,2-dihydro- 3β-hydroxy-7-deacetoxy-7-oxogedunin', 'Photogedunin', 'Casearin X; (1R*,3S*,5S*,6aR*,7S*,8S*,10R*,10aR*)-1-(Acetyloxy)-3,5,6,6a,7,8,9,10-octahydro-10-hydroxy-7,8-dimethyl-7-[(2Z)-3-methylpenta-2,4-dien-1-yl]naphtho[1,8a-c]furan-3,5-diyl Dibutanoate', 'α-L-xylopyranosyl-(4""→20)-(3-O-β-D-glucopyranosyl)-1\'-O-E-caffeoyl-β-D-glucopyranoside', ""2-(R)-Methyl-6-(S)-(tetradecyl-13'-one)-3(R)-O-tert-butyldimethylsilyl-piperidine"", '(2S)-Methyl-2-methyl-8-(3""-methylbut-2""-enyl)-2-(4\'-methylpent-3\'-enyl)-2H-chromene-6-carboxylate', 'Casearin T', 'Piperyline, N-[10-(13,14-methylenedioxyphenyl)-7(E),9(E)-pentadienoyl]-pyrrolidine', 'ω-fenil alcanoic acid', '2-butyl-D-fructofuranoside', ""Gaudichaudianic acid; (2S)-2-methyl-2-(4'methyl-3'-pentenyl)-8-(3''-methyl-2-butenyl)- 2H-1-benzopyran-6-carboxylic acid"", 'limonexic acid', 'Di(benzyltrithio) methane', '2-Methyl-4-hydroxy-butyl caffeoate', 'N-1,N-2,N-3-Triisopentenylguanidine', 'Dibenzyl trisulphide', 'Maytenin, Tingenone', 'Gallic acid; 3,4,5-trihydroxybenzoic acid', 'Quercitrin, 3-O-α-rhamnosylquercetin', 'Quercetin 3-O-sophoroside', '(3R,4R)-3,4-Dihydro-4,6-dihydroxy-3-methyl-1-oxo-1H-isochromene-5-carboxylic acid', '24-methylene-3,22-dihydroxycholesterol', 'amorphispironone', 'Casearupestrin D', 'Chaetoglobosin B', ""2-(2'-O-benzoyl)-C-β-D-glucopyranosyl-1,3,6,7-tetrahydroxyxanthone"", 'Isoplumericin', '6α-acetoxy-14β,15β-epoxyazadirone', 'epoxy-fraxinellone', '12′-hydroxy-7′-multijuguinone', 'Kaempferitrin', 'Nitensidine C', '(R)-7-Hydroxymellein', '6α-acetoxymanoyl oxide', 'Methyl-8-hydroxy-2,2-dimethylchroman-6-carboxylate', 'Dipropyl disulphide', '2-methyl-5-[8(Z),11(Z)-pentadecadienyl]resorcinol', 'Methyl 6,7,8-trimethoxydihydrocinnamate', '2-Hexyl-3-methyl-butanodioic acid', 'fraxinellone', '6-[ 8(Z),11(Z) -pentadecadienyl] salicylic acid', 'N-[10-(13,14-methylenedioxyphenyl)-7(E),9(Z)-pentadienoyl]-pyrrolidine', '6-[8(Z)-pentadecenyl]salicylic acid', '(2S)-2-methyl-8-(3""-methylbut-2""-enyl)-2-(4\'-methylpent-3\'-enyl)-2H-chromene-6-carboxylic acid', 'Burchellin', '5-[8(Z)-pentadecenyl]resorcinol', 'Luteolin; 2-(3,4-dihydroxyphenyl)-5,7-dihydroxy-4H-chromen-4-one', 'Sinapic acid', '19,20-Epoxycytochalasin Q', '19,20-Epoxycytochalasin R', '3,11,12-Trihydroxycadalene', 'Leiokinine A', 'Cabraleadiol', 'schaftoside', 'Muraxanthone', '3,4,5-Triacetoxybenzoic acid', 'Odoratone', 'Rel-6β-hydroxyzuelanin-2β-benzoate', 'shidasterone', '5-hydroxymethyl- 2-furancarboxaldehyde; 5-hydroxymethyl-2-furfuraldehyde', 'atalaphyllinine', 'N-[10- (13,14-methylenedioxyphenyl)-7(E)-pentaenoyl]-pyrrolidine', '2-Methyl-5-methoxy-benzopyran-4-one', '3,4-dihydroxybenzoic acid geranyl ester', 'Casearupestrin A', '2-oxo-piperol B; (7S*, 8R*, 1R*, 3R*)-3,4,5-trimethoxy-3,7-cyclo-8,1-neolig-8-ene-2,4(3H)-dione', 'taxifolin', '1-(5,7-dihydroxy-2,2-dimethylchroman-6-yl)-3-(1,1,4a-trimethyl-2,3,4,4a,9a-hexahydro-1H-xanthen-7-yl)propan-1-one', 'Methyl (E)-6,7,8-trimethoxycinnamate', '3,4,5-Trimethoxyphenyl-1-O-β-D-(5-O-syringoyl)-apiofuranosyl-(1→6)-β-D-glucopyranoside', '6-[8(Z),11(Z),14-pentadecatrienyl]salicylic acid', ""(2'S)-2-(propan-2'-ol)-5-hydroxy-benzopyran-4-one"", 'Rel-(+)-(7S,9R,10S)-3,9,12-trihydroxycalamenene', 'Casearin S', '11β-acetoxyobacunone', '1-(5,7-dihydroxy-2,2-dimethylchroman- 6-yl)-3-[4-hydroxy-3-(3-methylbut-2-en-1-yl)- phenyl]propan-1-one', '(3R,4R)-4,7-Dihydroxymellein', ""Nitensoside B; Pedalitin 6-O-α-rhamnopyranosyl(1'''→6'')-β-glucopyranoside"", 'Gedunin', 'Pedalin, pedalitin 6-O-β -glucopyranoside', 'Caseargrewiin F; (1R*,3S*,5S*,6aR*,7S*,8R*,10R*,10aR*)-1,3-Bis(acetyloxy)-3,5,6,6a,7,8,9,10-octahydro-10-hydroxy-7,8-dimethyl-7-[(2Z)-3-methylpenta-2,4-dien-1-yl]naphtho[1,8a-c]furan-5-yl Butanoate', 'Casearin L; (1R*,3S*,5S*,6aR*,7R*,8R*,9S*,10S*,10aR*)-1,10-Bis(acetyloxy)-3,5,6,6a,7,8,9,10-octahydro-9-hydroxy-5-methoxy-7,8-dimethyl-7-[(2Z)-3-methylpenta-2,4-dien-1-yl]naphtho[1,8a-c]-furan-3-yl Butanoate', 'Platydesmine', 'Methyl-2,2-dimethylchroman-6-carboxylate', ""Myrsinoic acid A, 3-Geranyl-4-hydroxy-5-(3'',3''-dimethylallyl)benzoic acid"", '20α-Hydroxymaytenin; 20-hydroxy-20-epi-tingenone', '(-)-Epigallocatechin-3-O-gallate', 'Casearin D; (1R*,3S*,5S*,6aR*,7R*,8R*,9S*,10S*,10aR*)-1-(Acetyloxy)-3,5,6,6a,7,8,9,10-octahydro-5,10-dihydroxy-7,8-dimethyl-7-[(2Z)-3-methylpenta-2,4-dien-1-yl]naphtho[1,8a-c]furan-3,9-diyl Dibutanoate', 'Rel. (+)-(7S,10S) 3,12-dihydroxycalamenene', ""(2S)-Methyl-8-isopentyl-2-methyl-2-(4'-methylpentyl)chroman-6-carboxylate"", 'Methyl gallate', '3-O-β-D-quinovopyranosyl cincholic acid', 'Afzelin, 3-O-α-rhamnosyl kaempferol', 'Egonol', '4-Nerolidilcatechol', ""2-(2'-O-transcoumaroyl)-C-β-D-glucopyranosyl-1,3,6,7-tetrahydroxyxanthone"", 'Syringic acid', '(+)-3-O-feruloylcassine', 'Amentoflavone', 'Ethyl 2,4-dihydroxy-5,6-dimethylbenzoate', 'Amentoflavone 7”,4”’-dimethyl ether', 'Picramnioside F', 'Lauryl gallate', 'Syringaldehyde', '22-hydroxytirucalla-7,24-diene-2,3-dione', 'Trans-3’-methylsulphonylallyl trans-cinnamate', '(3-(2-(4-hydroxyphenyl)-2-oxoethyl)-5,6-dihydropyridin- 2(1H)-one)', 'Mangiferin', 'Viburgenin', 'Sorbifolin', ""Nitensoside A; Sorbifolin 6-O-α-rhamnopyranosyl(1'''→6'')-β-glucopyranoside"", 'Casearin O; (1R*,3S*,5S*,6aR*,7R*,8R*,9S*,10S*,10aR*)-1,10-Bis(acetyloxy)-5-methoxy-7,8-dimethyl-7-[(2Z)-3-methylpenta-2,4-dien-1-yl]-3,5,6,6a,7,8,9,10-octahydronaphtho[1,8a-c]furan-3,9-diyl Dibutanoate', 'germacrene D', 'Salacin', '6-pentadecylsalicylic acid', ""3',4',5',5,7,8-hexamethoxyflavone"", 'Isopropyl gallate', '6β-hydroxy-7-epigardoside methyl ester', 'Tetrahydropiperyline, N-[10-(13,14-methylenedioxyphenyl)-pentanoyl]-pyrrolidine', 'Piperovatine', '2,4,6-trimethoxybenzoic acid', '1-O-(E)-caffeoyl-β-D-glucopyranoside', 'Piperol B', '(-)-Hardwickiic acid', ""5-[3''-(β-D-glucopyranosyloxy)propyl]-7-methoxy-2-(3',4'-methylenedioxyphenyl)benzofuran"", '28-O-β-D-glucopyranosyl quinovic acid', 'carlinoside', 'Methyl-8-(ethanoyloxy)-2,2-dimethyl-2H-chromene-6-carboxylate', '2β-Hydroxyzuelanin-6β-cinnamate', 'arjunolic acid', 'stachysterone', 'Cyclo-(L-Pro-L-Val)', 'Acetonide of odoratol', '(−)-Grandisin', '24-methylenecycloartan-3b-ol', 'Ixoside', 'Cognatine', 'Fagaramide']]",doi_name
"['10.1002/ps.1278', 'Syringic acid']","['10.1002/ps.1278', ['guaiol', 'γ-eudesmol', 'Hinesol', 'α-eudesmol', 'Pimara-7,15-dien-3β-ol', 'Ergosterol peroxide', '8-hydroxy-6-methoxy-3-methylisocoumarin', '(22E,24R)-ergosta-4,6,8(14),22-tetraen-3-one', 'Dimethyl terephthalate', '11-O-trans-feruloylteucrein', 'Teucrein', 'Galioside aglicone', 'Apodanthoside', 'Galioside', ""3,4-dimethyl-2-(4'-hydroxy-3',5'-dimethoxyphenyl)-5-methoxy-tetrahydrofuran"", ""3',4',5',3,5,7,8-heptamethoxyflavone"", ""3,5,6,7,3',4',5'-heptamethoxyflavonol"", '3,3-O-dimethylquercetin', 'penduletin 4-O-methyl ether', '2α,3α,19α- trihydroxyurs-12-en-28-oic acid', '2α,3α-dihydroxyolean-12- en-28-oic acid', '3,7,4-O-trimethylkaempferol', 'p-hydroxybenzoic acid', '3-O-methylquercetin', 'Chrysoeriol', 'acacetin', 'Tagitinin C', '1-methoxy-3-hydroxy-3,10b-4,5a-diepoxy-8b-isobutyroyloxygermacr-11(13)-en-6a,12-olide', ""4-Hydroxy-3-(3',7'-dimethyl-3'-hydroxy-1'-oxo-6'-octenyl)benzoic acid"", ""4-Hydroxy-(3',7'-dimethyl-1'-oxo-octa-2'-E-6'-dienyl)benzoic acid"", ""Isosakuranetin; 5,7-dihydroxy-4'-methoxyflavanone"", ""1,4-Dihydroxy-2-(3',7'-dimethyl-1'-oxo-2'-E-6'-octadienyl)benzene"", ""Sakuranetin; 5,4'-dihydroxy-7-methoxyflavanone"", ""3',4'-methylenedioxy-5,6,7- trimethoxyflavone"", ""2'-hydroxy-3,4,4'-trimethoxy-5',6'-(2'',2''-dimethylpyrano)-chalcone"", ""3',4'-methylenedioxy-5,5',6,7-tetramethoxyflavone"", ""3',4'-methylenedioxy-5,7-dimethoxyflavone"", 'Aphidicolin', '21β,25-dimethylmelianodiol', '3,21-Di-epi-feroniellide B', '21α,25-dimethylmelianodiol', 'Cordifoline', 'Turbinatine', '3,4-dehydro-strictosidine', '3,4-dehydrostrictosidine acid', 'Strictosidine acid', '5α-carboxystrictosidine', 'Harman-3-carboxylic acid', 'Deoxycordifoline', '(+)-11α-Hydroxyerythravine', '(+)-Erythravine', '(+)-α-Hydroxyerysotrine', '4-metoxi-6-[2-(metilamino)fenil]- 2H-piran-2-ona', 'Kaempferol-3-O-rutinoside', 'Kaempferol-3-O-α-L-rhamnopyranosyl-(1→6)-β-D-galactopyranoside', 'Catechin, Ent-catechin', 'Procyanidin B-3', 'Kaempferol-3-O-D-galactopyranoside', '6-Hydroxy-rutin', 'Kaempferol-3-O-α-L-rhamnopyranosyl-(1-6)-α-L-rhamnopyranosyl-(1-4)-β-D-glucopyranoside', 'Quercetin-3-O-α-L-rhamnopyranosyl-(1→6)-β-D-galactopyranoside', 'Kaempferol-3-O-D-glucopyranoside', 'Taraxerol acetate', 'Nitensidine E', 'Nitensidine D', 'Beauvericin', 'Anhydrofusarubin', 'Hispidol A', 'Nilocetin', 'Oleanonic acid', 'Pentaol', 'cryptomeridiol', 'Iso-odoratol', 'Piscidinol A', '3,11-dioxoolean-12-en-28- onic acid', ""Isoswertisin-4'-methyl-ether-2''α-L-rhamnoside"", 'Clusifoliol', '2-Episesalatin', ""Isoswertisin-2''α1-L-rhamnoside"", 'Sesartemin', 'Citibrasine', '2,3-dihydro-4,9-dihydroxy-2-(2-hydroxy-propan-2-yl)- 11-methoxy-10-methylfuro[3,2-b]acridin-5(10H)-one', 'bis-5-hydroxyacronycine', 'astilbin; Rel-(2R, 3R)-dihydroquercetin-3-O-±-L-rhamnoside', 'Methyl (3R,4R,5R)-3-{[(2Z)-3-(3,4-dihydroxyphenyl)-2-propenoyl]oxy}-1,4,5-trihydroxycyclohexanecarboxylate', 'Methyl (3R,4R,5R)-3-{[(2E)-3-(3,4-dihydroxyphenyl)-2-propenoyl]oxy}-1,4,5-trihydroxycyclohexanecarboxylate', 'Chlorogenic acid methyl ester, Methyl (1S,3R,4R,5R)-3-{[(2E)-3-(3,4-dihydroxyphenyl)-2-propenoyl]oxy}-1,4,5-trihydroxycyclohexanecarboxylate', 'Mycoleptone A', '9-hydroxyeugenin', 'Mycoleptone A tetraacetate', 'Eugenitin', 'Mycoleptone B', 'Austdiol', 'Austdiol diacetate', '6-methoxyeugenin', 'α-Gardiol', 'β-Gardiol', 'Ferulic acid', 'Xanthyletin', '5,7-dimethoxy-2,2-dimethyl-2H-1-benzopyran-6-propanoic acid', '17-(3,4-Methylenedioxyphenyl)-heptadecanoic acid', ""7,4'-Dimethoxyflavone"", '21´-(3,4-Methylenedioxyphenyl)-henicosanoic acid', ""7,4'-Dihydroxyflavone"", '(+)-Guaiacin', '19´-(3,4-Methylenedioxyphenyl)-nonadecanoic acid', 'Sargachromenol', 'Sargaquinoic acid', 'Farnisine', ""Juruenolic acid; 2-(4'-Methylpentenyl-3)-10-oxoundecan-2,6-dienoic acid"", 'Fasciculiferin', 'Tithonine', '(-)-3-O-acetyl-spectaline', 'Stearic acid 4-pentoyloxyphenethyl ester', ""Rel-(7R,8S,7'S,8'S)-4',5'-methylenedioxy-3,4,5,3'-tetramethoxy-7,7'-epoxylignan"", ""Rel-(7R,8S,7'S,8'S)-4'-hydroxy-3,4,5,3',5'-pentamethoxy-7,7'-epoxylignan"", ""Rel-(7R,8S,7'S,8'S)-9-hydroxy-4',5'-methylenedioxy-3,4,5,3'-tetramethoxy-7,7'-epoxylignan"", ""Rel-(7R,8S,7'S,8'S)-4,5,4',5'-dimethylenedioxy-3,3'-dimethoxy-7,7'-epoxylignan"", ""Rel-(7R,8S,7'S,8'S)-4-hydroxy-4',5'-methylenedioxy-3,5,3'-trimethoxy-7,7'-epoxylignan"", '2-n-Propylquinoline', ""2-(1'-pentenyl)-Quinoline"", '2-n-Pentylquinoline', ""2-(3',4'-methylenedioxyphenylethyl)-Quinoline"", 'Epi-guaiacin', 'Verrucosin', '7-Methyl-sargachromenol; 2,7,8-Trimethyl-2-[(3-E,7-Z)-4,12-dimethyl-8-carboxyl-3,7,11-tridecatrienyl]-3-chromen-6-ol, β-caroteno', 'Nectandrin B', '1,3,5-trihydroxy- 2,8-bis(3-methylbut-2-enyl)-10-methyl-9-acridone', '5-hydroxynoracronycine; Atalaphyllidine', '3,4-dihydro-3,5,8-trihydroxy-6-methoxy-2,2,7-trimethyl-2Hpyrano[ 2,3-a]acridin-12(7H)-one', 'Citrusinine-I', 'Pyranofoline', 'Citrusinine-II', '1,3,5-trihydroxy-4-methoxy-10-methyl- 2,8-bis(3-methylbut-2-enyl)acridin-9(10H)-one', 'Glycocitrine-IV', 'Glycocitrine-I', '5,7-dimethoxy-2,2-dimethyl-2H-1-benzopyran-6-propanoate', 'β-caryophyllene, trans-caryophyllene', '3,4,5-Trimethoxydihydrocinnamic acid', ""4-Hydroxy-3-(3',7'-dimethylocta-2'-E-6'-dienyl)benzoic acid"", 'Methyl 2,2-dimethyl-1-oxo-2H-1-benzopyran-6-carboxylate', ""2',6'-Dihydroxy-4'-methoxydihydrochalcone"", ""Methyl 4-hydroxy-3-(3'-methyl-2'-butenyl)benzoate"", ""Methyl taboganate; Methyl 4-hydroxy-3-(3'-methyl-1'-oxo-2'-butenyl)benzoate"", ""Hostmaniene; 4-Hydroxy-3-(2',3'-dihydroxy-3'-methylbutyl)benzoate"", 'Piperaduncine B', ""4-Hydroxy-(3',7'-dimethyl-1'-oxo-octa-2'-Z-6'-dienyl)benzoic acid"", ""Aduncumene; Methyl 2-methoxy-5-(3'-methyl-1'-oxo-2'-butenyl)benzoate"", ""Methyl 4-hydroxy-3-(3'-methyl-2'-hydroxy-3'-butenyl)benzoate"", '7-Methoxydiderroside', 'Secoxyloganin', 'Diderroside', ""6'-Acetyl-β-D-glucopyranosyldiderroside"", 'Methacrylic acid', ""4-Methoxy-3-(3',7'-dimethylocta-2'-E-6'-dienyl)benzoic acid"", 'Methyl-8-hydroxy-2,2-dimethyl-2H-chromene-6-carboxylate', ""3-(3',7 '-dimethyl-2',6 '-octadienyl)-4-methoxy-benzoic acid"", 'cyclo (L)-Pro-Gly', 'Isopimpinellin', ""N-[3-(6'-methoxy-3',4'-methy-lenedioxyphenyl)-2(Z)-propenoyl]pyrrolidine"", '8,9-dihydropiplartine; N-(12,13,14-trimethoxydihydrocinnamoyl)-Δ3-pyridin-2-one', '(E)-piplartine', '10,11-dihydropiperine; Δα,β-dihydropiperine', 'Piperine', '4,5-dihydropiperlonguminine; Piperlonguminine', '4,5-dihydropiperyline', '(Z)-piplartine; 8(Z)-N-(12,13, 14-trimethoxycinnamoyl)- 3-pyridin-2-one', '(3Z,5Z)-N-isobutyl-8-(30,40-methylenedioxy-phenyl)-heptadienamide', 'Pellitorine', 'Cusculine; 1,2,3,5,6-pentamethoxy-9-acridone', 'Cuspanine; 1-hydroxy-2,3,5,6-tetramethoxy-9-acridone', '2α,3α-Dihydroxy-urs-12-en-28-oic acid', '3-O-β-D-(6’-methyl)-glucopyranosyl-28-O-β-D-glucopyranosyl-oleanate', 'Oleanolic acid 3-sophoroside', '5-hydroxyflavone', '2-phenyl-4H-chromen-4-one', 'β-Sitosterol benzoate', 'Haplotusine', 'Sinapyl 4-O-β-D-glucopyranoside aldehyde', 'N-acetylnonaine', 'Liriodenine', 'Sinapyl 4-O-β-D-glucopyranoside alcohol', '[10]-gingerol', ""2,4-Dihydroxy-6-[(1'E,3'E)-penta-1', 3'-dienyl]-benzaldehyde"", '2-methyl-5-[8(Z)-pentadecenyl]resorcinol', 'Nitensidine A', '2-hydroxyphenylacetic acid', '3-O-β-D-quinovopyranosyl quinovic acid', ""8-hydroxy-3,5,7,3',4',5'-hexamethoxyflavonol"", '2-methyl-5-pentadecylresorcinol', '3β-hydroxy-stigmast-5-en-7-one; 24-β-7-oxositosterol', 'scillascillin', '(4R)-4,8-dihydroxy-α-tetralone', 'Homoegonol', '[8]-gingerol', '4-Hydroxymellein', '5-hydroxymellein', 'fraxinellonone', 'Sorbifolin 6-O-β-glucopyranoside', 'Rel-2α-hydroxyzuelanin-6β-benzoate', '2,6-di-O-acetylcasearupestrin D', ""Methyl-2,2-dimethyl-8-(3'-methylbut-2'-enyl)chroman-6-carboxylate"", '2,7-Di-O-acetylcasearupestrin A', 'Odoratol', 'Leptomerine', '5-hydroxy-N-methylseverifoline', '19,20-Epoxycytochalasin N', 'ellagic acid 4-O-α-L-rhamnopyranoside; eschweilenol C', 'Mayoside C', 'Ourateacatechin', ""3',4',5',5,7-pentamethoxyflavone"", 'Acetonide of odoratol', '(−)-Grandisin', '24-methylenecycloartan-3b-ol', 'Skimmianine', 'p-hydroxybenzoic acid-geranyl ester', 'Dibenzyl disulphide', 'Proanthocyanidin', 'neoisoastilbin', '(R)-7-Hydroxymellein', ""5-(3'' -Hydroxypropyl)-7-methoxy-2-(3',4' -methyl-enedioxyphenyl)benzofuran"", '22β-hydroxypristimerin', '1- (5,7-dihydroxy-2,2-dimethylchroman-6-yl)-3-(2,2-dimethylchroman- 6-yl)propan-1-one', 'Canavaline', 'Di-hydrodehydrodiconiferyl alcohol', 'Quercetin', ""2-(2'-O-trans-cinnamoyl)-C-β-D-glucopyranosyl-1,3,6,7-tetrahydroxyxanthone"", 'Kokusaginine', 'Ocotillone', 'des-N-methylnoracronycine', '6α-acetoxy-14β,15β-epoxyazadirone', 'Maculosidine', 'Podocarpusflavone A', 'Casearupestrin C', '6α-malonyloxy-n-butyl ester manoyl oxide', 'citrusinine-I', 'Ricinine', 'Leptophyllin A', '5-pentadecylresorcinol', '19,20-Epoxycytochalasin D', 'fumiquinozoline F', 'Kaempferol 3-O-α-L-rhamnopyranosyl (1→6)-O-[β -D-glucopyranosyl (1→3)-O-α-L-rhamnopyranosyl-(1→2)]-O-β -D-glucopyranosyl', 'Nitensidine B', '1-methyl-2-n-nonyl-4-quinolone', '5-[8(Z),11(Z),14-pentadecatrienyl]resorcinol', 'Gallic acid; 3,4,5-trihydroxybenzoic acid', 'Caseobliquin A', 'Methyl angolensate', '3β-O-[α-L-rhamnopyranosyl-(1→2)-O-β-D-glucopyranosyl-(1→2)-O-β-D-glucopyranosyl]-28-O-β-D-glucopyranoside pomolate', 'Dibenzyl tetrasulphide', ""2',5-dihydroxy-3-methoxy-8-dimethylallyl-6, 7-(2' ',2''-dimethylpyrano)-dihydroflavonol"", '2-n-nonyl-4-quinolone', 'Cytochalasin D', 'Isoorientin', 'urauchimycin A', 'p-Coumaric acid', '(-)-Epigallocatechin', 'Netzahualcoyonol', '1-[3-(3,7-dimethylocta-2,6-dien-1-yl)-2,4,6- trihydroxyphenyl]-3-(4-hydroxyphenyl)propan-1-one', '6α-malonyloxymanoyl oxide', '6α-acetoxymanoyl oxide', 'Methyl-8-hydroxy-2,2-dimethylchroman-6-carboxylate', 'Dipropyl disulphide', '2-methyl-5-[8(Z),11(Z)-pentadecadienyl]resorcinol', 'Methyl 6,7,8-trimethoxydihydrocinnamate', '2-Hexyl-3-methyl-butanodioic acid', 'fraxinellone', '6-[ 8(Z),11(Z) -pentadecadienyl] salicylic acid', 'polypodine B', 'n-Propyl gallate', ""3',4',5',5,7,8-hexamethoxyflavone"", 'Isopropyl gallate', '6β-hydroxy-7-epigardoside methyl ester', 'Tetrahydropiperyline, N-[10-(13,14-methylenedioxyphenyl)-pentanoyl]-pyrrolidine', 'Piperovatine', '2,4,6-trimethoxybenzoic acid', '1-O-(E)-caffeoyl-β-D-glucopyranoside', 'Quercitrin, 3-O-α-rhamnosylquercetin', 'Quercetin 3-O-α-L-rhamnopyranosyl (1→6)-O-[β -D-glucopyranosyl (1→3)-O-α-L-rhamnopyranosyl-(1→2)]-O-β -D-glucopyranosyl', 'Heveaflavone', 'Arboreumine', '3-Oxoursolic acid', 'Casearupestrin B', 'toonacilin', 'Uracil', '1-O-(E)-feruloyl-β-D-glucopyranoside', '19,20-Epoxycytochalasin C', 'Benzylhydroxymethyl sulphide', '1,6-di-O-caffeoyl-β-D-glucopyranoside', '2-methyl-5-[8(Z),11(Z),14-pentadecatrienyl]resorcinol', 'epoxy-fraxinellone', '12′-hydroxy-7′-multijuguinone', 'Kaempferitrin', 'Nitensidine C', 'Casearupestrin D', 'Chaetoglobosin B', 'n-Pentyl gallate', 'Orcinol', 'Periconicin B', 'Phomopsilactone', ""(2S)-8-Isopentyl-2-methyl-2-(4'-methylpentyl)chroman-6-carboxylic acid"", '2,2-dimethyl-2H-chromene-6-carboxylic acid', '1,2-dihydro- 3β-hydroxy-7-deacetoxy-7-oxogedunin', 'Photogedunin', 'Casearin X; (1R*,3S*,5S*,6aR*,7S*,8S*,10R*,10aR*)-1-(Acetyloxy)-3,5,6,6a,7,8,9,10-octahydro-10-hydroxy-7,8-dimethyl-7-[(2Z)-3-methylpenta-2,4-dien-1-yl]naphtho[1,8a-c]furan-3,5-diyl Dibutanoate', ""2-(R)-Methyl-6-(S)-(tetradecyl-13'-one)-3(R)-O-tert-butyldimethylsilyl-piperidine"", '(2S)-Methyl-2-methyl-8-(3""-methylbut-2""-enyl)-2-(4\'-methylpent-3\'-enyl)-2H-chromene-6-carboxylate', '20-hydroxyecdysone; polypodine A', '3-Acetyl aleuritolic acid', 'Alkenoic acid', ""2-(2'-O-trans-caffeoyl)-C-β-D-glucopyranosyl-1,3,6,7-tetrahydroxyxanthone"", 'Netzahualcoyene', 'Casearin X Dialdehyde; (2R*,4aS*,5S*,7R*,8R*,8aS*)-4,4a-Diformyl-1,2,4a,5,6,7,8,8a-octahydro-5-hydroxy-7,8-dimethyl-8-[(2Z)-3-methylpenta-2,4-dien-1-yl]naphthalen-2-yl Butanoate', 'Casearin T', 'Piperyline, N-[10-(13,14-methylenedioxyphenyl)-7(E),9(E)-pentadienoyl]-pyrrolidine', 'ω-fenil alcanoic acid', '2-butyl-D-fructofuranoside', ""Gaudichaudianic acid; (2S)-2-methyl-2-(4'methyl-3'-pentenyl)-8-(3''-methyl-2-butenyl)- 2H-1-benzopyran-6-carboxylic acid"", 'limonexic acid', 'Pedalitin', 'Di(benzyltrithio) methane', '3,11,12-Trihydroxycadalene', 'Quercetin 3-O-sophoroside', '(3R,4R)-3,4-Dihydro-4,6-dihydroxy-3-methyl-1-oxo-1H-isochromene-5-carboxylic acid', '24-methylene-3,22-dihydroxycholesterol', 'amorphispironone', 'taxifolin', ""(2'S)-2-(propan-2'-ol)-5-hydroxy-benzopyran-4-one"", 'Rel-(+)-(7S,9R,10S)-3,9,12-trihydroxycalamenene', 'Casearin S', '11β-acetoxyobacunone', '1-(5,7-dihydroxy-2,2-dimethylchroman- 6-yl)-3-[4-hydroxy-3-(3-methylbut-2-en-1-yl)- phenyl]propan-1-one', '(3R,4R)-4,7-Dihydroxymellein', 'Piperol B', '(-)-Hardwickiic acid', ""5-[3''-(β-D-glucopyranosyloxy)propyl]-7-methoxy-2-(3',4'-methylenedioxyphenyl)benzofuran"", '28-O-β-D-glucopyranosyl quinovic acid', '2-Methyl-4-hydroxy-butyl caffeoate', 'N-1,N-2,N-3-Triisopentenylguanidine', 'Dibenzyl trisulphide', 'Maytenin, Tingenone', 'urauchimycin B', '6-[8(Z)-pentadecenyl]salicylic acid', '(2S)-2-methyl-8-(3""-methylbut-2""-enyl)-2-(4\'-methylpent-3\'-enyl)-2H-chromene-6-carboxylic acid', 'Burchellin', '5-[8(Z)-pentadecenyl]resorcinol', 'Luteolin; 2-(3,4-dihydroxyphenyl)-5,7-dihydroxy-4H-chromen-4-one', 'Sinapic acid', '19,20-Epoxycytochalasin Q', '19,20-Epoxycytochalasin R', 'Muraxanthone', 'Odoratone', 'Rel-6β-hydroxyzuelanin-2β-benzoate', ""2-(2'-O-benzoyl)-C-β-D-glucopyranosyl-1,3,6,7-tetrahydroxyxanthone"", 'Isoplumericin', 'α-L-xylopyranosyl-(4""→20)-(3-O-β-D-glucopyranosyl)-1\'-O-E-caffeoyl-β-D-glucopyranoside', 'Casearupestrin A', '2-oxo-piperol B; (7S*, 8R*, 1R*, 3R*)-3,4,5-trimethoxy-3,7-cyclo-8,1-neolig-8-ene-2,4(3H)-dione', ""N-[7-(3',4'-methylenedioxyphenyl)-2(Z),4(Z)-heptadienoyl]pyrrolidine"", ""Acteoside; [β-3,4-dihydroxyphenyl)-ethyl]-(3'-O-α-L-rhamnopyranosyl)-(4'-O-cafeoyl)-β-D-glycopyranoside, verbascoside"", 'shidasterone', '5-hydroxymethyl- 2-furancarboxaldehyde; 5-hydroxymethyl-2-furfuraldehyde', 'atalaphyllinine', 'N-[10- (13,14-methylenedioxyphenyl)-7(E)-pentaenoyl]-pyrrolidine', '2-Methyl-5-methoxy-benzopyran-4-one', '3,4-dihydroxybenzoic acid geranyl ester', 'N-[10-(13,14-methylenedioxyphenyl)-7(E),9(Z)-pentadienoyl]-pyrrolidine', 'Gedunin', 'Pedalin, pedalitin 6-O-β -glucopyranoside', 'Caseargrewiin F; (1R*,3S*,5S*,6aR*,7S*,8R*,10R*,10aR*)-1,3-Bis(acetyloxy)-3,5,6,6a,7,8,9,10-octahydro-10-hydroxy-7,8-dimethyl-7-[(2Z)-3-methylpenta-2,4-dien-1-yl]naphtho[1,8a-c]furan-5-yl Butanoate', 'Casearin L; (1R*,3S*,5S*,6aR*,7R*,8R*,9S*,10S*,10aR*)-1,10-Bis(acetyloxy)-3,5,6,6a,7,8,9,10-octahydro-9-hydroxy-5-methoxy-7,8-dimethyl-7-[(2Z)-3-methylpenta-2,4-dien-1-yl]naphtho[1,8a-c]-furan-3-yl Butanoate', 'Platydesmine', ""Nitensoside B; Pedalitin 6-O-α-rhamnopyranosyl(1'''→6'')-β-glucopyranoside"", 'Amentoflavone', 'Methyl (E)-6,7,8-trimethoxycinnamate', '3,4,5-Trimethoxyphenyl-1-O-β-D-(5-O-syringoyl)-apiofuranosyl-(1→6)-β-D-glucopyranoside', '6-[8(Z),11(Z),14-pentadecatrienyl]salicylic acid', 'Sorbifolin', ""Nitensoside A; Sorbifolin 6-O-α-rhamnopyranosyl(1'''→6'')-β-glucopyranoside"", 'Casearin O; (1R*,3S*,5S*,6aR*,7R*,8R*,9S*,10S*,10aR*)-1,10-Bis(acetyloxy)-5-methoxy-7,8-dimethyl-7-[(2Z)-3-methylpenta-2,4-dien-1-yl]-3,5,6,6a,7,8,9,10-octahydronaphtho[1,8a-c]furan-3,9-diyl Dibutanoate', 'germacrene D', '(-)-Spectalinine', 'Netzahualcoyondiol', 'Pristimerin; 20α-3-hydroxy-2-oxo-24-nor-friedela-1-10,3,5,7-tetraen-carboxylic acid-29-methylester', '3,4,5-trimethoxyphenyl 1-O-β-D-apiofuranosyl-(1→6)-O-β-D-glucopyranoside', 'β-photogedunin', 'n-Butyl gallate', ""5-[3''-(β-D-glucopyranosyloxy)propyl]-7-methoxy-2-(3',4'-dimethoxyphenyl)benzofuran"", '3,12-Dihydroxycadalene', '7-hydroxy-3- (11-dimethylallyl)-8-methoxycoumarin', 'Afzelin, 3-O-α-rhamnosyl kaempferol', 'Egonol', '4-Nerolidilcatechol', ""2-(2'-O-transcoumaroyl)-C-β-D-glucopyranosyl-1,3,6,7-tetrahydroxyxanthone"", 'Syringic acid', '(+)-3-O-feruloylcassine', '6-pentadecylsalicylic acid', 'Methyl-2,2-dimethylchroman-6-carboxylate', ""Myrsinoic acid A, 3-Geranyl-4-hydroxy-5-(3'',3''-dimethylallyl)benzoic acid"", '20α-Hydroxymaytenin; 20-hydroxy-20-epi-tingenone', 'Leiokinine A', 'Cabraleadiol', 'schaftoside', ""(2S)-Methyl-8-isopentyl-2-methyl-2-(4'-methylpentyl)chroman-6-carboxylate"", '3,4,5-Triacetoxybenzoic acid', '1-(5,7-dihydroxy-2,2-dimethylchroman-6-yl)-3-(1,1,4a-trimethyl-2,3,4,4a,9a-hexahydro-1H-xanthen-7-yl)propan-1-one', '(±)-Syringaresinol', 'Cyclo-(L-Pro-L-Val)', '(-)-Epigallocatechin-3-O-gallate', 'Casearin D; (1R*,3S*,5S*,6aR*,7R*,8R*,9S*,10S*,10aR*)-1-(Acetyloxy)-3,5,6,6a,7,8,9,10-octahydro-5,10-dihydroxy-7,8-dimethyl-7-[(2Z)-3-methylpenta-2,4-dien-1-yl]naphtho[1,8a-c]furan-3,9-diyl Dibutanoate', 'Rel. (+)-(7S,10S) 3,12-dihydroxycalamenene', 'carlinoside', 'Methyl-8-(ethanoyloxy)-2,2-dimethyl-2H-chromene-6-carboxylate', 'arjunolic acid', 'stachysterone', 'Ethyl 2,4-dihydroxy-5,6-dimethylbenzoate', 'Amentoflavone 7”,4”’-dimethyl ether', 'Picramnioside F', 'Lauryl gallate', 'Syringaldehyde', 'Methyl gallate', '3-O-β-D-quinovopyranosyl cincholic acid', 'Dibenzyl sulphide', '(-) Cis-4-hydroxy-6-deoxyscytalone', 'Plumericin', '5-[8(Z),11(Z)-pentadecadienyl]resorcinol', '22-hydroxytirucalla-7,24-diene-2,3-dione', 'Trans-3’-methylsulphonylallyl trans-cinnamate', '(3-(2-(4-hydroxyphenyl)-2-oxoethyl)-5,6-dihydropyridin- 2(1H)-one)', 'Mangiferin', 'Salacin', 'Viburgenin', ""Pterogynoside; Kaempferol-3-O-(3''-O-4'''-methylgallate-α-L-rhamnoside)"", 'Isobutyl gallate', '7′-multijuguinone', 'Griseofulvin', ""7-Hydroxy-4',6-dimethoxyisoflavone; Afrormosin; Afromosin"", '8-methoxymellein', 'Ixoside', '2β-Hydroxyzuelanin-6β-cinnamate', 'Cognatine', 'Fagaramide', 'Chalepin', 'Chlorogenic acid', 'Kaempferol']]",doi_name
"['10.1590/S0100-40422005000600011', 'Cytochalasin D']","['10.1590/S0100-40422005000600011', ['2α,3α-Dihydroxy-urs-12-en-28-oic acid', 'Haplotusine', '5-hydroxyflavone', 'β-Sitosterol benzoate', '2-phenyl-4H-chromen-4-one', 'Oleanolic acid 3-sophoroside', '3-O-β-D-(6’-methyl)-glucopyranosyl-28-O-β-D-glucopyranosyl-oleanate', 'N-acetylnonaine', 'Sinapyl 4-O-β-D-glucopyranoside alcohol', 'Liriodenine', 'Sinapyl 4-O-β-D-glucopyranoside aldehyde', 'Hinesol', 'guaiol', 'γ-eudesmol', 'α-eudesmol', 'Galioside aglicone', '11-O-trans-feruloylteucrein', 'Teucrein', 'Galioside', 'Apodanthoside', ""3',4',5',3,5,7,8-heptamethoxyflavone"", ""3,5,6,7,3',4',5'-heptamethoxyflavonol"", 'Anhydrofusarubin', 'Beauvericin', 'Procyanidin B-3', 'Kaempferol-3-O-D-glucopyranoside', 'Kaempferol-3-O-rutinoside', 'Quercetin-3-O-α-L-rhamnopyranosyl-(1→6)-β-D-galactopyranoside', 'Kaempferol-3-O-α-L-rhamnopyranosyl-(1→6)-β-D-galactopyranoside', '6-Hydroxy-rutin', 'Kaempferol-3-O-D-galactopyranoside', 'Kaempferol-3-O-α-L-rhamnopyranosyl-(1-6)-α-L-rhamnopyranosyl-(1-4)-β-D-glucopyranoside', 'Catechin, Ent-catechin', '5,7-dimethoxy-2,2-dimethyl-2H-1-benzopyran-6-propanoic acid', 'Methyl (3R,4R,5R)-3-{[(2Z)-3-(3,4-dihydroxyphenyl)-2-propenoyl]oxy}-1,4,5-trihydroxycyclohexanecarboxylate', 'Methyl (3R,4R,5R)-3-{[(2E)-3-(3,4-dihydroxyphenyl)-2-propenoyl]oxy}-1,4,5-trihydroxycyclohexanecarboxylate', 'Pimara-7,15-dien-3β-ol', 'Ergosterol peroxide', '8-hydroxy-6-methoxy-3-methylisocoumarin', '(22E,24R)-ergosta-4,6,8(14),22-tetraen-3-one', 'Dimethyl terephthalate', '5,7-dimethoxy-2,2-dimethyl-2H-1-benzopyran-6-propanoate', 'Chlorogenic acid methyl ester, Methyl (1S,3R,4R,5R)-3-{[(2E)-3-(3,4-dihydroxyphenyl)-2-propenoyl]oxy}-1,4,5-trihydroxycyclohexanecarboxylate', '17-(3,4-Methylenedioxyphenyl)-heptadecanoic acid', 'Farnisine', '19´-(3,4-Methylenedioxyphenyl)-nonadecanoic acid', 'Sargaquinoic acid', '(+)-Guaiacin', '21´-(3,4-Methylenedioxyphenyl)-henicosanoic acid', ""7,4'-Dimethoxyflavone"", 'Sargachromenol', ""7,4'-Dihydroxyflavone"", 'Fasciculiferin', ""Juruenolic acid; 2-(4'-Methylpentenyl-3)-10-oxoundecan-2,6-dienoic acid"", 'Tithonine', ""1,4-Dihydroxy-2-(3',7'-dimethyl-1'-oxo-2'-E-6'-octadienyl)benzene"", ""4-Hydroxy-3-(3',7'-dimethyl-3'-hydroxy-1'-oxo-6'-octenyl)benzoic acid"", ""Isosakuranetin; 5,7-dihydroxy-4'-methoxyflavanone"", ""4-Hydroxy-(3',7'-dimethyl-1'-oxo-octa-2'-E-6'-dienyl)benzoic acid"", ""Sakuranetin; 5,4'-dihydroxy-7-methoxyflavanone"", ""Isoswertisin-4'-methyl-ether-2''α-L-rhamnoside"", 'Clusifoliol', '2-Episesalatin', ""Isoswertisin-2''α1-L-rhamnoside"", 'Sesartemin', '4,5-dihydropiperlonguminine; Piperlonguminine', '10,11-dihydropiperine; Δα,β-dihydropiperine', '(E)-piplartine', '4,5-dihydropiperyline', '(Z)-piplartine; 8(Z)-N-(12,13, 14-trimethoxycinnamoyl)- 3-pyridin-2-one', 'Piperine', ""N-[3-(6'-methoxy-3',4'-methy-lenedioxyphenyl)-2(Z)-propenoyl]pyrrolidine"", '8,9-dihydropiplartine; N-(12,13,14-trimethoxydihydrocinnamoyl)-Δ3-pyridin-2-one', '(3Z,5Z)-N-isobutyl-8-(30,40-methylenedioxy-phenyl)-heptadienamide', 'Pellitorine', '(+)-Erythravine', '(+)-α-Hydroxyerysotrine', '(+)-11α-Hydroxyerythravine', '7-Methoxydiderroside', 'Diderroside', 'Secoxyloganin', ""6'-Acetyl-β-D-glucopyranosyldiderroside"", ""3,4-dimethyl-2-(4'-hydroxy-3',5'-dimethoxyphenyl)-5-methoxy-tetrahydrofuran"", ""4-Hydroxy-(3',7'-dimethyl-1'-oxo-octa-2'-Z-6'-dienyl)benzoic acid"", ""Methyl 4-hydroxy-3-(3'-methyl-2'-hydroxy-3'-butenyl)benzoate"", ""Aduncumene; Methyl 2-methoxy-5-(3'-methyl-1'-oxo-2'-butenyl)benzoate"", 'Piperaduncine B', ""Hostmaniene; 4-Hydroxy-3-(2',3'-dihydroxy-3'-methylbutyl)benzoate"", ""Methyl taboganate; Methyl 4-hydroxy-3-(3'-methyl-1'-oxo-2'-butenyl)benzoate"", ""2',6'-Dihydroxy-4'-methoxydihydrochalcone"", ""Methyl 4-hydroxy-3-(3'-methyl-2'-butenyl)benzoate"", ""4-Hydroxy-3-(3',7'-dimethylocta-2'-E-6'-dienyl)benzoic acid"", 'Methyl 2,2-dimethyl-1-oxo-2H-1-benzopyran-6-carboxylate', '3,4,5-Trimethoxydihydrocinnamic acid', 'Aphidicolin', 'Methacrylic acid', 'Taraxerol acetate', 'penduletin 4-O-methyl ether', '3,3-O-dimethylquercetin', '2α,3α,19α- trihydroxyurs-12-en-28-oic acid', '2α,3α-dihydroxyolean-12- en-28-oic acid', 'Chrysoeriol', '3-O-methylquercetin', 'acacetin', '3,7,4-O-trimethylkaempferol', 'p-hydroxybenzoic acid', 'Mycoleptone A', '9-hydroxyeugenin', 'Austdiol diacetate', 'Eugenitin', 'Mycoleptone A tetraacetate', '6-methoxyeugenin', 'Austdiol', 'Mycoleptone B', '(-)-3-O-acetyl-spectaline', 'Isopimpinellin', '4-metoxi-6-[2-(metilamino)fenil]- 2H-piran-2-ona', 'astilbin; Rel-(2R, 3R)-dihydroquercetin-3-O-±-L-rhamnoside', '1,3,5-trihydroxy-4-methoxy-10-methyl- 2,8-bis(3-methylbut-2-enyl)acridin-9(10H)-one', '1,3,5-trihydroxy- 2,8-bis(3-methylbut-2-enyl)-10-methyl-9-acridone', 'Pyranofoline', 'Glycocitrine-I', 'Glycocitrine-IV', 'Citrusinine-II', 'Citrusinine-I', '3,4-dihydro-3,5,8-trihydroxy-6-methoxy-2,2,7-trimethyl-2Hpyrano[ 2,3-a]acridin-12(7H)-one', '5-hydroxynoracronycine; Atalaphyllidine', 'Nitensidine D', 'Nitensidine E', 'cyclo (L)-Pro-Gly', '3,11-dioxoolean-12-en-28- onic acid', 'cryptomeridiol', 'Oleanonic acid', 'Nilocetin', 'Hispidol A', 'Piscidinol A', 'Pentaol', 'Iso-odoratol', 'Stearic acid 4-pentoyloxyphenethyl ester', ""Rel-(7R,8S,7'S,8'S)-4'-hydroxy-3,4,5,3',5'-pentamethoxy-7,7'-epoxylignan"", ""Rel-(7R,8S,7'S,8'S)-4-hydroxy-4',5'-methylenedioxy-3,5,3'-trimethoxy-7,7'-epoxylignan"", ""Rel-(7R,8S,7'S,8'S)-4,5,4',5'-dimethylenedioxy-3,3'-dimethoxy-7,7'-epoxylignan"", ""Rel-(7R,8S,7'S,8'S)-9-hydroxy-4',5'-methylenedioxy-3,4,5,3'-tetramethoxy-7,7'-epoxylignan"", ""Rel-(7R,8S,7'S,8'S)-4',5'-methylenedioxy-3,4,5,3'-tetramethoxy-7,7'-epoxylignan"", ""4-Methoxy-3-(3',7'-dimethylocta-2'-E-6'-dienyl)benzoic acid"", 'Methyl-8-hydroxy-2,2-dimethyl-2H-chromene-6-carboxylate', ""3-(3',7 '-dimethyl-2',6 '-octadienyl)-4-methoxy-benzoic acid"", 'α-Gardiol', 'Ferulic acid', 'β-Gardiol', '1-methoxy-3-hydroxy-3,10b-4,5a-diepoxy-8b-isobutyroyloxygermacr-11(13)-en-6a,12-olide', 'Tagitinin C', '2-n-Pentylquinoline', '2-n-Propylquinoline', ""2-(1'-pentenyl)-Quinoline"", ""2-(3',4'-methylenedioxyphenylethyl)-Quinoline"", '5α-carboxystrictosidine', 'Strictosidine acid', 'Turbinatine', '3,4-dehydrostrictosidine acid', 'Harman-3-carboxylic acid', 'Cordifoline', '3,4-dehydro-strictosidine', 'Deoxycordifoline', ""2'-hydroxy-3,4,4'-trimethoxy-5',6'-(2'',2''-dimethylpyrano)-chalcone"", ""3',4'-methylenedioxy-5,6,7- trimethoxyflavone"", ""3',4'-methylenedioxy-5,5',6,7-tetramethoxyflavone"", ""3',4'-methylenedioxy-5,7-dimethoxyflavone"", 'Xanthyletin', 'Nectandrin B', '7-Methyl-sargachromenol; 2,7,8-Trimethyl-2-[(3-E,7-Z)-4,12-dimethyl-8-carboxyl-3,7,11-tridecatrienyl]-3-chromen-6-ol, β-caroteno', 'Epi-guaiacin', 'Verrucosin', '21α,25-dimethylmelianodiol', '3,21-Di-epi-feroniellide B', '21β,25-dimethylmelianodiol', 'bis-5-hydroxyacronycine', 'Citibrasine', '2,3-dihydro-4,9-dihydroxy-2-(2-hydroxy-propan-2-yl)- 11-methoxy-10-methylfuro[3,2-b]acridin-5(10H)-one', 'β-caryophyllene, trans-caryophyllene', 'Cusculine; 1,2,3,5,6-pentamethoxy-9-acridone', 'Cuspanine; 1-hydroxy-2,3,5,6-tetramethoxy-9-acridone', '[10]-gingerol', ""2,4-Dihydroxy-6-[(1'E,3'E)-penta-1', 3'-dienyl]-benzaldehyde"", '2-methyl-5-[8(Z)-pentadecenyl]resorcinol', 'Kaempferol', '2-hydroxyphenylacetic acid', '3-O-β-D-quinovopyranosyl quinovic acid', '(4R)-4,8-dihydroxy-α-tetralone', 'scillascillin', 'Chlorogenic acid', 'Chalepin', 'Piperol B', '(-)-Hardwickiic acid', ""5-[3''-(β-D-glucopyranosyloxy)propyl]-7-methoxy-2-(3',4'-methylenedioxyphenyl)benzofuran"", '28-O-β-D-glucopyranosyl quinovic acid', '2-Methyl-4-hydroxy-butyl caffeoate', 'N-1,N-2,N-3-Triisopentenylguanidine', '5-hydroxy-N-methylseverifoline', '19,20-Epoxycytochalasin N', 'ellagic acid 4-O-α-L-rhamnopyranoside; eschweilenol C', 'Mayoside C', 'Ourateacatechin', ""3',4',5',5,7-pentamethoxyflavone"", '2-methyl-5-pentadecylresorcinol', '3β-hydroxy-stigmast-5-en-7-one; 24-β-7-oxositosterol', 'Viburgenin', ""Pterogynoside; Kaempferol-3-O-(3''-O-4'''-methylgallate-α-L-rhamnoside)"", 'Isobutyl gallate', '7′-multijuguinone', 'Griseofulvin', ""7-Hydroxy-4',6-dimethoxyisoflavone; Afrormosin; Afromosin"", '8-methoxymellein', '(±)-Syringaresinol', '5-[8(Z),11(Z)-pentadecadienyl]resorcinol', '(-)-Spectalinine', 'Ocotillone', 'des-N-methylnoracronycine', 'Sorbifolin 6-O-β-glucopyranoside', 'Rel-2α-hydroxyzuelanin-6β-benzoate', '2,6-di-O-acetylcasearupestrin D', ""Methyl-2,2-dimethyl-8-(3'-methylbut-2'-enyl)chroman-6-carboxylate"", '2,7-Di-O-acetylcasearupestrin A', 'Nitensidine B', '1-methyl-2-n-nonyl-4-quinolone', '5-[8(Z),11(Z),14-pentadecatrienyl]resorcinol', 'Nitensidine A', ""8-hydroxy-3,5,7,3',4',5'-hexamethoxyflavonol"", 'Odoratol', 'Leptomerine', 'Maculosidine', 'Podocarpusflavone A', 'Casearupestrin C', '6α-malonyloxy-n-butyl ester manoyl oxide', 'citrusinine-I', 'Ricinine', 'Leptophyllin A', '5-pentadecylresorcinol', 'Netzahualcoyondiol', 'Pristimerin; 20α-3-hydroxy-2-oxo-24-nor-friedela-1-10,3,5,7-tetraen-carboxylic acid-29-methylester', '3,4,5-trimethoxyphenyl 1-O-β-D-apiofuranosyl-(1→6)-O-β-D-glucopyranoside', 'β-photogedunin', 'fraxinellonone', 'Dibenzyl sulphide', '(-) Cis-4-hydroxy-6-deoxyscytalone', 'Plumericin', '20-hydroxyecdysone; polypodine A', '3-Acetyl aleuritolic acid', 'n-Butyl gallate', ""5-[3''-(β-D-glucopyranosyloxy)propyl]-7-methoxy-2-(3',4'-dimethoxyphenyl)benzofuran"", '3,12-Dihydroxycadalene', '7-hydroxy-3- (11-dimethylallyl)-8-methoxycoumarin', ""N-[7-(3',4'-methylenedioxyphenyl)-2(Z),4(Z)-heptadienoyl]pyrrolidine"", ""Acteoside; [β-3,4-dihydroxyphenyl)-ethyl]-(3'-O-α-L-rhamnopyranosyl)-(4'-O-cafeoyl)-β-D-glycopyranoside, verbascoside"", '19,20-Epoxycytochalasin D', 'fumiquinozoline F', 'Kaempferol 3-O-α-L-rhamnopyranosyl (1→6)-O-[β -D-glucopyranosyl (1→3)-O-α-L-rhamnopyranosyl-(1→2)]-O-β -D-glucopyranosyl', '3β-O-[α-L-rhamnopyranosyl-(1→2)-O-β-D-glucopyranosyl-(1→2)-O-β-D-glucopyranosyl]-28-O-β-D-glucopyranoside pomolate', 'Dibenzyl tetrasulphide', ""2',5-dihydroxy-3-methoxy-8-dimethylallyl-6, 7-(2' ',2''-dimethylpyrano)-dihydroflavonol"", '2-n-nonyl-4-quinolone', 'Cytochalasin D', 'p-hydroxybenzoic acid-geranyl ester', 'Dibenzyl disulphide', 'Proanthocyanidin', 'neoisoastilbin', '(R)-7-Hydroxymellein', 'Isoorientin', 'Uracil', 'urauchimycin A', 'p-Coumaric acid', '(-)-Epigallocatechin', 'Netzahualcoyonol', '1-[3-(3,7-dimethylocta-2,6-dien-1-yl)-2,4,6- trihydroxyphenyl]-3-(4-hydroxyphenyl)propan-1-one', '6α-malonyloxymanoyl oxide', 'Benzylhydroxymethyl sulphide', '1,6-di-O-caffeoyl-β-D-glucopyranoside', '2-methyl-5-[8(Z),11(Z),14-pentadecatrienyl]resorcinol', 'Di-hydrodehydrodiconiferyl alcohol', 'Quercetin', ""2-(2'-O-trans-cinnamoyl)-C-β-D-glucopyranosyl-1,3,6,7-tetrahydroxyxanthone"", 'urauchimycin B', 'Homoegonol', '[8]-gingerol', '4-Hydroxymellein', '5-hydroxymellein', 'Alkenoic acid', 'Quercetin 3-O-α-L-rhamnopyranosyl (1→6)-O-[β -D-glucopyranosyl (1→3)-O-α-L-rhamnopyranosyl-(1→2)]-O-β -D-glucopyranosyl', 'Heveaflavone', 'Arboreumine', '3-Oxoursolic acid', 'Casearupestrin B', 'toonacilin', 'Skimmianine', '1-O-(E)-feruloyl-β-D-glucopyranoside', '19,20-Epoxycytochalasin C', 'n-Pentyl gallate', 'Orcinol', 'Periconicin B', 'Phomopsilactone', ""(2S)-8-Isopentyl-2-methyl-2-(4'-methylpentyl)chroman-6-carboxylic acid"", '2,2-dimethyl-2H-chromene-6-carboxylic acid', '1,2-dihydro- 3β-hydroxy-7-deacetoxy-7-oxogedunin', 'Photogedunin', 'Caseobliquin A', 'Methyl angolensate', ""5-(3'' -Hydroxypropyl)-7-methoxy-2-(3',4' -methyl-enedioxyphenyl)benzofuran"", '22β-hydroxypristimerin', '1- (5,7-dihydroxy-2,2-dimethylchroman-6-yl)-3-(2,2-dimethylchroman- 6-yl)propan-1-one', 'Canavaline', 'Casearin X; (1R*,3S*,5S*,6aR*,7S*,8S*,10R*,10aR*)-1-(Acetyloxy)-3,5,6,6a,7,8,9,10-octahydro-10-hydroxy-7,8-dimethyl-7-[(2Z)-3-methylpenta-2,4-dien-1-yl]naphtho[1,8a-c]furan-3,5-diyl Dibutanoate', 'α-L-xylopyranosyl-(4""→20)-(3-O-β-D-glucopyranosyl)-1\'-O-E-caffeoyl-β-D-glucopyranoside', ""2-(R)-Methyl-6-(S)-(tetradecyl-13'-one)-3(R)-O-tert-butyldimethylsilyl-piperidine"", '(2S)-Methyl-2-methyl-8-(3""-methylbut-2""-enyl)-2-(4\'-methylpent-3\'-enyl)-2H-chromene-6-carboxylate', 'Casearin T', 'Piperyline, N-[10-(13,14-methylenedioxyphenyl)-7(E),9(E)-pentadienoyl]-pyrrolidine', 'ω-fenil alcanoic acid', '2-butyl-D-fructofuranoside', ""Gaudichaudianic acid; (2S)-2-methyl-2-(4'methyl-3'-pentenyl)-8-(3''-methyl-2-butenyl)- 2H-1-benzopyran-6-carboxylic acid"", 'limonexic acid', 'Di(benzyltrithio) methane', '3,11,12-Trihydroxycadalene', 'Quercetin 3-O-sophoroside', '6α-acetoxymanoyl oxide', 'Methyl-8-hydroxy-2,2-dimethylchroman-6-carboxylate', 'Pedalitin', '1-O-(E)-caffeoyl-β-D-glucopyranoside', 'Gallic acid; 3,4,5-trihydroxybenzoic acid', 'Quercitrin, 3-O-α-rhamnosylquercetin', '(3R,4R)-3,4-Dihydro-4,6-dihydroxy-3-methyl-1-oxo-1H-isochromene-5-carboxylic acid', '24-methylene-3,22-dihydroxycholesterol', 'amorphispironone', 'Casearupestrin D', 'Chaetoglobosin B', ""2-(2'-O-benzoyl)-C-β-D-glucopyranosyl-1,3,6,7-tetrahydroxyxanthone"", 'Isoplumericin', 'N-[10-(13,14-methylenedioxyphenyl)-7(E),9(Z)-pentadienoyl]-pyrrolidine', '6-[8(Z)-pentadecenyl]salicylic acid', '(2S)-2-methyl-8-(3""-methylbut-2""-enyl)-2-(4\'-methylpent-3\'-enyl)-2H-chromene-6-carboxylic acid', 'Burchellin', '5-[8(Z)-pentadecenyl]resorcinol', 'Luteolin; 2-(3,4-dihydroxyphenyl)-5,7-dihydroxy-4H-chromen-4-one', '6α-acetoxy-14β,15β-epoxyazadirone', 'epoxy-fraxinellone', '12′-hydroxy-7′-multijuguinone', 'Kaempferitrin', 'Nitensidine C', 'Dipropyl disulphide', '2-methyl-5-[8(Z),11(Z)-pentadecadienyl]resorcinol', 'Methyl 6,7,8-trimethoxydihydrocinnamate', 'polypodine B', 'n-Propyl gallate', ""3',4',5',5,7,8-hexamethoxyflavone"", 'Isopropyl gallate', '6β-hydroxy-7-epigardoside methyl ester', 'Tetrahydropiperyline, N-[10-(13,14-methylenedioxyphenyl)-pentanoyl]-pyrrolidine', 'Piperovatine', '2,4,6-trimethoxybenzoic acid', 'fraxinellone', '6-[ 8(Z),11(Z) -pentadecadienyl] salicylic acid', '3,4,5-Triacetoxybenzoic acid', 'Odoratone', 'Rel-6β-hydroxyzuelanin-2β-benzoate', 'shidasterone', '5-hydroxymethyl- 2-furancarboxaldehyde; 5-hydroxymethyl-2-furfuraldehyde', 'atalaphyllinine', 'N-[10- (13,14-methylenedioxyphenyl)-7(E)-pentaenoyl]-pyrrolidine', '2-Methyl-5-methoxy-benzopyran-4-one', '3,4-dihydroxybenzoic acid geranyl ester', 'Gedunin', 'Sinapic acid', '19,20-Epoxycytochalasin Q', '19,20-Epoxycytochalasin R', 'Muraxanthone', '(+)-3-O-feruloylcassine', 'Pedalin, pedalitin 6-O-β -glucopyranoside', 'Caseargrewiin F; (1R*,3S*,5S*,6aR*,7S*,8R*,10R*,10aR*)-1,3-Bis(acetyloxy)-3,5,6,6a,7,8,9,10-octahydro-10-hydroxy-7,8-dimethyl-7-[(2Z)-3-methylpenta-2,4-dien-1-yl]naphtho[1,8a-c]furan-5-yl Butanoate', 'Casearin L; (1R*,3S*,5S*,6aR*,7R*,8R*,9S*,10S*,10aR*)-1,10-Bis(acetyloxy)-3,5,6,6a,7,8,9,10-octahydro-9-hydroxy-5-methoxy-7,8-dimethyl-7-[(2Z)-3-methylpenta-2,4-dien-1-yl]naphtho[1,8a-c]-furan-3-yl Butanoate', 'Platydesmine', 'Leiokinine A', 'Cabraleadiol', 'schaftoside', ""(2S)-Methyl-8-isopentyl-2-methyl-2-(4'-methylpentyl)chroman-6-carboxylate"", 'Casearupestrin A', '2-oxo-piperol B; (7S*, 8R*, 1R*, 3R*)-3,4,5-trimethoxy-3,7-cyclo-8,1-neolig-8-ene-2,4(3H)-dione', 'taxifolin', ""(2'S)-2-(propan-2'-ol)-5-hydroxy-benzopyran-4-one"", 'Rel-(+)-(7S,9R,10S)-3,9,12-trihydroxycalamenene', 'Casearin S', '2-Hexyl-3-methyl-butanodioic acid', 'Amentoflavone', '1-(5,7-dihydroxy-2,2-dimethylchroman-6-yl)-3-(1,1,4a-trimethyl-2,3,4,4a,9a-hexahydro-1H-xanthen-7-yl)propan-1-one', 'Methyl (E)-6,7,8-trimethoxycinnamate', '3,4,5-Trimethoxyphenyl-1-O-β-D-(5-O-syringoyl)-apiofuranosyl-(1→6)-β-D-glucopyranoside', '6-[8(Z),11(Z),14-pentadecatrienyl]salicylic acid', '11β-acetoxyobacunone', '1-(5,7-dihydroxy-2,2-dimethylchroman- 6-yl)-3-[4-hydroxy-3-(3-methylbut-2-en-1-yl)- phenyl]propan-1-one', '(3R,4R)-4,7-Dihydroxymellein', ""Nitensoside B; Pedalitin 6-O-α-rhamnopyranosyl(1'''→6'')-β-glucopyranoside"", 'Methyl gallate', '3-O-β-D-quinovopyranosyl cincholic acid', 'Afzelin, 3-O-α-rhamnosyl kaempferol', 'Egonol', '4-Nerolidilcatechol', ""2-(2'-O-transcoumaroyl)-C-β-D-glucopyranosyl-1,3,6,7-tetrahydroxyxanthone"", 'Syringic acid', 'Lauryl gallate', 'Syringaldehyde', '22-hydroxytirucalla-7,24-diene-2,3-dione', 'Trans-3’-methylsulphonylallyl trans-cinnamate', '(3-(2-(4-hydroxyphenyl)-2-oxoethyl)-5,6-dihydropyridin- 2(1H)-one)', 'Mangiferin', 'Salacin', '6-pentadecylsalicylic acid', 'Methyl-2,2-dimethylchroman-6-carboxylate', ""Myrsinoic acid A, 3-Geranyl-4-hydroxy-5-(3'',3''-dimethylallyl)benzoic acid"", '20α-Hydroxymaytenin; 20-hydroxy-20-epi-tingenone', '(-)-Epigallocatechin-3-O-gallate', 'Casearin D; (1R*,3S*,5S*,6aR*,7R*,8R*,9S*,10S*,10aR*)-1-(Acetyloxy)-3,5,6,6a,7,8,9,10-octahydro-5,10-dihydroxy-7,8-dimethyl-7-[(2Z)-3-methylpenta-2,4-dien-1-yl]naphtho[1,8a-c]furan-3,9-diyl Dibutanoate', 'Rel. (+)-(7S,10S) 3,12-dihydroxycalamenene', 'carlinoside', 'Methyl-8-(ethanoyloxy)-2,2-dimethyl-2H-chromene-6-carboxylate', 'Dibenzyl trisulphide', 'Maytenin, Tingenone', 'Kokusaginine', ""2-(2'-O-trans-caffeoyl)-C-β-D-glucopyranosyl-1,3,6,7-tetrahydroxyxanthone"", 'Netzahualcoyene', 'Casearin X Dialdehyde; (2R*,4aS*,5S*,7R*,8R*,8aS*)-4,4a-Diformyl-1,2,4a,5,6,7,8,8a-octahydro-5-hydroxy-7,8-dimethyl-8-[(2Z)-3-methylpenta-2,4-dien-1-yl]naphthalen-2-yl Butanoate', 'Sorbifolin', ""Nitensoside A; Sorbifolin 6-O-α-rhamnopyranosyl(1'''→6'')-β-glucopyranoside"", 'Casearin O; (1R*,3S*,5S*,6aR*,7R*,8R*,9S*,10S*,10aR*)-1,10-Bis(acetyloxy)-5-methoxy-7,8-dimethyl-7-[(2Z)-3-methylpenta-2,4-dien-1-yl]-3,5,6,6a,7,8,9,10-octahydronaphtho[1,8a-c]furan-3,9-diyl Dibutanoate', 'germacrene D', '2β-Hydroxyzuelanin-6β-cinnamate', 'arjunolic acid', 'stachysterone', 'Ethyl 2,4-dihydroxy-5,6-dimethylbenzoate', 'Amentoflavone 7”,4”’-dimethyl ether', 'Picramnioside F', 'Cyclo-(L-Pro-L-Val)', 'Acetonide of odoratol', '(−)-Grandisin', '24-methylenecycloartan-3b-ol', 'Ixoside', 'Cognatine', 'Fagaramide']]",doi_name
"['10.1016/S0031-9422(01)00079-6', 'Dibenzyl tetrasulphide']","['10.1016/S0031-9422(01)00079-6', ['guaiol', 'γ-eudesmol', 'Hinesol', 'α-eudesmol', 'Galioside aglicone', '11-O-trans-feruloylteucrein', 'Teucrein', 'Galioside', 'Apodanthoside', 'Mycoleptone A', '9-hydroxyeugenin', 'Eugenitin', 'Austdiol', '6-methoxyeugenin', 'Mycoleptone A tetraacetate', 'Austdiol diacetate', 'Mycoleptone B', ""3',4'-methylenedioxy-5,6,7- trimethoxyflavone"", ""3',4'-methylenedioxy-5,5',6,7-tetramethoxyflavone"", ""2'-hydroxy-3,4,4'-trimethoxy-5',6'-(2'',2''-dimethylpyrano)-chalcone"", ""3',4'-methylenedioxy-5,7-dimethoxyflavone"", 'Chlorogenic acid methyl ester, Methyl (1S,3R,4R,5R)-3-{[(2E)-3-(3,4-dihydroxyphenyl)-2-propenoyl]oxy}-1,4,5-trihydroxycyclohexanecarboxylate', '2α,3α,19α- trihydroxyurs-12-en-28-oic acid', 'penduletin 4-O-methyl ether', '3,3-O-dimethylquercetin', '3-O-methylquercetin', 'p-hydroxybenzoic acid', 'Chrysoeriol', 'acacetin', '3,7,4-O-trimethylkaempferol', '2α,3α-dihydroxyolean-12- en-28-oic acid', '5,7-dimethoxy-2,2-dimethyl-2H-1-benzopyran-6-propanoate', ""7,4'-Dihydroxyflavone"", '19´-(3,4-Methylenedioxyphenyl)-nonadecanoic acid', 'Tithonine', 'Farnisine', 'Sargaquinoic acid', 'Fasciculiferin', 'Sargachromenol', ""Juruenolic acid; 2-(4'-Methylpentenyl-3)-10-oxoundecan-2,6-dienoic acid"", '21´-(3,4-Methylenedioxyphenyl)-henicosanoic acid', '(+)-Guaiacin', ""7,4'-Dimethoxyflavone"", '17-(3,4-Methylenedioxyphenyl)-heptadecanoic acid', '(+)-11α-Hydroxyerythravine', '(+)-Erythravine', '(+)-α-Hydroxyerysotrine', 'Diderroside', '7-Methoxydiderroside', ""6'-Acetyl-β-D-glucopyranosyldiderroside"", 'Secoxyloganin', '(-)-3-O-acetyl-spectaline', ""3',4',5',3,5,7,8-heptamethoxyflavone"", ""3,5,6,7,3',4',5'-heptamethoxyflavonol"", 'Beauvericin', 'Anhydrofusarubin', ""3,4-dimethyl-2-(4'-hydroxy-3',5'-dimethoxyphenyl)-5-methoxy-tetrahydrofuran"", '21α,25-dimethylmelianodiol', '21β,25-dimethylmelianodiol', '3,21-Di-epi-feroniellide B', 'Citibrasine', '2,3-dihydro-4,9-dihydroxy-2-(2-hydroxy-propan-2-yl)- 11-methoxy-10-methylfuro[3,2-b]acridin-5(10H)-one', 'bis-5-hydroxyacronycine', 'Taraxerol acetate', 'Procyanidin B-3', '6-Hydroxy-rutin', 'Kaempferol-3-O-D-glucopyranoside', 'Kaempferol-3-O-α-L-rhamnopyranosyl-(1-6)-α-L-rhamnopyranosyl-(1-4)-β-D-glucopyranoside', 'Kaempferol-3-O-rutinoside', 'Catechin, Ent-catechin', 'Kaempferol-3-O-α-L-rhamnopyranosyl-(1→6)-β-D-galactopyranoside', 'Quercetin-3-O-α-L-rhamnopyranosyl-(1→6)-β-D-galactopyranoside', 'Kaempferol-3-O-D-galactopyranoside', 'Aphidicolin', 'Methyl (3R,4R,5R)-3-{[(2E)-3-(3,4-dihydroxyphenyl)-2-propenoyl]oxy}-1,4,5-trihydroxycyclohexanecarboxylate', 'Methyl (3R,4R,5R)-3-{[(2Z)-3-(3,4-dihydroxyphenyl)-2-propenoyl]oxy}-1,4,5-trihydroxycyclohexanecarboxylate', '1,3,5-trihydroxy-4-methoxy-10-methyl- 2,8-bis(3-methylbut-2-enyl)acridin-9(10H)-one', 'Citrusinine-II', '1,3,5-trihydroxy- 2,8-bis(3-methylbut-2-enyl)-10-methyl-9-acridone', 'Glycocitrine-IV', 'Pyranofoline', 'Citrusinine-I', '3,4-dihydro-3,5,8-trihydroxy-6-methoxy-2,2,7-trimethyl-2Hpyrano[ 2,3-a]acridin-12(7H)-one', '5-hydroxynoracronycine; Atalaphyllidine', 'Glycocitrine-I', ""3-(3',7 '-dimethyl-2',6 '-octadienyl)-4-methoxy-benzoic acid"", 'Methyl-8-hydroxy-2,2-dimethyl-2H-chromene-6-carboxylate', ""4-Methoxy-3-(3',7'-dimethylocta-2'-E-6'-dienyl)benzoic acid"", 'Ferulic acid', 'β-Gardiol', 'α-Gardiol', '5,7-dimethoxy-2,2-dimethyl-2H-1-benzopyran-6-propanoic acid', ""2-(3',4'-methylenedioxyphenylethyl)-Quinoline"", '2-n-Pentylquinoline', '2-n-Propylquinoline', ""2-(1'-pentenyl)-Quinoline"", ""Hostmaniene; 4-Hydroxy-3-(2',3'-dihydroxy-3'-methylbutyl)benzoate"", ""4-Hydroxy-3-(3',7'-dimethylocta-2'-E-6'-dienyl)benzoic acid"", 'Methyl 2,2-dimethyl-1-oxo-2H-1-benzopyran-6-carboxylate', ""Methyl taboganate; Methyl 4-hydroxy-3-(3'-methyl-1'-oxo-2'-butenyl)benzoate"", ""2',6'-Dihydroxy-4'-methoxydihydrochalcone"", 'Piperaduncine B', ""Methyl 4-hydroxy-3-(3'-methyl-2'-butenyl)benzoate"", '3,4,5-Trimethoxydihydrocinnamic acid', ""Methyl 4-hydroxy-3-(3'-methyl-2'-hydroxy-3'-butenyl)benzoate"", ""Aduncumene; Methyl 2-methoxy-5-(3'-methyl-1'-oxo-2'-butenyl)benzoate"", ""4-Hydroxy-(3',7'-dimethyl-1'-oxo-octa-2'-Z-6'-dienyl)benzoic acid"", 'Tagitinin C', '1-methoxy-3-hydroxy-3,10b-4,5a-diepoxy-8b-isobutyroyloxygermacr-11(13)-en-6a,12-olide', 'Iso-odoratol', 'Oleanonic acid', 'Pentaol', 'Piscidinol A', 'cryptomeridiol', '3,11-dioxoolean-12-en-28- onic acid', 'Nilocetin', 'Hispidol A', ""Rel-(7R,8S,7'S,8'S)-9-hydroxy-4',5'-methylenedioxy-3,4,5,3'-tetramethoxy-7,7'-epoxylignan"", ""Rel-(7R,8S,7'S,8'S)-4',5'-methylenedioxy-3,4,5,3'-tetramethoxy-7,7'-epoxylignan"", ""Rel-(7R,8S,7'S,8'S)-4-hydroxy-4',5'-methylenedioxy-3,5,3'-trimethoxy-7,7'-epoxylignan"", ""Rel-(7R,8S,7'S,8'S)-4'-hydroxy-3,4,5,3',5'-pentamethoxy-7,7'-epoxylignan"", ""Rel-(7R,8S,7'S,8'S)-4,5,4',5'-dimethylenedioxy-3,3'-dimethoxy-7,7'-epoxylignan"", '4,5-dihydropiperlonguminine; Piperlonguminine', '(Z)-piplartine; 8(Z)-N-(12,13, 14-trimethoxycinnamoyl)- 3-pyridin-2-one', 'Piperine', '8,9-dihydropiplartine; N-(12,13,14-trimethoxydihydrocinnamoyl)-Δ3-pyridin-2-one', ""N-[3-(6'-methoxy-3',4'-methy-lenedioxyphenyl)-2(Z)-propenoyl]pyrrolidine"", '4,5-dihydropiperyline', '10,11-dihydropiperine; Δα,β-dihydropiperine', '(E)-piplartine', 'Pellitorine', '(3Z,5Z)-N-isobutyl-8-(30,40-methylenedioxy-phenyl)-heptadienamide', 'Pimara-7,15-dien-3β-ol', 'Dimethyl terephthalate', '(22E,24R)-ergosta-4,6,8(14),22-tetraen-3-one', '8-hydroxy-6-methoxy-3-methylisocoumarin', 'Ergosterol peroxide', 'Epi-guaiacin', 'Verrucosin', '7-Methyl-sargachromenol; 2,7,8-Trimethyl-2-[(3-E,7-Z)-4,12-dimethyl-8-carboxyl-3,7,11-tridecatrienyl]-3-chromen-6-ol, β-caroteno', 'Nectandrin B', 'cyclo (L)-Pro-Gly', ""4-Hydroxy-3-(3',7'-dimethyl-3'-hydroxy-1'-oxo-6'-octenyl)benzoic acid"", ""1,4-Dihydroxy-2-(3',7'-dimethyl-1'-oxo-2'-E-6'-octadienyl)benzene"", ""Sakuranetin; 5,4'-dihydroxy-7-methoxyflavanone"", ""Isosakuranetin; 5,7-dihydroxy-4'-methoxyflavanone"", ""4-Hydroxy-(3',7'-dimethyl-1'-oxo-octa-2'-E-6'-dienyl)benzoic acid"", 'Nitensidine D', 'Nitensidine E', 'Xanthyletin', 'astilbin; Rel-(2R, 3R)-dihydroquercetin-3-O-±-L-rhamnoside', '3,4-dehydrostrictosidine acid', '3,4-dehydro-strictosidine', '5α-carboxystrictosidine', 'Cordifoline', 'Turbinatine', 'Harman-3-carboxylic acid', 'Strictosidine acid', 'Deoxycordifoline', 'Clusifoliol', ""Isoswertisin-4'-methyl-ether-2''α-L-rhamnoside"", '2-Episesalatin', ""Isoswertisin-2''α1-L-rhamnoside"", 'Sesartemin', 'Stearic acid 4-pentoyloxyphenethyl ester', 'Isopimpinellin', '4-metoxi-6-[2-(metilamino)fenil]- 2H-piran-2-ona', 'β-caryophyllene, trans-caryophyllene', 'Methacrylic acid', 'Cusculine; 1,2,3,5,6-pentamethoxy-9-acridone', 'Cuspanine; 1-hydroxy-2,3,5,6-tetramethoxy-9-acridone', '2α,3α-Dihydroxy-urs-12-en-28-oic acid', 'Oleanolic acid 3-sophoroside', '3-O-β-D-(6’-methyl)-glucopyranosyl-28-O-β-D-glucopyranosyl-oleanate', 'Haplotusine', 'β-Sitosterol benzoate', '5-hydroxyflavone', '2-phenyl-4H-chromen-4-one', 'Sinapyl 4-O-β-D-glucopyranoside aldehyde', 'Sinapyl 4-O-β-D-glucopyranoside alcohol', 'Liriodenine', 'N-acetylnonaine', '[10]-gingerol', ""2,4-Dihydroxy-6-[(1'E,3'E)-penta-1', 3'-dienyl]-benzaldehyde"", '2-methyl-5-[8(Z)-pentadecenyl]resorcinol', 'Nitensidine A', '2-hydroxyphenylacetic acid', '3-O-β-D-quinovopyranosyl quinovic acid', 'Kaempferol', ""8-hydroxy-3,5,7,3',4',5'-hexamethoxyflavonol"", 'scillascillin', 'Homoegonol', '[8]-gingerol', '4-Hydroxymellein', '5-hydroxymellein', 'fraxinellonone', 'Dibenzyl sulphide', '(-) Cis-4-hydroxy-6-deoxyscytalone', 'Gallic acid; 3,4,5-trihydroxybenzoic acid', 'Maculosidine', 'Podocarpusflavone A', '(4R)-4,8-dihydroxy-α-tetralone', 'Odoratol', 'Leptomerine', '5-hydroxy-N-methylseverifoline', '19,20-Epoxycytochalasin N', 'ellagic acid 4-O-α-L-rhamnopyranoside; eschweilenol C', 'Mayoside C', 'Ourateacatechin', ""3',4',5',5,7-pentamethoxyflavone"", '2-methyl-5-pentadecylresorcinol', '3β-hydroxy-stigmast-5-en-7-one; 24-β-7-oxositosterol', 'Acetonide of odoratol', '(−)-Grandisin', 'n-Butyl gallate', ""5-[3''-(β-D-glucopyranosyloxy)propyl]-7-methoxy-2-(3',4'-dimethoxyphenyl)benzofuran"", '3,12-Dihydroxycadalene', '7-hydroxy-3- (11-dimethylallyl)-8-methoxycoumarin', ""N-[7-(3',4'-methylenedioxyphenyl)-2(Z),4(Z)-heptadienoyl]pyrrolidine"", ""Acteoside; [β-3,4-dihydroxyphenyl)-ethyl]-(3'-O-α-L-rhamnopyranosyl)-(4'-O-cafeoyl)-β-D-glycopyranoside, verbascoside"", 'Ocotillone', 'des-N-methylnoracronycine', 'Sorbifolin 6-O-β-glucopyranoside', 'Rel-2α-hydroxyzuelanin-6β-benzoate', '2,6-di-O-acetylcasearupestrin D', ""Methyl-2,2-dimethyl-8-(3'-methylbut-2'-enyl)chroman-6-carboxylate"", '2,7-Di-O-acetylcasearupestrin A', 'Nitensidine B', '1-methyl-2-n-nonyl-4-quinolone', '5-[8(Z),11(Z),14-pentadecatrienyl]resorcinol', '5-pentadecylresorcinol', '19,20-Epoxycytochalasin D', 'fumiquinozoline F', 'Kaempferol 3-O-α-L-rhamnopyranosyl (1→6)-O-[β -D-glucopyranosyl (1→3)-O-α-L-rhamnopyranosyl-(1→2)]-O-β -D-glucopyranosyl', '3β-O-[α-L-rhamnopyranosyl-(1→2)-O-β-D-glucopyranosyl-(1→2)-O-β-D-glucopyranosyl]-28-O-β-D-glucopyranoside pomolate', 'Dibenzyl tetrasulphide', ""2',5-dihydroxy-3-methoxy-8-dimethylallyl-6, 7-(2' ',2''-dimethylpyrano)-dihydroflavonol"", '1- (5,7-dihydroxy-2,2-dimethylchroman-6-yl)-3-(2,2-dimethylchroman- 6-yl)propan-1-one', 'Canavaline', 'Di-hydrodehydrodiconiferyl alcohol', 'Quercetin', ""2-(2'-O-trans-cinnamoyl)-C-β-D-glucopyranosyl-1,3,6,7-tetrahydroxyxanthone"", 'Kokusaginine', 'Pristimerin; 20α-3-hydroxy-2-oxo-24-nor-friedela-1-10,3,5,7-tetraen-carboxylic acid-29-methylester', '3,4,5-trimethoxyphenyl 1-O-β-D-apiofuranosyl-(1→6)-O-β-D-glucopyranoside', 'β-photogedunin', '2-n-nonyl-4-quinolone', 'Cytochalasin D', 'Isoorientin', 'Skimmianine', 'p-hydroxybenzoic acid-geranyl ester', 'Dibenzyl disulphide', 'Proanthocyanidin', 'neoisoastilbin', '(R)-7-Hydroxymellein', '6α-acetoxymanoyl oxide', 'Methyl-8-hydroxy-2,2-dimethylchroman-6-carboxylate', 'Casearupestrin C', '6α-malonyloxy-n-butyl ester manoyl oxide', 'citrusinine-I', 'Ricinine', 'Leptophyllin A', 'Caseobliquin A', 'Methyl angolensate', ""5-(3'' -Hydroxypropyl)-7-methoxy-2-(3',4' -methyl-enedioxyphenyl)benzofuran"", '22β-hydroxypristimerin', '6α-acetoxy-14β,15β-epoxyazadirone', 'urauchimycin A', 'p-Coumaric acid', '(-)-Epigallocatechin', 'Netzahualcoyonol', '1-[3-(3,7-dimethylocta-2,6-dien-1-yl)-2,4,6- trihydroxyphenyl]-3-(4-hydroxyphenyl)propan-1-one', '6α-malonyloxymanoyl oxide', 'Benzylhydroxymethyl sulphide', '1,6-di-O-caffeoyl-β-D-glucopyranoside', '2-methyl-5-[8(Z),11(Z),14-pentadecatrienyl]resorcinol', '20-hydroxyecdysone; polypodine A', '3-Acetyl aleuritolic acid', 'Uracil', '1-O-(E)-feruloyl-β-D-glucopyranoside', '19,20-Epoxycytochalasin C', 'n-Pentyl gallate', 'Orcinol', 'Periconicin B', 'Phomopsilactone', 'n-Propyl gallate', ""3',4',5',5,7,8-hexamethoxyflavone"", 'Isopropyl gallate', '6β-hydroxy-7-epigardoside methyl ester', 'Tetrahydropiperyline, N-[10-(13,14-methylenedioxyphenyl)-pentanoyl]-pyrrolidine', 'Piperovatine', '2,4,6-trimethoxybenzoic acid', '1-O-(E)-caffeoyl-β-D-glucopyranoside', 'Quercitrin, 3-O-α-rhamnosylquercetin', 'epoxy-fraxinellone', '12′-hydroxy-7′-multijuguinone', 'Kaempferitrin', 'Nitensidine C', 'Dipropyl disulphide', '2-methyl-5-[8(Z),11(Z)-pentadecadienyl]resorcinol', 'Methyl 6,7,8-trimethoxydihydrocinnamate', '2-Hexyl-3-methyl-butanodioic acid', 'fraxinellone', 'Alkenoic acid', 'Quercetin 3-O-α-L-rhamnopyranosyl (1→6)-O-[β -D-glucopyranosyl (1→3)-O-α-L-rhamnopyranosyl-(1→2)]-O-β -D-glucopyranosyl', 'Heveaflavone', 'Arboreumine', '3-Oxoursolic acid', 'Casearupestrin B', 'toonacilin', ""2-(R)-Methyl-6-(S)-(tetradecyl-13'-one)-3(R)-O-tert-butyldimethylsilyl-piperidine"", '(2S)-Methyl-2-methyl-8-(3""-methylbut-2""-enyl)-2-(4\'-methylpent-3\'-enyl)-2H-chromene-6-carboxylate', 'Casearin T', 'Piperyline, N-[10-(13,14-methylenedioxyphenyl)-7(E),9(E)-pentadienoyl]-pyrrolidine', 'ω-fenil alcanoic acid', '2-butyl-D-fructofuranoside', ""Gaudichaudianic acid; (2S)-2-methyl-2-(4'methyl-3'-pentenyl)-8-(3''-methyl-2-butenyl)- 2H-1-benzopyran-6-carboxylic acid"", 'limonexic acid', 'Pedalitin', 'Di(benzyltrithio) methane', '3,11,12-Trihydroxycadalene', ""(2S)-8-Isopentyl-2-methyl-2-(4'-methylpentyl)chroman-6-carboxylic acid"", '2,2-dimethyl-2H-chromene-6-carboxylic acid', '1,2-dihydro- 3β-hydroxy-7-deacetoxy-7-oxogedunin', 'Photogedunin', 'Casearin X; (1R*,3S*,5S*,6aR*,7S*,8S*,10R*,10aR*)-1-(Acetyloxy)-3,5,6,6a,7,8,9,10-octahydro-10-hydroxy-7,8-dimethyl-7-[(2Z)-3-methylpenta-2,4-dien-1-yl]naphtho[1,8a-c]furan-3,5-diyl Dibutanoate', 'Quercetin 3-O-sophoroside', '(3R,4R)-3,4-Dihydro-4,6-dihydroxy-3-methyl-1-oxo-1H-isochromene-5-carboxylic acid', '24-methylene-3,22-dihydroxycholesterol', 'amorphispironone', 'Casearupestrin D', 'Chaetoglobosin B', ""2-(2'-O-benzoyl)-C-β-D-glucopyranosyl-1,3,6,7-tetrahydroxyxanthone"", 'Isoplumericin', 'α-L-xylopyranosyl-(4""→20)-(3-O-β-D-glucopyranosyl)-1\'-O-E-caffeoyl-β-D-glucopyranoside', '6-[8(Z)-pentadecenyl]salicylic acid', '(2S)-2-methyl-8-(3""-methylbut-2""-enyl)-2-(4\'-methylpent-3\'-enyl)-2H-chromene-6-carboxylic acid', 'Burchellin', '5-[8(Z)-pentadecenyl]resorcinol', 'Luteolin; 2-(3,4-dihydroxyphenyl)-5,7-dihydroxy-4H-chromen-4-one', 'Sinapic acid', '6-[ 8(Z),11(Z) -pentadecadienyl] salicylic acid', 'Netzahualcoyene', 'Casearin X Dialdehyde; (2R*,4aS*,5S*,7R*,8R*,8aS*)-4,4a-Diformyl-1,2,4a,5,6,7,8,8a-octahydro-5-hydroxy-7,8-dimethyl-8-[(2Z)-3-methylpenta-2,4-dien-1-yl]naphthalen-2-yl Butanoate', 'polypodine B', '19,20-Epoxycytochalasin Q', '19,20-Epoxycytochalasin R', 'Muraxanthone', 'Casearupestrin A', '2-oxo-piperol B; (7S*, 8R*, 1R*, 3R*)-3,4,5-trimethoxy-3,7-cyclo-8,1-neolig-8-ene-2,4(3H)-dione', 'taxifolin', ""(2'S)-2-(propan-2'-ol)-5-hydroxy-benzopyran-4-one"", 'Rel-(+)-(7S,9R,10S)-3,9,12-trihydroxycalamenene', 'Casearin S', '11β-acetoxyobacunone', '1-(5,7-dihydroxy-2,2-dimethylchroman- 6-yl)-3-[4-hydroxy-3-(3-methylbut-2-en-1-yl)- phenyl]propan-1-one', '(3R,4R)-4,7-Dihydroxymellein', ""Nitensoside B; Pedalitin 6-O-α-rhamnopyranosyl(1'''→6'')-β-glucopyranoside"", 'N-[10- (13,14-methylenedioxyphenyl)-7(E)-pentaenoyl]-pyrrolidine', '2-Methyl-5-methoxy-benzopyran-4-one', '3,4-dihydroxybenzoic acid geranyl ester', 'N-[10-(13,14-methylenedioxyphenyl)-7(E),9(Z)-pentadienoyl]-pyrrolidine', 'Gedunin', 'Pedalin, pedalitin 6-O-β -glucopyranoside', 'Piperol B', '(-)-Hardwickiic acid', ""5-[3''-(β-D-glucopyranosyloxy)propyl]-7-methoxy-2-(3',4'-methylenedioxyphenyl)benzofuran"", '28-O-β-D-glucopyranosyl quinovic acid', '2-Methyl-4-hydroxy-butyl caffeoate', 'N-1,N-2,N-3-Triisopentenylguanidine', 'Dibenzyl trisulphide', 'Maytenin, Tingenone', 'urauchimycin B', ""2-(2'-O-trans-caffeoyl)-C-β-D-glucopyranosyl-1,3,6,7-tetrahydroxyxanthone"", 'Cabraleadiol', 'schaftoside', ""(2S)-Methyl-8-isopentyl-2-methyl-2-(4'-methylpentyl)chroman-6-carboxylate"", '3,4,5-Triacetoxybenzoic acid', '1-(5,7-dihydroxy-2,2-dimethylchroman-6-yl)-3-(1,1,4a-trimethyl-2,3,4,4a,9a-hexahydro-1H-xanthen-7-yl)propan-1-one', 'Methyl (E)-6,7,8-trimethoxycinnamate', '3,4,5-Trimethoxyphenyl-1-O-β-D-(5-O-syringoyl)-apiofuranosyl-(1→6)-β-D-glucopyranoside', '6-[8(Z),11(Z),14-pentadecatrienyl]salicylic acid', 'Sorbifolin', ""Nitensoside A; Sorbifolin 6-O-α-rhamnopyranosyl(1'''→6'')-β-glucopyranoside"", 'Amentoflavone', 'Odoratone', 'Rel-6β-hydroxyzuelanin-2β-benzoate', 'shidasterone', '5-hydroxymethyl- 2-furancarboxaldehyde; 5-hydroxymethyl-2-furfuraldehyde', 'atalaphyllinine', 'Lauryl gallate', 'Casearin O; (1R*,3S*,5S*,6aR*,7R*,8R*,9S*,10S*,10aR*)-1,10-Bis(acetyloxy)-5-methoxy-7,8-dimethyl-7-[(2Z)-3-methylpenta-2,4-dien-1-yl]-3,5,6,6a,7,8,9,10-octahydronaphtho[1,8a-c]furan-3,9-diyl Dibutanoate', 'germacrene D', 'Methyl gallate', '3-O-β-D-quinovopyranosyl cincholic acid', 'Afzelin, 3-O-α-rhamnosyl kaempferol', 'Egonol', '4-Nerolidilcatechol', ""2-(2'-O-transcoumaroyl)-C-β-D-glucopyranosyl-1,3,6,7-tetrahydroxyxanthone"", 'Syringic acid', '(+)-3-O-feruloylcassine', '6-pentadecylsalicylic acid', 'Caseargrewiin F; (1R*,3S*,5S*,6aR*,7S*,8R*,10R*,10aR*)-1,3-Bis(acetyloxy)-3,5,6,6a,7,8,9,10-octahydro-10-hydroxy-7,8-dimethyl-7-[(2Z)-3-methylpenta-2,4-dien-1-yl]naphtho[1,8a-c]furan-5-yl Butanoate', 'Casearin L; (1R*,3S*,5S*,6aR*,7R*,8R*,9S*,10S*,10aR*)-1,10-Bis(acetyloxy)-3,5,6,6a,7,8,9,10-octahydro-9-hydroxy-5-methoxy-7,8-dimethyl-7-[(2Z)-3-methylpenta-2,4-dien-1-yl]naphtho[1,8a-c]-furan-3-yl Butanoate', 'Platydesmine', 'Leiokinine A', '8-methoxymellein', '(±)-Syringaresinol', 'Cyclo-(L-Pro-L-Val)', 'Methyl-2,2-dimethylchroman-6-carboxylate', ""Myrsinoic acid A, 3-Geranyl-4-hydroxy-5-(3'',3''-dimethylallyl)benzoic acid"", '20α-Hydroxymaytenin; 20-hydroxy-20-epi-tingenone', '(-)-Epigallocatechin-3-O-gallate', 'Casearin D; (1R*,3S*,5S*,6aR*,7R*,8R*,9S*,10S*,10aR*)-1-(Acetyloxy)-3,5,6,6a,7,8,9,10-octahydro-5,10-dihydroxy-7,8-dimethyl-7-[(2Z)-3-methylpenta-2,4-dien-1-yl]naphtho[1,8a-c]furan-3,9-diyl Dibutanoate', 'Rel. (+)-(7S,10S) 3,12-dihydroxycalamenene', 'carlinoside', 'Methyl-8-(ethanoyloxy)-2,2-dimethyl-2H-chromene-6-carboxylate', 'arjunolic acid', 'stachysterone', 'Ethyl 2,4-dihydroxy-5,6-dimethylbenzoate', 'Amentoflavone 7”,4”’-dimethyl ether', 'Picramnioside F', 'Plumericin', '5-[8(Z),11(Z)-pentadecadienyl]resorcinol', '(-)-Spectalinine', 'Netzahualcoyondiol', 'Syringaldehyde', '22-hydroxytirucalla-7,24-diene-2,3-dione', 'Trans-3’-methylsulphonylallyl trans-cinnamate', '(3-(2-(4-hydroxyphenyl)-2-oxoethyl)-5,6-dihydropyridin- 2(1H)-one)', 'Mangiferin', 'Salacin', 'Viburgenin', ""Pterogynoside; Kaempferol-3-O-(3''-O-4'''-methylgallate-α-L-rhamnoside)"", 'Isobutyl gallate', '7′-multijuguinone', 'Griseofulvin', ""7-Hydroxy-4',6-dimethoxyisoflavone; Afrormosin; Afromosin"", '24-methylenecycloartan-3b-ol', 'Ixoside', '2β-Hydroxyzuelanin-6β-cinnamate', 'Cognatine', 'Fagaramide', 'Chalepin', 'Chlorogenic acid']]",doi_name
"['10.1093/mutage/gep034', 'Caseargrewiin F; (1R*,3S*,5S*,6aR*,7S*,8R*,10R*,10aR*)-1,3-Bis(acetyloxy)-3,5,6,6a,7,8,9,10-octahydro-10-hydroxy-7,8-dimethyl-7-[(2Z)-3-methylpenta-2,4-dien-1-yl]naphtho[1,8a-c]furan-5-yl Butanoate']","['10.1093/mutage/gep034', ['Citrusinine-I', '5-hydroxynoracronycine; Atalaphyllidine', 'Glycocitrine-I', 'Citrusinine-II', 'Glycocitrine-IV', '1,3,5-trihydroxy- 2,8-bis(3-methylbut-2-enyl)-10-methyl-9-acridone', 'Pyranofoline', '3,4-dihydro-3,5,8-trihydroxy-6-methoxy-2,2,7-trimethyl-2Hpyrano[ 2,3-a]acridin-12(7H)-one', '1,3,5-trihydroxy-4-methoxy-10-methyl- 2,8-bis(3-methylbut-2-enyl)acridin-9(10H)-one', 'Hinesol', 'γ-eudesmol', 'guaiol', 'α-eudesmol', ""4-Methoxy-3-(3',7'-dimethylocta-2'-E-6'-dienyl)benzoic acid"", ""3-(3',7 '-dimethyl-2',6 '-octadienyl)-4-methoxy-benzoic acid"", 'Methyl-8-hydroxy-2,2-dimethyl-2H-chromene-6-carboxylate', 'Teucrein', '11-O-trans-feruloylteucrein', 'Galioside', 'Apodanthoside', 'Galioside aglicone', 'Nilocetin', 'Hispidol A', 'Iso-odoratol', 'Pentaol', 'Piscidinol A', 'cryptomeridiol', '3,11-dioxoolean-12-en-28- onic acid', 'Oleanonic acid', '(-)-3-O-acetyl-spectaline', ""3',4'-methylenedioxy-5,5',6,7-tetramethoxyflavone"", ""2'-hydroxy-3,4,4'-trimethoxy-5',6'-(2'',2''-dimethylpyrano)-chalcone"", ""3',4'-methylenedioxy-5,6,7- trimethoxyflavone"", ""3',4'-methylenedioxy-5,7-dimethoxyflavone"", 'Chlorogenic acid methyl ester, Methyl (1S,3R,4R,5R)-3-{[(2E)-3-(3,4-dihydroxyphenyl)-2-propenoyl]oxy}-1,4,5-trihydroxycyclohexanecarboxylate', 'Anhydrofusarubin', 'Beauvericin', '21α,25-dimethylmelianodiol', '21β,25-dimethylmelianodiol', '3,21-Di-epi-feroniellide B', 'bis-5-hydroxyacronycine', 'Citibrasine', '2,3-dihydro-4,9-dihydroxy-2-(2-hydroxy-propan-2-yl)- 11-methoxy-10-methylfuro[3,2-b]acridin-5(10H)-one', 'Mycoleptone A', '9-hydroxyeugenin', 'Austdiol', 'Austdiol diacetate', 'Eugenitin', 'Mycoleptone A tetraacetate', '6-methoxyeugenin', 'Mycoleptone B', '2α,3α,19α- trihydroxyurs-12-en-28-oic acid', '3,3-O-dimethylquercetin', 'penduletin 4-O-methyl ether', 'p-hydroxybenzoic acid', '2α,3α-dihydroxyolean-12- en-28-oic acid', '3-O-methylquercetin', '3,7,4-O-trimethylkaempferol', 'Chrysoeriol', 'acacetin', 'Xanthyletin', ""Isoswertisin-2''α1-L-rhamnoside"", 'Sesartemin', '2-Episesalatin', 'Clusifoliol', ""Isoswertisin-4'-methyl-ether-2''α-L-rhamnoside"", 'astilbin; Rel-(2R, 3R)-dihydroquercetin-3-O-±-L-rhamnoside', 'Stearic acid 4-pentoyloxyphenethyl ester', '5,7-dimethoxy-2,2-dimethyl-2H-1-benzopyran-6-propanoate', ""4-Hydroxy-3-(3',7'-dimethyl-3'-hydroxy-1'-oxo-6'-octenyl)benzoic acid"", ""1,4-Dihydroxy-2-(3',7'-dimethyl-1'-oxo-2'-E-6'-octadienyl)benzene"", ""Isosakuranetin; 5,7-dihydroxy-4'-methoxyflavanone"", ""4-Hydroxy-(3',7'-dimethyl-1'-oxo-octa-2'-E-6'-dienyl)benzoic acid"", ""Sakuranetin; 5,4'-dihydroxy-7-methoxyflavanone"", ""Methyl 4-hydroxy-3-(3'-methyl-2'-hydroxy-3'-butenyl)benzoate"", ""4-Hydroxy-(3',7'-dimethyl-1'-oxo-octa-2'-Z-6'-dienyl)benzoic acid"", ""Aduncumene; Methyl 2-methoxy-5-(3'-methyl-1'-oxo-2'-butenyl)benzoate"", 'Piperaduncine B', ""Methyl 4-hydroxy-3-(3'-methyl-2'-butenyl)benzoate"", ""Hostmaniene; 4-Hydroxy-3-(2',3'-dihydroxy-3'-methylbutyl)benzoate"", ""Methyl taboganate; Methyl 4-hydroxy-3-(3'-methyl-1'-oxo-2'-butenyl)benzoate"", ""2',6'-Dihydroxy-4'-methoxydihydrochalcone"", ""4-Hydroxy-3-(3',7'-dimethylocta-2'-E-6'-dienyl)benzoic acid"", '3,4,5-Trimethoxydihydrocinnamic acid', 'Methyl 2,2-dimethyl-1-oxo-2H-1-benzopyran-6-carboxylate', 'Secoxyloganin', 'Diderroside', ""6'-Acetyl-β-D-glucopyranosyldiderroside"", '7-Methoxydiderroside', 'cyclo (L)-Pro-Gly', 'Verrucosin', 'Nectandrin B', '7-Methyl-sargachromenol; 2,7,8-Trimethyl-2-[(3-E,7-Z)-4,12-dimethyl-8-carboxyl-3,7,11-tridecatrienyl]-3-chromen-6-ol, β-caroteno', 'Epi-guaiacin', 'Aphidicolin', 'Isopimpinellin', 'Methacrylic acid', 'Pimara-7,15-dien-3β-ol', '8-hydroxy-6-methoxy-3-methylisocoumarin', 'Ergosterol peroxide', '(22E,24R)-ergosta-4,6,8(14),22-tetraen-3-one', 'Dimethyl terephthalate', 'β-caryophyllene, trans-caryophyllene', 'β-Gardiol', 'Ferulic acid', 'α-Gardiol', '5,7-dimethoxy-2,2-dimethyl-2H-1-benzopyran-6-propanoic acid', 'Methyl (3R,4R,5R)-3-{[(2Z)-3-(3,4-dihydroxyphenyl)-2-propenoyl]oxy}-1,4,5-trihydroxycyclohexanecarboxylate', 'Methyl (3R,4R,5R)-3-{[(2E)-3-(3,4-dihydroxyphenyl)-2-propenoyl]oxy}-1,4,5-trihydroxycyclohexanecarboxylate', 'Piperine', ""N-[3-(6'-methoxy-3',4'-methy-lenedioxyphenyl)-2(Z)-propenoyl]pyrrolidine"", '4,5-dihydropiperyline', '4,5-dihydropiperlonguminine; Piperlonguminine', '10,11-dihydropiperine; Δα,β-dihydropiperine', '(E)-piplartine', '(Z)-piplartine; 8(Z)-N-(12,13, 14-trimethoxycinnamoyl)- 3-pyridin-2-one', '8,9-dihydropiplartine; N-(12,13,14-trimethoxydihydrocinnamoyl)-Δ3-pyridin-2-one', 'Pellitorine', '(3Z,5Z)-N-isobutyl-8-(30,40-methylenedioxy-phenyl)-heptadienamide', ""Rel-(7R,8S,7'S,8'S)-4'-hydroxy-3,4,5,3',5'-pentamethoxy-7,7'-epoxylignan"", ""Rel-(7R,8S,7'S,8'S)-4,5,4',5'-dimethylenedioxy-3,3'-dimethoxy-7,7'-epoxylignan"", ""Rel-(7R,8S,7'S,8'S)-9-hydroxy-4',5'-methylenedioxy-3,4,5,3'-tetramethoxy-7,7'-epoxylignan"", ""Rel-(7R,8S,7'S,8'S)-4-hydroxy-4',5'-methylenedioxy-3,5,3'-trimethoxy-7,7'-epoxylignan"", ""Rel-(7R,8S,7'S,8'S)-4',5'-methylenedioxy-3,4,5,3'-tetramethoxy-7,7'-epoxylignan"", 'Taraxerol acetate', '2-n-Propylquinoline', ""2-(3',4'-methylenedioxyphenylethyl)-Quinoline"", ""2-(1'-pentenyl)-Quinoline"", '2-n-Pentylquinoline', '(+)-α-Hydroxyerysotrine', '(+)-11α-Hydroxyerythravine', '(+)-Erythravine', ""7,4'-Dihydroxyflavone"", 'Farnisine', 'Sargachromenol', ""7,4'-Dimethoxyflavone"", 'Sargaquinoic acid', '19´-(3,4-Methylenedioxyphenyl)-nonadecanoic acid', '(+)-Guaiacin', '21´-(3,4-Methylenedioxyphenyl)-henicosanoic acid', 'Fasciculiferin', '17-(3,4-Methylenedioxyphenyl)-heptadecanoic acid', 'Tithonine', ""Juruenolic acid; 2-(4'-Methylpentenyl-3)-10-oxoundecan-2,6-dienoic acid"", ""3,4-dimethyl-2-(4'-hydroxy-3',5'-dimethoxyphenyl)-5-methoxy-tetrahydrofuran"", 'Deoxycordifoline', 'Cordifoline', 'Strictosidine acid', 'Harman-3-carboxylic acid', '3,4-dehydro-strictosidine', '3,4-dehydrostrictosidine acid', 'Turbinatine', '5α-carboxystrictosidine', 'Nitensidine D', 'Nitensidine E', 'Tagitinin C', '1-methoxy-3-hydroxy-3,10b-4,5a-diepoxy-8b-isobutyroyloxygermacr-11(13)-en-6a,12-olide', 'Cusculine; 1,2,3,5,6-pentamethoxy-9-acridone', 'Cuspanine; 1-hydroxy-2,3,5,6-tetramethoxy-9-acridone', 'Kaempferol-3-O-rutinoside', 'Kaempferol-3-O-α-L-rhamnopyranosyl-(1→6)-β-D-galactopyranoside', 'Catechin, Ent-catechin', '6-Hydroxy-rutin', 'Kaempferol-3-O-α-L-rhamnopyranosyl-(1-6)-α-L-rhamnopyranosyl-(1-4)-β-D-glucopyranoside', 'Quercetin-3-O-α-L-rhamnopyranosyl-(1→6)-β-D-galactopyranoside', 'Kaempferol-3-O-D-galactopyranoside', 'Kaempferol-3-O-D-glucopyranoside', 'Procyanidin B-3', ""3',4',5',3,5,7,8-heptamethoxyflavone"", ""3,5,6,7,3',4',5'-heptamethoxyflavonol"", '4-metoxi-6-[2-(metilamino)fenil]- 2H-piran-2-ona', '2α,3α-Dihydroxy-urs-12-en-28-oic acid', '3-O-β-D-(6’-methyl)-glucopyranosyl-28-O-β-D-glucopyranosyl-oleanate', 'Oleanolic acid 3-sophoroside', '5-hydroxyflavone', 'β-Sitosterol benzoate', '2-phenyl-4H-chromen-4-one', 'Haplotusine', 'Sinapyl 4-O-β-D-glucopyranoside aldehyde', 'Sinapyl 4-O-β-D-glucopyranoside alcohol', 'Liriodenine', 'N-acetylnonaine', '[10]-gingerol', ""2,4-Dihydroxy-6-[(1'E,3'E)-penta-1', 3'-dienyl]-benzaldehyde"", 'Nitensidine A', '2-methyl-5-[8(Z)-pentadecenyl]resorcinol', 'Quercitrin, 3-O-α-rhamnosylquercetin', 'Caseobliquin A', 'Methyl angolensate', ""5-(3'' -Hydroxypropyl)-7-methoxy-2-(3',4' -methyl-enedioxyphenyl)benzofuran"", '22β-hydroxypristimerin', '1- (5,7-dihydroxy-2,2-dimethylchroman-6-yl)-3-(2,2-dimethylchroman- 6-yl)propan-1-one', 'Canavaline', 'Di-hydrodehydrodiconiferyl alcohol', 'Quercetin', ""2-(2'-O-trans-cinnamoyl)-C-β-D-glucopyranosyl-1,3,6,7-tetrahydroxyxanthone"", 'Ocotillone', 'des-N-methylnoracronycine', '19,20-Epoxycytochalasin N', 'ellagic acid 4-O-α-L-rhamnopyranoside; eschweilenol C', 'Mayoside C', 'Ourateacatechin', ""3',4',5',5,7-pentamethoxyflavone"", '2-methyl-5-pentadecylresorcinol', '3β-hydroxy-stigmast-5-en-7-one; 24-β-7-oxositosterol', 'scillascillin', 'Gallic acid; 3,4,5-trihydroxybenzoic acid', '8-methoxymellein', '(±)-Syringaresinol', 'Cyclo-(L-Pro-L-Val)', 'Acetonide of odoratol', '(−)-Grandisin', '24-methylenecycloartan-3b-ol', 'Ixoside', '5-[8(Z),11(Z),14-pentadecatrienyl]resorcinol', 'Kokusaginine', ""2-(2'-O-trans-caffeoyl)-C-β-D-glucopyranosyl-1,3,6,7-tetrahydroxyxanthone"", 'Netzahualcoyene', 'Casearin X Dialdehyde; (2R*,4aS*,5S*,7R*,8R*,8aS*)-4,4a-Diformyl-1,2,4a,5,6,7,8,8a-octahydro-5-hydroxy-7,8-dimethyl-8-[(2Z)-3-methylpenta-2,4-dien-1-yl]naphthalen-2-yl Butanoate', 'polypodine B', 'n-Propyl gallate', ""3',4',5',5,7,8-hexamethoxyflavone"", 'Isopropyl gallate', '6β-hydroxy-7-epigardoside methyl ester', 'Tetrahydropiperyline, N-[10-(13,14-methylenedioxyphenyl)-pentanoyl]-pyrrolidine', '2-hydroxyphenylacetic acid', ""8-hydroxy-3,5,7,3',4',5'-hexamethoxyflavonol"", 'Odoratol', 'Leptomerine', '5-hydroxy-N-methylseverifoline', 'Podocarpusflavone A', 'Casearupestrin C', '6α-malonyloxy-n-butyl ester manoyl oxide', 'citrusinine-I', 'Ricinine', 'Leptophyllin A', '5-pentadecylresorcinol', '19,20-Epoxycytochalasin D', 'fumiquinozoline F', 'Kaempferol 3-O-α-L-rhamnopyranosyl (1→6)-O-[β -D-glucopyranosyl (1→3)-O-α-L-rhamnopyranosyl-(1→2)]-O-β -D-glucopyranosyl', '3β-O-[α-L-rhamnopyranosyl-(1→2)-O-β-D-glucopyranosyl-(1→2)-O-β-D-glucopyranosyl]-28-O-β-D-glucopyranoside pomolate', 'Dibenzyl tetrasulphide', ""Methyl-2,2-dimethyl-8-(3'-methylbut-2'-enyl)chroman-6-carboxylate"", '2,7-Di-O-acetylcasearupestrin A', 'Nitensidine B', '1-methyl-2-n-nonyl-4-quinolone', 'Cytochalasin D', 'Isoorientin', 'Piperol B', '(-)-Hardwickiic acid', ""5-[3''-(β-D-glucopyranosyloxy)propyl]-7-methoxy-2-(3',4'-methylenedioxyphenyl)benzofuran"", '28-O-β-D-glucopyranosyl quinovic acid', '2-Methyl-4-hydroxy-butyl caffeoate', 'N-1,N-2,N-3-Triisopentenylguanidine', 'Dibenzyl trisulphide', 'Maytenin, Tingenone', 'Uracil', 'urauchimycin A', 'Piperovatine', '2,4,6-trimethoxybenzoic acid', '1-O-(E)-caffeoyl-β-D-glucopyranoside', 'Maculosidine', '(-)-Epigallocatechin', 'Netzahualcoyonol', '1-[3-(3,7-dimethylocta-2,6-dien-1-yl)-2,4,6- trihydroxyphenyl]-3-(4-hydroxyphenyl)propan-1-one', '6α-malonyloxymanoyl oxide', 'Benzylhydroxymethyl sulphide', '1,6-di-O-caffeoyl-β-D-glucopyranoside', '2-methyl-5-[8(Z),11(Z),14-pentadecatrienyl]resorcinol', '20-hydroxyecdysone; polypodine A', '3-Acetyl aleuritolic acid', 'Alkenoic acid', 'Quercetin 3-O-α-L-rhamnopyranosyl (1→6)-O-[β -D-glucopyranosyl (1→3)-O-α-L-rhamnopyranosyl-(1→2)]-O-β -D-glucopyranosyl', 'Heveaflavone', 'Arboreumine', '3-Oxoursolic acid', ""2',5-dihydroxy-3-methoxy-8-dimethylallyl-6, 7-(2' ',2''-dimethylpyrano)-dihydroflavonol"", '2-n-nonyl-4-quinolone', 'toonacilin', 'urauchimycin B', 'Homoegonol', '[8]-gingerol', '4-Hydroxymellein', '5-hydroxymellein', 'fraxinellonone', 'Dibenzyl sulphide', '(-) Cis-4-hydroxy-6-deoxyscytalone', 'Plumericin', '5-[8(Z),11(Z)-pentadecadienyl]resorcinol', '(-)-Spectalinine', 'Pedalitin', '1-O-(E)-feruloyl-β-D-glucopyranoside', '19,20-Epoxycytochalasin C', 'p-Coumaric acid', 'n-Pentyl gallate', 'Orcinol', 'Periconicin B', 'Phomopsilactone', ""(2S)-8-Isopentyl-2-methyl-2-(4'-methylpentyl)chroman-6-carboxylic acid"", '2,2-dimethyl-2H-chromene-6-carboxylic acid', '1,2-dihydro- 3β-hydroxy-7-deacetoxy-7-oxogedunin', 'Photogedunin', 'Casearin X; (1R*,3S*,5S*,6aR*,7S*,8S*,10R*,10aR*)-1-(Acetyloxy)-3,5,6,6a,7,8,9,10-octahydro-10-hydroxy-7,8-dimethyl-7-[(2Z)-3-methylpenta-2,4-dien-1-yl]naphtho[1,8a-c]furan-3,5-diyl Dibutanoate', 'α-L-xylopyranosyl-(4""→20)-(3-O-β-D-glucopyranosyl)-1\'-O-E-caffeoyl-β-D-glucopyranoside', ""2-(R)-Methyl-6-(S)-(tetradecyl-13'-one)-3(R)-O-tert-butyldimethylsilyl-piperidine"", '(2S)-Methyl-2-methyl-8-(3""-methylbut-2""-enyl)-2-(4\'-methylpent-3\'-enyl)-2H-chromene-6-carboxylate', 'Casearin T', 'Piperyline, N-[10-(13,14-methylenedioxyphenyl)-7(E),9(E)-pentadienoyl]-pyrrolidine', 'ω-fenil alcanoic acid', 'Casearupestrin B', '(R)-7-Hydroxymellein', '2-butyl-D-fructofuranoside', ""Gaudichaudianic acid; (2S)-2-methyl-2-(4'methyl-3'-pentenyl)-8-(3''-methyl-2-butenyl)- 2H-1-benzopyran-6-carboxylic acid"", 'limonexic acid', 'Netzahualcoyondiol', 'Pristimerin; 20α-3-hydroxy-2-oxo-24-nor-friedela-1-10,3,5,7-tetraen-carboxylic acid-29-methylester', '3,4,5-trimethoxyphenyl 1-O-β-D-apiofuranosyl-(1→6)-O-β-D-glucopyranoside', 'β-photogedunin', 'n-Butyl gallate', ""5-[3''-(β-D-glucopyranosyloxy)propyl]-7-methoxy-2-(3',4'-dimethoxyphenyl)benzofuran"", '3,12-Dihydroxycadalene', '7-hydroxy-3- (11-dimethylallyl)-8-methoxycoumarin', ""N-[7-(3',4'-methylenedioxyphenyl)-2(Z),4(Z)-heptadienoyl]pyrrolidine"", ""Acteoside; [β-3,4-dihydroxyphenyl)-ethyl]-(3'-O-α-L-rhamnopyranosyl)-(4'-O-cafeoyl)-β-D-glycopyranoside, verbascoside"", 'Di(benzyltrithio) methane', '3,11,12-Trihydroxycadalene', 'Odoratone', 'Rel-6β-hydroxyzuelanin-2β-benzoate', 'shidasterone', 'Quercetin 3-O-sophoroside', '(3R,4R)-3,4-Dihydro-4,6-dihydroxy-3-methyl-1-oxo-1H-isochromene-5-carboxylic acid', '24-methylene-3,22-dihydroxycholesterol', 'amorphispironone', 'Casearupestrin D', 'Chaetoglobosin B', ""2-(2'-O-benzoyl)-C-β-D-glucopyranosyl-1,3,6,7-tetrahydroxyxanthone"", 'Isoplumericin', 'Skimmianine', 'p-hydroxybenzoic acid-geranyl ester', 'Dibenzyl disulphide', 'Proanthocyanidin', 'neoisoastilbin', '2-Hexyl-3-methyl-butanodioic acid', 'fraxinellone', '6-[ 8(Z),11(Z) -pentadecadienyl] salicylic acid', '6α-acetoxymanoyl oxide', 'Methyl-8-hydroxy-2,2-dimethylchroman-6-carboxylate', 'N-[10-(13,14-methylenedioxyphenyl)-7(E),9(Z)-pentadienoyl]-pyrrolidine', '6-[8(Z)-pentadecenyl]salicylic acid', '(2S)-2-methyl-8-(3""-methylbut-2""-enyl)-2-(4\'-methylpent-3\'-enyl)-2H-chromene-6-carboxylic acid', 'Burchellin', '5-[8(Z)-pentadecenyl]resorcinol', 'Luteolin; 2-(3,4-dihydroxyphenyl)-5,7-dihydroxy-4H-chromen-4-one', 'Sinapic acid', '19,20-Epoxycytochalasin Q', '19,20-Epoxycytochalasin R', 'Muraxanthone', '3,4,5-Triacetoxybenzoic acid', 'Rel-(+)-(7S,9R,10S)-3,9,12-trihydroxycalamenene', 'Casearin S', '11β-acetoxyobacunone', '5-hydroxymethyl- 2-furancarboxaldehyde; 5-hydroxymethyl-2-furfuraldehyde', 'atalaphyllinine', 'N-[10- (13,14-methylenedioxyphenyl)-7(E)-pentaenoyl]-pyrrolidine', '2-Methyl-5-methoxy-benzopyran-4-one', '3,4-dihydroxybenzoic acid geranyl ester', '6α-acetoxy-14β,15β-epoxyazadirone', 'epoxy-fraxinellone', '12′-hydroxy-7′-multijuguinone', 'Kaempferitrin', 'Nitensidine C', 'Dipropyl disulphide', '2-methyl-5-[8(Z),11(Z)-pentadecadienyl]resorcinol', 'Methyl 6,7,8-trimethoxydihydrocinnamate', 'Methyl-2,2-dimethylchroman-6-carboxylate', ""Myrsinoic acid A, 3-Geranyl-4-hydroxy-5-(3'',3''-dimethylallyl)benzoic acid"", '20α-Hydroxymaytenin; 20-hydroxy-20-epi-tingenone', 'Gedunin', 'Pedalin, pedalitin 6-O-β -glucopyranoside', 'Caseargrewiin F; (1R*,3S*,5S*,6aR*,7S*,8R*,10R*,10aR*)-1,3-Bis(acetyloxy)-3,5,6,6a,7,8,9,10-octahydro-10-hydroxy-7,8-dimethyl-7-[(2Z)-3-methylpenta-2,4-dien-1-yl]naphtho[1,8a-c]furan-5-yl Butanoate', 'Casearin L; (1R*,3S*,5S*,6aR*,7R*,8R*,9S*,10S*,10aR*)-1,10-Bis(acetyloxy)-3,5,6,6a,7,8,9,10-octahydro-9-hydroxy-5-methoxy-7,8-dimethyl-7-[(2Z)-3-methylpenta-2,4-dien-1-yl]naphtho[1,8a-c]-furan-3-yl Butanoate', 'Platydesmine', 'Leiokinine A', 'Cabraleadiol', 'schaftoside', ""(2S)-Methyl-8-isopentyl-2-methyl-2-(4'-methylpentyl)chroman-6-carboxylate"", 'Casearupestrin A', '2-oxo-piperol B; (7S*, 8R*, 1R*, 3R*)-3,4,5-trimethoxy-3,7-cyclo-8,1-neolig-8-ene-2,4(3H)-dione', 'taxifolin', ""(2'S)-2-(propan-2'-ol)-5-hydroxy-benzopyran-4-one"", 'germacrene D', '2β-Hydroxyzuelanin-6β-cinnamate', 'arjunolic acid', '1-(5,7-dihydroxy-2,2-dimethylchroman- 6-yl)-3-[4-hydroxy-3-(3-methylbut-2-en-1-yl)- phenyl]propan-1-one', '(3R,4R)-4,7-Dihydroxymellein', ""Nitensoside B; Pedalitin 6-O-α-rhamnopyranosyl(1'''→6'')-β-glucopyranoside"", 'Methyl gallate', '3-O-β-D-quinovopyranosyl cincholic acid', 'Afzelin, 3-O-α-rhamnosyl kaempferol', 'Egonol', '4-Nerolidilcatechol', ""2-(2'-O-transcoumaroyl)-C-β-D-glucopyranosyl-1,3,6,7-tetrahydroxyxanthone"", 'Syringic acid', '(+)-3-O-feruloylcassine', 'Salacin', '6-pentadecylsalicylic acid', '7′-multijuguinone', 'Griseofulvin', ""7-Hydroxy-4',6-dimethoxyisoflavone; Afrormosin; Afromosin"", '(-)-Epigallocatechin-3-O-gallate', 'Casearin D; (1R*,3S*,5S*,6aR*,7R*,8R*,9S*,10S*,10aR*)-1-(Acetyloxy)-3,5,6,6a,7,8,9,10-octahydro-5,10-dihydroxy-7,8-dimethyl-7-[(2Z)-3-methylpenta-2,4-dien-1-yl]naphtho[1,8a-c]furan-3,9-diyl Dibutanoate', 'Rel. (+)-(7S,10S) 3,12-dihydroxycalamenene', 'carlinoside', 'Methyl-8-(ethanoyloxy)-2,2-dimethyl-2H-chromene-6-carboxylate', 'Amentoflavone', '1-(5,7-dihydroxy-2,2-dimethylchroman-6-yl)-3-(1,1,4a-trimethyl-2,3,4,4a,9a-hexahydro-1H-xanthen-7-yl)propan-1-one', 'Methyl (E)-6,7,8-trimethoxycinnamate', '3,4,5-Trimethoxyphenyl-1-O-β-D-(5-O-syringoyl)-apiofuranosyl-(1→6)-β-D-glucopyranoside', '6-[8(Z),11(Z),14-pentadecatrienyl]salicylic acid', 'Sorbifolin', ""Nitensoside A; Sorbifolin 6-O-α-rhamnopyranosyl(1'''→6'')-β-glucopyranoside"", 'Casearin O; (1R*,3S*,5S*,6aR*,7R*,8R*,9S*,10S*,10aR*)-1,10-Bis(acetyloxy)-5-methoxy-7,8-dimethyl-7-[(2Z)-3-methylpenta-2,4-dien-1-yl]-3,5,6,6a,7,8,9,10-octahydronaphtho[1,8a-c]furan-3,9-diyl Dibutanoate', 'Sorbifolin 6-O-β-glucopyranoside', 'Rel-2α-hydroxyzuelanin-6β-benzoate', '2,6-di-O-acetylcasearupestrin D', 'stachysterone', 'Ethyl 2,4-dihydroxy-5,6-dimethylbenzoate', 'Amentoflavone 7”,4”’-dimethyl ether', 'Picramnioside F', 'Lauryl gallate', 'Syringaldehyde', '22-hydroxytirucalla-7,24-diene-2,3-dione', 'Trans-3’-methylsulphonylallyl trans-cinnamate', '(3-(2-(4-hydroxyphenyl)-2-oxoethyl)-5,6-dihydropyridin- 2(1H)-one)', 'Mangiferin', 'Viburgenin', ""Pterogynoside; Kaempferol-3-O-(3''-O-4'''-methylgallate-α-L-rhamnoside)"", 'Isobutyl gallate', 'Cognatine', 'Fagaramide', 'Chalepin', 'Chlorogenic acid', '(4R)-4,8-dihydroxy-α-tetralone', 'Kaempferol', '3-O-β-D-quinovopyranosyl quinovic acid']]",doi_name
"['10.1021/np800106x', '6α-malonyloxy-n-butyl ester manoyl oxide']","['10.1021/np800106x', [""3',4'-methylenedioxy-5,5',6,7-tetramethoxyflavone"", ""3',4'-methylenedioxy-5,6,7- trimethoxyflavone"", ""2'-hydroxy-3,4,4'-trimethoxy-5',6'-(2'',2''-dimethylpyrano)-chalcone"", ""3',4'-methylenedioxy-5,7-dimethoxyflavone"", 'Hinesol', 'guaiol', 'γ-eudesmol', 'α-eudesmol', '2,3-dihydro-4,9-dihydroxy-2-(2-hydroxy-propan-2-yl)- 11-methoxy-10-methylfuro[3,2-b]acridin-5(10H)-one', 'bis-5-hydroxyacronycine', 'Citibrasine', 'Galioside aglicone', '11-O-trans-feruloylteucrein', 'Teucrein', 'Apodanthoside', 'Galioside', 'Mycoleptone A', '9-hydroxyeugenin', 'Austdiol', 'Eugenitin', 'Mycoleptone B', 'Mycoleptone A tetraacetate', '6-methoxyeugenin', 'Austdiol diacetate', ""4-Methoxy-3-(3',7'-dimethylocta-2'-E-6'-dienyl)benzoic acid"", ""3-(3',7 '-dimethyl-2',6 '-octadienyl)-4-methoxy-benzoic acid"", 'Methyl-8-hydroxy-2,2-dimethyl-2H-chromene-6-carboxylate', 'cyclo (L)-Pro-Gly', 'Xanthyletin', '3,21-Di-epi-feroniellide B', '21β,25-dimethylmelianodiol', '21α,25-dimethylmelianodiol', 'Secoxyloganin', 'Diderroside', ""6'-Acetyl-β-D-glucopyranosyldiderroside"", '7-Methoxydiderroside', ""Rel-(7R,8S,7'S,8'S)-4',5'-methylenedioxy-3,4,5,3'-tetramethoxy-7,7'-epoxylignan"", ""Rel-(7R,8S,7'S,8'S)-4'-hydroxy-3,4,5,3',5'-pentamethoxy-7,7'-epoxylignan"", ""Rel-(7R,8S,7'S,8'S)-9-hydroxy-4',5'-methylenedioxy-3,4,5,3'-tetramethoxy-7,7'-epoxylignan"", ""Rel-(7R,8S,7'S,8'S)-4-hydroxy-4',5'-methylenedioxy-3,5,3'-trimethoxy-7,7'-epoxylignan"", ""Rel-(7R,8S,7'S,8'S)-4,5,4',5'-dimethylenedioxy-3,3'-dimethoxy-7,7'-epoxylignan"", '3,3-O-dimethylquercetin', 'penduletin 4-O-methyl ether', '2α,3α,19α- trihydroxyurs-12-en-28-oic acid', 'Chrysoeriol', 'acacetin', '3-O-methylquercetin', '3,7,4-O-trimethylkaempferol', 'p-hydroxybenzoic acid', '2α,3α-dihydroxyolean-12- en-28-oic acid', 'Nilocetin', 'Hispidol A', 'cryptomeridiol', 'Oleanonic acid', 'Pentaol', '3,11-dioxoolean-12-en-28- onic acid', 'Iso-odoratol', 'Piscidinol A', 'Isopimpinellin', 'Stearic acid 4-pentoyloxyphenethyl ester', '7-Methyl-sargachromenol; 2,7,8-Trimethyl-2-[(3-E,7-Z)-4,12-dimethyl-8-carboxyl-3,7,11-tridecatrienyl]-3-chromen-6-ol, β-caroteno', 'Epi-guaiacin', 'Verrucosin', 'Nectandrin B', '(-)-3-O-acetyl-spectaline', 'Chlorogenic acid methyl ester, Methyl (1S,3R,4R,5R)-3-{[(2E)-3-(3,4-dihydroxyphenyl)-2-propenoyl]oxy}-1,4,5-trihydroxycyclohexanecarboxylate', 'β-caryophyllene, trans-caryophyllene', '1,3,5-trihydroxy-4-methoxy-10-methyl- 2,8-bis(3-methylbut-2-enyl)acridin-9(10H)-one', 'Citrusinine-I', 'Glycocitrine-I', '3,4-dihydro-3,5,8-trihydroxy-6-methoxy-2,2,7-trimethyl-2Hpyrano[ 2,3-a]acridin-12(7H)-one', 'Glycocitrine-IV', 'Pyranofoline', '1,3,5-trihydroxy- 2,8-bis(3-methylbut-2-enyl)-10-methyl-9-acridone', '5-hydroxynoracronycine; Atalaphyllidine', 'Citrusinine-II', ""2-(3',4'-methylenedioxyphenylethyl)-Quinoline"", '2-n-Pentylquinoline', ""2-(1'-pentenyl)-Quinoline"", '2-n-Propylquinoline', 'Methyl (3R,4R,5R)-3-{[(2Z)-3-(3,4-dihydroxyphenyl)-2-propenoyl]oxy}-1,4,5-trihydroxycyclohexanecarboxylate', 'Methyl (3R,4R,5R)-3-{[(2E)-3-(3,4-dihydroxyphenyl)-2-propenoyl]oxy}-1,4,5-trihydroxycyclohexanecarboxylate', ""Methyl 4-hydroxy-3-(3'-methyl-2'-hydroxy-3'-butenyl)benzoate"", ""Aduncumene; Methyl 2-methoxy-5-(3'-methyl-1'-oxo-2'-butenyl)benzoate"", ""4-Hydroxy-(3',7'-dimethyl-1'-oxo-octa-2'-Z-6'-dienyl)benzoic acid"", ""Hostmaniene; 4-Hydroxy-3-(2',3'-dihydroxy-3'-methylbutyl)benzoate"", 'Methyl 2,2-dimethyl-1-oxo-2H-1-benzopyran-6-carboxylate', '3,4,5-Trimethoxydihydrocinnamic acid', ""Methyl 4-hydroxy-3-(3'-methyl-2'-butenyl)benzoate"", ""4-Hydroxy-3-(3',7'-dimethylocta-2'-E-6'-dienyl)benzoic acid"", ""2',6'-Dihydroxy-4'-methoxydihydrochalcone"", ""Methyl taboganate; Methyl 4-hydroxy-3-(3'-methyl-1'-oxo-2'-butenyl)benzoate"", 'Piperaduncine B', '19´-(3,4-Methylenedioxyphenyl)-nonadecanoic acid', 'Sargachromenol', 'Sargaquinoic acid', ""7,4'-Dimethoxyflavone"", '21´-(3,4-Methylenedioxyphenyl)-henicosanoic acid', '(+)-Guaiacin', ""7,4'-Dihydroxyflavone"", 'Farnisine', ""Juruenolic acid; 2-(4'-Methylpentenyl-3)-10-oxoundecan-2,6-dienoic acid"", '17-(3,4-Methylenedioxyphenyl)-heptadecanoic acid', 'Fasciculiferin', 'Tithonine', ""Isoswertisin-2''α1-L-rhamnoside"", '2-Episesalatin', 'Sesartemin', ""Isoswertisin-4'-methyl-ether-2''α-L-rhamnoside"", 'Clusifoliol', 'β-Gardiol', 'Ferulic acid', 'α-Gardiol', '5,7-dimethoxy-2,2-dimethyl-2H-1-benzopyran-6-propanoate', ""4-Hydroxy-3-(3',7'-dimethyl-3'-hydroxy-1'-oxo-6'-octenyl)benzoic acid"", ""Isosakuranetin; 5,7-dihydroxy-4'-methoxyflavanone"", ""Sakuranetin; 5,4'-dihydroxy-7-methoxyflavanone"", ""4-Hydroxy-(3',7'-dimethyl-1'-oxo-octa-2'-E-6'-dienyl)benzoic acid"", ""1,4-Dihydroxy-2-(3',7'-dimethyl-1'-oxo-2'-E-6'-octadienyl)benzene"", '(22E,24R)-ergosta-4,6,8(14),22-tetraen-3-one', '8-hydroxy-6-methoxy-3-methylisocoumarin', 'Ergosterol peroxide', 'Dimethyl terephthalate', 'Pimara-7,15-dien-3β-ol', '(+)-Erythravine', '(+)-α-Hydroxyerysotrine', '(+)-11α-Hydroxyerythravine', 'Pellitorine', '(3Z,5Z)-N-isobutyl-8-(30,40-methylenedioxy-phenyl)-heptadienamide', '(Z)-piplartine; 8(Z)-N-(12,13, 14-trimethoxycinnamoyl)- 3-pyridin-2-one', '4,5-dihydropiperyline', '(E)-piplartine', '10,11-dihydropiperine; Δα,β-dihydropiperine', 'Piperine', '8,9-dihydropiplartine; N-(12,13,14-trimethoxydihydrocinnamoyl)-Δ3-pyridin-2-one', '4,5-dihydropiperlonguminine; Piperlonguminine', ""N-[3-(6'-methoxy-3',4'-methy-lenedioxyphenyl)-2(Z)-propenoyl]pyrrolidine"", 'Aphidicolin', 'Taraxerol acetate', 'Anhydrofusarubin', 'Beauvericin', 'Kaempferol-3-O-α-L-rhamnopyranosyl-(1→6)-β-D-galactopyranoside', 'Kaempferol-3-O-rutinoside', 'Kaempferol-3-O-α-L-rhamnopyranosyl-(1-6)-α-L-rhamnopyranosyl-(1-4)-β-D-glucopyranoside', 'Procyanidin B-3', 'Kaempferol-3-O-D-galactopyranoside', 'Quercetin-3-O-α-L-rhamnopyranosyl-(1→6)-β-D-galactopyranoside', '6-Hydroxy-rutin', 'Kaempferol-3-O-D-glucopyranoside', 'Catechin, Ent-catechin', 'astilbin; Rel-(2R, 3R)-dihydroquercetin-3-O-±-L-rhamnoside', 'Nitensidine E', 'Nitensidine D', 'Strictosidine acid', '5α-carboxystrictosidine', '3,4-dehydro-strictosidine', 'Harman-3-carboxylic acid', 'Cordifoline', '3,4-dehydrostrictosidine acid', 'Turbinatine', 'Deoxycordifoline', ""3,4-dimethyl-2-(4'-hydroxy-3',5'-dimethoxyphenyl)-5-methoxy-tetrahydrofuran"", ""3,5,6,7,3',4',5'-heptamethoxyflavonol"", ""3',4',5',3,5,7,8-heptamethoxyflavone"", '5,7-dimethoxy-2,2-dimethyl-2H-1-benzopyran-6-propanoic acid', 'Methacrylic acid', '1-methoxy-3-hydroxy-3,10b-4,5a-diepoxy-8b-isobutyroyloxygermacr-11(13)-en-6a,12-olide', 'Tagitinin C', 'Cuspanine; 1-hydroxy-2,3,5,6-tetramethoxy-9-acridone', 'Cusculine; 1,2,3,5,6-pentamethoxy-9-acridone', '4-metoxi-6-[2-(metilamino)fenil]- 2H-piran-2-ona', '2α,3α-Dihydroxy-urs-12-en-28-oic acid', '3-O-β-D-(6’-methyl)-glucopyranosyl-28-O-β-D-glucopyranosyl-oleanate', 'Oleanolic acid 3-sophoroside', 'Haplotusine', 'β-Sitosterol benzoate', '5-hydroxyflavone', '2-phenyl-4H-chromen-4-one', 'Sinapyl 4-O-β-D-glucopyranoside aldehyde', 'Sinapyl 4-O-β-D-glucopyranoside alcohol', 'Liriodenine', 'N-acetylnonaine', '[10]-gingerol', ""2,4-Dihydroxy-6-[(1'E,3'E)-penta-1', 3'-dienyl]-benzaldehyde"", 'Nitensidine A', '2-methyl-5-[8(Z)-pentadecenyl]resorcinol', '2-hydroxyphenylacetic acid', '3-O-β-D-quinovopyranosyl quinovic acid', 'Kaempferol', '(4R)-4,8-dihydroxy-α-tetralone', 'Chlorogenic acid', 'Chalepin', 'Gallic acid; 3,4,5-trihydroxybenzoic acid', 'Quercitrin, 3-O-α-rhamnosylquercetin', 'Caseobliquin A', 'Methyl angolensate', ""5-(3'' -Hydroxypropyl)-7-methoxy-2-(3',4' -methyl-enedioxyphenyl)benzofuran"", '22β-hydroxypristimerin', '19,20-Epoxycytochalasin N', 'ellagic acid 4-O-α-L-rhamnopyranoside; eschweilenol C', 'Mayoside C', 'Ourateacatechin', ""3',4',5',5,7-pentamethoxyflavone"", '2-methyl-5-pentadecylresorcinol', '3β-hydroxy-stigmast-5-en-7-one; 24-β-7-oxositosterol', 'scillascillin', 'Viburgenin', ""Pterogynoside; Kaempferol-3-O-(3''-O-4'''-methylgallate-α-L-rhamnoside)"", 'Isobutyl gallate', '7′-multijuguinone', 'Griseofulvin', ""7-Hydroxy-4',6-dimethoxyisoflavone; Afrormosin; Afromosin"", '8-methoxymellein', '(±)-Syringaresinol', '2,7-Di-O-acetylcasearupestrin A', 'Nitensidine B', '1-methyl-2-n-nonyl-4-quinolone', '5-[8(Z),11(Z),14-pentadecatrienyl]resorcinol', 'Kokusaginine', ""2-(2'-O-trans-caffeoyl)-C-β-D-glucopyranosyl-1,3,6,7-tetrahydroxyxanthone"", 'Netzahualcoyene', 'Casearin X Dialdehyde; (2R*,4aS*,5S*,7R*,8R*,8aS*)-4,4a-Diformyl-1,2,4a,5,6,7,8,8a-octahydro-5-hydroxy-7,8-dimethyl-8-[(2Z)-3-methylpenta-2,4-dien-1-yl]naphthalen-2-yl Butanoate', 'polypodine B', 'n-Propyl gallate', ""3',4',5',5,7,8-hexamethoxyflavone"", 'Isopropyl gallate', ""8-hydroxy-3,5,7,3',4',5'-hexamethoxyflavonol"", 'Odoratol', 'Leptomerine', '5-hydroxy-N-methylseverifoline', '2,4,6-trimethoxybenzoic acid', '1-O-(E)-caffeoyl-β-D-glucopyranoside', 'Maculosidine', 'Podocarpusflavone A', 'Casearupestrin C', '6α-malonyloxy-n-butyl ester manoyl oxide', 'citrusinine-I', 'Ricinine', 'Leptophyllin A', '5-pentadecylresorcinol', 'Piperol B', '(-)-Hardwickiic acid', ""5-[3''-(β-D-glucopyranosyloxy)propyl]-7-methoxy-2-(3',4'-methylenedioxyphenyl)benzofuran"", 'Rel-2α-hydroxyzuelanin-6β-benzoate', '2,6-di-O-acetylcasearupestrin D', ""Methyl-2,2-dimethyl-8-(3'-methylbut-2'-enyl)chroman-6-carboxylate"", '2-Methyl-4-hydroxy-butyl caffeoate', 'N-1,N-2,N-3-Triisopentenylguanidine', 'Dibenzyl trisulphide', 'Maytenin, Tingenone', '19,20-Epoxycytochalasin D', 'fumiquinozoline F', 'Kaempferol 3-O-α-L-rhamnopyranosyl (1→6)-O-[β -D-glucopyranosyl (1→3)-O-α-L-rhamnopyranosyl-(1→2)]-O-β -D-glucopyranosyl', '3β-O-[α-L-rhamnopyranosyl-(1→2)-O-β-D-glucopyranosyl-(1→2)-O-β-D-glucopyranosyl]-28-O-β-D-glucopyranoside pomolate', 'Dibenzyl tetrasulphide', ""2',5-dihydroxy-3-methoxy-8-dimethylallyl-6, 7-(2' ',2''-dimethylpyrano)-dihydroflavonol"", '2-n-nonyl-4-quinolone', 'Cytochalasin D', 'Isoorientin', '6β-hydroxy-7-epigardoside methyl ester', 'Tetrahydropiperyline, N-[10-(13,14-methylenedioxyphenyl)-pentanoyl]-pyrrolidine', 'Piperovatine', 'Uracil', 'urauchimycin A', 'p-Coumaric acid', '(-)-Epigallocatechin', 'Netzahualcoyonol', '1-[3-(3,7-dimethylocta-2,6-dien-1-yl)-2,4,6- trihydroxyphenyl]-3-(4-hydroxyphenyl)propan-1-one', '6α-malonyloxymanoyl oxide', 'Benzylhydroxymethyl sulphide', '1,6-di-O-caffeoyl-β-D-glucopyranoside', '2-methyl-5-[8(Z),11(Z),14-pentadecatrienyl]resorcinol', 'urauchimycin B', 'Homoegonol', '[8]-gingerol', '4-Hydroxymellein', '5-hydroxymellein', '28-O-β-D-glucopyranosyl quinovic acid', 'Pristimerin; 20α-3-hydroxy-2-oxo-24-nor-friedela-1-10,3,5,7-tetraen-carboxylic acid-29-methylester', 'fraxinellonone', 'Dibenzyl sulphide', '(-) Cis-4-hydroxy-6-deoxyscytalone', 'Plumericin', '5-[8(Z),11(Z)-pentadecadienyl]resorcinol', '(-)-Spectalinine', '20-hydroxyecdysone; polypodine A', '3-Acetyl aleuritolic acid', 'Alkenoic acid', 'Quercetin 3-O-α-L-rhamnopyranosyl (1→6)-O-[β -D-glucopyranosyl (1→3)-O-α-L-rhamnopyranosyl-(1→2)]-O-β -D-glucopyranosyl', 'Heveaflavone', 'Arboreumine', '3-Oxoursolic acid', 'Casearupestrin B', 'toonacilin', 'Piperyline, N-[10-(13,14-methylenedioxyphenyl)-7(E),9(E)-pentadienoyl]-pyrrolidine', 'ω-fenil alcanoic acid', '2-butyl-D-fructofuranoside', 'Pedalitin', '1-O-(E)-feruloyl-β-D-glucopyranoside', '19,20-Epoxycytochalasin C', 'n-Pentyl gallate', 'Orcinol', 'Periconicin B', 'Phomopsilactone', ""(2S)-8-Isopentyl-2-methyl-2-(4'-methylpentyl)chroman-6-carboxylic acid"", '2,2-dimethyl-2H-chromene-6-carboxylic acid', '1,2-dihydro- 3β-hydroxy-7-deacetoxy-7-oxogedunin', 'Photogedunin', 'Casearin X; (1R*,3S*,5S*,6aR*,7S*,8S*,10R*,10aR*)-1-(Acetyloxy)-3,5,6,6a,7,8,9,10-octahydro-10-hydroxy-7,8-dimethyl-7-[(2Z)-3-methylpenta-2,4-dien-1-yl]naphtho[1,8a-c]furan-3,5-diyl Dibutanoate', 'Netzahualcoyondiol', ""2-(2'-O-benzoyl)-C-β-D-glucopyranosyl-1,3,6,7-tetrahydroxyxanthone"", 'Isoplumericin', 'Skimmianine', 'p-hydroxybenzoic acid-geranyl ester', '3,4,5-trimethoxyphenyl 1-O-β-D-apiofuranosyl-(1→6)-O-β-D-glucopyranoside', 'β-photogedunin', 'n-Butyl gallate', ""5-[3''-(β-D-glucopyranosyloxy)propyl]-7-methoxy-2-(3',4'-dimethoxyphenyl)benzofuran"", '3,12-Dihydroxycadalene', '7-hydroxy-3- (11-dimethylallyl)-8-methoxycoumarin', ""N-[7-(3',4'-methylenedioxyphenyl)-2(Z),4(Z)-heptadienoyl]pyrrolidine"", ""Acteoside; [β-3,4-dihydroxyphenyl)-ethyl]-(3'-O-α-L-rhamnopyranosyl)-(4'-O-cafeoyl)-β-D-glycopyranoside, verbascoside"", 'α-L-xylopyranosyl-(4""→20)-(3-O-β-D-glucopyranosyl)-1\'-O-E-caffeoyl-β-D-glucopyranoside', ""2-(R)-Methyl-6-(S)-(tetradecyl-13'-one)-3(R)-O-tert-butyldimethylsilyl-piperidine"", '(2S)-Methyl-2-methyl-8-(3""-methylbut-2""-enyl)-2-(4\'-methylpent-3\'-enyl)-2H-chromene-6-carboxylate', 'Casearin T', '5-[8(Z)-pentadecenyl]resorcinol', 'Luteolin; 2-(3,4-dihydroxyphenyl)-5,7-dihydroxy-4H-chromen-4-one', 'Sinapic acid', '19,20-Epoxycytochalasin Q', '19,20-Epoxycytochalasin R', 'Muraxanthone', ""Gaudichaudianic acid; (2S)-2-methyl-2-(4'methyl-3'-pentenyl)-8-(3''-methyl-2-butenyl)- 2H-1-benzopyran-6-carboxylic acid"", 'limonexic acid', 'Di(benzyltrithio) methane', '3,11,12-Trihydroxycadalene', 'Quercetin 3-O-sophoroside', '(3R,4R)-3,4-Dihydro-4,6-dihydroxy-3-methyl-1-oxo-1H-isochromene-5-carboxylic acid', '24-methylene-3,22-dihydroxycholesterol', 'amorphispironone', 'Casearupestrin D', 'Chaetoglobosin B', 'epoxy-fraxinellone', '12′-hydroxy-7′-multijuguinone', 'Kaempferitrin', 'Nitensidine C', 'Dipropyl disulphide', '2-methyl-5-[8(Z),11(Z)-pentadecadienyl]resorcinol', 'Dibenzyl disulphide', 'Proanthocyanidin', 'neoisoastilbin', '(R)-7-Hydroxymellein', '6α-acetoxymanoyl oxide', 'Methyl-8-hydroxy-2,2-dimethylchroman-6-carboxylate', 'N-[10-(13,14-methylenedioxyphenyl)-7(E),9(Z)-pentadienoyl]-pyrrolidine', '6-[8(Z)-pentadecenyl]salicylic acid', '(2S)-2-methyl-8-(3""-methylbut-2""-enyl)-2-(4\'-methylpent-3\'-enyl)-2H-chromene-6-carboxylic acid', 'Burchellin', 'Cabraleadiol', 'schaftoside', ""(2S)-Methyl-8-isopentyl-2-methyl-2-(4'-methylpentyl)chroman-6-carboxylate"", 'Casearupestrin A', '2-oxo-piperol B; (7S*, 8R*, 1R*, 3R*)-3,4,5-trimethoxy-3,7-cyclo-8,1-neolig-8-ene-2,4(3H)-dione', 'taxifolin', '3,4,5-Triacetoxybenzoic acid', 'Odoratone', 'Rel-6β-hydroxyzuelanin-2β-benzoate', 'shidasterone', '5-hydroxymethyl- 2-furancarboxaldehyde; 5-hydroxymethyl-2-furfuraldehyde', 'atalaphyllinine', 'N-[10- (13,14-methylenedioxyphenyl)-7(E)-pentaenoyl]-pyrrolidine', '2-Methyl-5-methoxy-benzopyran-4-one', '3,4-dihydroxybenzoic acid geranyl ester', '6α-acetoxy-14β,15β-epoxyazadirone', 'Egonol', '4-Nerolidilcatechol', ""2-(2'-O-transcoumaroyl)-C-β-D-glucopyranosyl-1,3,6,7-tetrahydroxyxanthone"", 'Syringic acid', '(+)-3-O-feruloylcassine', 'Salacin', 'Methyl 6,7,8-trimethoxydihydrocinnamate', '2-Hexyl-3-methyl-butanodioic acid', 'fraxinellone', '6-[ 8(Z),11(Z) -pentadecadienyl] salicylic acid', 'Gedunin', 'Pedalin, pedalitin 6-O-β -glucopyranoside', 'Caseargrewiin F; (1R*,3S*,5S*,6aR*,7S*,8R*,10R*,10aR*)-1,3-Bis(acetyloxy)-3,5,6,6a,7,8,9,10-octahydro-10-hydroxy-7,8-dimethyl-7-[(2Z)-3-methylpenta-2,4-dien-1-yl]naphtho[1,8a-c]furan-5-yl Butanoate', 'Casearin L; (1R*,3S*,5S*,6aR*,7R*,8R*,9S*,10S*,10aR*)-1,10-Bis(acetyloxy)-3,5,6,6a,7,8,9,10-octahydro-9-hydroxy-5-methoxy-7,8-dimethyl-7-[(2Z)-3-methylpenta-2,4-dien-1-yl]naphtho[1,8a-c]-furan-3-yl Butanoate', 'Platydesmine', 'Leiokinine A', 'Amentoflavone', '1-(5,7-dihydroxy-2,2-dimethylchroman-6-yl)-3-(1,1,4a-trimethyl-2,3,4,4a,9a-hexahydro-1H-xanthen-7-yl)propan-1-one', 'Methyl (E)-6,7,8-trimethoxycinnamate', '3,4,5-Trimethoxyphenyl-1-O-β-D-(5-O-syringoyl)-apiofuranosyl-(1→6)-β-D-glucopyranoside', '6-[8(Z),11(Z),14-pentadecatrienyl]salicylic acid', 'Sorbifolin', ""(2'S)-2-(propan-2'-ol)-5-hydroxy-benzopyran-4-one"", 'Rel-(+)-(7S,9R,10S)-3,9,12-trihydroxycalamenene', 'Casearin S', '11β-acetoxyobacunone', '1-(5,7-dihydroxy-2,2-dimethylchroman- 6-yl)-3-[4-hydroxy-3-(3-methylbut-2-en-1-yl)- phenyl]propan-1-one', '(3R,4R)-4,7-Dihydroxymellein', ""Nitensoside B; Pedalitin 6-O-α-rhamnopyranosyl(1'''→6'')-β-glucopyranoside"", 'Methyl gallate', '3-O-β-D-quinovopyranosyl cincholic acid', 'Afzelin, 3-O-α-rhamnosyl kaempferol', 'Picramnioside F', 'Lauryl gallate', 'Syringaldehyde', '22-hydroxytirucalla-7,24-diene-2,3-dione', 'Trans-3’-methylsulphonylallyl trans-cinnamate', '(3-(2-(4-hydroxyphenyl)-2-oxoethyl)-5,6-dihydropyridin- 2(1H)-one)', 'Mangiferin', '6-pentadecylsalicylic acid', 'Methyl-2,2-dimethylchroman-6-carboxylate', ""Myrsinoic acid A, 3-Geranyl-4-hydroxy-5-(3'',3''-dimethylallyl)benzoic acid"", '20α-Hydroxymaytenin; 20-hydroxy-20-epi-tingenone', '(-)-Epigallocatechin-3-O-gallate', 'Casearin D; (1R*,3S*,5S*,6aR*,7R*,8R*,9S*,10S*,10aR*)-1-(Acetyloxy)-3,5,6,6a,7,8,9,10-octahydro-5,10-dihydroxy-7,8-dimethyl-7-[(2Z)-3-methylpenta-2,4-dien-1-yl]naphtho[1,8a-c]furan-3,9-diyl Dibutanoate', 'Rel. (+)-(7S,10S) 3,12-dihydroxycalamenene', 'carlinoside', 'Methyl-8-(ethanoyloxy)-2,2-dimethyl-2H-chromene-6-carboxylate', '1- (5,7-dihydroxy-2,2-dimethylchroman-6-yl)-3-(2,2-dimethylchroman- 6-yl)propan-1-one', 'Canavaline', 'Di-hydrodehydrodiconiferyl alcohol', 'Quercetin', ""2-(2'-O-trans-cinnamoyl)-C-β-D-glucopyranosyl-1,3,6,7-tetrahydroxyxanthone"", 'Ocotillone', 'des-N-methylnoracronycine', 'Sorbifolin 6-O-β-glucopyranoside', ""Nitensoside A; Sorbifolin 6-O-α-rhamnopyranosyl(1'''→6'')-β-glucopyranoside"", 'Casearin O; (1R*,3S*,5S*,6aR*,7R*,8R*,9S*,10S*,10aR*)-1,10-Bis(acetyloxy)-5-methoxy-7,8-dimethyl-7-[(2Z)-3-methylpenta-2,4-dien-1-yl]-3,5,6,6a,7,8,9,10-octahydronaphtho[1,8a-c]furan-3,9-diyl Dibutanoate', 'germacrene D', '2β-Hydroxyzuelanin-6β-cinnamate', 'arjunolic acid', 'stachysterone', 'Ethyl 2,4-dihydroxy-5,6-dimethylbenzoate', 'Amentoflavone 7”,4”’-dimethyl ether', 'Cyclo-(L-Pro-L-Val)', 'Acetonide of odoratol', '(−)-Grandisin', '24-methylenecycloartan-3b-ol', 'Ixoside', 'Cognatine', 'Fagaramide']]",doi_name
"['10.1080/14786410600907002', '5-hydroxy-N-methylseverifoline']","['10.1080/14786410600907002', ['guaiol', 'γ-eudesmol', 'Hinesol', 'α-eudesmol', 'Teucrein', '11-O-trans-feruloylteucrein', 'Galioside aglicone', 'Galioside', 'Apodanthoside', 'Aphidicolin', '3,3-O-dimethylquercetin', '3,7,4-O-trimethylkaempferol', 'p-hydroxybenzoic acid', 'penduletin 4-O-methyl ether', '3-O-methylquercetin', '2α,3α-dihydroxyolean-12- en-28-oic acid', 'acacetin', 'Chrysoeriol', '2α,3α,19α- trihydroxyurs-12-en-28-oic acid', ""3,4-dimethyl-2-(4'-hydroxy-3',5'-dimethoxyphenyl)-5-methoxy-tetrahydrofuran"", 'Beauvericin', 'Anhydrofusarubin', 'Tagitinin C', '1-methoxy-3-hydroxy-3,10b-4,5a-diepoxy-8b-isobutyroyloxygermacr-11(13)-en-6a,12-olide', ""4-Hydroxy-(3',7'-dimethyl-1'-oxo-octa-2'-E-6'-dienyl)benzoic acid"", ""4-Hydroxy-3-(3',7'-dimethyl-3'-hydroxy-1'-oxo-6'-octenyl)benzoic acid"", ""Sakuranetin; 5,4'-dihydroxy-7-methoxyflavanone"", ""1,4-Dihydroxy-2-(3',7'-dimethyl-1'-oxo-2'-E-6'-octadienyl)benzene"", ""Isosakuranetin; 5,7-dihydroxy-4'-methoxyflavanone"", '(+)-11α-Hydroxyerythravine', '(+)-α-Hydroxyerysotrine', '(+)-Erythravine', '4-metoxi-6-[2-(metilamino)fenil]- 2H-piran-2-ona', 'Citrusinine-I', 'Pyranofoline', '5-hydroxynoracronycine; Atalaphyllidine', '1,3,5-trihydroxy-4-methoxy-10-methyl- 2,8-bis(3-methylbut-2-enyl)acridin-9(10H)-one', 'Citrusinine-II', '1,3,5-trihydroxy- 2,8-bis(3-methylbut-2-enyl)-10-methyl-9-acridone', 'Glycocitrine-IV', 'Glycocitrine-I', '3,4-dihydro-3,5,8-trihydroxy-6-methoxy-2,2,7-trimethyl-2Hpyrano[ 2,3-a]acridin-12(7H)-one', 'Pimara-7,15-dien-3β-ol', '8-hydroxy-6-methoxy-3-methylisocoumarin', 'Dimethyl terephthalate', 'Ergosterol peroxide', '(22E,24R)-ergosta-4,6,8(14),22-tetraen-3-one', 'Chlorogenic acid methyl ester, Methyl (1S,3R,4R,5R)-3-{[(2E)-3-(3,4-dihydroxyphenyl)-2-propenoyl]oxy}-1,4,5-trihydroxycyclohexanecarboxylate', '9-hydroxyeugenin', 'Mycoleptone A', 'Mycoleptone B', 'Austdiol', 'Eugenitin', 'Austdiol diacetate', '6-methoxyeugenin', 'Mycoleptone A tetraacetate', '2,3-dihydro-4,9-dihydroxy-2-(2-hydroxy-propan-2-yl)- 11-methoxy-10-methylfuro[3,2-b]acridin-5(10H)-one', 'Citibrasine', 'bis-5-hydroxyacronycine', ""3',4',5',3,5,7,8-heptamethoxyflavone"", ""3,5,6,7,3',4',5'-heptamethoxyflavonol"", 'Taraxerol acetate', '5,7-dimethoxy-2,2-dimethyl-2H-1-benzopyran-6-propanoate', '(-)-3-O-acetyl-spectaline', 'Methyl (3R,4R,5R)-3-{[(2E)-3-(3,4-dihydroxyphenyl)-2-propenoyl]oxy}-1,4,5-trihydroxycyclohexanecarboxylate', 'Methyl (3R,4R,5R)-3-{[(2Z)-3-(3,4-dihydroxyphenyl)-2-propenoyl]oxy}-1,4,5-trihydroxycyclohexanecarboxylate', 'Nitensidine D', 'Nitensidine E', '3,21-Di-epi-feroniellide B', '21α,25-dimethylmelianodiol', '21β,25-dimethylmelianodiol', ""3',4'-methylenedioxy-5,6,7- trimethoxyflavone"", ""3',4'-methylenedioxy-5,5',6,7-tetramethoxyflavone"", ""2'-hydroxy-3,4,4'-trimethoxy-5',6'-(2'',2''-dimethylpyrano)-chalcone"", ""3',4'-methylenedioxy-5,7-dimethoxyflavone"", 'Hispidol A', 'Nilocetin', 'Pentaol', '3,11-dioxoolean-12-en-28- onic acid', 'Piscidinol A', 'cryptomeridiol', 'Iso-odoratol', 'Oleanonic acid', 'astilbin; Rel-(2R, 3R)-dihydroquercetin-3-O-±-L-rhamnoside', 'Clusifoliol', ""Isoswertisin-4'-methyl-ether-2''α-L-rhamnoside"", '2-Episesalatin', ""Isoswertisin-2''α1-L-rhamnoside"", 'Sesartemin', 'Procyanidin B-3', 'Kaempferol-3-O-D-glucopyranoside', '6-Hydroxy-rutin', 'Quercetin-3-O-α-L-rhamnopyranosyl-(1→6)-β-D-galactopyranoside', 'Kaempferol-3-O-D-galactopyranoside', 'Kaempferol-3-O-α-L-rhamnopyranosyl-(1-6)-α-L-rhamnopyranosyl-(1-4)-β-D-glucopyranoside', 'Kaempferol-3-O-rutinoside', 'Catechin, Ent-catechin', 'Kaempferol-3-O-α-L-rhamnopyranosyl-(1→6)-β-D-galactopyranoside', 'Turbinatine', 'Harman-3-carboxylic acid', 'Strictosidine acid', '3,4-dehydrostrictosidine acid', 'Cordifoline', '3,4-dehydro-strictosidine', '5α-carboxystrictosidine', 'Deoxycordifoline', 'β-Gardiol', 'α-Gardiol', 'Ferulic acid', '5,7-dimethoxy-2,2-dimethyl-2H-1-benzopyran-6-propanoic acid', '17-(3,4-Methylenedioxyphenyl)-heptadecanoic acid', 'Sargaquinoic acid', ""Juruenolic acid; 2-(4'-Methylpentenyl-3)-10-oxoundecan-2,6-dienoic acid"", '(+)-Guaiacin', '21´-(3,4-Methylenedioxyphenyl)-henicosanoic acid', 'Fasciculiferin', 'Sargachromenol', '19´-(3,4-Methylenedioxyphenyl)-nonadecanoic acid', ""7,4'-Dimethoxyflavone"", ""7,4'-Dihydroxyflavone"", 'Farnisine', 'Tithonine', 'Epi-guaiacin', 'Verrucosin', '7-Methyl-sargachromenol; 2,7,8-Trimethyl-2-[(3-E,7-Z)-4,12-dimethyl-8-carboxyl-3,7,11-tridecatrienyl]-3-chromen-6-ol, β-caroteno', 'Nectandrin B', ""2-(3',4'-methylenedioxyphenylethyl)-Quinoline"", ""2-(1'-pentenyl)-Quinoline"", '2-n-Pentylquinoline', '2-n-Propylquinoline', ""4-Hydroxy-(3',7'-dimethyl-1'-oxo-octa-2'-Z-6'-dienyl)benzoic acid"", ""Aduncumene; Methyl 2-methoxy-5-(3'-methyl-1'-oxo-2'-butenyl)benzoate"", ""Methyl 4-hydroxy-3-(3'-methyl-2'-hydroxy-3'-butenyl)benzoate"", '3,4,5-Trimethoxydihydrocinnamic acid', ""Methyl taboganate; Methyl 4-hydroxy-3-(3'-methyl-1'-oxo-2'-butenyl)benzoate"", ""4-Hydroxy-3-(3',7'-dimethylocta-2'-E-6'-dienyl)benzoic acid"", ""Hostmaniene; 4-Hydroxy-3-(2',3'-dihydroxy-3'-methylbutyl)benzoate"", ""2',6'-Dihydroxy-4'-methoxydihydrochalcone"", ""Methyl 4-hydroxy-3-(3'-methyl-2'-butenyl)benzoate"", 'Piperaduncine B', 'Methyl 2,2-dimethyl-1-oxo-2H-1-benzopyran-6-carboxylate', 'Secoxyloganin', '7-Methoxydiderroside', 'Diderroside', ""6'-Acetyl-β-D-glucopyranosyldiderroside"", 'Stearic acid 4-pentoyloxyphenethyl ester', 'Methyl-8-hydroxy-2,2-dimethyl-2H-chromene-6-carboxylate', ""4-Methoxy-3-(3',7'-dimethylocta-2'-E-6'-dienyl)benzoic acid"", ""3-(3',7 '-dimethyl-2',6 '-octadienyl)-4-methoxy-benzoic acid"", ""Rel-(7R,8S,7'S,8'S)-4-hydroxy-4',5'-methylenedioxy-3,5,3'-trimethoxy-7,7'-epoxylignan"", ""Rel-(7R,8S,7'S,8'S)-4'-hydroxy-3,4,5,3',5'-pentamethoxy-7,7'-epoxylignan"", ""Rel-(7R,8S,7'S,8'S)-4',5'-methylenedioxy-3,4,5,3'-tetramethoxy-7,7'-epoxylignan"", ""Rel-(7R,8S,7'S,8'S)-4,5,4',5'-dimethylenedioxy-3,3'-dimethoxy-7,7'-epoxylignan"", ""Rel-(7R,8S,7'S,8'S)-9-hydroxy-4',5'-methylenedioxy-3,4,5,3'-tetramethoxy-7,7'-epoxylignan"", 'Xanthyletin', '(3Z,5Z)-N-isobutyl-8-(30,40-methylenedioxy-phenyl)-heptadienamide', 'Pellitorine', '10,11-dihydropiperine; Δα,β-dihydropiperine', '8,9-dihydropiplartine; N-(12,13,14-trimethoxydihydrocinnamoyl)-Δ3-pyridin-2-one', '4,5-dihydropiperyline', '(E)-piplartine', ""N-[3-(6'-methoxy-3',4'-methy-lenedioxyphenyl)-2(Z)-propenoyl]pyrrolidine"", '(Z)-piplartine; 8(Z)-N-(12,13, 14-trimethoxycinnamoyl)- 3-pyridin-2-one', 'Piperine', '4,5-dihydropiperlonguminine; Piperlonguminine', 'Methacrylic acid', 'cyclo (L)-Pro-Gly', 'Isopimpinellin', 'β-caryophyllene, trans-caryophyllene', 'Cusculine; 1,2,3,5,6-pentamethoxy-9-acridone', 'Cuspanine; 1-hydroxy-2,3,5,6-tetramethoxy-9-acridone', '2α,3α-Dihydroxy-urs-12-en-28-oic acid', 'Oleanolic acid 3-sophoroside', '3-O-β-D-(6’-methyl)-glucopyranosyl-28-O-β-D-glucopyranosyl-oleanate', 'β-Sitosterol benzoate', '2-phenyl-4H-chromen-4-one', '5-hydroxyflavone', 'Haplotusine', 'Sinapyl 4-O-β-D-glucopyranoside aldehyde', 'N-acetylnonaine', 'Liriodenine', 'Sinapyl 4-O-β-D-glucopyranoside alcohol', '[10]-gingerol', ""2,4-Dihydroxy-6-[(1'E,3'E)-penta-1', 3'-dienyl]-benzaldehyde"", '2-methyl-5-[8(Z)-pentadecenyl]resorcinol', 'Nitensidine A', '2-hydroxyphenylacetic acid', '3-O-β-D-quinovopyranosyl quinovic acid', ""8-hydroxy-3,5,7,3',4',5'-hexamethoxyflavonol"", 'Kaempferol', '(4R)-4,8-dihydroxy-α-tetralone', 'Chlorogenic acid', 'Odoratol', 'Chalepin', '3β-hydroxy-stigmast-5-en-7-one; 24-β-7-oxositosterol', 'scillascillin', 'Homoegonol', '[8]-gingerol', '2,7-Di-O-acetylcasearupestrin A', 'Nitensidine B', '1-methyl-2-n-nonyl-4-quinolone', 'Leptomerine', '5-hydroxy-N-methylseverifoline', '19,20-Epoxycytochalasin N', 'ellagic acid 4-O-α-L-rhamnopyranoside; eschweilenol C', 'Mayoside C', 'Ourateacatechin', ""3',4',5',5,7-pentamethoxyflavone"", '2-methyl-5-pentadecylresorcinol', 'Griseofulvin', ""7-Hydroxy-4',6-dimethoxyisoflavone; Afrormosin; Afromosin"", '8-methoxymellein', '(±)-Syringaresinol', 'Cyclo-(L-Pro-L-Val)', 'citrusinine-I', 'Ricinine', 'Leptophyllin A', '5-pentadecylresorcinol', 'Skimmianine', 'p-hydroxybenzoic acid-geranyl ester', '3,12-Dihydroxycadalene', '7-hydroxy-3- (11-dimethylallyl)-8-methoxycoumarin', ""N-[7-(3',4'-methylenedioxyphenyl)-2(Z),4(Z)-heptadienoyl]pyrrolidine"", ""Acteoside; [β-3,4-dihydroxyphenyl)-ethyl]-(3'-O-α-L-rhamnopyranosyl)-(4'-O-cafeoyl)-β-D-glycopyranoside, verbascoside"", 'Ocotillone', 'des-N-methylnoracronycine', 'Sorbifolin 6-O-β-glucopyranoside', 'Rel-2α-hydroxyzuelanin-6β-benzoate', '2,6-di-O-acetylcasearupestrin D', ""Methyl-2,2-dimethyl-8-(3'-methylbut-2'-enyl)chroman-6-carboxylate"", 'Canavaline', 'Di-hydrodehydrodiconiferyl alcohol', 'Quercetin', ""2-(2'-O-trans-cinnamoyl)-C-β-D-glucopyranosyl-1,3,6,7-tetrahydroxyxanthone"", 'Kokusaginine', 'Pristimerin; 20α-3-hydroxy-2-oxo-24-nor-friedela-1-10,3,5,7-tetraen-carboxylic acid-29-methylester', '3,4,5-trimethoxyphenyl 1-O-β-D-apiofuranosyl-(1→6)-O-β-D-glucopyranoside', 'β-photogedunin', 'n-Butyl gallate', ""5-[3''-(β-D-glucopyranosyloxy)propyl]-7-methoxy-2-(3',4'-dimethoxyphenyl)benzofuran"", '5-[8(Z),11(Z),14-pentadecatrienyl]resorcinol', 'Gallic acid; 3,4,5-trihydroxybenzoic acid', 'Maculosidine', 'Podocarpusflavone A', 'Casearupestrin C', '6α-malonyloxy-n-butyl ester manoyl oxide', 'Proanthocyanidin', 'neoisoastilbin', '(R)-7-Hydroxymellein', '6α-acetoxymanoyl oxide', 'Methyl-8-hydroxy-2,2-dimethylchroman-6-carboxylate', '6α-acetoxy-14β,15β-epoxyazadirone', '19,20-Epoxycytochalasin D', 'fumiquinozoline F', 'Kaempferol 3-O-α-L-rhamnopyranosyl (1→6)-O-[β -D-glucopyranosyl (1→3)-O-α-L-rhamnopyranosyl-(1→2)]-O-β -D-glucopyranosyl', '3β-O-[α-L-rhamnopyranosyl-(1→2)-O-β-D-glucopyranosyl-(1→2)-O-β-D-glucopyranosyl]-28-O-β-D-glucopyranoside pomolate', 'Dibenzyl tetrasulphide', ""2',5-dihydroxy-3-methoxy-8-dimethylallyl-6, 7-(2' ',2''-dimethylpyrano)-dihydroflavonol"", 'Methyl angolensate', ""5-(3'' -Hydroxypropyl)-7-methoxy-2-(3',4' -methyl-enedioxyphenyl)benzofuran"", '22β-hydroxypristimerin', '1- (5,7-dihydroxy-2,2-dimethylchroman-6-yl)-3-(2,2-dimethylchroman- 6-yl)propan-1-one', 'toonacilin', 'Uracil', '1-O-(E)-feruloyl-β-D-glucopyranoside', '2-n-nonyl-4-quinolone', 'Cytochalasin D', 'Isoorientin', 'urauchimycin A', 'p-Coumaric acid', '(-)-Epigallocatechin', 'Netzahualcoyonol', '1-[3-(3,7-dimethylocta-2,6-dien-1-yl)-2,4,6- trihydroxyphenyl]-3-(4-hydroxyphenyl)propan-1-one', '6α-malonyloxymanoyl oxide', 'Benzylhydroxymethyl sulphide', '1,6-di-O-caffeoyl-β-D-glucopyranoside', '2-methyl-5-[8(Z),11(Z),14-pentadecatrienyl]resorcinol', 'Dibenzyl disulphide', 'Isopropyl gallate', '6β-hydroxy-7-epigardoside methyl ester', 'Tetrahydropiperyline, N-[10-(13,14-methylenedioxyphenyl)-pentanoyl]-pyrrolidine', 'Piperovatine', '2,4,6-trimethoxybenzoic acid', '1-O-(E)-caffeoyl-β-D-glucopyranoside', 'Quercitrin, 3-O-α-rhamnosylquercetin', 'Caseobliquin A', '20-hydroxyecdysone; polypodine A', '3-Acetyl aleuritolic acid', 'Alkenoic acid', 'Quercetin 3-O-α-L-rhamnopyranosyl (1→6)-O-[β -D-glucopyranosyl (1→3)-O-α-L-rhamnopyranosyl-(1→2)]-O-β -D-glucopyranosyl', 'Heveaflavone', 'Arboreumine', '3-Oxoursolic acid', 'Casearupestrin B', '19,20-Epoxycytochalasin C', 'n-Pentyl gallate', 'Orcinol', 'Periconicin B', 'Phomopsilactone', ""(2S)-8-Isopentyl-2-methyl-2-(4'-methylpentyl)chroman-6-carboxylic acid"", '2,2-dimethyl-2H-chromene-6-carboxylic acid', '1,2-dihydro- 3β-hydroxy-7-deacetoxy-7-oxogedunin', 'Photogedunin', 'Casearin X; (1R*,3S*,5S*,6aR*,7S*,8S*,10R*,10aR*)-1-(Acetyloxy)-3,5,6,6a,7,8,9,10-octahydro-10-hydroxy-7,8-dimethyl-7-[(2Z)-3-methylpenta-2,4-dien-1-yl]naphtho[1,8a-c]furan-3,5-diyl Dibutanoate', ""2-(R)-Methyl-6-(S)-(tetradecyl-13'-one)-3(R)-O-tert-butyldimethylsilyl-piperidine"", '(2S)-Methyl-2-methyl-8-(3""-methylbut-2""-enyl)-2-(4\'-methylpent-3\'-enyl)-2H-chromene-6-carboxylate', 'Casearin X Dialdehyde; (2R*,4aS*,5S*,7R*,8R*,8aS*)-4,4a-Diformyl-1,2,4a,5,6,7,8,8a-octahydro-5-hydroxy-7,8-dimethyl-8-[(2Z)-3-methylpenta-2,4-dien-1-yl]naphthalen-2-yl Butanoate', 'polypodine B', 'n-Propyl gallate', ""3',4',5',5,7,8-hexamethoxyflavone"", 'Isoplumericin', 'α-L-xylopyranosyl-(4""→20)-(3-O-β-D-glucopyranosyl)-1\'-O-E-caffeoyl-β-D-glucopyranoside', 'Casearin T', 'Piperyline, N-[10-(13,14-methylenedioxyphenyl)-7(E),9(E)-pentadienoyl]-pyrrolidine', 'ω-fenil alcanoic acid', '2-butyl-D-fructofuranoside', ""Gaudichaudianic acid; (2S)-2-methyl-2-(4'methyl-3'-pentenyl)-8-(3''-methyl-2-butenyl)- 2H-1-benzopyran-6-carboxylic acid"", 'limonexic acid', 'Pedalitin', 'epoxy-fraxinellone', '12′-hydroxy-7′-multijuguinone', 'Kaempferitrin', 'Nitensidine C', 'Dipropyl disulphide', '2-methyl-5-[8(Z),11(Z)-pentadecadienyl]resorcinol', 'Methyl 6,7,8-trimethoxydihydrocinnamate', 'taxifolin', ""(2'S)-2-(propan-2'-ol)-5-hydroxy-benzopyran-4-one"", 'Rel-(+)-(7S,9R,10S)-3,9,12-trihydroxycalamenene', 'Casearin S', '2-Hexyl-3-methyl-butanodioic acid', 'fraxinellone', '6-[ 8(Z),11(Z) -pentadecadienyl] salicylic acid', 'Di(benzyltrithio) methane', '3,11,12-Trihydroxycadalene', 'Quercetin 3-O-sophoroside', '(3R,4R)-3,4-Dihydro-4,6-dihydroxy-3-methyl-1-oxo-1H-isochromene-5-carboxylic acid', '24-methylene-3,22-dihydroxycholesterol', 'amorphispironone', 'Casearupestrin D', 'Chaetoglobosin B', ""2-(2'-O-benzoyl)-C-β-D-glucopyranosyl-1,3,6,7-tetrahydroxyxanthone"", '5-hydroxymethyl- 2-furancarboxaldehyde; 5-hydroxymethyl-2-furfuraldehyde', 'atalaphyllinine', 'N-[10- (13,14-methylenedioxyphenyl)-7(E)-pentaenoyl]-pyrrolidine', '2-Methyl-5-methoxy-benzopyran-4-one', '3,4-dihydroxybenzoic acid geranyl ester', '6-[8(Z)-pentadecenyl]salicylic acid', '(2S)-2-methyl-8-(3""-methylbut-2""-enyl)-2-(4\'-methylpent-3\'-enyl)-2H-chromene-6-carboxylic acid', 'Burchellin', '5-[8(Z)-pentadecenyl]resorcinol', 'Luteolin; 2-(3,4-dihydroxyphenyl)-5,7-dihydroxy-4H-chromen-4-one', 'Sinapic acid', '19,20-Epoxycytochalasin Q', '19,20-Epoxycytochalasin R', 'Muraxanthone', 'Casearupestrin A', '2-oxo-piperol B; (7S*, 8R*, 1R*, 3R*)-3,4,5-trimethoxy-3,7-cyclo-8,1-neolig-8-ene-2,4(3H)-dione', '28-O-β-D-glucopyranosyl quinovic acid', '2-Methyl-4-hydroxy-butyl caffeoate', 'N-1,N-2,N-3-Triisopentenylguanidine', 'Dibenzyl trisulphide', 'Maytenin, Tingenone', 'urauchimycin B', ""2-(2'-O-trans-caffeoyl)-C-β-D-glucopyranosyl-1,3,6,7-tetrahydroxyxanthone"", 'Netzahualcoyene', '11β-acetoxyobacunone', '1-(5,7-dihydroxy-2,2-dimethylchroman- 6-yl)-3-[4-hydroxy-3-(3-methylbut-2-en-1-yl)- phenyl]propan-1-one', '(3R,4R)-4,7-Dihydroxymellein', ""Nitensoside B; Pedalitin 6-O-α-rhamnopyranosyl(1'''→6'')-β-glucopyranoside"", 'Amentoflavone', 'Odoratone', 'Rel-6β-hydroxyzuelanin-2β-benzoate', 'shidasterone', 'Gedunin', 'Pedalin, pedalitin 6-O-β -glucopyranoside', 'Caseargrewiin F; (1R*,3S*,5S*,6aR*,7S*,8R*,10R*,10aR*)-1,3-Bis(acetyloxy)-3,5,6,6a,7,8,9,10-octahydro-10-hydroxy-7,8-dimethyl-7-[(2Z)-3-methylpenta-2,4-dien-1-yl]naphtho[1,8a-c]furan-5-yl Butanoate', 'Casearin L; (1R*,3S*,5S*,6aR*,7R*,8R*,9S*,10S*,10aR*)-1,10-Bis(acetyloxy)-3,5,6,6a,7,8,9,10-octahydro-9-hydroxy-5-methoxy-7,8-dimethyl-7-[(2Z)-3-methylpenta-2,4-dien-1-yl]naphtho[1,8a-c]-furan-3-yl Butanoate', 'Platydesmine', 'Leiokinine A', 'Cabraleadiol', 'schaftoside', ""(2S)-Methyl-8-isopentyl-2-methyl-2-(4'-methylpentyl)chroman-6-carboxylate"", '3,4,5-Triacetoxybenzoic acid', '1-(5,7-dihydroxy-2,2-dimethylchroman-6-yl)-3-(1,1,4a-trimethyl-2,3,4,4a,9a-hexahydro-1H-xanthen-7-yl)propan-1-one', 'Methyl (E)-6,7,8-trimethoxycinnamate', 'Netzahualcoyondiol', 'Piperol B', '(-)-Hardwickiic acid', ""5-[3''-(β-D-glucopyranosyloxy)propyl]-7-methoxy-2-(3',4'-methylenedioxyphenyl)benzofuran"", 'Methyl-8-(ethanoyloxy)-2,2-dimethyl-2H-chromene-6-carboxylate', 'arjunolic acid', '3,4,5-Trimethoxyphenyl-1-O-β-D-(5-O-syringoyl)-apiofuranosyl-(1→6)-β-D-glucopyranoside', '6-[8(Z),11(Z),14-pentadecatrienyl]salicylic acid', 'Sorbifolin', ""Nitensoside A; Sorbifolin 6-O-α-rhamnopyranosyl(1'''→6'')-β-glucopyranoside"", 'Casearin O; (1R*,3S*,5S*,6aR*,7R*,8R*,9S*,10S*,10aR*)-1,10-Bis(acetyloxy)-5-methoxy-7,8-dimethyl-7-[(2Z)-3-methylpenta-2,4-dien-1-yl]-3,5,6,6a,7,8,9,10-octahydronaphtho[1,8a-c]furan-3,9-diyl Dibutanoate', 'germacrene D', 'Methyl gallate', '3-O-β-D-quinovopyranosyl cincholic acid', 'Afzelin, 3-O-α-rhamnosyl kaempferol', 'Egonol', '4-Nerolidilcatechol', ""2-(2'-O-transcoumaroyl)-C-β-D-glucopyranosyl-1,3,6,7-tetrahydroxyxanthone"", 'Syringic acid', 'N-[10-(13,14-methylenedioxyphenyl)-7(E),9(Z)-pentadienoyl]-pyrrolidine', '(3-(2-(4-hydroxyphenyl)-2-oxoethyl)-5,6-dihydropyridin- 2(1H)-one)', 'Mangiferin', 'Salacin', 'Viburgenin', ""Pterogynoside; Kaempferol-3-O-(3''-O-4'''-methylgallate-α-L-rhamnoside)"", 'Isobutyl gallate', '7′-multijuguinone', '(+)-3-O-feruloylcassine', '6-pentadecylsalicylic acid', 'Methyl-2,2-dimethylchroman-6-carboxylate', ""Myrsinoic acid A, 3-Geranyl-4-hydroxy-5-(3'',3''-dimethylallyl)benzoic acid"", '20α-Hydroxymaytenin; 20-hydroxy-20-epi-tingenone', '(-)-Epigallocatechin-3-O-gallate', 'Casearin D; (1R*,3S*,5S*,6aR*,7R*,8R*,9S*,10S*,10aR*)-1-(Acetyloxy)-3,5,6,6a,7,8,9,10-octahydro-5,10-dihydroxy-7,8-dimethyl-7-[(2Z)-3-methylpenta-2,4-dien-1-yl]naphtho[1,8a-c]furan-3,9-diyl Dibutanoate', 'Rel. (+)-(7S,10S) 3,12-dihydroxycalamenene', 'carlinoside', '4-Hydroxymellein', '5-hydroxymellein', 'fraxinellonone', 'Dibenzyl sulphide', '(-) Cis-4-hydroxy-6-deoxyscytalone', 'Plumericin', '5-[8(Z),11(Z)-pentadecadienyl]resorcinol', '(-)-Spectalinine', 'stachysterone', 'Ethyl 2,4-dihydroxy-5,6-dimethylbenzoate', 'Amentoflavone 7”,4”’-dimethyl ether', 'Picramnioside F', 'Lauryl gallate', 'Syringaldehyde', '22-hydroxytirucalla-7,24-diene-2,3-dione', 'Trans-3’-methylsulphonylallyl trans-cinnamate', 'Acetonide of odoratol', '(−)-Grandisin', '24-methylenecycloartan-3b-ol', 'Ixoside', '2β-Hydroxyzuelanin-6β-cinnamate', 'Cognatine', 'Fagaramide']]",doi_name
"['10.1080/14786410903335232', 'Isobutyl gallate']","['10.1080/14786410903335232', ['guaiol', 'Hinesol', 'γ-eudesmol', 'α-eudesmol', '11-O-trans-feruloylteucrein', 'Teucrein', 'Apodanthoside', 'Galioside', 'Galioside aglicone', ""3,4-dimethyl-2-(4'-hydroxy-3',5'-dimethoxyphenyl)-5-methoxy-tetrahydrofuran"", 'Chlorogenic acid methyl ester, Methyl (1S,3R,4R,5R)-3-{[(2E)-3-(3,4-dihydroxyphenyl)-2-propenoyl]oxy}-1,4,5-trihydroxycyclohexanecarboxylate', '5,7-dimethoxy-2,2-dimethyl-2H-1-benzopyran-6-propanoate', '(+)-Erythravine', '(+)-α-Hydroxyerysotrine', '(+)-11α-Hydroxyerythravine', 'Tagitinin C', '1-methoxy-3-hydroxy-3,10b-4,5a-diepoxy-8b-isobutyroyloxygermacr-11(13)-en-6a,12-olide', ""Isosakuranetin; 5,7-dihydroxy-4'-methoxyflavanone"", ""Sakuranetin; 5,4'-dihydroxy-7-methoxyflavanone"", ""4-Hydroxy-3-(3',7'-dimethyl-3'-hydroxy-1'-oxo-6'-octenyl)benzoic acid"", ""4-Hydroxy-(3',7'-dimethyl-1'-oxo-octa-2'-E-6'-dienyl)benzoic acid"", ""1,4-Dihydroxy-2-(3',7'-dimethyl-1'-oxo-2'-E-6'-octadienyl)benzene"", 'Aphidicolin', 'Kaempferol-3-O-D-galactopyranoside', 'Kaempferol-3-O-rutinoside', 'Kaempferol-3-O-α-L-rhamnopyranosyl-(1→6)-β-D-galactopyranoside', 'Catechin, Ent-catechin', 'Quercetin-3-O-α-L-rhamnopyranosyl-(1→6)-β-D-galactopyranoside', '6-Hydroxy-rutin', 'Kaempferol-3-O-D-glucopyranoside', 'Procyanidin B-3', 'Kaempferol-3-O-α-L-rhamnopyranosyl-(1-6)-α-L-rhamnopyranosyl-(1-4)-β-D-glucopyranoside', 'Taraxerol acetate', '1,3,5-trihydroxy- 2,8-bis(3-methylbut-2-enyl)-10-methyl-9-acridone', '5-hydroxynoracronycine; Atalaphyllidine', 'Pyranofoline', 'Glycocitrine-IV', 'Citrusinine-II', 'Glycocitrine-I', 'Citrusinine-I', '1,3,5-trihydroxy-4-methoxy-10-methyl- 2,8-bis(3-methylbut-2-enyl)acridin-9(10H)-one', '3,4-dihydro-3,5,8-trihydroxy-6-methoxy-2,2,7-trimethyl-2Hpyrano[ 2,3-a]acridin-12(7H)-one', 'Nectandrin B', 'Epi-guaiacin', '7-Methyl-sargachromenol; 2,7,8-Trimethyl-2-[(3-E,7-Z)-4,12-dimethyl-8-carboxyl-3,7,11-tridecatrienyl]-3-chromen-6-ol, β-caroteno', 'Verrucosin', 'Mycoleptone A', '9-hydroxyeugenin', 'Austdiol', 'Eugenitin', 'Austdiol diacetate', '6-methoxyeugenin', 'Mycoleptone B', 'Mycoleptone A tetraacetate', ""3',4',5',3,5,7,8-heptamethoxyflavone"", ""3,5,6,7,3',4',5'-heptamethoxyflavonol"", 'Beauvericin', 'Anhydrofusarubin', '2-n-Pentylquinoline', ""2-(1'-pentenyl)-Quinoline"", '2-n-Propylquinoline', ""2-(3',4'-methylenedioxyphenylethyl)-Quinoline"", 'Nitensidine D', 'Nitensidine E', '3,21-Di-epi-feroniellide B', '21β,25-dimethylmelianodiol', '21α,25-dimethylmelianodiol', '3,3-O-dimethylquercetin', '2α,3α,19α- trihydroxyurs-12-en-28-oic acid', 'penduletin 4-O-methyl ether', 'p-hydroxybenzoic acid', '2α,3α-dihydroxyolean-12- en-28-oic acid', 'Chrysoeriol', '3-O-methylquercetin', '3,7,4-O-trimethylkaempferol', 'acacetin', '(-)-3-O-acetyl-spectaline', '7-Methoxydiderroside', 'Secoxyloganin', ""6'-Acetyl-β-D-glucopyranosyldiderroside"", 'Diderroside', 'astilbin; Rel-(2R, 3R)-dihydroquercetin-3-O-±-L-rhamnoside', 'Xanthyletin', '4-metoxi-6-[2-(metilamino)fenil]- 2H-piran-2-ona', '2-Episesalatin', ""Isoswertisin-2''α1-L-rhamnoside"", 'Clusifoliol', 'Sesartemin', ""Isoswertisin-4'-methyl-ether-2''α-L-rhamnoside"", ""Aduncumene; Methyl 2-methoxy-5-(3'-methyl-1'-oxo-2'-butenyl)benzoate"", ""4-Hydroxy-(3',7'-dimethyl-1'-oxo-octa-2'-Z-6'-dienyl)benzoic acid"", ""Methyl 4-hydroxy-3-(3'-methyl-2'-hydroxy-3'-butenyl)benzoate"", ""Methyl taboganate; Methyl 4-hydroxy-3-(3'-methyl-1'-oxo-2'-butenyl)benzoate"", '3,4,5-Trimethoxydihydrocinnamic acid', ""2',6'-Dihydroxy-4'-methoxydihydrochalcone"", ""Methyl 4-hydroxy-3-(3'-methyl-2'-butenyl)benzoate"", ""Hostmaniene; 4-Hydroxy-3-(2',3'-dihydroxy-3'-methylbutyl)benzoate"", ""4-Hydroxy-3-(3',7'-dimethylocta-2'-E-6'-dienyl)benzoic acid"", 'Methyl 2,2-dimethyl-1-oxo-2H-1-benzopyran-6-carboxylate', 'Piperaduncine B', 'Pimara-7,15-dien-3β-ol', 'Dimethyl terephthalate', '(22E,24R)-ergosta-4,6,8(14),22-tetraen-3-one', 'Ergosterol peroxide', '8-hydroxy-6-methoxy-3-methylisocoumarin', 'Stearic acid 4-pentoyloxyphenethyl ester', ""3',4'-methylenedioxy-5,6,7- trimethoxyflavone"", ""2'-hydroxy-3,4,4'-trimethoxy-5',6'-(2'',2''-dimethylpyrano)-chalcone"", ""3',4'-methylenedioxy-5,5',6,7-tetramethoxyflavone"", ""3',4'-methylenedioxy-5,7-dimethoxyflavone"", 'Methacrylic acid', 'Methyl (3R,4R,5R)-3-{[(2E)-3-(3,4-dihydroxyphenyl)-2-propenoyl]oxy}-1,4,5-trihydroxycyclohexanecarboxylate', 'Methyl (3R,4R,5R)-3-{[(2Z)-3-(3,4-dihydroxyphenyl)-2-propenoyl]oxy}-1,4,5-trihydroxycyclohexanecarboxylate', 'Deoxycordifoline', '3,4-dehydrostrictosidine acid', 'Turbinatine', '3,4-dehydro-strictosidine', 'Strictosidine acid', 'Cordifoline', 'Harman-3-carboxylic acid', '5α-carboxystrictosidine', '17-(3,4-Methylenedioxyphenyl)-heptadecanoic acid', '19´-(3,4-Methylenedioxyphenyl)-nonadecanoic acid', 'Sargaquinoic acid', '(+)-Guaiacin', 'Sargachromenol', ""7,4'-Dihydroxyflavone"", ""7,4'-Dimethoxyflavone"", '21´-(3,4-Methylenedioxyphenyl)-henicosanoic acid', 'Farnisine', ""Juruenolic acid; 2-(4'-Methylpentenyl-3)-10-oxoundecan-2,6-dienoic acid"", 'Fasciculiferin', 'Tithonine', '5,7-dimethoxy-2,2-dimethyl-2H-1-benzopyran-6-propanoic acid', ""Rel-(7R,8S,7'S,8'S)-4',5'-methylenedioxy-3,4,5,3'-tetramethoxy-7,7'-epoxylignan"", ""Rel-(7R,8S,7'S,8'S)-9-hydroxy-4',5'-methylenedioxy-3,4,5,3'-tetramethoxy-7,7'-epoxylignan"", ""Rel-(7R,8S,7'S,8'S)-4'-hydroxy-3,4,5,3',5'-pentamethoxy-7,7'-epoxylignan"", ""Rel-(7R,8S,7'S,8'S)-4-hydroxy-4',5'-methylenedioxy-3,5,3'-trimethoxy-7,7'-epoxylignan"", ""Rel-(7R,8S,7'S,8'S)-4,5,4',5'-dimethylenedioxy-3,3'-dimethoxy-7,7'-epoxylignan"", ""N-[3-(6'-methoxy-3',4'-methy-lenedioxyphenyl)-2(Z)-propenoyl]pyrrolidine"", '4,5-dihydropiperlonguminine; Piperlonguminine', '(Z)-piplartine; 8(Z)-N-(12,13, 14-trimethoxycinnamoyl)- 3-pyridin-2-one', '8,9-dihydropiplartine; N-(12,13,14-trimethoxydihydrocinnamoyl)-Δ3-pyridin-2-one', '10,11-dihydropiperine; Δα,β-dihydropiperine', 'Piperine', '(E)-piplartine', '4,5-dihydropiperyline', 'Pellitorine', '(3Z,5Z)-N-isobutyl-8-(30,40-methylenedioxy-phenyl)-heptadienamide', ""4-Methoxy-3-(3',7'-dimethylocta-2'-E-6'-dienyl)benzoic acid"", ""3-(3',7 '-dimethyl-2',6 '-octadienyl)-4-methoxy-benzoic acid"", 'Methyl-8-hydroxy-2,2-dimethyl-2H-chromene-6-carboxylate', 'α-Gardiol', 'β-Gardiol', 'Ferulic acid', 'Isopimpinellin', 'Citibrasine', '2,3-dihydro-4,9-dihydroxy-2-(2-hydroxy-propan-2-yl)- 11-methoxy-10-methylfuro[3,2-b]acridin-5(10H)-one', 'bis-5-hydroxyacronycine', 'cyclo (L)-Pro-Gly', 'Piscidinol A', 'cryptomeridiol', 'Pentaol', '3,11-dioxoolean-12-en-28- onic acid', 'Iso-odoratol', 'Oleanonic acid', 'Nilocetin', 'Hispidol A', 'β-caryophyllene, trans-caryophyllene', 'Cusculine; 1,2,3,5,6-pentamethoxy-9-acridone', 'Cuspanine; 1-hydroxy-2,3,5,6-tetramethoxy-9-acridone', '2α,3α-Dihydroxy-urs-12-en-28-oic acid', '3-O-β-D-(6’-methyl)-glucopyranosyl-28-O-β-D-glucopyranosyl-oleanate', 'Oleanolic acid 3-sophoroside', 'Haplotusine', 'β-Sitosterol benzoate', '5-hydroxyflavone', '2-phenyl-4H-chromen-4-one', 'Sinapyl 4-O-β-D-glucopyranoside aldehyde', 'Sinapyl 4-O-β-D-glucopyranoside alcohol', 'Liriodenine', 'N-acetylnonaine', '[10]-gingerol', ""2,4-Dihydroxy-6-[(1'E,3'E)-penta-1', 3'-dienyl]-benzaldehyde"", '2-methyl-5-[8(Z)-pentadecenyl]resorcinol', 'Kaempferol', '2-hydroxyphenylacetic acid', '3-O-β-D-quinovopyranosyl quinovic acid', '(4R)-4,8-dihydroxy-α-tetralone', 'Gallic acid; 3,4,5-trihydroxybenzoic acid', 'Quercitrin, 3-O-α-rhamnosylquercetin', 'Caseobliquin A', 'Methyl angolensate', ""5-(3'' -Hydroxypropyl)-7-methoxy-2-(3',4' -methyl-enedioxyphenyl)benzofuran"", '22β-hydroxypristimerin', '1- (5,7-dihydroxy-2,2-dimethylchroman-6-yl)-3-(2,2-dimethylchroman- 6-yl)propan-1-one', 'Canavaline', 'Di-hydrodehydrodiconiferyl alcohol', '5-hydroxy-N-methylseverifoline', '19,20-Epoxycytochalasin N', 'ellagic acid 4-O-α-L-rhamnopyranoside; eschweilenol C', 'Mayoside C', 'Ourateacatechin', ""3',4',5',5,7-pentamethoxyflavone"", '2-methyl-5-pentadecylresorcinol', '3β-hydroxy-stigmast-5-en-7-one; 24-β-7-oxositosterol', 'Isobutyl gallate', '7′-multijuguinone', 'Griseofulvin', ""7-Hydroxy-4',6-dimethoxyisoflavone; Afrormosin; Afromosin"", '8-methoxymellein', '(±)-Syringaresinol', 'Cyclo-(L-Pro-L-Val)', 'Acetonide of odoratol', 'Nitensidine B', '1-methyl-2-n-nonyl-4-quinolone', '5-[8(Z),11(Z),14-pentadecatrienyl]resorcinol', 'Kokusaginine', ""2-(2'-O-trans-caffeoyl)-C-β-D-glucopyranosyl-1,3,6,7-tetrahydroxyxanthone"", 'Netzahualcoyene', 'Casearin X Dialdehyde; (2R*,4aS*,5S*,7R*,8R*,8aS*)-4,4a-Diformyl-1,2,4a,5,6,7,8,8a-octahydro-5-hydroxy-7,8-dimethyl-8-[(2Z)-3-methylpenta-2,4-dien-1-yl]naphthalen-2-yl Butanoate', 'polypodine B', 'n-Propyl gallate', ""3',4',5',5,7,8-hexamethoxyflavone"", 'Isopropyl gallate', 'scillascillin', 'Nitensidine A', ""8-hydroxy-3,5,7,3',4',5'-hexamethoxyflavonol"", 'Odoratol', 'Leptomerine', '1-O-(E)-caffeoyl-β-D-glucopyranoside', 'Maculosidine', 'Podocarpusflavone A', 'Casearupestrin C', '6α-malonyloxy-n-butyl ester manoyl oxide', 'citrusinine-I', 'Ricinine', 'Leptophyllin A', '5-pentadecylresorcinol', '19,20-Epoxycytochalasin D', 'fumiquinozoline F', 'Kaempferol 3-O-α-L-rhamnopyranosyl (1→6)-O-[β -D-glucopyranosyl (1→3)-O-α-L-rhamnopyranosyl-(1→2)]-O-β -D-glucopyranosyl', 'Rel-2α-hydroxyzuelanin-6β-benzoate', '2,6-di-O-acetylcasearupestrin D', ""Methyl-2,2-dimethyl-8-(3'-methylbut-2'-enyl)chroman-6-carboxylate"", '2,7-Di-O-acetylcasearupestrin A', ""2',5-dihydroxy-3-methoxy-8-dimethylallyl-6, 7-(2' ',2''-dimethylpyrano)-dihydroflavonol"", '2-n-nonyl-4-quinolone', 'Cytochalasin D', 'Isoorientin', 'Piperol B', '(-)-Hardwickiic acid', ""5-[3''-(β-D-glucopyranosyloxy)propyl]-7-methoxy-2-(3',4'-methylenedioxyphenyl)benzofuran"", '28-O-β-D-glucopyranosyl quinovic acid', '2-Methyl-4-hydroxy-butyl caffeoate', 'N-1,N-2,N-3-Triisopentenylguanidine', 'Dibenzyl trisulphide', 'Maytenin, Tingenone', '6β-hydroxy-7-epigardoside methyl ester', 'Tetrahydropiperyline, N-[10-(13,14-methylenedioxyphenyl)-pentanoyl]-pyrrolidine', 'Piperovatine', '2,4,6-trimethoxybenzoic acid', 'Uracil', 'urauchimycin A', 'p-Coumaric acid', '(-)-Epigallocatechin', 'Netzahualcoyonol', '1-[3-(3,7-dimethylocta-2,6-dien-1-yl)-2,4,6- trihydroxyphenyl]-3-(4-hydroxyphenyl)propan-1-one', '6α-malonyloxymanoyl oxide', 'Benzylhydroxymethyl sulphide', '1,6-di-O-caffeoyl-β-D-glucopyranoside', '2-methyl-5-[8(Z),11(Z),14-pentadecatrienyl]resorcinol', '20-hydroxyecdysone; polypodine A', '3-Acetyl aleuritolic acid', 'Alkenoic acid', 'Quercetin 3-O-α-L-rhamnopyranosyl (1→6)-O-[β -D-glucopyranosyl (1→3)-O-α-L-rhamnopyranosyl-(1→2)]-O-β -D-glucopyranosyl', '3β-O-[α-L-rhamnopyranosyl-(1→2)-O-β-D-glucopyranosyl-(1→2)-O-β-D-glucopyranosyl]-28-O-β-D-glucopyranoside pomolate', 'Dibenzyl tetrasulphide', 'Heveaflavone', 'Arboreumine', '3-Oxoursolic acid', 'Casearupestrin B', 'toonacilin', 'urauchimycin B', 'Homoegonol', '[8]-gingerol', '4-Hydroxymellein', '5-hydroxymellein', 'fraxinellonone', 'Dibenzyl sulphide', '(-) Cis-4-hydroxy-6-deoxyscytalone', 'Plumericin', '5-[8(Z),11(Z)-pentadecadienyl]resorcinol', '(-)-Spectalinine', ""N-[7-(3',4'-methylenedioxyphenyl)-2(Z),4(Z)-heptadienoyl]pyrrolidine"", 'Pedalitin', '1-O-(E)-feruloyl-β-D-glucopyranoside', '19,20-Epoxycytochalasin C', 'n-Pentyl gallate', 'Orcinol', 'Periconicin B', 'Phomopsilactone', ""(2S)-8-Isopentyl-2-methyl-2-(4'-methylpentyl)chroman-6-carboxylic acid"", '2,2-dimethyl-2H-chromene-6-carboxylic acid', '1,2-dihydro- 3β-hydroxy-7-deacetoxy-7-oxogedunin', 'Photogedunin', 'Casearin X; (1R*,3S*,5S*,6aR*,7S*,8S*,10R*,10aR*)-1-(Acetyloxy)-3,5,6,6a,7,8,9,10-octahydro-10-hydroxy-7,8-dimethyl-7-[(2Z)-3-methylpenta-2,4-dien-1-yl]naphtho[1,8a-c]furan-3,5-diyl Dibutanoate', 'α-L-xylopyranosyl-(4""→20)-(3-O-β-D-glucopyranosyl)-1\'-O-E-caffeoyl-β-D-glucopyranoside', ""2-(R)-Methyl-6-(S)-(tetradecyl-13'-one)-3(R)-O-tert-butyldimethylsilyl-piperidine"", '(2S)-Methyl-2-methyl-8-(3""-methylbut-2""-enyl)-2-(4\'-methylpent-3\'-enyl)-2H-chromene-6-carboxylate', 'Dibenzyl disulphide', 'Proanthocyanidin', 'Casearin T', 'Piperyline, N-[10-(13,14-methylenedioxyphenyl)-7(E),9(E)-pentadienoyl]-pyrrolidine', 'ω-fenil alcanoic acid', '2-butyl-D-fructofuranoside', ""Gaudichaudianic acid; (2S)-2-methyl-2-(4'methyl-3'-pentenyl)-8-(3''-methyl-2-butenyl)- 2H-1-benzopyran-6-carboxylic acid"", 'limonexic acid', 'Netzahualcoyondiol', 'Pristimerin; 20α-3-hydroxy-2-oxo-24-nor-friedela-1-10,3,5,7-tetraen-carboxylic acid-29-methylester', '3,4,5-trimethoxyphenyl 1-O-β-D-apiofuranosyl-(1→6)-O-β-D-glucopyranoside', 'β-photogedunin', 'n-Butyl gallate', ""5-[3''-(β-D-glucopyranosyloxy)propyl]-7-methoxy-2-(3',4'-dimethoxyphenyl)benzofuran"", '3,12-Dihydroxycadalene', '7-hydroxy-3- (11-dimethylallyl)-8-methoxycoumarin', 'Muraxanthone', '3,4,5-Triacetoxybenzoic acid', 'Odoratone', ""Acteoside; [β-3,4-dihydroxyphenyl)-ethyl]-(3'-O-α-L-rhamnopyranosyl)-(4'-O-cafeoyl)-β-D-glycopyranoside, verbascoside"", 'Di(benzyltrithio) methane', '3,11,12-Trihydroxycadalene', 'Quercetin 3-O-sophoroside', '(3R,4R)-3,4-Dihydro-4,6-dihydroxy-3-methyl-1-oxo-1H-isochromene-5-carboxylic acid', '24-methylene-3,22-dihydroxycholesterol', 'amorphispironone', 'Casearupestrin D', 'Chaetoglobosin B', ""2-(2'-O-benzoyl)-C-β-D-glucopyranosyl-1,3,6,7-tetrahydroxyxanthone"", 'Isoplumericin', 'Skimmianine', 'p-hydroxybenzoic acid-geranyl ester', 'Nitensidine C', 'Dipropyl disulphide', '2-methyl-5-[8(Z),11(Z)-pentadecadienyl]resorcinol', 'neoisoastilbin', '(R)-7-Hydroxymellein', '6α-acetoxymanoyl oxide', 'Methyl-8-hydroxy-2,2-dimethylchroman-6-carboxylate', 'N-[10-(13,14-methylenedioxyphenyl)-7(E),9(Z)-pentadienoyl]-pyrrolidine', '6-[8(Z)-pentadecenyl]salicylic acid', '(2S)-2-methyl-8-(3""-methylbut-2""-enyl)-2-(4\'-methylpent-3\'-enyl)-2H-chromene-6-carboxylic acid', 'Burchellin', '5-[8(Z)-pentadecenyl]resorcinol', 'Luteolin; 2-(3,4-dihydroxyphenyl)-5,7-dihydroxy-4H-chromen-4-one', 'Sinapic acid', '19,20-Epoxycytochalasin Q', '19,20-Epoxycytochalasin R', 'schaftoside', ""(2S)-Methyl-8-isopentyl-2-methyl-2-(4'-methylpentyl)chroman-6-carboxylate"", 'Casearupestrin A', '2-oxo-piperol B; (7S*, 8R*, 1R*, 3R*)-3,4,5-trimethoxy-3,7-cyclo-8,1-neolig-8-ene-2,4(3H)-dione', 'taxifolin', 'Rel-6β-hydroxyzuelanin-2β-benzoate', 'shidasterone', '5-hydroxymethyl- 2-furancarboxaldehyde; 5-hydroxymethyl-2-furfuraldehyde', 'atalaphyllinine', 'N-[10- (13,14-methylenedioxyphenyl)-7(E)-pentaenoyl]-pyrrolidine', '2-Methyl-5-methoxy-benzopyran-4-one', '3,4-dihydroxybenzoic acid geranyl ester', '6α-acetoxy-14β,15β-epoxyazadirone', 'epoxy-fraxinellone', '12′-hydroxy-7′-multijuguinone', 'Kaempferitrin', '4-Nerolidilcatechol', ""2-(2'-O-transcoumaroyl)-C-β-D-glucopyranosyl-1,3,6,7-tetrahydroxyxanthone"", 'Syringic acid', '(+)-3-O-feruloylcassine', 'Salacin', 'Methyl 6,7,8-trimethoxydihydrocinnamate', '2-Hexyl-3-methyl-butanodioic acid', 'fraxinellone', '6-[ 8(Z),11(Z) -pentadecadienyl] salicylic acid', 'Gedunin', 'Pedalin, pedalitin 6-O-β -glucopyranoside', 'Caseargrewiin F; (1R*,3S*,5S*,6aR*,7S*,8R*,10R*,10aR*)-1,3-Bis(acetyloxy)-3,5,6,6a,7,8,9,10-octahydro-10-hydroxy-7,8-dimethyl-7-[(2Z)-3-methylpenta-2,4-dien-1-yl]naphtho[1,8a-c]furan-5-yl Butanoate', 'Casearin L; (1R*,3S*,5S*,6aR*,7R*,8R*,9S*,10S*,10aR*)-1,10-Bis(acetyloxy)-3,5,6,6a,7,8,9,10-octahydro-9-hydroxy-5-methoxy-7,8-dimethyl-7-[(2Z)-3-methylpenta-2,4-dien-1-yl]naphtho[1,8a-c]-furan-3-yl Butanoate', 'Platydesmine', 'Leiokinine A', 'Cabraleadiol', 'Methyl (E)-6,7,8-trimethoxycinnamate', '3,4,5-Trimethoxyphenyl-1-O-β-D-(5-O-syringoyl)-apiofuranosyl-(1→6)-β-D-glucopyranoside', '6-[8(Z),11(Z),14-pentadecatrienyl]salicylic acid', 'Sorbifolin', ""Nitensoside A; Sorbifolin 6-O-α-rhamnopyranosyl(1'''→6'')-β-glucopyranoside"", ""(2'S)-2-(propan-2'-ol)-5-hydroxy-benzopyran-4-one"", 'Rel-(+)-(7S,9R,10S)-3,9,12-trihydroxycalamenene', 'Casearin S', '11β-acetoxyobacunone', '1-(5,7-dihydroxy-2,2-dimethylchroman- 6-yl)-3-[4-hydroxy-3-(3-methylbut-2-en-1-yl)- phenyl]propan-1-one', '(3R,4R)-4,7-Dihydroxymellein', ""Nitensoside B; Pedalitin 6-O-α-rhamnopyranosyl(1'''→6'')-β-glucopyranoside"", 'Methyl gallate', '3-O-β-D-quinovopyranosyl cincholic acid', 'Afzelin, 3-O-α-rhamnosyl kaempferol', 'Egonol', 'Trans-3’-methylsulphonylallyl trans-cinnamate', '(3-(2-(4-hydroxyphenyl)-2-oxoethyl)-5,6-dihydropyridin- 2(1H)-one)', 'Mangiferin', 'Viburgenin', ""Pterogynoside; Kaempferol-3-O-(3''-O-4'''-methylgallate-α-L-rhamnoside)"", '6-pentadecylsalicylic acid', 'Methyl-2,2-dimethylchroman-6-carboxylate', ""Myrsinoic acid A, 3-Geranyl-4-hydroxy-5-(3'',3''-dimethylallyl)benzoic acid"", '20α-Hydroxymaytenin; 20-hydroxy-20-epi-tingenone', '(-)-Epigallocatechin-3-O-gallate', 'Casearin D; (1R*,3S*,5S*,6aR*,7R*,8R*,9S*,10S*,10aR*)-1-(Acetyloxy)-3,5,6,6a,7,8,9,10-octahydro-5,10-dihydroxy-7,8-dimethyl-7-[(2Z)-3-methylpenta-2,4-dien-1-yl]naphtho[1,8a-c]furan-3,9-diyl Dibutanoate', 'Rel. (+)-(7S,10S) 3,12-dihydroxycalamenene', 'carlinoside', 'Methyl-8-(ethanoyloxy)-2,2-dimethyl-2H-chromene-6-carboxylate', 'Amentoflavone', '1-(5,7-dihydroxy-2,2-dimethylchroman-6-yl)-3-(1,1,4a-trimethyl-2,3,4,4a,9a-hexahydro-1H-xanthen-7-yl)propan-1-one', 'Quercetin', ""2-(2'-O-trans-cinnamoyl)-C-β-D-glucopyranosyl-1,3,6,7-tetrahydroxyxanthone"", 'Ocotillone', 'des-N-methylnoracronycine', 'Sorbifolin 6-O-β-glucopyranoside', 'Casearin O; (1R*,3S*,5S*,6aR*,7R*,8R*,9S*,10S*,10aR*)-1,10-Bis(acetyloxy)-5-methoxy-7,8-dimethyl-7-[(2Z)-3-methylpenta-2,4-dien-1-yl]-3,5,6,6a,7,8,9,10-octahydronaphtho[1,8a-c]furan-3,9-diyl Dibutanoate', 'germacrene D', '2β-Hydroxyzuelanin-6β-cinnamate', 'arjunolic acid', 'stachysterone', 'Ethyl 2,4-dihydroxy-5,6-dimethylbenzoate', 'Amentoflavone 7”,4”’-dimethyl ether', 'Picramnioside F', 'Lauryl gallate', 'Syringaldehyde', '22-hydroxytirucalla-7,24-diene-2,3-dione', '(−)-Grandisin', '24-methylenecycloartan-3b-ol', 'Ixoside', 'Cognatine', 'Fagaramide', 'Chalepin', 'Chlorogenic acid']]",doi_name
"['10.1248/bpb.31.538', 'Methyl-8-hydroxy-2,2-dimethylchroman-6-carboxylate']","['10.1248/bpb.31.538', ['guaiol', 'γ-eudesmol', 'Hinesol', 'α-eudesmol', '11-O-trans-feruloylteucrein', 'Teucrein', 'Galioside aglicone', 'Apodanthoside', 'Galioside', '2,3-dihydro-4,9-dihydroxy-2-(2-hydroxy-propan-2-yl)- 11-methoxy-10-methylfuro[3,2-b]acridin-5(10H)-one', 'bis-5-hydroxyacronycine', 'Citibrasine', 'Chlorogenic acid methyl ester, Methyl (1S,3R,4R,5R)-3-{[(2E)-3-(3,4-dihydroxyphenyl)-2-propenoyl]oxy}-1,4,5-trihydroxycyclohexanecarboxylate', '(-)-3-O-acetyl-spectaline', '5,7-dimethoxy-2,2-dimethyl-2H-1-benzopyran-6-propanoate', 'Clusifoliol', ""Isoswertisin-4'-methyl-ether-2''α-L-rhamnoside"", '2-Episesalatin', 'Sesartemin', ""Isoswertisin-2''α1-L-rhamnoside"", 'Piscidinol A', 'cryptomeridiol', '3,11-dioxoolean-12-en-28- onic acid', 'Iso-odoratol', 'Oleanonic acid', 'Pentaol', 'Nilocetin', 'Hispidol A', 'Stearic acid 4-pentoyloxyphenethyl ester', '21β,25-dimethylmelianodiol', '3,21-Di-epi-feroniellide B', '21α,25-dimethylmelianodiol', 'astilbin; Rel-(2R, 3R)-dihydroquercetin-3-O-±-L-rhamnoside', '9-hydroxyeugenin', 'Mycoleptone A', 'Mycoleptone B', 'Eugenitin', 'Austdiol diacetate', '6-methoxyeugenin', 'Austdiol', 'Mycoleptone A tetraacetate', 'Taraxerol acetate', 'Methyl (3R,4R,5R)-3-{[(2Z)-3-(3,4-dihydroxyphenyl)-2-propenoyl]oxy}-1,4,5-trihydroxycyclohexanecarboxylate', 'Methyl (3R,4R,5R)-3-{[(2E)-3-(3,4-dihydroxyphenyl)-2-propenoyl]oxy}-1,4,5-trihydroxycyclohexanecarboxylate', '3,3-O-dimethylquercetin', 'penduletin 4-O-methyl ether', '2α,3α,19α- trihydroxyurs-12-en-28-oic acid', 'p-hydroxybenzoic acid', 'Chrysoeriol', 'acacetin', '2α,3α-dihydroxyolean-12- en-28-oic acid', '3,7,4-O-trimethylkaempferol', '3-O-methylquercetin', 'Anhydrofusarubin', 'Beauvericin', ""4-Methoxy-3-(3',7'-dimethylocta-2'-E-6'-dienyl)benzoic acid"", 'Methyl-8-hydroxy-2,2-dimethyl-2H-chromene-6-carboxylate', ""3-(3',7 '-dimethyl-2',6 '-octadienyl)-4-methoxy-benzoic acid"", 'cyclo (L)-Pro-Gly', ""Methyl 4-hydroxy-3-(3'-methyl-2'-butenyl)benzoate"", 'Methyl 2,2-dimethyl-1-oxo-2H-1-benzopyran-6-carboxylate', '3,4,5-Trimethoxydihydrocinnamic acid', ""Methyl taboganate; Methyl 4-hydroxy-3-(3'-methyl-1'-oxo-2'-butenyl)benzoate"", 'Piperaduncine B', ""4-Hydroxy-3-(3',7'-dimethylocta-2'-E-6'-dienyl)benzoic acid"", ""Hostmaniene; 4-Hydroxy-3-(2',3'-dihydroxy-3'-methylbutyl)benzoate"", ""2',6'-Dihydroxy-4'-methoxydihydrochalcone"", ""Methyl 4-hydroxy-3-(3'-methyl-2'-hydroxy-3'-butenyl)benzoate"", ""Aduncumene; Methyl 2-methoxy-5-(3'-methyl-1'-oxo-2'-butenyl)benzoate"", ""4-Hydroxy-(3',7'-dimethyl-1'-oxo-octa-2'-Z-6'-dienyl)benzoic acid"", ""3,4-dimethyl-2-(4'-hydroxy-3',5'-dimethoxyphenyl)-5-methoxy-tetrahydrofuran"", 'Xanthyletin', 'Aphidicolin', '(+)-Erythravine', '(+)-α-Hydroxyerysotrine', '(+)-11α-Hydroxyerythravine', 'Secoxyloganin', '7-Methoxydiderroside', ""6'-Acetyl-β-D-glucopyranosyldiderroside"", 'Diderroside', 'Deoxycordifoline', '3,4-dehydro-strictosidine', '3,4-dehydrostrictosidine acid', 'Turbinatine', 'Cordifoline', 'Strictosidine acid', '5α-carboxystrictosidine', 'Harman-3-carboxylic acid', ""3',4'-methylenedioxy-5,6,7- trimethoxyflavone"", ""3',4'-methylenedioxy-5,5',6,7-tetramethoxyflavone"", ""2'-hydroxy-3,4,4'-trimethoxy-5',6'-(2'',2''-dimethylpyrano)-chalcone"", ""3',4'-methylenedioxy-5,7-dimethoxyflavone"", '1,3,5-trihydroxy- 2,8-bis(3-methylbut-2-enyl)-10-methyl-9-acridone', '5-hydroxynoracronycine; Atalaphyllidine', '3,4-dihydro-3,5,8-trihydroxy-6-methoxy-2,2,7-trimethyl-2Hpyrano[ 2,3-a]acridin-12(7H)-one', 'Glycocitrine-IV', 'Pyranofoline', 'Glycocitrine-I', 'Citrusinine-I', '1,3,5-trihydroxy-4-methoxy-10-methyl- 2,8-bis(3-methylbut-2-enyl)acridin-9(10H)-one', 'Citrusinine-II', ""2-(1'-pentenyl)-Quinoline"", '2-n-Pentylquinoline', '2-n-Propylquinoline', ""2-(3',4'-methylenedioxyphenylethyl)-Quinoline"", 'Nitensidine E', 'Nitensidine D', ""4-Hydroxy-3-(3',7'-dimethyl-3'-hydroxy-1'-oxo-6'-octenyl)benzoic acid"", ""Sakuranetin; 5,4'-dihydroxy-7-methoxyflavanone"", ""1,4-Dihydroxy-2-(3',7'-dimethyl-1'-oxo-2'-E-6'-octadienyl)benzene"", ""4-Hydroxy-(3',7'-dimethyl-1'-oxo-octa-2'-E-6'-dienyl)benzoic acid"", ""Isosakuranetin; 5,7-dihydroxy-4'-methoxyflavanone"", 'Nectandrin B', 'Verrucosin', 'Epi-guaiacin', '7-Methyl-sargachromenol; 2,7,8-Trimethyl-2-[(3-E,7-Z)-4,12-dimethyl-8-carboxyl-3,7,11-tridecatrienyl]-3-chromen-6-ol, β-caroteno', ""Rel-(7R,8S,7'S,8'S)-4,5,4',5'-dimethylenedioxy-3,3'-dimethoxy-7,7'-epoxylignan"", ""Rel-(7R,8S,7'S,8'S)-4'-hydroxy-3,4,5,3',5'-pentamethoxy-7,7'-epoxylignan"", ""Rel-(7R,8S,7'S,8'S)-4',5'-methylenedioxy-3,4,5,3'-tetramethoxy-7,7'-epoxylignan"", ""Rel-(7R,8S,7'S,8'S)-4-hydroxy-4',5'-methylenedioxy-3,5,3'-trimethoxy-7,7'-epoxylignan"", ""Rel-(7R,8S,7'S,8'S)-9-hydroxy-4',5'-methylenedioxy-3,4,5,3'-tetramethoxy-7,7'-epoxylignan"", 'Ergosterol peroxide', 'Dimethyl terephthalate', 'Pimara-7,15-dien-3β-ol', '8-hydroxy-6-methoxy-3-methylisocoumarin', '(22E,24R)-ergosta-4,6,8(14),22-tetraen-3-one', '4-metoxi-6-[2-(metilamino)fenil]- 2H-piran-2-ona', ""Juruenolic acid; 2-(4'-Methylpentenyl-3)-10-oxoundecan-2,6-dienoic acid"", ""7,4'-Dihydroxyflavone"", '19´-(3,4-Methylenedioxyphenyl)-nonadecanoic acid', 'Sargachromenol', 'Sargaquinoic acid', '21´-(3,4-Methylenedioxyphenyl)-henicosanoic acid', ""7,4'-Dimethoxyflavone"", 'Farnisine', 'Tithonine', 'Fasciculiferin', '(+)-Guaiacin', '17-(3,4-Methylenedioxyphenyl)-heptadecanoic acid', 'Isopimpinellin', ""3',4',5',3,5,7,8-heptamethoxyflavone"", ""3,5,6,7,3',4',5'-heptamethoxyflavonol"", 'Methacrylic acid', 'Tagitinin C', '1-methoxy-3-hydroxy-3,10b-4,5a-diepoxy-8b-isobutyroyloxygermacr-11(13)-en-6a,12-olide', '5,7-dimethoxy-2,2-dimethyl-2H-1-benzopyran-6-propanoic acid', 'Ferulic acid', 'α-Gardiol', 'β-Gardiol', 'Kaempferol-3-O-D-galactopyranoside', '6-Hydroxy-rutin', 'Kaempferol-3-O-α-L-rhamnopyranosyl-(1-6)-α-L-rhamnopyranosyl-(1-4)-β-D-glucopyranoside', 'Kaempferol-3-O-D-glucopyranoside', 'Quercetin-3-O-α-L-rhamnopyranosyl-(1→6)-β-D-galactopyranoside', 'Procyanidin B-3', 'Kaempferol-3-O-α-L-rhamnopyranosyl-(1→6)-β-D-galactopyranoside', 'Kaempferol-3-O-rutinoside', 'Catechin, Ent-catechin', 'β-caryophyllene, trans-caryophyllene', ""N-[3-(6'-methoxy-3',4'-methy-lenedioxyphenyl)-2(Z)-propenoyl]pyrrolidine"", '4,5-dihydropiperlonguminine; Piperlonguminine', '10,11-dihydropiperine; Δα,β-dihydropiperine', '8,9-dihydropiplartine; N-(12,13,14-trimethoxydihydrocinnamoyl)-Δ3-pyridin-2-one', '4,5-dihydropiperyline', '(E)-piplartine', 'Piperine', '(Z)-piplartine; 8(Z)-N-(12,13, 14-trimethoxycinnamoyl)- 3-pyridin-2-one', 'Pellitorine', '(3Z,5Z)-N-isobutyl-8-(30,40-methylenedioxy-phenyl)-heptadienamide', 'Cusculine; 1,2,3,5,6-pentamethoxy-9-acridone', 'Cuspanine; 1-hydroxy-2,3,5,6-tetramethoxy-9-acridone', '2α,3α-Dihydroxy-urs-12-en-28-oic acid', '3-O-β-D-(6’-methyl)-glucopyranosyl-28-O-β-D-glucopyranosyl-oleanate', 'Oleanolic acid 3-sophoroside', '2-phenyl-4H-chromen-4-one', '5-hydroxyflavone', 'β-Sitosterol benzoate', 'Haplotusine', 'Sinapyl 4-O-β-D-glucopyranoside aldehyde', 'N-acetylnonaine', 'Liriodenine', 'Sinapyl 4-O-β-D-glucopyranoside alcohol', '[10]-gingerol', '3β-hydroxy-stigmast-5-en-7-one; 24-β-7-oxositosterol', 'scillascillin', ""2-(2'-O-trans-caffeoyl)-C-β-D-glucopyranosyl-1,3,6,7-tetrahydroxyxanthone"", 'Netzahualcoyene', 'Casearin X Dialdehyde; (2R*,4aS*,5S*,7R*,8R*,8aS*)-4,4a-Diformyl-1,2,4a,5,6,7,8,8a-octahydro-5-hydroxy-7,8-dimethyl-8-[(2Z)-3-methylpenta-2,4-dien-1-yl]naphthalen-2-yl Butanoate', 'polypodine B', 'n-Propyl gallate', ""3',4',5',5,7,8-hexamethoxyflavone"", 'Isopropyl gallate', '6β-hydroxy-7-epigardoside methyl ester', 'Tetrahydropiperyline, N-[10-(13,14-methylenedioxyphenyl)-pentanoyl]-pyrrolidine', 'Piperovatine', '2,4,6-trimethoxybenzoic acid', '1-O-(E)-caffeoyl-β-D-glucopyranoside', 'Piperol B', ""2,4-Dihydroxy-6-[(1'E,3'E)-penta-1', 3'-dienyl]-benzaldehyde"", 'Nitensidine A', ""8-hydroxy-3,5,7,3',4',5'-hexamethoxyflavonol"", 'Odoratol', 'Leptomerine', '5-hydroxy-N-methylseverifoline', '19,20-Epoxycytochalasin N', 'ellagic acid 4-O-α-L-rhamnopyranoside; eschweilenol C', 'Mayoside C', 'Ourateacatechin', ""3',4',5',5,7-pentamethoxyflavone"", '2-methyl-5-pentadecylresorcinol', 'Ixoside', '2β-Hydroxyzuelanin-6β-cinnamate', 'Cognatine', 'Fagaramide', '5-hydroxymellein', '22β-hydroxypristimerin', '1- (5,7-dihydroxy-2,2-dimethylchroman-6-yl)-3-(2,2-dimethylchroman- 6-yl)propan-1-one', 'Canavaline', 'Di-hydrodehydrodiconiferyl alcohol', 'Quercetin', ""2-(2'-O-trans-cinnamoyl)-C-β-D-glucopyranosyl-1,3,6,7-tetrahydroxyxanthone"", 'Kokusaginine', 'Ocotillone', 'des-N-methylnoracronycine', 'Sorbifolin 6-O-β-glucopyranoside', 'Rel-2α-hydroxyzuelanin-6β-benzoate', '2,6-di-O-acetylcasearupestrin D', ""Methyl-2,2-dimethyl-8-(3'-methylbut-2'-enyl)chroman-6-carboxylate"", '2,7-Di-O-acetylcasearupestrin A', 'Nitensidine B', 'Dibenzyl tetrasulphide', ""2',5-dihydroxy-3-methoxy-8-dimethylallyl-6, 7-(2' ',2''-dimethylpyrano)-dihydroflavonol"", '1-methyl-2-n-nonyl-4-quinolone', '5-[8(Z),11(Z),14-pentadecatrienyl]resorcinol', 'Gallic acid; 3,4,5-trihydroxybenzoic acid', 'Maculosidine', 'Podocarpusflavone A', 'Casearupestrin C', '6α-malonyloxy-n-butyl ester manoyl oxide', 'citrusinine-I', 'Ricinine', 'Leptophyllin A', '5-pentadecylresorcinol', 'Homoegonol', '[8]-gingerol', '4-Hydroxymellein', '1-[3-(3,7-dimethylocta-2,6-dien-1-yl)-2,4,6- trihydroxyphenyl]-3-(4-hydroxyphenyl)propan-1-one', '6α-malonyloxymanoyl oxide', 'Benzylhydroxymethyl sulphide', '1,6-di-O-caffeoyl-β-D-glucopyranoside', '2-methyl-5-[8(Z),11(Z),14-pentadecatrienyl]resorcinol', 'fraxinellonone', 'Dibenzyl sulphide', '(-) Cis-4-hydroxy-6-deoxyscytalone', 'Plumericin', '5-[8(Z),11(Z)-pentadecadienyl]resorcinol', '(-)-Spectalinine', 'Netzahualcoyondiol', '19,20-Epoxycytochalasin D', 'fumiquinozoline F', 'Kaempferol 3-O-α-L-rhamnopyranosyl (1→6)-O-[β -D-glucopyranosyl (1→3)-O-α-L-rhamnopyranosyl-(1→2)]-O-β -D-glucopyranosyl', '3β-O-[α-L-rhamnopyranosyl-(1→2)-O-β-D-glucopyranosyl-(1→2)-O-β-D-glucopyranosyl]-28-O-β-D-glucopyranoside pomolate', ""5-[3''-(β-D-glucopyranosyloxy)propyl]-7-methoxy-2-(3',4'-dimethoxyphenyl)benzofuran"", '3,12-Dihydroxycadalene', '7-hydroxy-3- (11-dimethylallyl)-8-methoxycoumarin', ""N-[7-(3',4'-methylenedioxyphenyl)-2(Z),4(Z)-heptadienoyl]pyrrolidine"", ""Acteoside; [β-3,4-dihydroxyphenyl)-ethyl]-(3'-O-α-L-rhamnopyranosyl)-(4'-O-cafeoyl)-β-D-glycopyranoside, verbascoside"", '20-hydroxyecdysone; polypodine A', '3-Acetyl aleuritolic acid', 'Alkenoic acid', 'Quercetin 3-O-α-L-rhamnopyranosyl (1→6)-O-[β -D-glucopyranosyl (1→3)-O-α-L-rhamnopyranosyl-(1→2)]-O-β -D-glucopyranosyl', '2-n-nonyl-4-quinolone', 'Cytochalasin D', 'Isoorientin', 'urauchimycin A', 'p-Coumaric acid', '(-)-Epigallocatechin', 'Netzahualcoyonol', '1,2-dihydro- 3β-hydroxy-7-deacetoxy-7-oxogedunin', ""5-[3''-(β-D-glucopyranosyloxy)propyl]-7-methoxy-2-(3',4'-methylenedioxyphenyl)benzofuran"", '28-O-β-D-glucopyranosyl quinovic acid', '2-Methyl-4-hydroxy-butyl caffeoate', 'N-1,N-2,N-3-Triisopentenylguanidine', 'Dibenzyl trisulphide', 'Maytenin, Tingenone', 'urauchimycin B', 'Quercitrin, 3-O-α-rhamnosylquercetin', 'Caseobliquin A', 'Methyl angolensate', ""5-(3'' -Hydroxypropyl)-7-methoxy-2-(3',4' -methyl-enedioxyphenyl)benzofuran"", 'Pristimerin; 20α-3-hydroxy-2-oxo-24-nor-friedela-1-10,3,5,7-tetraen-carboxylic acid-29-methylester', '3,4,5-trimethoxyphenyl 1-O-β-D-apiofuranosyl-(1→6)-O-β-D-glucopyranoside', 'β-photogedunin', 'n-Butyl gallate', '6α-acetoxy-14β,15β-epoxyazadirone', ""2-(R)-Methyl-6-(S)-(tetradecyl-13'-one)-3(R)-O-tert-butyldimethylsilyl-piperidine"", 'Heveaflavone', 'Arboreumine', '3-Oxoursolic acid', 'Casearupestrin B', 'toonacilin', 'Uracil', '1-O-(E)-feruloyl-β-D-glucopyranoside', '19,20-Epoxycytochalasin C', 'n-Pentyl gallate', 'Orcinol', 'Periconicin B', 'Phomopsilactone', ""(2S)-8-Isopentyl-2-methyl-2-(4'-methylpentyl)chroman-6-carboxylic acid"", '2,2-dimethyl-2H-chromene-6-carboxylic acid', '3,11,12-Trihydroxycadalene', 'Quercetin 3-O-sophoroside', '(3R,4R)-3,4-Dihydro-4,6-dihydroxy-3-methyl-1-oxo-1H-isochromene-5-carboxylic acid', '24-methylene-3,22-dihydroxycholesterol', 'amorphispironone', 'Casearupestrin D', 'Photogedunin', 'Casearin X; (1R*,3S*,5S*,6aR*,7S*,8S*,10R*,10aR*)-1-(Acetyloxy)-3,5,6,6a,7,8,9,10-octahydro-10-hydroxy-7,8-dimethyl-7-[(2Z)-3-methylpenta-2,4-dien-1-yl]naphtho[1,8a-c]furan-3,5-diyl Dibutanoate', 'Skimmianine', 'p-hydroxybenzoic acid-geranyl ester', 'Dibenzyl disulphide', 'Proanthocyanidin', 'neoisoastilbin', '(R)-7-Hydroxymellein', '6α-acetoxymanoyl oxide', 'Methyl-8-hydroxy-2,2-dimethylchroman-6-carboxylate', 'Dipropyl disulphide', '2-methyl-5-[8(Z),11(Z)-pentadecadienyl]resorcinol', 'Methyl 6,7,8-trimethoxydihydrocinnamate', '2-Hexyl-3-methyl-butanodioic acid', 'fraxinellone', '6-[ 8(Z),11(Z) -pentadecadienyl] salicylic acid', '6-[8(Z)-pentadecenyl]salicylic acid', '(2S)-Methyl-2-methyl-8-(3""-methylbut-2""-enyl)-2-(4\'-methylpent-3\'-enyl)-2H-chromene-6-carboxylate', 'Casearin T', 'Piperyline, N-[10-(13,14-methylenedioxyphenyl)-7(E),9(E)-pentadienoyl]-pyrrolidine', 'ω-fenil alcanoic acid', '2-butyl-D-fructofuranoside', ""Gaudichaudianic acid; (2S)-2-methyl-2-(4'methyl-3'-pentenyl)-8-(3''-methyl-2-butenyl)- 2H-1-benzopyran-6-carboxylic acid"", 'limonexic acid', 'Pedalitin', 'Di(benzyltrithio) methane', 'Muraxanthone', 'Odoratone', 'Rel-6β-hydroxyzuelanin-2β-benzoate', 'shidasterone', '5-hydroxymethyl- 2-furancarboxaldehyde; 5-hydroxymethyl-2-furfuraldehyde', 'atalaphyllinine', 'N-[10- (13,14-methylenedioxyphenyl)-7(E)-pentaenoyl]-pyrrolidine', '2-Methyl-5-methoxy-benzopyran-4-one', 'Chaetoglobosin B', ""2-(2'-O-benzoyl)-C-β-D-glucopyranosyl-1,3,6,7-tetrahydroxyxanthone"", 'Isoplumericin', 'α-L-xylopyranosyl-(4""→20)-(3-O-β-D-glucopyranosyl)-1\'-O-E-caffeoyl-β-D-glucopyranoside', 'epoxy-fraxinellone', '12′-hydroxy-7′-multijuguinone', 'Kaempferitrin', 'Nitensidine C', 'Caseargrewiin F; (1R*,3S*,5S*,6aR*,7S*,8R*,10R*,10aR*)-1,3-Bis(acetyloxy)-3,5,6,6a,7,8,9,10-octahydro-10-hydroxy-7,8-dimethyl-7-[(2Z)-3-methylpenta-2,4-dien-1-yl]naphtho[1,8a-c]furan-5-yl Butanoate', 'Casearin L; (1R*,3S*,5S*,6aR*,7R*,8R*,9S*,10S*,10aR*)-1,10-Bis(acetyloxy)-3,5,6,6a,7,8,9,10-octahydro-9-hydroxy-5-methoxy-7,8-dimethyl-7-[(2Z)-3-methylpenta-2,4-dien-1-yl]naphtho[1,8a-c]-furan-3-yl Butanoate', 'Platydesmine', 'Leiokinine A', 'Cabraleadiol', 'schaftoside', ""(2S)-Methyl-8-isopentyl-2-methyl-2-(4'-methylpentyl)chroman-6-carboxylate"", '3,4,5-Triacetoxybenzoic acid', 'Casearupestrin A', '(2S)-2-methyl-8-(3""-methylbut-2""-enyl)-2-(4\'-methylpent-3\'-enyl)-2H-chromene-6-carboxylic acid', 'Burchellin', '5-[8(Z)-pentadecenyl]resorcinol', 'Luteolin; 2-(3,4-dihydroxyphenyl)-5,7-dihydroxy-4H-chromen-4-one', 'Sinapic acid', '19,20-Epoxycytochalasin Q', '19,20-Epoxycytochalasin R', 'Casearin S', '11β-acetoxyobacunone', '1-(5,7-dihydroxy-2,2-dimethylchroman- 6-yl)-3-[4-hydroxy-3-(3-methylbut-2-en-1-yl)- phenyl]propan-1-one', '(3R,4R)-4,7-Dihydroxymellein', ""Nitensoside B; Pedalitin 6-O-α-rhamnopyranosyl(1'''→6'')-β-glucopyranoside"", 'Amentoflavone', 'Methyl gallate', '3-O-β-D-quinovopyranosyl cincholic acid', 'Afzelin, 3-O-α-rhamnosyl kaempferol', 'Egonol', '4-Nerolidilcatechol', ""2-(2'-O-transcoumaroyl)-C-β-D-glucopyranosyl-1,3,6,7-tetrahydroxyxanthone"", '3,4-dihydroxybenzoic acid geranyl ester', 'N-[10-(13,14-methylenedioxyphenyl)-7(E),9(Z)-pentadienoyl]-pyrrolidine', 'Gedunin', 'Pedalin, pedalitin 6-O-β -glucopyranoside', '1-(5,7-dihydroxy-2,2-dimethylchroman-6-yl)-3-(1,1,4a-trimethyl-2,3,4,4a,9a-hexahydro-1H-xanthen-7-yl)propan-1-one', 'Methyl (E)-6,7,8-trimethoxycinnamate', '3,4,5-Trimethoxyphenyl-1-O-β-D-(5-O-syringoyl)-apiofuranosyl-(1→6)-β-D-glucopyranoside', '6-[8(Z),11(Z),14-pentadecatrienyl]salicylic acid', 'Sorbifolin', ""Nitensoside A; Sorbifolin 6-O-α-rhamnopyranosyl(1'''→6'')-β-glucopyranoside"", 'Casearin O; (1R*,3S*,5S*,6aR*,7R*,8R*,9S*,10S*,10aR*)-1,10-Bis(acetyloxy)-5-methoxy-7,8-dimethyl-7-[(2Z)-3-methylpenta-2,4-dien-1-yl]-3,5,6,6a,7,8,9,10-octahydronaphtho[1,8a-c]furan-3,9-diyl Dibutanoate', 'germacrene D', '6-pentadecylsalicylic acid', 'Methyl-2,2-dimethylchroman-6-carboxylate', ""Myrsinoic acid A, 3-Geranyl-4-hydroxy-5-(3'',3''-dimethylallyl)benzoic acid"", '20α-Hydroxymaytenin; 20-hydroxy-20-epi-tingenone', '2-oxo-piperol B; (7S*, 8R*, 1R*, 3R*)-3,4,5-trimethoxy-3,7-cyclo-8,1-neolig-8-ene-2,4(3H)-dione', 'taxifolin', ""(2'S)-2-(propan-2'-ol)-5-hydroxy-benzopyran-4-one"", 'Rel-(+)-(7S,9R,10S)-3,9,12-trihydroxycalamenene', '(-)-Epigallocatechin-3-O-gallate', 'Casearin D; (1R*,3S*,5S*,6aR*,7R*,8R*,9S*,10S*,10aR*)-1-(Acetyloxy)-3,5,6,6a,7,8,9,10-octahydro-5,10-dihydroxy-7,8-dimethyl-7-[(2Z)-3-methylpenta-2,4-dien-1-yl]naphtho[1,8a-c]furan-3,9-diyl Dibutanoate', 'Rel. (+)-(7S,10S) 3,12-dihydroxycalamenene', 'carlinoside', 'Methyl-8-(ethanoyloxy)-2,2-dimethyl-2H-chromene-6-carboxylate', 'arjunolic acid', 'stachysterone', 'Ethyl 2,4-dihydroxy-5,6-dimethylbenzoate', 'Amentoflavone 7”,4”’-dimethyl ether', 'Picramnioside F', 'Lauryl gallate', 'Syringaldehyde', '22-hydroxytirucalla-7,24-diene-2,3-dione', 'Trans-3’-methylsulphonylallyl trans-cinnamate', 'Syringic acid', '(+)-3-O-feruloylcassine', '(-)-Hardwickiic acid', '(3-(2-(4-hydroxyphenyl)-2-oxoethyl)-5,6-dihydropyridin- 2(1H)-one)', 'Mangiferin', 'Salacin', 'Viburgenin', ""Pterogynoside; Kaempferol-3-O-(3''-O-4'''-methylgallate-α-L-rhamnoside)"", 'Isobutyl gallate', '7′-multijuguinone', 'Griseofulvin', ""7-Hydroxy-4',6-dimethoxyisoflavone; Afrormosin; Afromosin"", '8-methoxymellein', '(±)-Syringaresinol', 'Cyclo-(L-Pro-L-Val)', 'Acetonide of odoratol', '(−)-Grandisin', '24-methylenecycloartan-3b-ol', 'Chalepin', 'Chlorogenic acid', '(4R)-4,8-dihydroxy-α-tetralone', 'Kaempferol', '3-O-β-D-quinovopyranosyl quinovic acid', '2-hydroxyphenylacetic acid', '2-methyl-5-[8(Z)-pentadecenyl]resorcinol']]",doi_name
"['10.1021/np9004079', 'Rel-6β-hydroxyzuelanin-2β-benzoate']","['10.1021/np9004079', ['Teucrein', '11-O-trans-feruloylteucrein', 'Galioside', 'Apodanthoside', 'Galioside aglicone', 'Hinesol', 'guaiol', 'γ-eudesmol', 'α-eudesmol', 'Mycoleptone A', '9-hydroxyeugenin', 'Eugenitin', 'Austdiol diacetate', 'Austdiol', '6-methoxyeugenin', 'Mycoleptone B', 'Mycoleptone A tetraacetate', ""2'-hydroxy-3,4,4'-trimethoxy-5',6'-(2'',2''-dimethylpyrano)-chalcone"", ""3',4'-methylenedioxy-5,6,7- trimethoxyflavone"", ""3',4'-methylenedioxy-5,5',6,7-tetramethoxyflavone"", ""3',4'-methylenedioxy-5,7-dimethoxyflavone"", 'Farnisine', '21´-(3,4-Methylenedioxyphenyl)-henicosanoic acid', 'Sargachromenol', ""7,4'-Dimethoxyflavone"", '19´-(3,4-Methylenedioxyphenyl)-nonadecanoic acid', ""7,4'-Dihydroxyflavone"", 'Sargaquinoic acid', '(+)-Guaiacin', 'Tithonine', ""Juruenolic acid; 2-(4'-Methylpentenyl-3)-10-oxoundecan-2,6-dienoic acid"", 'Fasciculiferin', '17-(3,4-Methylenedioxyphenyl)-heptadecanoic acid', '7-Methoxydiderroside', 'Diderroside', 'Secoxyloganin', ""6'-Acetyl-β-D-glucopyranosyldiderroside"", 'Kaempferol-3-O-rutinoside', 'Catechin, Ent-catechin', 'Kaempferol-3-O-α-L-rhamnopyranosyl-(1→6)-β-D-galactopyranoside', 'Kaempferol-3-O-D-galactopyranoside', 'Kaempferol-3-O-α-L-rhamnopyranosyl-(1-6)-α-L-rhamnopyranosyl-(1-4)-β-D-glucopyranoside', 'Quercetin-3-O-α-L-rhamnopyranosyl-(1→6)-β-D-galactopyranoside', 'Procyanidin B-3', '6-Hydroxy-rutin', 'Kaempferol-3-O-D-glucopyranoside', 'β-Gardiol', 'α-Gardiol', 'Ferulic acid', '(3Z,5Z)-N-isobutyl-8-(30,40-methylenedioxy-phenyl)-heptadienamide', 'Pellitorine', 'Piperine', '10,11-dihydropiperine; Δα,β-dihydropiperine', '4,5-dihydropiperyline', '(E)-piplartine', '(Z)-piplartine; 8(Z)-N-(12,13, 14-trimethoxycinnamoyl)- 3-pyridin-2-one', ""N-[3-(6'-methoxy-3',4'-methy-lenedioxyphenyl)-2(Z)-propenoyl]pyrrolidine"", '4,5-dihydropiperlonguminine; Piperlonguminine', '8,9-dihydropiplartine; N-(12,13,14-trimethoxydihydrocinnamoyl)-Δ3-pyridin-2-one', ""4-Methoxy-3-(3',7'-dimethylocta-2'-E-6'-dienyl)benzoic acid"", ""3-(3',7 '-dimethyl-2',6 '-octadienyl)-4-methoxy-benzoic acid"", 'Methyl-8-hydroxy-2,2-dimethyl-2H-chromene-6-carboxylate', '(+)-α-Hydroxyerysotrine', '(+)-Erythravine', '(+)-11α-Hydroxyerythravine', ""Rel-(7R,8S,7'S,8'S)-4',5'-methylenedioxy-3,4,5,3'-tetramethoxy-7,7'-epoxylignan"", ""Rel-(7R,8S,7'S,8'S)-9-hydroxy-4',5'-methylenedioxy-3,4,5,3'-tetramethoxy-7,7'-epoxylignan"", ""Rel-(7R,8S,7'S,8'S)-4-hydroxy-4',5'-methylenedioxy-3,5,3'-trimethoxy-7,7'-epoxylignan"", ""Rel-(7R,8S,7'S,8'S)-4'-hydroxy-3,4,5,3',5'-pentamethoxy-7,7'-epoxylignan"", ""Rel-(7R,8S,7'S,8'S)-4,5,4',5'-dimethylenedioxy-3,3'-dimethoxy-7,7'-epoxylignan"", 'Isopimpinellin', 'Epi-guaiacin', 'Verrucosin', 'Nectandrin B', '7-Methyl-sargachromenol; 2,7,8-Trimethyl-2-[(3-E,7-Z)-4,12-dimethyl-8-carboxyl-3,7,11-tridecatrienyl]-3-chromen-6-ol, β-caroteno', '2α,3α,19α- trihydroxyurs-12-en-28-oic acid', 'penduletin 4-O-methyl ether', '3,3-O-dimethylquercetin', '3-O-methylquercetin', '2α,3α-dihydroxyolean-12- en-28-oic acid', 'p-hydroxybenzoic acid', 'Chrysoeriol', 'acacetin', '3,7,4-O-trimethylkaempferol', '5,7-dimethoxy-2,2-dimethyl-2H-1-benzopyran-6-propanoate', 'Chlorogenic acid methyl ester, Methyl (1S,3R,4R,5R)-3-{[(2E)-3-(3,4-dihydroxyphenyl)-2-propenoyl]oxy}-1,4,5-trihydroxycyclohexanecarboxylate', '3,21-Di-epi-feroniellide B', '21β,25-dimethylmelianodiol', '21α,25-dimethylmelianodiol', 'Xanthyletin', 'Citibrasine', 'bis-5-hydroxyacronycine', '2,3-dihydro-4,9-dihydroxy-2-(2-hydroxy-propan-2-yl)- 11-methoxy-10-methylfuro[3,2-b]acridin-5(10H)-one', ""4-Hydroxy-(3',7'-dimethyl-1'-oxo-octa-2'-Z-6'-dienyl)benzoic acid"", ""Aduncumene; Methyl 2-methoxy-5-(3'-methyl-1'-oxo-2'-butenyl)benzoate"", ""Methyl 4-hydroxy-3-(3'-methyl-2'-hydroxy-3'-butenyl)benzoate"", 'Methyl 2,2-dimethyl-1-oxo-2H-1-benzopyran-6-carboxylate', ""2',6'-Dihydroxy-4'-methoxydihydrochalcone"", ""Hostmaniene; 4-Hydroxy-3-(2',3'-dihydroxy-3'-methylbutyl)benzoate"", ""4-Hydroxy-3-(3',7'-dimethylocta-2'-E-6'-dienyl)benzoic acid"", 'Piperaduncine B', ""Methyl taboganate; Methyl 4-hydroxy-3-(3'-methyl-1'-oxo-2'-butenyl)benzoate"", '3,4,5-Trimethoxydihydrocinnamic acid', ""Methyl 4-hydroxy-3-(3'-methyl-2'-butenyl)benzoate"", '1,3,5-trihydroxy-4-methoxy-10-methyl- 2,8-bis(3-methylbut-2-enyl)acridin-9(10H)-one', '1,3,5-trihydroxy- 2,8-bis(3-methylbut-2-enyl)-10-methyl-9-acridone', '3,4-dihydro-3,5,8-trihydroxy-6-methoxy-2,2,7-trimethyl-2Hpyrano[ 2,3-a]acridin-12(7H)-one', 'Citrusinine-II', 'Glycocitrine-IV', 'Citrusinine-I', '5-hydroxynoracronycine; Atalaphyllidine', 'Glycocitrine-I', 'Pyranofoline', ""3',4',5',3,5,7,8-heptamethoxyflavone"", ""3,5,6,7,3',4',5'-heptamethoxyflavonol"", 'cyclo (L)-Pro-Gly', 'Aphidicolin', '5,7-dimethoxy-2,2-dimethyl-2H-1-benzopyran-6-propanoic acid', '2-n-Pentylquinoline', ""2-(1'-pentenyl)-Quinoline"", ""2-(3',4'-methylenedioxyphenylethyl)-Quinoline"", '2-n-Propylquinoline', '(-)-3-O-acetyl-spectaline', 'Tagitinin C', '1-methoxy-3-hydroxy-3,10b-4,5a-diepoxy-8b-isobutyroyloxygermacr-11(13)-en-6a,12-olide', ""4-Hydroxy-3-(3',7'-dimethyl-3'-hydroxy-1'-oxo-6'-octenyl)benzoic acid"", ""Isosakuranetin; 5,7-dihydroxy-4'-methoxyflavanone"", ""1,4-Dihydroxy-2-(3',7'-dimethyl-1'-oxo-2'-E-6'-octadienyl)benzene"", ""4-Hydroxy-(3',7'-dimethyl-1'-oxo-octa-2'-E-6'-dienyl)benzoic acid"", ""Sakuranetin; 5,4'-dihydroxy-7-methoxyflavanone"", 'Methyl (3R,4R,5R)-3-{[(2E)-3-(3,4-dihydroxyphenyl)-2-propenoyl]oxy}-1,4,5-trihydroxycyclohexanecarboxylate', 'Methyl (3R,4R,5R)-3-{[(2Z)-3-(3,4-dihydroxyphenyl)-2-propenoyl]oxy}-1,4,5-trihydroxycyclohexanecarboxylate', ""3,4-dimethyl-2-(4'-hydroxy-3',5'-dimethoxyphenyl)-5-methoxy-tetrahydrofuran"", 'Anhydrofusarubin', 'Beauvericin', 'Nitensidine D', 'Nitensidine E', 'Taraxerol acetate', 'Pimara-7,15-dien-3β-ol', '(22E,24R)-ergosta-4,6,8(14),22-tetraen-3-one', 'Dimethyl terephthalate', '8-hydroxy-6-methoxy-3-methylisocoumarin', 'Ergosterol peroxide', 'Pentaol', 'Piscidinol A', 'Iso-odoratol', '3,11-dioxoolean-12-en-28- onic acid', 'cryptomeridiol', 'Oleanonic acid', 'Nilocetin', 'Hispidol A', 'astilbin; Rel-(2R, 3R)-dihydroquercetin-3-O-±-L-rhamnoside', 'Clusifoliol', ""Isoswertisin-4'-methyl-ether-2''α-L-rhamnoside"", ""Isoswertisin-2''α1-L-rhamnoside"", '2-Episesalatin', 'Sesartemin', 'β-caryophyllene, trans-caryophyllene', 'Deoxycordifoline', 'Cordifoline', '3,4-dehydrostrictosidine acid', 'Turbinatine', 'Harman-3-carboxylic acid', 'Strictosidine acid', '3,4-dehydro-strictosidine', '5α-carboxystrictosidine', 'Stearic acid 4-pentoyloxyphenethyl ester', 'Methacrylic acid', '4-metoxi-6-[2-(metilamino)fenil]- 2H-piran-2-ona', 'Cusculine; 1,2,3,5,6-pentamethoxy-9-acridone', 'Cuspanine; 1-hydroxy-2,3,5,6-tetramethoxy-9-acridone', '2α,3α-Dihydroxy-urs-12-en-28-oic acid', 'Oleanolic acid 3-sophoroside', '3-O-β-D-(6’-methyl)-glucopyranosyl-28-O-β-D-glucopyranosyl-oleanate', 'β-Sitosterol benzoate', '5-hydroxyflavone', 'Haplotusine', '2-phenyl-4H-chromen-4-one', 'Sinapyl 4-O-β-D-glucopyranoside aldehyde', 'Sinapyl 4-O-β-D-glucopyranoside alcohol', 'N-acetylnonaine', 'Liriodenine', '[10]-gingerol', ""2,4-Dihydroxy-6-[(1'E,3'E)-penta-1', 3'-dienyl]-benzaldehyde"", '2-methyl-5-[8(Z)-pentadecenyl]resorcinol', 'Kaempferol', '2-hydroxyphenylacetic acid', '3-O-β-D-quinovopyranosyl quinovic acid', '(4R)-4,8-dihydroxy-α-tetralone', 'scillascillin', '3β-hydroxy-stigmast-5-en-7-one; 24-β-7-oxositosterol', 'Kokusaginine', ""2-(2'-O-trans-caffeoyl)-C-β-D-glucopyranosyl-1,3,6,7-tetrahydroxyxanthone"", 'Netzahualcoyene', 'Casearin X Dialdehyde; (2R*,4aS*,5S*,7R*,8R*,8aS*)-4,4a-Diformyl-1,2,4a,5,6,7,8,8a-octahydro-5-hydroxy-7,8-dimethyl-8-[(2Z)-3-methylpenta-2,4-dien-1-yl]naphthalen-2-yl Butanoate', 'polypodine B', 'n-Propyl gallate', ""3',4',5',5,7,8-hexamethoxyflavone"", ""8-hydroxy-3,5,7,3',4',5'-hexamethoxyflavonol"", 'Odoratol', 'Leptomerine', '5-hydroxy-N-methylseverifoline', '19,20-Epoxycytochalasin N', 'ellagic acid 4-O-α-L-rhamnopyranoside; eschweilenol C', 'Mayoside C', 'Ourateacatechin', ""3',4',5',5,7-pentamethoxyflavone"", '2-methyl-5-pentadecylresorcinol', '7′-multijuguinone', 'Griseofulvin', ""7-Hydroxy-4',6-dimethoxyisoflavone; Afrormosin; Afromosin"", '8-methoxymellein', '(±)-Syringaresinol', 'Cyclo-(L-Pro-L-Val)', 'fraxinellonone', ""Methyl-2,2-dimethyl-8-(3'-methylbut-2'-enyl)chroman-6-carboxylate"", '2,7-Di-O-acetylcasearupestrin A', 'Nitensidine B', '1-methyl-2-n-nonyl-4-quinolone', '5-[8(Z),11(Z),14-pentadecatrienyl]resorcinol', 'Piperol B', '(-)-Hardwickiic acid', ""5-[3''-(β-D-glucopyranosyloxy)propyl]-7-methoxy-2-(3',4'-methylenedioxyphenyl)benzofuran"", '28-O-β-D-glucopyranosyl quinovic acid', '2-Methyl-4-hydroxy-butyl caffeoate', 'N-1,N-2,N-3-Triisopentenylguanidine', 'Dibenzyl trisulphide', 'Maytenin, Tingenone', 'Chlorogenic acid', 'Nitensidine A', 'Cytochalasin D', 'Isoorientin', 'Uracil', 'Maculosidine', 'Podocarpusflavone A', 'Casearupestrin C', '6α-malonyloxy-n-butyl ester manoyl oxide', 'citrusinine-I', 'Ricinine', 'Leptophyllin A', '5-pentadecylresorcinol', 'urauchimycin B', 'Homoegonol', '[8]-gingerol', '4-Hydroxymellein', '5-hydroxymellein', 'Pristimerin; 20α-3-hydroxy-2-oxo-24-nor-friedela-1-10,3,5,7-tetraen-carboxylic acid-29-methylester', '3,4,5-trimethoxyphenyl 1-O-β-D-apiofuranosyl-(1→6)-O-β-D-glucopyranoside', 'β-photogedunin', 'n-Butyl gallate', 'Dibenzyl sulphide', '(-) Cis-4-hydroxy-6-deoxyscytalone', 'Plumericin', '5-[8(Z),11(Z)-pentadecadienyl]resorcinol', '(-)-Spectalinine', '19,20-Epoxycytochalasin D', 'fumiquinozoline F', 'Kaempferol 3-O-α-L-rhamnopyranosyl (1→6)-O-[β -D-glucopyranosyl (1→3)-O-α-L-rhamnopyranosyl-(1→2)]-O-β -D-glucopyranosyl', '3β-O-[α-L-rhamnopyranosyl-(1→2)-O-β-D-glucopyranosyl-(1→2)-O-β-D-glucopyranosyl]-28-O-β-D-glucopyranoside pomolate', 'Dibenzyl tetrasulphide', ""2',5-dihydroxy-3-methoxy-8-dimethylallyl-6, 7-(2' ',2''-dimethylpyrano)-dihydroflavonol"", '2-n-nonyl-4-quinolone', ""2-(2'-O-trans-cinnamoyl)-C-β-D-glucopyranosyl-1,3,6,7-tetrahydroxyxanthone"", 'Ocotillone', 'des-N-methylnoracronycine', 'Sorbifolin 6-O-β-glucopyranoside', 'Rel-2α-hydroxyzuelanin-6β-benzoate', '2,6-di-O-acetylcasearupestrin D', 'urauchimycin A', 'p-Coumaric acid', '(-)-Epigallocatechin', 'Netzahualcoyonol', '1-[3-(3,7-dimethylocta-2,6-dien-1-yl)-2,4,6- trihydroxyphenyl]-3-(4-hydroxyphenyl)propan-1-one', '6α-malonyloxymanoyl oxide', 'Benzylhydroxymethyl sulphide', '1,6-di-O-caffeoyl-β-D-glucopyranoside', '2-methyl-5-[8(Z),11(Z),14-pentadecatrienyl]resorcinol', 'Netzahualcoyondiol', 'Alkenoic acid', 'Quercetin 3-O-α-L-rhamnopyranosyl (1→6)-O-[β -D-glucopyranosyl (1→3)-O-α-L-rhamnopyranosyl-(1→2)]-O-β -D-glucopyranosyl', 'Heveaflavone', 'Arboreumine', '3-Oxoursolic acid', 'Casearupestrin B', 'toonacilin', 'Pedalitin', 'Caseobliquin A', 'Methyl angolensate', ""5-(3'' -Hydroxypropyl)-7-methoxy-2-(3',4' -methyl-enedioxyphenyl)benzofuran"", '22β-hydroxypristimerin', '1- (5,7-dihydroxy-2,2-dimethylchroman-6-yl)-3-(2,2-dimethylchroman- 6-yl)propan-1-one', 'Canavaline', 'Di-hydrodehydrodiconiferyl alcohol', 'Quercetin', ""(2S)-8-Isopentyl-2-methyl-2-(4'-methylpentyl)chroman-6-carboxylic acid"", '2,2-dimethyl-2H-chromene-6-carboxylic acid', '1,2-dihydro- 3β-hydroxy-7-deacetoxy-7-oxogedunin', 'Photogedunin', 'Casearin X; (1R*,3S*,5S*,6aR*,7S*,8S*,10R*,10aR*)-1-(Acetyloxy)-3,5,6,6a,7,8,9,10-octahydro-10-hydroxy-7,8-dimethyl-7-[(2Z)-3-methylpenta-2,4-dien-1-yl]naphtho[1,8a-c]furan-3,5-diyl Dibutanoate', 'Skimmianine', 'p-hydroxybenzoic acid-geranyl ester', 'Dibenzyl disulphide', 'Proanthocyanidin', ""5-[3''-(β-D-glucopyranosyloxy)propyl]-7-methoxy-2-(3',4'-dimethoxyphenyl)benzofuran"", '3,12-Dihydroxycadalene', '7-hydroxy-3- (11-dimethylallyl)-8-methoxycoumarin', ""N-[7-(3',4'-methylenedioxyphenyl)-2(Z),4(Z)-heptadienoyl]pyrrolidine"", ""Acteoside; [β-3,4-dihydroxyphenyl)-ethyl]-(3'-O-α-L-rhamnopyranosyl)-(4'-O-cafeoyl)-β-D-glycopyranoside, verbascoside"", '20-hydroxyecdysone; polypodine A', '3-Acetyl aleuritolic acid', 'α-L-xylopyranosyl-(4""→20)-(3-O-β-D-glucopyranosyl)-1\'-O-E-caffeoyl-β-D-glucopyranoside', ""2-(R)-Methyl-6-(S)-(tetradecyl-13'-one)-3(R)-O-tert-butyldimethylsilyl-piperidine"", '(2S)-Methyl-2-methyl-8-(3""-methylbut-2""-enyl)-2-(4\'-methylpent-3\'-enyl)-2H-chromene-6-carboxylate', 'Casearin T', 'Piperyline, N-[10-(13,14-methylenedioxyphenyl)-7(E),9(E)-pentadienoyl]-pyrrolidine', 'ω-fenil alcanoic acid', '2-butyl-D-fructofuranoside', ""Gaudichaudianic acid; (2S)-2-methyl-2-(4'methyl-3'-pentenyl)-8-(3''-methyl-2-butenyl)- 2H-1-benzopyran-6-carboxylic acid"", 'limonexic acid', 'Di(benzyltrithio) methane', '1-O-(E)-feruloyl-β-D-glucopyranoside', '19,20-Epoxycytochalasin C', 'n-Pentyl gallate', 'Orcinol', 'Periconicin B', 'Phomopsilactone', '24-methylene-3,22-dihydroxycholesterol', 'amorphispironone', 'Casearupestrin D', 'Chaetoglobosin B', ""2-(2'-O-benzoyl)-C-β-D-glucopyranosyl-1,3,6,7-tetrahydroxyxanthone"", 'Isoplumericin', 'N-[10-(13,14-methylenedioxyphenyl)-7(E),9(Z)-pentadienoyl]-pyrrolidine', '6-[8(Z)-pentadecenyl]salicylic acid', '(2S)-2-methyl-8-(3""-methylbut-2""-enyl)-2-(4\'-methylpent-3\'-enyl)-2H-chromene-6-carboxylic acid', 'Burchellin', '5-[8(Z)-pentadecenyl]resorcinol', 'Luteolin; 2-(3,4-dihydroxyphenyl)-5,7-dihydroxy-4H-chromen-4-one', 'neoisoastilbin', '(R)-7-Hydroxymellein', '6α-acetoxymanoyl oxide', 'Methyl-8-hydroxy-2,2-dimethylchroman-6-carboxylate', '19,20-Epoxycytochalasin Q', '19,20-Epoxycytochalasin R', 'Muraxanthone', '6α-acetoxy-14β,15β-epoxyazadirone', 'epoxy-fraxinellone', '12′-hydroxy-7′-multijuguinone', 'Kaempferitrin', 'Nitensidine C', 'Dipropyl disulphide', '2-methyl-5-[8(Z),11(Z)-pentadecadienyl]resorcinol', 'Methyl 6,7,8-trimethoxydihydrocinnamate', '2-Hexyl-3-methyl-butanodioic acid', 'fraxinellone', '3,11,12-Trihydroxycadalene', 'Quercetin 3-O-sophoroside', '(3R,4R)-3,4-Dihydro-4,6-dihydroxy-3-methyl-1-oxo-1H-isochromene-5-carboxylic acid', ""(2S)-Methyl-8-isopentyl-2-methyl-2-(4'-methylpentyl)chroman-6-carboxylate"", '6-[ 8(Z),11(Z) -pentadecadienyl] salicylic acid', '3,4,5-Triacetoxybenzoic acid', 'Odoratone', 'Rel-6β-hydroxyzuelanin-2β-benzoate', 'shidasterone', '5-hydroxymethyl- 2-furancarboxaldehyde; 5-hydroxymethyl-2-furfuraldehyde', 'atalaphyllinine', 'N-[10- (13,14-methylenedioxyphenyl)-7(E)-pentaenoyl]-pyrrolidine', '2-Methyl-5-methoxy-benzopyran-4-one', '3,4-dihydroxybenzoic acid geranyl ester', 'Casearupestrin A', '2-oxo-piperol B; (7S*, 8R*, 1R*, 3R*)-3,4,5-trimethoxy-3,7-cyclo-8,1-neolig-8-ene-2,4(3H)-dione', 'taxifolin', ""(2'S)-2-(propan-2'-ol)-5-hydroxy-benzopyran-4-one"", 'Sinapic acid', '6-[8(Z),11(Z),14-pentadecatrienyl]salicylic acid', 'Sorbifolin', 'Rel-(+)-(7S,9R,10S)-3,9,12-trihydroxycalamenene', 'Casearin S', '11β-acetoxyobacunone', '1-(5,7-dihydroxy-2,2-dimethylchroman- 6-yl)-3-[4-hydroxy-3-(3-methylbut-2-en-1-yl)- phenyl]propan-1-one', '(3R,4R)-4,7-Dihydroxymellein', ""Nitensoside B; Pedalitin 6-O-α-rhamnopyranosyl(1'''→6'')-β-glucopyranoside"", 'Gedunin', 'Pedalin, pedalitin 6-O-β -glucopyranoside', 'Caseargrewiin F; (1R*,3S*,5S*,6aR*,7S*,8R*,10R*,10aR*)-1,3-Bis(acetyloxy)-3,5,6,6a,7,8,9,10-octahydro-10-hydroxy-7,8-dimethyl-7-[(2Z)-3-methylpenta-2,4-dien-1-yl]naphtho[1,8a-c]furan-5-yl Butanoate', 'Casearin L; (1R*,3S*,5S*,6aR*,7R*,8R*,9S*,10S*,10aR*)-1,10-Bis(acetyloxy)-3,5,6,6a,7,8,9,10-octahydro-9-hydroxy-5-methoxy-7,8-dimethyl-7-[(2Z)-3-methylpenta-2,4-dien-1-yl]naphtho[1,8a-c]-furan-3-yl Butanoate', 'Platydesmine', 'Leiokinine A', 'Cabraleadiol', 'schaftoside', 'Casearin D; (1R*,3S*,5S*,6aR*,7R*,8R*,9S*,10S*,10aR*)-1-(Acetyloxy)-3,5,6,6a,7,8,9,10-octahydro-5,10-dihydroxy-7,8-dimethyl-7-[(2Z)-3-methylpenta-2,4-dien-1-yl]naphtho[1,8a-c]furan-3,9-diyl Dibutanoate', 'Rel. (+)-(7S,10S) 3,12-dihydroxycalamenene', 'carlinoside', 'Methyl-8-(ethanoyloxy)-2,2-dimethyl-2H-chromene-6-carboxylate', 'Methyl gallate', '3-O-β-D-quinovopyranosyl cincholic acid', 'Afzelin, 3-O-α-rhamnosyl kaempferol', 'Egonol', '4-Nerolidilcatechol', ""2-(2'-O-transcoumaroyl)-C-β-D-glucopyranosyl-1,3,6,7-tetrahydroxyxanthone"", 'Syringic acid', '(+)-3-O-feruloylcassine', 'Amentoflavone', '1-(5,7-dihydroxy-2,2-dimethylchroman-6-yl)-3-(1,1,4a-trimethyl-2,3,4,4a,9a-hexahydro-1H-xanthen-7-yl)propan-1-one', 'Methyl (E)-6,7,8-trimethoxycinnamate', '3,4,5-Trimethoxyphenyl-1-O-β-D-(5-O-syringoyl)-apiofuranosyl-(1→6)-β-D-glucopyranoside', '22-hydroxytirucalla-7,24-diene-2,3-dione', 'Trans-3’-methylsulphonylallyl trans-cinnamate', '(3-(2-(4-hydroxyphenyl)-2-oxoethyl)-5,6-dihydropyridin- 2(1H)-one)', 'Mangiferin', 'Viburgenin', ""Pterogynoside; Kaempferol-3-O-(3''-O-4'''-methylgallate-α-L-rhamnoside)"", 'Isobutyl gallate', ""Nitensoside A; Sorbifolin 6-O-α-rhamnopyranosyl(1'''→6'')-β-glucopyranoside"", 'Casearin O; (1R*,3S*,5S*,6aR*,7R*,8R*,9S*,10S*,10aR*)-1,10-Bis(acetyloxy)-5-methoxy-7,8-dimethyl-7-[(2Z)-3-methylpenta-2,4-dien-1-yl]-3,5,6,6a,7,8,9,10-octahydronaphtho[1,8a-c]furan-3,9-diyl Dibutanoate', 'germacrene D', 'Salacin', '6-pentadecylsalicylic acid', 'Methyl-2,2-dimethylchroman-6-carboxylate', ""Myrsinoic acid A, 3-Geranyl-4-hydroxy-5-(3'',3''-dimethylallyl)benzoic acid"", '20α-Hydroxymaytenin; 20-hydroxy-20-epi-tingenone', '(-)-Epigallocatechin-3-O-gallate', 'Isopropyl gallate', '6β-hydroxy-7-epigardoside methyl ester', 'Tetrahydropiperyline, N-[10-(13,14-methylenedioxyphenyl)-pentanoyl]-pyrrolidine', 'Piperovatine', '2,4,6-trimethoxybenzoic acid', '1-O-(E)-caffeoyl-β-D-glucopyranoside', 'Gallic acid; 3,4,5-trihydroxybenzoic acid', 'Quercitrin, 3-O-α-rhamnosylquercetin', '2β-Hydroxyzuelanin-6β-cinnamate', 'arjunolic acid', 'stachysterone', 'Ethyl 2,4-dihydroxy-5,6-dimethylbenzoate', 'Amentoflavone 7”,4”’-dimethyl ether', 'Picramnioside F', 'Lauryl gallate', 'Syringaldehyde', 'Acetonide of odoratol', '(−)-Grandisin', '24-methylenecycloartan-3b-ol', 'Ixoside', 'Cognatine', 'Fagaramide', 'Chalepin']]",doi_name
"['10.1021/np100840w', '2,6-di-O-acetylcasearupestrin D']","['10.1021/np100840w', ['guaiol', 'Hinesol', 'γ-eudesmol', 'α-eudesmol', '11-O-trans-feruloylteucrein', 'Teucrein', 'Galioside aglicone', 'Galioside', 'Apodanthoside', 'Mycoleptone A', '9-hydroxyeugenin', 'Austdiol', 'Austdiol diacetate', 'Mycoleptone A tetraacetate', '6-methoxyeugenin', 'Eugenitin', 'Mycoleptone B', 'Chlorogenic acid methyl ester, Methyl (1S,3R,4R,5R)-3-{[(2E)-3-(3,4-dihydroxyphenyl)-2-propenoyl]oxy}-1,4,5-trihydroxycyclohexanecarboxylate', '7-Methoxydiderroside', 'Secoxyloganin', 'Diderroside', ""6'-Acetyl-β-D-glucopyranosyldiderroside"", '5,7-dimethoxy-2,2-dimethyl-2H-1-benzopyran-6-propanoate', ""4-Methoxy-3-(3',7'-dimethylocta-2'-E-6'-dienyl)benzoic acid"", 'Methyl-8-hydroxy-2,2-dimethyl-2H-chromene-6-carboxylate', ""3-(3',7 '-dimethyl-2',6 '-octadienyl)-4-methoxy-benzoic acid"", ""2'-hydroxy-3,4,4'-trimethoxy-5',6'-(2'',2''-dimethylpyrano)-chalcone"", ""3',4'-methylenedioxy-5,5',6,7-tetramethoxyflavone"", ""3',4'-methylenedioxy-5,6,7- trimethoxyflavone"", ""3',4'-methylenedioxy-5,7-dimethoxyflavone"", 'cyclo (L)-Pro-Gly', 'Nectandrin B', 'Verrucosin', 'Epi-guaiacin', '7-Methyl-sargachromenol; 2,7,8-Trimethyl-2-[(3-E,7-Z)-4,12-dimethyl-8-carboxyl-3,7,11-tridecatrienyl]-3-chromen-6-ol, β-caroteno', ""2-(3',4'-methylenedioxyphenylethyl)-Quinoline"", '2-n-Pentylquinoline', '2-n-Propylquinoline', ""2-(1'-pentenyl)-Quinoline"", '2,3-dihydro-4,9-dihydroxy-2-(2-hydroxy-propan-2-yl)- 11-methoxy-10-methylfuro[3,2-b]acridin-5(10H)-one', 'bis-5-hydroxyacronycine', 'Citibrasine', '21β,25-dimethylmelianodiol', '3,21-Di-epi-feroniellide B', '21α,25-dimethylmelianodiol', '(-)-3-O-acetyl-spectaline', 'Xanthyletin', ""Rel-(7R,8S,7'S,8'S)-4-hydroxy-4',5'-methylenedioxy-3,5,3'-trimethoxy-7,7'-epoxylignan"", ""Rel-(7R,8S,7'S,8'S)-4'-hydroxy-3,4,5,3',5'-pentamethoxy-7,7'-epoxylignan"", ""Rel-(7R,8S,7'S,8'S)-4',5'-methylenedioxy-3,4,5,3'-tetramethoxy-7,7'-epoxylignan"", ""Rel-(7R,8S,7'S,8'S)-9-hydroxy-4',5'-methylenedioxy-3,4,5,3'-tetramethoxy-7,7'-epoxylignan"", ""Rel-(7R,8S,7'S,8'S)-4,5,4',5'-dimethylenedioxy-3,3'-dimethoxy-7,7'-epoxylignan"", 'Anhydrofusarubin', 'Beauvericin', 'Taraxerol acetate', 'Pentaol', '3,11-dioxoolean-12-en-28- onic acid', 'Iso-odoratol', 'Nilocetin', 'Hispidol A', 'Piscidinol A', 'cryptomeridiol', 'Oleanonic acid', 'Isopimpinellin', 'Methyl (3R,4R,5R)-3-{[(2Z)-3-(3,4-dihydroxyphenyl)-2-propenoyl]oxy}-1,4,5-trihydroxycyclohexanecarboxylate', 'Methyl (3R,4R,5R)-3-{[(2E)-3-(3,4-dihydroxyphenyl)-2-propenoyl]oxy}-1,4,5-trihydroxycyclohexanecarboxylate', ""Isoswertisin-4'-methyl-ether-2''α-L-rhamnoside"", 'Clusifoliol', ""Isoswertisin-2''α1-L-rhamnoside"", '2-Episesalatin', 'Sesartemin', 'Aphidicolin', ""3,4-dimethyl-2-(4'-hydroxy-3',5'-dimethoxyphenyl)-5-methoxy-tetrahydrofuran"", '3,3-O-dimethylquercetin', 'penduletin 4-O-methyl ether', '2α,3α,19α- trihydroxyurs-12-en-28-oic acid', 'acacetin', '2α,3α-dihydroxyolean-12- en-28-oic acid', 'p-hydroxybenzoic acid', '3-O-methylquercetin', 'Chrysoeriol', '3,7,4-O-trimethylkaempferol', 'Glycocitrine-IV', 'Glycocitrine-I', '3,4-dihydro-3,5,8-trihydroxy-6-methoxy-2,2,7-trimethyl-2Hpyrano[ 2,3-a]acridin-12(7H)-one', '5-hydroxynoracronycine; Atalaphyllidine', 'Citrusinine-I', 'Citrusinine-II', '1,3,5-trihydroxy-4-methoxy-10-methyl- 2,8-bis(3-methylbut-2-enyl)acridin-9(10H)-one', '1,3,5-trihydroxy- 2,8-bis(3-methylbut-2-enyl)-10-methyl-9-acridone', 'Pyranofoline', 'β-Gardiol', 'Ferulic acid', 'α-Gardiol', 'Stearic acid 4-pentoyloxyphenethyl ester', 'Sargaquinoic acid', '(+)-Guaiacin', '21´-(3,4-Methylenedioxyphenyl)-henicosanoic acid', 'Sargachromenol', ""Juruenolic acid; 2-(4'-Methylpentenyl-3)-10-oxoundecan-2,6-dienoic acid"", 'Fasciculiferin', ""7,4'-Dimethoxyflavone"", ""7,4'-Dihydroxyflavone"", '19´-(3,4-Methylenedioxyphenyl)-nonadecanoic acid', 'Tithonine', 'Farnisine', '17-(3,4-Methylenedioxyphenyl)-heptadecanoic acid', '(+)-Erythravine', '(+)-α-Hydroxyerysotrine', '(+)-11α-Hydroxyerythravine', 'astilbin; Rel-(2R, 3R)-dihydroquercetin-3-O-±-L-rhamnoside', ""Aduncumene; Methyl 2-methoxy-5-(3'-methyl-1'-oxo-2'-butenyl)benzoate"", ""Methyl 4-hydroxy-3-(3'-methyl-2'-hydroxy-3'-butenyl)benzoate"", ""4-Hydroxy-(3',7'-dimethyl-1'-oxo-octa-2'-Z-6'-dienyl)benzoic acid"", '3,4,5-Trimethoxydihydrocinnamic acid', ""4-Hydroxy-3-(3',7'-dimethylocta-2'-E-6'-dienyl)benzoic acid"", 'Methyl 2,2-dimethyl-1-oxo-2H-1-benzopyran-6-carboxylate', 'Piperaduncine B', ""Hostmaniene; 4-Hydroxy-3-(2',3'-dihydroxy-3'-methylbutyl)benzoate"", ""2',6'-Dihydroxy-4'-methoxydihydrochalcone"", ""Methyl taboganate; Methyl 4-hydroxy-3-(3'-methyl-1'-oxo-2'-butenyl)benzoate"", ""Methyl 4-hydroxy-3-(3'-methyl-2'-butenyl)benzoate"", 'Nitensidine D', 'Nitensidine E', 'Turbinatine', '3,4-dehydro-strictosidine', '5α-carboxystrictosidine', '3,4-dehydrostrictosidine acid', 'Strictosidine acid', 'Cordifoline', 'Harman-3-carboxylic acid', 'Deoxycordifoline', 'Kaempferol-3-O-α-L-rhamnopyranosyl-(1-6)-α-L-rhamnopyranosyl-(1-4)-β-D-glucopyranoside', 'Kaempferol-3-O-rutinoside', 'Kaempferol-3-O-D-galactopyranoside', '6-Hydroxy-rutin', 'Kaempferol-3-O-α-L-rhamnopyranosyl-(1→6)-β-D-galactopyranoside', 'Kaempferol-3-O-D-glucopyranoside', 'Procyanidin B-3', 'Quercetin-3-O-α-L-rhamnopyranosyl-(1→6)-β-D-galactopyranoside', 'Catechin, Ent-catechin', 'Ergosterol peroxide', 'Dimethyl terephthalate', '8-hydroxy-6-methoxy-3-methylisocoumarin', '(22E,24R)-ergosta-4,6,8(14),22-tetraen-3-one', 'Pimara-7,15-dien-3β-ol', ""Isosakuranetin; 5,7-dihydroxy-4'-methoxyflavanone"", ""1,4-Dihydroxy-2-(3',7'-dimethyl-1'-oxo-2'-E-6'-octadienyl)benzene"", ""Sakuranetin; 5,4'-dihydroxy-7-methoxyflavanone"", ""4-Hydroxy-3-(3',7'-dimethyl-3'-hydroxy-1'-oxo-6'-octenyl)benzoic acid"", ""4-Hydroxy-(3',7'-dimethyl-1'-oxo-octa-2'-E-6'-dienyl)benzoic acid"", '(3Z,5Z)-N-isobutyl-8-(30,40-methylenedioxy-phenyl)-heptadienamide', 'Pellitorine', '(E)-piplartine', '4,5-dihydropiperyline', '(Z)-piplartine; 8(Z)-N-(12,13, 14-trimethoxycinnamoyl)- 3-pyridin-2-one', 'Piperine', '8,9-dihydropiplartine; N-(12,13,14-trimethoxydihydrocinnamoyl)-Δ3-pyridin-2-one', '10,11-dihydropiperine; Δα,β-dihydropiperine', '4,5-dihydropiperlonguminine; Piperlonguminine', ""N-[3-(6'-methoxy-3',4'-methy-lenedioxyphenyl)-2(Z)-propenoyl]pyrrolidine"", '5,7-dimethoxy-2,2-dimethyl-2H-1-benzopyran-6-propanoic acid', ""3',4',5',3,5,7,8-heptamethoxyflavone"", ""3,5,6,7,3',4',5'-heptamethoxyflavonol"", 'Tagitinin C', '1-methoxy-3-hydroxy-3,10b-4,5a-diepoxy-8b-isobutyroyloxygermacr-11(13)-en-6a,12-olide', 'Methacrylic acid', '4-metoxi-6-[2-(metilamino)fenil]- 2H-piran-2-ona', 'β-caryophyllene, trans-caryophyllene', 'Cuspanine; 1-hydroxy-2,3,5,6-tetramethoxy-9-acridone', 'Cusculine; 1,2,3,5,6-pentamethoxy-9-acridone', '2α,3α-Dihydroxy-urs-12-en-28-oic acid', '3-O-β-D-(6’-methyl)-glucopyranosyl-28-O-β-D-glucopyranosyl-oleanate', 'Oleanolic acid 3-sophoroside', 'Haplotusine', 'β-Sitosterol benzoate', '5-hydroxyflavone', '2-phenyl-4H-chromen-4-one', 'Sinapyl 4-O-β-D-glucopyranoside aldehyde', 'Sinapyl 4-O-β-D-glucopyranoside alcohol', 'Liriodenine', 'N-acetylnonaine', '[10]-gingerol', ""2,4-Dihydroxy-6-[(1'E,3'E)-penta-1', 3'-dienyl]-benzaldehyde"", 'Nitensidine A', '2-methyl-5-[8(Z)-pentadecenyl]resorcinol', '2-hydroxyphenylacetic acid', '3-O-β-D-quinovopyranosyl quinovic acid', 'Kaempferol', '(4R)-4,8-dihydroxy-α-tetralone', 'Chlorogenic acid', 'Chalepin', 'Gallic acid; 3,4,5-trihydroxybenzoic acid', 'Quercitrin, 3-O-α-rhamnosylquercetin', 'Caseobliquin A', 'Methyl angolensate', ""5-(3'' -Hydroxypropyl)-7-methoxy-2-(3',4' -methyl-enedioxyphenyl)benzofuran"", '22β-hydroxypristimerin', '19,20-Epoxycytochalasin N', 'ellagic acid 4-O-α-L-rhamnopyranoside; eschweilenol C', 'Mayoside C', 'Ourateacatechin', ""3',4',5',5,7-pentamethoxyflavone"", '2-methyl-5-pentadecylresorcinol', '3β-hydroxy-stigmast-5-en-7-one; 24-β-7-oxositosterol', 'scillascillin', 'Viburgenin', ""Pterogynoside; Kaempferol-3-O-(3''-O-4'''-methylgallate-α-L-rhamnoside)"", 'Isobutyl gallate', '7′-multijuguinone', 'Griseofulvin', ""7-Hydroxy-4',6-dimethoxyisoflavone; Afrormosin; Afromosin"", '8-methoxymellein', '(±)-Syringaresinol', '2,7-Di-O-acetylcasearupestrin A', 'Nitensidine B', '1-methyl-2-n-nonyl-4-quinolone', '5-[8(Z),11(Z),14-pentadecatrienyl]resorcinol', 'Kokusaginine', ""2-(2'-O-trans-caffeoyl)-C-β-D-glucopyranosyl-1,3,6,7-tetrahydroxyxanthone"", 'Netzahualcoyene', 'Casearin X Dialdehyde; (2R*,4aS*,5S*,7R*,8R*,8aS*)-4,4a-Diformyl-1,2,4a,5,6,7,8,8a-octahydro-5-hydroxy-7,8-dimethyl-8-[(2Z)-3-methylpenta-2,4-dien-1-yl]naphthalen-2-yl Butanoate', 'polypodine B', 'n-Propyl gallate', ""3',4',5',5,7,8-hexamethoxyflavone"", 'Isopropyl gallate', ""8-hydroxy-3,5,7,3',4',5'-hexamethoxyflavonol"", 'Odoratol', 'Leptomerine', '5-hydroxy-N-methylseverifoline', '2,4,6-trimethoxybenzoic acid', '1-O-(E)-caffeoyl-β-D-glucopyranoside', 'Maculosidine', 'Podocarpusflavone A', 'Casearupestrin C', '6α-malonyloxy-n-butyl ester manoyl oxide', 'citrusinine-I', 'Ricinine', 'Leptophyllin A', '5-pentadecylresorcinol', 'Piperol B', '(-)-Hardwickiic acid', ""5-[3''-(β-D-glucopyranosyloxy)propyl]-7-methoxy-2-(3',4'-methylenedioxyphenyl)benzofuran"", 'Rel-2α-hydroxyzuelanin-6β-benzoate', '2,6-di-O-acetylcasearupestrin D', ""Methyl-2,2-dimethyl-8-(3'-methylbut-2'-enyl)chroman-6-carboxylate"", '2-Methyl-4-hydroxy-butyl caffeoate', 'N-1,N-2,N-3-Triisopentenylguanidine', 'Dibenzyl trisulphide', 'Maytenin, Tingenone', '19,20-Epoxycytochalasin D', 'fumiquinozoline F', 'Kaempferol 3-O-α-L-rhamnopyranosyl (1→6)-O-[β -D-glucopyranosyl (1→3)-O-α-L-rhamnopyranosyl-(1→2)]-O-β -D-glucopyranosyl', '3β-O-[α-L-rhamnopyranosyl-(1→2)-O-β-D-glucopyranosyl-(1→2)-O-β-D-glucopyranosyl]-28-O-β-D-glucopyranoside pomolate', 'Dibenzyl tetrasulphide', ""2',5-dihydroxy-3-methoxy-8-dimethylallyl-6, 7-(2' ',2''-dimethylpyrano)-dihydroflavonol"", '2-n-nonyl-4-quinolone', 'Cytochalasin D', 'Isoorientin', '6β-hydroxy-7-epigardoside methyl ester', 'Tetrahydropiperyline, N-[10-(13,14-methylenedioxyphenyl)-pentanoyl]-pyrrolidine', 'Piperovatine', 'Uracil', 'urauchimycin A', 'p-Coumaric acid', '(-)-Epigallocatechin', 'Netzahualcoyonol', '1-[3-(3,7-dimethylocta-2,6-dien-1-yl)-2,4,6- trihydroxyphenyl]-3-(4-hydroxyphenyl)propan-1-one', '6α-malonyloxymanoyl oxide', 'Benzylhydroxymethyl sulphide', '1,6-di-O-caffeoyl-β-D-glucopyranoside', '2-methyl-5-[8(Z),11(Z),14-pentadecatrienyl]resorcinol', 'urauchimycin B', 'Homoegonol', '[8]-gingerol', '4-Hydroxymellein', '5-hydroxymellein', '28-O-β-D-glucopyranosyl quinovic acid', 'Pristimerin; 20α-3-hydroxy-2-oxo-24-nor-friedela-1-10,3,5,7-tetraen-carboxylic acid-29-methylester', 'fraxinellonone', 'Dibenzyl sulphide', '(-) Cis-4-hydroxy-6-deoxyscytalone', 'Plumericin', '5-[8(Z),11(Z)-pentadecadienyl]resorcinol', '(-)-Spectalinine', '20-hydroxyecdysone; polypodine A', '3-Acetyl aleuritolic acid', 'Alkenoic acid', 'Quercetin 3-O-α-L-rhamnopyranosyl (1→6)-O-[β -D-glucopyranosyl (1→3)-O-α-L-rhamnopyranosyl-(1→2)]-O-β -D-glucopyranosyl', 'Heveaflavone', 'Arboreumine', '3-Oxoursolic acid', 'Casearupestrin B', 'toonacilin', 'Piperyline, N-[10-(13,14-methylenedioxyphenyl)-7(E),9(E)-pentadienoyl]-pyrrolidine', 'ω-fenil alcanoic acid', '2-butyl-D-fructofuranoside', 'Pedalitin', '1-O-(E)-feruloyl-β-D-glucopyranoside', '19,20-Epoxycytochalasin C', 'n-Pentyl gallate', 'Orcinol', 'Periconicin B', 'Phomopsilactone', ""(2S)-8-Isopentyl-2-methyl-2-(4'-methylpentyl)chroman-6-carboxylic acid"", '2,2-dimethyl-2H-chromene-6-carboxylic acid', '1,2-dihydro- 3β-hydroxy-7-deacetoxy-7-oxogedunin', 'Photogedunin', 'Casearin X; (1R*,3S*,5S*,6aR*,7S*,8S*,10R*,10aR*)-1-(Acetyloxy)-3,5,6,6a,7,8,9,10-octahydro-10-hydroxy-7,8-dimethyl-7-[(2Z)-3-methylpenta-2,4-dien-1-yl]naphtho[1,8a-c]furan-3,5-diyl Dibutanoate', 'Netzahualcoyondiol', ""2-(2'-O-benzoyl)-C-β-D-glucopyranosyl-1,3,6,7-tetrahydroxyxanthone"", 'Isoplumericin', 'Skimmianine', 'p-hydroxybenzoic acid-geranyl ester', '3,4,5-trimethoxyphenyl 1-O-β-D-apiofuranosyl-(1→6)-O-β-D-glucopyranoside', 'β-photogedunin', 'n-Butyl gallate', ""5-[3''-(β-D-glucopyranosyloxy)propyl]-7-methoxy-2-(3',4'-dimethoxyphenyl)benzofuran"", '3,12-Dihydroxycadalene', '7-hydroxy-3- (11-dimethylallyl)-8-methoxycoumarin', ""N-[7-(3',4'-methylenedioxyphenyl)-2(Z),4(Z)-heptadienoyl]pyrrolidine"", ""Acteoside; [β-3,4-dihydroxyphenyl)-ethyl]-(3'-O-α-L-rhamnopyranosyl)-(4'-O-cafeoyl)-β-D-glycopyranoside, verbascoside"", 'α-L-xylopyranosyl-(4""→20)-(3-O-β-D-glucopyranosyl)-1\'-O-E-caffeoyl-β-D-glucopyranoside', ""2-(R)-Methyl-6-(S)-(tetradecyl-13'-one)-3(R)-O-tert-butyldimethylsilyl-piperidine"", '(2S)-Methyl-2-methyl-8-(3""-methylbut-2""-enyl)-2-(4\'-methylpent-3\'-enyl)-2H-chromene-6-carboxylate', 'Casearin T', '5-[8(Z)-pentadecenyl]resorcinol', 'Luteolin; 2-(3,4-dihydroxyphenyl)-5,7-dihydroxy-4H-chromen-4-one', 'Sinapic acid', '19,20-Epoxycytochalasin Q', '19,20-Epoxycytochalasin R', 'Muraxanthone', ""Gaudichaudianic acid; (2S)-2-methyl-2-(4'methyl-3'-pentenyl)-8-(3''-methyl-2-butenyl)- 2H-1-benzopyran-6-carboxylic acid"", 'limonexic acid', 'Di(benzyltrithio) methane', '3,11,12-Trihydroxycadalene', 'Quercetin 3-O-sophoroside', '(3R,4R)-3,4-Dihydro-4,6-dihydroxy-3-methyl-1-oxo-1H-isochromene-5-carboxylic acid', '24-methylene-3,22-dihydroxycholesterol', 'amorphispironone', 'Casearupestrin D', 'Chaetoglobosin B', '6α-acetoxy-14β,15β-epoxyazadirone', 'epoxy-fraxinellone', '12′-hydroxy-7′-multijuguinone', 'Kaempferitrin', 'Nitensidine C', 'Dipropyl disulphide', 'Dibenzyl disulphide', 'Proanthocyanidin', 'neoisoastilbin', '(R)-7-Hydroxymellein', '6α-acetoxymanoyl oxide', 'Methyl-8-hydroxy-2,2-dimethylchroman-6-carboxylate', 'N-[10-(13,14-methylenedioxyphenyl)-7(E),9(Z)-pentadienoyl]-pyrrolidine', '6-[8(Z)-pentadecenyl]salicylic acid', '(2S)-2-methyl-8-(3""-methylbut-2""-enyl)-2-(4\'-methylpent-3\'-enyl)-2H-chromene-6-carboxylic acid', 'Burchellin', 'Platydesmine', 'Leiokinine A', 'Cabraleadiol', 'schaftoside', ""(2S)-Methyl-8-isopentyl-2-methyl-2-(4'-methylpentyl)chroman-6-carboxylate"", 'Casearupestrin A', '2-oxo-piperol B; (7S*, 8R*, 1R*, 3R*)-3,4,5-trimethoxy-3,7-cyclo-8,1-neolig-8-ene-2,4(3H)-dione', '3,4,5-Triacetoxybenzoic acid', 'Odoratone', 'Rel-6β-hydroxyzuelanin-2β-benzoate', 'shidasterone', '5-hydroxymethyl- 2-furancarboxaldehyde; 5-hydroxymethyl-2-furfuraldehyde', 'atalaphyllinine', 'N-[10- (13,14-methylenedioxyphenyl)-7(E)-pentaenoyl]-pyrrolidine', '2-Methyl-5-methoxy-benzopyran-4-one', '3,4-dihydroxybenzoic acid geranyl ester', '3-O-β-D-quinovopyranosyl cincholic acid', 'Afzelin, 3-O-α-rhamnosyl kaempferol', 'Egonol', '4-Nerolidilcatechol', ""2-(2'-O-transcoumaroyl)-C-β-D-glucopyranosyl-1,3,6,7-tetrahydroxyxanthone"", 'Syringic acid', '(+)-3-O-feruloylcassine', '2-methyl-5-[8(Z),11(Z)-pentadecadienyl]resorcinol', 'Methyl 6,7,8-trimethoxydihydrocinnamate', '2-Hexyl-3-methyl-butanodioic acid', 'fraxinellone', '6-[ 8(Z),11(Z) -pentadecadienyl] salicylic acid', 'Gedunin', 'Pedalin, pedalitin 6-O-β -glucopyranoside', 'Caseargrewiin F; (1R*,3S*,5S*,6aR*,7S*,8R*,10R*,10aR*)-1,3-Bis(acetyloxy)-3,5,6,6a,7,8,9,10-octahydro-10-hydroxy-7,8-dimethyl-7-[(2Z)-3-methylpenta-2,4-dien-1-yl]naphtho[1,8a-c]furan-5-yl Butanoate', 'Casearin L; (1R*,3S*,5S*,6aR*,7R*,8R*,9S*,10S*,10aR*)-1,10-Bis(acetyloxy)-3,5,6,6a,7,8,9,10-octahydro-9-hydroxy-5-methoxy-7,8-dimethyl-7-[(2Z)-3-methylpenta-2,4-dien-1-yl]naphtho[1,8a-c]-furan-3-yl Butanoate', 'carlinoside', 'Methyl-8-(ethanoyloxy)-2,2-dimethyl-2H-chromene-6-carboxylate', 'Amentoflavone', '1-(5,7-dihydroxy-2,2-dimethylchroman-6-yl)-3-(1,1,4a-trimethyl-2,3,4,4a,9a-hexahydro-1H-xanthen-7-yl)propan-1-one', 'Methyl (E)-6,7,8-trimethoxycinnamate', '3,4,5-Trimethoxyphenyl-1-O-β-D-(5-O-syringoyl)-apiofuranosyl-(1→6)-β-D-glucopyranoside', '6-[8(Z),11(Z),14-pentadecatrienyl]salicylic acid', 'taxifolin', ""(2'S)-2-(propan-2'-ol)-5-hydroxy-benzopyran-4-one"", 'Rel-(+)-(7S,9R,10S)-3,9,12-trihydroxycalamenene', 'Casearin S', '11β-acetoxyobacunone', '1-(5,7-dihydroxy-2,2-dimethylchroman- 6-yl)-3-[4-hydroxy-3-(3-methylbut-2-en-1-yl)- phenyl]propan-1-one', '(3R,4R)-4,7-Dihydroxymellein', ""Nitensoside B; Pedalitin 6-O-α-rhamnopyranosyl(1'''→6'')-β-glucopyranoside"", 'Methyl gallate', 'Amentoflavone 7”,4”’-dimethyl ether', 'Picramnioside F', 'Lauryl gallate', 'Syringaldehyde', '22-hydroxytirucalla-7,24-diene-2,3-dione', 'Trans-3’-methylsulphonylallyl trans-cinnamate', '(3-(2-(4-hydroxyphenyl)-2-oxoethyl)-5,6-dihydropyridin- 2(1H)-one)', 'Mangiferin', 'Salacin', '6-pentadecylsalicylic acid', 'Methyl-2,2-dimethylchroman-6-carboxylate', ""Myrsinoic acid A, 3-Geranyl-4-hydroxy-5-(3'',3''-dimethylallyl)benzoic acid"", '20α-Hydroxymaytenin; 20-hydroxy-20-epi-tingenone', '(-)-Epigallocatechin-3-O-gallate', 'Casearin D; (1R*,3S*,5S*,6aR*,7R*,8R*,9S*,10S*,10aR*)-1-(Acetyloxy)-3,5,6,6a,7,8,9,10-octahydro-5,10-dihydroxy-7,8-dimethyl-7-[(2Z)-3-methylpenta-2,4-dien-1-yl]naphtho[1,8a-c]furan-3,9-diyl Dibutanoate', 'Rel. (+)-(7S,10S) 3,12-dihydroxycalamenene', '1- (5,7-dihydroxy-2,2-dimethylchroman-6-yl)-3-(2,2-dimethylchroman- 6-yl)propan-1-one', 'Canavaline', 'Di-hydrodehydrodiconiferyl alcohol', 'Quercetin', ""2-(2'-O-trans-cinnamoyl)-C-β-D-glucopyranosyl-1,3,6,7-tetrahydroxyxanthone"", 'Ocotillone', 'des-N-methylnoracronycine', 'Sorbifolin 6-O-β-glucopyranoside', 'Sorbifolin', ""Nitensoside A; Sorbifolin 6-O-α-rhamnopyranosyl(1'''→6'')-β-glucopyranoside"", 'Casearin O; (1R*,3S*,5S*,6aR*,7R*,8R*,9S*,10S*,10aR*)-1,10-Bis(acetyloxy)-5-methoxy-7,8-dimethyl-7-[(2Z)-3-methylpenta-2,4-dien-1-yl]-3,5,6,6a,7,8,9,10-octahydronaphtho[1,8a-c]furan-3,9-diyl Dibutanoate', 'germacrene D', '2β-Hydroxyzuelanin-6β-cinnamate', 'arjunolic acid', 'stachysterone', 'Ethyl 2,4-dihydroxy-5,6-dimethylbenzoate', 'Cyclo-(L-Pro-L-Val)', 'Acetonide of odoratol', '(−)-Grandisin', '24-methylenecycloartan-3b-ol', 'Ixoside', 'Cognatine', 'Fagaramide']]",doi_name
"['10.1107/S1600536803019913', 'Skimmianine']","['10.1107/S1600536803019913', ['5,7-dimethoxy-2,2-dimethyl-2H-1-benzopyran-6-propanoic acid', ""3',4'-methylenedioxy-5,5',6,7-tetramethoxyflavone"", ""2'-hydroxy-3,4,4'-trimethoxy-5',6'-(2'',2''-dimethylpyrano)-chalcone"", ""3',4'-methylenedioxy-5,6,7- trimethoxyflavone"", ""3',4'-methylenedioxy-5,7-dimethoxyflavone"", 'γ-eudesmol', 'guaiol', 'Hinesol', 'α-eudesmol', 'Teucrein', '11-O-trans-feruloylteucrein', 'Galioside aglicone', 'Apodanthoside', 'Galioside', ""4-Methoxy-3-(3',7'-dimethylocta-2'-E-6'-dienyl)benzoic acid"", 'Methyl-8-hydroxy-2,2-dimethyl-2H-chromene-6-carboxylate', ""3-(3',7 '-dimethyl-2',6 '-octadienyl)-4-methoxy-benzoic acid"", '2,3-dihydro-4,9-dihydroxy-2-(2-hydroxy-propan-2-yl)- 11-methoxy-10-methylfuro[3,2-b]acridin-5(10H)-one', 'bis-5-hydroxyacronycine', 'Citibrasine', '21α,25-dimethylmelianodiol', '21β,25-dimethylmelianodiol', '3,21-Di-epi-feroniellide B', 'cyclo (L)-Pro-Gly', 'Xanthyletin', '9-hydroxyeugenin', 'Mycoleptone A', 'Mycoleptone B', 'Mycoleptone A tetraacetate', 'Austdiol diacetate', 'Austdiol', 'Eugenitin', '6-methoxyeugenin', 'Secoxyloganin', 'Diderroside', '7-Methoxydiderroside', ""6'-Acetyl-β-D-glucopyranosyldiderroside"", '2α,3α,19α- trihydroxyurs-12-en-28-oic acid', 'penduletin 4-O-methyl ether', '3,3-O-dimethylquercetin', '3-O-methylquercetin', '3,7,4-O-trimethylkaempferol', 'acacetin', 'Chrysoeriol', '2α,3α-dihydroxyolean-12- en-28-oic acid', 'p-hydroxybenzoic acid', ""2-(3',4'-methylenedioxyphenylethyl)-Quinoline"", ""2-(1'-pentenyl)-Quinoline"", '2-n-Pentylquinoline', '2-n-Propylquinoline', ""Rel-(7R,8S,7'S,8'S)-9-hydroxy-4',5'-methylenedioxy-3,4,5,3'-tetramethoxy-7,7'-epoxylignan"", ""Rel-(7R,8S,7'S,8'S)-4-hydroxy-4',5'-methylenedioxy-3,5,3'-trimethoxy-7,7'-epoxylignan"", ""Rel-(7R,8S,7'S,8'S)-4'-hydroxy-3,4,5,3',5'-pentamethoxy-7,7'-epoxylignan"", ""Rel-(7R,8S,7'S,8'S)-4',5'-methylenedioxy-3,4,5,3'-tetramethoxy-7,7'-epoxylignan"", ""Rel-(7R,8S,7'S,8'S)-4,5,4',5'-dimethylenedioxy-3,3'-dimethoxy-7,7'-epoxylignan"", 'Stearic acid 4-pentoyloxyphenethyl ester', '5-hydroxynoracronycine; Atalaphyllidine', 'Pyranofoline', 'Citrusinine-I', 'Glycocitrine-I', 'Citrusinine-II', '3,4-dihydro-3,5,8-trihydroxy-6-methoxy-2,2,7-trimethyl-2Hpyrano[ 2,3-a]acridin-12(7H)-one', '1,3,5-trihydroxy- 2,8-bis(3-methylbut-2-enyl)-10-methyl-9-acridone', 'Glycocitrine-IV', '1,3,5-trihydroxy-4-methoxy-10-methyl- 2,8-bis(3-methylbut-2-enyl)acridin-9(10H)-one', 'Isopimpinellin', '(-)-3-O-acetyl-spectaline', '5,7-dimethoxy-2,2-dimethyl-2H-1-benzopyran-6-propanoate', ""2',6'-Dihydroxy-4'-methoxydihydrochalcone"", ""Methyl taboganate; Methyl 4-hydroxy-3-(3'-methyl-1'-oxo-2'-butenyl)benzoate"", ""Hostmaniene; 4-Hydroxy-3-(2',3'-dihydroxy-3'-methylbutyl)benzoate"", ""4-Hydroxy-3-(3',7'-dimethylocta-2'-E-6'-dienyl)benzoic acid"", ""Methyl 4-hydroxy-3-(3'-methyl-2'-butenyl)benzoate"", '3,4,5-Trimethoxydihydrocinnamic acid', 'Methyl 2,2-dimethyl-1-oxo-2H-1-benzopyran-6-carboxylate', 'Piperaduncine B', ""Aduncumene; Methyl 2-methoxy-5-(3'-methyl-1'-oxo-2'-butenyl)benzoate"", ""Methyl 4-hydroxy-3-(3'-methyl-2'-hydroxy-3'-butenyl)benzoate"", ""4-Hydroxy-(3',7'-dimethyl-1'-oxo-octa-2'-Z-6'-dienyl)benzoic acid"", 'Hispidol A', 'Nilocetin', '3,11-dioxoolean-12-en-28- onic acid', 'Iso-odoratol', 'Pentaol', 'cryptomeridiol', 'Oleanonic acid', 'Piscidinol A', 'Chlorogenic acid methyl ester, Methyl (1S,3R,4R,5R)-3-{[(2E)-3-(3,4-dihydroxyphenyl)-2-propenoyl]oxy}-1,4,5-trihydroxycyclohexanecarboxylate', 'Methyl (3R,4R,5R)-3-{[(2Z)-3-(3,4-dihydroxyphenyl)-2-propenoyl]oxy}-1,4,5-trihydroxycyclohexanecarboxylate', 'Methyl (3R,4R,5R)-3-{[(2E)-3-(3,4-dihydroxyphenyl)-2-propenoyl]oxy}-1,4,5-trihydroxycyclohexanecarboxylate', 'β-caryophyllene, trans-caryophyllene', ""Sakuranetin; 5,4'-dihydroxy-7-methoxyflavanone"", ""4-Hydroxy-3-(3',7'-dimethyl-3'-hydroxy-1'-oxo-6'-octenyl)benzoic acid"", ""Isosakuranetin; 5,7-dihydroxy-4'-methoxyflavanone"", ""1,4-Dihydroxy-2-(3',7'-dimethyl-1'-oxo-2'-E-6'-octadienyl)benzene"", ""4-Hydroxy-(3',7'-dimethyl-1'-oxo-octa-2'-E-6'-dienyl)benzoic acid"", '7-Methyl-sargachromenol; 2,7,8-Trimethyl-2-[(3-E,7-Z)-4,12-dimethyl-8-carboxyl-3,7,11-tridecatrienyl]-3-chromen-6-ol, β-caroteno', 'Epi-guaiacin', 'Verrucosin', 'Nectandrin B', ""3,4-dimethyl-2-(4'-hydroxy-3',5'-dimethoxyphenyl)-5-methoxy-tetrahydrofuran"", ""7,4'-Dimethoxyflavone"", '19´-(3,4-Methylenedioxyphenyl)-nonadecanoic acid', '(+)-Guaiacin', 'Sargaquinoic acid', 'Sargachromenol', ""7,4'-Dihydroxyflavone"", 'Farnisine', '21´-(3,4-Methylenedioxyphenyl)-henicosanoic acid', 'Tithonine', ""Juruenolic acid; 2-(4'-Methylpentenyl-3)-10-oxoundecan-2,6-dienoic acid"", 'Fasciculiferin', '17-(3,4-Methylenedioxyphenyl)-heptadecanoic acid', '(+)-11α-Hydroxyerythravine', '(+)-α-Hydroxyerysotrine', '(+)-Erythravine', 'Aphidicolin', 'Nitensidine D', 'Nitensidine E', 'Beauvericin', 'Anhydrofusarubin', 'β-Gardiol', 'α-Gardiol', 'Ferulic acid', 'Turbinatine', 'Harman-3-carboxylic acid', 'Cordifoline', 'Deoxycordifoline', '3,4-dehydro-strictosidine', '5α-carboxystrictosidine', '3,4-dehydrostrictosidine acid', 'Strictosidine acid', 'Taraxerol acetate', ""Isoswertisin-4'-methyl-ether-2''α-L-rhamnoside"", 'Clusifoliol', '2-Episesalatin', ""Isoswertisin-2''α1-L-rhamnoside"", 'Sesartemin', 'astilbin; Rel-(2R, 3R)-dihydroquercetin-3-O-±-L-rhamnoside', ""3',4',5',3,5,7,8-heptamethoxyflavone"", ""3,5,6,7,3',4',5'-heptamethoxyflavonol"", 'Pimara-7,15-dien-3β-ol', '(22E,24R)-ergosta-4,6,8(14),22-tetraen-3-one', 'Dimethyl terephthalate', '8-hydroxy-6-methoxy-3-methylisocoumarin', 'Ergosterol peroxide', '4-metoxi-6-[2-(metilamino)fenil]- 2H-piran-2-ona', '(3Z,5Z)-N-isobutyl-8-(30,40-methylenedioxy-phenyl)-heptadienamide', 'Pellitorine', '4,5-dihydropiperyline', ""N-[3-(6'-methoxy-3',4'-methy-lenedioxyphenyl)-2(Z)-propenoyl]pyrrolidine"", '(E)-piplartine', '8,9-dihydropiplartine; N-(12,13,14-trimethoxydihydrocinnamoyl)-Δ3-pyridin-2-one', '10,11-dihydropiperine; Δα,β-dihydropiperine', 'Piperine', '4,5-dihydropiperlonguminine; Piperlonguminine', '(Z)-piplartine; 8(Z)-N-(12,13, 14-trimethoxycinnamoyl)- 3-pyridin-2-one', 'Kaempferol-3-O-α-L-rhamnopyranosyl-(1→6)-β-D-galactopyranoside', '6-Hydroxy-rutin', 'Catechin, Ent-catechin', 'Kaempferol-3-O-D-glucopyranoside', 'Kaempferol-3-O-rutinoside', 'Quercetin-3-O-α-L-rhamnopyranosyl-(1→6)-β-D-galactopyranoside', 'Procyanidin B-3', 'Kaempferol-3-O-D-galactopyranoside', 'Kaempferol-3-O-α-L-rhamnopyranosyl-(1-6)-α-L-rhamnopyranosyl-(1-4)-β-D-glucopyranoside', '1-methoxy-3-hydroxy-3,10b-4,5a-diepoxy-8b-isobutyroyloxygermacr-11(13)-en-6a,12-olide', 'Tagitinin C', 'Methacrylic acid', 'Cusculine; 1,2,3,5,6-pentamethoxy-9-acridone', 'Cuspanine; 1-hydroxy-2,3,5,6-tetramethoxy-9-acridone', '2α,3α-Dihydroxy-urs-12-en-28-oic acid', '3-O-β-D-(6’-methyl)-glucopyranosyl-28-O-β-D-glucopyranosyl-oleanate', 'Oleanolic acid 3-sophoroside', 'Haplotusine', '5-hydroxyflavone', 'β-Sitosterol benzoate', '2-phenyl-4H-chromen-4-one', 'Sinapyl 4-O-β-D-glucopyranoside aldehyde', 'Sinapyl 4-O-β-D-glucopyranoside alcohol', 'Liriodenine', 'N-acetylnonaine', '[10]-gingerol', ""2,4-Dihydroxy-6-[(1'E,3'E)-penta-1', 3'-dienyl]-benzaldehyde"", 'scillascillin', ""2-(2'-O-trans-caffeoyl)-C-β-D-glucopyranosyl-1,3,6,7-tetrahydroxyxanthone"", 'Netzahualcoyene', 'Casearin X Dialdehyde; (2R*,4aS*,5S*,7R*,8R*,8aS*)-4,4a-Diformyl-1,2,4a,5,6,7,8,8a-octahydro-5-hydroxy-7,8-dimethyl-8-[(2Z)-3-methylpenta-2,4-dien-1-yl]naphthalen-2-yl Butanoate', 'polypodine B', 'n-Propyl gallate', ""3',4',5',5,7,8-hexamethoxyflavone"", 'Isopropyl gallate', '6β-hydroxy-7-epigardoside methyl ester', 'Tetrahydropiperyline, N-[10-(13,14-methylenedioxyphenyl)-pentanoyl]-pyrrolidine', 'Piperovatine', '2,4,6-trimethoxybenzoic acid', '1-O-(E)-caffeoyl-β-D-glucopyranoside', 'Piperol B', ""8-hydroxy-3,5,7,3',4',5'-hexamethoxyflavonol"", 'Odoratol', 'Leptomerine', '5-hydroxy-N-methylseverifoline', '19,20-Epoxycytochalasin N', 'ellagic acid 4-O-α-L-rhamnopyranoside; eschweilenol C', 'Mayoside C', 'Ourateacatechin', ""3',4',5',5,7-pentamethoxyflavone"", '2-methyl-5-pentadecylresorcinol', '3β-hydroxy-stigmast-5-en-7-one; 24-β-7-oxositosterol', '24-methylenecycloartan-3b-ol', 'Ixoside', '2β-Hydroxyzuelanin-6β-cinnamate', 'Cognatine', 'Fagaramide', '(-)-Spectalinine', '1- (5,7-dihydroxy-2,2-dimethylchroman-6-yl)-3-(2,2-dimethylchroman- 6-yl)propan-1-one', 'Canavaline', 'Di-hydrodehydrodiconiferyl alcohol', 'Quercetin', ""2-(2'-O-trans-cinnamoyl)-C-β-D-glucopyranosyl-1,3,6,7-tetrahydroxyxanthone"", 'Kokusaginine', 'Ocotillone', 'des-N-methylnoracronycine', 'Sorbifolin 6-O-β-glucopyranoside', 'Rel-2α-hydroxyzuelanin-6β-benzoate', '2,6-di-O-acetylcasearupestrin D', ""Methyl-2,2-dimethyl-8-(3'-methylbut-2'-enyl)chroman-6-carboxylate"", '2,7-Di-O-acetylcasearupestrin A', 'Nitensidine B', 'Nitensidine A', 'Kaempferol 3-O-α-L-rhamnopyranosyl (1→6)-O-[β -D-glucopyranosyl (1→3)-O-α-L-rhamnopyranosyl-(1→2)]-O-β -D-glucopyranosyl', '3β-O-[α-L-rhamnopyranosyl-(1→2)-O-β-D-glucopyranosyl-(1→2)-O-β-D-glucopyranosyl]-28-O-β-D-glucopyranoside pomolate', 'Dibenzyl tetrasulphide', ""2',5-dihydroxy-3-methoxy-8-dimethylallyl-6, 7-(2' ',2''-dimethylpyrano)-dihydroflavonol"", '1-methyl-2-n-nonyl-4-quinolone', '5-[8(Z),11(Z),14-pentadecatrienyl]resorcinol', 'Gallic acid; 3,4,5-trihydroxybenzoic acid', 'Homoegonol', '[8]-gingerol', '4-Hydroxymellein', '5-hydroxymellein', 'fraxinellonone', 'Dibenzyl sulphide', '(-) Cis-4-hydroxy-6-deoxyscytalone', 'Plumericin', '5-[8(Z),11(Z)-pentadecadienyl]resorcinol', '1-[3-(3,7-dimethylocta-2,6-dien-1-yl)-2,4,6- trihydroxyphenyl]-3-(4-hydroxyphenyl)propan-1-one', '6α-malonyloxymanoyl oxide', 'Benzylhydroxymethyl sulphide', '1,6-di-O-caffeoyl-β-D-glucopyranoside', '2-methyl-5-[8(Z),11(Z),14-pentadecatrienyl]resorcinol', 'Netzahualcoyondiol', 'Maculosidine', 'Podocarpusflavone A', 'Casearupestrin C', '6α-malonyloxy-n-butyl ester manoyl oxide', 'citrusinine-I', 'Ricinine', 'Leptophyllin A', '5-pentadecylresorcinol', '19,20-Epoxycytochalasin D', 'fumiquinozoline F', ""5-[3''-(β-D-glucopyranosyloxy)propyl]-7-methoxy-2-(3',4'-dimethoxyphenyl)benzofuran"", '3,12-Dihydroxycadalene', '7-hydroxy-3- (11-dimethylallyl)-8-methoxycoumarin', ""N-[7-(3',4'-methylenedioxyphenyl)-2(Z),4(Z)-heptadienoyl]pyrrolidine"", ""Acteoside; [β-3,4-dihydroxyphenyl)-ethyl]-(3'-O-α-L-rhamnopyranosyl)-(4'-O-cafeoyl)-β-D-glycopyranoside, verbascoside"", '20-hydroxyecdysone; polypodine A', '3-Acetyl aleuritolic acid', 'Alkenoic acid', 'Quercetin 3-O-α-L-rhamnopyranosyl (1→6)-O-[β -D-glucopyranosyl (1→3)-O-α-L-rhamnopyranosyl-(1→2)]-O-β -D-glucopyranosyl', '2-n-nonyl-4-quinolone', 'Cytochalasin D', 'Isoorientin', 'urauchimycin A', 'p-Coumaric acid', '(-)-Epigallocatechin', 'Netzahualcoyonol', 'Casearupestrin B', 'toonacilin', 'Uracil', '1-O-(E)-feruloyl-β-D-glucopyranoside', '19,20-Epoxycytochalasin C', 'n-Pentyl gallate', 'Orcinol', 'Periconicin B', 'Phomopsilactone', ""(2S)-8-Isopentyl-2-methyl-2-(4'-methylpentyl)chroman-6-carboxylic acid"", '2,2-dimethyl-2H-chromene-6-carboxylic acid', '1,2-dihydro- 3β-hydroxy-7-deacetoxy-7-oxogedunin', 'Pristimerin; 20α-3-hydroxy-2-oxo-24-nor-friedela-1-10,3,5,7-tetraen-carboxylic acid-29-methylester', '3,4,5-trimethoxyphenyl 1-O-β-D-apiofuranosyl-(1→6)-O-β-D-glucopyranoside', 'β-photogedunin', 'n-Butyl gallate', ""2-(R)-Methyl-6-(S)-(tetradecyl-13'-one)-3(R)-O-tert-butyldimethylsilyl-piperidine"", ""5-[3''-(β-D-glucopyranosyloxy)propyl]-7-methoxy-2-(3',4'-methylenedioxyphenyl)benzofuran"", '28-O-β-D-glucopyranosyl quinovic acid', '2-Methyl-4-hydroxy-butyl caffeoate', 'N-1,N-2,N-3-Triisopentenylguanidine', 'Dibenzyl trisulphide', 'Maytenin, Tingenone', 'urauchimycin B', 'Quercitrin, 3-O-α-rhamnosylquercetin', 'Caseobliquin A', 'Methyl angolensate', ""5-(3'' -Hydroxypropyl)-7-methoxy-2-(3',4' -methyl-enedioxyphenyl)benzofuran"", '22β-hydroxypristimerin', 'Heveaflavone', 'Arboreumine', '3-Oxoursolic acid', '3,11,12-Trihydroxycadalene', 'Quercetin 3-O-sophoroside', '(3R,4R)-3,4-Dihydro-4,6-dihydroxy-3-methyl-1-oxo-1H-isochromene-5-carboxylic acid', '24-methylene-3,22-dihydroxycholesterol', 'amorphispironone', 'Photogedunin', 'Casearin X; (1R*,3S*,5S*,6aR*,7S*,8S*,10R*,10aR*)-1-(Acetyloxy)-3,5,6,6a,7,8,9,10-octahydro-10-hydroxy-7,8-dimethyl-7-[(2Z)-3-methylpenta-2,4-dien-1-yl]naphtho[1,8a-c]furan-3,5-diyl Dibutanoate', 'Skimmianine', 'p-hydroxybenzoic acid-geranyl ester', 'Dibenzyl disulphide', 'Proanthocyanidin', 'neoisoastilbin', '(R)-7-Hydroxymellein', '6α-acetoxymanoyl oxide', 'Methyl-8-hydroxy-2,2-dimethylchroman-6-carboxylate', '6α-acetoxy-14β,15β-epoxyazadirone', 'Nitensidine C', 'Dipropyl disulphide', '2-methyl-5-[8(Z),11(Z)-pentadecadienyl]resorcinol', 'Methyl 6,7,8-trimethoxydihydrocinnamate', '2-Hexyl-3-methyl-butanodioic acid', 'fraxinellone', '6-[ 8(Z),11(Z) -pentadecadienyl] salicylic acid', '(2S)-Methyl-2-methyl-8-(3""-methylbut-2""-enyl)-2-(4\'-methylpent-3\'-enyl)-2H-chromene-6-carboxylate', 'Casearin T', 'Piperyline, N-[10-(13,14-methylenedioxyphenyl)-7(E),9(E)-pentadienoyl]-pyrrolidine', 'ω-fenil alcanoic acid', '2-butyl-D-fructofuranoside', ""Gaudichaudianic acid; (2S)-2-methyl-2-(4'methyl-3'-pentenyl)-8-(3''-methyl-2-butenyl)- 2H-1-benzopyran-6-carboxylic acid"", 'limonexic acid', 'Pedalitin', 'Di(benzyltrithio) methane', 'Muraxanthone', 'Odoratone', 'Rel-6β-hydroxyzuelanin-2β-benzoate', 'shidasterone', '5-hydroxymethyl- 2-furancarboxaldehyde; 5-hydroxymethyl-2-furfuraldehyde', 'atalaphyllinine', 'N-[10- (13,14-methylenedioxyphenyl)-7(E)-pentaenoyl]-pyrrolidine', '2-Methyl-5-methoxy-benzopyran-4-one', 'Casearupestrin D', 'Chaetoglobosin B', ""2-(2'-O-benzoyl)-C-β-D-glucopyranosyl-1,3,6,7-tetrahydroxyxanthone"", 'Isoplumericin', 'α-L-xylopyranosyl-(4""→20)-(3-O-β-D-glucopyranosyl)-1\'-O-E-caffeoyl-β-D-glucopyranoside', 'epoxy-fraxinellone', '12′-hydroxy-7′-multijuguinone', 'Kaempferitrin', 'Casearin L; (1R*,3S*,5S*,6aR*,7R*,8R*,9S*,10S*,10aR*)-1,10-Bis(acetyloxy)-3,5,6,6a,7,8,9,10-octahydro-9-hydroxy-5-methoxy-7,8-dimethyl-7-[(2Z)-3-methylpenta-2,4-dien-1-yl]naphtho[1,8a-c]-furan-3-yl Butanoate', 'Platydesmine', 'Leiokinine A', 'Cabraleadiol', 'schaftoside', ""(2S)-Methyl-8-isopentyl-2-methyl-2-(4'-methylpentyl)chroman-6-carboxylate"", '3,4,5-Triacetoxybenzoic acid', 'Casearupestrin A', '6-[8(Z)-pentadecenyl]salicylic acid', '(2S)-2-methyl-8-(3""-methylbut-2""-enyl)-2-(4\'-methylpent-3\'-enyl)-2H-chromene-6-carboxylic acid', 'Burchellin', '5-[8(Z)-pentadecenyl]resorcinol', 'Luteolin; 2-(3,4-dihydroxyphenyl)-5,7-dihydroxy-4H-chromen-4-one', 'Sinapic acid', '19,20-Epoxycytochalasin Q', '19,20-Epoxycytochalasin R', '11β-acetoxyobacunone', '1-(5,7-dihydroxy-2,2-dimethylchroman- 6-yl)-3-[4-hydroxy-3-(3-methylbut-2-en-1-yl)- phenyl]propan-1-one', '(3R,4R)-4,7-Dihydroxymellein', ""Nitensoside B; Pedalitin 6-O-α-rhamnopyranosyl(1'''→6'')-β-glucopyranoside"", 'Amentoflavone', 'Methyl gallate', '3-O-β-D-quinovopyranosyl cincholic acid', 'Afzelin, 3-O-α-rhamnosyl kaempferol', 'Egonol', '4-Nerolidilcatechol', ""2-(2'-O-transcoumaroyl)-C-β-D-glucopyranosyl-1,3,6,7-tetrahydroxyxanthone"", '3,4-dihydroxybenzoic acid geranyl ester', 'N-[10-(13,14-methylenedioxyphenyl)-7(E),9(Z)-pentadienoyl]-pyrrolidine', 'Gedunin', 'Pedalin, pedalitin 6-O-β -glucopyranoside', 'Caseargrewiin F; (1R*,3S*,5S*,6aR*,7S*,8R*,10R*,10aR*)-1,3-Bis(acetyloxy)-3,5,6,6a,7,8,9,10-octahydro-10-hydroxy-7,8-dimethyl-7-[(2Z)-3-methylpenta-2,4-dien-1-yl]naphtho[1,8a-c]furan-5-yl Butanoate', '1-(5,7-dihydroxy-2,2-dimethylchroman-6-yl)-3-(1,1,4a-trimethyl-2,3,4,4a,9a-hexahydro-1H-xanthen-7-yl)propan-1-one', 'Methyl (E)-6,7,8-trimethoxycinnamate', '3,4,5-Trimethoxyphenyl-1-O-β-D-(5-O-syringoyl)-apiofuranosyl-(1→6)-β-D-glucopyranoside', '6-[8(Z),11(Z),14-pentadecatrienyl]salicylic acid', 'Sorbifolin', ""Nitensoside A; Sorbifolin 6-O-α-rhamnopyranosyl(1'''→6'')-β-glucopyranoside"", 'Casearin O; (1R*,3S*,5S*,6aR*,7R*,8R*,9S*,10S*,10aR*)-1,10-Bis(acetyloxy)-5-methoxy-7,8-dimethyl-7-[(2Z)-3-methylpenta-2,4-dien-1-yl]-3,5,6,6a,7,8,9,10-octahydronaphtho[1,8a-c]furan-3,9-diyl Dibutanoate', 'germacrene D', '6-pentadecylsalicylic acid', 'Methyl-2,2-dimethylchroman-6-carboxylate', ""Myrsinoic acid A, 3-Geranyl-4-hydroxy-5-(3'',3''-dimethylallyl)benzoic acid"", '2-oxo-piperol B; (7S*, 8R*, 1R*, 3R*)-3,4,5-trimethoxy-3,7-cyclo-8,1-neolig-8-ene-2,4(3H)-dione', 'taxifolin', ""(2'S)-2-(propan-2'-ol)-5-hydroxy-benzopyran-4-one"", 'Rel-(+)-(7S,9R,10S)-3,9,12-trihydroxycalamenene', 'Casearin S', '20α-Hydroxymaytenin; 20-hydroxy-20-epi-tingenone', '(-)-Epigallocatechin-3-O-gallate', 'Casearin D; (1R*,3S*,5S*,6aR*,7R*,8R*,9S*,10S*,10aR*)-1-(Acetyloxy)-3,5,6,6a,7,8,9,10-octahydro-5,10-dihydroxy-7,8-dimethyl-7-[(2Z)-3-methylpenta-2,4-dien-1-yl]naphtho[1,8a-c]furan-3,9-diyl Dibutanoate', 'Rel. (+)-(7S,10S) 3,12-dihydroxycalamenene', 'carlinoside', 'Methyl-8-(ethanoyloxy)-2,2-dimethyl-2H-chromene-6-carboxylate', 'arjunolic acid', 'stachysterone', 'Ethyl 2,4-dihydroxy-5,6-dimethylbenzoate', 'Amentoflavone 7”,4”’-dimethyl ether', 'Picramnioside F', 'Lauryl gallate', 'Syringaldehyde', '22-hydroxytirucalla-7,24-diene-2,3-dione', 'Syringic acid', '(+)-3-O-feruloylcassine', '(-)-Hardwickiic acid', 'Trans-3’-methylsulphonylallyl trans-cinnamate', '(3-(2-(4-hydroxyphenyl)-2-oxoethyl)-5,6-dihydropyridin- 2(1H)-one)', 'Mangiferin', 'Salacin', 'Viburgenin', ""Pterogynoside; Kaempferol-3-O-(3''-O-4'''-methylgallate-α-L-rhamnoside)"", 'Isobutyl gallate', '7′-multijuguinone', 'Griseofulvin', ""7-Hydroxy-4',6-dimethoxyisoflavone; Afrormosin; Afromosin"", '8-methoxymellein', '(±)-Syringaresinol', 'Cyclo-(L-Pro-L-Val)', 'Acetonide of odoratol', '(−)-Grandisin', 'Chalepin', 'Chlorogenic acid', '(4R)-4,8-dihydroxy-α-tetralone', 'Kaempferol', '3-O-β-D-quinovopyranosyl quinovic acid', '2-hydroxyphenylacetic acid', '2-methyl-5-[8(Z)-pentadecenyl]resorcinol']]",doi_name
"['10.1002/ptr.1249', 'Ourateacatechin']","['10.1002/ptr.1249', ['guaiol', 'γ-eudesmol', 'Hinesol', 'α-eudesmol', 'Galioside aglicone', '11-O-trans-feruloylteucrein', 'Teucrein', 'Apodanthoside', 'Galioside', 'Verrucosin', 'Epi-guaiacin', '7-Methyl-sargachromenol; 2,7,8-Trimethyl-2-[(3-E,7-Z)-4,12-dimethyl-8-carboxyl-3,7,11-tridecatrienyl]-3-chromen-6-ol, β-caroteno', 'Nectandrin B', 'Chlorogenic acid methyl ester, Methyl (1S,3R,4R,5R)-3-{[(2E)-3-(3,4-dihydroxyphenyl)-2-propenoyl]oxy}-1,4,5-trihydroxycyclohexanecarboxylate', 'Xanthyletin', '5,7-dimethoxy-2,2-dimethyl-2H-1-benzopyran-6-propanoate', 'bis-5-hydroxyacronycine', 'Citibrasine', '2,3-dihydro-4,9-dihydroxy-2-(2-hydroxy-propan-2-yl)- 11-methoxy-10-methylfuro[3,2-b]acridin-5(10H)-one', ""2'-hydroxy-3,4,4'-trimethoxy-5',6'-(2'',2''-dimethylpyrano)-chalcone"", ""3',4'-methylenedioxy-5,5',6,7-tetramethoxyflavone"", ""3',4'-methylenedioxy-5,6,7- trimethoxyflavone"", ""3',4'-methylenedioxy-5,7-dimethoxyflavone"", '2-n-Pentylquinoline', ""2-(3',4'-methylenedioxyphenylethyl)-Quinoline"", '2-n-Propylquinoline', ""2-(1'-pentenyl)-Quinoline"", 'Mycoleptone A', '9-hydroxyeugenin', 'Mycoleptone A tetraacetate', 'Austdiol diacetate', 'Mycoleptone B', 'Austdiol', 'Eugenitin', '6-methoxyeugenin', 'Secoxyloganin', '7-Methoxydiderroside', 'Diderroside', ""6'-Acetyl-β-D-glucopyranosyldiderroside"", 'Taraxerol acetate', '3,21-Di-epi-feroniellide B', '21α,25-dimethylmelianodiol', '21β,25-dimethylmelianodiol', 'Stearic acid 4-pentoyloxyphenethyl ester', 'astilbin; Rel-(2R, 3R)-dihydroquercetin-3-O-±-L-rhamnoside', ""Methyl 4-hydroxy-3-(3'-methyl-2'-hydroxy-3'-butenyl)benzoate"", ""Aduncumene; Methyl 2-methoxy-5-(3'-methyl-1'-oxo-2'-butenyl)benzoate"", ""4-Hydroxy-(3',7'-dimethyl-1'-oxo-octa-2'-Z-6'-dienyl)benzoic acid"", ""2',6'-Dihydroxy-4'-methoxydihydrochalcone"", ""Hostmaniene; 4-Hydroxy-3-(2',3'-dihydroxy-3'-methylbutyl)benzoate"", ""4-Hydroxy-3-(3',7'-dimethylocta-2'-E-6'-dienyl)benzoic acid"", ""Methyl taboganate; Methyl 4-hydroxy-3-(3'-methyl-1'-oxo-2'-butenyl)benzoate"", 'Methyl 2,2-dimethyl-1-oxo-2H-1-benzopyran-6-carboxylate', '3,4,5-Trimethoxydihydrocinnamic acid', 'Piperaduncine B', ""Methyl 4-hydroxy-3-(3'-methyl-2'-butenyl)benzoate"", '(+)-α-Hydroxyerysotrine', '(+)-11α-Hydroxyerythravine', '(+)-Erythravine', '2-Episesalatin', ""Isoswertisin-4'-methyl-ether-2''α-L-rhamnoside"", 'Clusifoliol', ""Isoswertisin-2''α1-L-rhamnoside"", 'Sesartemin', '(-)-3-O-acetyl-spectaline', 'cyclo (L)-Pro-Gly', 'Methacrylic acid', ""3,4-dimethyl-2-(4'-hydroxy-3',5'-dimethoxyphenyl)-5-methoxy-tetrahydrofuran"", ""3-(3',7 '-dimethyl-2',6 '-octadienyl)-4-methoxy-benzoic acid"", 'Methyl-8-hydroxy-2,2-dimethyl-2H-chromene-6-carboxylate', ""4-Methoxy-3-(3',7'-dimethylocta-2'-E-6'-dienyl)benzoic acid"", 'Catechin, Ent-catechin', 'Kaempferol-3-O-α-L-rhamnopyranosyl-(1-6)-α-L-rhamnopyranosyl-(1-4)-β-D-glucopyranoside', '6-Hydroxy-rutin', 'Procyanidin B-3', 'Kaempferol-3-O-α-L-rhamnopyranosyl-(1→6)-β-D-galactopyranoside', 'Kaempferol-3-O-rutinoside', 'Kaempferol-3-O-D-glucopyranoside', 'Quercetin-3-O-α-L-rhamnopyranosyl-(1→6)-β-D-galactopyranoside', 'Kaempferol-3-O-D-galactopyranoside', 'Beauvericin', 'Anhydrofusarubin', 'Piscidinol A', 'Pentaol', 'Oleanonic acid', '3,11-dioxoolean-12-en-28- onic acid', 'Iso-odoratol', 'cryptomeridiol', 'Hispidol A', 'Nilocetin', ""4-Hydroxy-3-(3',7'-dimethyl-3'-hydroxy-1'-oxo-6'-octenyl)benzoic acid"", ""4-Hydroxy-(3',7'-dimethyl-1'-oxo-octa-2'-E-6'-dienyl)benzoic acid"", ""Sakuranetin; 5,4'-dihydroxy-7-methoxyflavanone"", ""Isosakuranetin; 5,7-dihydroxy-4'-methoxyflavanone"", ""1,4-Dihydroxy-2-(3',7'-dimethyl-1'-oxo-2'-E-6'-octadienyl)benzene"", 'Isopimpinellin', ""Juruenolic acid; 2-(4'-Methylpentenyl-3)-10-oxoundecan-2,6-dienoic acid"", 'Fasciculiferin', '(+)-Guaiacin', 'Tithonine', '19´-(3,4-Methylenedioxyphenyl)-nonadecanoic acid', 'Sargachromenol', 'Farnisine', ""7,4'-Dihydroxyflavone"", '21´-(3,4-Methylenedioxyphenyl)-henicosanoic acid', ""7,4'-Dimethoxyflavone"", 'Sargaquinoic acid', '17-(3,4-Methylenedioxyphenyl)-heptadecanoic acid', ""Rel-(7R,8S,7'S,8'S)-4,5,4',5'-dimethylenedioxy-3,3'-dimethoxy-7,7'-epoxylignan"", ""Rel-(7R,8S,7'S,8'S)-4'-hydroxy-3,4,5,3',5'-pentamethoxy-7,7'-epoxylignan"", ""Rel-(7R,8S,7'S,8'S)-4-hydroxy-4',5'-methylenedioxy-3,5,3'-trimethoxy-7,7'-epoxylignan"", ""Rel-(7R,8S,7'S,8'S)-4',5'-methylenedioxy-3,4,5,3'-tetramethoxy-7,7'-epoxylignan"", ""Rel-(7R,8S,7'S,8'S)-9-hydroxy-4',5'-methylenedioxy-3,4,5,3'-tetramethoxy-7,7'-epoxylignan"", '2α,3α,19α- trihydroxyurs-12-en-28-oic acid', '3,3-O-dimethylquercetin', 'penduletin 4-O-methyl ether', 'acacetin', 'Chrysoeriol', '3-O-methylquercetin', '3,7,4-O-trimethylkaempferol', '2α,3α-dihydroxyolean-12- en-28-oic acid', 'p-hydroxybenzoic acid', '1-methoxy-3-hydroxy-3,10b-4,5a-diepoxy-8b-isobutyroyloxygermacr-11(13)-en-6a,12-olide', 'Tagitinin C', 'Nitensidine E', 'Nitensidine D', ""3,5,6,7,3',4',5'-heptamethoxyflavonol"", ""3',4',5',3,5,7,8-heptamethoxyflavone"", 'Strictosidine acid', 'Cordifoline', 'Harman-3-carboxylic acid', '3,4-dehydro-strictosidine', '3,4-dehydrostrictosidine acid', 'Turbinatine', '5α-carboxystrictosidine', 'Deoxycordifoline', '4-metoxi-6-[2-(metilamino)fenil]- 2H-piran-2-ona', 'Pyranofoline', 'Glycocitrine-I', 'Citrusinine-I', 'Citrusinine-II', '1,3,5-trihydroxy- 2,8-bis(3-methylbut-2-enyl)-10-methyl-9-acridone', 'Glycocitrine-IV', '3,4-dihydro-3,5,8-trihydroxy-6-methoxy-2,2,7-trimethyl-2Hpyrano[ 2,3-a]acridin-12(7H)-one', '1,3,5-trihydroxy-4-methoxy-10-methyl- 2,8-bis(3-methylbut-2-enyl)acridin-9(10H)-one', '5-hydroxynoracronycine; Atalaphyllidine', 'β-Gardiol', 'Ferulic acid', 'α-Gardiol', 'Aphidicolin', 'β-caryophyllene, trans-caryophyllene', '5,7-dimethoxy-2,2-dimethyl-2H-1-benzopyran-6-propanoic acid', 'Methyl (3R,4R,5R)-3-{[(2Z)-3-(3,4-dihydroxyphenyl)-2-propenoyl]oxy}-1,4,5-trihydroxycyclohexanecarboxylate', 'Methyl (3R,4R,5R)-3-{[(2E)-3-(3,4-dihydroxyphenyl)-2-propenoyl]oxy}-1,4,5-trihydroxycyclohexanecarboxylate', 'Pimara-7,15-dien-3β-ol', '8-hydroxy-6-methoxy-3-methylisocoumarin', 'Dimethyl terephthalate', '(22E,24R)-ergosta-4,6,8(14),22-tetraen-3-one', 'Ergosterol peroxide', '8,9-dihydropiplartine; N-(12,13,14-trimethoxydihydrocinnamoyl)-Δ3-pyridin-2-one', 'Piperine', '4,5-dihydropiperlonguminine; Piperlonguminine', '(Z)-piplartine; 8(Z)-N-(12,13, 14-trimethoxycinnamoyl)- 3-pyridin-2-one', ""N-[3-(6'-methoxy-3',4'-methy-lenedioxyphenyl)-2(Z)-propenoyl]pyrrolidine"", '10,11-dihydropiperine; Δα,β-dihydropiperine', '4,5-dihydropiperyline', '(E)-piplartine', '(3Z,5Z)-N-isobutyl-8-(30,40-methylenedioxy-phenyl)-heptadienamide', 'Pellitorine', 'Cusculine; 1,2,3,5,6-pentamethoxy-9-acridone', 'Cuspanine; 1-hydroxy-2,3,5,6-tetramethoxy-9-acridone', '2α,3α-Dihydroxy-urs-12-en-28-oic acid', 'Oleanolic acid 3-sophoroside', '3-O-β-D-(6’-methyl)-glucopyranosyl-28-O-β-D-glucopyranosyl-oleanate', 'Haplotusine', '5-hydroxyflavone', 'β-Sitosterol benzoate', '2-phenyl-4H-chromen-4-one', 'Sinapyl 4-O-β-D-glucopyranoside aldehyde', 'Sinapyl 4-O-β-D-glucopyranoside alcohol', 'N-acetylnonaine', 'Liriodenine', 'Nitensidine A', ""2,4-Dihydroxy-6-[(1'E,3'E)-penta-1', 3'-dienyl]-benzaldehyde"", ""8-hydroxy-3,5,7,3',4',5'-hexamethoxyflavonol"", '2-methyl-5-[8(Z)-pentadecenyl]resorcinol', '2-hydroxyphenylacetic acid', '3-O-β-D-quinovopyranosyl quinovic acid', 'Odoratol', 'Leptomerine', 'Kaempferol', ""5-[3''-(β-D-glucopyranosyloxy)propyl]-7-methoxy-2-(3',4'-methylenedioxyphenyl)benzofuran"", '28-O-β-D-glucopyranosyl quinovic acid', '2-Methyl-4-hydroxy-butyl caffeoate', 'N-1,N-2,N-3-Triisopentenylguanidine', 'Dibenzyl trisulphide', 'Maytenin, Tingenone', 'urauchimycin B', '5-hydroxy-N-methylseverifoline', '19,20-Epoxycytochalasin N', 'ellagic acid 4-O-α-L-rhamnopyranoside; eschweilenol C', 'Viburgenin', 'Mayoside C', 'Ourateacatechin', ""3',4',5',5,7-pentamethoxyflavone"", '2-methyl-5-pentadecylresorcinol', '3β-hydroxy-stigmast-5-en-7-one; 24-β-7-oxositosterol', 'scillascillin', '(4R)-4,8-dihydroxy-α-tetralone', '[10]-gingerol', '(-)-Hardwickiic acid', 'Acetonide of odoratol', '(−)-Grandisin', '24-methylenecycloartan-3b-ol', '7-hydroxy-3- (11-dimethylallyl)-8-methoxycoumarin', ""N-[7-(3',4'-methylenedioxyphenyl)-2(Z),4(Z)-heptadienoyl]pyrrolidine"", 'Ocotillone', 'des-N-methylnoracronycine', 'Sorbifolin 6-O-β-glucopyranoside', 'Rel-2α-hydroxyzuelanin-6β-benzoate', '2,6-di-O-acetylcasearupestrin D', ""Methyl-2,2-dimethyl-8-(3'-methylbut-2'-enyl)chroman-6-carboxylate"", '2,7-Di-O-acetylcasearupestrin A', 'Nitensidine B', '1-methyl-2-n-nonyl-4-quinolone', '5-[8(Z),11(Z),14-pentadecatrienyl]resorcinol', 'Gallic acid; 3,4,5-trihydroxybenzoic acid', 'Quercitrin, 3-O-α-rhamnosylquercetin', 'Maculosidine', 'Podocarpusflavone A', '(-)-Epigallocatechin', 'Netzahualcoyonol', '1-[3-(3,7-dimethylocta-2,6-dien-1-yl)-2,4,6- trihydroxyphenyl]-3-(4-hydroxyphenyl)propan-1-one', '6α-malonyloxymanoyl oxide', 'Casearupestrin C', '6α-malonyloxy-n-butyl ester manoyl oxide', 'citrusinine-I', 'Ricinine', 'Leptophyllin A', '5-pentadecylresorcinol', 'Pristimerin; 20α-3-hydroxy-2-oxo-24-nor-friedela-1-10,3,5,7-tetraen-carboxylic acid-29-methylester', '3,4,5-trimethoxyphenyl 1-O-β-D-apiofuranosyl-(1→6)-O-β-D-glucopyranoside', 'β-photogedunin', 'n-Butyl gallate', ""5-[3''-(β-D-glucopyranosyloxy)propyl]-7-methoxy-2-(3',4'-dimethoxyphenyl)benzofuran"", '3,12-Dihydroxycadalene', '(-) Cis-4-hydroxy-6-deoxyscytalone', 'Plumericin', '5-[8(Z),11(Z)-pentadecadienyl]resorcinol', '(-)-Spectalinine', 'Netzahualcoyondiol', ""Acteoside; [β-3,4-dihydroxyphenyl)-ethyl]-(3'-O-α-L-rhamnopyranosyl)-(4'-O-cafeoyl)-β-D-glycopyranoside, verbascoside"", 'fumiquinozoline F', 'Kaempferol 3-O-α-L-rhamnopyranosyl (1→6)-O-[β -D-glucopyranosyl (1→3)-O-α-L-rhamnopyranosyl-(1→2)]-O-β -D-glucopyranosyl', '3β-O-[α-L-rhamnopyranosyl-(1→2)-O-β-D-glucopyranosyl-(1→2)-O-β-D-glucopyranosyl]-28-O-β-D-glucopyranoside pomolate', 'Dibenzyl tetrasulphide', ""2',5-dihydroxy-3-methoxy-8-dimethylallyl-6, 7-(2' ',2''-dimethylpyrano)-dihydroflavonol"", '2-n-nonyl-4-quinolone', 'Cytochalasin D', 'Isoorientin', 'urauchimycin A', 'p-Coumaric acid', 'Skimmianine', 'p-hydroxybenzoic acid-geranyl ester', 'Dibenzyl disulphide', 'Proanthocyanidin', 'neoisoastilbin', '(R)-7-Hydroxymellein', '6α-acetoxymanoyl oxide', ""2-(2'-O-trans-cinnamoyl)-C-β-D-glucopyranosyl-1,3,6,7-tetrahydroxyxanthone"", 'Kokusaginine', ""2-(2'-O-trans-caffeoyl)-C-β-D-glucopyranosyl-1,3,6,7-tetrahydroxyxanthone"", 'Homoegonol', '[8]-gingerol', '4-Hydroxymellein', '5-hydroxymellein', 'fraxinellonone', 'Dibenzyl sulphide', '3-Acetyl aleuritolic acid', 'Alkenoic acid', 'Quercetin 3-O-α-L-rhamnopyranosyl (1→6)-O-[β -D-glucopyranosyl (1→3)-O-α-L-rhamnopyranosyl-(1→2)]-O-β -D-glucopyranosyl', 'Heveaflavone', 'Arboreumine', '3-Oxoursolic acid', 'Casearupestrin B', 'toonacilin', 'Uracil', '19,20-Epoxycytochalasin C', 'n-Pentyl gallate', 'Orcinol', 'Benzylhydroxymethyl sulphide', '1,6-di-O-caffeoyl-β-D-glucopyranoside', '2-methyl-5-[8(Z),11(Z),14-pentadecatrienyl]resorcinol', '19,20-Epoxycytochalasin D', '6-[ 8(Z),11(Z) -pentadecadienyl] salicylic acid', 'Periconicin B', 'Phomopsilactone', ""(2S)-8-Isopentyl-2-methyl-2-(4'-methylpentyl)chroman-6-carboxylic acid"", '2,2-dimethyl-2H-chromene-6-carboxylic acid', '1,2-dihydro- 3β-hydroxy-7-deacetoxy-7-oxogedunin', 'Photogedunin', 'Casearin X; (1R*,3S*,5S*,6aR*,7S*,8S*,10R*,10aR*)-1-(Acetyloxy)-3,5,6,6a,7,8,9,10-octahydro-10-hydroxy-7,8-dimethyl-7-[(2Z)-3-methylpenta-2,4-dien-1-yl]naphtho[1,8a-c]furan-3,5-diyl Dibutanoate', '20-hydroxyecdysone; polypodine A', ""2-(R)-Methyl-6-(S)-(tetradecyl-13'-one)-3(R)-O-tert-butyldimethylsilyl-piperidine"", '(2S)-Methyl-2-methyl-8-(3""-methylbut-2""-enyl)-2-(4\'-methylpent-3\'-enyl)-2H-chromene-6-carboxylate', 'Casearin T', 'Piperyline, N-[10-(13,14-methylenedioxyphenyl)-7(E),9(E)-pentadienoyl]-pyrrolidine', 'ω-fenil alcanoic acid', 'Methyl-8-hydroxy-2,2-dimethylchroman-6-carboxylate', '6α-acetoxy-14β,15β-epoxyazadirone', 'α-L-xylopyranosyl-(4""→20)-(3-O-β-D-glucopyranosyl)-1\'-O-E-caffeoyl-β-D-glucopyranoside', '6-[8(Z)-pentadecenyl]salicylic acid', '2-butyl-D-fructofuranoside', ""Gaudichaudianic acid; (2S)-2-methyl-2-(4'methyl-3'-pentenyl)-8-(3''-methyl-2-butenyl)- 2H-1-benzopyran-6-carboxylic acid"", 'limonexic acid', 'Pedalitin', '1-O-(E)-feruloyl-β-D-glucopyranoside', 'epoxy-fraxinellone', '12′-hydroxy-7′-multijuguinone', 'Kaempferitrin', 'Nitensidine C', 'Dipropyl disulphide', '2-methyl-5-[8(Z),11(Z)-pentadecadienyl]resorcinol', 'Methyl 6,7,8-trimethoxydihydrocinnamate', '2-Hexyl-3-methyl-butanodioic acid', 'fraxinellone', ""5-(3'' -Hydroxypropyl)-7-methoxy-2-(3',4' -methyl-enedioxyphenyl)benzofuran"", '22β-hydroxypristimerin', '1- (5,7-dihydroxy-2,2-dimethylchroman-6-yl)-3-(2,2-dimethylchroman- 6-yl)propan-1-one', 'Canavaline', 'Di-hydrodehydrodiconiferyl alcohol', 'Quercetin', 'Casearupestrin A', '3,11,12-Trihydroxycadalene', 'Quercetin 3-O-sophoroside', '(3R,4R)-3,4-Dihydro-4,6-dihydroxy-3-methyl-1-oxo-1H-isochromene-5-carboxylic acid', '24-methylene-3,22-dihydroxycholesterol', 'amorphispironone', 'Casearupestrin D', 'Chaetoglobosin B', ""2-(2'-O-benzoyl)-C-β-D-glucopyranosyl-1,3,6,7-tetrahydroxyxanthone"", 'Isoplumericin', '19,20-Epoxycytochalasin Q', '19,20-Epoxycytochalasin R', 'Muraxanthone', 'Di(benzyltrithio) methane', 'Odoratone', 'Rel-6β-hydroxyzuelanin-2β-benzoate', 'shidasterone', '5-hydroxymethyl- 2-furancarboxaldehyde; 5-hydroxymethyl-2-furfuraldehyde', '6β-hydroxy-7-epigardoside methyl ester', 'Tetrahydropiperyline, N-[10-(13,14-methylenedioxyphenyl)-pentanoyl]-pyrrolidine', 'Piperovatine', '2,4,6-trimethoxybenzoic acid', '1-O-(E)-caffeoyl-β-D-glucopyranoside', 'Piperol B', 'Caseobliquin A', 'Methyl angolensate', 'N-[10- (13,14-methylenedioxyphenyl)-7(E)-pentaenoyl]-pyrrolidine', '2-Methyl-5-methoxy-benzopyran-4-one', '3,4-dihydroxybenzoic acid geranyl ester', 'N-[10-(13,14-methylenedioxyphenyl)-7(E),9(Z)-pentadienoyl]-pyrrolidine', '2-oxo-piperol B; (7S*, 8R*, 1R*, 3R*)-3,4,5-trimethoxy-3,7-cyclo-8,1-neolig-8-ene-2,4(3H)-dione', 'taxifolin', ""(2'S)-2-(propan-2'-ol)-5-hydroxy-benzopyran-4-one"", 'Rel-(+)-(7S,9R,10S)-3,9,12-trihydroxycalamenene', 'Casearin S', '11β-acetoxyobacunone', '1-(5,7-dihydroxy-2,2-dimethylchroman- 6-yl)-3-[4-hydroxy-3-(3-methylbut-2-en-1-yl)- phenyl]propan-1-one', '(2S)-2-methyl-8-(3""-methylbut-2""-enyl)-2-(4\'-methylpent-3\'-enyl)-2H-chromene-6-carboxylic acid', 'Burchellin', '5-[8(Z)-pentadecenyl]resorcinol', 'Luteolin; 2-(3,4-dihydroxyphenyl)-5,7-dihydroxy-4H-chromen-4-one', 'Sinapic acid', ""Nitensoside B; Pedalitin 6-O-α-rhamnopyranosyl(1'''→6'')-β-glucopyranoside"", 'Amentoflavone', '1-(5,7-dihydroxy-2,2-dimethylchroman-6-yl)-3-(1,1,4a-trimethyl-2,3,4,4a,9a-hexahydro-1H-xanthen-7-yl)propan-1-one', 'Gedunin', 'Pedalin, pedalitin 6-O-β -glucopyranoside', 'Caseargrewiin F; (1R*,3S*,5S*,6aR*,7S*,8R*,10R*,10aR*)-1,3-Bis(acetyloxy)-3,5,6,6a,7,8,9,10-octahydro-10-hydroxy-7,8-dimethyl-7-[(2Z)-3-methylpenta-2,4-dien-1-yl]naphtho[1,8a-c]furan-5-yl Butanoate', 'Casearin L; (1R*,3S*,5S*,6aR*,7R*,8R*,9S*,10S*,10aR*)-1,10-Bis(acetyloxy)-3,5,6,6a,7,8,9,10-octahydro-9-hydroxy-5-methoxy-7,8-dimethyl-7-[(2Z)-3-methylpenta-2,4-dien-1-yl]naphtho[1,8a-c]-furan-3-yl Butanoate', 'Platydesmine', 'Leiokinine A', 'Cabraleadiol', 'schaftoside', ""(2S)-Methyl-8-isopentyl-2-methyl-2-(4'-methylpentyl)chroman-6-carboxylate"", '3,4,5-Triacetoxybenzoic acid', 'Methyl gallate', '3-O-β-D-quinovopyranosyl cincholic acid', 'atalaphyllinine', 'Lauryl gallate', 'Syringaldehyde', 'Afzelin, 3-O-α-rhamnosyl kaempferol', 'Egonol', '4-Nerolidilcatechol', ""2-(2'-O-transcoumaroyl)-C-β-D-glucopyranosyl-1,3,6,7-tetrahydroxyxanthone"", 'Syringic acid', '(+)-3-O-feruloylcassine', 'Methyl (E)-6,7,8-trimethoxycinnamate', '3,4,5-Trimethoxyphenyl-1-O-β-D-(5-O-syringoyl)-apiofuranosyl-(1→6)-β-D-glucopyranoside', '6-[8(Z),11(Z),14-pentadecatrienyl]salicylic acid', 'Sorbifolin', ""Nitensoside A; Sorbifolin 6-O-α-rhamnopyranosyl(1'''→6'')-β-glucopyranoside"", 'Casearin O; (1R*,3S*,5S*,6aR*,7R*,8R*,9S*,10S*,10aR*)-1,10-Bis(acetyloxy)-5-methoxy-7,8-dimethyl-7-[(2Z)-3-methylpenta-2,4-dien-1-yl]-3,5,6,6a,7,8,9,10-octahydronaphtho[1,8a-c]furan-3,9-diyl Dibutanoate', 'germacrene D', '(3R,4R)-4,7-Dihydroxymellein', ""7-Hydroxy-4',6-dimethoxyisoflavone; Afrormosin; Afromosin"", '8-methoxymellein', '(±)-Syringaresinol', 'Cyclo-(L-Pro-L-Val)', 'Methyl-2,2-dimethylchroman-6-carboxylate', ""Myrsinoic acid A, 3-Geranyl-4-hydroxy-5-(3'',3''-dimethylallyl)benzoic acid"", '20α-Hydroxymaytenin; 20-hydroxy-20-epi-tingenone', '(-)-Epigallocatechin-3-O-gallate', 'Casearin D; (1R*,3S*,5S*,6aR*,7R*,8R*,9S*,10S*,10aR*)-1-(Acetyloxy)-3,5,6,6a,7,8,9,10-octahydro-5,10-dihydroxy-7,8-dimethyl-7-[(2Z)-3-methylpenta-2,4-dien-1-yl]naphtho[1,8a-c]furan-3,9-diyl Dibutanoate', 'Rel. (+)-(7S,10S) 3,12-dihydroxycalamenene', 'carlinoside', 'Methyl-8-(ethanoyloxy)-2,2-dimethyl-2H-chromene-6-carboxylate', 'stachysterone', 'Ethyl 2,4-dihydroxy-5,6-dimethylbenzoate', 'Amentoflavone 7”,4”’-dimethyl ether', 'Picramnioside F', 'Netzahualcoyene', 'Casearin X Dialdehyde; (2R*,4aS*,5S*,7R*,8R*,8aS*)-4,4a-Diformyl-1,2,4a,5,6,7,8,8a-octahydro-5-hydroxy-7,8-dimethyl-8-[(2Z)-3-methylpenta-2,4-dien-1-yl]naphthalen-2-yl Butanoate', 'polypodine B', 'n-Propyl gallate', ""3',4',5',5,7,8-hexamethoxyflavone"", 'Isopropyl gallate', '22-hydroxytirucalla-7,24-diene-2,3-dione', 'Trans-3’-methylsulphonylallyl trans-cinnamate', '(3-(2-(4-hydroxyphenyl)-2-oxoethyl)-5,6-dihydropyridin- 2(1H)-one)', 'Mangiferin', 'Salacin', '6-pentadecylsalicylic acid', ""Pterogynoside; Kaempferol-3-O-(3''-O-4'''-methylgallate-α-L-rhamnoside)"", 'Isobutyl gallate', '7′-multijuguinone', 'Griseofulvin', 'Ixoside', '2β-Hydroxyzuelanin-6β-cinnamate', 'arjunolic acid', 'Cognatine', 'Fagaramide', 'Chalepin', 'Chlorogenic acid']]",doi_name
"['10.1248/bpb.31.538', '(2S)-Methyl-2-methyl-8-(3""-methylbut-2""-enyl)-2-(4\'-methylpent-3\'-enyl)-2H-chromene-6-carboxylate']","['10.1248/bpb.31.538', ['guaiol', 'γ-eudesmol', 'Hinesol', 'α-eudesmol', '11-O-trans-feruloylteucrein', 'Teucrein', 'Galioside aglicone', 'Apodanthoside', 'Galioside', '2,3-dihydro-4,9-dihydroxy-2-(2-hydroxy-propan-2-yl)- 11-methoxy-10-methylfuro[3,2-b]acridin-5(10H)-one', 'bis-5-hydroxyacronycine', 'Citibrasine', 'Chlorogenic acid methyl ester, Methyl (1S,3R,4R,5R)-3-{[(2E)-3-(3,4-dihydroxyphenyl)-2-propenoyl]oxy}-1,4,5-trihydroxycyclohexanecarboxylate', '(-)-3-O-acetyl-spectaline', '5,7-dimethoxy-2,2-dimethyl-2H-1-benzopyran-6-propanoate', 'Clusifoliol', ""Isoswertisin-4'-methyl-ether-2''α-L-rhamnoside"", '2-Episesalatin', 'Sesartemin', ""Isoswertisin-2''α1-L-rhamnoside"", 'Piscidinol A', 'cryptomeridiol', '3,11-dioxoolean-12-en-28- onic acid', 'Iso-odoratol', 'Oleanonic acid', 'Pentaol', 'Nilocetin', 'Hispidol A', 'Stearic acid 4-pentoyloxyphenethyl ester', '21β,25-dimethylmelianodiol', '3,21-Di-epi-feroniellide B', '21α,25-dimethylmelianodiol', 'astilbin; Rel-(2R, 3R)-dihydroquercetin-3-O-±-L-rhamnoside', '9-hydroxyeugenin', 'Mycoleptone A', 'Mycoleptone B', 'Eugenitin', 'Austdiol diacetate', '6-methoxyeugenin', 'Austdiol', 'Mycoleptone A tetraacetate', 'Taraxerol acetate', 'Methyl (3R,4R,5R)-3-{[(2Z)-3-(3,4-dihydroxyphenyl)-2-propenoyl]oxy}-1,4,5-trihydroxycyclohexanecarboxylate', 'Methyl (3R,4R,5R)-3-{[(2E)-3-(3,4-dihydroxyphenyl)-2-propenoyl]oxy}-1,4,5-trihydroxycyclohexanecarboxylate', '3,3-O-dimethylquercetin', 'penduletin 4-O-methyl ether', '2α,3α,19α- trihydroxyurs-12-en-28-oic acid', 'p-hydroxybenzoic acid', 'Chrysoeriol', 'acacetin', '2α,3α-dihydroxyolean-12- en-28-oic acid', '3,7,4-O-trimethylkaempferol', '3-O-methylquercetin', 'Anhydrofusarubin', 'Beauvericin', ""4-Methoxy-3-(3',7'-dimethylocta-2'-E-6'-dienyl)benzoic acid"", 'Methyl-8-hydroxy-2,2-dimethyl-2H-chromene-6-carboxylate', ""3-(3',7 '-dimethyl-2',6 '-octadienyl)-4-methoxy-benzoic acid"", 'cyclo (L)-Pro-Gly', ""Methyl 4-hydroxy-3-(3'-methyl-2'-butenyl)benzoate"", 'Methyl 2,2-dimethyl-1-oxo-2H-1-benzopyran-6-carboxylate', '3,4,5-Trimethoxydihydrocinnamic acid', ""Methyl taboganate; Methyl 4-hydroxy-3-(3'-methyl-1'-oxo-2'-butenyl)benzoate"", 'Piperaduncine B', ""4-Hydroxy-3-(3',7'-dimethylocta-2'-E-6'-dienyl)benzoic acid"", ""Hostmaniene; 4-Hydroxy-3-(2',3'-dihydroxy-3'-methylbutyl)benzoate"", ""2',6'-Dihydroxy-4'-methoxydihydrochalcone"", ""Methyl 4-hydroxy-3-(3'-methyl-2'-hydroxy-3'-butenyl)benzoate"", ""Aduncumene; Methyl 2-methoxy-5-(3'-methyl-1'-oxo-2'-butenyl)benzoate"", ""4-Hydroxy-(3',7'-dimethyl-1'-oxo-octa-2'-Z-6'-dienyl)benzoic acid"", ""3,4-dimethyl-2-(4'-hydroxy-3',5'-dimethoxyphenyl)-5-methoxy-tetrahydrofuran"", 'Xanthyletin', 'Aphidicolin', '(+)-Erythravine', '(+)-α-Hydroxyerysotrine', '(+)-11α-Hydroxyerythravine', 'Secoxyloganin', '7-Methoxydiderroside', ""6'-Acetyl-β-D-glucopyranosyldiderroside"", 'Diderroside', 'Deoxycordifoline', '3,4-dehydro-strictosidine', '3,4-dehydrostrictosidine acid', 'Turbinatine', 'Cordifoline', 'Strictosidine acid', '5α-carboxystrictosidine', 'Harman-3-carboxylic acid', ""3',4'-methylenedioxy-5,6,7- trimethoxyflavone"", ""3',4'-methylenedioxy-5,5',6,7-tetramethoxyflavone"", ""2'-hydroxy-3,4,4'-trimethoxy-5',6'-(2'',2''-dimethylpyrano)-chalcone"", ""3',4'-methylenedioxy-5,7-dimethoxyflavone"", '1,3,5-trihydroxy- 2,8-bis(3-methylbut-2-enyl)-10-methyl-9-acridone', '5-hydroxynoracronycine; Atalaphyllidine', '3,4-dihydro-3,5,8-trihydroxy-6-methoxy-2,2,7-trimethyl-2Hpyrano[ 2,3-a]acridin-12(7H)-one', 'Glycocitrine-IV', 'Pyranofoline', 'Glycocitrine-I', 'Citrusinine-I', '1,3,5-trihydroxy-4-methoxy-10-methyl- 2,8-bis(3-methylbut-2-enyl)acridin-9(10H)-one', 'Citrusinine-II', ""2-(1'-pentenyl)-Quinoline"", '2-n-Pentylquinoline', '2-n-Propylquinoline', ""2-(3',4'-methylenedioxyphenylethyl)-Quinoline"", 'Nitensidine E', 'Nitensidine D', ""4-Hydroxy-3-(3',7'-dimethyl-3'-hydroxy-1'-oxo-6'-octenyl)benzoic acid"", ""Sakuranetin; 5,4'-dihydroxy-7-methoxyflavanone"", ""1,4-Dihydroxy-2-(3',7'-dimethyl-1'-oxo-2'-E-6'-octadienyl)benzene"", ""4-Hydroxy-(3',7'-dimethyl-1'-oxo-octa-2'-E-6'-dienyl)benzoic acid"", ""Isosakuranetin; 5,7-dihydroxy-4'-methoxyflavanone"", 'Nectandrin B', 'Verrucosin', 'Epi-guaiacin', '7-Methyl-sargachromenol; 2,7,8-Trimethyl-2-[(3-E,7-Z)-4,12-dimethyl-8-carboxyl-3,7,11-tridecatrienyl]-3-chromen-6-ol, β-caroteno', ""Rel-(7R,8S,7'S,8'S)-4,5,4',5'-dimethylenedioxy-3,3'-dimethoxy-7,7'-epoxylignan"", ""Rel-(7R,8S,7'S,8'S)-4'-hydroxy-3,4,5,3',5'-pentamethoxy-7,7'-epoxylignan"", ""Rel-(7R,8S,7'S,8'S)-4',5'-methylenedioxy-3,4,5,3'-tetramethoxy-7,7'-epoxylignan"", ""Rel-(7R,8S,7'S,8'S)-4-hydroxy-4',5'-methylenedioxy-3,5,3'-trimethoxy-7,7'-epoxylignan"", ""Rel-(7R,8S,7'S,8'S)-9-hydroxy-4',5'-methylenedioxy-3,4,5,3'-tetramethoxy-7,7'-epoxylignan"", 'Ergosterol peroxide', 'Dimethyl terephthalate', 'Pimara-7,15-dien-3β-ol', '8-hydroxy-6-methoxy-3-methylisocoumarin', '(22E,24R)-ergosta-4,6,8(14),22-tetraen-3-one', '4-metoxi-6-[2-(metilamino)fenil]- 2H-piran-2-ona', ""Juruenolic acid; 2-(4'-Methylpentenyl-3)-10-oxoundecan-2,6-dienoic acid"", ""7,4'-Dihydroxyflavone"", '19´-(3,4-Methylenedioxyphenyl)-nonadecanoic acid', 'Sargachromenol', 'Sargaquinoic acid', '21´-(3,4-Methylenedioxyphenyl)-henicosanoic acid', ""7,4'-Dimethoxyflavone"", 'Farnisine', 'Tithonine', 'Fasciculiferin', '(+)-Guaiacin', '17-(3,4-Methylenedioxyphenyl)-heptadecanoic acid', 'Isopimpinellin', ""3',4',5',3,5,7,8-heptamethoxyflavone"", ""3,5,6,7,3',4',5'-heptamethoxyflavonol"", 'Methacrylic acid', 'Tagitinin C', '1-methoxy-3-hydroxy-3,10b-4,5a-diepoxy-8b-isobutyroyloxygermacr-11(13)-en-6a,12-olide', '5,7-dimethoxy-2,2-dimethyl-2H-1-benzopyran-6-propanoic acid', 'Ferulic acid', 'α-Gardiol', 'β-Gardiol', 'Kaempferol-3-O-D-galactopyranoside', '6-Hydroxy-rutin', 'Kaempferol-3-O-α-L-rhamnopyranosyl-(1-6)-α-L-rhamnopyranosyl-(1-4)-β-D-glucopyranoside', 'Kaempferol-3-O-D-glucopyranoside', 'Quercetin-3-O-α-L-rhamnopyranosyl-(1→6)-β-D-galactopyranoside', 'Procyanidin B-3', 'Kaempferol-3-O-α-L-rhamnopyranosyl-(1→6)-β-D-galactopyranoside', 'Kaempferol-3-O-rutinoside', 'Catechin, Ent-catechin', 'β-caryophyllene, trans-caryophyllene', ""N-[3-(6'-methoxy-3',4'-methy-lenedioxyphenyl)-2(Z)-propenoyl]pyrrolidine"", '4,5-dihydropiperlonguminine; Piperlonguminine', '10,11-dihydropiperine; Δα,β-dihydropiperine', '8,9-dihydropiplartine; N-(12,13,14-trimethoxydihydrocinnamoyl)-Δ3-pyridin-2-one', '4,5-dihydropiperyline', '(E)-piplartine', 'Piperine', '(Z)-piplartine; 8(Z)-N-(12,13, 14-trimethoxycinnamoyl)- 3-pyridin-2-one', 'Pellitorine', '(3Z,5Z)-N-isobutyl-8-(30,40-methylenedioxy-phenyl)-heptadienamide', 'Cusculine; 1,2,3,5,6-pentamethoxy-9-acridone', 'Cuspanine; 1-hydroxy-2,3,5,6-tetramethoxy-9-acridone', '2α,3α-Dihydroxy-urs-12-en-28-oic acid', '3-O-β-D-(6’-methyl)-glucopyranosyl-28-O-β-D-glucopyranosyl-oleanate', 'Oleanolic acid 3-sophoroside', '2-phenyl-4H-chromen-4-one', '5-hydroxyflavone', 'β-Sitosterol benzoate', 'Haplotusine', 'Sinapyl 4-O-β-D-glucopyranoside aldehyde', 'N-acetylnonaine', 'Liriodenine', 'Sinapyl 4-O-β-D-glucopyranoside alcohol', '[10]-gingerol', '3β-hydroxy-stigmast-5-en-7-one; 24-β-7-oxositosterol', 'scillascillin', ""2-(2'-O-trans-caffeoyl)-C-β-D-glucopyranosyl-1,3,6,7-tetrahydroxyxanthone"", 'Netzahualcoyene', 'Casearin X Dialdehyde; (2R*,4aS*,5S*,7R*,8R*,8aS*)-4,4a-Diformyl-1,2,4a,5,6,7,8,8a-octahydro-5-hydroxy-7,8-dimethyl-8-[(2Z)-3-methylpenta-2,4-dien-1-yl]naphthalen-2-yl Butanoate', 'polypodine B', 'n-Propyl gallate', ""3',4',5',5,7,8-hexamethoxyflavone"", 'Isopropyl gallate', '6β-hydroxy-7-epigardoside methyl ester', 'Tetrahydropiperyline, N-[10-(13,14-methylenedioxyphenyl)-pentanoyl]-pyrrolidine', 'Piperovatine', '2,4,6-trimethoxybenzoic acid', '1-O-(E)-caffeoyl-β-D-glucopyranoside', 'Piperol B', ""2,4-Dihydroxy-6-[(1'E,3'E)-penta-1', 3'-dienyl]-benzaldehyde"", 'Nitensidine A', ""8-hydroxy-3,5,7,3',4',5'-hexamethoxyflavonol"", 'Odoratol', 'Leptomerine', '5-hydroxy-N-methylseverifoline', '19,20-Epoxycytochalasin N', 'ellagic acid 4-O-α-L-rhamnopyranoside; eschweilenol C', 'Mayoside C', 'Ourateacatechin', ""3',4',5',5,7-pentamethoxyflavone"", '2-methyl-5-pentadecylresorcinol', 'Ixoside', '2β-Hydroxyzuelanin-6β-cinnamate', 'Cognatine', 'Fagaramide', '5-hydroxymellein', '22β-hydroxypristimerin', '1- (5,7-dihydroxy-2,2-dimethylchroman-6-yl)-3-(2,2-dimethylchroman- 6-yl)propan-1-one', 'Canavaline', 'Di-hydrodehydrodiconiferyl alcohol', 'Quercetin', ""2-(2'-O-trans-cinnamoyl)-C-β-D-glucopyranosyl-1,3,6,7-tetrahydroxyxanthone"", 'Kokusaginine', 'Ocotillone', 'des-N-methylnoracronycine', 'Sorbifolin 6-O-β-glucopyranoside', 'Rel-2α-hydroxyzuelanin-6β-benzoate', '2,6-di-O-acetylcasearupestrin D', ""Methyl-2,2-dimethyl-8-(3'-methylbut-2'-enyl)chroman-6-carboxylate"", '2,7-Di-O-acetylcasearupestrin A', 'Nitensidine B', 'Dibenzyl tetrasulphide', ""2',5-dihydroxy-3-methoxy-8-dimethylallyl-6, 7-(2' ',2''-dimethylpyrano)-dihydroflavonol"", '1-methyl-2-n-nonyl-4-quinolone', '5-[8(Z),11(Z),14-pentadecatrienyl]resorcinol', 'Gallic acid; 3,4,5-trihydroxybenzoic acid', 'Maculosidine', 'Podocarpusflavone A', 'Casearupestrin C', '6α-malonyloxy-n-butyl ester manoyl oxide', 'citrusinine-I', 'Ricinine', 'Leptophyllin A', '5-pentadecylresorcinol', 'Homoegonol', '[8]-gingerol', '4-Hydroxymellein', '1-[3-(3,7-dimethylocta-2,6-dien-1-yl)-2,4,6- trihydroxyphenyl]-3-(4-hydroxyphenyl)propan-1-one', '6α-malonyloxymanoyl oxide', 'Benzylhydroxymethyl sulphide', '1,6-di-O-caffeoyl-β-D-glucopyranoside', '2-methyl-5-[8(Z),11(Z),14-pentadecatrienyl]resorcinol', 'fraxinellonone', 'Dibenzyl sulphide', '(-) Cis-4-hydroxy-6-deoxyscytalone', 'Plumericin', '5-[8(Z),11(Z)-pentadecadienyl]resorcinol', '(-)-Spectalinine', 'Netzahualcoyondiol', '19,20-Epoxycytochalasin D', 'fumiquinozoline F', 'Kaempferol 3-O-α-L-rhamnopyranosyl (1→6)-O-[β -D-glucopyranosyl (1→3)-O-α-L-rhamnopyranosyl-(1→2)]-O-β -D-glucopyranosyl', '3β-O-[α-L-rhamnopyranosyl-(1→2)-O-β-D-glucopyranosyl-(1→2)-O-β-D-glucopyranosyl]-28-O-β-D-glucopyranoside pomolate', ""5-[3''-(β-D-glucopyranosyloxy)propyl]-7-methoxy-2-(3',4'-dimethoxyphenyl)benzofuran"", '3,12-Dihydroxycadalene', '7-hydroxy-3- (11-dimethylallyl)-8-methoxycoumarin', ""N-[7-(3',4'-methylenedioxyphenyl)-2(Z),4(Z)-heptadienoyl]pyrrolidine"", ""Acteoside; [β-3,4-dihydroxyphenyl)-ethyl]-(3'-O-α-L-rhamnopyranosyl)-(4'-O-cafeoyl)-β-D-glycopyranoside, verbascoside"", '20-hydroxyecdysone; polypodine A', '3-Acetyl aleuritolic acid', 'Alkenoic acid', 'Quercetin 3-O-α-L-rhamnopyranosyl (1→6)-O-[β -D-glucopyranosyl (1→3)-O-α-L-rhamnopyranosyl-(1→2)]-O-β -D-glucopyranosyl', '2-n-nonyl-4-quinolone', 'Cytochalasin D', 'Isoorientin', 'urauchimycin A', 'p-Coumaric acid', '(-)-Epigallocatechin', 'Netzahualcoyonol', '1,2-dihydro- 3β-hydroxy-7-deacetoxy-7-oxogedunin', ""5-[3''-(β-D-glucopyranosyloxy)propyl]-7-methoxy-2-(3',4'-methylenedioxyphenyl)benzofuran"", '28-O-β-D-glucopyranosyl quinovic acid', '2-Methyl-4-hydroxy-butyl caffeoate', 'N-1,N-2,N-3-Triisopentenylguanidine', 'Dibenzyl trisulphide', 'Maytenin, Tingenone', 'urauchimycin B', 'Quercitrin, 3-O-α-rhamnosylquercetin', 'Caseobliquin A', 'Methyl angolensate', ""5-(3'' -Hydroxypropyl)-7-methoxy-2-(3',4' -methyl-enedioxyphenyl)benzofuran"", 'Pristimerin; 20α-3-hydroxy-2-oxo-24-nor-friedela-1-10,3,5,7-tetraen-carboxylic acid-29-methylester', '3,4,5-trimethoxyphenyl 1-O-β-D-apiofuranosyl-(1→6)-O-β-D-glucopyranoside', 'β-photogedunin', 'n-Butyl gallate', '6α-acetoxy-14β,15β-epoxyazadirone', ""2-(R)-Methyl-6-(S)-(tetradecyl-13'-one)-3(R)-O-tert-butyldimethylsilyl-piperidine"", 'Heveaflavone', 'Arboreumine', '3-Oxoursolic acid', 'Casearupestrin B', 'toonacilin', 'Uracil', '1-O-(E)-feruloyl-β-D-glucopyranoside', '19,20-Epoxycytochalasin C', 'n-Pentyl gallate', 'Orcinol', 'Periconicin B', 'Phomopsilactone', ""(2S)-8-Isopentyl-2-methyl-2-(4'-methylpentyl)chroman-6-carboxylic acid"", '2,2-dimethyl-2H-chromene-6-carboxylic acid', '3,11,12-Trihydroxycadalene', 'Quercetin 3-O-sophoroside', '(3R,4R)-3,4-Dihydro-4,6-dihydroxy-3-methyl-1-oxo-1H-isochromene-5-carboxylic acid', '24-methylene-3,22-dihydroxycholesterol', 'amorphispironone', 'Casearupestrin D', 'Photogedunin', 'Casearin X; (1R*,3S*,5S*,6aR*,7S*,8S*,10R*,10aR*)-1-(Acetyloxy)-3,5,6,6a,7,8,9,10-octahydro-10-hydroxy-7,8-dimethyl-7-[(2Z)-3-methylpenta-2,4-dien-1-yl]naphtho[1,8a-c]furan-3,5-diyl Dibutanoate', 'Skimmianine', 'p-hydroxybenzoic acid-geranyl ester', 'Dibenzyl disulphide', 'Proanthocyanidin', 'neoisoastilbin', '(R)-7-Hydroxymellein', '6α-acetoxymanoyl oxide', 'Methyl-8-hydroxy-2,2-dimethylchroman-6-carboxylate', 'Dipropyl disulphide', '2-methyl-5-[8(Z),11(Z)-pentadecadienyl]resorcinol', 'Methyl 6,7,8-trimethoxydihydrocinnamate', '2-Hexyl-3-methyl-butanodioic acid', 'fraxinellone', '6-[ 8(Z),11(Z) -pentadecadienyl] salicylic acid', '6-[8(Z)-pentadecenyl]salicylic acid', '(2S)-Methyl-2-methyl-8-(3""-methylbut-2""-enyl)-2-(4\'-methylpent-3\'-enyl)-2H-chromene-6-carboxylate', 'Casearin T', 'Piperyline, N-[10-(13,14-methylenedioxyphenyl)-7(E),9(E)-pentadienoyl]-pyrrolidine', 'ω-fenil alcanoic acid', '2-butyl-D-fructofuranoside', ""Gaudichaudianic acid; (2S)-2-methyl-2-(4'methyl-3'-pentenyl)-8-(3''-methyl-2-butenyl)- 2H-1-benzopyran-6-carboxylic acid"", 'limonexic acid', 'Pedalitin', 'Di(benzyltrithio) methane', 'Muraxanthone', 'Odoratone', 'Rel-6β-hydroxyzuelanin-2β-benzoate', 'shidasterone', '5-hydroxymethyl- 2-furancarboxaldehyde; 5-hydroxymethyl-2-furfuraldehyde', 'atalaphyllinine', 'N-[10- (13,14-methylenedioxyphenyl)-7(E)-pentaenoyl]-pyrrolidine', '2-Methyl-5-methoxy-benzopyran-4-one', 'Chaetoglobosin B', ""2-(2'-O-benzoyl)-C-β-D-glucopyranosyl-1,3,6,7-tetrahydroxyxanthone"", 'Isoplumericin', 'α-L-xylopyranosyl-(4""→20)-(3-O-β-D-glucopyranosyl)-1\'-O-E-caffeoyl-β-D-glucopyranoside', 'epoxy-fraxinellone', '12′-hydroxy-7′-multijuguinone', 'Kaempferitrin', 'Nitensidine C', 'Caseargrewiin F; (1R*,3S*,5S*,6aR*,7S*,8R*,10R*,10aR*)-1,3-Bis(acetyloxy)-3,5,6,6a,7,8,9,10-octahydro-10-hydroxy-7,8-dimethyl-7-[(2Z)-3-methylpenta-2,4-dien-1-yl]naphtho[1,8a-c]furan-5-yl Butanoate', 'Casearin L; (1R*,3S*,5S*,6aR*,7R*,8R*,9S*,10S*,10aR*)-1,10-Bis(acetyloxy)-3,5,6,6a,7,8,9,10-octahydro-9-hydroxy-5-methoxy-7,8-dimethyl-7-[(2Z)-3-methylpenta-2,4-dien-1-yl]naphtho[1,8a-c]-furan-3-yl Butanoate', 'Platydesmine', 'Leiokinine A', 'Cabraleadiol', 'schaftoside', ""(2S)-Methyl-8-isopentyl-2-methyl-2-(4'-methylpentyl)chroman-6-carboxylate"", '3,4,5-Triacetoxybenzoic acid', 'Casearupestrin A', '(2S)-2-methyl-8-(3""-methylbut-2""-enyl)-2-(4\'-methylpent-3\'-enyl)-2H-chromene-6-carboxylic acid', 'Burchellin', '5-[8(Z)-pentadecenyl]resorcinol', 'Luteolin; 2-(3,4-dihydroxyphenyl)-5,7-dihydroxy-4H-chromen-4-one', 'Sinapic acid', '19,20-Epoxycytochalasin Q', '19,20-Epoxycytochalasin R', 'Casearin S', '11β-acetoxyobacunone', '1-(5,7-dihydroxy-2,2-dimethylchroman- 6-yl)-3-[4-hydroxy-3-(3-methylbut-2-en-1-yl)- phenyl]propan-1-one', '(3R,4R)-4,7-Dihydroxymellein', ""Nitensoside B; Pedalitin 6-O-α-rhamnopyranosyl(1'''→6'')-β-glucopyranoside"", 'Amentoflavone', 'Methyl gallate', '3-O-β-D-quinovopyranosyl cincholic acid', 'Afzelin, 3-O-α-rhamnosyl kaempferol', 'Egonol', '4-Nerolidilcatechol', ""2-(2'-O-transcoumaroyl)-C-β-D-glucopyranosyl-1,3,6,7-tetrahydroxyxanthone"", '3,4-dihydroxybenzoic acid geranyl ester', 'N-[10-(13,14-methylenedioxyphenyl)-7(E),9(Z)-pentadienoyl]-pyrrolidine', 'Gedunin', 'Pedalin, pedalitin 6-O-β -glucopyranoside', '1-(5,7-dihydroxy-2,2-dimethylchroman-6-yl)-3-(1,1,4a-trimethyl-2,3,4,4a,9a-hexahydro-1H-xanthen-7-yl)propan-1-one', 'Methyl (E)-6,7,8-trimethoxycinnamate', '3,4,5-Trimethoxyphenyl-1-O-β-D-(5-O-syringoyl)-apiofuranosyl-(1→6)-β-D-glucopyranoside', '6-[8(Z),11(Z),14-pentadecatrienyl]salicylic acid', 'Sorbifolin', ""Nitensoside A; Sorbifolin 6-O-α-rhamnopyranosyl(1'''→6'')-β-glucopyranoside"", 'Casearin O; (1R*,3S*,5S*,6aR*,7R*,8R*,9S*,10S*,10aR*)-1,10-Bis(acetyloxy)-5-methoxy-7,8-dimethyl-7-[(2Z)-3-methylpenta-2,4-dien-1-yl]-3,5,6,6a,7,8,9,10-octahydronaphtho[1,8a-c]furan-3,9-diyl Dibutanoate', 'germacrene D', '6-pentadecylsalicylic acid', 'Methyl-2,2-dimethylchroman-6-carboxylate', ""Myrsinoic acid A, 3-Geranyl-4-hydroxy-5-(3'',3''-dimethylallyl)benzoic acid"", '20α-Hydroxymaytenin; 20-hydroxy-20-epi-tingenone', '2-oxo-piperol B; (7S*, 8R*, 1R*, 3R*)-3,4,5-trimethoxy-3,7-cyclo-8,1-neolig-8-ene-2,4(3H)-dione', 'taxifolin', ""(2'S)-2-(propan-2'-ol)-5-hydroxy-benzopyran-4-one"", 'Rel-(+)-(7S,9R,10S)-3,9,12-trihydroxycalamenene', '(-)-Epigallocatechin-3-O-gallate', 'Casearin D; (1R*,3S*,5S*,6aR*,7R*,8R*,9S*,10S*,10aR*)-1-(Acetyloxy)-3,5,6,6a,7,8,9,10-octahydro-5,10-dihydroxy-7,8-dimethyl-7-[(2Z)-3-methylpenta-2,4-dien-1-yl]naphtho[1,8a-c]furan-3,9-diyl Dibutanoate', 'Rel. (+)-(7S,10S) 3,12-dihydroxycalamenene', 'carlinoside', 'Methyl-8-(ethanoyloxy)-2,2-dimethyl-2H-chromene-6-carboxylate', 'arjunolic acid', 'stachysterone', 'Ethyl 2,4-dihydroxy-5,6-dimethylbenzoate', 'Amentoflavone 7”,4”’-dimethyl ether', 'Picramnioside F', 'Lauryl gallate', 'Syringaldehyde', '22-hydroxytirucalla-7,24-diene-2,3-dione', 'Trans-3’-methylsulphonylallyl trans-cinnamate', 'Syringic acid', '(+)-3-O-feruloylcassine', '(-)-Hardwickiic acid', '(3-(2-(4-hydroxyphenyl)-2-oxoethyl)-5,6-dihydropyridin- 2(1H)-one)', 'Mangiferin', 'Salacin', 'Viburgenin', ""Pterogynoside; Kaempferol-3-O-(3''-O-4'''-methylgallate-α-L-rhamnoside)"", 'Isobutyl gallate', '7′-multijuguinone', 'Griseofulvin', ""7-Hydroxy-4',6-dimethoxyisoflavone; Afrormosin; Afromosin"", '8-methoxymellein', '(±)-Syringaresinol', 'Cyclo-(L-Pro-L-Val)', 'Acetonide of odoratol', '(−)-Grandisin', '24-methylenecycloartan-3b-ol', 'Chalepin', 'Chlorogenic acid', '(4R)-4,8-dihydroxy-α-tetralone', 'Kaempferol', '3-O-β-D-quinovopyranosyl quinovic acid', '2-hydroxyphenylacetic acid', '2-methyl-5-[8(Z)-pentadecenyl]resorcinol']]",doi_name
"['10.1590/S0100-40422005000400009', '28-O-β-D-glucopyranosyl quinovic acid']","['10.1590/S0100-40422005000400009', ['β-Sitosterol benzoate', '5-hydroxyflavone', '2-phenyl-4H-chromen-4-one', 'Haplotusine', '2α,3α-Dihydroxy-urs-12-en-28-oic acid', 'Oleanolic acid 3-sophoroside', '3-O-β-D-(6’-methyl)-glucopyranosyl-28-O-β-D-glucopyranosyl-oleanate', 'Sinapyl 4-O-β-D-glucopyranoside aldehyde', 'Sinapyl 4-O-β-D-glucopyranoside alcohol', 'Liriodenine', 'N-acetylnonaine', 'Hinesol', 'γ-eudesmol', 'guaiol', 'α-eudesmol', 'Teucrein', '11-O-trans-feruloylteucrein', 'Apodanthoside', 'Galioside', 'Galioside aglicone', ""3',4',5',3,5,7,8-heptamethoxyflavone"", ""3,5,6,7,3',4',5'-heptamethoxyflavonol"", 'Quercetin-3-O-α-L-rhamnopyranosyl-(1→6)-β-D-galactopyranoside', '6-Hydroxy-rutin', 'Kaempferol-3-O-D-glucopyranoside', 'Kaempferol-3-O-α-L-rhamnopyranosyl-(1-6)-α-L-rhamnopyranosyl-(1-4)-β-D-glucopyranoside', 'Kaempferol-3-O-D-galactopyranoside', 'Procyanidin B-3', 'Kaempferol-3-O-α-L-rhamnopyranosyl-(1→6)-β-D-galactopyranoside', 'Catechin, Ent-catechin', 'Kaempferol-3-O-rutinoside', '5,7-dimethoxy-2,2-dimethyl-2H-1-benzopyran-6-propanoic acid', 'Beauvericin', 'Anhydrofusarubin', 'Methacrylic acid', '7-Methoxydiderroside', ""6'-Acetyl-β-D-glucopyranosyldiderroside"", 'Diderroside', 'Secoxyloganin', 'Chlorogenic acid methyl ester, Methyl (1S,3R,4R,5R)-3-{[(2E)-3-(3,4-dihydroxyphenyl)-2-propenoyl]oxy}-1,4,5-trihydroxycyclohexanecarboxylate', ""Isoswertisin-4'-methyl-ether-2''α-L-rhamnoside"", '2-Episesalatin', 'Clusifoliol', ""Isoswertisin-2''α1-L-rhamnoside"", 'Sesartemin', '17-(3,4-Methylenedioxyphenyl)-heptadecanoic acid', 'Sargaquinoic acid', '19´-(3,4-Methylenedioxyphenyl)-nonadecanoic acid', ""7,4'-Dimethoxyflavone"", '21´-(3,4-Methylenedioxyphenyl)-henicosanoic acid', '(+)-Guaiacin', ""7,4'-Dihydroxyflavone"", 'Farnisine', 'Sargachromenol', 'Fasciculiferin', 'Tithonine', ""Juruenolic acid; 2-(4'-Methylpentenyl-3)-10-oxoundecan-2,6-dienoic acid"", '5,7-dimethoxy-2,2-dimethyl-2H-1-benzopyran-6-propanoate', 'Taraxerol acetate', 'Isopimpinellin', 'Methyl (3R,4R,5R)-3-{[(2E)-3-(3,4-dihydroxyphenyl)-2-propenoyl]oxy}-1,4,5-trihydroxycyclohexanecarboxylate', 'Methyl (3R,4R,5R)-3-{[(2Z)-3-(3,4-dihydroxyphenyl)-2-propenoyl]oxy}-1,4,5-trihydroxycyclohexanecarboxylate', ""2-(1'-pentenyl)-Quinoline"", '2-n-Propylquinoline', ""2-(3',4'-methylenedioxyphenylethyl)-Quinoline"", '2-n-Pentylquinoline', 'cyclo (L)-Pro-Gly', ""Isosakuranetin; 5,7-dihydroxy-4'-methoxyflavanone"", ""Sakuranetin; 5,4'-dihydroxy-7-methoxyflavanone"", ""4-Hydroxy-(3',7'-dimethyl-1'-oxo-octa-2'-E-6'-dienyl)benzoic acid"", ""1,4-Dihydroxy-2-(3',7'-dimethyl-1'-oxo-2'-E-6'-octadienyl)benzene"", ""4-Hydroxy-3-(3',7'-dimethyl-3'-hydroxy-1'-oxo-6'-octenyl)benzoic acid"", '(+)-α-Hydroxyerysotrine', '(+)-11α-Hydroxyerythravine', '(+)-Erythravine', '9-hydroxyeugenin', 'Mycoleptone A', '6-methoxyeugenin', 'Austdiol diacetate', 'Eugenitin', 'Mycoleptone A tetraacetate', 'Mycoleptone B', 'Austdiol', ""Aduncumene; Methyl 2-methoxy-5-(3'-methyl-1'-oxo-2'-butenyl)benzoate"", ""Methyl 4-hydroxy-3-(3'-methyl-2'-hydroxy-3'-butenyl)benzoate"", ""4-Hydroxy-(3',7'-dimethyl-1'-oxo-octa-2'-Z-6'-dienyl)benzoic acid"", ""Hostmaniene; 4-Hydroxy-3-(2',3'-dihydroxy-3'-methylbutyl)benzoate"", 'Piperaduncine B', ""Methyl 4-hydroxy-3-(3'-methyl-2'-butenyl)benzoate"", '3,4,5-Trimethoxydihydrocinnamic acid', ""2',6'-Dihydroxy-4'-methoxydihydrochalcone"", ""4-Hydroxy-3-(3',7'-dimethylocta-2'-E-6'-dienyl)benzoic acid"", 'Methyl 2,2-dimethyl-1-oxo-2H-1-benzopyran-6-carboxylate', ""Methyl taboganate; Methyl 4-hydroxy-3-(3'-methyl-1'-oxo-2'-butenyl)benzoate"", 'Xanthyletin', 'Ergosterol peroxide', '(22E,24R)-ergosta-4,6,8(14),22-tetraen-3-one', 'Pimara-7,15-dien-3β-ol', '8-hydroxy-6-methoxy-3-methylisocoumarin', 'Dimethyl terephthalate', 'Stearic acid 4-pentoyloxyphenethyl ester', '(E)-piplartine', ""N-[3-(6'-methoxy-3',4'-methy-lenedioxyphenyl)-2(Z)-propenoyl]pyrrolidine"", '4,5-dihydropiperyline', 'Piperine', '10,11-dihydropiperine; Δα,β-dihydropiperine', '(Z)-piplartine; 8(Z)-N-(12,13, 14-trimethoxycinnamoyl)- 3-pyridin-2-one', '8,9-dihydropiplartine; N-(12,13,14-trimethoxydihydrocinnamoyl)-Δ3-pyridin-2-one', '4,5-dihydropiperlonguminine; Piperlonguminine', '(3Z,5Z)-N-isobutyl-8-(30,40-methylenedioxy-phenyl)-heptadienamide', 'Pellitorine', '(-)-3-O-acetyl-spectaline', '4-metoxi-6-[2-(metilamino)fenil]- 2H-piran-2-ona', ""3',4'-methylenedioxy-5,5',6,7-tetramethoxyflavone"", ""3',4'-methylenedioxy-5,6,7- trimethoxyflavone"", ""2'-hydroxy-3,4,4'-trimethoxy-5',6'-(2'',2''-dimethylpyrano)-chalcone"", ""3',4'-methylenedioxy-5,7-dimethoxyflavone"", 'astilbin; Rel-(2R, 3R)-dihydroquercetin-3-O-±-L-rhamnoside', 'Nilocetin', 'Hispidol A', 'cryptomeridiol', 'Pentaol', '3,11-dioxoolean-12-en-28- onic acid', 'Iso-odoratol', 'Piscidinol A', 'Oleanonic acid', 'Tagitinin C', '1-methoxy-3-hydroxy-3,10b-4,5a-diepoxy-8b-isobutyroyloxygermacr-11(13)-en-6a,12-olide', ""Rel-(7R,8S,7'S,8'S)-4-hydroxy-4',5'-methylenedioxy-3,5,3'-trimethoxy-7,7'-epoxylignan"", ""Rel-(7R,8S,7'S,8'S)-4',5'-methylenedioxy-3,4,5,3'-tetramethoxy-7,7'-epoxylignan"", ""Rel-(7R,8S,7'S,8'S)-9-hydroxy-4',5'-methylenedioxy-3,4,5,3'-tetramethoxy-7,7'-epoxylignan"", ""Rel-(7R,8S,7'S,8'S)-4'-hydroxy-3,4,5,3',5'-pentamethoxy-7,7'-epoxylignan"", ""Rel-(7R,8S,7'S,8'S)-4,5,4',5'-dimethylenedioxy-3,3'-dimethoxy-7,7'-epoxylignan"", ""3,4-dimethyl-2-(4'-hydroxy-3',5'-dimethoxyphenyl)-5-methoxy-tetrahydrofuran"", 'Nitensidine E', 'Nitensidine D', ""4-Methoxy-3-(3',7'-dimethylocta-2'-E-6'-dienyl)benzoic acid"", ""3-(3',7 '-dimethyl-2',6 '-octadienyl)-4-methoxy-benzoic acid"", 'Methyl-8-hydroxy-2,2-dimethyl-2H-chromene-6-carboxylate', 'Verrucosin', '7-Methyl-sargachromenol; 2,7,8-Trimethyl-2-[(3-E,7-Z)-4,12-dimethyl-8-carboxyl-3,7,11-tridecatrienyl]-3-chromen-6-ol, β-caroteno', 'Epi-guaiacin', 'Nectandrin B', '3,3-O-dimethylquercetin', '2α,3α,19α- trihydroxyurs-12-en-28-oic acid', 'penduletin 4-O-methyl ether', '3,7,4-O-trimethylkaempferol', 'p-hydroxybenzoic acid', 'Chrysoeriol', '2α,3α-dihydroxyolean-12- en-28-oic acid', 'acacetin', '3-O-methylquercetin', 'Turbinatine', 'Deoxycordifoline', 'Cordifoline', '3,4-dehydro-strictosidine', 'Strictosidine acid', 'Harman-3-carboxylic acid', '3,4-dehydrostrictosidine acid', '5α-carboxystrictosidine', 'Aphidicolin', 'Pyranofoline', '3,4-dihydro-3,5,8-trihydroxy-6-methoxy-2,2,7-trimethyl-2Hpyrano[ 2,3-a]acridin-12(7H)-one', 'Citrusinine-II', 'Glycocitrine-I', 'Glycocitrine-IV', 'Citrusinine-I', '5-hydroxynoracronycine; Atalaphyllidine', '1,3,5-trihydroxy-4-methoxy-10-methyl- 2,8-bis(3-methylbut-2-enyl)acridin-9(10H)-one', '1,3,5-trihydroxy- 2,8-bis(3-methylbut-2-enyl)-10-methyl-9-acridone', 'β-Gardiol', 'α-Gardiol', 'Ferulic acid', '21β,25-dimethylmelianodiol', '21α,25-dimethylmelianodiol', '3,21-Di-epi-feroniellide B', '2,3-dihydro-4,9-dihydroxy-2-(2-hydroxy-propan-2-yl)- 11-methoxy-10-methylfuro[3,2-b]acridin-5(10H)-one', 'bis-5-hydroxyacronycine', 'Citibrasine', 'β-caryophyllene, trans-caryophyllene', 'Cusculine; 1,2,3,5,6-pentamethoxy-9-acridone', 'Cuspanine; 1-hydroxy-2,3,5,6-tetramethoxy-9-acridone', '[10]-gingerol', ""2,4-Dihydroxy-6-[(1'E,3'E)-penta-1', 3'-dienyl]-benzaldehyde"", '2-methyl-5-[8(Z)-pentadecenyl]resorcinol', 'Nitensidine A', '2-hydroxyphenylacetic acid', '3-O-β-D-quinovopyranosyl quinovic acid', '3β-hydroxy-stigmast-5-en-7-one; 24-β-7-oxositosterol', 'scillascillin', 'urauchimycin B', 'Homoegonol', '[8]-gingerol', '4-Hydroxymellein', '5-hydroxymellein', 'fraxinellonone', 'Dibenzyl sulphide', '(-) Cis-4-hydroxy-6-deoxyscytalone', 'Odoratol', 'Leptomerine', '5-hydroxy-N-methylseverifoline', '19,20-Epoxycytochalasin N', 'ellagic acid 4-O-α-L-rhamnopyranoside; eschweilenol C', 'Mayoside C', 'Ourateacatechin', ""3',4',5',5,7-pentamethoxyflavone"", '2-methyl-5-pentadecylresorcinol', 'Griseofulvin', ""7-Hydroxy-4',6-dimethoxyisoflavone; Afrormosin; Afromosin"", '8-methoxymellein', '(±)-Syringaresinol', 'Cyclo-(L-Pro-L-Val)', 'Acetonide of odoratol', '(−)-Grandisin', 'Nitensidine B', '1-methyl-2-n-nonyl-4-quinolone', '5-[8(Z),11(Z),14-pentadecatrienyl]resorcinol', 'Netzahualcoyondiol', 'Pristimerin; 20α-3-hydroxy-2-oxo-24-nor-friedela-1-10,3,5,7-tetraen-carboxylic acid-29-methylester', '3,4,5-trimethoxyphenyl 1-O-β-D-apiofuranosyl-(1→6)-O-β-D-glucopyranoside', 'β-photogedunin', 'n-Butyl gallate', ""5-[3''-(β-D-glucopyranosyloxy)propyl]-7-methoxy-2-(3',4'-dimethoxyphenyl)benzofuran"", '3,12-Dihydroxycadalene', '7-hydroxy-3- (11-dimethylallyl)-8-methoxycoumarin', ""N-[7-(3',4'-methylenedioxyphenyl)-2(Z),4(Z)-heptadienoyl]pyrrolidine"", ""Acteoside; [β-3,4-dihydroxyphenyl)-ethyl]-(3'-O-α-L-rhamnopyranosyl)-(4'-O-cafeoyl)-β-D-glycopyranoside, verbascoside"", 'Maculosidine', 'Kaempferol', ""8-hydroxy-3,5,7,3',4',5'-hexamethoxyflavonol"", 'Sorbifolin 6-O-β-glucopyranoside', 'Rel-2α-hydroxyzuelanin-6β-benzoate', '2,6-di-O-acetylcasearupestrin D', ""Methyl-2,2-dimethyl-8-(3'-methylbut-2'-enyl)chroman-6-carboxylate"", '2,7-Di-O-acetylcasearupestrin A', 'Podocarpusflavone A', 'Casearupestrin C', '6α-malonyloxy-n-butyl ester manoyl oxide', 'citrusinine-I', 'Ricinine', 'Leptophyllin A', '5-pentadecylresorcinol', '19,20-Epoxycytochalasin D', 'fumiquinozoline F', 'Kaempferol 3-O-α-L-rhamnopyranosyl (1→6)-O-[β -D-glucopyranosyl (1→3)-O-α-L-rhamnopyranosyl-(1→2)]-O-β -D-glucopyranosyl', '3β-O-[α-L-rhamnopyranosyl-(1→2)-O-β-D-glucopyranosyl-(1→2)-O-β-D-glucopyranosyl]-28-O-β-D-glucopyranoside pomolate', 'Skimmianine', 'p-hydroxybenzoic acid-geranyl ester', 'Dibenzyl disulphide', 'Proanthocyanidin', 'neoisoastilbin', '(R)-7-Hydroxymellein', 'Methyl angolensate', ""5-(3'' -Hydroxypropyl)-7-methoxy-2-(3',4' -methyl-enedioxyphenyl)benzofuran"", '22β-hydroxypristimerin', '1- (5,7-dihydroxy-2,2-dimethylchroman-6-yl)-3-(2,2-dimethylchroman- 6-yl)propan-1-one', 'Canavaline', 'Di-hydrodehydrodiconiferyl alcohol', 'Quercetin', ""2-(2'-O-trans-cinnamoyl)-C-β-D-glucopyranosyl-1,3,6,7-tetrahydroxyxanthone"", 'Ocotillone', 'des-N-methylnoracronycine', 'Uracil', 'urauchimycin A', 'p-Coumaric acid', '(-)-Epigallocatechin', 'Netzahualcoyonol', '1-[3-(3,7-dimethylocta-2,6-dien-1-yl)-2,4,6- trihydroxyphenyl]-3-(4-hydroxyphenyl)propan-1-one', '6α-malonyloxymanoyl oxide', 'Benzylhydroxymethyl sulphide', '1,6-di-O-caffeoyl-β-D-glucopyranoside', '2-methyl-5-[8(Z),11(Z),14-pentadecatrienyl]resorcinol', '20-hydroxyecdysone; polypodine A', 'Dibenzyl tetrasulphide', ""2',5-dihydroxy-3-methoxy-8-dimethylallyl-6, 7-(2' ',2''-dimethylpyrano)-dihydroflavonol"", '2-n-nonyl-4-quinolone', 'Cytochalasin D', 'Isoorientin', '1-O-(E)-feruloyl-β-D-glucopyranoside', '19,20-Epoxycytochalasin C', 'n-Pentyl gallate', 'n-Propyl gallate', ""3',4',5',5,7,8-hexamethoxyflavone"", 'Isopropyl gallate', '6β-hydroxy-7-epigardoside methyl ester', 'Tetrahydropiperyline, N-[10-(13,14-methylenedioxyphenyl)-pentanoyl]-pyrrolidine', 'Piperovatine', '2,4,6-trimethoxybenzoic acid', '1-O-(E)-caffeoyl-β-D-glucopyranoside', 'Gallic acid; 3,4,5-trihydroxybenzoic acid', 'Quercitrin, 3-O-α-rhamnosylquercetin', 'Caseobliquin A', '6α-acetoxymanoyl oxide', 'Methyl-8-hydroxy-2,2-dimethylchroman-6-carboxylate', 'Casearin X; (1R*,3S*,5S*,6aR*,7S*,8S*,10R*,10aR*)-1-(Acetyloxy)-3,5,6,6a,7,8,9,10-octahydro-10-hydroxy-7,8-dimethyl-7-[(2Z)-3-methylpenta-2,4-dien-1-yl]naphtho[1,8a-c]furan-3,5-diyl Dibutanoate', 'α-L-xylopyranosyl-(4""→20)-(3-O-β-D-glucopyranosyl)-1\'-O-E-caffeoyl-β-D-glucopyranoside', ""2-(R)-Methyl-6-(S)-(tetradecyl-13'-one)-3(R)-O-tert-butyldimethylsilyl-piperidine"", '(2S)-Methyl-2-methyl-8-(3""-methylbut-2""-enyl)-2-(4\'-methylpent-3\'-enyl)-2H-chromene-6-carboxylate', 'Casearin T', 'Piperyline, N-[10-(13,14-methylenedioxyphenyl)-7(E),9(E)-pentadienoyl]-pyrrolidine', 'ω-fenil alcanoic acid', '3-Acetyl aleuritolic acid', 'Alkenoic acid', 'Quercetin 3-O-α-L-rhamnopyranosyl (1→6)-O-[β -D-glucopyranosyl (1→3)-O-α-L-rhamnopyranosyl-(1→2)]-O-β -D-glucopyranosyl', 'Heveaflavone', 'Arboreumine', '3-Oxoursolic acid', 'Casearupestrin B', 'toonacilin', 'Pedalitin', '12′-hydroxy-7′-multijuguinone', 'Kaempferitrin', 'Nitensidine C', 'Dipropyl disulphide', '2-methyl-5-[8(Z),11(Z)-pentadecadienyl]resorcinol', 'Methyl 6,7,8-trimethoxydihydrocinnamate', '2-Hexyl-3-methyl-butanodioic acid', 'fraxinellone', '6-[ 8(Z),11(Z) -pentadecadienyl] salicylic acid', 'Orcinol', 'Periconicin B', 'Phomopsilactone', ""(2S)-8-Isopentyl-2-methyl-2-(4'-methylpentyl)chroman-6-carboxylic acid"", '2,2-dimethyl-2H-chromene-6-carboxylic acid', '1,2-dihydro- 3β-hydroxy-7-deacetoxy-7-oxogedunin', 'Photogedunin', '3,11,12-Trihydroxycadalene', 'Quercetin 3-O-sophoroside', '(3R,4R)-3,4-Dihydro-4,6-dihydroxy-3-methyl-1-oxo-1H-isochromene-5-carboxylic acid', '24-methylene-3,22-dihydroxycholesterol', 'amorphispironone', 'Casearupestrin D', 'Chaetoglobosin B', ""2-(2'-O-benzoyl)-C-β-D-glucopyranosyl-1,3,6,7-tetrahydroxyxanthone"", 'Isoplumericin', 'N-[10-(13,14-methylenedioxyphenyl)-7(E),9(Z)-pentadienoyl]-pyrrolidine', '6-[8(Z)-pentadecenyl]salicylic acid', '2-butyl-D-fructofuranoside', ""Gaudichaudianic acid; (2S)-2-methyl-2-(4'methyl-3'-pentenyl)-8-(3''-methyl-2-butenyl)- 2H-1-benzopyran-6-carboxylic acid"", 'limonexic acid', '6α-acetoxy-14β,15β-epoxyazadirone', 'epoxy-fraxinellone', 'Casearin X Dialdehyde; (2R*,4aS*,5S*,7R*,8R*,8aS*)-4,4a-Diformyl-1,2,4a,5,6,7,8,8a-octahydro-5-hydroxy-7,8-dimethyl-8-[(2Z)-3-methylpenta-2,4-dien-1-yl]naphthalen-2-yl Butanoate', 'polypodine B', '(2S)-2-methyl-8-(3""-methylbut-2""-enyl)-2-(4\'-methylpent-3\'-enyl)-2H-chromene-6-carboxylic acid', 'Burchellin', '5-[8(Z)-pentadecenyl]resorcinol', 'Luteolin; 2-(3,4-dihydroxyphenyl)-5,7-dihydroxy-4H-chromen-4-one', 'Sinapic acid', '19,20-Epoxycytochalasin Q', '19,20-Epoxycytochalasin R', 'Muraxanthone', '3,4,5-Triacetoxybenzoic acid', 'Odoratone', 'Rel-6β-hydroxyzuelanin-2β-benzoate', 'shidasterone', '5-hydroxymethyl- 2-furancarboxaldehyde; 5-hydroxymethyl-2-furfuraldehyde', 'Di(benzyltrithio) methane', '2-oxo-piperol B; (7S*, 8R*, 1R*, 3R*)-3,4,5-trimethoxy-3,7-cyclo-8,1-neolig-8-ene-2,4(3H)-dione', 'taxifolin', ""(2'S)-2-(propan-2'-ol)-5-hydroxy-benzopyran-4-one"", 'Rel-(+)-(7S,9R,10S)-3,9,12-trihydroxycalamenene', 'Casearin S', 'Piperol B', '(-)-Hardwickiic acid', ""5-[3''-(β-D-glucopyranosyloxy)propyl]-7-methoxy-2-(3',4'-methylenedioxyphenyl)benzofuran"", '28-O-β-D-glucopyranosyl quinovic acid', '2-Methyl-4-hydroxy-butyl caffeoate', 'N-1,N-2,N-3-Triisopentenylguanidine', 'Dibenzyl trisulphide', 'Maytenin, Tingenone', 'Kokusaginine', ""2-(2'-O-trans-caffeoyl)-C-β-D-glucopyranosyl-1,3,6,7-tetrahydroxyxanthone"", 'Netzahualcoyene', ""Nitensoside B; Pedalitin 6-O-α-rhamnopyranosyl(1'''→6'')-β-glucopyranoside"", 'Gedunin', 'Pedalin, pedalitin 6-O-β -glucopyranoside', 'Caseargrewiin F; (1R*,3S*,5S*,6aR*,7S*,8R*,10R*,10aR*)-1,3-Bis(acetyloxy)-3,5,6,6a,7,8,9,10-octahydro-10-hydroxy-7,8-dimethyl-7-[(2Z)-3-methylpenta-2,4-dien-1-yl]naphtho[1,8a-c]furan-5-yl Butanoate', 'Casearin L; (1R*,3S*,5S*,6aR*,7R*,8R*,9S*,10S*,10aR*)-1,10-Bis(acetyloxy)-3,5,6,6a,7,8,9,10-octahydro-9-hydroxy-5-methoxy-7,8-dimethyl-7-[(2Z)-3-methylpenta-2,4-dien-1-yl]naphtho[1,8a-c]-furan-3-yl Butanoate', 'Platydesmine', 'Leiokinine A', 'Cabraleadiol', 'schaftoside', ""(2S)-Methyl-8-isopentyl-2-methyl-2-(4'-methylpentyl)chroman-6-carboxylate"", 'Methyl gallate', 'atalaphyllinine', 'N-[10- (13,14-methylenedioxyphenyl)-7(E)-pentaenoyl]-pyrrolidine', '2-Methyl-5-methoxy-benzopyran-4-one', '3,4-dihydroxybenzoic acid geranyl ester', 'Casearupestrin A', '2β-Hydroxyzuelanin-6β-cinnamate', '3-O-β-D-quinovopyranosyl cincholic acid', 'Afzelin, 3-O-α-rhamnosyl kaempferol', 'Egonol', '4-Nerolidilcatechol', ""2-(2'-O-transcoumaroyl)-C-β-D-glucopyranosyl-1,3,6,7-tetrahydroxyxanthone"", 'Syringic acid', '(+)-3-O-feruloylcassine', 'Salacin', '6-pentadecylsalicylic acid', 'Methyl-2,2-dimethylchroman-6-carboxylate', ""Myrsinoic acid A, 3-Geranyl-4-hydroxy-5-(3'',3''-dimethylallyl)benzoic acid"", '20α-Hydroxymaytenin; 20-hydroxy-20-epi-tingenone', '11β-acetoxyobacunone', '1-(5,7-dihydroxy-2,2-dimethylchroman- 6-yl)-3-[4-hydroxy-3-(3-methylbut-2-en-1-yl)- phenyl]propan-1-one', '(3R,4R)-4,7-Dihydroxymellein', 'Isobutyl gallate', '7′-multijuguinone', '(-)-Epigallocatechin-3-O-gallate', 'Casearin D; (1R*,3S*,5S*,6aR*,7R*,8R*,9S*,10S*,10aR*)-1-(Acetyloxy)-3,5,6,6a,7,8,9,10-octahydro-5,10-dihydroxy-7,8-dimethyl-7-[(2Z)-3-methylpenta-2,4-dien-1-yl]naphtho[1,8a-c]furan-3,9-diyl Dibutanoate', 'Rel. (+)-(7S,10S) 3,12-dihydroxycalamenene', 'carlinoside', 'Methyl-8-(ethanoyloxy)-2,2-dimethyl-2H-chromene-6-carboxylate', 'Amentoflavone', '1-(5,7-dihydroxy-2,2-dimethylchroman-6-yl)-3-(1,1,4a-trimethyl-2,3,4,4a,9a-hexahydro-1H-xanthen-7-yl)propan-1-one', 'Methyl (E)-6,7,8-trimethoxycinnamate', '3,4,5-Trimethoxyphenyl-1-O-β-D-(5-O-syringoyl)-apiofuranosyl-(1→6)-β-D-glucopyranoside', '6-[8(Z),11(Z),14-pentadecatrienyl]salicylic acid', 'Sorbifolin', ""Nitensoside A; Sorbifolin 6-O-α-rhamnopyranosyl(1'''→6'')-β-glucopyranoside"", 'Casearin O; (1R*,3S*,5S*,6aR*,7R*,8R*,9S*,10S*,10aR*)-1,10-Bis(acetyloxy)-5-methoxy-7,8-dimethyl-7-[(2Z)-3-methylpenta-2,4-dien-1-yl]-3,5,6,6a,7,8,9,10-octahydronaphtho[1,8a-c]furan-3,9-diyl Dibutanoate', 'germacrene D', 'Plumericin', '5-[8(Z),11(Z)-pentadecadienyl]resorcinol', '(-)-Spectalinine', 'arjunolic acid', 'stachysterone', 'Ethyl 2,4-dihydroxy-5,6-dimethylbenzoate', 'Amentoflavone 7”,4”’-dimethyl ether', 'Picramnioside F', 'Lauryl gallate', 'Syringaldehyde', '22-hydroxytirucalla-7,24-diene-2,3-dione', 'Trans-3’-methylsulphonylallyl trans-cinnamate', '(3-(2-(4-hydroxyphenyl)-2-oxoethyl)-5,6-dihydropyridin- 2(1H)-one)', 'Mangiferin', 'Viburgenin', ""Pterogynoside; Kaempferol-3-O-(3''-O-4'''-methylgallate-α-L-rhamnoside)"", '24-methylenecycloartan-3b-ol', 'Ixoside', 'Cognatine', 'Fagaramide', 'Chalepin', 'Chlorogenic acid', '(4R)-4,8-dihydroxy-α-tetralone']]",doi_name
"['10.1590/S0100-40422006000300016', '(-)-Epigallocatechin-3-O-gallate']","['10.1590/S0100-40422006000300016', ['guaiol', 'γ-eudesmol', 'Hinesol', 'α-eudesmol', '6-Hydroxy-rutin', 'Kaempferol-3-O-α-L-rhamnopyranosyl-(1-6)-α-L-rhamnopyranosyl-(1-4)-β-D-glucopyranoside', 'Kaempferol-3-O-D-galactopyranoside', 'Quercetin-3-O-α-L-rhamnopyranosyl-(1→6)-β-D-galactopyranoside', 'Procyanidin B-3', 'Kaempferol-3-O-D-glucopyranoside', 'Kaempferol-3-O-α-L-rhamnopyranosyl-(1→6)-β-D-galactopyranoside', 'Kaempferol-3-O-rutinoside', 'Catechin, Ent-catechin', '11-O-trans-feruloylteucrein', 'Teucrein', 'Galioside aglicone', 'Apodanthoside', 'Galioside', ""3,5,6,7,3',4',5'-heptamethoxyflavonol"", ""3',4',5',3,5,7,8-heptamethoxyflavone"", 'Chlorogenic acid methyl ester, Methyl (1S,3R,4R,5R)-3-{[(2E)-3-(3,4-dihydroxyphenyl)-2-propenoyl]oxy}-1,4,5-trihydroxycyclohexanecarboxylate', 'Anhydrofusarubin', 'Beauvericin', '5,7-dimethoxy-2,2-dimethyl-2H-1-benzopyran-6-propanoate', 'Taraxerol acetate', '17-(3,4-Methylenedioxyphenyl)-heptadecanoic acid', ""Juruenolic acid; 2-(4'-Methylpentenyl-3)-10-oxoundecan-2,6-dienoic acid"", 'Sargaquinoic acid', 'Sargachromenol', ""7,4'-Dimethoxyflavone"", 'Fasciculiferin', 'Farnisine', ""7,4'-Dihydroxyflavone"", '19´-(3,4-Methylenedioxyphenyl)-nonadecanoic acid', 'Tithonine', '21´-(3,4-Methylenedioxyphenyl)-henicosanoic acid', '(+)-Guaiacin', 'Methacrylic acid', ""4-Hydroxy-3-(3',7'-dimethyl-3'-hydroxy-1'-oxo-6'-octenyl)benzoic acid"", ""1,4-Dihydroxy-2-(3',7'-dimethyl-1'-oxo-2'-E-6'-octadienyl)benzene"", ""4-Hydroxy-(3',7'-dimethyl-1'-oxo-octa-2'-E-6'-dienyl)benzoic acid"", ""Sakuranetin; 5,4'-dihydroxy-7-methoxyflavanone"", ""Isosakuranetin; 5,7-dihydroxy-4'-methoxyflavanone"", ""Isoswertisin-2''α1-L-rhamnoside"", '2-Episesalatin', 'Sesartemin', ""Isoswertisin-4'-methyl-ether-2''α-L-rhamnoside"", 'Clusifoliol', '5,7-dimethoxy-2,2-dimethyl-2H-1-benzopyran-6-propanoic acid', 'Methyl (3R,4R,5R)-3-{[(2Z)-3-(3,4-dihydroxyphenyl)-2-propenoyl]oxy}-1,4,5-trihydroxycyclohexanecarboxylate', 'Methyl (3R,4R,5R)-3-{[(2E)-3-(3,4-dihydroxyphenyl)-2-propenoyl]oxy}-1,4,5-trihydroxycyclohexanecarboxylate', 'astilbin; Rel-(2R, 3R)-dihydroquercetin-3-O-±-L-rhamnoside', ""Aduncumene; Methyl 2-methoxy-5-(3'-methyl-1'-oxo-2'-butenyl)benzoate"", ""4-Hydroxy-(3',7'-dimethyl-1'-oxo-octa-2'-Z-6'-dienyl)benzoic acid"", ""Methyl 4-hydroxy-3-(3'-methyl-2'-hydroxy-3'-butenyl)benzoate"", ""4-Hydroxy-3-(3',7'-dimethylocta-2'-E-6'-dienyl)benzoic acid"", ""Methyl 4-hydroxy-3-(3'-methyl-2'-butenyl)benzoate"", '3,4,5-Trimethoxydihydrocinnamic acid', 'Methyl 2,2-dimethyl-1-oxo-2H-1-benzopyran-6-carboxylate', 'Piperaduncine B', ""2',6'-Dihydroxy-4'-methoxydihydrochalcone"", ""Hostmaniene; 4-Hydroxy-3-(2',3'-dihydroxy-3'-methylbutyl)benzoate"", ""Methyl taboganate; Methyl 4-hydroxy-3-(3'-methyl-1'-oxo-2'-butenyl)benzoate"", 'Xanthyletin', '4-metoxi-6-[2-(metilamino)fenil]- 2H-piran-2-ona', 'Pimara-7,15-dien-3β-ol', 'Ergosterol peroxide', 'Dimethyl terephthalate', '(22E,24R)-ergosta-4,6,8(14),22-tetraen-3-one', '8-hydroxy-6-methoxy-3-methylisocoumarin', 'Mycoleptone A', '9-hydroxyeugenin', 'Mycoleptone A tetraacetate', 'Mycoleptone B', 'Austdiol', '6-methoxyeugenin', 'Austdiol diacetate', 'Eugenitin', '7-Methoxydiderroside', 'Diderroside', ""6'-Acetyl-β-D-glucopyranosyldiderroside"", 'Secoxyloganin', '(+)-11α-Hydroxyerythravine', '(+)-α-Hydroxyerysotrine', '(+)-Erythravine', 'Nitensidine D', 'Nitensidine E', '2-n-Propylquinoline', ""2-(3',4'-methylenedioxyphenylethyl)-Quinoline"", ""2-(1'-pentenyl)-Quinoline"", '2-n-Pentylquinoline', 'Tagitinin C', '1-methoxy-3-hydroxy-3,10b-4,5a-diepoxy-8b-isobutyroyloxygermacr-11(13)-en-6a,12-olide', 'Isopimpinellin', 'Verrucosin', '7-Methyl-sargachromenol; 2,7,8-Trimethyl-2-[(3-E,7-Z)-4,12-dimethyl-8-carboxyl-3,7,11-tridecatrienyl]-3-chromen-6-ol, β-caroteno', 'Nectandrin B', 'Epi-guaiacin', '(-)-3-O-acetyl-spectaline', ""3,4-dimethyl-2-(4'-hydroxy-3',5'-dimethoxyphenyl)-5-methoxy-tetrahydrofuran"", 'cyclo (L)-Pro-Gly', 'Stearic acid 4-pentoyloxyphenethyl ester', 'Oleanonic acid', 'Iso-odoratol', 'Piscidinol A', 'cryptomeridiol', 'Pentaol', '3,11-dioxoolean-12-en-28- onic acid', 'Nilocetin', 'Hispidol A', ""Rel-(7R,8S,7'S,8'S)-4',5'-methylenedioxy-3,4,5,3'-tetramethoxy-7,7'-epoxylignan"", ""Rel-(7R,8S,7'S,8'S)-4-hydroxy-4',5'-methylenedioxy-3,5,3'-trimethoxy-7,7'-epoxylignan"", ""Rel-(7R,8S,7'S,8'S)-4'-hydroxy-3,4,5,3',5'-pentamethoxy-7,7'-epoxylignan"", ""Rel-(7R,8S,7'S,8'S)-9-hydroxy-4',5'-methylenedioxy-3,4,5,3'-tetramethoxy-7,7'-epoxylignan"", ""Rel-(7R,8S,7'S,8'S)-4,5,4',5'-dimethylenedioxy-3,3'-dimethoxy-7,7'-epoxylignan"", 'Methyl-8-hydroxy-2,2-dimethyl-2H-chromene-6-carboxylate', ""3-(3',7 '-dimethyl-2',6 '-octadienyl)-4-methoxy-benzoic acid"", ""4-Methoxy-3-(3',7'-dimethylocta-2'-E-6'-dienyl)benzoic acid"", ""2'-hydroxy-3,4,4'-trimethoxy-5',6'-(2'',2''-dimethylpyrano)-chalcone"", ""3',4'-methylenedioxy-5,6,7- trimethoxyflavone"", ""3',4'-methylenedioxy-5,5',6,7-tetramethoxyflavone"", ""3',4'-methylenedioxy-5,7-dimethoxyflavone"", '(3Z,5Z)-N-isobutyl-8-(30,40-methylenedioxy-phenyl)-heptadienamide', 'Pellitorine', '4,5-dihydropiperlonguminine; Piperlonguminine', '4,5-dihydropiperyline', 'Piperine', '(Z)-piplartine; 8(Z)-N-(12,13, 14-trimethoxycinnamoyl)- 3-pyridin-2-one', ""N-[3-(6'-methoxy-3',4'-methy-lenedioxyphenyl)-2(Z)-propenoyl]pyrrolidine"", '(E)-piplartine', '10,11-dihydropiperine; Δα,β-dihydropiperine', '8,9-dihydropiplartine; N-(12,13,14-trimethoxydihydrocinnamoyl)-Δ3-pyridin-2-one', 'penduletin 4-O-methyl ether', '3,3-O-dimethylquercetin', '2α,3α,19α- trihydroxyurs-12-en-28-oic acid', 'Chrysoeriol', 'acacetin', '2α,3α-dihydroxyolean-12- en-28-oic acid', 'p-hydroxybenzoic acid', '3-O-methylquercetin', '3,7,4-O-trimethylkaempferol', 'Aphidicolin', 'Strictosidine acid', '3,4-dehydrostrictosidine acid', 'Turbinatine', 'Cordifoline', 'Harman-3-carboxylic acid', '5α-carboxystrictosidine', '3,4-dehydro-strictosidine', 'Deoxycordifoline', 'Citrusinine-I', '1,3,5-trihydroxy-4-methoxy-10-methyl- 2,8-bis(3-methylbut-2-enyl)acridin-9(10H)-one', '3,4-dihydro-3,5,8-trihydroxy-6-methoxy-2,2,7-trimethyl-2Hpyrano[ 2,3-a]acridin-12(7H)-one', 'Glycocitrine-IV', '5-hydroxynoracronycine; Atalaphyllidine', 'Glycocitrine-I', '1,3,5-trihydroxy- 2,8-bis(3-methylbut-2-enyl)-10-methyl-9-acridone', 'Pyranofoline', 'Citrusinine-II', '21α,25-dimethylmelianodiol', '21β,25-dimethylmelianodiol', '3,21-Di-epi-feroniellide B', 'β-Gardiol', 'Ferulic acid', 'α-Gardiol', '2,3-dihydro-4,9-dihydroxy-2-(2-hydroxy-propan-2-yl)- 11-methoxy-10-methylfuro[3,2-b]acridin-5(10H)-one', 'Citibrasine', 'bis-5-hydroxyacronycine', '2α,3α-Dihydroxy-urs-12-en-28-oic acid', 'β-caryophyllene, trans-caryophyllene', 'Oleanolic acid 3-sophoroside', '3-O-β-D-(6’-methyl)-glucopyranosyl-28-O-β-D-glucopyranosyl-oleanate', '5-hydroxyflavone', '2-phenyl-4H-chromen-4-one', 'β-Sitosterol benzoate', 'Haplotusine', 'Cusculine; 1,2,3,5,6-pentamethoxy-9-acridone', 'Cuspanine; 1-hydroxy-2,3,5,6-tetramethoxy-9-acridone', 'Sinapyl 4-O-β-D-glucopyranoside aldehyde', 'N-acetylnonaine', 'Liriodenine', 'Sinapyl 4-O-β-D-glucopyranoside alcohol', '[10]-gingerol', '2-methyl-5-pentadecylresorcinol', '3β-hydroxy-stigmast-5-en-7-one; 24-β-7-oxositosterol', 'scillascillin', 'Homoegonol', '[8]-gingerol', '4-Hydroxymellein', '5-hydroxymellein', 'fraxinellonone', 'Dibenzyl sulphide', '(-) Cis-4-hydroxy-6-deoxyscytalone', 'Plumericin', '5-[8(Z),11(Z)-pentadecadienyl]resorcinol', 'Salacin', 'Viburgenin', ""Pterogynoside; Kaempferol-3-O-(3''-O-4'''-methylgallate-α-L-rhamnoside)"", 'Sorbifolin 6-O-β-glucopyranoside', 'Rel-2α-hydroxyzuelanin-6β-benzoate', '2,6-di-O-acetylcasearupestrin D', ""2,4-Dihydroxy-6-[(1'E,3'E)-penta-1', 3'-dienyl]-benzaldehyde"", 'Nitensidine A', ""8-hydroxy-3,5,7,3',4',5'-hexamethoxyflavonol"", 'Odoratol', 'Leptomerine', '5-hydroxy-N-methylseverifoline', '19,20-Epoxycytochalasin N', 'ellagic acid 4-O-α-L-rhamnopyranoside; eschweilenol C', 'Mayoside C', 'Ourateacatechin', ""3',4',5',5,7-pentamethoxyflavone"", 'Cognatine', 'Fagaramide', 'Casearupestrin C', '6α-malonyloxy-n-butyl ester manoyl oxide', 'citrusinine-I', 'Ricinine', 'Leptophyllin A', 'Pristimerin; 20α-3-hydroxy-2-oxo-24-nor-friedela-1-10,3,5,7-tetraen-carboxylic acid-29-methylester', '3,4,5-trimethoxyphenyl 1-O-β-D-apiofuranosyl-(1→6)-O-β-D-glucopyranoside', 'β-photogedunin', 'n-Butyl gallate', ""5-[3''-(β-D-glucopyranosyloxy)propyl]-7-methoxy-2-(3',4'-dimethoxyphenyl)benzofuran"", '3,12-Dihydroxycadalene', '7-hydroxy-3- (11-dimethylallyl)-8-methoxycoumarin', ""N-[7-(3',4'-methylenedioxyphenyl)-2(Z),4(Z)-heptadienoyl]pyrrolidine"", ""Acteoside; [β-3,4-dihydroxyphenyl)-ethyl]-(3'-O-α-L-rhamnopyranosyl)-(4'-O-cafeoyl)-β-D-glycopyranoside, verbascoside"", 'Ocotillone', 'des-N-methylnoracronycine', ""5-(3'' -Hydroxypropyl)-7-methoxy-2-(3',4' -methyl-enedioxyphenyl)benzofuran"", '22β-hydroxypristimerin', '1- (5,7-dihydroxy-2,2-dimethylchroman-6-yl)-3-(2,2-dimethylchroman- 6-yl)propan-1-one', 'Canavaline', 'Di-hydrodehydrodiconiferyl alcohol', 'Quercetin', ""2-(2'-O-trans-cinnamoyl)-C-β-D-glucopyranosyl-1,3,6,7-tetrahydroxyxanthone"", 'Kokusaginine', ""Methyl-2,2-dimethyl-8-(3'-methylbut-2'-enyl)chroman-6-carboxylate"", '2,7-Di-O-acetylcasearupestrin A', 'Nitensidine B', '1-methyl-2-n-nonyl-4-quinolone', '5-[8(Z),11(Z),14-pentadecatrienyl]resorcinol', 'Gallic acid; 3,4,5-trihydroxybenzoic acid', 'Maculosidine', 'Podocarpusflavone A', 'p-Coumaric acid', '(-)-Epigallocatechin', '5-pentadecylresorcinol', '19,20-Epoxycytochalasin D', 'fumiquinozoline F', 'Kaempferol 3-O-α-L-rhamnopyranosyl (1→6)-O-[β -D-glucopyranosyl (1→3)-O-α-L-rhamnopyranosyl-(1→2)]-O-β -D-glucopyranosyl', '3β-O-[α-L-rhamnopyranosyl-(1→2)-O-β-D-glucopyranosyl-(1→2)-O-β-D-glucopyranosyl]-28-O-β-D-glucopyranoside pomolate', 'Dibenzyl tetrasulphide', ""2',5-dihydroxy-3-methoxy-8-dimethylallyl-6, 7-(2' ',2''-dimethylpyrano)-dihydroflavonol"", '2-n-nonyl-4-quinolone', 'Cytochalasin D', 'Isoorientin', 'Skimmianine', 'p-hydroxybenzoic acid-geranyl ester', 'Caseobliquin A', 'Methyl angolensate', 'Benzylhydroxymethyl sulphide', '1,6-di-O-caffeoyl-β-D-glucopyranoside', '2-methyl-5-[8(Z),11(Z),14-pentadecatrienyl]resorcinol', '20-hydroxyecdysone; polypodine A', '3-Acetyl aleuritolic acid', 'Alkenoic acid', 'Quercetin 3-O-α-L-rhamnopyranosyl (1→6)-O-[β -D-glucopyranosyl (1→3)-O-α-L-rhamnopyranosyl-(1→2)]-O-β -D-glucopyranosyl', 'Heveaflavone', 'Dibenzyl disulphide', 'Proanthocyanidin', 'neoisoastilbin', '(R)-7-Hydroxymellein', '6α-acetoxymanoyl oxide', 'Methyl-8-hydroxy-2,2-dimethylchroman-6-carboxylate', '6α-acetoxy-14β,15β-epoxyazadirone', 'urauchimycin A', ""2-(2'-O-trans-caffeoyl)-C-β-D-glucopyranosyl-1,3,6,7-tetrahydroxyxanthone"", 'Netzahualcoyene', 'Casearin X Dialdehyde; (2R*,4aS*,5S*,7R*,8R*,8aS*)-4,4a-Diformyl-1,2,4a,5,6,7,8,8a-octahydro-5-hydroxy-7,8-dimethyl-8-[(2Z)-3-methylpenta-2,4-dien-1-yl]naphthalen-2-yl Butanoate', 'polypodine B', 'n-Propyl gallate', ""3',4',5',5,7,8-hexamethoxyflavone"", 'Isopropyl gallate', '6β-hydroxy-7-epigardoside methyl ester', 'Tetrahydropiperyline, N-[10-(13,14-methylenedioxyphenyl)-pentanoyl]-pyrrolidine', 'Piperovatine', '2,4,6-trimethoxybenzoic acid', '1-O-(E)-caffeoyl-β-D-glucopyranoside', 'Quercitrin, 3-O-α-rhamnosylquercetin', 'Netzahualcoyonol', '1-[3-(3,7-dimethylocta-2,6-dien-1-yl)-2,4,6- trihydroxyphenyl]-3-(4-hydroxyphenyl)propan-1-one', '6α-malonyloxymanoyl oxide', 'epoxy-fraxinellone', '12′-hydroxy-7′-multijuguinone', 'Arboreumine', '3-Oxoursolic acid', 'Casearupestrin B', 'toonacilin', 'Uracil', '1-O-(E)-feruloyl-β-D-glucopyranoside', '19,20-Epoxycytochalasin C', 'n-Pentyl gallate', 'Orcinol', 'Periconicin B', 'Phomopsilactone', ""(2S)-8-Isopentyl-2-methyl-2-(4'-methylpentyl)chroman-6-carboxylic acid"", '2,2-dimethyl-2H-chromene-6-carboxylic acid', '1,2-dihydro- 3β-hydroxy-7-deacetoxy-7-oxogedunin', 'Quercetin 3-O-sophoroside', '(3R,4R)-3,4-Dihydro-4,6-dihydroxy-3-methyl-1-oxo-1H-isochromene-5-carboxylic acid', '24-methylene-3,22-dihydroxycholesterol', 'amorphispironone', 'Casearupestrin D', 'Photogedunin', 'Casearin X; (1R*,3S*,5S*,6aR*,7S*,8S*,10R*,10aR*)-1-(Acetyloxy)-3,5,6,6a,7,8,9,10-octahydro-10-hydroxy-7,8-dimethyl-7-[(2Z)-3-methylpenta-2,4-dien-1-yl]naphtho[1,8a-c]furan-3,5-diyl Dibutanoate', ""2-(R)-Methyl-6-(S)-(tetradecyl-13'-one)-3(R)-O-tert-butyldimethylsilyl-piperidine"", '(2S)-Methyl-2-methyl-8-(3""-methylbut-2""-enyl)-2-(4\'-methylpent-3\'-enyl)-2H-chromene-6-carboxylate', 'Casearin T', 'Piperyline, N-[10-(13,14-methylenedioxyphenyl)-7(E),9(E)-pentadienoyl]-pyrrolidine', 'ω-fenil alcanoic acid', '2-butyl-D-fructofuranoside', ""Gaudichaudianic acid; (2S)-2-methyl-2-(4'methyl-3'-pentenyl)-8-(3''-methyl-2-butenyl)- 2H-1-benzopyran-6-carboxylic acid"", 'limonexic acid', 'Pedalitin', 'Burchellin', '5-[8(Z)-pentadecenyl]resorcinol', 'Luteolin; 2-(3,4-dihydroxyphenyl)-5,7-dihydroxy-4H-chromen-4-one', 'Sinapic acid', '19,20-Epoxycytochalasin Q', '19,20-Epoxycytochalasin R', 'Kaempferitrin', 'Nitensidine C', 'Dipropyl disulphide', '2-methyl-5-[8(Z),11(Z)-pentadecadienyl]resorcinol', 'Methyl 6,7,8-trimethoxydihydrocinnamate', '2-Hexyl-3-methyl-butanodioic acid', 'fraxinellone', '6-[ 8(Z),11(Z) -pentadecadienyl] salicylic acid', 'Di(benzyltrithio) methane', '3,11,12-Trihydroxycadalene', 'Netzahualcoyondiol', 'Piperol B', '(-)-Hardwickiic acid', ""5-[3''-(β-D-glucopyranosyloxy)propyl]-7-methoxy-2-(3',4'-methylenedioxyphenyl)benzofuran"", '28-O-β-D-glucopyranosyl quinovic acid', '2-Methyl-4-hydroxy-butyl caffeoate', 'N-1,N-2,N-3-Triisopentenylguanidine', 'Dibenzyl trisulphide', 'Maytenin, Tingenone', 'urauchimycin B', 'Chaetoglobosin B', ""2-(2'-O-benzoyl)-C-β-D-glucopyranosyl-1,3,6,7-tetrahydroxyxanthone"", 'Isoplumericin', 'α-L-xylopyranosyl-(4""→20)-(3-O-β-D-glucopyranosyl)-1\'-O-E-caffeoyl-β-D-glucopyranoside', '6-[8(Z)-pentadecenyl]salicylic acid', '(2S)-2-methyl-8-(3""-methylbut-2""-enyl)-2-(4\'-methylpent-3\'-enyl)-2H-chromene-6-carboxylic acid', 'Gedunin', 'Pedalin, pedalitin 6-O-β -glucopyranoside', 'Caseargrewiin F; (1R*,3S*,5S*,6aR*,7S*,8R*,10R*,10aR*)-1,3-Bis(acetyloxy)-3,5,6,6a,7,8,9,10-octahydro-10-hydroxy-7,8-dimethyl-7-[(2Z)-3-methylpenta-2,4-dien-1-yl]naphtho[1,8a-c]furan-5-yl Butanoate', 'Casearin L; (1R*,3S*,5S*,6aR*,7R*,8R*,9S*,10S*,10aR*)-1,10-Bis(acetyloxy)-3,5,6,6a,7,8,9,10-octahydro-9-hydroxy-5-methoxy-7,8-dimethyl-7-[(2Z)-3-methylpenta-2,4-dien-1-yl]naphtho[1,8a-c]-furan-3-yl Butanoate', 'Muraxanthone', 'Odoratone', 'Rel-6β-hydroxyzuelanin-2β-benzoate', 'shidasterone', '5-hydroxymethyl- 2-furancarboxaldehyde; 5-hydroxymethyl-2-furfuraldehyde', 'atalaphyllinine', 'N-[10- (13,14-methylenedioxyphenyl)-7(E)-pentaenoyl]-pyrrolidine', '2-Methyl-5-methoxy-benzopyran-4-one', '3,4-dihydroxybenzoic acid geranyl ester', 'N-[10-(13,14-methylenedioxyphenyl)-7(E),9(Z)-pentadienoyl]-pyrrolidine', 'Casearupestrin A', '(-)-Spectalinine', '3-O-β-D-quinovopyranosyl cincholic acid', 'Afzelin, 3-O-α-rhamnosyl kaempferol', 'Egonol', '4-Nerolidilcatechol', ""2-(2'-O-transcoumaroyl)-C-β-D-glucopyranosyl-1,3,6,7-tetrahydroxyxanthone"", 'Syringic acid', '2-oxo-piperol B; (7S*, 8R*, 1R*, 3R*)-3,4,5-trimethoxy-3,7-cyclo-8,1-neolig-8-ene-2,4(3H)-dione', 'taxifolin', ""(2'S)-2-(propan-2'-ol)-5-hydroxy-benzopyran-4-one"", 'Rel-(+)-(7S,9R,10S)-3,9,12-trihydroxycalamenene', 'Casearin S', '11β-acetoxyobacunone', '1-(5,7-dihydroxy-2,2-dimethylchroman- 6-yl)-3-[4-hydroxy-3-(3-methylbut-2-en-1-yl)- phenyl]propan-1-one', '(3R,4R)-4,7-Dihydroxymellein', ""Nitensoside B; Pedalitin 6-O-α-rhamnopyranosyl(1'''→6'')-β-glucopyranoside"", 'Amentoflavone', 'Sorbifolin', ""Nitensoside A; Sorbifolin 6-O-α-rhamnopyranosyl(1'''→6'')-β-glucopyranoside"", 'Casearin O; (1R*,3S*,5S*,6aR*,7R*,8R*,9S*,10S*,10aR*)-1,10-Bis(acetyloxy)-5-methoxy-7,8-dimethyl-7-[(2Z)-3-methylpenta-2,4-dien-1-yl]-3,5,6,6a,7,8,9,10-octahydronaphtho[1,8a-c]furan-3,9-diyl Dibutanoate', 'germacrene D', '6-pentadecylsalicylic acid', 'Methyl-2,2-dimethylchroman-6-carboxylate', ""Myrsinoic acid A, 3-Geranyl-4-hydroxy-5-(3'',3''-dimethylallyl)benzoic acid"", '20α-Hydroxymaytenin; 20-hydroxy-20-epi-tingenone', '(-)-Epigallocatechin-3-O-gallate', 'Platydesmine', 'Leiokinine A', 'Cabraleadiol', 'schaftoside', ""(2S)-Methyl-8-isopentyl-2-methyl-2-(4'-methylpentyl)chroman-6-carboxylate"", '3,4,5-Triacetoxybenzoic acid', 'Methyl gallate', 'arjunolic acid', 'stachysterone', 'Ethyl 2,4-dihydroxy-5,6-dimethylbenzoate', 'Amentoflavone 7”,4”’-dimethyl ether', 'Picramnioside F', 'Lauryl gallate', 'Syringaldehyde', '22-hydroxytirucalla-7,24-diene-2,3-dione', 'Trans-3’-methylsulphonylallyl trans-cinnamate', '(3-(2-(4-hydroxyphenyl)-2-oxoethyl)-5,6-dihydropyridin- 2(1H)-one)', 'Mangiferin', '(+)-3-O-feruloylcassine', '1-(5,7-dihydroxy-2,2-dimethylchroman-6-yl)-3-(1,1,4a-trimethyl-2,3,4,4a,9a-hexahydro-1H-xanthen-7-yl)propan-1-one', 'Methyl (E)-6,7,8-trimethoxycinnamate', '3,4,5-Trimethoxyphenyl-1-O-β-D-(5-O-syringoyl)-apiofuranosyl-(1→6)-β-D-glucopyranoside', '6-[8(Z),11(Z),14-pentadecatrienyl]salicylic acid', 'Isobutyl gallate', '7′-multijuguinone', 'Griseofulvin', ""7-Hydroxy-4',6-dimethoxyisoflavone; Afrormosin; Afromosin"", '8-methoxymellein', '(±)-Syringaresinol', 'Cyclo-(L-Pro-L-Val)', 'Acetonide of odoratol', '(−)-Grandisin', '24-methylenecycloartan-3b-ol', 'Ixoside', '2β-Hydroxyzuelanin-6β-cinnamate', 'Casearin D; (1R*,3S*,5S*,6aR*,7R*,8R*,9S*,10S*,10aR*)-1-(Acetyloxy)-3,5,6,6a,7,8,9,10-octahydro-5,10-dihydroxy-7,8-dimethyl-7-[(2Z)-3-methylpenta-2,4-dien-1-yl]naphtho[1,8a-c]furan-3,9-diyl Dibutanoate', 'Rel. (+)-(7S,10S) 3,12-dihydroxycalamenene', 'carlinoside', 'Methyl-8-(ethanoyloxy)-2,2-dimethyl-2H-chromene-6-carboxylate', 'Chalepin', 'Chlorogenic acid', '(4R)-4,8-dihydroxy-α-tetralone', 'Kaempferol', '3-O-β-D-quinovopyranosyl quinovic acid', '2-hydroxyphenylacetic acid', '2-methyl-5-[8(Z)-pentadecenyl]resorcinol']]",doi_name
"['10.1080/14786419.2011.647020', '(3-(2-(4-hydroxyphenyl)-2-oxoethyl)-5,6-dihydropyridin- 2(1H)-one)']","['10.1080/14786419.2011.647020', ['guaiol', 'Hinesol', 'γ-eudesmol', 'α-eudesmol', ""4-Hydroxy-3-(3',7'-dimethyl-3'-hydroxy-1'-oxo-6'-octenyl)benzoic acid"", ""Isosakuranetin; 5,7-dihydroxy-4'-methoxyflavanone"", ""1,4-Dihydroxy-2-(3',7'-dimethyl-1'-oxo-2'-E-6'-octadienyl)benzene"", ""4-Hydroxy-(3',7'-dimethyl-1'-oxo-octa-2'-E-6'-dienyl)benzoic acid"", ""Sakuranetin; 5,4'-dihydroxy-7-methoxyflavanone"", '8-hydroxy-6-methoxy-3-methylisocoumarin', 'Dimethyl terephthalate', 'Ergosterol peroxide', '(22E,24R)-ergosta-4,6,8(14),22-tetraen-3-one', 'Pimara-7,15-dien-3β-ol', ""3,4-dimethyl-2-(4'-hydroxy-3',5'-dimethoxyphenyl)-5-methoxy-tetrahydrofuran"", 'Galioside aglicone', 'Teucrein', '11-O-trans-feruloylteucrein', 'Galioside', 'Apodanthoside', 'penduletin 4-O-methyl ether', '3-O-methylquercetin', '2α,3α-dihydroxyolean-12- en-28-oic acid', '3,3-O-dimethylquercetin', '2α,3α,19α- trihydroxyurs-12-en-28-oic acid', '3,7,4-O-trimethylkaempferol', 'acacetin', 'p-hydroxybenzoic acid', 'Chrysoeriol', 'Aphidicolin', 'Chlorogenic acid methyl ester, Methyl (1S,3R,4R,5R)-3-{[(2E)-3-(3,4-dihydroxyphenyl)-2-propenoyl]oxy}-1,4,5-trihydroxycyclohexanecarboxylate', 'Beauvericin', 'Anhydrofusarubin', '(+)-α-Hydroxyerysotrine', '(+)-Erythravine', '(+)-11α-Hydroxyerythravine', 'Tagitinin C', '1-methoxy-3-hydroxy-3,10b-4,5a-diepoxy-8b-isobutyroyloxygermacr-11(13)-en-6a,12-olide', 'Nilocetin', 'Hispidol A', 'Iso-odoratol', 'Pentaol', '3,11-dioxoolean-12-en-28- onic acid', 'cryptomeridiol', 'Oleanonic acid', 'Piscidinol A', 'astilbin; Rel-(2R, 3R)-dihydroquercetin-3-O-±-L-rhamnoside', 'Clusifoliol', ""Isoswertisin-4'-methyl-ether-2''α-L-rhamnoside"", ""Isoswertisin-2''α1-L-rhamnoside"", '2-Episesalatin', 'Sesartemin', 'Methyl (3R,4R,5R)-3-{[(2Z)-3-(3,4-dihydroxyphenyl)-2-propenoyl]oxy}-1,4,5-trihydroxycyclohexanecarboxylate', 'Methyl (3R,4R,5R)-3-{[(2E)-3-(3,4-dihydroxyphenyl)-2-propenoyl]oxy}-1,4,5-trihydroxycyclohexanecarboxylate', '3,4-dihydro-3,5,8-trihydroxy-6-methoxy-2,2,7-trimethyl-2Hpyrano[ 2,3-a]acridin-12(7H)-one', 'Glycocitrine-I', 'Pyranofoline', 'Citrusinine-II', 'Glycocitrine-IV', '1,3,5-trihydroxy- 2,8-bis(3-methylbut-2-enyl)-10-methyl-9-acridone', '5-hydroxynoracronycine; Atalaphyllidine', 'Citrusinine-I', '1,3,5-trihydroxy-4-methoxy-10-methyl- 2,8-bis(3-methylbut-2-enyl)acridin-9(10H)-one', '2,3-dihydro-4,9-dihydroxy-2-(2-hydroxy-propan-2-yl)- 11-methoxy-10-methylfuro[3,2-b]acridin-5(10H)-one', 'Citibrasine', 'bis-5-hydroxyacronycine', '3,21-Di-epi-feroniellide B', '21α,25-dimethylmelianodiol', '21β,25-dimethylmelianodiol', 'Taraxerol acetate', ""3',4',5',3,5,7,8-heptamethoxyflavone"", ""3,5,6,7,3',4',5'-heptamethoxyflavonol"", 'Nitensidine E', 'Nitensidine D', 'Deoxycordifoline', '5α-carboxystrictosidine', '3,4-dehydrostrictosidine acid', 'Turbinatine', 'Harman-3-carboxylic acid', 'Cordifoline', '3,4-dehydro-strictosidine', 'Strictosidine acid', '(-)-3-O-acetyl-spectaline', '4-metoxi-6-[2-(metilamino)fenil]- 2H-piran-2-ona', ""3',4'-methylenedioxy-5,5',6,7-tetramethoxyflavone"", ""2'-hydroxy-3,4,4'-trimethoxy-5',6'-(2'',2''-dimethylpyrano)-chalcone"", ""3',4'-methylenedioxy-5,6,7- trimethoxyflavone"", ""3',4'-methylenedioxy-5,7-dimethoxyflavone"", '9-hydroxyeugenin', 'Mycoleptone A', 'Eugenitin', 'Austdiol', 'Mycoleptone B', 'Austdiol diacetate', '6-methoxyeugenin', 'Mycoleptone A tetraacetate', '5,7-dimethoxy-2,2-dimethyl-2H-1-benzopyran-6-propanoate', 'Stearic acid 4-pentoyloxyphenethyl ester', ""2',6'-Dihydroxy-4'-methoxydihydrochalcone"", ""Methyl taboganate; Methyl 4-hydroxy-3-(3'-methyl-1'-oxo-2'-butenyl)benzoate"", ""Hostmaniene; 4-Hydroxy-3-(2',3'-dihydroxy-3'-methylbutyl)benzoate"", 'Piperaduncine B', ""4-Hydroxy-3-(3',7'-dimethylocta-2'-E-6'-dienyl)benzoic acid"", 'Methyl 2,2-dimethyl-1-oxo-2H-1-benzopyran-6-carboxylate', '3,4,5-Trimethoxydihydrocinnamic acid', ""Methyl 4-hydroxy-3-(3'-methyl-2'-butenyl)benzoate"", ""Methyl 4-hydroxy-3-(3'-methyl-2'-hydroxy-3'-butenyl)benzoate"", ""4-Hydroxy-(3',7'-dimethyl-1'-oxo-octa-2'-Z-6'-dienyl)benzoic acid"", ""Aduncumene; Methyl 2-methoxy-5-(3'-methyl-1'-oxo-2'-butenyl)benzoate"", '5,7-dimethoxy-2,2-dimethyl-2H-1-benzopyran-6-propanoic acid', 'Kaempferol-3-O-D-glucopyranoside', 'Kaempferol-3-O-D-galactopyranoside', '6-Hydroxy-rutin', 'Quercetin-3-O-α-L-rhamnopyranosyl-(1→6)-β-D-galactopyranoside', 'Catechin, Ent-catechin', 'Kaempferol-3-O-α-L-rhamnopyranosyl-(1-6)-α-L-rhamnopyranosyl-(1-4)-β-D-glucopyranoside', 'Kaempferol-3-O-rutinoside', 'Procyanidin B-3', 'Kaempferol-3-O-α-L-rhamnopyranosyl-(1→6)-β-D-galactopyranoside', 'Methacrylic acid', 'Xanthyletin', 'Nectandrin B', 'Verrucosin', 'Epi-guaiacin', '7-Methyl-sargachromenol; 2,7,8-Trimethyl-2-[(3-E,7-Z)-4,12-dimethyl-8-carboxyl-3,7,11-tridecatrienyl]-3-chromen-6-ol, β-caroteno', ""7,4'-Dihydroxyflavone"", ""7,4'-Dimethoxyflavone"", '21´-(3,4-Methylenedioxyphenyl)-henicosanoic acid', 'Sargaquinoic acid', 'Sargachromenol', '19´-(3,4-Methylenedioxyphenyl)-nonadecanoic acid', 'Farnisine', '(+)-Guaiacin', '17-(3,4-Methylenedioxyphenyl)-heptadecanoic acid', 'Tithonine', ""Juruenolic acid; 2-(4'-Methylpentenyl-3)-10-oxoundecan-2,6-dienoic acid"", 'Fasciculiferin', ""4-Methoxy-3-(3',7'-dimethylocta-2'-E-6'-dienyl)benzoic acid"", 'Methyl-8-hydroxy-2,2-dimethyl-2H-chromene-6-carboxylate', ""3-(3',7 '-dimethyl-2',6 '-octadienyl)-4-methoxy-benzoic acid"", ""2-(3',4'-methylenedioxyphenylethyl)-Quinoline"", '2-n-Propylquinoline', '2-n-Pentylquinoline', ""2-(1'-pentenyl)-Quinoline"", ""Rel-(7R,8S,7'S,8'S)-4-hydroxy-4',5'-methylenedioxy-3,5,3'-trimethoxy-7,7'-epoxylignan"", ""Rel-(7R,8S,7'S,8'S)-4',5'-methylenedioxy-3,4,5,3'-tetramethoxy-7,7'-epoxylignan"", ""Rel-(7R,8S,7'S,8'S)-4,5,4',5'-dimethylenedioxy-3,3'-dimethoxy-7,7'-epoxylignan"", ""Rel-(7R,8S,7'S,8'S)-9-hydroxy-4',5'-methylenedioxy-3,4,5,3'-tetramethoxy-7,7'-epoxylignan"", ""Rel-(7R,8S,7'S,8'S)-4'-hydroxy-3,4,5,3',5'-pentamethoxy-7,7'-epoxylignan"", '7-Methoxydiderroside', 'Secoxyloganin', 'Diderroside', ""6'-Acetyl-β-D-glucopyranosyldiderroside"", 'β-Gardiol', 'Ferulic acid', 'α-Gardiol', 'cyclo (L)-Pro-Gly', 'Isopimpinellin', 'β-caryophyllene, trans-caryophyllene', '(3Z,5Z)-N-isobutyl-8-(30,40-methylenedioxy-phenyl)-heptadienamide', 'Pellitorine', '4,5-dihydropiperyline', '(Z)-piplartine; 8(Z)-N-(12,13, 14-trimethoxycinnamoyl)- 3-pyridin-2-one', 'Piperine', '8,9-dihydropiplartine; N-(12,13,14-trimethoxydihydrocinnamoyl)-Δ3-pyridin-2-one', '(E)-piplartine', ""N-[3-(6'-methoxy-3',4'-methy-lenedioxyphenyl)-2(Z)-propenoyl]pyrrolidine"", '10,11-dihydropiperine; Δα,β-dihydropiperine', '4,5-dihydropiperlonguminine; Piperlonguminine', 'Cuspanine; 1-hydroxy-2,3,5,6-tetramethoxy-9-acridone', 'Cusculine; 1,2,3,5,6-pentamethoxy-9-acridone', '2α,3α-Dihydroxy-urs-12-en-28-oic acid', 'Oleanolic acid 3-sophoroside', '3-O-β-D-(6’-methyl)-glucopyranosyl-28-O-β-D-glucopyranosyl-oleanate', 'Haplotusine', '5-hydroxyflavone', 'β-Sitosterol benzoate', '2-phenyl-4H-chromen-4-one', 'Sinapyl 4-O-β-D-glucopyranoside aldehyde', 'Sinapyl 4-O-β-D-glucopyranoside alcohol', 'Liriodenine', 'N-acetylnonaine', '[10]-gingerol', ""2,4-Dihydroxy-6-[(1'E,3'E)-penta-1', 3'-dienyl]-benzaldehyde"", '2-methyl-5-[8(Z)-pentadecenyl]resorcinol', 'Nitensidine A', '2-hydroxyphenylacetic acid', '3-O-β-D-quinovopyranosyl quinovic acid', 'Kaempferol', '3β-hydroxy-stigmast-5-en-7-one; 24-β-7-oxositosterol', 'scillascillin', 'Piperol B', '(-)-Hardwickiic acid', ""5-[3''-(β-D-glucopyranosyloxy)propyl]-7-methoxy-2-(3',4'-methylenedioxyphenyl)benzofuran"", '28-O-β-D-glucopyranosyl quinovic acid', '2-Methyl-4-hydroxy-butyl caffeoate', 'N-1,N-2,N-3-Triisopentenylguanidine', 'Dibenzyl trisulphide', '5-[8(Z),11(Z)-pentadecadienyl]resorcinol', '(4R)-4,8-dihydroxy-α-tetralone', ""8-hydroxy-3,5,7,3',4',5'-hexamethoxyflavonol"", 'Odoratol', 'Leptomerine', '5-hydroxy-N-methylseverifoline', '19,20-Epoxycytochalasin N', 'ellagic acid 4-O-α-L-rhamnopyranoside; eschweilenol C', 'Mayoside C', 'Ourateacatechin', ""3',4',5',5,7-pentamethoxyflavone"", '2-methyl-5-pentadecylresorcinol', '8-methoxymellein', '(±)-Syringaresinol', 'Cyclo-(L-Pro-L-Val)', 'Acetonide of odoratol', 'Kaempferol 3-O-α-L-rhamnopyranosyl (1→6)-O-[β -D-glucopyranosyl (1→3)-O-α-L-rhamnopyranosyl-(1→2)]-O-β -D-glucopyranosyl', '3β-O-[α-L-rhamnopyranosyl-(1→2)-O-β-D-glucopyranosyl-(1→2)-O-β-D-glucopyranosyl]-28-O-β-D-glucopyranoside pomolate', 'Dibenzyl tetrasulphide', '2,7-Di-O-acetylcasearupestrin A', 'Nitensidine B', '1-methyl-2-n-nonyl-4-quinolone', '5-[8(Z),11(Z),14-pentadecatrienyl]resorcinol', 'urauchimycin B', 'Homoegonol', '[8]-gingerol', '4-Hydroxymellein', '5-hydroxymellein', 'fraxinellonone', 'Dibenzyl sulphide', '(-) Cis-4-hydroxy-6-deoxyscytalone', 'Plumericin', 'des-N-methylnoracronycine', 'Sorbifolin 6-O-β-glucopyranoside', 'Rel-2α-hydroxyzuelanin-6β-benzoate', '2,6-di-O-acetylcasearupestrin D', ""Methyl-2,2-dimethyl-8-(3'-methylbut-2'-enyl)chroman-6-carboxylate"", '(-)-Spectalinine', 'Maculosidine', 'Podocarpusflavone A', 'Casearupestrin C', '6α-malonyloxy-n-butyl ester manoyl oxide', 'citrusinine-I', 'Ricinine', 'Leptophyllin A', '5-pentadecylresorcinol', '19,20-Epoxycytochalasin D', 'fumiquinozoline F', 'n-Butyl gallate', ""5-[3''-(β-D-glucopyranosyloxy)propyl]-7-methoxy-2-(3',4'-dimethoxyphenyl)benzofuran"", '3,12-Dihydroxycadalene', '7-hydroxy-3- (11-dimethylallyl)-8-methoxycoumarin', ""N-[7-(3',4'-methylenedioxyphenyl)-2(Z),4(Z)-heptadienoyl]pyrrolidine"", ""Acteoside; [β-3,4-dihydroxyphenyl)-ethyl]-(3'-O-α-L-rhamnopyranosyl)-(4'-O-cafeoyl)-β-D-glycopyranoside, verbascoside"", 'Caseobliquin A', 'Methyl angolensate', ""5-(3'' -Hydroxypropyl)-7-methoxy-2-(3',4' -methyl-enedioxyphenyl)benzofuran"", '22β-hydroxypristimerin', '1- (5,7-dihydroxy-2,2-dimethylchroman-6-yl)-3-(2,2-dimethylchroman- 6-yl)propan-1-one', 'Canavaline', 'Di-hydrodehydrodiconiferyl alcohol', 'Quercetin', ""2-(2'-O-trans-cinnamoyl)-C-β-D-glucopyranosyl-1,3,6,7-tetrahydroxyxanthone"", 'Ocotillone', 'Netzahualcoyonol', '1-[3-(3,7-dimethylocta-2,6-dien-1-yl)-2,4,6- trihydroxyphenyl]-3-(4-hydroxyphenyl)propan-1-one', '6α-malonyloxymanoyl oxide', 'Benzylhydroxymethyl sulphide', '1,6-di-O-caffeoyl-β-D-glucopyranoside', '2-methyl-5-[8(Z),11(Z),14-pentadecatrienyl]resorcinol', '20-hydroxyecdysone; polypodine A', '3-Acetyl aleuritolic acid', ""2',5-dihydroxy-3-methoxy-8-dimethylallyl-6, 7-(2' ',2''-dimethylpyrano)-dihydroflavonol"", '2-n-nonyl-4-quinolone', 'Cytochalasin D', 'Isoorientin', 'Netzahualcoyondiol', 'Pristimerin; 20α-3-hydroxy-2-oxo-24-nor-friedela-1-10,3,5,7-tetraen-carboxylic acid-29-methylester', '3,4,5-trimethoxyphenyl 1-O-β-D-apiofuranosyl-(1→6)-O-β-D-glucopyranoside', 'β-photogedunin', 'Heveaflavone', 'Arboreumine', '3-Oxoursolic acid', 'Casearupestrin B', 'toonacilin', 'Pedalitin', '1-O-(E)-feruloyl-β-D-glucopyranoside', '19,20-Epoxycytochalasin C', 'n-Pentyl gallate', 'Orcinol', 'Periconicin B', 'Phomopsilactone', 'Uracil', 'urauchimycin A', 'p-Coumaric acid', '(-)-Epigallocatechin', 'Gallic acid; 3,4,5-trihydroxybenzoic acid', 'Quercitrin, 3-O-α-rhamnosylquercetin', ""(2S)-8-Isopentyl-2-methyl-2-(4'-methylpentyl)chroman-6-carboxylic acid"", '2,2-dimethyl-2H-chromene-6-carboxylic acid', '1,2-dihydro- 3β-hydroxy-7-deacetoxy-7-oxogedunin', 'Photogedunin', 'Casearin X; (1R*,3S*,5S*,6aR*,7S*,8S*,10R*,10aR*)-1-(Acetyloxy)-3,5,6,6a,7,8,9,10-octahydro-10-hydroxy-7,8-dimethyl-7-[(2Z)-3-methylpenta-2,4-dien-1-yl]naphtho[1,8a-c]furan-3,5-diyl Dibutanoate', 'Skimmianine', 'p-hydroxybenzoic acid-geranyl ester', 'Dibenzyl disulphide', 'Proanthocyanidin', 'neoisoastilbin', '(R)-7-Hydroxymellein', '6α-acetoxymanoyl oxide', 'Alkenoic acid', 'Quercetin 3-O-α-L-rhamnopyranosyl (1→6)-O-[β -D-glucopyranosyl (1→3)-O-α-L-rhamnopyranosyl-(1→2)]-O-β -D-glucopyranosyl', '2-butyl-D-fructofuranoside', ""Gaudichaudianic acid; (2S)-2-methyl-2-(4'methyl-3'-pentenyl)-8-(3''-methyl-2-butenyl)- 2H-1-benzopyran-6-carboxylic acid"", 'limonexic acid', 'Di(benzyltrithio) methane', '3,11,12-Trihydroxycadalene', 'Netzahualcoyene', 'Casearin X Dialdehyde; (2R*,4aS*,5S*,7R*,8R*,8aS*)-4,4a-Diformyl-1,2,4a,5,6,7,8,8a-octahydro-5-hydroxy-7,8-dimethyl-8-[(2Z)-3-methylpenta-2,4-dien-1-yl]naphthalen-2-yl Butanoate', 'polypodine B', 'n-Propyl gallate', ""3',4',5',5,7,8-hexamethoxyflavone"", 'Isopropyl gallate', '6β-hydroxy-7-epigardoside methyl ester', 'Tetrahydropiperyline, N-[10-(13,14-methylenedioxyphenyl)-pentanoyl]-pyrrolidine', 'Piperovatine', '2,4,6-trimethoxybenzoic acid', '1-O-(E)-caffeoyl-β-D-glucopyranoside', 'Isoplumericin', '6α-acetoxy-14β,15β-epoxyazadirone', 'epoxy-fraxinellone', '12′-hydroxy-7′-multijuguinone', 'Kaempferitrin', 'Nitensidine C', 'Dipropyl disulphide', '2-methyl-5-[8(Z),11(Z)-pentadecadienyl]resorcinol', 'Methyl 6,7,8-trimethoxydihydrocinnamate', 'Methyl-8-hydroxy-2,2-dimethylchroman-6-carboxylate', 'α-L-xylopyranosyl-(4""→20)-(3-O-β-D-glucopyranosyl)-1\'-O-E-caffeoyl-β-D-glucopyranoside', ""2-(R)-Methyl-6-(S)-(tetradecyl-13'-one)-3(R)-O-tert-butyldimethylsilyl-piperidine"", '(2S)-Methyl-2-methyl-8-(3""-methylbut-2""-enyl)-2-(4\'-methylpent-3\'-enyl)-2H-chromene-6-carboxylate', 'Casearin T', 'Piperyline, N-[10-(13,14-methylenedioxyphenyl)-7(E),9(E)-pentadienoyl]-pyrrolidine', 'ω-fenil alcanoic acid', '(2S)-2-methyl-8-(3""-methylbut-2""-enyl)-2-(4\'-methylpent-3\'-enyl)-2H-chromene-6-carboxylic acid', 'Burchellin', '5-[8(Z)-pentadecenyl]resorcinol', 'Luteolin; 2-(3,4-dihydroxyphenyl)-5,7-dihydroxy-4H-chromen-4-one', 'Sinapic acid', '19,20-Epoxycytochalasin Q', '19,20-Epoxycytochalasin R', 'Muraxanthone', '3,4,5-Triacetoxybenzoic acid', 'Quercetin 3-O-sophoroside', '(3R,4R)-3,4-Dihydro-4,6-dihydroxy-3-methyl-1-oxo-1H-isochromene-5-carboxylic acid', '24-methylene-3,22-dihydroxycholesterol', 'amorphispironone', 'Casearupestrin D', 'Chaetoglobosin B', ""2-(2'-O-benzoyl)-C-β-D-glucopyranosyl-1,3,6,7-tetrahydroxyxanthone"", 'Rel-6β-hydroxyzuelanin-2β-benzoate', 'shidasterone', '5-hydroxymethyl- 2-furancarboxaldehyde; 5-hydroxymethyl-2-furfuraldehyde', 'atalaphyllinine', 'N-[10- (13,14-methylenedioxyphenyl)-7(E)-pentaenoyl]-pyrrolidine', '2-Methyl-5-methoxy-benzopyran-4-one', '3,4-dihydroxybenzoic acid geranyl ester', 'Gedunin', 'Pedalin, pedalitin 6-O-β -glucopyranoside', 'Caseargrewiin F; (1R*,3S*,5S*,6aR*,7S*,8R*,10R*,10aR*)-1,3-Bis(acetyloxy)-3,5,6,6a,7,8,9,10-octahydro-10-hydroxy-7,8-dimethyl-7-[(2Z)-3-methylpenta-2,4-dien-1-yl]naphtho[1,8a-c]furan-5-yl Butanoate', 'Casearin L; (1R*,3S*,5S*,6aR*,7R*,8R*,9S*,10S*,10aR*)-1,10-Bis(acetyloxy)-3,5,6,6a,7,8,9,10-octahydro-9-hydroxy-5-methoxy-7,8-dimethyl-7-[(2Z)-3-methylpenta-2,4-dien-1-yl]naphtho[1,8a-c]-furan-3-yl Butanoate', '2-Hexyl-3-methyl-butanodioic acid', 'fraxinellone', '6-[ 8(Z),11(Z) -pentadecadienyl] salicylic acid', 'N-[10-(13,14-methylenedioxyphenyl)-7(E),9(Z)-pentadienoyl]-pyrrolidine', '6-[8(Z)-pentadecenyl]salicylic acid', ""Nitensoside A; Sorbifolin 6-O-α-rhamnopyranosyl(1'''→6'')-β-glucopyranoside"", 'Platydesmine', 'Leiokinine A', 'Cabraleadiol', 'schaftoside', ""(2S)-Methyl-8-isopentyl-2-methyl-2-(4'-methylpentyl)chroman-6-carboxylate"", 'Casearupestrin A', '2-oxo-piperol B; (7S*, 8R*, 1R*, 3R*)-3,4,5-trimethoxy-3,7-cyclo-8,1-neolig-8-ene-2,4(3H)-dione', 'taxifolin', ""(2'S)-2-(propan-2'-ol)-5-hydroxy-benzopyran-4-one"", 'Rel-(+)-(7S,9R,10S)-3,9,12-trihydroxycalamenene', 'Casearin S', '11β-acetoxyobacunone', '1-(5,7-dihydroxy-2,2-dimethylchroman- 6-yl)-3-[4-hydroxy-3-(3-methylbut-2-en-1-yl)- phenyl]propan-1-one', '(3R,4R)-4,7-Dihydroxymellein', 'Odoratone', 'arjunolic acid', ""Nitensoside B; Pedalitin 6-O-α-rhamnopyranosyl(1'''→6'')-β-glucopyranoside"", 'Methyl gallate', '3-O-β-D-quinovopyranosyl cincholic acid', 'Afzelin, 3-O-α-rhamnosyl kaempferol', 'Egonol', '4-Nerolidilcatechol', ""2-(2'-O-transcoumaroyl)-C-β-D-glucopyranosyl-1,3,6,7-tetrahydroxyxanthone"", 'Syringic acid', '(+)-3-O-feruloylcassine', 'Amentoflavone', '1-(5,7-dihydroxy-2,2-dimethylchroman-6-yl)-3-(1,1,4a-trimethyl-2,3,4,4a,9a-hexahydro-1H-xanthen-7-yl)propan-1-one', 'Methyl (E)-6,7,8-trimethoxycinnamate', '3,4,5-Trimethoxyphenyl-1-O-β-D-(5-O-syringoyl)-apiofuranosyl-(1→6)-β-D-glucopyranoside', '6-[8(Z),11(Z),14-pentadecatrienyl]salicylic acid', 'Sorbifolin', '7′-multijuguinone', 'Griseofulvin', ""7-Hydroxy-4',6-dimethoxyisoflavone; Afrormosin; Afromosin"", 'Casearin O; (1R*,3S*,5S*,6aR*,7R*,8R*,9S*,10S*,10aR*)-1,10-Bis(acetyloxy)-5-methoxy-7,8-dimethyl-7-[(2Z)-3-methylpenta-2,4-dien-1-yl]-3,5,6,6a,7,8,9,10-octahydronaphtho[1,8a-c]furan-3,9-diyl Dibutanoate', 'germacrene D', 'Salacin', '6-pentadecylsalicylic acid', 'Methyl-2,2-dimethylchroman-6-carboxylate', ""Myrsinoic acid A, 3-Geranyl-4-hydroxy-5-(3'',3''-dimethylallyl)benzoic acid"", '20α-Hydroxymaytenin; 20-hydroxy-20-epi-tingenone', '(-)-Epigallocatechin-3-O-gallate', 'Casearin D; (1R*,3S*,5S*,6aR*,7R*,8R*,9S*,10S*,10aR*)-1-(Acetyloxy)-3,5,6,6a,7,8,9,10-octahydro-5,10-dihydroxy-7,8-dimethyl-7-[(2Z)-3-methylpenta-2,4-dien-1-yl]naphtho[1,8a-c]furan-3,9-diyl Dibutanoate', 'Rel. (+)-(7S,10S) 3,12-dihydroxycalamenene', 'carlinoside', 'Methyl-8-(ethanoyloxy)-2,2-dimethyl-2H-chromene-6-carboxylate', '2β-Hydroxyzuelanin-6β-cinnamate', 'Maytenin, Tingenone', 'Kokusaginine', ""2-(2'-O-trans-caffeoyl)-C-β-D-glucopyranosyl-1,3,6,7-tetrahydroxyxanthone"", 'stachysterone', 'Ethyl 2,4-dihydroxy-5,6-dimethylbenzoate', 'Amentoflavone 7”,4”’-dimethyl ether', 'Picramnioside F', 'Lauryl gallate', 'Syringaldehyde', '22-hydroxytirucalla-7,24-diene-2,3-dione', 'Trans-3’-methylsulphonylallyl trans-cinnamate', '(3-(2-(4-hydroxyphenyl)-2-oxoethyl)-5,6-dihydropyridin- 2(1H)-one)', 'Mangiferin', 'Viburgenin', ""Pterogynoside; Kaempferol-3-O-(3''-O-4'''-methylgallate-α-L-rhamnoside)"", 'Isobutyl gallate', '(−)-Grandisin', '24-methylenecycloartan-3b-ol', 'Ixoside', 'Cognatine', 'Fagaramide', 'Chalepin', 'Chlorogenic acid']]",doi_name
"['10.1021/np030100t', ""2-(2'-O-transcoumaroyl)-C-β-D-glucopyranosyl-1,3,6,7-tetrahydroxyxanthone""]","['10.1021/np030100t', ['Galioside aglicone', 'Teucrein', '11-O-trans-feruloylteucrein', 'Apodanthoside', 'Galioside', 'Hinesol', 'guaiol', 'γ-eudesmol', 'α-eudesmol', 'Mycoleptone A', '9-hydroxyeugenin', 'Eugenitin', 'Austdiol diacetate', 'Austdiol', 'Mycoleptone B', '6-methoxyeugenin', 'Mycoleptone A tetraacetate', ""2'-hydroxy-3,4,4'-trimethoxy-5',6'-(2'',2''-dimethylpyrano)-chalcone"", ""3',4'-methylenedioxy-5,6,7- trimethoxyflavone"", ""3',4'-methylenedioxy-5,5',6,7-tetramethoxyflavone"", ""3',4'-methylenedioxy-5,7-dimethoxyflavone"", '3,21-Di-epi-feroniellide B', '21β,25-dimethylmelianodiol', '21α,25-dimethylmelianodiol', 'Secoxyloganin', '7-Methoxydiderroside', ""6'-Acetyl-β-D-glucopyranosyldiderroside"", 'Diderroside', '5,7-dimethoxy-2,2-dimethyl-2H-1-benzopyran-6-propanoate', 'Sargachromenol', ""7,4'-Dihydroxyflavone"", 'Sargaquinoic acid', '21´-(3,4-Methylenedioxyphenyl)-henicosanoic acid', ""7,4'-Dimethoxyflavone"", '19´-(3,4-Methylenedioxyphenyl)-nonadecanoic acid', '(+)-Guaiacin', 'Farnisine', ""Juruenolic acid; 2-(4'-Methylpentenyl-3)-10-oxoundecan-2,6-dienoic acid"", 'Fasciculiferin', 'Tithonine', '17-(3,4-Methylenedioxyphenyl)-heptadecanoic acid', ""3-(3',7 '-dimethyl-2',6 '-octadienyl)-4-methoxy-benzoic acid"", ""4-Methoxy-3-(3',7'-dimethylocta-2'-E-6'-dienyl)benzoic acid"", 'Methyl-8-hydroxy-2,2-dimethyl-2H-chromene-6-carboxylate', 'Nectandrin B', 'Verrucosin', 'Epi-guaiacin', '7-Methyl-sargachromenol; 2,7,8-Trimethyl-2-[(3-E,7-Z)-4,12-dimethyl-8-carboxyl-3,7,11-tridecatrienyl]-3-chromen-6-ol, β-caroteno', 'Chlorogenic acid methyl ester, Methyl (1S,3R,4R,5R)-3-{[(2E)-3-(3,4-dihydroxyphenyl)-2-propenoyl]oxy}-1,4,5-trihydroxycyclohexanecarboxylate', '(-)-3-O-acetyl-spectaline', '2,3-dihydro-4,9-dihydroxy-2-(2-hydroxy-propan-2-yl)- 11-methoxy-10-methylfuro[3,2-b]acridin-5(10H)-one', 'bis-5-hydroxyacronycine', 'Citibrasine', ""Rel-(7R,8S,7'S,8'S)-4'-hydroxy-3,4,5,3',5'-pentamethoxy-7,7'-epoxylignan"", ""Rel-(7R,8S,7'S,8'S)-4-hydroxy-4',5'-methylenedioxy-3,5,3'-trimethoxy-7,7'-epoxylignan"", ""Rel-(7R,8S,7'S,8'S)-9-hydroxy-4',5'-methylenedioxy-3,4,5,3'-tetramethoxy-7,7'-epoxylignan"", ""Rel-(7R,8S,7'S,8'S)-4',5'-methylenedioxy-3,4,5,3'-tetramethoxy-7,7'-epoxylignan"", ""Rel-(7R,8S,7'S,8'S)-4,5,4',5'-dimethylenedioxy-3,3'-dimethoxy-7,7'-epoxylignan"", ""2-(1'-pentenyl)-Quinoline"", '2-n-Propylquinoline', '2-n-Pentylquinoline', ""2-(3',4'-methylenedioxyphenylethyl)-Quinoline"", 'α-Gardiol', 'Ferulic acid', 'β-Gardiol', 'Xanthyletin', 'cyclo (L)-Pro-Gly', 'Pyranofoline', 'Citrusinine-I', '5-hydroxynoracronycine; Atalaphyllidine', 'Glycocitrine-IV', 'Glycocitrine-I', '1,3,5-trihydroxy- 2,8-bis(3-methylbut-2-enyl)-10-methyl-9-acridone', 'Citrusinine-II', '1,3,5-trihydroxy-4-methoxy-10-methyl- 2,8-bis(3-methylbut-2-enyl)acridin-9(10H)-one', '3,4-dihydro-3,5,8-trihydroxy-6-methoxy-2,2,7-trimethyl-2Hpyrano[ 2,3-a]acridin-12(7H)-one', 'Nitensidine E', 'Nitensidine D', 'p-hydroxybenzoic acid', '2α,3α-dihydroxyolean-12- en-28-oic acid', 'penduletin 4-O-methyl ether', '3,3-O-dimethylquercetin', '3,7,4-O-trimethylkaempferol', '3-O-methylquercetin', 'acacetin', 'Chrysoeriol', '2α,3α,19α- trihydroxyurs-12-en-28-oic acid', ""3,4-dimethyl-2-(4'-hydroxy-3',5'-dimethoxyphenyl)-5-methoxy-tetrahydrofuran"", '10,11-dihydropiperine; Δα,β-dihydropiperine', '8,9-dihydropiplartine; N-(12,13,14-trimethoxydihydrocinnamoyl)-Δ3-pyridin-2-one', 'Piperine', '4,5-dihydropiperlonguminine; Piperlonguminine', ""N-[3-(6'-methoxy-3',4'-methy-lenedioxyphenyl)-2(Z)-propenoyl]pyrrolidine"", '(E)-piplartine', '4,5-dihydropiperyline', '(Z)-piplartine; 8(Z)-N-(12,13, 14-trimethoxycinnamoyl)- 3-pyridin-2-one', '(3Z,5Z)-N-isobutyl-8-(30,40-methylenedioxy-phenyl)-heptadienamide', 'Pellitorine', '(+)-Erythravine', '(+)-11α-Hydroxyerythravine', '(+)-α-Hydroxyerysotrine', 'Kaempferol-3-O-α-L-rhamnopyranosyl-(1→6)-β-D-galactopyranoside', 'Kaempferol-3-O-rutinoside', 'Catechin, Ent-catechin', '6-Hydroxy-rutin', 'Procyanidin B-3', 'Kaempferol-3-O-α-L-rhamnopyranosyl-(1-6)-α-L-rhamnopyranosyl-(1-4)-β-D-glucopyranoside', 'Quercetin-3-O-α-L-rhamnopyranosyl-(1→6)-β-D-galactopyranoside', 'Kaempferol-3-O-D-glucopyranoside', 'Kaempferol-3-O-D-galactopyranoside', ""Aduncumene; Methyl 2-methoxy-5-(3'-methyl-1'-oxo-2'-butenyl)benzoate"", ""4-Hydroxy-(3',7'-dimethyl-1'-oxo-octa-2'-Z-6'-dienyl)benzoic acid"", ""Methyl 4-hydroxy-3-(3'-methyl-2'-hydroxy-3'-butenyl)benzoate"", ""4-Hydroxy-3-(3',7'-dimethylocta-2'-E-6'-dienyl)benzoic acid"", 'Piperaduncine B', ""Hostmaniene; 4-Hydroxy-3-(2',3'-dihydroxy-3'-methylbutyl)benzoate"", ""Methyl taboganate; Methyl 4-hydroxy-3-(3'-methyl-1'-oxo-2'-butenyl)benzoate"", ""Methyl 4-hydroxy-3-(3'-methyl-2'-butenyl)benzoate"", '3,4,5-Trimethoxydihydrocinnamic acid', 'Methyl 2,2-dimethyl-1-oxo-2H-1-benzopyran-6-carboxylate', ""2',6'-Dihydroxy-4'-methoxydihydrochalcone"", '5,7-dimethoxy-2,2-dimethyl-2H-1-benzopyran-6-propanoic acid', 'Aphidicolin', 'Isopimpinellin', '3,4-dehydro-strictosidine', 'Harman-3-carboxylic acid', '3,4-dehydrostrictosidine acid', 'Cordifoline', 'Turbinatine', 'Strictosidine acid', '5α-carboxystrictosidine', 'Deoxycordifoline', 'Taraxerol acetate', 'Methyl (3R,4R,5R)-3-{[(2E)-3-(3,4-dihydroxyphenyl)-2-propenoyl]oxy}-1,4,5-trihydroxycyclohexanecarboxylate', 'Methyl (3R,4R,5R)-3-{[(2Z)-3-(3,4-dihydroxyphenyl)-2-propenoyl]oxy}-1,4,5-trihydroxycyclohexanecarboxylate', 'Beauvericin', 'Anhydrofusarubin', ""3',4',5',3,5,7,8-heptamethoxyflavone"", ""3,5,6,7,3',4',5'-heptamethoxyflavonol"", '1-methoxy-3-hydroxy-3,10b-4,5a-diepoxy-8b-isobutyroyloxygermacr-11(13)-en-6a,12-olide', 'Tagitinin C', ""4-Hydroxy-3-(3',7'-dimethyl-3'-hydroxy-1'-oxo-6'-octenyl)benzoic acid"", ""1,4-Dihydroxy-2-(3',7'-dimethyl-1'-oxo-2'-E-6'-octadienyl)benzene"", ""Isosakuranetin; 5,7-dihydroxy-4'-methoxyflavanone"", ""4-Hydroxy-(3',7'-dimethyl-1'-oxo-octa-2'-E-6'-dienyl)benzoic acid"", ""Sakuranetin; 5,4'-dihydroxy-7-methoxyflavanone"", 'Nilocetin', 'Hispidol A', 'Pentaol', '3,11-dioxoolean-12-en-28- onic acid', 'cryptomeridiol', 'Iso-odoratol', 'Piscidinol A', 'Oleanonic acid', 'astilbin; Rel-(2R, 3R)-dihydroquercetin-3-O-±-L-rhamnoside', '4-metoxi-6-[2-(metilamino)fenil]- 2H-piran-2-ona', 'Stearic acid 4-pentoyloxyphenethyl ester', 'Clusifoliol', ""Isoswertisin-4'-methyl-ether-2''α-L-rhamnoside"", '2-Episesalatin', ""Isoswertisin-2''α1-L-rhamnoside"", 'Sesartemin', '8-hydroxy-6-methoxy-3-methylisocoumarin', 'Ergosterol peroxide', '(22E,24R)-ergosta-4,6,8(14),22-tetraen-3-one', 'Dimethyl terephthalate', 'Pimara-7,15-dien-3β-ol', 'β-caryophyllene, trans-caryophyllene', 'Methacrylic acid', 'Cusculine; 1,2,3,5,6-pentamethoxy-9-acridone', 'Cuspanine; 1-hydroxy-2,3,5,6-tetramethoxy-9-acridone', '2α,3α-Dihydroxy-urs-12-en-28-oic acid', 'Oleanolic acid 3-sophoroside', '3-O-β-D-(6’-methyl)-glucopyranosyl-28-O-β-D-glucopyranosyl-oleanate', 'β-Sitosterol benzoate', '5-hydroxyflavone', '2-phenyl-4H-chromen-4-one', 'Haplotusine', 'Sinapyl 4-O-β-D-glucopyranoside aldehyde', 'N-acetylnonaine', 'Sinapyl 4-O-β-D-glucopyranoside alcohol', 'Liriodenine', '[10]-gingerol', ""2,4-Dihydroxy-6-[(1'E,3'E)-penta-1', 3'-dienyl]-benzaldehyde"", '2-methyl-5-[8(Z)-pentadecenyl]resorcinol', 'Kaempferol', '2-hydroxyphenylacetic acid', '3-O-β-D-quinovopyranosyl quinovic acid', '(4R)-4,8-dihydroxy-α-tetralone', 'scillascillin', 'Chlorogenic acid', 'Chalepin', 'Kokusaginine', ""2-(2'-O-trans-caffeoyl)-C-β-D-glucopyranosyl-1,3,6,7-tetrahydroxyxanthone"", 'Netzahualcoyene', 'Casearin X Dialdehyde; (2R*,4aS*,5S*,7R*,8R*,8aS*)-4,4a-Diformyl-1,2,4a,5,6,7,8,8a-octahydro-5-hydroxy-7,8-dimethyl-8-[(2Z)-3-methylpenta-2,4-dien-1-yl]naphthalen-2-yl Butanoate', 'polypodine B', 'n-Propyl gallate', 'Leptomerine', '5-hydroxy-N-methylseverifoline', '19,20-Epoxycytochalasin N', 'ellagic acid 4-O-α-L-rhamnopyranoside; eschweilenol C', 'Mayoside C', 'Ourateacatechin', ""3',4',5',5,7-pentamethoxyflavone"", '2-methyl-5-pentadecylresorcinol', '3β-hydroxy-stigmast-5-en-7-one; 24-β-7-oxositosterol', ""Pterogynoside; Kaempferol-3-O-(3''-O-4'''-methylgallate-α-L-rhamnoside)"", 'Isobutyl gallate', '7′-multijuguinone', 'Griseofulvin', ""7-Hydroxy-4',6-dimethoxyisoflavone; Afrormosin; Afromosin"", '8-methoxymellein', '(±)-Syringaresinol', 'fraxinellonone', 'Quercetin', ""2-(2'-O-trans-cinnamoyl)-C-β-D-glucopyranosyl-1,3,6,7-tetrahydroxyxanthone"", 'Ocotillone', 'des-N-methylnoracronycine', 'Sorbifolin 6-O-β-glucopyranoside', 'Rel-2α-hydroxyzuelanin-6β-benzoate', '2,6-di-O-acetylcasearupestrin D', ""Methyl-2,2-dimethyl-8-(3'-methylbut-2'-enyl)chroman-6-carboxylate"", '2,7-Di-O-acetylcasearupestrin A', 'Nitensidine B', '1-methyl-2-n-nonyl-4-quinolone', '5-[8(Z),11(Z),14-pentadecatrienyl]resorcinol', 'Nitensidine A', ""8-hydroxy-3,5,7,3',4',5'-hexamethoxyflavonol"", 'Odoratol', 'Cytochalasin D', 'Isoorientin', 'Uracil', 'Maculosidine', 'Podocarpusflavone A', 'Casearupestrin C', '6α-malonyloxy-n-butyl ester manoyl oxide', 'citrusinine-I', 'Ricinine', 'Leptophyllin A', '5-pentadecylresorcinol', 'urauchimycin B', 'Homoegonol', '[8]-gingerol', '4-Hydroxymellein', '5-hydroxymellein', 'Pristimerin; 20α-3-hydroxy-2-oxo-24-nor-friedela-1-10,3,5,7-tetraen-carboxylic acid-29-methylester', '3,4,5-trimethoxyphenyl 1-O-β-D-apiofuranosyl-(1→6)-O-β-D-glucopyranoside', 'β-photogedunin', 'n-Butyl gallate', 'Dibenzyl sulphide', '(-) Cis-4-hydroxy-6-deoxyscytalone', 'Plumericin', '5-[8(Z),11(Z)-pentadecadienyl]resorcinol', '(-)-Spectalinine', '19,20-Epoxycytochalasin D', 'fumiquinozoline F', 'Kaempferol 3-O-α-L-rhamnopyranosyl (1→6)-O-[β -D-glucopyranosyl (1→3)-O-α-L-rhamnopyranosyl-(1→2)]-O-β -D-glucopyranosyl', '3β-O-[α-L-rhamnopyranosyl-(1→2)-O-β-D-glucopyranosyl-(1→2)-O-β-D-glucopyranosyl]-28-O-β-D-glucopyranoside pomolate', 'Dibenzyl tetrasulphide', ""2',5-dihydroxy-3-methoxy-8-dimethylallyl-6, 7-(2' ',2''-dimethylpyrano)-dihydroflavonol"", '2-n-nonyl-4-quinolone', 'Heveaflavone', 'Arboreumine', '3-Oxoursolic acid', 'Casearupestrin B', 'toonacilin', 'Pedalitin', 'urauchimycin A', 'p-Coumaric acid', '(-)-Epigallocatechin', 'Netzahualcoyonol', '1-[3-(3,7-dimethylocta-2,6-dien-1-yl)-2,4,6- trihydroxyphenyl]-3-(4-hydroxyphenyl)propan-1-one', '6α-malonyloxymanoyl oxide', 'Benzylhydroxymethyl sulphide', '1,6-di-O-caffeoyl-β-D-glucopyranoside', '2-methyl-5-[8(Z),11(Z),14-pentadecatrienyl]resorcinol', 'Netzahualcoyondiol', '1,2-dihydro- 3β-hydroxy-7-deacetoxy-7-oxogedunin', 'Photogedunin', 'Casearin X; (1R*,3S*,5S*,6aR*,7S*,8S*,10R*,10aR*)-1-(Acetyloxy)-3,5,6,6a,7,8,9,10-octahydro-10-hydroxy-7,8-dimethyl-7-[(2Z)-3-methylpenta-2,4-dien-1-yl]naphtho[1,8a-c]furan-3,5-diyl Dibutanoate', 'Skimmianine', 'p-hydroxybenzoic acid-geranyl ester', 'Dibenzyl disulphide', 'Proanthocyanidin', ""5-[3''-(β-D-glucopyranosyloxy)propyl]-7-methoxy-2-(3',4'-dimethoxyphenyl)benzofuran"", '3,12-Dihydroxycadalene', '7-hydroxy-3- (11-dimethylallyl)-8-methoxycoumarin', ""N-[7-(3',4'-methylenedioxyphenyl)-2(Z),4(Z)-heptadienoyl]pyrrolidine"", ""Acteoside; [β-3,4-dihydroxyphenyl)-ethyl]-(3'-O-α-L-rhamnopyranosyl)-(4'-O-cafeoyl)-β-D-glycopyranoside, verbascoside"", '20-hydroxyecdysone; polypodine A', '3-Acetyl aleuritolic acid', 'Alkenoic acid', 'Quercetin 3-O-α-L-rhamnopyranosyl (1→6)-O-[β -D-glucopyranosyl (1→3)-O-α-L-rhamnopyranosyl-(1→2)]-O-β -D-glucopyranosyl', 'Quercitrin, 3-O-α-rhamnosylquercetin', 'Caseobliquin A', 'Methyl angolensate', ""5-(3'' -Hydroxypropyl)-7-methoxy-2-(3',4' -methyl-enedioxyphenyl)benzofuran"", '22β-hydroxypristimerin', '1- (5,7-dihydroxy-2,2-dimethylchroman-6-yl)-3-(2,2-dimethylchroman- 6-yl)propan-1-one', 'Canavaline', 'Di-hydrodehydrodiconiferyl alcohol', '1-O-(E)-feruloyl-β-D-glucopyranoside', '19,20-Epoxycytochalasin C', 'n-Pentyl gallate', 'Orcinol', 'Periconicin B', 'Phomopsilactone', ""(2S)-8-Isopentyl-2-methyl-2-(4'-methylpentyl)chroman-6-carboxylic acid"", '2,2-dimethyl-2H-chromene-6-carboxylic acid', 'α-L-xylopyranosyl-(4""→20)-(3-O-β-D-glucopyranosyl)-1\'-O-E-caffeoyl-β-D-glucopyranoside', ""2-(R)-Methyl-6-(S)-(tetradecyl-13'-one)-3(R)-O-tert-butyldimethylsilyl-piperidine"", '(2S)-Methyl-2-methyl-8-(3""-methylbut-2""-enyl)-2-(4\'-methylpent-3\'-enyl)-2H-chromene-6-carboxylate', 'Casearin T', 'Piperyline, N-[10-(13,14-methylenedioxyphenyl)-7(E),9(E)-pentadienoyl]-pyrrolidine', 'ω-fenil alcanoic acid', '2-butyl-D-fructofuranoside', ""Gaudichaudianic acid; (2S)-2-methyl-2-(4'methyl-3'-pentenyl)-8-(3''-methyl-2-butenyl)- 2H-1-benzopyran-6-carboxylic acid"", 'limonexic acid', 'Di(benzyltrithio) methane', '28-O-β-D-glucopyranosyl quinovic acid', '2-Methyl-4-hydroxy-butyl caffeoate', 'N-1,N-2,N-3-Triisopentenylguanidine', 'Dibenzyl trisulphide', 'Maytenin, Tingenone', 'Gallic acid; 3,4,5-trihydroxybenzoic acid', '(3R,4R)-3,4-Dihydro-4,6-dihydroxy-3-methyl-1-oxo-1H-isochromene-5-carboxylic acid', '24-methylene-3,22-dihydroxycholesterol', 'amorphispironone', 'Casearupestrin D', 'Chaetoglobosin B', ""2-(2'-O-benzoyl)-C-β-D-glucopyranosyl-1,3,6,7-tetrahydroxyxanthone"", 'Isoplumericin', '6α-acetoxy-14β,15β-epoxyazadirone', 'epoxy-fraxinellone', '12′-hydroxy-7′-multijuguinone', 'Kaempferitrin', 'Nitensidine C', 'neoisoastilbin', '(R)-7-Hydroxymellein', '6α-acetoxymanoyl oxide', 'Methyl-8-hydroxy-2,2-dimethylchroman-6-carboxylate', '2-methyl-5-[8(Z),11(Z)-pentadecadienyl]resorcinol', 'Methyl 6,7,8-trimethoxydihydrocinnamate', '2-Hexyl-3-methyl-butanodioic acid', 'fraxinellone', '6-[ 8(Z),11(Z) -pentadecadienyl] salicylic acid', 'N-[10-(13,14-methylenedioxyphenyl)-7(E),9(Z)-pentadienoyl]-pyrrolidine', '6-[8(Z)-pentadecenyl]salicylic acid', '(2S)-2-methyl-8-(3""-methylbut-2""-enyl)-2-(4\'-methylpent-3\'-enyl)-2H-chromene-6-carboxylic acid', 'Burchellin', '5-[8(Z)-pentadecenyl]resorcinol', 'Luteolin; 2-(3,4-dihydroxyphenyl)-5,7-dihydroxy-4H-chromen-4-one', 'Sinapic acid', '19,20-Epoxycytochalasin Q', '19,20-Epoxycytochalasin R', '3,11,12-Trihydroxycadalene', 'Quercetin 3-O-sophoroside', '11β-acetoxyobacunone', '1-(5,7-dihydroxy-2,2-dimethylchroman- 6-yl)-3-[4-hydroxy-3-(3-methylbut-2-en-1-yl)- phenyl]propan-1-one', 'Muraxanthone', '3,4,5-Triacetoxybenzoic acid', 'Odoratone', 'Rel-6β-hydroxyzuelanin-2β-benzoate', 'shidasterone', '5-hydroxymethyl- 2-furancarboxaldehyde; 5-hydroxymethyl-2-furfuraldehyde', 'atalaphyllinine', 'N-[10- (13,14-methylenedioxyphenyl)-7(E)-pentaenoyl]-pyrrolidine', '2-Methyl-5-methoxy-benzopyran-4-one', '3,4-dihydroxybenzoic acid geranyl ester', 'Gedunin', 'Pedalin, pedalitin 6-O-β -glucopyranoside', 'Caseargrewiin F; (1R*,3S*,5S*,6aR*,7S*,8R*,10R*,10aR*)-1,3-Bis(acetyloxy)-3,5,6,6a,7,8,9,10-octahydro-10-hydroxy-7,8-dimethyl-7-[(2Z)-3-methylpenta-2,4-dien-1-yl]naphtho[1,8a-c]furan-5-yl Butanoate', 'Dipropyl disulphide', '1-(5,7-dihydroxy-2,2-dimethylchroman-6-yl)-3-(1,1,4a-trimethyl-2,3,4,4a,9a-hexahydro-1H-xanthen-7-yl)propan-1-one', 'Methyl (E)-6,7,8-trimethoxycinnamate', '3,4,5-Trimethoxyphenyl-1-O-β-D-(5-O-syringoyl)-apiofuranosyl-(1→6)-β-D-glucopyranoside', '6-[8(Z),11(Z),14-pentadecatrienyl]salicylic acid', 'Casearin L; (1R*,3S*,5S*,6aR*,7R*,8R*,9S*,10S*,10aR*)-1,10-Bis(acetyloxy)-3,5,6,6a,7,8,9,10-octahydro-9-hydroxy-5-methoxy-7,8-dimethyl-7-[(2Z)-3-methylpenta-2,4-dien-1-yl]naphtho[1,8a-c]-furan-3-yl Butanoate', 'Platydesmine', 'Leiokinine A', 'Cabraleadiol', 'schaftoside', ""(2S)-Methyl-8-isopentyl-2-methyl-2-(4'-methylpentyl)chroman-6-carboxylate"", 'Casearupestrin A', '2-oxo-piperol B; (7S*, 8R*, 1R*, 3R*)-3,4,5-trimethoxy-3,7-cyclo-8,1-neolig-8-ene-2,4(3H)-dione', 'taxifolin', ""(2'S)-2-(propan-2'-ol)-5-hydroxy-benzopyran-4-one"", 'Rel-(+)-(7S,9R,10S)-3,9,12-trihydroxycalamenene', 'Casearin S', ""Myrsinoic acid A, 3-Geranyl-4-hydroxy-5-(3'',3''-dimethylallyl)benzoic acid"", '20α-Hydroxymaytenin; 20-hydroxy-20-epi-tingenone', '(-)-Epigallocatechin-3-O-gallate', 'Casearin D; (1R*,3S*,5S*,6aR*,7R*,8R*,9S*,10S*,10aR*)-1-(Acetyloxy)-3,5,6,6a,7,8,9,10-octahydro-5,10-dihydroxy-7,8-dimethyl-7-[(2Z)-3-methylpenta-2,4-dien-1-yl]naphtho[1,8a-c]furan-3,9-diyl Dibutanoate', 'Rel. (+)-(7S,10S) 3,12-dihydroxycalamenene', '(3R,4R)-4,7-Dihydroxymellein', ""Nitensoside B; Pedalitin 6-O-α-rhamnopyranosyl(1'''→6'')-β-glucopyranoside"", 'Methyl gallate', '3-O-β-D-quinovopyranosyl cincholic acid', 'Afzelin, 3-O-α-rhamnosyl kaempferol', 'Egonol', '4-Nerolidilcatechol', ""2-(2'-O-transcoumaroyl)-C-β-D-glucopyranosyl-1,3,6,7-tetrahydroxyxanthone"", 'Syringic acid', '(+)-3-O-feruloylcassine', 'Amentoflavone', 'Amentoflavone 7”,4”’-dimethyl ether', 'Picramnioside F', 'Lauryl gallate', 'Syringaldehyde', '22-hydroxytirucalla-7,24-diene-2,3-dione', 'Trans-3’-methylsulphonylallyl trans-cinnamate', '(3-(2-(4-hydroxyphenyl)-2-oxoethyl)-5,6-dihydropyridin- 2(1H)-one)', 'Mangiferin', 'Viburgenin', 'Sorbifolin', ""Nitensoside A; Sorbifolin 6-O-α-rhamnopyranosyl(1'''→6'')-β-glucopyranoside"", 'Casearin O; (1R*,3S*,5S*,6aR*,7R*,8R*,9S*,10S*,10aR*)-1,10-Bis(acetyloxy)-5-methoxy-7,8-dimethyl-7-[(2Z)-3-methylpenta-2,4-dien-1-yl]-3,5,6,6a,7,8,9,10-octahydronaphtho[1,8a-c]furan-3,9-diyl Dibutanoate', 'germacrene D', 'Salacin', '6-pentadecylsalicylic acid', 'Methyl-2,2-dimethylchroman-6-carboxylate', ""3',4',5',5,7,8-hexamethoxyflavone"", 'Isopropyl gallate', '6β-hydroxy-7-epigardoside methyl ester', 'Tetrahydropiperyline, N-[10-(13,14-methylenedioxyphenyl)-pentanoyl]-pyrrolidine', 'Piperovatine', '2,4,6-trimethoxybenzoic acid', '1-O-(E)-caffeoyl-β-D-glucopyranoside', 'Piperol B', '(-)-Hardwickiic acid', ""5-[3''-(β-D-glucopyranosyloxy)propyl]-7-methoxy-2-(3',4'-methylenedioxyphenyl)benzofuran"", 'carlinoside', 'Methyl-8-(ethanoyloxy)-2,2-dimethyl-2H-chromene-6-carboxylate', '2β-Hydroxyzuelanin-6β-cinnamate', 'arjunolic acid', 'stachysterone', 'Ethyl 2,4-dihydroxy-5,6-dimethylbenzoate', 'Cyclo-(L-Pro-L-Val)', 'Acetonide of odoratol', '(−)-Grandisin', '24-methylenecycloartan-3b-ol', 'Ixoside', 'Cognatine', 'Fagaramide']]",doi_name
"['10.1155/2013/835081', 'urauchimycin B']","['10.1155/2013/835081', ['guaiol', 'Hinesol', 'γ-eudesmol', 'α-eudesmol', 'Stearic acid 4-pentoyloxyphenethyl ester', '5,7-dimethoxy-2,2-dimethyl-2H-1-benzopyran-6-propanoate', 'Galioside aglicone', '11-O-trans-feruloylteucrein', 'Teucrein', 'Apodanthoside', 'Galioside', 'Chlorogenic acid methyl ester, Methyl (1S,3R,4R,5R)-3-{[(2E)-3-(3,4-dihydroxyphenyl)-2-propenoyl]oxy}-1,4,5-trihydroxycyclohexanecarboxylate', '(-)-3-O-acetyl-spectaline', 'Anhydrofusarubin', 'Beauvericin', ""4-Hydroxy-(3',7'-dimethyl-1'-oxo-octa-2'-Z-6'-dienyl)benzoic acid"", ""Methyl 4-hydroxy-3-(3'-methyl-2'-hydroxy-3'-butenyl)benzoate"", ""Aduncumene; Methyl 2-methoxy-5-(3'-methyl-1'-oxo-2'-butenyl)benzoate"", 'Piperaduncine B', ""Methyl taboganate; Methyl 4-hydroxy-3-(3'-methyl-1'-oxo-2'-butenyl)benzoate"", '3,4,5-Trimethoxydihydrocinnamic acid', ""Methyl 4-hydroxy-3-(3'-methyl-2'-butenyl)benzoate"", 'Methyl 2,2-dimethyl-1-oxo-2H-1-benzopyran-6-carboxylate', ""2',6'-Dihydroxy-4'-methoxydihydrochalcone"", ""4-Hydroxy-3-(3',7'-dimethylocta-2'-E-6'-dienyl)benzoic acid"", ""Hostmaniene; 4-Hydroxy-3-(2',3'-dihydroxy-3'-methylbutyl)benzoate"", 'astilbin; Rel-(2R, 3R)-dihydroquercetin-3-O-±-L-rhamnoside', 'Xanthyletin', '2,3-dihydro-4,9-dihydroxy-2-(2-hydroxy-propan-2-yl)- 11-methoxy-10-methylfuro[3,2-b]acridin-5(10H)-one', 'bis-5-hydroxyacronycine', 'Citibrasine', 'Piscidinol A', 'Iso-odoratol', 'cryptomeridiol', '3,11-dioxoolean-12-en-28- onic acid', 'Oleanonic acid', 'Pentaol', 'Nilocetin', 'Hispidol A', 'Mycoleptone A', 'Mycoleptone B', 'Mycoleptone A tetraacetate', 'Eugenitin', 'Austdiol diacetate', 'Austdiol', '6-methoxyeugenin', '9-hydroxyeugenin', 'Taraxerol acetate', '2α,3α,19α- trihydroxyurs-12-en-28-oic acid', 'penduletin 4-O-methyl ether', '3,3-O-dimethylquercetin', 'acacetin', '3,7,4-O-trimethylkaempferol', '3-O-methylquercetin', 'p-hydroxybenzoic acid', '2α,3α-dihydroxyolean-12- en-28-oic acid', 'Chrysoeriol', '2-Episesalatin', ""Isoswertisin-2''α1-L-rhamnoside"", 'Sesartemin', 'Clusifoliol', ""Isoswertisin-4'-methyl-ether-2''α-L-rhamnoside"", 'cyclo (L)-Pro-Gly', '21α,25-dimethylmelianodiol', '3,21-Di-epi-feroniellide B', '21β,25-dimethylmelianodiol', 'Secoxyloganin', '7-Methoxydiderroside', 'Diderroside', ""6'-Acetyl-β-D-glucopyranosyldiderroside"", '2-n-Propylquinoline', ""2-(1'-pentenyl)-Quinoline"", '2-n-Pentylquinoline', ""2-(3',4'-methylenedioxyphenylethyl)-Quinoline"", ""4-Methoxy-3-(3',7'-dimethylocta-2'-E-6'-dienyl)benzoic acid"", ""3-(3',7 '-dimethyl-2',6 '-octadienyl)-4-methoxy-benzoic acid"", 'Methyl-8-hydroxy-2,2-dimethyl-2H-chromene-6-carboxylate', '1,3,5-trihydroxy-4-methoxy-10-methyl- 2,8-bis(3-methylbut-2-enyl)acridin-9(10H)-one', '5-hydroxynoracronycine; Atalaphyllidine', 'Citrusinine-I', 'Glycocitrine-IV', 'Glycocitrine-I', 'Citrusinine-II', '3,4-dihydro-3,5,8-trihydroxy-6-methoxy-2,2,7-trimethyl-2Hpyrano[ 2,3-a]acridin-12(7H)-one', '1,3,5-trihydroxy- 2,8-bis(3-methylbut-2-enyl)-10-methyl-9-acridone', 'Pyranofoline', ""2'-hydroxy-3,4,4'-trimethoxy-5',6'-(2'',2''-dimethylpyrano)-chalcone"", ""3',4'-methylenedioxy-5,5',6,7-tetramethoxyflavone"", ""3',4'-methylenedioxy-5,6,7- trimethoxyflavone"", ""3',4'-methylenedioxy-5,7-dimethoxyflavone"", 'Methyl (3R,4R,5R)-3-{[(2E)-3-(3,4-dihydroxyphenyl)-2-propenoyl]oxy}-1,4,5-trihydroxycyclohexanecarboxylate', 'Methyl (3R,4R,5R)-3-{[(2Z)-3-(3,4-dihydroxyphenyl)-2-propenoyl]oxy}-1,4,5-trihydroxycyclohexanecarboxylate', 'Aphidicolin', ""4-Hydroxy-3-(3',7'-dimethyl-3'-hydroxy-1'-oxo-6'-octenyl)benzoic acid"", ""4-Hydroxy-(3',7'-dimethyl-1'-oxo-octa-2'-E-6'-dienyl)benzoic acid"", ""Isosakuranetin; 5,7-dihydroxy-4'-methoxyflavanone"", ""1,4-Dihydroxy-2-(3',7'-dimethyl-1'-oxo-2'-E-6'-octadienyl)benzene"", ""Sakuranetin; 5,4'-dihydroxy-7-methoxyflavanone"", '(+)-α-Hydroxyerysotrine', '(+)-Erythravine', '(+)-11α-Hydroxyerythravine', 'Epi-guaiacin', 'Verrucosin', 'Nectandrin B', '7-Methyl-sargachromenol; 2,7,8-Trimethyl-2-[(3-E,7-Z)-4,12-dimethyl-8-carboxyl-3,7,11-tridecatrienyl]-3-chromen-6-ol, β-caroteno', '17-(3,4-Methylenedioxyphenyl)-heptadecanoic acid', 'Farnisine', '19´-(3,4-Methylenedioxyphenyl)-nonadecanoic acid', 'Sargaquinoic acid', 'Sargachromenol', '21´-(3,4-Methylenedioxyphenyl)-henicosanoic acid', ""7,4'-Dimethoxyflavone"", ""7,4'-Dihydroxyflavone"", '(+)-Guaiacin', 'Fasciculiferin', 'Tithonine', ""Juruenolic acid; 2-(4'-Methylpentenyl-3)-10-oxoundecan-2,6-dienoic acid"", ""3,4-dimethyl-2-(4'-hydroxy-3',5'-dimethoxyphenyl)-5-methoxy-tetrahydrofuran"", 'Nitensidine E', 'Nitensidine D', 'Pimara-7,15-dien-3β-ol', 'Dimethyl terephthalate', '8-hydroxy-6-methoxy-3-methylisocoumarin', '(22E,24R)-ergosta-4,6,8(14),22-tetraen-3-one', 'Ergosterol peroxide', '4-metoxi-6-[2-(metilamino)fenil]- 2H-piran-2-ona', 'Tagitinin C', '1-methoxy-3-hydroxy-3,10b-4,5a-diepoxy-8b-isobutyroyloxygermacr-11(13)-en-6a,12-olide', '5,7-dimethoxy-2,2-dimethyl-2H-1-benzopyran-6-propanoic acid', 'Methacrylic acid', 'Isopimpinellin', 'Harman-3-carboxylic acid', '3,4-dehydro-strictosidine', 'Cordifoline', '3,4-dehydrostrictosidine acid', 'Turbinatine', 'Strictosidine acid', '5α-carboxystrictosidine', 'Deoxycordifoline', ""3',4',5',3,5,7,8-heptamethoxyflavone"", ""3,5,6,7,3',4',5'-heptamethoxyflavonol"", ""Rel-(7R,8S,7'S,8'S)-4-hydroxy-4',5'-methylenedioxy-3,5,3'-trimethoxy-7,7'-epoxylignan"", ""Rel-(7R,8S,7'S,8'S)-4',5'-methylenedioxy-3,4,5,3'-tetramethoxy-7,7'-epoxylignan"", ""Rel-(7R,8S,7'S,8'S)-4,5,4',5'-dimethylenedioxy-3,3'-dimethoxy-7,7'-epoxylignan"", ""Rel-(7R,8S,7'S,8'S)-9-hydroxy-4',5'-methylenedioxy-3,4,5,3'-tetramethoxy-7,7'-epoxylignan"", ""Rel-(7R,8S,7'S,8'S)-4'-hydroxy-3,4,5,3',5'-pentamethoxy-7,7'-epoxylignan"", 'Kaempferol-3-O-α-L-rhamnopyranosyl-(1→6)-β-D-galactopyranoside', 'Catechin, Ent-catechin', 'Kaempferol-3-O-rutinoside', 'Procyanidin B-3', 'Kaempferol-3-O-D-galactopyranoside', 'Quercetin-3-O-α-L-rhamnopyranosyl-(1→6)-β-D-galactopyranoside', 'Kaempferol-3-O-D-glucopyranoside', 'Kaempferol-3-O-α-L-rhamnopyranosyl-(1-6)-α-L-rhamnopyranosyl-(1-4)-β-D-glucopyranoside', '6-Hydroxy-rutin', 'β-Gardiol', 'Ferulic acid', 'α-Gardiol', 'β-caryophyllene, trans-caryophyllene', 'Pellitorine', '(3Z,5Z)-N-isobutyl-8-(30,40-methylenedioxy-phenyl)-heptadienamide', ""N-[3-(6'-methoxy-3',4'-methy-lenedioxyphenyl)-2(Z)-propenoyl]pyrrolidine"", '4,5-dihydropiperlonguminine; Piperlonguminine', '10,11-dihydropiperine; Δα,β-dihydropiperine', '(Z)-piplartine; 8(Z)-N-(12,13, 14-trimethoxycinnamoyl)- 3-pyridin-2-one', 'Piperine', '4,5-dihydropiperyline', '8,9-dihydropiplartine; N-(12,13,14-trimethoxydihydrocinnamoyl)-Δ3-pyridin-2-one', '(E)-piplartine', 'Cuspanine; 1-hydroxy-2,3,5,6-tetramethoxy-9-acridone', 'Cusculine; 1,2,3,5,6-pentamethoxy-9-acridone', '2α,3α-Dihydroxy-urs-12-en-28-oic acid', 'Oleanolic acid 3-sophoroside', '3-O-β-D-(6’-methyl)-glucopyranosyl-28-O-β-D-glucopyranosyl-oleanate', 'Haplotusine', 'β-Sitosterol benzoate', '5-hydroxyflavone', '2-phenyl-4H-chromen-4-one', 'Sinapyl 4-O-β-D-glucopyranoside aldehyde', 'N-acetylnonaine', 'Liriodenine', 'Sinapyl 4-O-β-D-glucopyranoside alcohol', '[10]-gingerol', '3β-hydroxy-stigmast-5-en-7-one; 24-β-7-oxositosterol', 'scillascillin', ""2-(2'-O-trans-caffeoyl)-C-β-D-glucopyranosyl-1,3,6,7-tetrahydroxyxanthone"", 'Netzahualcoyene', 'Casearin X Dialdehyde; (2R*,4aS*,5S*,7R*,8R*,8aS*)-4,4a-Diformyl-1,2,4a,5,6,7,8,8a-octahydro-5-hydroxy-7,8-dimethyl-8-[(2Z)-3-methylpenta-2,4-dien-1-yl]naphthalen-2-yl Butanoate', 'polypodine B', 'n-Propyl gallate', ""3',4',5',5,7,8-hexamethoxyflavone"", 'Isopropyl gallate', '6β-hydroxy-7-epigardoside methyl ester', 'Tetrahydropiperyline, N-[10-(13,14-methylenedioxyphenyl)-pentanoyl]-pyrrolidine', 'Piperovatine', '2,4,6-trimethoxybenzoic acid', '1-O-(E)-caffeoyl-β-D-glucopyranoside', 'Piperol B', ""2,4-Dihydroxy-6-[(1'E,3'E)-penta-1', 3'-dienyl]-benzaldehyde"", 'Nitensidine A', ""8-hydroxy-3,5,7,3',4',5'-hexamethoxyflavonol"", 'Odoratol', 'Leptomerine', '5-hydroxy-N-methylseverifoline', '19,20-Epoxycytochalasin N', 'ellagic acid 4-O-α-L-rhamnopyranoside; eschweilenol C', 'Mayoside C', 'Ourateacatechin', ""3',4',5',5,7-pentamethoxyflavone"", '2-methyl-5-pentadecylresorcinol', 'Ixoside', '2β-Hydroxyzuelanin-6β-cinnamate', 'Cognatine', 'Fagaramide', '[8]-gingerol', ""5-(3'' -Hydroxypropyl)-7-methoxy-2-(3',4' -methyl-enedioxyphenyl)benzofuran"", '22β-hydroxypristimerin', '1- (5,7-dihydroxy-2,2-dimethylchroman-6-yl)-3-(2,2-dimethylchroman- 6-yl)propan-1-one', 'Canavaline', 'Di-hydrodehydrodiconiferyl alcohol', 'Quercetin', ""2-(2'-O-trans-cinnamoyl)-C-β-D-glucopyranosyl-1,3,6,7-tetrahydroxyxanthone"", 'Kokusaginine', 'Ocotillone', 'des-N-methylnoracronycine', 'Sorbifolin 6-O-β-glucopyranoside', 'Rel-2α-hydroxyzuelanin-6β-benzoate', '2,6-di-O-acetylcasearupestrin D', ""Methyl-2,2-dimethyl-8-(3'-methylbut-2'-enyl)chroman-6-carboxylate"", '2,7-Di-O-acetylcasearupestrin A', 'fumiquinozoline F', 'Kaempferol 3-O-α-L-rhamnopyranosyl (1→6)-O-[β -D-glucopyranosyl (1→3)-O-α-L-rhamnopyranosyl-(1→2)]-O-β -D-glucopyranosyl', '3β-O-[α-L-rhamnopyranosyl-(1→2)-O-β-D-glucopyranosyl-(1→2)-O-β-D-glucopyranosyl]-28-O-β-D-glucopyranoside pomolate', 'Nitensidine B', '1-methyl-2-n-nonyl-4-quinolone', '5-[8(Z),11(Z),14-pentadecatrienyl]resorcinol', 'Gallic acid; 3,4,5-trihydroxybenzoic acid', 'Maculosidine', 'Podocarpusflavone A', 'Casearupestrin C', '6α-malonyloxy-n-butyl ester manoyl oxide', 'citrusinine-I', 'Ricinine', 'Leptophyllin A', '5-pentadecylresorcinol', 'Homoegonol', '(-)-Epigallocatechin', 'Netzahualcoyonol', '1-[3-(3,7-dimethylocta-2,6-dien-1-yl)-2,4,6- trihydroxyphenyl]-3-(4-hydroxyphenyl)propan-1-one', '6α-malonyloxymanoyl oxide', 'Benzylhydroxymethyl sulphide', '1,6-di-O-caffeoyl-β-D-glucopyranoside', '4-Hydroxymellein', '5-hydroxymellein', 'fraxinellonone', 'Dibenzyl sulphide', '(-) Cis-4-hydroxy-6-deoxyscytalone', 'Plumericin', '5-[8(Z),11(Z)-pentadecadienyl]resorcinol', '(-)-Spectalinine', 'Netzahualcoyondiol', '19,20-Epoxycytochalasin D', '28-O-β-D-glucopyranosyl quinovic acid', '2-Methyl-4-hydroxy-butyl caffeoate', 'N-1,N-2,N-3-Triisopentenylguanidine', 'Dibenzyl trisulphide', 'Maytenin, Tingenone', 'urauchimycin B', 'Quercitrin, 3-O-α-rhamnosylquercetin', 'Caseobliquin A', 'Methyl angolensate', 'Dibenzyl tetrasulphide', ""2',5-dihydroxy-3-methoxy-8-dimethylallyl-6, 7-(2' ',2''-dimethylpyrano)-dihydroflavonol"", '2-n-nonyl-4-quinolone', 'Cytochalasin D', 'Isoorientin', 'urauchimycin A', 'p-Coumaric acid', 'Phomopsilactone', ""(2S)-8-Isopentyl-2-methyl-2-(4'-methylpentyl)chroman-6-carboxylic acid"", '2-methyl-5-[8(Z),11(Z),14-pentadecatrienyl]resorcinol', '20-hydroxyecdysone; polypodine A', '3-Acetyl aleuritolic acid', 'Alkenoic acid', 'Quercetin 3-O-α-L-rhamnopyranosyl (1→6)-O-[β -D-glucopyranosyl (1→3)-O-α-L-rhamnopyranosyl-(1→2)]-O-β -D-glucopyranosyl', 'Heveaflavone', 'Arboreumine', '3-Oxoursolic acid', 'Casearupestrin B', 'toonacilin', 'Uracil', 'Pristimerin; 20α-3-hydroxy-2-oxo-24-nor-friedela-1-10,3,5,7-tetraen-carboxylic acid-29-methylester', '(-)-Hardwickiic acid', ""5-[3''-(β-D-glucopyranosyloxy)propyl]-7-methoxy-2-(3',4'-methylenedioxyphenyl)benzofuran"", 'limonexic acid', 'Pedalitin', 'Skimmianine', '3,4,5-trimethoxyphenyl 1-O-β-D-apiofuranosyl-(1→6)-O-β-D-glucopyranoside', 'β-photogedunin', 'n-Butyl gallate', ""5-[3''-(β-D-glucopyranosyloxy)propyl]-7-methoxy-2-(3',4'-dimethoxyphenyl)benzofuran"", '3,12-Dihydroxycadalene', '7-hydroxy-3- (11-dimethylallyl)-8-methoxycoumarin', ""N-[7-(3',4'-methylenedioxyphenyl)-2(Z),4(Z)-heptadienoyl]pyrrolidine"", ""Acteoside; [β-3,4-dihydroxyphenyl)-ethyl]-(3'-O-α-L-rhamnopyranosyl)-(4'-O-cafeoyl)-β-D-glycopyranoside, verbascoside"", '1-O-(E)-feruloyl-β-D-glucopyranoside', '19,20-Epoxycytochalasin C', 'n-Pentyl gallate', 'Orcinol', 'Periconicin B', 'Di(benzyltrithio) methane', '3,11,12-Trihydroxycadalene', 'Quercetin 3-O-sophoroside', '(3R,4R)-3,4-Dihydro-4,6-dihydroxy-3-methyl-1-oxo-1H-isochromene-5-carboxylic acid', '24-methylene-3,22-dihydroxycholesterol', '2,2-dimethyl-2H-chromene-6-carboxylic acid', '1,2-dihydro- 3β-hydroxy-7-deacetoxy-7-oxogedunin', 'Photogedunin', 'Casearin X; (1R*,3S*,5S*,6aR*,7S*,8S*,10R*,10aR*)-1-(Acetyloxy)-3,5,6,6a,7,8,9,10-octahydro-10-hydroxy-7,8-dimethyl-7-[(2Z)-3-methylpenta-2,4-dien-1-yl]naphtho[1,8a-c]furan-3,5-diyl Dibutanoate', ""2-(R)-Methyl-6-(S)-(tetradecyl-13'-one)-3(R)-O-tert-butyldimethylsilyl-piperidine"", '(2S)-Methyl-2-methyl-8-(3""-methylbut-2""-enyl)-2-(4\'-methylpent-3\'-enyl)-2H-chromene-6-carboxylate', 'Casearin T', 'Piperyline, N-[10-(13,14-methylenedioxyphenyl)-7(E),9(E)-pentadienoyl]-pyrrolidine', 'ω-fenil alcanoic acid', '2-butyl-D-fructofuranoside', ""Gaudichaudianic acid; (2S)-2-methyl-2-(4'methyl-3'-pentenyl)-8-(3''-methyl-2-butenyl)- 2H-1-benzopyran-6-carboxylic acid"", '(2S)-2-methyl-8-(3""-methylbut-2""-enyl)-2-(4\'-methylpent-3\'-enyl)-2H-chromene-6-carboxylic acid', 'Burchellin', '5-[8(Z)-pentadecenyl]resorcinol', 'Luteolin; 2-(3,4-dihydroxyphenyl)-5,7-dihydroxy-4H-chromen-4-one', 'Sinapic acid', '19,20-Epoxycytochalasin Q', '19,20-Epoxycytochalasin R', 'Muraxanthone', 'p-hydroxybenzoic acid-geranyl ester', 'Dibenzyl disulphide', 'Proanthocyanidin', 'neoisoastilbin', '(R)-7-Hydroxymellein', '6α-acetoxymanoyl oxide', 'Methyl-8-hydroxy-2,2-dimethylchroman-6-carboxylate', '6α-acetoxy-14β,15β-epoxyazadirone', 'Methyl 6,7,8-trimethoxydihydrocinnamate', '2-Hexyl-3-methyl-butanodioic acid', 'fraxinellone', '6-[ 8(Z),11(Z) -pentadecadienyl] salicylic acid', 'Odoratone', 'Rel-6β-hydroxyzuelanin-2β-benzoate', 'shidasterone', '5-hydroxymethyl- 2-furancarboxaldehyde; 5-hydroxymethyl-2-furfuraldehyde', 'atalaphyllinine', 'amorphispironone', 'Casearupestrin D', 'Chaetoglobosin B', ""2-(2'-O-benzoyl)-C-β-D-glucopyranosyl-1,3,6,7-tetrahydroxyxanthone"", 'Isoplumericin', 'α-L-xylopyranosyl-(4""→20)-(3-O-β-D-glucopyranosyl)-1\'-O-E-caffeoyl-β-D-glucopyranoside', '6-[8(Z)-pentadecenyl]salicylic acid', 'Gedunin', 'Pedalin, pedalitin 6-O-β -glucopyranoside', 'Caseargrewiin F; (1R*,3S*,5S*,6aR*,7S*,8R*,10R*,10aR*)-1,3-Bis(acetyloxy)-3,5,6,6a,7,8,9,10-octahydro-10-hydroxy-7,8-dimethyl-7-[(2Z)-3-methylpenta-2,4-dien-1-yl]naphtho[1,8a-c]furan-5-yl Butanoate', 'Casearin L; (1R*,3S*,5S*,6aR*,7R*,8R*,9S*,10S*,10aR*)-1,10-Bis(acetyloxy)-3,5,6,6a,7,8,9,10-octahydro-9-hydroxy-5-methoxy-7,8-dimethyl-7-[(2Z)-3-methylpenta-2,4-dien-1-yl]naphtho[1,8a-c]-furan-3-yl Butanoate', 'Platydesmine', 'Leiokinine A', 'Cabraleadiol', 'schaftoside', ""(2S)-Methyl-8-isopentyl-2-methyl-2-(4'-methylpentyl)chroman-6-carboxylate"", '3,4,5-Triacetoxybenzoic acid', 'epoxy-fraxinellone', '12′-hydroxy-7′-multijuguinone', 'Kaempferitrin', 'Nitensidine C', 'Dipropyl disulphide', '2-methyl-5-[8(Z),11(Z)-pentadecadienyl]resorcinol', ""(2'S)-2-(propan-2'-ol)-5-hydroxy-benzopyran-4-one"", 'Rel-(+)-(7S,9R,10S)-3,9,12-trihydroxycalamenene', 'Casearin S', '11β-acetoxyobacunone', '1-(5,7-dihydroxy-2,2-dimethylchroman- 6-yl)-3-[4-hydroxy-3-(3-methylbut-2-en-1-yl)- phenyl]propan-1-one', '(3R,4R)-4,7-Dihydroxymellein', ""Nitensoside B; Pedalitin 6-O-α-rhamnopyranosyl(1'''→6'')-β-glucopyranoside"", 'Amentoflavone', 'Methyl gallate', '3-O-β-D-quinovopyranosyl cincholic acid', 'Afzelin, 3-O-α-rhamnosyl kaempferol', 'Egonol', 'N-[10- (13,14-methylenedioxyphenyl)-7(E)-pentaenoyl]-pyrrolidine', '2-Methyl-5-methoxy-benzopyran-4-one', '3,4-dihydroxybenzoic acid geranyl ester', 'N-[10-(13,14-methylenedioxyphenyl)-7(E),9(Z)-pentadienoyl]-pyrrolidine', 'Syringic acid', '(+)-3-O-feruloylcassine', '1-(5,7-dihydroxy-2,2-dimethylchroman-6-yl)-3-(1,1,4a-trimethyl-2,3,4,4a,9a-hexahydro-1H-xanthen-7-yl)propan-1-one', 'Methyl (E)-6,7,8-trimethoxycinnamate', '3,4,5-Trimethoxyphenyl-1-O-β-D-(5-O-syringoyl)-apiofuranosyl-(1→6)-β-D-glucopyranoside', '6-[8(Z),11(Z),14-pentadecatrienyl]salicylic acid', 'Sorbifolin', ""Nitensoside A; Sorbifolin 6-O-α-rhamnopyranosyl(1'''→6'')-β-glucopyranoside"", 'Casearin O; (1R*,3S*,5S*,6aR*,7R*,8R*,9S*,10S*,10aR*)-1,10-Bis(acetyloxy)-5-methoxy-7,8-dimethyl-7-[(2Z)-3-methylpenta-2,4-dien-1-yl]-3,5,6,6a,7,8,9,10-octahydronaphtho[1,8a-c]furan-3,9-diyl Dibutanoate', 'germacrene D', '6-pentadecylsalicylic acid', 'Methyl-2,2-dimethylchroman-6-carboxylate', ""Myrsinoic acid A, 3-Geranyl-4-hydroxy-5-(3'',3''-dimethylallyl)benzoic acid"", 'Casearupestrin A', '2-oxo-piperol B; (7S*, 8R*, 1R*, 3R*)-3,4,5-trimethoxy-3,7-cyclo-8,1-neolig-8-ene-2,4(3H)-dione', 'taxifolin', '(-)-Epigallocatechin-3-O-gallate', 'Casearin D; (1R*,3S*,5S*,6aR*,7R*,8R*,9S*,10S*,10aR*)-1-(Acetyloxy)-3,5,6,6a,7,8,9,10-octahydro-5,10-dihydroxy-7,8-dimethyl-7-[(2Z)-3-methylpenta-2,4-dien-1-yl]naphtho[1,8a-c]furan-3,9-diyl Dibutanoate', 'Rel. (+)-(7S,10S) 3,12-dihydroxycalamenene', 'carlinoside', 'Methyl-8-(ethanoyloxy)-2,2-dimethyl-2H-chromene-6-carboxylate', 'arjunolic acid', 'stachysterone', 'Ethyl 2,4-dihydroxy-5,6-dimethylbenzoate', 'Amentoflavone 7”,4”’-dimethyl ether', 'Picramnioside F', 'Lauryl gallate', 'Syringaldehyde', '22-hydroxytirucalla-7,24-diene-2,3-dione', 'Trans-3’-methylsulphonylallyl trans-cinnamate', '4-Nerolidilcatechol', ""2-(2'-O-transcoumaroyl)-C-β-D-glucopyranosyl-1,3,6,7-tetrahydroxyxanthone"", '(3-(2-(4-hydroxyphenyl)-2-oxoethyl)-5,6-dihydropyridin- 2(1H)-one)', 'Mangiferin', 'Salacin', 'Viburgenin', ""Pterogynoside; Kaempferol-3-O-(3''-O-4'''-methylgallate-α-L-rhamnoside)"", 'Isobutyl gallate', '7′-multijuguinone', 'Griseofulvin', ""7-Hydroxy-4',6-dimethoxyisoflavone; Afrormosin; Afromosin"", '8-methoxymellein', '(±)-Syringaresinol', 'Cyclo-(L-Pro-L-Val)', 'Acetonide of odoratol', '(−)-Grandisin', '24-methylenecycloartan-3b-ol', '20α-Hydroxymaytenin; 20-hydroxy-20-epi-tingenone', 'Chalepin', 'Chlorogenic acid', '(4R)-4,8-dihydroxy-α-tetralone', 'Kaempferol', '3-O-β-D-quinovopyranosyl quinovic acid', '2-hydroxyphenylacetic acid', '2-methyl-5-[8(Z)-pentadecenyl]resorcinol']]",doi_name
"['10.1021/np500453x', '1- (5,7-dihydroxy-2,2-dimethylchroman-6-yl)-3-(2,2-dimethylchroman- 6-yl)propan-1-one']","['10.1021/np500453x', ['guaiol', 'Hinesol', 'γ-eudesmol', 'α-eudesmol', 'Galioside aglicone', '11-O-trans-feruloylteucrein', 'Teucrein', 'Apodanthoside', 'Galioside', '5,7-dimethoxy-2,2-dimethyl-2H-1-benzopyran-6-propanoate', '9-hydroxyeugenin', 'Mycoleptone A', 'Eugenitin', 'Austdiol', '6-methoxyeugenin', 'Austdiol diacetate', 'Mycoleptone A tetraacetate', 'Mycoleptone B', '2,3-dihydro-4,9-dihydroxy-2-(2-hydroxy-propan-2-yl)- 11-methoxy-10-methylfuro[3,2-b]acridin-5(10H)-one', 'Citibrasine', 'bis-5-hydroxyacronycine', 'Chlorogenic acid methyl ester, Methyl (1S,3R,4R,5R)-3-{[(2E)-3-(3,4-dihydroxyphenyl)-2-propenoyl]oxy}-1,4,5-trihydroxycyclohexanecarboxylate', '(-)-3-O-acetyl-spectaline', '7-Methoxydiderroside', 'Secoxyloganin', 'Diderroside', ""6'-Acetyl-β-D-glucopyranosyldiderroside"", '21β,25-dimethylmelianodiol', '21α,25-dimethylmelianodiol', '3,21-Di-epi-feroniellide B', '2α,3α,19α- trihydroxyurs-12-en-28-oic acid', 'penduletin 4-O-methyl ether', '3,3-O-dimethylquercetin', 'p-hydroxybenzoic acid', 'Chrysoeriol', 'acacetin', '2α,3α-dihydroxyolean-12- en-28-oic acid', '3,7,4-O-trimethylkaempferol', '3-O-methylquercetin', ""4-Methoxy-3-(3',7'-dimethylocta-2'-E-6'-dienyl)benzoic acid"", 'Methyl-8-hydroxy-2,2-dimethyl-2H-chromene-6-carboxylate', ""3-(3',7 '-dimethyl-2',6 '-octadienyl)-4-methoxy-benzoic acid"", 'Anhydrofusarubin', 'Beauvericin', '17-(3,4-Methylenedioxyphenyl)-heptadecanoic acid', 'Sargachromenol', ""7,4'-Dihydroxyflavone"", '19´-(3,4-Methylenedioxyphenyl)-nonadecanoic acid', '(+)-Guaiacin', 'Sargaquinoic acid', '21´-(3,4-Methylenedioxyphenyl)-henicosanoic acid', 'Farnisine', ""7,4'-Dimethoxyflavone"", 'Fasciculiferin', 'Tithonine', ""Juruenolic acid; 2-(4'-Methylpentenyl-3)-10-oxoundecan-2,6-dienoic acid"", '3,4,5-Trimethoxydihydrocinnamic acid', ""Methyl 4-hydroxy-3-(3'-methyl-2'-butenyl)benzoate"", 'Methyl 2,2-dimethyl-1-oxo-2H-1-benzopyran-6-carboxylate', ""Methyl taboganate; Methyl 4-hydroxy-3-(3'-methyl-1'-oxo-2'-butenyl)benzoate"", ""2',6'-Dihydroxy-4'-methoxydihydrochalcone"", 'Piperaduncine B', ""4-Hydroxy-3-(3',7'-dimethylocta-2'-E-6'-dienyl)benzoic acid"", ""Hostmaniene; 4-Hydroxy-3-(2',3'-dihydroxy-3'-methylbutyl)benzoate"", ""Aduncumene; Methyl 2-methoxy-5-(3'-methyl-1'-oxo-2'-butenyl)benzoate"", ""4-Hydroxy-(3',7'-dimethyl-1'-oxo-octa-2'-Z-6'-dienyl)benzoic acid"", ""Methyl 4-hydroxy-3-(3'-methyl-2'-hydroxy-3'-butenyl)benzoate"", 'cyclo (L)-Pro-Gly', 'Taraxerol acetate', 'Xanthyletin', '2-n-Propylquinoline', ""2-(3',4'-methylenedioxyphenylethyl)-Quinoline"", ""2-(1'-pentenyl)-Quinoline"", '2-n-Pentylquinoline', 'astilbin; Rel-(2R, 3R)-dihydroquercetin-3-O-±-L-rhamnoside', 'Aphidicolin', 'Verrucosin', '7-Methyl-sargachromenol; 2,7,8-Trimethyl-2-[(3-E,7-Z)-4,12-dimethyl-8-carboxyl-3,7,11-tridecatrienyl]-3-chromen-6-ol, β-caroteno', 'Epi-guaiacin', 'Nectandrin B', ""2'-hydroxy-3,4,4'-trimethoxy-5',6'-(2'',2''-dimethylpyrano)-chalcone"", ""3',4'-methylenedioxy-5,5',6,7-tetramethoxyflavone"", ""3',4'-methylenedioxy-5,6,7- trimethoxyflavone"", ""3',4'-methylenedioxy-5,7-dimethoxyflavone"", 'Citrusinine-II', '1,3,5-trihydroxy-4-methoxy-10-methyl- 2,8-bis(3-methylbut-2-enyl)acridin-9(10H)-one', 'Glycocitrine-I', '5-hydroxynoracronycine; Atalaphyllidine', 'Citrusinine-I', '1,3,5-trihydroxy- 2,8-bis(3-methylbut-2-enyl)-10-methyl-9-acridone', 'Pyranofoline', 'Glycocitrine-IV', '3,4-dihydro-3,5,8-trihydroxy-6-methoxy-2,2,7-trimethyl-2Hpyrano[ 2,3-a]acridin-12(7H)-one', '(+)-Erythravine', '(+)-11α-Hydroxyerythravine', '(+)-α-Hydroxyerysotrine', 'Methyl (3R,4R,5R)-3-{[(2E)-3-(3,4-dihydroxyphenyl)-2-propenoyl]oxy}-1,4,5-trihydroxycyclohexanecarboxylate', 'Methyl (3R,4R,5R)-3-{[(2Z)-3-(3,4-dihydroxyphenyl)-2-propenoyl]oxy}-1,4,5-trihydroxycyclohexanecarboxylate', ""3,4-dimethyl-2-(4'-hydroxy-3',5'-dimethoxyphenyl)-5-methoxy-tetrahydrofuran"", 'Nilocetin', 'Hispidol A', 'Piscidinol A', 'Iso-odoratol', 'Oleanonic acid', 'cryptomeridiol', '3,11-dioxoolean-12-en-28- onic acid', 'Pentaol', 'Stearic acid 4-pentoyloxyphenethyl ester', ""Rel-(7R,8S,7'S,8'S)-4',5'-methylenedioxy-3,4,5,3'-tetramethoxy-7,7'-epoxylignan"", ""Rel-(7R,8S,7'S,8'S)-9-hydroxy-4',5'-methylenedioxy-3,4,5,3'-tetramethoxy-7,7'-epoxylignan"", ""Rel-(7R,8S,7'S,8'S)-4,5,4',5'-dimethylenedioxy-3,3'-dimethoxy-7,7'-epoxylignan"", ""Rel-(7R,8S,7'S,8'S)-4-hydroxy-4',5'-methylenedioxy-3,5,3'-trimethoxy-7,7'-epoxylignan"", ""Rel-(7R,8S,7'S,8'S)-4'-hydroxy-3,4,5,3',5'-pentamethoxy-7,7'-epoxylignan"", '5,7-dimethoxy-2,2-dimethyl-2H-1-benzopyran-6-propanoic acid', ""Isoswertisin-2''α1-L-rhamnoside"", '2-Episesalatin', 'Sesartemin', 'Clusifoliol', ""Isoswertisin-4'-methyl-ether-2''α-L-rhamnoside"", ""4-Hydroxy-3-(3',7'-dimethyl-3'-hydroxy-1'-oxo-6'-octenyl)benzoic acid"", ""1,4-Dihydroxy-2-(3',7'-dimethyl-1'-oxo-2'-E-6'-octadienyl)benzene"", ""Isosakuranetin; 5,7-dihydroxy-4'-methoxyflavanone"", ""Sakuranetin; 5,4'-dihydroxy-7-methoxyflavanone"", ""4-Hydroxy-(3',7'-dimethyl-1'-oxo-octa-2'-E-6'-dienyl)benzoic acid"", 'Isopimpinellin', '4-metoxi-6-[2-(metilamino)fenil]- 2H-piran-2-ona', 'Nitensidine E', 'Nitensidine D', 'α-Gardiol', 'β-Gardiol', 'Ferulic acid', '3,4-dehydrostrictosidine acid', '3,4-dehydro-strictosidine', 'Strictosidine acid', 'Turbinatine', 'Cordifoline', 'Harman-3-carboxylic acid', 'Deoxycordifoline', '5α-carboxystrictosidine', 'Tagitinin C', '1-methoxy-3-hydroxy-3,10b-4,5a-diepoxy-8b-isobutyroyloxygermacr-11(13)-en-6a,12-olide', 'Pimara-7,15-dien-3β-ol', 'Dimethyl terephthalate', 'Ergosterol peroxide', '(22E,24R)-ergosta-4,6,8(14),22-tetraen-3-one', '8-hydroxy-6-methoxy-3-methylisocoumarin', ""3,5,6,7,3',4',5'-heptamethoxyflavonol"", ""3',4',5',3,5,7,8-heptamethoxyflavone"", 'Kaempferol-3-O-α-L-rhamnopyranosyl-(1→6)-β-D-galactopyranoside', 'Quercetin-3-O-α-L-rhamnopyranosyl-(1→6)-β-D-galactopyranoside', 'Kaempferol-3-O-rutinoside', 'Catechin, Ent-catechin', '6-Hydroxy-rutin', 'Procyanidin B-3', 'Kaempferol-3-O-D-galactopyranoside', 'Kaempferol-3-O-α-L-rhamnopyranosyl-(1-6)-α-L-rhamnopyranosyl-(1-4)-β-D-glucopyranoside', 'Kaempferol-3-O-D-glucopyranoside', '4,5-dihydropiperlonguminine; Piperlonguminine', '8,9-dihydropiplartine; N-(12,13,14-trimethoxydihydrocinnamoyl)-Δ3-pyridin-2-one', 'Piperine', ""N-[3-(6'-methoxy-3',4'-methy-lenedioxyphenyl)-2(Z)-propenoyl]pyrrolidine"", '10,11-dihydropiperine; Δα,β-dihydropiperine', '4,5-dihydropiperyline', '(Z)-piplartine; 8(Z)-N-(12,13, 14-trimethoxycinnamoyl)- 3-pyridin-2-one', '(E)-piplartine', '(3Z,5Z)-N-isobutyl-8-(30,40-methylenedioxy-phenyl)-heptadienamide', 'Pellitorine', 'β-caryophyllene, trans-caryophyllene', 'Methacrylic acid', 'Cusculine; 1,2,3,5,6-pentamethoxy-9-acridone', 'Cuspanine; 1-hydroxy-2,3,5,6-tetramethoxy-9-acridone', '2α,3α-Dihydroxy-urs-12-en-28-oic acid', 'Oleanolic acid 3-sophoroside', '3-O-β-D-(6’-methyl)-glucopyranosyl-28-O-β-D-glucopyranosyl-oleanate', '5-hydroxyflavone', 'β-Sitosterol benzoate', 'Haplotusine', '2-phenyl-4H-chromen-4-one', 'Sinapyl 4-O-β-D-glucopyranoside aldehyde', 'Sinapyl 4-O-β-D-glucopyranoside alcohol', 'Liriodenine', 'N-acetylnonaine', '[10]-gingerol', ""2,4-Dihydroxy-6-[(1'E,3'E)-penta-1', 3'-dienyl]-benzaldehyde"", 'Nitensidine A', '2-methyl-5-[8(Z)-pentadecenyl]resorcinol', '2-hydroxyphenylacetic acid', '3-O-β-D-quinovopyranosyl quinovic acid', ""8-hydroxy-3,5,7,3',4',5'-hexamethoxyflavonol"", 'Kaempferol', '(4R)-4,8-dihydroxy-α-tetralone', 'Netzahualcoyene', 'Casearin X Dialdehyde; (2R*,4aS*,5S*,7R*,8R*,8aS*)-4,4a-Diformyl-1,2,4a,5,6,7,8,8a-octahydro-5-hydroxy-7,8-dimethyl-8-[(2Z)-3-methylpenta-2,4-dien-1-yl]naphthalen-2-yl Butanoate', 'polypodine B', 'n-Propyl gallate', ""3',4',5',5,7,8-hexamethoxyflavone"", 'Isopropyl gallate', '6β-hydroxy-7-epigardoside methyl ester', 'Leptomerine', '5-hydroxy-N-methylseverifoline', '19,20-Epoxycytochalasin N', 'ellagic acid 4-O-α-L-rhamnopyranoside; eschweilenol C', 'Mayoside C', 'Ourateacatechin', ""3',4',5',5,7-pentamethoxyflavone"", '2-methyl-5-pentadecylresorcinol', '3β-hydroxy-stigmast-5-en-7-one; 24-β-7-oxositosterol', 'scillascillin', ""2-(2'-O-trans-caffeoyl)-C-β-D-glucopyranosyl-1,3,6,7-tetrahydroxyxanthone"", ""7-Hydroxy-4',6-dimethoxyisoflavone; Afrormosin; Afromosin"", '8-methoxymellein', '(±)-Syringaresinol', 'Cyclo-(L-Pro-L-Val)', 'Acetonide of odoratol', '5-[8(Z),11(Z)-pentadecadienyl]resorcinol', 'urauchimycin B', 'Ocotillone', 'des-N-methylnoracronycine', 'Sorbifolin 6-O-β-glucopyranoside', 'Rel-2α-hydroxyzuelanin-6β-benzoate', '2,6-di-O-acetylcasearupestrin D', ""Methyl-2,2-dimethyl-8-(3'-methylbut-2'-enyl)chroman-6-carboxylate"", '2,7-Di-O-acetylcasearupestrin A', 'Nitensidine B', '1-methyl-2-n-nonyl-4-quinolone', '5-[8(Z),11(Z),14-pentadecatrienyl]resorcinol', 'Gallic acid; 3,4,5-trihydroxybenzoic acid', 'Maculosidine', 'Chlorogenic acid', 'Odoratol', 'Isoorientin', 'Podocarpusflavone A', 'Casearupestrin C', '6α-malonyloxy-n-butyl ester manoyl oxide', 'citrusinine-I', 'Ricinine', 'Leptophyllin A', '5-pentadecylresorcinol', 'Homoegonol', '[8]-gingerol', '4-Hydroxymellein', '5-hydroxymellein', 'fraxinellonone', 'Dibenzyl sulphide', '(-) Cis-4-hydroxy-6-deoxyscytalone', 'Plumericin', ""5-[3''-(β-D-glucopyranosyloxy)propyl]-7-methoxy-2-(3',4'-methylenedioxyphenyl)benzofuran"", '28-O-β-D-glucopyranosyl quinovic acid', '2-Methyl-4-hydroxy-butyl caffeoate', 'N-1,N-2,N-3-Triisopentenylguanidine', 'Dibenzyl trisulphide', 'Maytenin, Tingenone', '(-)-Spectalinine', 'Netzahualcoyondiol', '19,20-Epoxycytochalasin D', 'fumiquinozoline F', 'Kaempferol 3-O-α-L-rhamnopyranosyl (1→6)-O-[β -D-glucopyranosyl (1→3)-O-α-L-rhamnopyranosyl-(1→2)]-O-β -D-glucopyranosyl', '3β-O-[α-L-rhamnopyranosyl-(1→2)-O-β-D-glucopyranosyl-(1→2)-O-β-D-glucopyranosyl]-28-O-β-D-glucopyranoside pomolate', 'Dibenzyl tetrasulphide', ""2',5-dihydroxy-3-methoxy-8-dimethylallyl-6, 7-(2' ',2''-dimethylpyrano)-dihydroflavonol"", '2-n-nonyl-4-quinolone', 'Cytochalasin D', 'Benzylhydroxymethyl sulphide', '1,6-di-O-caffeoyl-β-D-glucopyranoside', '2-methyl-5-[8(Z),11(Z),14-pentadecatrienyl]resorcinol', '20-hydroxyecdysone; polypodine A', '3-Acetyl aleuritolic acid', 'Alkenoic acid', 'Quercetin 3-O-α-L-rhamnopyranosyl (1→6)-O-[β -D-glucopyranosyl (1→3)-O-α-L-rhamnopyranosyl-(1→2)]-O-β -D-glucopyranosyl', '22β-hydroxypristimerin', '1- (5,7-dihydroxy-2,2-dimethylchroman-6-yl)-3-(2,2-dimethylchroman- 6-yl)propan-1-one', 'Canavaline', 'Di-hydrodehydrodiconiferyl alcohol', 'Quercetin', ""2-(2'-O-trans-cinnamoyl)-C-β-D-glucopyranosyl-1,3,6,7-tetrahydroxyxanthone"", 'Kokusaginine', 'Piperol B', '(-)-Hardwickiic acid', 'toonacilin', 'Uracil', 'Pristimerin; 20α-3-hydroxy-2-oxo-24-nor-friedela-1-10,3,5,7-tetraen-carboxylic acid-29-methylester', '3,4,5-trimethoxyphenyl 1-O-β-D-apiofuranosyl-(1→6)-O-β-D-glucopyranoside', 'β-photogedunin', 'n-Butyl gallate', ""5-[3''-(β-D-glucopyranosyloxy)propyl]-7-methoxy-2-(3',4'-dimethoxyphenyl)benzofuran"", '3,12-Dihydroxycadalene', '7-hydroxy-3- (11-dimethylallyl)-8-methoxycoumarin', ""N-[7-(3',4'-methylenedioxyphenyl)-2(Z),4(Z)-heptadienoyl]pyrrolidine"", 'urauchimycin A', 'p-Coumaric acid', '(-)-Epigallocatechin', 'Netzahualcoyonol', '1-[3-(3,7-dimethylocta-2,6-dien-1-yl)-2,4,6- trihydroxyphenyl]-3-(4-hydroxyphenyl)propan-1-one', '6α-malonyloxymanoyl oxide', 'n-Pentyl gallate', 'Orcinol', 'Periconicin B', 'Phomopsilactone', ""(2S)-8-Isopentyl-2-methyl-2-(4'-methylpentyl)chroman-6-carboxylic acid"", '2,2-dimethyl-2H-chromene-6-carboxylic acid', '1,2-dihydro- 3β-hydroxy-7-deacetoxy-7-oxogedunin', 'Photogedunin', 'Casearin X; (1R*,3S*,5S*,6aR*,7S*,8S*,10R*,10aR*)-1-(Acetyloxy)-3,5,6,6a,7,8,9,10-octahydro-10-hydroxy-7,8-dimethyl-7-[(2Z)-3-methylpenta-2,4-dien-1-yl]naphtho[1,8a-c]furan-3,5-diyl Dibutanoate', ""2-(R)-Methyl-6-(S)-(tetradecyl-13'-one)-3(R)-O-tert-butyldimethylsilyl-piperidine"", '(2S)-Methyl-2-methyl-8-(3""-methylbut-2""-enyl)-2-(4\'-methylpent-3\'-enyl)-2H-chromene-6-carboxylate', 'Casearin T', 'Heveaflavone', 'Arboreumine', '3-Oxoursolic acid', 'Casearupestrin B', 'Piperyline, N-[10-(13,14-methylenedioxyphenyl)-7(E),9(E)-pentadienoyl]-pyrrolidine', 'ω-fenil alcanoic acid', '2-butyl-D-fructofuranoside', ""Gaudichaudianic acid; (2S)-2-methyl-2-(4'methyl-3'-pentenyl)-8-(3''-methyl-2-butenyl)- 2H-1-benzopyran-6-carboxylic acid"", 'limonexic acid', 'Pedalitin', 'Skimmianine', 'p-hydroxybenzoic acid-geranyl ester', 'Dibenzyl disulphide', 'Proanthocyanidin', 'neoisoastilbin', '(R)-7-Hydroxymellein', '6α-acetoxymanoyl oxide', ""Acteoside; [β-3,4-dihydroxyphenyl)-ethyl]-(3'-O-α-L-rhamnopyranosyl)-(4'-O-cafeoyl)-β-D-glycopyranoside, verbascoside"", '1-O-(E)-feruloyl-β-D-glucopyranoside', '19,20-Epoxycytochalasin C', 'fraxinellone', 'Methyl-8-hydroxy-2,2-dimethylchroman-6-carboxylate', '6α-acetoxy-14β,15β-epoxyazadirone', 'Di(benzyltrithio) methane', '3,11,12-Trihydroxycadalene', 'Quercetin 3-O-sophoroside', '(3R,4R)-3,4-Dihydro-4,6-dihydroxy-3-methyl-1-oxo-1H-isochromene-5-carboxylic acid', '24-methylene-3,22-dihydroxycholesterol', 'amorphispironone', 'Casearupestrin D', 'Chaetoglobosin B', ""2-(2'-O-benzoyl)-C-β-D-glucopyranosyl-1,3,6,7-tetrahydroxyxanthone"", 'Isoplumericin', 'α-L-xylopyranosyl-(4""→20)-(3-O-β-D-glucopyranosyl)-1\'-O-E-caffeoyl-β-D-glucopyranoside', '6-[8(Z)-pentadecenyl]salicylic acid', '(2S)-2-methyl-8-(3""-methylbut-2""-enyl)-2-(4\'-methylpent-3\'-enyl)-2H-chromene-6-carboxylic acid', 'Casearin L; (1R*,3S*,5S*,6aR*,7R*,8R*,9S*,10S*,10aR*)-1,10-Bis(acetyloxy)-3,5,6,6a,7,8,9,10-octahydro-9-hydroxy-5-methoxy-7,8-dimethyl-7-[(2Z)-3-methylpenta-2,4-dien-1-yl]naphtho[1,8a-c]-furan-3-yl Butanoate', 'Burchellin', '5-[8(Z)-pentadecenyl]resorcinol', 'Luteolin; 2-(3,4-dihydroxyphenyl)-5,7-dihydroxy-4H-chromen-4-one', 'Sinapic acid', '19,20-Epoxycytochalasin Q', '19,20-Epoxycytochalasin R', 'Muraxanthone', 'epoxy-fraxinellone', '12′-hydroxy-7′-multijuguinone', 'Kaempferitrin', 'Nitensidine C', 'Dipropyl disulphide', '2-methyl-5-[8(Z),11(Z)-pentadecadienyl]resorcinol', 'Methyl 6,7,8-trimethoxydihydrocinnamate', '2-Hexyl-3-methyl-butanodioic acid', 'Casearin S', '11β-acetoxyobacunone', '1-(5,7-dihydroxy-2,2-dimethylchroman- 6-yl)-3-[4-hydroxy-3-(3-methylbut-2-en-1-yl)- phenyl]propan-1-one', '6-[ 8(Z),11(Z) -pentadecadienyl] salicylic acid', 'Odoratone', 'Rel-6β-hydroxyzuelanin-2β-benzoate', 'shidasterone', '5-hydroxymethyl- 2-furancarboxaldehyde; 5-hydroxymethyl-2-furfuraldehyde', 'atalaphyllinine', 'N-[10- (13,14-methylenedioxyphenyl)-7(E)-pentaenoyl]-pyrrolidine', '2-Methyl-5-methoxy-benzopyran-4-one', '3,4-dihydroxybenzoic acid geranyl ester', 'N-[10-(13,14-methylenedioxyphenyl)-7(E),9(Z)-pentadienoyl]-pyrrolidine', 'Gedunin', 'Pedalin, pedalitin 6-O-β -glucopyranoside', 'Caseargrewiin F; (1R*,3S*,5S*,6aR*,7S*,8R*,10R*,10aR*)-1,3-Bis(acetyloxy)-3,5,6,6a,7,8,9,10-octahydro-10-hydroxy-7,8-dimethyl-7-[(2Z)-3-methylpenta-2,4-dien-1-yl]naphtho[1,8a-c]furan-5-yl Butanoate', '1-(5,7-dihydroxy-2,2-dimethylchroman-6-yl)-3-(1,1,4a-trimethyl-2,3,4,4a,9a-hexahydro-1H-xanthen-7-yl)propan-1-one', 'Methyl (E)-6,7,8-trimethoxycinnamate', '3,4,5-Trimethoxyphenyl-1-O-β-D-(5-O-syringoyl)-apiofuranosyl-(1→6)-β-D-glucopyranoside', '6-[8(Z),11(Z),14-pentadecatrienyl]salicylic acid', 'Sorbifolin', 'Platydesmine', 'Leiokinine A', 'Cabraleadiol', 'schaftoside', ""(2S)-Methyl-8-isopentyl-2-methyl-2-(4'-methylpentyl)chroman-6-carboxylate"", '3,4,5-Triacetoxybenzoic acid', 'Casearupestrin A', '2-oxo-piperol B; (7S*, 8R*, 1R*, 3R*)-3,4,5-trimethoxy-3,7-cyclo-8,1-neolig-8-ene-2,4(3H)-dione', 'taxifolin', ""(2'S)-2-(propan-2'-ol)-5-hydroxy-benzopyran-4-one"", 'Rel-(+)-(7S,9R,10S)-3,9,12-trihydroxycalamenene', 'Casearin D; (1R*,3S*,5S*,6aR*,7R*,8R*,9S*,10S*,10aR*)-1-(Acetyloxy)-3,5,6,6a,7,8,9,10-octahydro-5,10-dihydroxy-7,8-dimethyl-7-[(2Z)-3-methylpenta-2,4-dien-1-yl]naphtho[1,8a-c]furan-3,9-diyl Dibutanoate', 'Rel. (+)-(7S,10S) 3,12-dihydroxycalamenene', 'carlinoside', 'Methyl-8-(ethanoyloxy)-2,2-dimethyl-2H-chromene-6-carboxylate', 'arjunolic acid', '(3R,4R)-4,7-Dihydroxymellein', ""Nitensoside B; Pedalitin 6-O-α-rhamnopyranosyl(1'''→6'')-β-glucopyranoside"", 'Amentoflavone', 'Methyl gallate', '3-O-β-D-quinovopyranosyl cincholic acid', 'Afzelin, 3-O-α-rhamnosyl kaempferol', 'Egonol', '4-Nerolidilcatechol', ""2-(2'-O-transcoumaroyl)-C-β-D-glucopyranosyl-1,3,6,7-tetrahydroxyxanthone"", 'Syringic acid', '(+)-3-O-feruloylcassine', '(3-(2-(4-hydroxyphenyl)-2-oxoethyl)-5,6-dihydropyridin- 2(1H)-one)', 'Mangiferin', 'Salacin', 'Viburgenin', ""Pterogynoside; Kaempferol-3-O-(3''-O-4'''-methylgallate-α-L-rhamnoside)"", 'Isobutyl gallate', '7′-multijuguinone', 'Griseofulvin', ""Nitensoside A; Sorbifolin 6-O-α-rhamnopyranosyl(1'''→6'')-β-glucopyranoside"", 'Casearin O; (1R*,3S*,5S*,6aR*,7R*,8R*,9S*,10S*,10aR*)-1,10-Bis(acetyloxy)-5-methoxy-7,8-dimethyl-7-[(2Z)-3-methylpenta-2,4-dien-1-yl]-3,5,6,6a,7,8,9,10-octahydronaphtho[1,8a-c]furan-3,9-diyl Dibutanoate', 'germacrene D', '6-pentadecylsalicylic acid', 'Methyl-2,2-dimethylchroman-6-carboxylate', ""Myrsinoic acid A, 3-Geranyl-4-hydroxy-5-(3'',3''-dimethylallyl)benzoic acid"", '20α-Hydroxymaytenin; 20-hydroxy-20-epi-tingenone', '(-)-Epigallocatechin-3-O-gallate', 'Tetrahydropiperyline, N-[10-(13,14-methylenedioxyphenyl)-pentanoyl]-pyrrolidine', 'Piperovatine', '2,4,6-trimethoxybenzoic acid', '1-O-(E)-caffeoyl-β-D-glucopyranoside', 'Quercitrin, 3-O-α-rhamnosylquercetin', 'Caseobliquin A', 'Methyl angolensate', ""5-(3'' -Hydroxypropyl)-7-methoxy-2-(3',4' -methyl-enedioxyphenyl)benzofuran"", 'stachysterone', 'Ethyl 2,4-dihydroxy-5,6-dimethylbenzoate', 'Amentoflavone 7”,4”’-dimethyl ether', 'Picramnioside F', 'Lauryl gallate', 'Syringaldehyde', '22-hydroxytirucalla-7,24-diene-2,3-dione', 'Trans-3’-methylsulphonylallyl trans-cinnamate', '(−)-Grandisin', '24-methylenecycloartan-3b-ol', 'Ixoside', '2β-Hydroxyzuelanin-6β-cinnamate', 'Cognatine', 'Fagaramide', 'Chalepin']]",doi_name
"['10.1590/S0100-40422010001000006', '19,20-Epoxycytochalasin C']","['10.1590/S0100-40422010001000006', ['2α,3α-Dihydroxy-urs-12-en-28-oic acid', 'Haplotusine', '5-hydroxyflavone', 'β-Sitosterol benzoate', '2-phenyl-4H-chromen-4-one', 'Oleanolic acid 3-sophoroside', '3-O-β-D-(6’-methyl)-glucopyranosyl-28-O-β-D-glucopyranosyl-oleanate', 'N-acetylnonaine', 'Sinapyl 4-O-β-D-glucopyranoside alcohol', 'Liriodenine', 'Sinapyl 4-O-β-D-glucopyranoside aldehyde', 'Hinesol', 'guaiol', 'γ-eudesmol', 'α-eudesmol', 'Galioside aglicone', '11-O-trans-feruloylteucrein', 'Teucrein', 'Galioside', 'Apodanthoside', ""3,5,6,7,3',4',5'-heptamethoxyflavonol"", ""3',4',5',3,5,7,8-heptamethoxyflavone"", 'Anhydrofusarubin', 'Beauvericin', 'Procyanidin B-3', 'Kaempferol-3-O-α-L-rhamnopyranosyl-(1-6)-α-L-rhamnopyranosyl-(1-4)-β-D-glucopyranoside', 'Quercetin-3-O-α-L-rhamnopyranosyl-(1→6)-β-D-galactopyranoside', 'Catechin, Ent-catechin', 'Kaempferol-3-O-rutinoside', 'Kaempferol-3-O-α-L-rhamnopyranosyl-(1→6)-β-D-galactopyranoside', 'Kaempferol-3-O-D-galactopyranoside', '6-Hydroxy-rutin', 'Kaempferol-3-O-D-glucopyranoside', '5,7-dimethoxy-2,2-dimethyl-2H-1-benzopyran-6-propanoic acid', 'Methyl (3R,4R,5R)-3-{[(2Z)-3-(3,4-dihydroxyphenyl)-2-propenoyl]oxy}-1,4,5-trihydroxycyclohexanecarboxylate', 'Methyl (3R,4R,5R)-3-{[(2E)-3-(3,4-dihydroxyphenyl)-2-propenoyl]oxy}-1,4,5-trihydroxycyclohexanecarboxylate', 'Sargachromenol', '21´-(3,4-Methylenedioxyphenyl)-henicosanoic acid', ""Juruenolic acid; 2-(4'-Methylpentenyl-3)-10-oxoundecan-2,6-dienoic acid"", ""7,4'-Dimethoxyflavone"", 'Farnisine', 'Tithonine', '19´-(3,4-Methylenedioxyphenyl)-nonadecanoic acid', 'Fasciculiferin', '(+)-Guaiacin', 'Sargaquinoic acid', ""7,4'-Dihydroxyflavone"", '17-(3,4-Methylenedioxyphenyl)-heptadecanoic acid', 'Chlorogenic acid methyl ester, Methyl (1S,3R,4R,5R)-3-{[(2E)-3-(3,4-dihydroxyphenyl)-2-propenoyl]oxy}-1,4,5-trihydroxycyclohexanecarboxylate', '5,7-dimethoxy-2,2-dimethyl-2H-1-benzopyran-6-propanoate', 'Ergosterol peroxide', '8-hydroxy-6-methoxy-3-methylisocoumarin', 'Dimethyl terephthalate', 'Pimara-7,15-dien-3β-ol', '(22E,24R)-ergosta-4,6,8(14),22-tetraen-3-one', ""6'-Acetyl-β-D-glucopyranosyldiderroside"", '7-Methoxydiderroside', 'Diderroside', 'Secoxyloganin', '2-Episesalatin', ""Isoswertisin-2''α1-L-rhamnoside"", ""Isoswertisin-4'-methyl-ether-2''α-L-rhamnoside"", 'Clusifoliol', 'Sesartemin', 'Methacrylic acid', ""Isosakuranetin; 5,7-dihydroxy-4'-methoxyflavanone"", ""Sakuranetin; 5,4'-dihydroxy-7-methoxyflavanone"", ""1,4-Dihydroxy-2-(3',7'-dimethyl-1'-oxo-2'-E-6'-octadienyl)benzene"", ""4-Hydroxy-(3',7'-dimethyl-1'-oxo-octa-2'-E-6'-dienyl)benzoic acid"", ""4-Hydroxy-3-(3',7'-dimethyl-3'-hydroxy-1'-oxo-6'-octenyl)benzoic acid"", ""Hostmaniene; 4-Hydroxy-3-(2',3'-dihydroxy-3'-methylbutyl)benzoate"", ""4-Hydroxy-3-(3',7'-dimethylocta-2'-E-6'-dienyl)benzoic acid"", '3,4,5-Trimethoxydihydrocinnamic acid', 'Methyl 2,2-dimethyl-1-oxo-2H-1-benzopyran-6-carboxylate', ""4-Hydroxy-(3',7'-dimethyl-1'-oxo-octa-2'-Z-6'-dienyl)benzoic acid"", ""Methyl 4-hydroxy-3-(3'-methyl-2'-butenyl)benzoate"", ""Methyl 4-hydroxy-3-(3'-methyl-2'-hydroxy-3'-butenyl)benzoate"", ""Aduncumene; Methyl 2-methoxy-5-(3'-methyl-1'-oxo-2'-butenyl)benzoate"", ""Methyl taboganate; Methyl 4-hydroxy-3-(3'-methyl-1'-oxo-2'-butenyl)benzoate"", ""2',6'-Dihydroxy-4'-methoxydihydrochalcone"", 'Piperaduncine B', '(3Z,5Z)-N-isobutyl-8-(30,40-methylenedioxy-phenyl)-heptadienamide', 'Pellitorine', '(Z)-piplartine; 8(Z)-N-(12,13, 14-trimethoxycinnamoyl)- 3-pyridin-2-one', ""N-[3-(6'-methoxy-3',4'-methy-lenedioxyphenyl)-2(Z)-propenoyl]pyrrolidine"", '(E)-piplartine', '8,9-dihydropiplartine; N-(12,13,14-trimethoxydihydrocinnamoyl)-Δ3-pyridin-2-one', 'Piperine', '10,11-dihydropiperine; Δα,β-dihydropiperine', '4,5-dihydropiperlonguminine; Piperlonguminine', '4,5-dihydropiperyline', '(+)-α-Hydroxyerysotrine', '(+)-Erythravine', '(+)-11α-Hydroxyerythravine', 'Isopimpinellin', '9-hydroxyeugenin', 'Mycoleptone A', 'Eugenitin', 'Austdiol diacetate', '6-methoxyeugenin', 'Mycoleptone B', 'Mycoleptone A tetraacetate', 'Austdiol', '(-)-3-O-acetyl-spectaline', '1,3,5-trihydroxy- 2,8-bis(3-methylbut-2-enyl)-10-methyl-9-acridone', 'Pyranofoline', '1,3,5-trihydroxy-4-methoxy-10-methyl- 2,8-bis(3-methylbut-2-enyl)acridin-9(10H)-one', '3,4-dihydro-3,5,8-trihydroxy-6-methoxy-2,2,7-trimethyl-2Hpyrano[ 2,3-a]acridin-12(7H)-one', 'Glycocitrine-I', 'Citrusinine-I', 'Glycocitrine-IV', '5-hydroxynoracronycine; Atalaphyllidine', 'Citrusinine-II', 'cyclo (L)-Pro-Gly', '3,3-O-dimethylquercetin', 'penduletin 4-O-methyl ether', '2α,3α,19α- trihydroxyurs-12-en-28-oic acid', 'acacetin', 'Chrysoeriol', '3,7,4-O-trimethylkaempferol', '3-O-methylquercetin', 'p-hydroxybenzoic acid', '2α,3α-dihydroxyolean-12- en-28-oic acid', 'Taraxerol acetate', 'Aphidicolin', ""4-Methoxy-3-(3',7'-dimethylocta-2'-E-6'-dienyl)benzoic acid"", 'Methyl-8-hydroxy-2,2-dimethyl-2H-chromene-6-carboxylate', ""3-(3',7 '-dimethyl-2',6 '-octadienyl)-4-methoxy-benzoic acid"", ""3,4-dimethyl-2-(4'-hydroxy-3',5'-dimethoxyphenyl)-5-methoxy-tetrahydrofuran"", 'Stearic acid 4-pentoyloxyphenethyl ester', 'Pentaol', '3,11-dioxoolean-12-en-28- onic acid', 'Hispidol A', 'Oleanonic acid', 'cryptomeridiol', 'Piscidinol A', 'Nilocetin', 'Iso-odoratol', ""3',4'-methylenedioxy-5,5',6,7-tetramethoxyflavone"", ""2'-hydroxy-3,4,4'-trimethoxy-5',6'-(2'',2''-dimethylpyrano)-chalcone"", ""3',4'-methylenedioxy-5,6,7- trimethoxyflavone"", ""3',4'-methylenedioxy-5,7-dimethoxyflavone"", '4-metoxi-6-[2-(metilamino)fenil]- 2H-piran-2-ona', 'astilbin; Rel-(2R, 3R)-dihydroquercetin-3-O-±-L-rhamnoside', ""Rel-(7R,8S,7'S,8'S)-4-hydroxy-4',5'-methylenedioxy-3,5,3'-trimethoxy-7,7'-epoxylignan"", ""Rel-(7R,8S,7'S,8'S)-4,5,4',5'-dimethylenedioxy-3,3'-dimethoxy-7,7'-epoxylignan"", ""Rel-(7R,8S,7'S,8'S)-4'-hydroxy-3,4,5,3',5'-pentamethoxy-7,7'-epoxylignan"", ""Rel-(7R,8S,7'S,8'S)-4',5'-methylenedioxy-3,4,5,3'-tetramethoxy-7,7'-epoxylignan"", ""Rel-(7R,8S,7'S,8'S)-9-hydroxy-4',5'-methylenedioxy-3,4,5,3'-tetramethoxy-7,7'-epoxylignan"", 'Nitensidine D', 'Nitensidine E', 'Xanthyletin', '2-n-Propylquinoline', ""2-(1'-pentenyl)-Quinoline"", ""2-(3',4'-methylenedioxyphenylethyl)-Quinoline"", '2-n-Pentylquinoline', '1-methoxy-3-hydroxy-3,10b-4,5a-diepoxy-8b-isobutyroyloxygermacr-11(13)-en-6a,12-olide', 'Tagitinin C', 'Deoxycordifoline', '3,4-dehydrostrictosidine acid', 'Cordifoline', 'Strictosidine acid', 'Harman-3-carboxylic acid', 'Turbinatine', '5α-carboxystrictosidine', '3,4-dehydro-strictosidine', 'Ferulic acid', 'β-Gardiol', 'α-Gardiol', 'Nectandrin B', 'Epi-guaiacin', 'Verrucosin', '7-Methyl-sargachromenol; 2,7,8-Trimethyl-2-[(3-E,7-Z)-4,12-dimethyl-8-carboxyl-3,7,11-tridecatrienyl]-3-chromen-6-ol, β-caroteno', '21α,25-dimethylmelianodiol', '3,21-Di-epi-feroniellide B', '21β,25-dimethylmelianodiol', '2,3-dihydro-4,9-dihydroxy-2-(2-hydroxy-propan-2-yl)- 11-methoxy-10-methylfuro[3,2-b]acridin-5(10H)-one', 'bis-5-hydroxyacronycine', 'Citibrasine', 'β-caryophyllene, trans-caryophyllene', 'Cusculine; 1,2,3,5,6-pentamethoxy-9-acridone', 'Cuspanine; 1-hydroxy-2,3,5,6-tetramethoxy-9-acridone', '[10]-gingerol', ""2,4-Dihydroxy-6-[(1'E,3'E)-penta-1', 3'-dienyl]-benzaldehyde"", '2-methyl-5-[8(Z)-pentadecenyl]resorcinol', 'Kaempferol', '2-hydroxyphenylacetic acid', '3-O-β-D-quinovopyranosyl quinovic acid', '(4R)-4,8-dihydroxy-α-tetralone', 'scillascillin', 'Chlorogenic acid', 'Chalepin', 'Piperol B', '(-)-Hardwickiic acid', ""5-[3''-(β-D-glucopyranosyloxy)propyl]-7-methoxy-2-(3',4'-methylenedioxyphenyl)benzofuran"", '28-O-β-D-glucopyranosyl quinovic acid', '2-Methyl-4-hydroxy-butyl caffeoate', 'N-1,N-2,N-3-Triisopentenylguanidine', 'Odoratol', 'Leptomerine', '5-hydroxy-N-methylseverifoline', '19,20-Epoxycytochalasin N', 'ellagic acid 4-O-α-L-rhamnopyranoside; eschweilenol C', 'Mayoside C', 'Ourateacatechin', ""3',4',5',5,7-pentamethoxyflavone"", '2-methyl-5-pentadecylresorcinol', '3β-hydroxy-stigmast-5-en-7-one; 24-β-7-oxositosterol', 'Isobutyl gallate', '7′-multijuguinone', 'Griseofulvin', ""7-Hydroxy-4',6-dimethoxyisoflavone; Afrormosin; Afromosin"", '8-methoxymellein', '(±)-Syringaresinol', '(-) Cis-4-hydroxy-6-deoxyscytalone', 'Plumericin', '5-[8(Z),11(Z)-pentadecadienyl]resorcinol', '(-)-Spectalinine', 'Ocotillone', 'des-N-methylnoracronycine', 'Sorbifolin 6-O-β-glucopyranoside', 'Rel-2α-hydroxyzuelanin-6β-benzoate', '2,6-di-O-acetylcasearupestrin D', ""Methyl-2,2-dimethyl-8-(3'-methylbut-2'-enyl)chroman-6-carboxylate"", '2,7-Di-O-acetylcasearupestrin A', 'Nitensidine B', '1-methyl-2-n-nonyl-4-quinolone', '5-[8(Z),11(Z),14-pentadecatrienyl]resorcinol', 'Nitensidine A', ""8-hydroxy-3,5,7,3',4',5'-hexamethoxyflavonol"", 'Dibenzyl tetrasulphide', ""2',5-dihydroxy-3-methoxy-8-dimethylallyl-6, 7-(2' ',2''-dimethylpyrano)-dihydroflavonol"", '2-n-nonyl-4-quinolone', 'Maculosidine', 'Podocarpusflavone A', 'Casearupestrin C', '6α-malonyloxy-n-butyl ester manoyl oxide', 'citrusinine-I', 'Ricinine', 'Leptophyllin A', '5-pentadecylresorcinol', 'Netzahualcoyondiol', 'Pristimerin; 20α-3-hydroxy-2-oxo-24-nor-friedela-1-10,3,5,7-tetraen-carboxylic acid-29-methylester', '3,4,5-trimethoxyphenyl 1-O-β-D-apiofuranosyl-(1→6)-O-β-D-glucopyranoside', 'fraxinellonone', 'Dibenzyl sulphide', '1,6-di-O-caffeoyl-β-D-glucopyranoside', '2-methyl-5-[8(Z),11(Z),14-pentadecatrienyl]resorcinol', 'Skimmianine', 'p-hydroxybenzoic acid-geranyl ester', 'Dibenzyl disulphide', 'β-photogedunin', 'n-Butyl gallate', ""5-[3''-(β-D-glucopyranosyloxy)propyl]-7-methoxy-2-(3',4'-dimethoxyphenyl)benzofuran"", '3,12-Dihydroxycadalene', '7-hydroxy-3- (11-dimethylallyl)-8-methoxycoumarin', ""N-[7-(3',4'-methylenedioxyphenyl)-2(Z),4(Z)-heptadienoyl]pyrrolidine"", ""Acteoside; [β-3,4-dihydroxyphenyl)-ethyl]-(3'-O-α-L-rhamnopyranosyl)-(4'-O-cafeoyl)-β-D-glycopyranoside, verbascoside"", '19,20-Epoxycytochalasin D', 'fumiquinozoline F', 'Kaempferol 3-O-α-L-rhamnopyranosyl (1→6)-O-[β -D-glucopyranosyl (1→3)-O-α-L-rhamnopyranosyl-(1→2)]-O-β -D-glucopyranosyl', '3β-O-[α-L-rhamnopyranosyl-(1→2)-O-β-D-glucopyranosyl-(1→2)-O-β-D-glucopyranosyl]-28-O-β-D-glucopyranoside pomolate', ""2-(2'-O-trans-cinnamoyl)-C-β-D-glucopyranosyl-1,3,6,7-tetrahydroxyxanthone"", 'urauchimycin B', 'Homoegonol', '[8]-gingerol', '4-Hydroxymellein', '5-hydroxymellein', 'Cytochalasin D', 'Isoorientin', 'Uracil', 'urauchimycin A', 'p-Coumaric acid', '(-)-Epigallocatechin', 'Netzahualcoyonol', '1-[3-(3,7-dimethylocta-2,6-dien-1-yl)-2,4,6- trihydroxyphenyl]-3-(4-hydroxyphenyl)propan-1-one', '6α-malonyloxymanoyl oxide', 'Benzylhydroxymethyl sulphide', '20-hydroxyecdysone; polypodine A', '3-Acetyl aleuritolic acid', 'Alkenoic acid', 'Quercetin 3-O-α-L-rhamnopyranosyl (1→6)-O-[β -D-glucopyranosyl (1→3)-O-α-L-rhamnopyranosyl-(1→2)]-O-β -D-glucopyranosyl', 'Heveaflavone', 'Arboreumine', '3-Oxoursolic acid', 'Casearupestrin B', 'Caseobliquin A', 'Methyl angolensate', ""5-(3'' -Hydroxypropyl)-7-methoxy-2-(3',4' -methyl-enedioxyphenyl)benzofuran"", '22β-hydroxypristimerin', '1- (5,7-dihydroxy-2,2-dimethylchroman-6-yl)-3-(2,2-dimethylchroman- 6-yl)propan-1-one', 'Canavaline', 'Di-hydrodehydrodiconiferyl alcohol', 'Quercetin', 'Pedalitin', '1-O-(E)-feruloyl-β-D-glucopyranoside', '19,20-Epoxycytochalasin C', 'n-Pentyl gallate', 'Orcinol', 'Periconicin B', 'Phomopsilactone', ""(2S)-8-Isopentyl-2-methyl-2-(4'-methylpentyl)chroman-6-carboxylic acid"", '2,2-dimethyl-2H-chromene-6-carboxylic acid', '1,2-dihydro- 3β-hydroxy-7-deacetoxy-7-oxogedunin', 'Photogedunin', 'Proanthocyanidin', 'neoisoastilbin', '(R)-7-Hydroxymellein', '6α-acetoxymanoyl oxide', 'Methyl-8-hydroxy-2,2-dimethylchroman-6-carboxylate', 'Methyl 6,7,8-trimethoxydihydrocinnamate', 'Casearin X; (1R*,3S*,5S*,6aR*,7S*,8S*,10R*,10aR*)-1-(Acetyloxy)-3,5,6,6a,7,8,9,10-octahydro-10-hydroxy-7,8-dimethyl-7-[(2Z)-3-methylpenta-2,4-dien-1-yl]naphtho[1,8a-c]furan-3,5-diyl Dibutanoate', 'α-L-xylopyranosyl-(4""→20)-(3-O-β-D-glucopyranosyl)-1\'-O-E-caffeoyl-β-D-glucopyranoside', ""2-(R)-Methyl-6-(S)-(tetradecyl-13'-one)-3(R)-O-tert-butyldimethylsilyl-piperidine"", '(2S)-Methyl-2-methyl-8-(3""-methylbut-2""-enyl)-2-(4\'-methylpent-3\'-enyl)-2H-chromene-6-carboxylate', 'Casearin T', 'Piperyline, N-[10-(13,14-methylenedioxyphenyl)-7(E),9(E)-pentadienoyl]-pyrrolidine', 'ω-fenil alcanoic acid', '2-butyl-D-fructofuranoside', ""Gaudichaudianic acid; (2S)-2-methyl-2-(4'methyl-3'-pentenyl)-8-(3''-methyl-2-butenyl)- 2H-1-benzopyran-6-carboxylic acid"", 'limonexic acid', 'Di(benzyltrithio) methane', '3,11,12-Trihydroxycadalene', 'Quercetin 3-O-sophoroside', '(3R,4R)-3,4-Dihydro-4,6-dihydroxy-3-methyl-1-oxo-1H-isochromene-5-carboxylic acid', 'toonacilin', '1-O-(E)-caffeoyl-β-D-glucopyranoside', 'Gallic acid; 3,4,5-trihydroxybenzoic acid', 'Quercitrin, 3-O-α-rhamnosylquercetin', '24-methylene-3,22-dihydroxycholesterol', 'amorphispironone', 'Casearupestrin D', 'Chaetoglobosin B', ""2-(2'-O-benzoyl)-C-β-D-glucopyranosyl-1,3,6,7-tetrahydroxyxanthone"", 'Isoplumericin', '6α-acetoxy-14β,15β-epoxyazadirone', 'epoxy-fraxinellone', '12′-hydroxy-7′-multijuguinone', 'Kaempferitrin', 'Nitensidine C', 'Dipropyl disulphide', '2-methyl-5-[8(Z),11(Z)-pentadecadienyl]resorcinol', '(2S)-2-methyl-8-(3""-methylbut-2""-enyl)-2-(4\'-methylpent-3\'-enyl)-2H-chromene-6-carboxylic acid', 'Burchellin', '5-[8(Z)-pentadecenyl]resorcinol', 'Luteolin; 2-(3,4-dihydroxyphenyl)-5,7-dihydroxy-4H-chromen-4-one', 'Sinapic acid', '19,20-Epoxycytochalasin Q', '19,20-Epoxycytochalasin R', 'Muraxanthone', 'polypodine B', 'n-Propyl gallate', ""3',4',5',5,7,8-hexamethoxyflavone"", 'Isopropyl gallate', '6β-hydroxy-7-epigardoside methyl ester', 'Tetrahydropiperyline, N-[10-(13,14-methylenedioxyphenyl)-pentanoyl]-pyrrolidine', 'Piperovatine', '2,4,6-trimethoxybenzoic acid', 'Odoratone', 'Rel-6β-hydroxyzuelanin-2β-benzoate', 'shidasterone', '5-hydroxymethyl- 2-furancarboxaldehyde; 5-hydroxymethyl-2-furfuraldehyde', 'atalaphyllinine', 'N-[10- (13,14-methylenedioxyphenyl)-7(E)-pentaenoyl]-pyrrolidine', '2-Methyl-5-methoxy-benzopyran-4-one', '3,4-dihydroxybenzoic acid geranyl ester', 'Casearupestrin A', '2-oxo-piperol B; (7S*, 8R*, 1R*, 3R*)-3,4,5-trimethoxy-3,7-cyclo-8,1-neolig-8-ene-2,4(3H)-dione', 'taxifolin', '2-Hexyl-3-methyl-butanodioic acid', 'fraxinellone', '6-[ 8(Z),11(Z) -pentadecadienyl] salicylic acid', 'N-[10-(13,14-methylenedioxyphenyl)-7(E),9(Z)-pentadienoyl]-pyrrolidine', '6-[8(Z)-pentadecenyl]salicylic acid', '1-(5,7-dihydroxy-2,2-dimethylchroman-6-yl)-3-(1,1,4a-trimethyl-2,3,4,4a,9a-hexahydro-1H-xanthen-7-yl)propan-1-one', ""(2'S)-2-(propan-2'-ol)-5-hydroxy-benzopyran-4-one"", 'Rel-(+)-(7S,9R,10S)-3,9,12-trihydroxycalamenene', 'Casearin S', '11β-acetoxyobacunone', '1-(5,7-dihydroxy-2,2-dimethylchroman- 6-yl)-3-[4-hydroxy-3-(3-methylbut-2-en-1-yl)- phenyl]propan-1-one', '(3R,4R)-4,7-Dihydroxymellein', ""Nitensoside B; Pedalitin 6-O-α-rhamnopyranosyl(1'''→6'')-β-glucopyranoside"", 'Gedunin', 'Pedalin, pedalitin 6-O-β -glucopyranoside', 'Caseargrewiin F; (1R*,3S*,5S*,6aR*,7S*,8R*,10R*,10aR*)-1,3-Bis(acetyloxy)-3,5,6,6a,7,8,9,10-octahydro-10-hydroxy-7,8-dimethyl-7-[(2Z)-3-methylpenta-2,4-dien-1-yl]naphtho[1,8a-c]furan-5-yl Butanoate', 'Casearin L; (1R*,3S*,5S*,6aR*,7R*,8R*,9S*,10S*,10aR*)-1,10-Bis(acetyloxy)-3,5,6,6a,7,8,9,10-octahydro-9-hydroxy-5-methoxy-7,8-dimethyl-7-[(2Z)-3-methylpenta-2,4-dien-1-yl]naphtho[1,8a-c]-furan-3-yl Butanoate', 'Platydesmine', 'Leiokinine A', 'Cabraleadiol', '3,4,5-Triacetoxybenzoic acid', ""Myrsinoic acid A, 3-Geranyl-4-hydroxy-5-(3'',3''-dimethylallyl)benzoic acid"", '20α-Hydroxymaytenin; 20-hydroxy-20-epi-tingenone', '(-)-Epigallocatechin-3-O-gallate', 'Casearin D; (1R*,3S*,5S*,6aR*,7R*,8R*,9S*,10S*,10aR*)-1-(Acetyloxy)-3,5,6,6a,7,8,9,10-octahydro-5,10-dihydroxy-7,8-dimethyl-7-[(2Z)-3-methylpenta-2,4-dien-1-yl]naphtho[1,8a-c]furan-3,9-diyl Dibutanoate', 'Rel. (+)-(7S,10S) 3,12-dihydroxycalamenene', 'schaftoside', ""(2S)-Methyl-8-isopentyl-2-methyl-2-(4'-methylpentyl)chroman-6-carboxylate"", 'Methyl gallate', '3-O-β-D-quinovopyranosyl cincholic acid', 'Afzelin, 3-O-α-rhamnosyl kaempferol', 'Egonol', '4-Nerolidilcatechol', ""2-(2'-O-transcoumaroyl)-C-β-D-glucopyranosyl-1,3,6,7-tetrahydroxyxanthone"", 'Syringic acid', '(+)-3-O-feruloylcassine', 'Amentoflavone', '22-hydroxytirucalla-7,24-diene-2,3-dione', 'Trans-3’-methylsulphonylallyl trans-cinnamate', '(3-(2-(4-hydroxyphenyl)-2-oxoethyl)-5,6-dihydropyridin- 2(1H)-one)', 'Mangiferin', 'Viburgenin', ""Pterogynoside; Kaempferol-3-O-(3''-O-4'''-methylgallate-α-L-rhamnoside)"", 'Methyl (E)-6,7,8-trimethoxycinnamate', '3,4,5-Trimethoxyphenyl-1-O-β-D-(5-O-syringoyl)-apiofuranosyl-(1→6)-β-D-glucopyranoside', '6-[8(Z),11(Z),14-pentadecatrienyl]salicylic acid', 'Sorbifolin', ""Nitensoside A; Sorbifolin 6-O-α-rhamnopyranosyl(1'''→6'')-β-glucopyranoside"", 'Casearin O; (1R*,3S*,5S*,6aR*,7R*,8R*,9S*,10S*,10aR*)-1,10-Bis(acetyloxy)-5-methoxy-7,8-dimethyl-7-[(2Z)-3-methylpenta-2,4-dien-1-yl]-3,5,6,6a,7,8,9,10-octahydronaphtho[1,8a-c]furan-3,9-diyl Dibutanoate', 'germacrene D', 'Salacin', '6-pentadecylsalicylic acid', 'Methyl-2,2-dimethylchroman-6-carboxylate', 'Dibenzyl trisulphide', 'Maytenin, Tingenone', 'Kokusaginine', ""2-(2'-O-trans-caffeoyl)-C-β-D-glucopyranosyl-1,3,6,7-tetrahydroxyxanthone"", 'Netzahualcoyene', 'Casearin X Dialdehyde; (2R*,4aS*,5S*,7R*,8R*,8aS*)-4,4a-Diformyl-1,2,4a,5,6,7,8,8a-octahydro-5-hydroxy-7,8-dimethyl-8-[(2Z)-3-methylpenta-2,4-dien-1-yl]naphthalen-2-yl Butanoate', 'carlinoside', 'Methyl-8-(ethanoyloxy)-2,2-dimethyl-2H-chromene-6-carboxylate', '2β-Hydroxyzuelanin-6β-cinnamate', 'arjunolic acid', 'stachysterone', 'Ethyl 2,4-dihydroxy-5,6-dimethylbenzoate', 'Amentoflavone 7”,4”’-dimethyl ether', 'Picramnioside F', 'Lauryl gallate', 'Syringaldehyde', 'Cyclo-(L-Pro-L-Val)', 'Acetonide of odoratol', '(−)-Grandisin', '24-methylenecycloartan-3b-ol', 'Ixoside', 'Cognatine', 'Fagaramide']]",doi_name
"['10.1016/S0031-9422(00)00225-9', 'Di-hydrodehydrodiconiferyl alcohol']","['10.1016/S0031-9422(00)00225-9', ['guaiol', 'γ-eudesmol', 'Hinesol', 'α-eudesmol', ""2'-hydroxy-3,4,4'-trimethoxy-5',6'-(2'',2''-dimethylpyrano)-chalcone"", ""3',4'-methylenedioxy-5,6,7- trimethoxyflavone"", ""3',4'-methylenedioxy-5,5',6,7-tetramethoxyflavone"", ""3',4'-methylenedioxy-5,7-dimethoxyflavone"", 'Teucrein', '11-O-trans-feruloylteucrein', 'Galioside aglicone', 'Galioside', 'Apodanthoside', 'Mycoleptone A', '9-hydroxyeugenin', 'Austdiol', 'Mycoleptone A tetraacetate', 'Mycoleptone B', '6-methoxyeugenin', 'Austdiol diacetate', 'Eugenitin', 'Xanthyletin', '2-n-Pentylquinoline', ""2-(3',4'-methylenedioxyphenylethyl)-Quinoline"", ""2-(1'-pentenyl)-Quinoline"", '2-n-Propylquinoline', 'Secoxyloganin', 'Diderroside', '7-Methoxydiderroside', ""6'-Acetyl-β-D-glucopyranosyldiderroside"", 'Chlorogenic acid methyl ester, Methyl (1S,3R,4R,5R)-3-{[(2E)-3-(3,4-dihydroxyphenyl)-2-propenoyl]oxy}-1,4,5-trihydroxycyclohexanecarboxylate', 'Kaempferol-3-O-α-L-rhamnopyranosyl-(1-6)-α-L-rhamnopyranosyl-(1-4)-β-D-glucopyranoside', 'Procyanidin B-3', 'Catechin, Ent-catechin', 'Kaempferol-3-O-D-glucopyranoside', 'Quercetin-3-O-α-L-rhamnopyranosyl-(1→6)-β-D-galactopyranoside', '6-Hydroxy-rutin', 'Kaempferol-3-O-D-galactopyranoside', 'Kaempferol-3-O-rutinoside', 'Kaempferol-3-O-α-L-rhamnopyranosyl-(1→6)-β-D-galactopyranoside', 'Epi-guaiacin', 'Verrucosin', '7-Methyl-sargachromenol; 2,7,8-Trimethyl-2-[(3-E,7-Z)-4,12-dimethyl-8-carboxyl-3,7,11-tridecatrienyl]-3-chromen-6-ol, β-caroteno', 'Nectandrin B', ""4-Methoxy-3-(3',7'-dimethylocta-2'-E-6'-dienyl)benzoic acid"", ""3-(3',7 '-dimethyl-2',6 '-octadienyl)-4-methoxy-benzoic acid"", 'Methyl-8-hydroxy-2,2-dimethyl-2H-chromene-6-carboxylate', 'bis-5-hydroxyacronycine', 'Citibrasine', '2,3-dihydro-4,9-dihydroxy-2-(2-hydroxy-propan-2-yl)- 11-methoxy-10-methylfuro[3,2-b]acridin-5(10H)-one', 'penduletin 4-O-methyl ether', '3,3-O-dimethylquercetin', '2α,3α,19α- trihydroxyurs-12-en-28-oic acid', '3,7,4-O-trimethylkaempferol', '3-O-methylquercetin', 'Chrysoeriol', 'p-hydroxybenzoic acid', 'acacetin', '2α,3α-dihydroxyolean-12- en-28-oic acid', 'Sargachromenol', 'Sargaquinoic acid', ""7,4'-Dihydroxyflavone"", 'Farnisine', ""7,4'-Dimethoxyflavone"", '(+)-Guaiacin', '21´-(3,4-Methylenedioxyphenyl)-henicosanoic acid', '19´-(3,4-Methylenedioxyphenyl)-nonadecanoic acid', '17-(3,4-Methylenedioxyphenyl)-heptadecanoic acid', 'Fasciculiferin', ""Juruenolic acid; 2-(4'-Methylpentenyl-3)-10-oxoundecan-2,6-dienoic acid"", 'Tithonine', 'Taraxerol acetate', '21β,25-dimethylmelianodiol', '21α,25-dimethylmelianodiol', '3,21-Di-epi-feroniellide B', 'Tagitinin C', '1-methoxy-3-hydroxy-3,10b-4,5a-diepoxy-8b-isobutyroyloxygermacr-11(13)-en-6a,12-olide', ""Rel-(7R,8S,7'S,8'S)-9-hydroxy-4',5'-methylenedioxy-3,4,5,3'-tetramethoxy-7,7'-epoxylignan"", ""Rel-(7R,8S,7'S,8'S)-4,5,4',5'-dimethylenedioxy-3,3'-dimethoxy-7,7'-epoxylignan"", ""Rel-(7R,8S,7'S,8'S)-4'-hydroxy-3,4,5,3',5'-pentamethoxy-7,7'-epoxylignan"", ""Rel-(7R,8S,7'S,8'S)-4',5'-methylenedioxy-3,4,5,3'-tetramethoxy-7,7'-epoxylignan"", ""Rel-(7R,8S,7'S,8'S)-4-hydroxy-4',5'-methylenedioxy-3,5,3'-trimethoxy-7,7'-epoxylignan"", 'cyclo (L)-Pro-Gly', 'Isopimpinellin', 'Nilocetin', 'Hispidol A', 'cryptomeridiol', 'Pentaol', 'Oleanonic acid', 'Iso-odoratol', 'Piscidinol A', '3,11-dioxoolean-12-en-28- onic acid', '(+)-α-Hydroxyerysotrine', '(+)-Erythravine', '(+)-11α-Hydroxyerythravine', 'Clusifoliol', ""Isoswertisin-4'-methyl-ether-2''α-L-rhamnoside"", ""Isoswertisin-2''α1-L-rhamnoside"", '2-Episesalatin', 'Sesartemin', ""Isosakuranetin; 5,7-dihydroxy-4'-methoxyflavanone"", ""1,4-Dihydroxy-2-(3',7'-dimethyl-1'-oxo-2'-E-6'-octadienyl)benzene"", ""4-Hydroxy-3-(3',7'-dimethyl-3'-hydroxy-1'-oxo-6'-octenyl)benzoic acid"", ""Sakuranetin; 5,4'-dihydroxy-7-methoxyflavanone"", ""4-Hydroxy-(3',7'-dimethyl-1'-oxo-octa-2'-E-6'-dienyl)benzoic acid"", '5,7-dimethoxy-2,2-dimethyl-2H-1-benzopyran-6-propanoate', '(-)-3-O-acetyl-spectaline', ""3',4',5',3,5,7,8-heptamethoxyflavone"", ""3,5,6,7,3',4',5'-heptamethoxyflavonol"", ""Methyl 4-hydroxy-3-(3'-methyl-2'-butenyl)benzoate"", ""2',6'-Dihydroxy-4'-methoxydihydrochalcone"", 'Piperaduncine B', '3,4,5-Trimethoxydihydrocinnamic acid', ""Methyl taboganate; Methyl 4-hydroxy-3-(3'-methyl-1'-oxo-2'-butenyl)benzoate"", ""Hostmaniene; 4-Hydroxy-3-(2',3'-dihydroxy-3'-methylbutyl)benzoate"", 'Methyl 2,2-dimethyl-1-oxo-2H-1-benzopyran-6-carboxylate', ""4-Hydroxy-3-(3',7'-dimethylocta-2'-E-6'-dienyl)benzoic acid"", ""Methyl 4-hydroxy-3-(3'-methyl-2'-hydroxy-3'-butenyl)benzoate"", ""4-Hydroxy-(3',7'-dimethyl-1'-oxo-octa-2'-Z-6'-dienyl)benzoic acid"", ""Aduncumene; Methyl 2-methoxy-5-(3'-methyl-1'-oxo-2'-butenyl)benzoate"", 'Stearic acid 4-pentoyloxyphenethyl ester', '8-hydroxy-6-methoxy-3-methylisocoumarin', 'Ergosterol peroxide', '(22E,24R)-ergosta-4,6,8(14),22-tetraen-3-one', 'Dimethyl terephthalate', 'Pimara-7,15-dien-3β-ol', 'Nitensidine D', 'Nitensidine E', 'β-Gardiol', 'Ferulic acid', 'α-Gardiol', 'Methyl (3R,4R,5R)-3-{[(2E)-3-(3,4-dihydroxyphenyl)-2-propenoyl]oxy}-1,4,5-trihydroxycyclohexanecarboxylate', 'Methyl (3R,4R,5R)-3-{[(2Z)-3-(3,4-dihydroxyphenyl)-2-propenoyl]oxy}-1,4,5-trihydroxycyclohexanecarboxylate', 'astilbin; Rel-(2R, 3R)-dihydroquercetin-3-O-±-L-rhamnoside', 'Beauvericin', 'Anhydrofusarubin', ""3,4-dimethyl-2-(4'-hydroxy-3',5'-dimethoxyphenyl)-5-methoxy-tetrahydrofuran"", '10,11-dihydropiperine; Δα,β-dihydropiperine', '8,9-dihydropiplartine; N-(12,13,14-trimethoxydihydrocinnamoyl)-Δ3-pyridin-2-one', '4,5-dihydropiperyline', '4,5-dihydropiperlonguminine; Piperlonguminine', '(Z)-piplartine; 8(Z)-N-(12,13, 14-trimethoxycinnamoyl)- 3-pyridin-2-one', ""N-[3-(6'-methoxy-3',4'-methy-lenedioxyphenyl)-2(Z)-propenoyl]pyrrolidine"", '(E)-piplartine', 'Piperine', 'Pellitorine', '(3Z,5Z)-N-isobutyl-8-(30,40-methylenedioxy-phenyl)-heptadienamide', 'Methacrylic acid', 'Citrusinine-I', '1,3,5-trihydroxy- 2,8-bis(3-methylbut-2-enyl)-10-methyl-9-acridone', 'Pyranofoline', '1,3,5-trihydroxy-4-methoxy-10-methyl- 2,8-bis(3-methylbut-2-enyl)acridin-9(10H)-one', 'Citrusinine-II', '3,4-dihydro-3,5,8-trihydroxy-6-methoxy-2,2,7-trimethyl-2Hpyrano[ 2,3-a]acridin-12(7H)-one', 'Glycocitrine-I', '5-hydroxynoracronycine; Atalaphyllidine', 'Glycocitrine-IV', 'Aphidicolin', '5,7-dimethoxy-2,2-dimethyl-2H-1-benzopyran-6-propanoic acid', '3,4-dehydro-strictosidine', 'Turbinatine', 'Harman-3-carboxylic acid', 'Strictosidine acid', '3,4-dehydrostrictosidine acid', 'Cordifoline', '5α-carboxystrictosidine', 'Deoxycordifoline', 'β-caryophyllene, trans-caryophyllene', '4-metoxi-6-[2-(metilamino)fenil]- 2H-piran-2-ona', 'Cusculine; 1,2,3,5,6-pentamethoxy-9-acridone', 'Cuspanine; 1-hydroxy-2,3,5,6-tetramethoxy-9-acridone', '2α,3α-Dihydroxy-urs-12-en-28-oic acid', '3-O-β-D-(6’-methyl)-glucopyranosyl-28-O-β-D-glucopyranosyl-oleanate', 'Oleanolic acid 3-sophoroside', '5-hydroxyflavone', 'Haplotusine', 'β-Sitosterol benzoate', '2-phenyl-4H-chromen-4-one', 'Sinapyl 4-O-β-D-glucopyranoside aldehyde', 'N-acetylnonaine', 'Liriodenine', 'Sinapyl 4-O-β-D-glucopyranoside alcohol', 'Nitensidine A', '2-methyl-5-pentadecylresorcinol', '3β-hydroxy-stigmast-5-en-7-one; 24-β-7-oxositosterol', 'scillascillin', '(4R)-4,8-dihydroxy-α-tetralone', '[10]-gingerol', 'Homoegonol', '[8]-gingerol', '4-Hydroxymellein', '5-hydroxymellein', 'fraxinellonone', 'Dibenzyl sulphide', 'Griseofulvin', ""7-Hydroxy-4',6-dimethoxyisoflavone; Afrormosin; Afromosin"", '8-methoxymellein', '(±)-Syringaresinol', 'Sorbifolin 6-O-β-glucopyranoside', 'Rel-2α-hydroxyzuelanin-6β-benzoate', '2,6-di-O-acetylcasearupestrin D', ""Methyl-2,2-dimethyl-8-(3'-methylbut-2'-enyl)chroman-6-carboxylate"", '2,7-Di-O-acetylcasearupestrin A', 'Nitensidine B', ""2,4-Dihydroxy-6-[(1'E,3'E)-penta-1', 3'-dienyl]-benzaldehyde"", ""8-hydroxy-3,5,7,3',4',5'-hexamethoxyflavonol"", 'Odoratol', 'Leptomerine', '5-hydroxy-N-methylseverifoline', '19,20-Epoxycytochalasin N', 'ellagic acid 4-O-α-L-rhamnopyranoside; eschweilenol C', 'Viburgenin', 'Mayoside C', 'Ourateacatechin', 'Casearupestrin C', '6α-malonyloxy-n-butyl ester manoyl oxide', 'citrusinine-I', 'Ricinine', 'Leptophyllin A', '5-pentadecylresorcinol', 'Skimmianine', 'β-photogedunin', 'n-Butyl gallate', ""5-[3''-(β-D-glucopyranosyloxy)propyl]-7-methoxy-2-(3',4'-dimethoxyphenyl)benzofuran"", '3,12-Dihydroxycadalene', '7-hydroxy-3- (11-dimethylallyl)-8-methoxycoumarin', ""N-[7-(3',4'-methylenedioxyphenyl)-2(Z),4(Z)-heptadienoyl]pyrrolidine"", ""Acteoside; [β-3,4-dihydroxyphenyl)-ethyl]-(3'-O-α-L-rhamnopyranosyl)-(4'-O-cafeoyl)-β-D-glycopyranoside, verbascoside"", 'Ocotillone', 'des-N-methylnoracronycine', 'neoisoastilbin', '(R)-7-Hydroxymellein', '6α-acetoxymanoyl oxide', 'Methyl-8-hydroxy-2,2-dimethylchroman-6-carboxylate', '6α-acetoxy-14β,15β-epoxyazadirone', 'fumiquinozoline F', 'Kaempferol 3-O-α-L-rhamnopyranosyl (1→6)-O-[β -D-glucopyranosyl (1→3)-O-α-L-rhamnopyranosyl-(1→2)]-O-β -D-glucopyranosyl', '3β-O-[α-L-rhamnopyranosyl-(1→2)-O-β-D-glucopyranosyl-(1→2)-O-β-D-glucopyranosyl]-28-O-β-D-glucopyranoside pomolate', 'Dibenzyl tetrasulphide', ""2',5-dihydroxy-3-methoxy-8-dimethylallyl-6, 7-(2' ',2''-dimethylpyrano)-dihydroflavonol"", '1-methyl-2-n-nonyl-4-quinolone', '5-[8(Z),11(Z),14-pentadecatrienyl]resorcinol', 'Gallic acid; 3,4,5-trihydroxybenzoic acid', 'Quercitrin, 3-O-α-rhamnosylquercetin', 'Maculosidine', 'Podocarpusflavone A', 'Caseobliquin A', 'Methyl angolensate', ""5-(3'' -Hydroxypropyl)-7-methoxy-2-(3',4' -methyl-enedioxyphenyl)benzofuran"", '22β-hydroxypristimerin', '1- (5,7-dihydroxy-2,2-dimethylchroman-6-yl)-3-(2,2-dimethylchroman- 6-yl)propan-1-one', 'Canavaline', 'Di-hydrodehydrodiconiferyl alcohol', 'Quercetin', ""2-(2'-O-trans-cinnamoyl)-C-β-D-glucopyranosyl-1,3,6,7-tetrahydroxyxanthone"", 'Kokusaginine', ""2-(2'-O-trans-caffeoyl)-C-β-D-glucopyranosyl-1,3,6,7-tetrahydroxyxanthone"", 'Pristimerin; 20α-3-hydroxy-2-oxo-24-nor-friedela-1-10,3,5,7-tetraen-carboxylic acid-29-methylester', '3,4,5-trimethoxyphenyl 1-O-β-D-apiofuranosyl-(1→6)-O-β-D-glucopyranoside', 'p-hydroxybenzoic acid-geranyl ester', 'Dibenzyl disulphide', 'Proanthocyanidin', 'Nitensidine C', 'Dipropyl disulphide', '2-n-nonyl-4-quinolone', 'Cytochalasin D', 'Isoorientin', 'urauchimycin A', 'p-Coumaric acid', '(-)-Epigallocatechin', 'Netzahualcoyonol', '1-[3-(3,7-dimethylocta-2,6-dien-1-yl)-2,4,6- trihydroxyphenyl]-3-(4-hydroxyphenyl)propan-1-one', '6α-malonyloxymanoyl oxide', 'Benzylhydroxymethyl sulphide', '1,6-di-O-caffeoyl-β-D-glucopyranoside', '2-methyl-5-[8(Z),11(Z),14-pentadecatrienyl]resorcinol', '19,20-Epoxycytochalasin D', '3-Acetyl aleuritolic acid', 'Periconicin B', 'Phomopsilactone', ""(2S)-8-Isopentyl-2-methyl-2-(4'-methylpentyl)chroman-6-carboxylic acid"", '2,2-dimethyl-2H-chromene-6-carboxylic acid', '1,2-dihydro- 3β-hydroxy-7-deacetoxy-7-oxogedunin', 'Alkenoic acid', 'Quercetin 3-O-α-L-rhamnopyranosyl (1→6)-O-[β -D-glucopyranosyl (1→3)-O-α-L-rhamnopyranosyl-(1→2)]-O-β -D-glucopyranosyl', 'Heveaflavone', 'Arboreumine', '3-Oxoursolic acid', 'Casearupestrin B', 'toonacilin', 'Uracil', 'epoxy-fraxinellone', '12′-hydroxy-7′-multijuguinone', 'Kaempferitrin', 'Piperyline, N-[10-(13,14-methylenedioxyphenyl)-7(E),9(E)-pentadienoyl]-pyrrolidine', 'ω-fenil alcanoic acid', '2-butyl-D-fructofuranoside', ""Gaudichaudianic acid; (2S)-2-methyl-2-(4'methyl-3'-pentenyl)-8-(3''-methyl-2-butenyl)- 2H-1-benzopyran-6-carboxylic acid"", 'limonexic acid', 'Pedalitin', '1-O-(E)-feruloyl-β-D-glucopyranoside', '2-methyl-5-[8(Z),11(Z)-pentadecadienyl]resorcinol', 'Methyl 6,7,8-trimethoxydihydrocinnamate', '2-Hexyl-3-methyl-butanodioic acid', 'fraxinellone', '6-[ 8(Z),11(Z) -pentadecadienyl] salicylic acid', 'Casearupestrin A', '19,20-Epoxycytochalasin C', 'n-Pentyl gallate', 'Orcinol', 'Quercetin 3-O-sophoroside', '(3R,4R)-3,4-Dihydro-4,6-dihydroxy-3-methyl-1-oxo-1H-isochromene-5-carboxylic acid', '24-methylene-3,22-dihydroxycholesterol', 'amorphispironone', 'Casearupestrin D', 'Chaetoglobosin B', ""2-(2'-O-benzoyl)-C-β-D-glucopyranosyl-1,3,6,7-tetrahydroxyxanthone"", 'Isoplumericin', 'α-L-xylopyranosyl-(4""→20)-(3-O-β-D-glucopyranosyl)-1\'-O-E-caffeoyl-β-D-glucopyranoside', '6-[8(Z)-pentadecenyl]salicylic acid', 'Photogedunin', 'Casearin X; (1R*,3S*,5S*,6aR*,7S*,8S*,10R*,10aR*)-1-(Acetyloxy)-3,5,6,6a,7,8,9,10-octahydro-10-hydroxy-7,8-dimethyl-7-[(2Z)-3-methylpenta-2,4-dien-1-yl]naphtho[1,8a-c]furan-3,5-diyl Dibutanoate', '20-hydroxyecdysone; polypodine A', ""2-(R)-Methyl-6-(S)-(tetradecyl-13'-one)-3(R)-O-tert-butyldimethylsilyl-piperidine"", '(2S)-Methyl-2-methyl-8-(3""-methylbut-2""-enyl)-2-(4\'-methylpent-3\'-enyl)-2H-chromene-6-carboxylate', 'Casearin T', ""(2'S)-2-(propan-2'-ol)-5-hydroxy-benzopyran-4-one"", 'Maytenin, Tingenone', 'urauchimycin B', 'Netzahualcoyene', 'Casearin X Dialdehyde; (2R*,4aS*,5S*,7R*,8R*,8aS*)-4,4a-Diformyl-1,2,4a,5,6,7,8,8a-octahydro-5-hydroxy-7,8-dimethyl-8-[(2Z)-3-methylpenta-2,4-dien-1-yl]naphthalen-2-yl Butanoate', 'polypodine B', 'n-Propyl gallate', ""3',4',5',5,7,8-hexamethoxyflavone"", 'Isopropyl gallate', '6β-hydroxy-7-epigardoside methyl ester', 'Tetrahydropiperyline, N-[10-(13,14-methylenedioxyphenyl)-pentanoyl]-pyrrolidine', 'Piperovatine', '2,4,6-trimethoxybenzoic acid', '1-O-(E)-caffeoyl-β-D-glucopyranoside', 'Piperol B', '3,11,12-Trihydroxycadalene', 'Odoratone', 'Rel-6β-hydroxyzuelanin-2β-benzoate', 'shidasterone', '5-hydroxymethyl- 2-furancarboxaldehyde; 5-hydroxymethyl-2-furfuraldehyde', 'atalaphyllinine', '(2S)-2-methyl-8-(3""-methylbut-2""-enyl)-2-(4\'-methylpent-3\'-enyl)-2H-chromene-6-carboxylic acid', 'Burchellin', '5-[8(Z)-pentadecenyl]resorcinol', 'Luteolin; 2-(3,4-dihydroxyphenyl)-5,7-dihydroxy-4H-chromen-4-one', 'Sinapic acid', '19,20-Epoxycytochalasin Q', '19,20-Epoxycytochalasin R', 'Muraxanthone', 'Di(benzyltrithio) methane', '2-oxo-piperol B; (7S*, 8R*, 1R*, 3R*)-3,4,5-trimethoxy-3,7-cyclo-8,1-neolig-8-ene-2,4(3H)-dione', 'taxifolin', 'Caseargrewiin F; (1R*,3S*,5S*,6aR*,7S*,8R*,10R*,10aR*)-1,3-Bis(acetyloxy)-3,5,6,6a,7,8,9,10-octahydro-10-hydroxy-7,8-dimethyl-7-[(2Z)-3-methylpenta-2,4-dien-1-yl]naphtho[1,8a-c]furan-5-yl Butanoate', 'Casearin L; (1R*,3S*,5S*,6aR*,7R*,8R*,9S*,10S*,10aR*)-1,10-Bis(acetyloxy)-3,5,6,6a,7,8,9,10-octahydro-9-hydroxy-5-methoxy-7,8-dimethyl-7-[(2Z)-3-methylpenta-2,4-dien-1-yl]naphtho[1,8a-c]-furan-3-yl Butanoate', 'Platydesmine', 'Leiokinine A', 'Cabraleadiol', 'schaftoside', ""(2S)-Methyl-8-isopentyl-2-methyl-2-(4'-methylpentyl)chroman-6-carboxylate"", '3,4,5-Triacetoxybenzoic acid', 'Rel-(+)-(7S,9R,10S)-3,9,12-trihydroxycalamenene', 'Casearin S', '11β-acetoxyobacunone', '1-(5,7-dihydroxy-2,2-dimethylchroman- 6-yl)-3-[4-hydroxy-3-(3-methylbut-2-en-1-yl)- phenyl]propan-1-one', '(3R,4R)-4,7-Dihydroxymellein', ""Nitensoside B; Pedalitin 6-O-α-rhamnopyranosyl(1'''→6'')-β-glucopyranoside"", 'Amentoflavone', '1-(5,7-dihydroxy-2,2-dimethylchroman-6-yl)-3-(1,1,4a-trimethyl-2,3,4,4a,9a-hexahydro-1H-xanthen-7-yl)propan-1-one', 'Plumericin', '5-[8(Z),11(Z)-pentadecadienyl]resorcinol', '(-)-Spectalinine', 'Netzahualcoyondiol', '(-)-Hardwickiic acid', ""5-[3''-(β-D-glucopyranosyloxy)propyl]-7-methoxy-2-(3',4'-methylenedioxyphenyl)benzofuran"", '28-O-β-D-glucopyranosyl quinovic acid', '2-Methyl-4-hydroxy-butyl caffeoate', 'N-1,N-2,N-3-Triisopentenylguanidine', 'Dibenzyl trisulphide', 'N-[10- (13,14-methylenedioxyphenyl)-7(E)-pentaenoyl]-pyrrolidine', '2-Methyl-5-methoxy-benzopyran-4-one', '3,4-dihydroxybenzoic acid geranyl ester', 'N-[10-(13,14-methylenedioxyphenyl)-7(E),9(Z)-pentadienoyl]-pyrrolidine', 'Gedunin', 'Pedalin, pedalitin 6-O-β -glucopyranoside', 'Methyl-8-(ethanoyloxy)-2,2-dimethyl-2H-chromene-6-carboxylate', 'stachysterone', 'Methyl (E)-6,7,8-trimethoxycinnamate', '3,4,5-Trimethoxyphenyl-1-O-β-D-(5-O-syringoyl)-apiofuranosyl-(1→6)-β-D-glucopyranoside', '6-[8(Z),11(Z),14-pentadecatrienyl]salicylic acid', 'Sorbifolin', ""Nitensoside A; Sorbifolin 6-O-α-rhamnopyranosyl(1'''→6'')-β-glucopyranoside"", 'Casearin O; (1R*,3S*,5S*,6aR*,7R*,8R*,9S*,10S*,10aR*)-1,10-Bis(acetyloxy)-5-methoxy-7,8-dimethyl-7-[(2Z)-3-methylpenta-2,4-dien-1-yl]-3,5,6,6a,7,8,9,10-octahydronaphtho[1,8a-c]furan-3,9-diyl Dibutanoate', 'germacrene D', 'Methyl gallate', '3-O-β-D-quinovopyranosyl cincholic acid', 'Afzelin, 3-O-α-rhamnosyl kaempferol', 'Egonol', '4-Nerolidilcatechol', ""2-(2'-O-transcoumaroyl)-C-β-D-glucopyranosyl-1,3,6,7-tetrahydroxyxanthone"", '(-) Cis-4-hydroxy-6-deoxyscytalone', '(3-(2-(4-hydroxyphenyl)-2-oxoethyl)-5,6-dihydropyridin- 2(1H)-one)', 'Mangiferin', 'Salacin', '6-pentadecylsalicylic acid', ""Pterogynoside; Kaempferol-3-O-(3''-O-4'''-methylgallate-α-L-rhamnoside)"", 'Isobutyl gallate', '7′-multijuguinone', 'Syringic acid', '(+)-3-O-feruloylcassine', 'Methyl-2,2-dimethylchroman-6-carboxylate', ""Myrsinoic acid A, 3-Geranyl-4-hydroxy-5-(3'',3''-dimethylallyl)benzoic acid"", '20α-Hydroxymaytenin; 20-hydroxy-20-epi-tingenone', '(-)-Epigallocatechin-3-O-gallate', 'Casearin D; (1R*,3S*,5S*,6aR*,7R*,8R*,9S*,10S*,10aR*)-1-(Acetyloxy)-3,5,6,6a,7,8,9,10-octahydro-5,10-dihydroxy-7,8-dimethyl-7-[(2Z)-3-methylpenta-2,4-dien-1-yl]naphtho[1,8a-c]furan-3,9-diyl Dibutanoate', 'Rel. (+)-(7S,10S) 3,12-dihydroxycalamenene', 'carlinoside', 'Cyclo-(L-Pro-L-Val)', 'Acetonide of odoratol', '(−)-Grandisin', '24-methylenecycloartan-3b-ol', 'Ixoside', '2β-Hydroxyzuelanin-6β-cinnamate', 'arjunolic acid', 'Cognatine', 'Fagaramide', 'Ethyl 2,4-dihydroxy-5,6-dimethylbenzoate', 'Amentoflavone 7”,4”’-dimethyl ether', 'Picramnioside F', 'Lauryl gallate', 'Syringaldehyde', '22-hydroxytirucalla-7,24-diene-2,3-dione', 'Trans-3’-methylsulphonylallyl trans-cinnamate', ""3',4',5',5,7-pentamethoxyflavone"", 'Chalepin', 'Chlorogenic acid', 'Kaempferol', '3-O-β-D-quinovopyranosyl quinovic acid', '2-hydroxyphenylacetic acid', '2-methyl-5-[8(Z)-pentadecenyl]resorcinol']]",doi_name
"['10.1590/S0073-47212009000100009', 'Ricinine']","['10.1590/S0073-47212009000100009', ['2α,3α-Dihydroxy-urs-12-en-28-oic acid', 'β-Sitosterol benzoate', '2-phenyl-4H-chromen-4-one', '5-hydroxyflavone', 'Haplotusine', 'Oleanolic acid 3-sophoroside', '3-O-β-D-(6’-methyl)-glucopyranosyl-28-O-β-D-glucopyranosyl-oleanate', 'Sinapyl 4-O-β-D-glucopyranoside aldehyde', 'N-acetylnonaine', 'Liriodenine', 'Sinapyl 4-O-β-D-glucopyranoside alcohol', 'γ-eudesmol', 'Hinesol', 'guaiol', 'α-eudesmol', ""3',4',5',3,5,7,8-heptamethoxyflavone"", ""3,5,6,7,3',4',5'-heptamethoxyflavonol"", 'Beauvericin', 'Anhydrofusarubin', 'Galioside aglicone', '11-O-trans-feruloylteucrein', 'Teucrein', 'Galioside', 'Apodanthoside', 'Procyanidin B-3', 'Kaempferol-3-O-D-galactopyranoside', 'Kaempferol-3-O-D-glucopyranoside', '6-Hydroxy-rutin', 'Quercetin-3-O-α-L-rhamnopyranosyl-(1→6)-β-D-galactopyranoside', 'Kaempferol-3-O-rutinoside', 'Kaempferol-3-O-α-L-rhamnopyranosyl-(1→6)-β-D-galactopyranoside', 'Kaempferol-3-O-α-L-rhamnopyranosyl-(1-6)-α-L-rhamnopyranosyl-(1-4)-β-D-glucopyranoside', 'Catechin, Ent-catechin', '5,7-dimethoxy-2,2-dimethyl-2H-1-benzopyran-6-propanoic acid', 'Pimara-7,15-dien-3β-ol', 'Ergosterol peroxide', 'Dimethyl terephthalate', '(22E,24R)-ergosta-4,6,8(14),22-tetraen-3-one', '8-hydroxy-6-methoxy-3-methylisocoumarin', '4-metoxi-6-[2-(metilamino)fenil]- 2H-piran-2-ona', ""4-Hydroxy-3-(3',7'-dimethyl-3'-hydroxy-1'-oxo-6'-octenyl)benzoic acid"", ""1,4-Dihydroxy-2-(3',7'-dimethyl-1'-oxo-2'-E-6'-octadienyl)benzene"", ""Isosakuranetin; 5,7-dihydroxy-4'-methoxyflavanone"", ""4-Hydroxy-(3',7'-dimethyl-1'-oxo-octa-2'-E-6'-dienyl)benzoic acid"", ""Sakuranetin; 5,4'-dihydroxy-7-methoxyflavanone"", 'Methyl (3R,4R,5R)-3-{[(2Z)-3-(3,4-dihydroxyphenyl)-2-propenoyl]oxy}-1,4,5-trihydroxycyclohexanecarboxylate', 'Methyl (3R,4R,5R)-3-{[(2E)-3-(3,4-dihydroxyphenyl)-2-propenoyl]oxy}-1,4,5-trihydroxycyclohexanecarboxylate', ""7,4'-Dimethoxyflavone"", ""7,4'-Dihydroxyflavone"", 'Sargachromenol', '(+)-Guaiacin', '21´-(3,4-Methylenedioxyphenyl)-henicosanoic acid', 'Sargaquinoic acid', '19´-(3,4-Methylenedioxyphenyl)-nonadecanoic acid', 'Farnisine', 'Tithonine', ""Juruenolic acid; 2-(4'-Methylpentenyl-3)-10-oxoundecan-2,6-dienoic acid"", 'Fasciculiferin', '17-(3,4-Methylenedioxyphenyl)-heptadecanoic acid', '(+)-11α-Hydroxyerythravine', '(+)-α-Hydroxyerysotrine', '(+)-Erythravine', 'Chlorogenic acid methyl ester, Methyl (1S,3R,4R,5R)-3-{[(2E)-3-(3,4-dihydroxyphenyl)-2-propenoyl]oxy}-1,4,5-trihydroxycyclohexanecarboxylate', ""3,4-dimethyl-2-(4'-hydroxy-3',5'-dimethoxyphenyl)-5-methoxy-tetrahydrofuran"", 'Clusifoliol', ""Isoswertisin-4'-methyl-ether-2''α-L-rhamnoside"", '2-Episesalatin', ""Isoswertisin-2''α1-L-rhamnoside"", 'Sesartemin', '5,7-dimethoxy-2,2-dimethyl-2H-1-benzopyran-6-propanoate', 'Taraxerol acetate', 'Aphidicolin', 'astilbin; Rel-(2R, 3R)-dihydroquercetin-3-O-±-L-rhamnoside', '3,3-O-dimethylquercetin', 'penduletin 4-O-methyl ether', '2α,3α,19α- trihydroxyurs-12-en-28-oic acid', 'p-hydroxybenzoic acid', '2α,3α-dihydroxyolean-12- en-28-oic acid', '3-O-methylquercetin', '3,7,4-O-trimethylkaempferol', 'acacetin', 'Chrysoeriol', '1-methoxy-3-hydroxy-3,10b-4,5a-diepoxy-8b-isobutyroyloxygermacr-11(13)-en-6a,12-olide', 'Tagitinin C', 'Methacrylic acid', ""Aduncumene; Methyl 2-methoxy-5-(3'-methyl-1'-oxo-2'-butenyl)benzoate"", ""4-Hydroxy-(3',7'-dimethyl-1'-oxo-octa-2'-Z-6'-dienyl)benzoic acid"", ""Methyl 4-hydroxy-3-(3'-methyl-2'-hydroxy-3'-butenyl)benzoate"", ""Hostmaniene; 4-Hydroxy-3-(2',3'-dihydroxy-3'-methylbutyl)benzoate"", ""4-Hydroxy-3-(3',7'-dimethylocta-2'-E-6'-dienyl)benzoic acid"", ""2',6'-Dihydroxy-4'-methoxydihydrochalcone"", 'Methyl 2,2-dimethyl-1-oxo-2H-1-benzopyran-6-carboxylate', '3,4,5-Trimethoxydihydrocinnamic acid', 'Piperaduncine B', ""Methyl taboganate; Methyl 4-hydroxy-3-(3'-methyl-1'-oxo-2'-butenyl)benzoate"", ""Methyl 4-hydroxy-3-(3'-methyl-2'-butenyl)benzoate"", 'Piscidinol A', 'Pentaol', '3,11-dioxoolean-12-en-28- onic acid', 'Oleanonic acid', 'Iso-odoratol', 'cryptomeridiol', 'Nilocetin', 'Hispidol A', 'Nitensidine D', 'Nitensidine E', '(-)-3-O-acetyl-spectaline', 'Mycoleptone A', '9-hydroxyeugenin', 'Mycoleptone A tetraacetate', 'Eugenitin', '6-methoxyeugenin', 'Mycoleptone B', 'Austdiol', 'Austdiol diacetate', '7-Methoxydiderroside', 'Secoxyloganin', ""6'-Acetyl-β-D-glucopyranosyldiderroside"", 'Diderroside', 'Deoxycordifoline', 'Cordifoline', '5α-carboxystrictosidine', '3,4-dehydro-strictosidine', 'Turbinatine', 'Strictosidine acid', '3,4-dehydrostrictosidine acid', 'Harman-3-carboxylic acid', 'Stearic acid 4-pentoyloxyphenethyl ester', '(Z)-piplartine; 8(Z)-N-(12,13, 14-trimethoxycinnamoyl)- 3-pyridin-2-one', ""N-[3-(6'-methoxy-3',4'-methy-lenedioxyphenyl)-2(Z)-propenoyl]pyrrolidine"", '4,5-dihydropiperlonguminine; Piperlonguminine', '4,5-dihydropiperyline', '10,11-dihydropiperine; Δα,β-dihydropiperine', '8,9-dihydropiplartine; N-(12,13,14-trimethoxydihydrocinnamoyl)-Δ3-pyridin-2-one', '(E)-piplartine', 'Piperine', 'Pellitorine', '(3Z,5Z)-N-isobutyl-8-(30,40-methylenedioxy-phenyl)-heptadienamide', 'Ferulic acid', 'β-Gardiol', 'α-Gardiol', '2-n-Pentylquinoline', ""2-(3',4'-methylenedioxyphenylethyl)-Quinoline"", '2-n-Propylquinoline', ""2-(1'-pentenyl)-Quinoline"", 'Citrusinine-I', 'Pyranofoline', 'Citrusinine-II', '1,3,5-trihydroxy-4-methoxy-10-methyl- 2,8-bis(3-methylbut-2-enyl)acridin-9(10H)-one', 'Glycocitrine-IV', 'Glycocitrine-I', '3,4-dihydro-3,5,8-trihydroxy-6-methoxy-2,2,7-trimethyl-2Hpyrano[ 2,3-a]acridin-12(7H)-one', '1,3,5-trihydroxy- 2,8-bis(3-methylbut-2-enyl)-10-methyl-9-acridone', '5-hydroxynoracronycine; Atalaphyllidine', 'Isopimpinellin', ""Rel-(7R,8S,7'S,8'S)-9-hydroxy-4',5'-methylenedioxy-3,4,5,3'-tetramethoxy-7,7'-epoxylignan"", ""Rel-(7R,8S,7'S,8'S)-4-hydroxy-4',5'-methylenedioxy-3,5,3'-trimethoxy-7,7'-epoxylignan"", ""Rel-(7R,8S,7'S,8'S)-4',5'-methylenedioxy-3,4,5,3'-tetramethoxy-7,7'-epoxylignan"", ""Rel-(7R,8S,7'S,8'S)-4'-hydroxy-3,4,5,3',5'-pentamethoxy-7,7'-epoxylignan"", ""Rel-(7R,8S,7'S,8'S)-4,5,4',5'-dimethylenedioxy-3,3'-dimethoxy-7,7'-epoxylignan"", ""3',4'-methylenedioxy-5,5',6,7-tetramethoxyflavone"", ""2'-hydroxy-3,4,4'-trimethoxy-5',6'-(2'',2''-dimethylpyrano)-chalcone"", ""3',4'-methylenedioxy-5,6,7- trimethoxyflavone"", ""3',4'-methylenedioxy-5,7-dimethoxyflavone"", ""4-Methoxy-3-(3',7'-dimethylocta-2'-E-6'-dienyl)benzoic acid"", ""3-(3',7 '-dimethyl-2',6 '-octadienyl)-4-methoxy-benzoic acid"", 'Methyl-8-hydroxy-2,2-dimethyl-2H-chromene-6-carboxylate', 'cyclo (L)-Pro-Gly', 'Xanthyletin', 'Epi-guaiacin', '7-Methyl-sargachromenol; 2,7,8-Trimethyl-2-[(3-E,7-Z)-4,12-dimethyl-8-carboxyl-3,7,11-tridecatrienyl]-3-chromen-6-ol, β-caroteno', 'Verrucosin', 'Nectandrin B', '3,21-Di-epi-feroniellide B', '21α,25-dimethylmelianodiol', '21β,25-dimethylmelianodiol', '2,3-dihydro-4,9-dihydroxy-2-(2-hydroxy-propan-2-yl)- 11-methoxy-10-methylfuro[3,2-b]acridin-5(10H)-one', 'bis-5-hydroxyacronycine', 'Citibrasine', 'β-caryophyllene, trans-caryophyllene', 'Cuspanine; 1-hydroxy-2,3,5,6-tetramethoxy-9-acridone', 'Cusculine; 1,2,3,5,6-pentamethoxy-9-acridone', '[10]-gingerol', ""2,4-Dihydroxy-6-[(1'E,3'E)-penta-1', 3'-dienyl]-benzaldehyde"", '2-methyl-5-[8(Z)-pentadecenyl]resorcinol', 'Nitensidine A', '2-hydroxyphenylacetic acid', '3-O-β-D-quinovopyranosyl quinovic acid', '3β-hydroxy-stigmast-5-en-7-one; 24-β-7-oxositosterol', 'scillascillin', '(4R)-4,8-dihydroxy-α-tetralone', 'Pristimerin; 20α-3-hydroxy-2-oxo-24-nor-friedela-1-10,3,5,7-tetraen-carboxylic acid-29-methylester', '3,4,5-trimethoxyphenyl 1-O-β-D-apiofuranosyl-(1→6)-O-β-D-glucopyranoside', 'β-photogedunin', 'n-Butyl gallate', ""5-[3''-(β-D-glucopyranosyloxy)propyl]-7-methoxy-2-(3',4'-dimethoxyphenyl)benzofuran"", '3,12-Dihydroxycadalene', '7-hydroxy-3- (11-dimethylallyl)-8-methoxycoumarin', '2,6-di-O-acetylcasearupestrin D', ""Methyl-2,2-dimethyl-8-(3'-methylbut-2'-enyl)chroman-6-carboxylate"", '2,7-Di-O-acetylcasearupestrin A', 'Nitensidine B', ""8-hydroxy-3,5,7,3',4',5'-hexamethoxyflavonol"", 'Odoratol', 'Leptomerine', '5-hydroxy-N-methylseverifoline', '19,20-Epoxycytochalasin N', 'ellagic acid 4-O-α-L-rhamnopyranoside; eschweilenol C', 'Mayoside C', 'Ourateacatechin', ""3',4',5',5,7-pentamethoxyflavone"", '2-methyl-5-pentadecylresorcinol', '(−)-Grandisin', '24-methylenecycloartan-3b-ol', 'neoisoastilbin', '(R)-7-Hydroxymellein', '6α-acetoxymanoyl oxide', 'Methyl-8-hydroxy-2,2-dimethylchroman-6-carboxylate', '6α-acetoxy-14β,15β-epoxyazadirone', '22β-hydroxypristimerin', '1- (5,7-dihydroxy-2,2-dimethylchroman-6-yl)-3-(2,2-dimethylchroman- 6-yl)propan-1-one', 'Canavaline', 'Di-hydrodehydrodiconiferyl alcohol', 'Quercetin', ""2-(2'-O-trans-cinnamoyl)-C-β-D-glucopyranosyl-1,3,6,7-tetrahydroxyxanthone"", 'Kokusaginine', 'Ocotillone', 'des-N-methylnoracronycine', 'Sorbifolin 6-O-β-glucopyranoside', 'Rel-2α-hydroxyzuelanin-6β-benzoate', 'Casearupestrin C', '6α-malonyloxy-n-butyl ester manoyl oxide', 'citrusinine-I', 'Ricinine', 'Leptophyllin A', '5-pentadecylresorcinol', '19,20-Epoxycytochalasin D', 'fumiquinozoline F', 'Kaempferol 3-O-α-L-rhamnopyranosyl (1→6)-O-[β -D-glucopyranosyl (1→3)-O-α-L-rhamnopyranosyl-(1→2)]-O-β -D-glucopyranosyl', '1-methyl-2-n-nonyl-4-quinolone', '5-[8(Z),11(Z),14-pentadecatrienyl]resorcinol', 'Gallic acid; 3,4,5-trihydroxybenzoic acid', 'Skimmianine', 'p-hydroxybenzoic acid-geranyl ester', 'Dibenzyl disulphide', 'Proanthocyanidin', 'p-Coumaric acid', '(-)-Epigallocatechin', 'Netzahualcoyonol', '1-[3-(3,7-dimethylocta-2,6-dien-1-yl)-2,4,6- trihydroxyphenyl]-3-(4-hydroxyphenyl)propan-1-one', '6α-malonyloxymanoyl oxide', '6β-hydroxy-7-epigardoside methyl ester', 'Tetrahydropiperyline, N-[10-(13,14-methylenedioxyphenyl)-pentanoyl]-pyrrolidine', 'Piperovatine', '2,4,6-trimethoxybenzoic acid', '1-O-(E)-caffeoyl-β-D-glucopyranoside', 'Quercitrin, 3-O-α-rhamnosylquercetin', 'Caseobliquin A', 'Methyl angolensate', ""5-(3'' -Hydroxypropyl)-7-methoxy-2-(3',4' -methyl-enedioxyphenyl)benzofuran"", 'Maculosidine', 'Podocarpusflavone A', '2-methyl-5-[8(Z),11(Z),14-pentadecatrienyl]resorcinol', '20-hydroxyecdysone; polypodine A', '3-Acetyl aleuritolic acid', 'Alkenoic acid', 'Quercetin 3-O-α-L-rhamnopyranosyl (1→6)-O-[β -D-glucopyranosyl (1→3)-O-α-L-rhamnopyranosyl-(1→2)]-O-β -D-glucopyranosyl', 'Heveaflavone', 'Arboreumine', '3-Oxoursolic acid', 'Casearupestrin B', '3β-O-[α-L-rhamnopyranosyl-(1→2)-O-β-D-glucopyranosyl-(1→2)-O-β-D-glucopyranosyl]-28-O-β-D-glucopyranoside pomolate', 'Dibenzyl tetrasulphide', ""2',5-dihydroxy-3-methoxy-8-dimethylallyl-6, 7-(2' ',2''-dimethylpyrano)-dihydroflavonol"", '2-n-nonyl-4-quinolone', 'Cytochalasin D', 'Isoorientin', 'urauchimycin A', 'Isopropyl gallate', 'toonacilin', 'Uracil', '1-O-(E)-feruloyl-β-D-glucopyranoside', '19,20-Epoxycytochalasin C', 'n-Pentyl gallate', 'Orcinol', 'Periconicin B', 'Phomopsilactone', ""(2S)-8-Isopentyl-2-methyl-2-(4'-methylpentyl)chroman-6-carboxylic acid"", '2,2-dimethyl-2H-chromene-6-carboxylic acid', '1,2-dihydro- 3β-hydroxy-7-deacetoxy-7-oxogedunin', 'Photogedunin', 'Casearin X; (1R*,3S*,5S*,6aR*,7S*,8S*,10R*,10aR*)-1-(Acetyloxy)-3,5,6,6a,7,8,9,10-octahydro-10-hydroxy-7,8-dimethyl-7-[(2Z)-3-methylpenta-2,4-dien-1-yl]naphtho[1,8a-c]furan-3,5-diyl Dibutanoate', 'Benzylhydroxymethyl sulphide', '1,6-di-O-caffeoyl-β-D-glucopyranoside', 'Methyl 6,7,8-trimethoxydihydrocinnamate', '2-Hexyl-3-methyl-butanodioic acid', 'fraxinellone', '6-[ 8(Z),11(Z) -pentadecadienyl] salicylic acid', ""2-(R)-Methyl-6-(S)-(tetradecyl-13'-one)-3(R)-O-tert-butyldimethylsilyl-piperidine"", '2-Methyl-4-hydroxy-butyl caffeoate', 'N-1,N-2,N-3-Triisopentenylguanidine', 'Dibenzyl trisulphide', 'Maytenin, Tingenone', 'urauchimycin B', ""2-(2'-O-trans-caffeoyl)-C-β-D-glucopyranosyl-1,3,6,7-tetrahydroxyxanthone"", 'Netzahualcoyene', 'Casearin X Dialdehyde; (2R*,4aS*,5S*,7R*,8R*,8aS*)-4,4a-Diformyl-1,2,4a,5,6,7,8,8a-octahydro-5-hydroxy-7,8-dimethyl-8-[(2Z)-3-methylpenta-2,4-dien-1-yl]naphthalen-2-yl Butanoate', 'polypodine B', 'n-Propyl gallate', ""3',4',5',5,7,8-hexamethoxyflavone"", ""Gaudichaudianic acid; (2S)-2-methyl-2-(4'methyl-3'-pentenyl)-8-(3''-methyl-2-butenyl)- 2H-1-benzopyran-6-carboxylic acid"", 'limonexic acid', 'Pedalitin', 'Di(benzyltrithio) methane', '3,11,12-Trihydroxycadalene', 'Quercetin 3-O-sophoroside', '(3R,4R)-3,4-Dihydro-4,6-dihydroxy-3-methyl-1-oxo-1H-isochromene-5-carboxylic acid', '24-methylene-3,22-dihydroxycholesterol', 'amorphispironone', 'Casearupestrin D', 'epoxy-fraxinellone', '12′-hydroxy-7′-multijuguinone', 'Kaempferitrin', 'Nitensidine C', 'Dipropyl disulphide', '2-methyl-5-[8(Z),11(Z)-pentadecadienyl]resorcinol', ""2-(2'-O-benzoyl)-C-β-D-glucopyranosyl-1,3,6,7-tetrahydroxyxanthone"", 'Isoplumericin', 'α-L-xylopyranosyl-(4""→20)-(3-O-β-D-glucopyranosyl)-1\'-O-E-caffeoyl-β-D-glucopyranoside', '6-[8(Z)-pentadecenyl]salicylic acid', '(2S)-2-methyl-8-(3""-methylbut-2""-enyl)-2-(4\'-methylpent-3\'-enyl)-2H-chromene-6-carboxylic acid', 'Burchellin', '5-[8(Z)-pentadecenyl]resorcinol', 'Luteolin; 2-(3,4-dihydroxyphenyl)-5,7-dihydroxy-4H-chromen-4-one', 'Sinapic acid', '19,20-Epoxycytochalasin Q', '19,20-Epoxycytochalasin R', '(2S)-Methyl-2-methyl-8-(3""-methylbut-2""-enyl)-2-(4\'-methylpent-3\'-enyl)-2H-chromene-6-carboxylate', 'Casearin T', 'Piperyline, N-[10-(13,14-methylenedioxyphenyl)-7(E),9(E)-pentadienoyl]-pyrrolidine', 'ω-fenil alcanoic acid', '2-butyl-D-fructofuranoside', '(-)-Hardwickiic acid', ""5-[3''-(β-D-glucopyranosyloxy)propyl]-7-methoxy-2-(3',4'-methylenedioxyphenyl)benzofuran"", '28-O-β-D-glucopyranosyl quinovic acid', 'Muraxanthone', 'Casearupestrin A', '2-oxo-piperol B; (7S*, 8R*, 1R*, 3R*)-3,4,5-trimethoxy-3,7-cyclo-8,1-neolig-8-ene-2,4(3H)-dione', 'taxifolin', ""(2'S)-2-(propan-2'-ol)-5-hydroxy-benzopyran-4-one"", 'Rel-(+)-(7S,9R,10S)-3,9,12-trihydroxycalamenene', 'Casearin S', '11β-acetoxyobacunone', '1-(5,7-dihydroxy-2,2-dimethylchroman- 6-yl)-3-[4-hydroxy-3-(3-methylbut-2-en-1-yl)- phenyl]propan-1-one', '(3R,4R)-4,7-Dihydroxymellein', ""Nitensoside B; Pedalitin 6-O-α-rhamnopyranosyl(1'''→6'')-β-glucopyranoside"", 'Amentoflavone', 'Chaetoglobosin B', 'N-[10-(13,14-methylenedioxyphenyl)-7(E),9(Z)-pentadienoyl]-pyrrolidine', 'Gedunin', 'Pedalin, pedalitin 6-O-β -glucopyranoside', 'Caseargrewiin F; (1R*,3S*,5S*,6aR*,7S*,8R*,10R*,10aR*)-1,3-Bis(acetyloxy)-3,5,6,6a,7,8,9,10-octahydro-10-hydroxy-7,8-dimethyl-7-[(2Z)-3-methylpenta-2,4-dien-1-yl]naphtho[1,8a-c]furan-5-yl Butanoate', 'Casearin L; (1R*,3S*,5S*,6aR*,7R*,8R*,9S*,10S*,10aR*)-1,10-Bis(acetyloxy)-3,5,6,6a,7,8,9,10-octahydro-9-hydroxy-5-methoxy-7,8-dimethyl-7-[(2Z)-3-methylpenta-2,4-dien-1-yl]naphtho[1,8a-c]-furan-3-yl Butanoate', '[8]-gingerol', '4-Hydroxymellein', '5-hydroxymellein', 'fraxinellonone', 'Dibenzyl sulphide', '(-) Cis-4-hydroxy-6-deoxyscytalone', 'Plumericin', '5-[8(Z),11(Z)-pentadecadienyl]resorcinol', '(-)-Spectalinine', 'Netzahualcoyondiol', 'Piperol B', ""(2S)-Methyl-8-isopentyl-2-methyl-2-(4'-methylpentyl)chroman-6-carboxylate"", '3,4,5-Triacetoxybenzoic acid', 'Methyl gallate', '3-O-β-D-quinovopyranosyl cincholic acid', 'Afzelin, 3-O-α-rhamnosyl kaempferol', 'Egonol', '4-Nerolidilcatechol', ""2-(2'-O-transcoumaroyl)-C-β-D-glucopyranosyl-1,3,6,7-tetrahydroxyxanthone"", 'Odoratone', 'Rel-6β-hydroxyzuelanin-2β-benzoate', 'shidasterone', '5-hydroxymethyl- 2-furancarboxaldehyde; 5-hydroxymethyl-2-furfuraldehyde', 'atalaphyllinine', 'N-[10- (13,14-methylenedioxyphenyl)-7(E)-pentaenoyl]-pyrrolidine', '2-Methyl-5-methoxy-benzopyran-4-one', '3,4-dihydroxybenzoic acid geranyl ester', 'Syringic acid', '(+)-3-O-feruloylcassine', '1-(5,7-dihydroxy-2,2-dimethylchroman-6-yl)-3-(1,1,4a-trimethyl-2,3,4,4a,9a-hexahydro-1H-xanthen-7-yl)propan-1-one', 'Methyl (E)-6,7,8-trimethoxycinnamate', '3,4,5-Trimethoxyphenyl-1-O-β-D-(5-O-syringoyl)-apiofuranosyl-(1→6)-β-D-glucopyranoside', '6-[8(Z),11(Z),14-pentadecatrienyl]salicylic acid', 'Sorbifolin', ""Nitensoside A; Sorbifolin 6-O-α-rhamnopyranosyl(1'''→6'')-β-glucopyranoside"", 'Casearin O; (1R*,3S*,5S*,6aR*,7R*,8R*,9S*,10S*,10aR*)-1,10-Bis(acetyloxy)-5-methoxy-7,8-dimethyl-7-[(2Z)-3-methylpenta-2,4-dien-1-yl]-3,5,6,6a,7,8,9,10-octahydronaphtho[1,8a-c]furan-3,9-diyl Dibutanoate', 'germacrene D', '6-pentadecylsalicylic acid', 'Methyl-2,2-dimethylchroman-6-carboxylate', 'Platydesmine', 'Leiokinine A', 'Cabraleadiol', 'schaftoside', 'Cyclo-(L-Pro-L-Val)', 'Acetonide of odoratol', ""Myrsinoic acid A, 3-Geranyl-4-hydroxy-5-(3'',3''-dimethylallyl)benzoic acid"", '20α-Hydroxymaytenin; 20-hydroxy-20-epi-tingenone', '(-)-Epigallocatechin-3-O-gallate', 'Casearin D; (1R*,3S*,5S*,6aR*,7R*,8R*,9S*,10S*,10aR*)-1-(Acetyloxy)-3,5,6,6a,7,8,9,10-octahydro-5,10-dihydroxy-7,8-dimethyl-7-[(2Z)-3-methylpenta-2,4-dien-1-yl]naphtho[1,8a-c]furan-3,9-diyl Dibutanoate', 'Rel. (+)-(7S,10S) 3,12-dihydroxycalamenene', 'carlinoside', 'Methyl-8-(ethanoyloxy)-2,2-dimethyl-2H-chromene-6-carboxylate', 'arjunolic acid', 'stachysterone', 'Ethyl 2,4-dihydroxy-5,6-dimethylbenzoate', 'Amentoflavone 7”,4”’-dimethyl ether', 'Picramnioside F', 'Lauryl gallate', 'Syringaldehyde', ""N-[7-(3',4'-methylenedioxyphenyl)-2(Z),4(Z)-heptadienoyl]pyrrolidine"", ""Acteoside; [β-3,4-dihydroxyphenyl)-ethyl]-(3'-O-α-L-rhamnopyranosyl)-(4'-O-cafeoyl)-β-D-glycopyranoside, verbascoside"", 'Homoegonol', '22-hydroxytirucalla-7,24-diene-2,3-dione', 'Trans-3’-methylsulphonylallyl trans-cinnamate', '(3-(2-(4-hydroxyphenyl)-2-oxoethyl)-5,6-dihydropyridin- 2(1H)-one)', 'Mangiferin', 'Salacin', 'Viburgenin', ""Pterogynoside; Kaempferol-3-O-(3''-O-4'''-methylgallate-α-L-rhamnoside)"", 'Isobutyl gallate', '7′-multijuguinone', 'Griseofulvin', ""7-Hydroxy-4',6-dimethoxyisoflavone; Afrormosin; Afromosin"", '8-methoxymellein', '(±)-Syringaresinol', 'Ixoside', '2β-Hydroxyzuelanin-6β-cinnamate', 'Cognatine', 'Fagaramide', 'Chalepin', 'Chlorogenic acid', 'Kaempferol']]",doi_name
"['10.1002/cbdv.200590016', 'Salacin']","['10.1002/cbdv.200590016', [""3,4-dimethyl-2-(4'-hydroxy-3',5'-dimethoxyphenyl)-5-methoxy-tetrahydrofuran"", 'guaiol', 'γ-eudesmol', 'Hinesol', 'α-eudesmol', 'Galioside aglicone', '11-O-trans-feruloylteucrein', 'Teucrein', 'Apodanthoside', 'Galioside', 'Aphidicolin', 'α-Gardiol', 'Ferulic acid', 'β-Gardiol', '4-metoxi-6-[2-(metilamino)fenil]- 2H-piran-2-ona', '2α,3α,19α- trihydroxyurs-12-en-28-oic acid', 'penduletin 4-O-methyl ether', '3,3-O-dimethylquercetin', 'p-hydroxybenzoic acid', 'Chrysoeriol', 'acacetin', '2α,3α-dihydroxyolean-12- en-28-oic acid', '3-O-methylquercetin', '3,7,4-O-trimethylkaempferol', '(22E,24R)-ergosta-4,6,8(14),22-tetraen-3-one', 'Ergosterol peroxide', '8-hydroxy-6-methoxy-3-methylisocoumarin', 'Dimethyl terephthalate', 'Pimara-7,15-dien-3β-ol', '3,21-Di-epi-feroniellide B', '21α,25-dimethylmelianodiol', '21β,25-dimethylmelianodiol', ""Rel-(7R,8S,7'S,8'S)-4'-hydroxy-3,4,5,3',5'-pentamethoxy-7,7'-epoxylignan"", ""Rel-(7R,8S,7'S,8'S)-4,5,4',5'-dimethylenedioxy-3,3'-dimethoxy-7,7'-epoxylignan"", ""Rel-(7R,8S,7'S,8'S)-9-hydroxy-4',5'-methylenedioxy-3,4,5,3'-tetramethoxy-7,7'-epoxylignan"", ""Rel-(7R,8S,7'S,8'S)-4-hydroxy-4',5'-methylenedioxy-3,5,3'-trimethoxy-7,7'-epoxylignan"", ""Rel-(7R,8S,7'S,8'S)-4',5'-methylenedioxy-3,4,5,3'-tetramethoxy-7,7'-epoxylignan"", ""3',4',5',3,5,7,8-heptamethoxyflavone"", ""3,5,6,7,3',4',5'-heptamethoxyflavonol"", 'bis-5-hydroxyacronycine', '2,3-dihydro-4,9-dihydroxy-2-(2-hydroxy-propan-2-yl)- 11-methoxy-10-methylfuro[3,2-b]acridin-5(10H)-one', 'Citibrasine', 'Deoxycordifoline', 'Turbinatine', 'Strictosidine acid', 'Harman-3-carboxylic acid', '3,4-dehydro-strictosidine', '5α-carboxystrictosidine', '3,4-dehydrostrictosidine acid', 'Cordifoline', '2-n-Propylquinoline', '2-n-Pentylquinoline', ""2-(1'-pentenyl)-Quinoline"", ""2-(3',4'-methylenedioxyphenylethyl)-Quinoline"", 'Anhydrofusarubin', 'Beauvericin', 'Nitensidine D', 'Nitensidine E', 'Verrucosin', 'Epi-guaiacin', '7-Methyl-sargachromenol; 2,7,8-Trimethyl-2-[(3-E,7-Z)-4,12-dimethyl-8-carboxyl-3,7,11-tridecatrienyl]-3-chromen-6-ol, β-caroteno', 'Nectandrin B', ""4-Hydroxy-3-(3',7'-dimethyl-3'-hydroxy-1'-oxo-6'-octenyl)benzoic acid"", ""4-Hydroxy-(3',7'-dimethyl-1'-oxo-octa-2'-E-6'-dienyl)benzoic acid"", ""Isosakuranetin; 5,7-dihydroxy-4'-methoxyflavanone"", ""1,4-Dihydroxy-2-(3',7'-dimethyl-1'-oxo-2'-E-6'-octadienyl)benzene"", ""Sakuranetin; 5,4'-dihydroxy-7-methoxyflavanone"", '5,7-dimethoxy-2,2-dimethyl-2H-1-benzopyran-6-propanoic acid', '9-hydroxyeugenin', 'Mycoleptone A', '6-methoxyeugenin', 'Austdiol diacetate', 'Eugenitin', 'Mycoleptone B', 'Austdiol', 'Mycoleptone A tetraacetate', '5,7-dimethoxy-2,2-dimethyl-2H-1-benzopyran-6-propanoate', ""3',4'-methylenedioxy-5,5',6,7-tetramethoxyflavone"", ""3',4'-methylenedioxy-5,6,7- trimethoxyflavone"", ""2'-hydroxy-3,4,4'-trimethoxy-5',6'-(2'',2''-dimethylpyrano)-chalcone"", ""3',4'-methylenedioxy-5,7-dimethoxyflavone"", 'Methyl (3R,4R,5R)-3-{[(2E)-3-(3,4-dihydroxyphenyl)-2-propenoyl]oxy}-1,4,5-trihydroxycyclohexanecarboxylate', 'Methyl (3R,4R,5R)-3-{[(2Z)-3-(3,4-dihydroxyphenyl)-2-propenoyl]oxy}-1,4,5-trihydroxycyclohexanecarboxylate', '1-methoxy-3-hydroxy-3,10b-4,5a-diepoxy-8b-isobutyroyloxygermacr-11(13)-en-6a,12-olide', 'Tagitinin C', 'Taraxerol acetate', '(-)-3-O-acetyl-spectaline', '(+)-Erythravine', '(+)-11α-Hydroxyerythravine', '(+)-α-Hydroxyerysotrine', 'Kaempferol-3-O-rutinoside', 'Kaempferol-3-O-α-L-rhamnopyranosyl-(1→6)-β-D-galactopyranoside', 'Catechin, Ent-catechin', 'Kaempferol-3-O-α-L-rhamnopyranosyl-(1-6)-α-L-rhamnopyranosyl-(1-4)-β-D-glucopyranoside', 'Kaempferol-3-O-D-glucopyranoside', 'Quercetin-3-O-α-L-rhamnopyranosyl-(1→6)-β-D-galactopyranoside', 'Procyanidin B-3', 'Kaempferol-3-O-D-galactopyranoside', '6-Hydroxy-rutin', ""4-Methoxy-3-(3',7'-dimethylocta-2'-E-6'-dienyl)benzoic acid"", ""3-(3',7 '-dimethyl-2',6 '-octadienyl)-4-methoxy-benzoic acid"", 'Methyl-8-hydroxy-2,2-dimethyl-2H-chromene-6-carboxylate', '17-(3,4-Methylenedioxyphenyl)-heptadecanoic acid', 'Sargachromenol', 'Fasciculiferin', ""7,4'-Dimethoxyflavone"", 'Farnisine', 'Tithonine', ""7,4'-Dihydroxyflavone"", 'Sargaquinoic acid', '21´-(3,4-Methylenedioxyphenyl)-henicosanoic acid', ""Juruenolic acid; 2-(4'-Methylpentenyl-3)-10-oxoundecan-2,6-dienoic acid"", '(+)-Guaiacin', '19´-(3,4-Methylenedioxyphenyl)-nonadecanoic acid', 'Secoxyloganin', 'Diderroside', ""6'-Acetyl-β-D-glucopyranosyldiderroside"", '7-Methoxydiderroside', 'Stearic acid 4-pentoyloxyphenethyl ester', 'β-caryophyllene, trans-caryophyllene', ""Isoswertisin-2''α1-L-rhamnoside"", '2-Episesalatin', 'Sesartemin', ""Isoswertisin-4'-methyl-ether-2''α-L-rhamnoside"", 'Clusifoliol', '(3Z,5Z)-N-isobutyl-8-(30,40-methylenedioxy-phenyl)-heptadienamide', 'Pellitorine', '8,9-dihydropiplartine; N-(12,13,14-trimethoxydihydrocinnamoyl)-Δ3-pyridin-2-one', '10,11-dihydropiperine; Δα,β-dihydropiperine', '4,5-dihydropiperlonguminine; Piperlonguminine', 'Piperine', '(Z)-piplartine; 8(Z)-N-(12,13, 14-trimethoxycinnamoyl)- 3-pyridin-2-one', '4,5-dihydropiperyline', '(E)-piplartine', ""N-[3-(6'-methoxy-3',4'-methy-lenedioxyphenyl)-2(Z)-propenoyl]pyrrolidine"", 'Chlorogenic acid methyl ester, Methyl (1S,3R,4R,5R)-3-{[(2E)-3-(3,4-dihydroxyphenyl)-2-propenoyl]oxy}-1,4,5-trihydroxycyclohexanecarboxylate', 'Oleanonic acid', 'Iso-odoratol', 'Piscidinol A', 'Pentaol', '3,11-dioxoolean-12-en-28- onic acid', 'cryptomeridiol', 'Nilocetin', 'Hispidol A', 'Xanthyletin', 'cyclo (L)-Pro-Gly', ""Methyl 4-hydroxy-3-(3'-methyl-2'-butenyl)benzoate"", '3,4,5-Trimethoxydihydrocinnamic acid', ""2',6'-Dihydroxy-4'-methoxydihydrochalcone"", ""Methyl taboganate; Methyl 4-hydroxy-3-(3'-methyl-1'-oxo-2'-butenyl)benzoate"", ""4-Hydroxy-3-(3',7'-dimethylocta-2'-E-6'-dienyl)benzoic acid"", 'Methyl 2,2-dimethyl-1-oxo-2H-1-benzopyran-6-carboxylate', 'Piperaduncine B', ""Hostmaniene; 4-Hydroxy-3-(2',3'-dihydroxy-3'-methylbutyl)benzoate"", ""4-Hydroxy-(3',7'-dimethyl-1'-oxo-octa-2'-Z-6'-dienyl)benzoic acid"", ""Aduncumene; Methyl 2-methoxy-5-(3'-methyl-1'-oxo-2'-butenyl)benzoate"", ""Methyl 4-hydroxy-3-(3'-methyl-2'-hydroxy-3'-butenyl)benzoate"", 'Isopimpinellin', 'astilbin; Rel-(2R, 3R)-dihydroquercetin-3-O-±-L-rhamnoside', 'Citrusinine-I', 'Pyranofoline', '1,3,5-trihydroxy- 2,8-bis(3-methylbut-2-enyl)-10-methyl-9-acridone', 'Glycocitrine-I', '1,3,5-trihydroxy-4-methoxy-10-methyl- 2,8-bis(3-methylbut-2-enyl)acridin-9(10H)-one', 'Citrusinine-II', '5-hydroxynoracronycine; Atalaphyllidine', 'Glycocitrine-IV', '3,4-dihydro-3,5,8-trihydroxy-6-methoxy-2,2,7-trimethyl-2Hpyrano[ 2,3-a]acridin-12(7H)-one', 'Cusculine; 1,2,3,5,6-pentamethoxy-9-acridone', 'Cuspanine; 1-hydroxy-2,3,5,6-tetramethoxy-9-acridone', 'Methacrylic acid', '2α,3α-Dihydroxy-urs-12-en-28-oic acid', 'Oleanolic acid 3-sophoroside', '3-O-β-D-(6’-methyl)-glucopyranosyl-28-O-β-D-glucopyranosyl-oleanate', 'Haplotusine', 'β-Sitosterol benzoate', '5-hydroxyflavone', '2-phenyl-4H-chromen-4-one', 'Sinapyl 4-O-β-D-glucopyranoside aldehyde', 'Sinapyl 4-O-β-D-glucopyranoside alcohol', 'Liriodenine', 'N-acetylnonaine', '[10]-gingerol', ""2,4-Dihydroxy-6-[(1'E,3'E)-penta-1', 3'-dienyl]-benzaldehyde"", '2-methyl-5-[8(Z)-pentadecenyl]resorcinol', 'Nitensidine A', '2-hydroxyphenylacetic acid', '3-O-β-D-quinovopyranosyl quinovic acid', 'Kaempferol', '(4R)-4,8-dihydroxy-α-tetralone', 'Chlorogenic acid', 'Chalepin', ""8-hydroxy-3,5,7,3',4',5'-hexamethoxyflavonol"", 'Odoratol', 'Kokusaginine', ""2-(2'-O-trans-caffeoyl)-C-β-D-glucopyranosyl-1,3,6,7-tetrahydroxyxanthone"", 'Netzahualcoyene', 'Casearin X Dialdehyde; (2R*,4aS*,5S*,7R*,8R*,8aS*)-4,4a-Diformyl-1,2,4a,5,6,7,8,8a-octahydro-5-hydroxy-7,8-dimethyl-8-[(2Z)-3-methylpenta-2,4-dien-1-yl]naphthalen-2-yl Butanoate', '5-hydroxy-N-methylseverifoline', '19,20-Epoxycytochalasin N', 'ellagic acid 4-O-α-L-rhamnopyranoside; eschweilenol C', 'Mayoside C', 'Ourateacatechin', ""3',4',5',5,7-pentamethoxyflavone"", '2-methyl-5-pentadecylresorcinol', '3β-hydroxy-stigmast-5-en-7-one; 24-β-7-oxositosterol', 'scillascillin', 'Viburgenin', ""Pterogynoside; Kaempferol-3-O-(3''-O-4'''-methylgallate-α-L-rhamnoside)"", 'Isobutyl gallate', '7′-multijuguinone', 'Griseofulvin', ""7-Hydroxy-4',6-dimethoxyisoflavone; Afrormosin; Afromosin"", '8-methoxymellein', 'Canavaline', 'Di-hydrodehydrodiconiferyl alcohol', 'Quercetin', ""2-(2'-O-trans-cinnamoyl)-C-β-D-glucopyranosyl-1,3,6,7-tetrahydroxyxanthone"", 'Ocotillone', 'des-N-methylnoracronycine', 'Sorbifolin 6-O-β-glucopyranoside', 'Rel-2α-hydroxyzuelanin-6β-benzoate', '2,6-di-O-acetylcasearupestrin D', ""Methyl-2,2-dimethyl-8-(3'-methylbut-2'-enyl)chroman-6-carboxylate"", '2,7-Di-O-acetylcasearupestrin A', 'Nitensidine B', '1-methyl-2-n-nonyl-4-quinolone', '5-[8(Z),11(Z),14-pentadecatrienyl]resorcinol', 'Fagaramide', 'Leptomerine', '2-n-nonyl-4-quinolone', 'Cytochalasin D', 'Isoorientin', 'Maculosidine', 'Podocarpusflavone A', 'Casearupestrin C', '6α-malonyloxy-n-butyl ester manoyl oxide', 'citrusinine-I', 'Ricinine', 'Leptophyllin A', '5-pentadecylresorcinol', 'urauchimycin B', 'Homoegonol', '[8]-gingerol', '4-Hydroxymellein', '5-hydroxymellein', '1,6-di-O-caffeoyl-β-D-glucopyranoside', '2-methyl-5-[8(Z),11(Z),14-pentadecatrienyl]resorcinol', 'Netzahualcoyondiol', 'Pristimerin; 20α-3-hydroxy-2-oxo-24-nor-friedela-1-10,3,5,7-tetraen-carboxylic acid-29-methylester', 'fraxinellonone', 'Dibenzyl sulphide', '(-) Cis-4-hydroxy-6-deoxyscytalone', 'Plumericin', '5-[8(Z),11(Z)-pentadecadienyl]resorcinol', '(-)-Spectalinine', '19,20-Epoxycytochalasin D', 'fumiquinozoline F', 'Kaempferol 3-O-α-L-rhamnopyranosyl (1→6)-O-[β -D-glucopyranosyl (1→3)-O-α-L-rhamnopyranosyl-(1→2)]-O-β -D-glucopyranosyl', '3β-O-[α-L-rhamnopyranosyl-(1→2)-O-β-D-glucopyranosyl-(1→2)-O-β-D-glucopyranosyl]-28-O-β-D-glucopyranoside pomolate', 'Dibenzyl tetrasulphide', ""2',5-dihydroxy-3-methoxy-8-dimethylallyl-6, 7-(2' ',2''-dimethylpyrano)-dihydroflavonol"", 'Maytenin, Tingenone', 'Gallic acid; 3,4,5-trihydroxybenzoic acid', 'Quercitrin, 3-O-α-rhamnosylquercetin', 'Caseobliquin A', 'Methyl angolensate', ""5-(3'' -Hydroxypropyl)-7-methoxy-2-(3',4' -methyl-enedioxyphenyl)benzofuran"", '22β-hydroxypristimerin', '1- (5,7-dihydroxy-2,2-dimethylchroman-6-yl)-3-(2,2-dimethylchroman- 6-yl)propan-1-one', 'Uracil', 'urauchimycin A', 'p-Coumaric acid', '(-)-Epigallocatechin', 'Netzahualcoyonol', '1-[3-(3,7-dimethylocta-2,6-dien-1-yl)-2,4,6- trihydroxyphenyl]-3-(4-hydroxyphenyl)propan-1-one', '6α-malonyloxymanoyl oxide', 'Benzylhydroxymethyl sulphide', 'n-Butyl gallate', ""5-[3''-(β-D-glucopyranosyloxy)propyl]-7-methoxy-2-(3',4'-dimethoxyphenyl)benzofuran"", '3,12-Dihydroxycadalene', '7-hydroxy-3- (11-dimethylallyl)-8-methoxycoumarin', ""N-[7-(3',4'-methylenedioxyphenyl)-2(Z),4(Z)-heptadienoyl]pyrrolidine"", ""Acteoside; [β-3,4-dihydroxyphenyl)-ethyl]-(3'-O-α-L-rhamnopyranosyl)-(4'-O-cafeoyl)-β-D-glycopyranoside, verbascoside"", '20-hydroxyecdysone; polypodine A', '3-Acetyl aleuritolic acid', 'Alkenoic acid', 'Quercetin 3-O-α-L-rhamnopyranosyl (1→6)-O-[β -D-glucopyranosyl (1→3)-O-α-L-rhamnopyranosyl-(1→2)]-O-β -D-glucopyranosyl', 'Heveaflavone', 'Arboreumine', '28-O-β-D-glucopyranosyl quinovic acid', '2-Methyl-4-hydroxy-butyl caffeoate', 'N-1,N-2,N-3-Triisopentenylguanidine', 'Dibenzyl trisulphide', 'Casearupestrin B', 'toonacilin', 'Pedalitin', '1-O-(E)-feruloyl-β-D-glucopyranoside', '19,20-Epoxycytochalasin C', 'n-Pentyl gallate', 'Orcinol', 'Periconicin B', 'Phomopsilactone', ""(2S)-8-Isopentyl-2-methyl-2-(4'-methylpentyl)chroman-6-carboxylic acid"", '2,2-dimethyl-2H-chromene-6-carboxylic acid', '1,2-dihydro- 3β-hydroxy-7-deacetoxy-7-oxogedunin', 'Photogedunin', 'Casearin X; (1R*,3S*,5S*,6aR*,7S*,8S*,10R*,10aR*)-1-(Acetyloxy)-3,5,6,6a,7,8,9,10-octahydro-10-hydroxy-7,8-dimethyl-7-[(2Z)-3-methylpenta-2,4-dien-1-yl]naphtho[1,8a-c]furan-3,5-diyl Dibutanoate', '3,4,5-trimethoxyphenyl 1-O-β-D-apiofuranosyl-(1→6)-O-β-D-glucopyranoside', 'β-photogedunin', 'N-[10-(13,14-methylenedioxyphenyl)-7(E),9(Z)-pentadienoyl]-pyrrolidine', 'Skimmianine', 'p-hydroxybenzoic acid-geranyl ester', 'Dibenzyl disulphide', 'Proanthocyanidin', 'neoisoastilbin', '(R)-7-Hydroxymellein', '6α-acetoxymanoyl oxide', 'Methyl-8-hydroxy-2,2-dimethylchroman-6-carboxylate', 'α-L-xylopyranosyl-(4""→20)-(3-O-β-D-glucopyranosyl)-1\'-O-E-caffeoyl-β-D-glucopyranoside', ""2-(R)-Methyl-6-(S)-(tetradecyl-13'-one)-3(R)-O-tert-butyldimethylsilyl-piperidine"", '(2S)-Methyl-2-methyl-8-(3""-methylbut-2""-enyl)-2-(4\'-methylpent-3\'-enyl)-2H-chromene-6-carboxylate', 'Casearin T', 'Piperyline, N-[10-(13,14-methylenedioxyphenyl)-7(E),9(E)-pentadienoyl]-pyrrolidine', 'ω-fenil alcanoic acid', '3-Oxoursolic acid', 'Kaempferitrin', 'Nitensidine C', 'Dipropyl disulphide', '2-butyl-D-fructofuranoside', ""Gaudichaudianic acid; (2S)-2-methyl-2-(4'methyl-3'-pentenyl)-8-(3''-methyl-2-butenyl)- 2H-1-benzopyran-6-carboxylic acid"", 'limonexic acid', 'Di(benzyltrithio) methane', '3,11,12-Trihydroxycadalene', 'Quercetin 3-O-sophoroside', '(3R,4R)-3,4-Dihydro-4,6-dihydroxy-3-methyl-1-oxo-1H-isochromene-5-carboxylic acid', '24-methylene-3,22-dihydroxycholesterol', 'amorphispironone', 'Casearupestrin D', 'Chaetoglobosin B', ""2-(2'-O-benzoyl)-C-β-D-glucopyranosyl-1,3,6,7-tetrahydroxyxanthone"", 'Isoplumericin', 'atalaphyllinine', 'N-[10- (13,14-methylenedioxyphenyl)-7(E)-pentaenoyl]-pyrrolidine', '2-Methyl-5-methoxy-benzopyran-4-one', '3,4-dihydroxybenzoic acid geranyl ester', '6-[8(Z)-pentadecenyl]salicylic acid', '(2S)-2-methyl-8-(3""-methylbut-2""-enyl)-2-(4\'-methylpent-3\'-enyl)-2H-chromene-6-carboxylic acid', 'Burchellin', '5-[8(Z)-pentadecenyl]resorcinol', 'Luteolin; 2-(3,4-dihydroxyphenyl)-5,7-dihydroxy-4H-chromen-4-one', 'Sinapic acid', '19,20-Epoxycytochalasin Q', '19,20-Epoxycytochalasin R', 'Muraxanthone', '6α-acetoxy-14β,15β-epoxyazadirone', 'epoxy-fraxinellone', '12′-hydroxy-7′-multijuguinone', ""(2S)-Methyl-8-isopentyl-2-methyl-2-(4'-methylpentyl)chroman-6-carboxylate"", 'Casearupestrin A', '2-oxo-piperol B; (7S*, 8R*, 1R*, 3R*)-3,4,5-trimethoxy-3,7-cyclo-8,1-neolig-8-ene-2,4(3H)-dione', 'taxifolin', ""(2'S)-2-(propan-2'-ol)-5-hydroxy-benzopyran-4-one"", 'Rel-(+)-(7S,9R,10S)-3,9,12-trihydroxycalamenene', '2-methyl-5-[8(Z),11(Z)-pentadecadienyl]resorcinol', 'Methyl 6,7,8-trimethoxydihydrocinnamate', '2-Hexyl-3-methyl-butanodioic acid', 'fraxinellone', '6-[ 8(Z),11(Z) -pentadecadienyl] salicylic acid', '3,4,5-Triacetoxybenzoic acid', 'Odoratone', 'Rel-6β-hydroxyzuelanin-2β-benzoate', 'shidasterone', '5-hydroxymethyl- 2-furancarboxaldehyde; 5-hydroxymethyl-2-furfuraldehyde', 'Afzelin, 3-O-α-rhamnosyl kaempferol', 'Egonol', '4-Nerolidilcatechol', ""2-(2'-O-transcoumaroyl)-C-β-D-glucopyranosyl-1,3,6,7-tetrahydroxyxanthone"", 'Syringic acid', '(+)-3-O-feruloylcassine', 'Amentoflavone', '1-(5,7-dihydroxy-2,2-dimethylchroman-6-yl)-3-(1,1,4a-trimethyl-2,3,4,4a,9a-hexahydro-1H-xanthen-7-yl)propan-1-one', 'Gedunin', 'Pedalin, pedalitin 6-O-β -glucopyranoside', 'Caseargrewiin F; (1R*,3S*,5S*,6aR*,7S*,8R*,10R*,10aR*)-1,3-Bis(acetyloxy)-3,5,6,6a,7,8,9,10-octahydro-10-hydroxy-7,8-dimethyl-7-[(2Z)-3-methylpenta-2,4-dien-1-yl]naphtho[1,8a-c]furan-5-yl Butanoate', 'Casearin L; (1R*,3S*,5S*,6aR*,7R*,8R*,9S*,10S*,10aR*)-1,10-Bis(acetyloxy)-3,5,6,6a,7,8,9,10-octahydro-9-hydroxy-5-methoxy-7,8-dimethyl-7-[(2Z)-3-methylpenta-2,4-dien-1-yl]naphtho[1,8a-c]-furan-3-yl Butanoate', 'Platydesmine', 'Leiokinine A', 'Cabraleadiol', 'schaftoside', 'Casearin O; (1R*,3S*,5S*,6aR*,7R*,8R*,9S*,10S*,10aR*)-1,10-Bis(acetyloxy)-5-methoxy-7,8-dimethyl-7-[(2Z)-3-methylpenta-2,4-dien-1-yl]-3,5,6,6a,7,8,9,10-octahydronaphtho[1,8a-c]furan-3,9-diyl Dibutanoate', 'germacrene D', 'Salacin', '6-pentadecylsalicylic acid', 'Methyl-2,2-dimethylchroman-6-carboxylate', ""Myrsinoic acid A, 3-Geranyl-4-hydroxy-5-(3'',3''-dimethylallyl)benzoic acid"", '20α-Hydroxymaytenin; 20-hydroxy-20-epi-tingenone', '(-)-Epigallocatechin-3-O-gallate', 'Casearin D; (1R*,3S*,5S*,6aR*,7R*,8R*,9S*,10S*,10aR*)-1-(Acetyloxy)-3,5,6,6a,7,8,9,10-octahydro-5,10-dihydroxy-7,8-dimethyl-7-[(2Z)-3-methylpenta-2,4-dien-1-yl]naphtho[1,8a-c]furan-3,9-diyl Dibutanoate', 'Casearin S', '11β-acetoxyobacunone', '1-(5,7-dihydroxy-2,2-dimethylchroman- 6-yl)-3-[4-hydroxy-3-(3-methylbut-2-en-1-yl)- phenyl]propan-1-one', '(3R,4R)-4,7-Dihydroxymellein', ""Nitensoside B; Pedalitin 6-O-α-rhamnopyranosyl(1'''→6'')-β-glucopyranoside"", 'Methyl gallate', '3-O-β-D-quinovopyranosyl cincholic acid', 'arjunolic acid', 'stachysterone', 'Ethyl 2,4-dihydroxy-5,6-dimethylbenzoate', 'Amentoflavone 7”,4”’-dimethyl ether', 'Picramnioside F', 'Lauryl gallate', 'Syringaldehyde', '22-hydroxytirucalla-7,24-diene-2,3-dione', 'Trans-3’-methylsulphonylallyl trans-cinnamate', '(3-(2-(4-hydroxyphenyl)-2-oxoethyl)-5,6-dihydropyridin- 2(1H)-one)', 'Mangiferin', 'Methyl (E)-6,7,8-trimethoxycinnamate', '3,4,5-Trimethoxyphenyl-1-O-β-D-(5-O-syringoyl)-apiofuranosyl-(1→6)-β-D-glucopyranoside', '6-[8(Z),11(Z),14-pentadecatrienyl]salicylic acid', 'Sorbifolin', ""Nitensoside A; Sorbifolin 6-O-α-rhamnopyranosyl(1'''→6'')-β-glucopyranoside"", 'polypodine B', 'n-Propyl gallate', ""3',4',5',5,7,8-hexamethoxyflavone"", 'Isopropyl gallate', '6β-hydroxy-7-epigardoside methyl ester', 'Tetrahydropiperyline, N-[10-(13,14-methylenedioxyphenyl)-pentanoyl]-pyrrolidine', 'Piperovatine', '2,4,6-trimethoxybenzoic acid', '1-O-(E)-caffeoyl-β-D-glucopyranoside', 'Piperol B', '(-)-Hardwickiic acid', ""5-[3''-(β-D-glucopyranosyloxy)propyl]-7-methoxy-2-(3',4'-methylenedioxyphenyl)benzofuran"", 'Rel. (+)-(7S,10S) 3,12-dihydroxycalamenene', 'carlinoside', 'Methyl-8-(ethanoyloxy)-2,2-dimethyl-2H-chromene-6-carboxylate', '2β-Hydroxyzuelanin-6β-cinnamate', '(±)-Syringaresinol', 'Cyclo-(L-Pro-L-Val)', 'Acetonide of odoratol', '(−)-Grandisin', '24-methylenecycloartan-3b-ol', 'Ixoside', 'Cognatine']]",doi_name
"['10.1515/znc-2002-5-602', 'amorphispironone']","['10.1515/znc-2002-5-602', ['21β,25-dimethylmelianodiol', '3,21-Di-epi-feroniellide B', '21α,25-dimethylmelianodiol', 'guaiol', 'Hinesol', 'γ-eudesmol', 'α-eudesmol', ""3',4'-methylenedioxy-5,6,7- trimethoxyflavone"", ""3',4'-methylenedioxy-5,5',6,7-tetramethoxyflavone"", ""2'-hydroxy-3,4,4'-trimethoxy-5',6'-(2'',2''-dimethylpyrano)-chalcone"", ""3',4'-methylenedioxy-5,7-dimethoxyflavone"", '2α,3α,19α- trihydroxyurs-12-en-28-oic acid', 'penduletin 4-O-methyl ether', '3,3-O-dimethylquercetin', '3,7,4-O-trimethylkaempferol', '2α,3α-dihydroxyolean-12- en-28-oic acid', 'Chrysoeriol', 'acacetin', 'p-hydroxybenzoic acid', '3-O-methylquercetin', 'Teucrein', '11-O-trans-feruloylteucrein', 'Apodanthoside', 'Galioside aglicone', 'Galioside', '2,3-dihydro-4,9-dihydroxy-2-(2-hydroxy-propan-2-yl)- 11-methoxy-10-methylfuro[3,2-b]acridin-5(10H)-one', 'bis-5-hydroxyacronycine', 'Citibrasine', '9-hydroxyeugenin', 'Mycoleptone A', 'Austdiol', 'Eugenitin', 'Austdiol diacetate', '6-methoxyeugenin', 'Mycoleptone A tetraacetate', 'Mycoleptone B', ""4-Methoxy-3-(3',7'-dimethylocta-2'-E-6'-dienyl)benzoic acid"", ""3-(3',7 '-dimethyl-2',6 '-octadienyl)-4-methoxy-benzoic acid"", 'Methyl-8-hydroxy-2,2-dimethyl-2H-chromene-6-carboxylate', '(-)-3-O-acetyl-spectaline', ""3,4-dimethyl-2-(4'-hydroxy-3',5'-dimethoxyphenyl)-5-methoxy-tetrahydrofuran"", 'Methyl (3R,4R,5R)-3-{[(2E)-3-(3,4-dihydroxyphenyl)-2-propenoyl]oxy}-1,4,5-trihydroxycyclohexanecarboxylate', 'Methyl (3R,4R,5R)-3-{[(2Z)-3-(3,4-dihydroxyphenyl)-2-propenoyl]oxy}-1,4,5-trihydroxycyclohexanecarboxylate', 'Iso-odoratol', 'Piscidinol A', 'cryptomeridiol', '3,11-dioxoolean-12-en-28- onic acid', 'Pentaol', 'Oleanonic acid', 'Hispidol A', 'Nilocetin', 'Pimara-7,15-dien-3β-ol', '(22E,24R)-ergosta-4,6,8(14),22-tetraen-3-one', 'Dimethyl terephthalate', '8-hydroxy-6-methoxy-3-methylisocoumarin', 'Ergosterol peroxide', ""Rel-(7R,8S,7'S,8'S)-4-hydroxy-4',5'-methylenedioxy-3,5,3'-trimethoxy-7,7'-epoxylignan"", ""Rel-(7R,8S,7'S,8'S)-4,5,4',5'-dimethylenedioxy-3,3'-dimethoxy-7,7'-epoxylignan"", ""Rel-(7R,8S,7'S,8'S)-4'-hydroxy-3,4,5,3',5'-pentamethoxy-7,7'-epoxylignan"", ""Rel-(7R,8S,7'S,8'S)-9-hydroxy-4',5'-methylenedioxy-3,4,5,3'-tetramethoxy-7,7'-epoxylignan"", ""Rel-(7R,8S,7'S,8'S)-4',5'-methylenedioxy-3,4,5,3'-tetramethoxy-7,7'-epoxylignan"", ""1,4-Dihydroxy-2-(3',7'-dimethyl-1'-oxo-2'-E-6'-octadienyl)benzene"", ""4-Hydroxy-3-(3',7'-dimethyl-3'-hydroxy-1'-oxo-6'-octenyl)benzoic acid"", ""4-Hydroxy-(3',7'-dimethyl-1'-oxo-octa-2'-E-6'-dienyl)benzoic acid"", ""Isosakuranetin; 5,7-dihydroxy-4'-methoxyflavanone"", ""Sakuranetin; 5,4'-dihydroxy-7-methoxyflavanone"", '5α-carboxystrictosidine', 'Harman-3-carboxylic acid', '3,4-dehydro-strictosidine', 'Cordifoline', '3,4-dehydrostrictosidine acid', 'Strictosidine acid', 'Turbinatine', 'Deoxycordifoline', '17-(3,4-Methylenedioxyphenyl)-heptadecanoic acid', ""7,4'-Dimethoxyflavone"", 'Farnisine', 'Sargachromenol', '19´-(3,4-Methylenedioxyphenyl)-nonadecanoic acid', ""7,4'-Dihydroxyflavone"", '21´-(3,4-Methylenedioxyphenyl)-henicosanoic acid', '(+)-Guaiacin', 'Sargaquinoic acid', 'Fasciculiferin', ""Juruenolic acid; 2-(4'-Methylpentenyl-3)-10-oxoundecan-2,6-dienoic acid"", 'Tithonine', 'Xanthyletin', 'Glycocitrine-I', '3,4-dihydro-3,5,8-trihydroxy-6-methoxy-2,2,7-trimethyl-2Hpyrano[ 2,3-a]acridin-12(7H)-one', '5-hydroxynoracronycine; Atalaphyllidine', 'Pyranofoline', 'Citrusinine-II', '1,3,5-trihydroxy-4-methoxy-10-methyl- 2,8-bis(3-methylbut-2-enyl)acridin-9(10H)-one', 'Glycocitrine-IV', '1,3,5-trihydroxy- 2,8-bis(3-methylbut-2-enyl)-10-methyl-9-acridone', 'Citrusinine-I', 'Aphidicolin', '1-methoxy-3-hydroxy-3,10b-4,5a-diepoxy-8b-isobutyroyloxygermacr-11(13)-en-6a,12-olide', 'Tagitinin C', 'Secoxyloganin', 'Diderroside', ""6'-Acetyl-β-D-glucopyranosyldiderroside"", '7-Methoxydiderroside', '(+)-11α-Hydroxyerythravine', '(+)-Erythravine', '(+)-α-Hydroxyerysotrine', '5,7-dimethoxy-2,2-dimethyl-2H-1-benzopyran-6-propanoic acid', ""3,5,6,7,3',4',5'-heptamethoxyflavonol"", ""3',4',5',3,5,7,8-heptamethoxyflavone"", 'Nitensidine E', 'Nitensidine D', 'cyclo (L)-Pro-Gly', 'Ferulic acid', 'β-Gardiol', 'α-Gardiol', 'β-caryophyllene, trans-caryophyllene', 'Clusifoliol', ""Isoswertisin-4'-methyl-ether-2''α-L-rhamnoside"", '2-Episesalatin', ""Isoswertisin-2''α1-L-rhamnoside"", 'Sesartemin', 'Chlorogenic acid methyl ester, Methyl (1S,3R,4R,5R)-3-{[(2E)-3-(3,4-dihydroxyphenyl)-2-propenoyl]oxy}-1,4,5-trihydroxycyclohexanecarboxylate', 'Kaempferol-3-O-rutinoside', 'Catechin, Ent-catechin', 'Kaempferol-3-O-α-L-rhamnopyranosyl-(1→6)-β-D-galactopyranoside', 'Procyanidin B-3', 'Quercetin-3-O-α-L-rhamnopyranosyl-(1→6)-β-D-galactopyranoside', 'Kaempferol-3-O-D-galactopyranoside', '6-Hydroxy-rutin', 'Kaempferol-3-O-D-glucopyranoside', 'Kaempferol-3-O-α-L-rhamnopyranosyl-(1-6)-α-L-rhamnopyranosyl-(1-4)-β-D-glucopyranoside', '2-n-Pentylquinoline', ""2-(3',4'-methylenedioxyphenylethyl)-Quinoline"", ""2-(1'-pentenyl)-Quinoline"", '2-n-Propylquinoline', ""4-Hydroxy-(3',7'-dimethyl-1'-oxo-octa-2'-Z-6'-dienyl)benzoic acid"", ""Methyl 4-hydroxy-3-(3'-methyl-2'-hydroxy-3'-butenyl)benzoate"", ""Aduncumene; Methyl 2-methoxy-5-(3'-methyl-1'-oxo-2'-butenyl)benzoate"", ""2',6'-Dihydroxy-4'-methoxydihydrochalcone"", ""Methyl taboganate; Methyl 4-hydroxy-3-(3'-methyl-1'-oxo-2'-butenyl)benzoate"", '3,4,5-Trimethoxydihydrocinnamic acid', ""Methyl 4-hydroxy-3-(3'-methyl-2'-butenyl)benzoate"", ""Hostmaniene; 4-Hydroxy-3-(2',3'-dihydroxy-3'-methylbutyl)benzoate"", ""4-Hydroxy-3-(3',7'-dimethylocta-2'-E-6'-dienyl)benzoic acid"", 'Methyl 2,2-dimethyl-1-oxo-2H-1-benzopyran-6-carboxylate', 'Piperaduncine B', 'Nectandrin B', 'Verrucosin', '7-Methyl-sargachromenol; 2,7,8-Trimethyl-2-[(3-E,7-Z)-4,12-dimethyl-8-carboxyl-3,7,11-tridecatrienyl]-3-chromen-6-ol, β-caroteno', 'Epi-guaiacin', 'Isopimpinellin', 'Taraxerol acetate', '5,7-dimethoxy-2,2-dimethyl-2H-1-benzopyran-6-propanoate', 'Beauvericin', 'Anhydrofusarubin', '4-metoxi-6-[2-(metilamino)fenil]- 2H-piran-2-ona', 'Stearic acid 4-pentoyloxyphenethyl ester', 'Pellitorine', '(3Z,5Z)-N-isobutyl-8-(30,40-methylenedioxy-phenyl)-heptadienamide', ""N-[3-(6'-methoxy-3',4'-methy-lenedioxyphenyl)-2(Z)-propenoyl]pyrrolidine"", '10,11-dihydropiperine; Δα,β-dihydropiperine', '8,9-dihydropiplartine; N-(12,13,14-trimethoxydihydrocinnamoyl)-Δ3-pyridin-2-one', '(E)-piplartine', '4,5-dihydropiperlonguminine; Piperlonguminine', '(Z)-piplartine; 8(Z)-N-(12,13, 14-trimethoxycinnamoyl)- 3-pyridin-2-one', '4,5-dihydropiperyline', 'Piperine', 'astilbin; Rel-(2R, 3R)-dihydroquercetin-3-O-±-L-rhamnoside', 'Methacrylic acid', 'Cusculine; 1,2,3,5,6-pentamethoxy-9-acridone', 'Cuspanine; 1-hydroxy-2,3,5,6-tetramethoxy-9-acridone', '2α,3α-Dihydroxy-urs-12-en-28-oic acid', '3-O-β-D-(6’-methyl)-glucopyranosyl-28-O-β-D-glucopyranosyl-oleanate', 'Oleanolic acid 3-sophoroside', '5-hydroxyflavone', '2-phenyl-4H-chromen-4-one', 'β-Sitosterol benzoate', 'Haplotusine', 'Sinapyl 4-O-β-D-glucopyranoside aldehyde', 'Sinapyl 4-O-β-D-glucopyranoside alcohol', 'Liriodenine', 'N-acetylnonaine', '[10]-gingerol', ""2,4-Dihydroxy-6-[(1'E,3'E)-penta-1', 3'-dienyl]-benzaldehyde"", '2-methyl-5-pentadecylresorcinol', '3β-hydroxy-stigmast-5-en-7-one; 24-β-7-oxositosterol', 'scillascillin', 'Homoegonol', '[8]-gingerol', '4-Hydroxymellein', '5-hydroxymellein', 'fraxinellonone', 'Dibenzyl sulphide', '(-) Cis-4-hydroxy-6-deoxyscytalone', 'Plumericin', '5-[8(Z),11(Z)-pentadecadienyl]resorcinol', 'Salacin', 'Viburgenin', '2,6-di-O-acetylcasearupestrin D', ""Methyl-2,2-dimethyl-8-(3'-methylbut-2'-enyl)chroman-6-carboxylate"", '2,7-Di-O-acetylcasearupestrin A', 'Nitensidine B', 'Nitensidine A', ""8-hydroxy-3,5,7,3',4',5'-hexamethoxyflavonol"", 'Odoratol', 'Leptomerine', '5-hydroxy-N-methylseverifoline', '19,20-Epoxycytochalasin N', 'ellagic acid 4-O-α-L-rhamnopyranoside; eschweilenol C', 'Mayoside C', 'Ourateacatechin', ""3',4',5',5,7-pentamethoxyflavone"", 'Cognatine', 'Fagaramide', 'Dibenzyl disulphide', 'Proanthocyanidin', 'neoisoastilbin', '(R)-7-Hydroxymellein', '6α-acetoxymanoyl oxide', 'Methyl-8-hydroxy-2,2-dimethylchroman-6-carboxylate', '1- (5,7-dihydroxy-2,2-dimethylchroman-6-yl)-3-(2,2-dimethylchroman- 6-yl)propan-1-one', 'Canavaline', 'Di-hydrodehydrodiconiferyl alcohol', 'Quercetin', ""2-(2'-O-trans-cinnamoyl)-C-β-D-glucopyranosyl-1,3,6,7-tetrahydroxyxanthone"", 'Kokusaginine', 'Ocotillone', 'des-N-methylnoracronycine', 'Sorbifolin 6-O-β-glucopyranoside', 'Rel-2α-hydroxyzuelanin-6β-benzoate', 'Casearupestrin C', '6α-malonyloxy-n-butyl ester manoyl oxide', 'citrusinine-I', 'Ricinine', 'Leptophyllin A', '5-pentadecylresorcinol', '19,20-Epoxycytochalasin D', 'fumiquinozoline F', 'Kaempferol 3-O-α-L-rhamnopyranosyl (1→6)-O-[β -D-glucopyranosyl (1→3)-O-α-L-rhamnopyranosyl-(1→2)]-O-β -D-glucopyranosyl', '3β-O-[α-L-rhamnopyranosyl-(1→2)-O-β-D-glucopyranosyl-(1→2)-O-β-D-glucopyranosyl]-28-O-β-D-glucopyranoside pomolate', 'Dibenzyl tetrasulphide', '1-methyl-2-n-nonyl-4-quinolone', '5-[8(Z),11(Z),14-pentadecatrienyl]resorcinol', 'Gallic acid; 3,4,5-trihydroxybenzoic acid', 'Skimmianine', 'p-hydroxybenzoic acid-geranyl ester', 'n-Propyl gallate', ""3',4',5',5,7,8-hexamethoxyflavone"", 'Isopropyl gallate', '6β-hydroxy-7-epigardoside methyl ester', 'Tetrahydropiperyline, N-[10-(13,14-methylenedioxyphenyl)-pentanoyl]-pyrrolidine', 'Piperovatine', '2,4,6-trimethoxybenzoic acid', '1-O-(E)-caffeoyl-β-D-glucopyranoside', 'Quercitrin, 3-O-α-rhamnosylquercetin', 'Caseobliquin A', 'Methyl angolensate', ""5-(3'' -Hydroxypropyl)-7-methoxy-2-(3',4' -methyl-enedioxyphenyl)benzofuran"", '22β-hydroxypristimerin', '6α-acetoxy-14β,15β-epoxyazadirone', 'Maculosidine', 'Podocarpusflavone A', 'toonacilin', 'Uracil', 'epoxy-fraxinellone', '12′-hydroxy-7′-multijuguinone', ""2',5-dihydroxy-3-methoxy-8-dimethylallyl-6, 7-(2' ',2''-dimethylpyrano)-dihydroflavonol"", '2-n-nonyl-4-quinolone', 'Cytochalasin D', 'Isoorientin', 'urauchimycin A', 'p-Coumaric acid', '(-)-Epigallocatechin', 'Netzahualcoyonol', '1-[3-(3,7-dimethylocta-2,6-dien-1-yl)-2,4,6- trihydroxyphenyl]-3-(4-hydroxyphenyl)propan-1-one', '6α-malonyloxymanoyl oxide', 'Benzylhydroxymethyl sulphide', '1,6-di-O-caffeoyl-β-D-glucopyranoside', 'fraxinellone', '6-[ 8(Z),11(Z) -pentadecadienyl] salicylic acid', '1-O-(E)-feruloyl-β-D-glucopyranoside', '19,20-Epoxycytochalasin C', 'n-Pentyl gallate', 'Orcinol', 'Periconicin B', '2-methyl-5-[8(Z),11(Z),14-pentadecatrienyl]resorcinol', '20-hydroxyecdysone; polypodine A', '3-Acetyl aleuritolic acid', 'Alkenoic acid', 'Quercetin 3-O-α-L-rhamnopyranosyl (1→6)-O-[β -D-glucopyranosyl (1→3)-O-α-L-rhamnopyranosyl-(1→2)]-O-β -D-glucopyranosyl', 'Heveaflavone', 'Arboreumine', '3-Oxoursolic acid', 'Casearupestrin B', '1,2-dihydro- 3β-hydroxy-7-deacetoxy-7-oxogedunin', 'Photogedunin', 'Casearin X; (1R*,3S*,5S*,6aR*,7S*,8S*,10R*,10aR*)-1-(Acetyloxy)-3,5,6,6a,7,8,9,10-octahydro-10-hydroxy-7,8-dimethyl-7-[(2Z)-3-methylpenta-2,4-dien-1-yl]naphtho[1,8a-c]furan-3,5-diyl Dibutanoate', ""2-(R)-Methyl-6-(S)-(tetradecyl-13'-one)-3(R)-O-tert-butyldimethylsilyl-piperidine"", '(2S)-Methyl-2-methyl-8-(3""-methylbut-2""-enyl)-2-(4\'-methylpent-3\'-enyl)-2H-chromene-6-carboxylate', 'Casearin T', 'Piperyline, N-[10-(13,14-methylenedioxyphenyl)-7(E),9(E)-pentadienoyl]-pyrrolidine', 'ω-fenil alcanoic acid', '2-butyl-D-fructofuranoside', ""Gaudichaudianic acid; (2S)-2-methyl-2-(4'methyl-3'-pentenyl)-8-(3''-methyl-2-butenyl)- 2H-1-benzopyran-6-carboxylic acid"", 'Kaempferitrin', 'Nitensidine C', 'Dipropyl disulphide', '2-methyl-5-[8(Z),11(Z)-pentadecadienyl]resorcinol', 'Methyl 6,7,8-trimethoxydihydrocinnamate', '2-Hexyl-3-methyl-butanodioic acid', 'Pedalitin', 'Di(benzyltrithio) methane', '3,11,12-Trihydroxycadalene', 'Quercetin 3-O-sophoroside', '(3R,4R)-3,4-Dihydro-4,6-dihydroxy-3-methyl-1-oxo-1H-isochromene-5-carboxylic acid', '24-methylene-3,22-dihydroxycholesterol', 'amorphispironone', 'Casearupestrin D', 'Chaetoglobosin B', ""2-(2'-O-benzoyl)-C-β-D-glucopyranosyl-1,3,6,7-tetrahydroxyxanthone"", 'Isoplumericin', 'α-L-xylopyranosyl-(4""→20)-(3-O-β-D-glucopyranosyl)-1\'-O-E-caffeoyl-β-D-glucopyranoside', 'Casearupestrin A', 'Phomopsilactone', ""(2S)-8-Isopentyl-2-methyl-2-(4'-methylpentyl)chroman-6-carboxylic acid"", '2,2-dimethyl-2H-chromene-6-carboxylic acid', '(2S)-2-methyl-8-(3""-methylbut-2""-enyl)-2-(4\'-methylpent-3\'-enyl)-2H-chromene-6-carboxylic acid', 'urauchimycin B', 'Pristimerin; 20α-3-hydroxy-2-oxo-24-nor-friedela-1-10,3,5,7-tetraen-carboxylic acid-29-methylester', '3,4,5-trimethoxyphenyl 1-O-β-D-apiofuranosyl-(1→6)-O-β-D-glucopyranoside', 'β-photogedunin', 'n-Butyl gallate', ""5-[3''-(β-D-glucopyranosyloxy)propyl]-7-methoxy-2-(3',4'-dimethoxyphenyl)benzofuran"", '3,12-Dihydroxycadalene', '7-hydroxy-3- (11-dimethylallyl)-8-methoxycoumarin', ""N-[7-(3',4'-methylenedioxyphenyl)-2(Z),4(Z)-heptadienoyl]pyrrolidine"", ""Acteoside; [β-3,4-dihydroxyphenyl)-ethyl]-(3'-O-α-L-rhamnopyranosyl)-(4'-O-cafeoyl)-β-D-glycopyranoside, verbascoside"", ""2-(2'-O-trans-caffeoyl)-C-β-D-glucopyranosyl-1,3,6,7-tetrahydroxyxanthone"", 'Netzahualcoyene', 'Casearin X Dialdehyde; (2R*,4aS*,5S*,7R*,8R*,8aS*)-4,4a-Diformyl-1,2,4a,5,6,7,8,8a-octahydro-5-hydroxy-7,8-dimethyl-8-[(2Z)-3-methylpenta-2,4-dien-1-yl]naphthalen-2-yl Butanoate', 'polypodine B', 'limonexic acid', 'shidasterone', '5-hydroxymethyl- 2-furancarboxaldehyde; 5-hydroxymethyl-2-furfuraldehyde', 'atalaphyllinine', 'N-[10- (13,14-methylenedioxyphenyl)-7(E)-pentaenoyl]-pyrrolidine', '2-Methyl-5-methoxy-benzopyran-4-one', '2-oxo-piperol B; (7S*, 8R*, 1R*, 3R*)-3,4,5-trimethoxy-3,7-cyclo-8,1-neolig-8-ene-2,4(3H)-dione', 'taxifolin', ""(2'S)-2-(propan-2'-ol)-5-hydroxy-benzopyran-4-one"", 'Rel-(+)-(7S,9R,10S)-3,9,12-trihydroxycalamenene', 'Casearin S', '11β-acetoxyobacunone', '1-(5,7-dihydroxy-2,2-dimethylchroman- 6-yl)-3-[4-hydroxy-3-(3-methylbut-2-en-1-yl)- phenyl]propan-1-one', '(3R,4R)-4,7-Dihydroxymellein', ""Nitensoside B; Pedalitin 6-O-α-rhamnopyranosyl(1'''→6'')-β-glucopyranoside"", 'Amentoflavone', '6-[8(Z)-pentadecenyl]salicylic acid', 'Platydesmine', 'Leiokinine A', 'Cabraleadiol', 'schaftoside', ""(2S)-Methyl-8-isopentyl-2-methyl-2-(4'-methylpentyl)chroman-6-carboxylate"", '3,4,5-Triacetoxybenzoic acid', '1-(5,7-dihydroxy-2,2-dimethylchroman-6-yl)-3-(1,1,4a-trimethyl-2,3,4,4a,9a-hexahydro-1H-xanthen-7-yl)propan-1-one', 'Burchellin', '5-[8(Z)-pentadecenyl]resorcinol', 'Luteolin; 2-(3,4-dihydroxyphenyl)-5,7-dihydroxy-4H-chromen-4-one', 'Sinapic acid', '19,20-Epoxycytochalasin Q', '19,20-Epoxycytochalasin R', 'Muraxanthone', 'Odoratone', 'Rel-6β-hydroxyzuelanin-2β-benzoate', '(-)-Spectalinine', 'Netzahualcoyondiol', 'Piperol B', '(-)-Hardwickiic acid', ""5-[3''-(β-D-glucopyranosyloxy)propyl]-7-methoxy-2-(3',4'-methylenedioxyphenyl)benzofuran"", '28-O-β-D-glucopyranosyl quinovic acid', '2-Methyl-4-hydroxy-butyl caffeoate', 'N-1,N-2,N-3-Triisopentenylguanidine', 'Dibenzyl trisulphide', 'Maytenin, Tingenone', '3,4-dihydroxybenzoic acid geranyl ester', 'N-[10-(13,14-methylenedioxyphenyl)-7(E),9(Z)-pentadienoyl]-pyrrolidine', 'Gedunin', 'Pedalin, pedalitin 6-O-β -glucopyranoside', 'Caseargrewiin F; (1R*,3S*,5S*,6aR*,7S*,8R*,10R*,10aR*)-1,3-Bis(acetyloxy)-3,5,6,6a,7,8,9,10-octahydro-10-hydroxy-7,8-dimethyl-7-[(2Z)-3-methylpenta-2,4-dien-1-yl]naphtho[1,8a-c]furan-5-yl Butanoate', 'Casearin L; (1R*,3S*,5S*,6aR*,7R*,8R*,9S*,10S*,10aR*)-1,10-Bis(acetyloxy)-3,5,6,6a,7,8,9,10-octahydro-9-hydroxy-5-methoxy-7,8-dimethyl-7-[(2Z)-3-methylpenta-2,4-dien-1-yl]naphtho[1,8a-c]-furan-3-yl Butanoate', ""Myrsinoic acid A, 3-Geranyl-4-hydroxy-5-(3'',3''-dimethylallyl)benzoic acid"", '20α-Hydroxymaytenin; 20-hydroxy-20-epi-tingenone', '(-)-Epigallocatechin-3-O-gallate', 'Casearin D; (1R*,3S*,5S*,6aR*,7R*,8R*,9S*,10S*,10aR*)-1-(Acetyloxy)-3,5,6,6a,7,8,9,10-octahydro-5,10-dihydroxy-7,8-dimethyl-7-[(2Z)-3-methylpenta-2,4-dien-1-yl]naphtho[1,8a-c]furan-3,9-diyl Dibutanoate', 'Rel. (+)-(7S,10S) 3,12-dihydroxycalamenene', 'Methyl (E)-6,7,8-trimethoxycinnamate', '3,4,5-Trimethoxyphenyl-1-O-β-D-(5-O-syringoyl)-apiofuranosyl-(1→6)-β-D-glucopyranoside', '6-[8(Z),11(Z),14-pentadecatrienyl]salicylic acid', 'Sorbifolin', ""Nitensoside A; Sorbifolin 6-O-α-rhamnopyranosyl(1'''→6'')-β-glucopyranoside"", 'Casearin O; (1R*,3S*,5S*,6aR*,7R*,8R*,9S*,10S*,10aR*)-1,10-Bis(acetyloxy)-5-methoxy-7,8-dimethyl-7-[(2Z)-3-methylpenta-2,4-dien-1-yl]-3,5,6,6a,7,8,9,10-octahydronaphtho[1,8a-c]furan-3,9-diyl Dibutanoate', 'germacrene D', 'Methyl gallate', '3-O-β-D-quinovopyranosyl cincholic acid', 'Afzelin, 3-O-α-rhamnosyl kaempferol', 'Egonol', 'stachysterone', 'Ethyl 2,4-dihydroxy-5,6-dimethylbenzoate', 'Amentoflavone 7”,4”’-dimethyl ether', 'Picramnioside F', 'Lauryl gallate', 'Syringaldehyde', '22-hydroxytirucalla-7,24-diene-2,3-dione', 'Trans-3’-methylsulphonylallyl trans-cinnamate', '(3-(2-(4-hydroxyphenyl)-2-oxoethyl)-5,6-dihydropyridin- 2(1H)-one)', 'Mangiferin', '4-Nerolidilcatechol', ""2-(2'-O-transcoumaroyl)-C-β-D-glucopyranosyl-1,3,6,7-tetrahydroxyxanthone"", 'Syringic acid', '(+)-3-O-feruloylcassine', '6-pentadecylsalicylic acid', 'Methyl-2,2-dimethylchroman-6-carboxylate', ""Pterogynoside; Kaempferol-3-O-(3''-O-4'''-methylgallate-α-L-rhamnoside)"", 'Isobutyl gallate', '7′-multijuguinone', 'Griseofulvin', ""7-Hydroxy-4',6-dimethoxyisoflavone; Afrormosin; Afromosin"", '8-methoxymellein', '(±)-Syringaresinol', 'Cyclo-(L-Pro-L-Val)', 'Acetonide of odoratol', '(−)-Grandisin', '24-methylenecycloartan-3b-ol', 'Ixoside', '2β-Hydroxyzuelanin-6β-cinnamate', 'carlinoside', 'Methyl-8-(ethanoyloxy)-2,2-dimethyl-2H-chromene-6-carboxylate', 'arjunolic acid', 'Chalepin', 'Chlorogenic acid', '(4R)-4,8-dihydroxy-α-tetralone', 'Kaempferol', '3-O-β-D-quinovopyranosyl quinovic acid', '2-hydroxyphenylacetic acid', '2-methyl-5-[8(Z)-pentadecenyl]resorcinol']]",doi_name
"['10.1590/S0103-50532005000400005', '2-oxo-piperol B; (7S*, 8R*, 1R*, 3R*)-3,4,5-trimethoxy-3,7-cyclo-8,1-neolig-8-ene-2,4(3H)-dione']","['10.1590/S0103-50532005000400005', ['Teucrein', 'Apodanthoside', 'Galioside', '11-O-trans-feruloylteucrein', 'Galioside aglicone', 'Hinesol', 'guaiol', 'γ-eudesmol', 'α-eudesmol', 'Epi-guaiacin', 'Verrucosin', '7-Methyl-sargachromenol; 2,7,8-Trimethyl-2-[(3-E,7-Z)-4,12-dimethyl-8-carboxyl-3,7,11-tridecatrienyl]-3-chromen-6-ol, β-caroteno', 'Nectandrin B', '9-hydroxyeugenin', '6-methoxyeugenin', 'Eugenitin', 'Austdiol', 'Mycoleptone B', 'Mycoleptone A', 'Austdiol diacetate', 'Mycoleptone A tetraacetate', '7-Methoxydiderroside', 'Diderroside', ""6'-Acetyl-β-D-glucopyranosyldiderroside"", 'Secoxyloganin', '2-n-Propylquinoline', ""2-(3',4'-methylenedioxyphenylethyl)-Quinoline"", '2-n-Pentylquinoline', ""2-(1'-pentenyl)-Quinoline"", '5,7-dimethoxy-2,2-dimethyl-2H-1-benzopyran-6-propanoate', 'Chlorogenic acid methyl ester, Methyl (1S,3R,4R,5R)-3-{[(2E)-3-(3,4-dihydroxyphenyl)-2-propenoyl]oxy}-1,4,5-trihydroxycyclohexanecarboxylate', 'Xanthyletin', ""Rel-(7R,8S,7'S,8'S)-4-hydroxy-4',5'-methylenedioxy-3,5,3'-trimethoxy-7,7'-epoxylignan"", ""Rel-(7R,8S,7'S,8'S)-4,5,4',5'-dimethylenedioxy-3,3'-dimethoxy-7,7'-epoxylignan"", ""Rel-(7R,8S,7'S,8'S)-4'-hydroxy-3,4,5,3',5'-pentamethoxy-7,7'-epoxylignan"", ""Rel-(7R,8S,7'S,8'S)-4',5'-methylenedioxy-3,4,5,3'-tetramethoxy-7,7'-epoxylignan"", ""Rel-(7R,8S,7'S,8'S)-9-hydroxy-4',5'-methylenedioxy-3,4,5,3'-tetramethoxy-7,7'-epoxylignan"", ""2'-hydroxy-3,4,4'-trimethoxy-5',6'-(2'',2''-dimethylpyrano)-chalcone"", ""3',4'-methylenedioxy-5,6,7- trimethoxyflavone"", ""3',4'-methylenedioxy-5,5',6,7-tetramethoxyflavone"", ""3',4'-methylenedioxy-5,7-dimethoxyflavone"", 'cyclo (L)-Pro-Gly', 'α-Gardiol', 'β-Gardiol', 'Ferulic acid', ""4-Methoxy-3-(3',7'-dimethylocta-2'-E-6'-dienyl)benzoic acid"", 'Methyl-8-hydroxy-2,2-dimethyl-2H-chromene-6-carboxylate', ""3-(3',7 '-dimethyl-2',6 '-octadienyl)-4-methoxy-benzoic acid"", 'Kaempferol-3-O-α-L-rhamnopyranosyl-(1→6)-β-D-galactopyranoside', 'Kaempferol-3-O-rutinoside', 'Catechin, Ent-catechin', 'Procyanidin B-3', 'Quercetin-3-O-α-L-rhamnopyranosyl-(1→6)-β-D-galactopyranoside', 'Kaempferol-3-O-α-L-rhamnopyranosyl-(1-6)-α-L-rhamnopyranosyl-(1-4)-β-D-glucopyranoside', '6-Hydroxy-rutin', 'Kaempferol-3-O-D-glucopyranoside', 'Kaempferol-3-O-D-galactopyranoside', 'Taraxerol acetate', 'Isopimpinellin', '21β,25-dimethylmelianodiol', '21α,25-dimethylmelianodiol', '3,21-Di-epi-feroniellide B', '2,3-dihydro-4,9-dihydroxy-2-(2-hydroxy-propan-2-yl)- 11-methoxy-10-methylfuro[3,2-b]acridin-5(10H)-one', 'bis-5-hydroxyacronycine', 'Citibrasine', '(-)-3-O-acetyl-spectaline', '17-(3,4-Methylenedioxyphenyl)-heptadecanoic acid', '19´-(3,4-Methylenedioxyphenyl)-nonadecanoic acid', 'Farnisine', 'Sargachromenol', ""7,4'-Dihydroxyflavone"", 'Sargaquinoic acid', '21´-(3,4-Methylenedioxyphenyl)-henicosanoic acid', ""7,4'-Dimethoxyflavone"", '(+)-Guaiacin', 'Tithonine', ""Juruenolic acid; 2-(4'-Methylpentenyl-3)-10-oxoundecan-2,6-dienoic acid"", 'Fasciculiferin', '(Z)-piplartine; 8(Z)-N-(12,13, 14-trimethoxycinnamoyl)- 3-pyridin-2-one', '4,5-dihydropiperyline', '8,9-dihydropiplartine; N-(12,13,14-trimethoxydihydrocinnamoyl)-Δ3-pyridin-2-one', '4,5-dihydropiperlonguminine; Piperlonguminine', ""N-[3-(6'-methoxy-3',4'-methy-lenedioxyphenyl)-2(Z)-propenoyl]pyrrolidine"", '(E)-piplartine', 'Piperine', '10,11-dihydropiperine; Δα,β-dihydropiperine', '(3Z,5Z)-N-isobutyl-8-(30,40-methylenedioxy-phenyl)-heptadienamide', 'Pellitorine', ""3,4-dimethyl-2-(4'-hydroxy-3',5'-dimethoxyphenyl)-5-methoxy-tetrahydrofuran"", 'Aphidicolin', '3,3-O-dimethylquercetin', '2α,3α,19α- trihydroxyurs-12-en-28-oic acid', 'penduletin 4-O-methyl ether', 'Chrysoeriol', 'p-hydroxybenzoic acid', '2α,3α-dihydroxyolean-12- en-28-oic acid', '3-O-methylquercetin', 'acacetin', '3,7,4-O-trimethylkaempferol', ""Aduncumene; Methyl 2-methoxy-5-(3'-methyl-1'-oxo-2'-butenyl)benzoate"", ""4-Hydroxy-(3',7'-dimethyl-1'-oxo-octa-2'-Z-6'-dienyl)benzoic acid"", ""Methyl 4-hydroxy-3-(3'-methyl-2'-hydroxy-3'-butenyl)benzoate"", 'Piperaduncine B', ""Methyl 4-hydroxy-3-(3'-methyl-2'-butenyl)benzoate"", ""2',6'-Dihydroxy-4'-methoxydihydrochalcone"", ""Methyl taboganate; Methyl 4-hydroxy-3-(3'-methyl-1'-oxo-2'-butenyl)benzoate"", 'Methyl 2,2-dimethyl-1-oxo-2H-1-benzopyran-6-carboxylate', '3,4,5-Trimethoxydihydrocinnamic acid', ""4-Hydroxy-3-(3',7'-dimethylocta-2'-E-6'-dienyl)benzoic acid"", ""Hostmaniene; 4-Hydroxy-3-(2',3'-dihydroxy-3'-methylbutyl)benzoate"", 'Stearic acid 4-pentoyloxyphenethyl ester', '(+)-11α-Hydroxyerythravine', '(+)-α-Hydroxyerysotrine', '(+)-Erythravine', 'Beauvericin', 'Anhydrofusarubin', ""3',4',5',3,5,7,8-heptamethoxyflavone"", ""3,5,6,7,3',4',5'-heptamethoxyflavonol"", 'Methyl (3R,4R,5R)-3-{[(2Z)-3-(3,4-dihydroxyphenyl)-2-propenoyl]oxy}-1,4,5-trihydroxycyclohexanecarboxylate', 'Methyl (3R,4R,5R)-3-{[(2E)-3-(3,4-dihydroxyphenyl)-2-propenoyl]oxy}-1,4,5-trihydroxycyclohexanecarboxylate', '1-methoxy-3-hydroxy-3,10b-4,5a-diepoxy-8b-isobutyroyloxygermacr-11(13)-en-6a,12-olide', 'Tagitinin C', '5,7-dimethoxy-2,2-dimethyl-2H-1-benzopyran-6-propanoic acid', 'Nitensidine E', 'Nitensidine D', ""Isoswertisin-2''α1-L-rhamnoside"", '2-Episesalatin', 'Sesartemin', ""Isoswertisin-4'-methyl-ether-2''α-L-rhamnoside"", 'Clusifoliol', '5-hydroxynoracronycine; Atalaphyllidine', '3,4-dihydro-3,5,8-trihydroxy-6-methoxy-2,2,7-trimethyl-2Hpyrano[ 2,3-a]acridin-12(7H)-one', 'Citrusinine-I', 'Citrusinine-II', 'Glycocitrine-IV', '1,3,5-trihydroxy-4-methoxy-10-methyl- 2,8-bis(3-methylbut-2-enyl)acridin-9(10H)-one', 'Glycocitrine-I', '1,3,5-trihydroxy- 2,8-bis(3-methylbut-2-enyl)-10-methyl-9-acridone', 'Pyranofoline', 'astilbin; Rel-(2R, 3R)-dihydroquercetin-3-O-±-L-rhamnoside', '3,4-dehydro-strictosidine', 'Cordifoline', 'Harman-3-carboxylic acid', '3,4-dehydrostrictosidine acid', 'Strictosidine acid', 'Turbinatine', '5α-carboxystrictosidine', 'Deoxycordifoline', '4-metoxi-6-[2-(metilamino)fenil]- 2H-piran-2-ona', ""4-Hydroxy-3-(3',7'-dimethyl-3'-hydroxy-1'-oxo-6'-octenyl)benzoic acid"", ""Sakuranetin; 5,4'-dihydroxy-7-methoxyflavanone"", ""1,4-Dihydroxy-2-(3',7'-dimethyl-1'-oxo-2'-E-6'-octadienyl)benzene"", ""4-Hydroxy-(3',7'-dimethyl-1'-oxo-octa-2'-E-6'-dienyl)benzoic acid"", ""Isosakuranetin; 5,7-dihydroxy-4'-methoxyflavanone"", 'Hispidol A', 'Nilocetin', 'Iso-odoratol', '3,11-dioxoolean-12-en-28- onic acid', 'Pentaol', 'Oleanonic acid', 'cryptomeridiol', 'Piscidinol A', 'Dimethyl terephthalate', '(22E,24R)-ergosta-4,6,8(14),22-tetraen-3-one', '8-hydroxy-6-methoxy-3-methylisocoumarin', 'Ergosterol peroxide', 'Pimara-7,15-dien-3β-ol', 'Methacrylic acid', 'β-caryophyllene, trans-caryophyllene', 'Cuspanine; 1-hydroxy-2,3,5,6-tetramethoxy-9-acridone', 'Cusculine; 1,2,3,5,6-pentamethoxy-9-acridone', '2α,3α-Dihydroxy-urs-12-en-28-oic acid', '3-O-β-D-(6’-methyl)-glucopyranosyl-28-O-β-D-glucopyranosyl-oleanate', 'Oleanolic acid 3-sophoroside', 'Haplotusine', '5-hydroxyflavone', 'β-Sitosterol benzoate', '2-phenyl-4H-chromen-4-one', 'Sinapyl 4-O-β-D-glucopyranoside aldehyde', 'Sinapyl 4-O-β-D-glucopyranoside alcohol', 'Liriodenine', 'N-acetylnonaine', '[10]-gingerol', ""2,4-Dihydroxy-6-[(1'E,3'E)-penta-1', 3'-dienyl]-benzaldehyde"", 'Kokusaginine', ""2-(2'-O-trans-caffeoyl)-C-β-D-glucopyranosyl-1,3,6,7-tetrahydroxyxanthone"", 'Netzahualcoyene', 'Casearin X Dialdehyde; (2R*,4aS*,5S*,7R*,8R*,8aS*)-4,4a-Diformyl-1,2,4a,5,6,7,8,8a-octahydro-5-hydroxy-7,8-dimethyl-8-[(2Z)-3-methylpenta-2,4-dien-1-yl]naphthalen-2-yl Butanoate', 'polypodine B', 'n-Propyl gallate', ""3',4',5',5,7,8-hexamethoxyflavone"", 'Isopropyl gallate', '6β-hydroxy-7-epigardoside methyl ester', 'Tetrahydropiperyline, N-[10-(13,14-methylenedioxyphenyl)-pentanoyl]-pyrrolidine', 'Piperovatine', '2,4,6-trimethoxybenzoic acid', '1-O-(E)-caffeoyl-β-D-glucopyranoside', 'Gallic acid; 3,4,5-trihydroxybenzoic acid', '5-hydroxy-N-methylseverifoline', '19,20-Epoxycytochalasin N', 'ellagic acid 4-O-α-L-rhamnopyranoside; eschweilenol C', 'Mayoside C', 'Ourateacatechin', ""3',4',5',5,7-pentamethoxyflavone"", '2-methyl-5-pentadecylresorcinol', '3β-hydroxy-stigmast-5-en-7-one; 24-β-7-oxositosterol', '(±)-Syringaresinol', 'Cyclo-(L-Pro-L-Val)', 'Acetonide of odoratol', '(−)-Grandisin', '24-methylenecycloartan-3b-ol', 'Ixoside', 'Cognatine', 'Fagaramide', '5-[8(Z),11(Z),14-pentadecatrienyl]resorcinol', 'Piperol B', '(-)-Hardwickiic acid', ""5-[3''-(β-D-glucopyranosyloxy)propyl]-7-methoxy-2-(3',4'-methylenedioxyphenyl)benzofuran"", '28-O-β-D-glucopyranosyl quinovic acid', '2-Methyl-4-hydroxy-butyl caffeoate', 'N-1,N-2,N-3-Triisopentenylguanidine', 'Dibenzyl trisulphide', 'Maytenin, Tingenone', 'Maculosidine', 'Podocarpusflavone A', '2-methyl-5-[8(Z)-pentadecenyl]resorcinol', 'Nitensidine A', ""8-hydroxy-3,5,7,3',4',5'-hexamethoxyflavonol"", 'Odoratol', 'Leptomerine', '6α-malonyloxy-n-butyl ester manoyl oxide', 'citrusinine-I', 'Ricinine', 'Leptophyllin A', '5-pentadecylresorcinol', '19,20-Epoxycytochalasin D', 'fumiquinozoline F', 'Kaempferol 3-O-α-L-rhamnopyranosyl (1→6)-O-[β -D-glucopyranosyl (1→3)-O-α-L-rhamnopyranosyl-(1→2)]-O-β -D-glucopyranosyl', '3β-O-[α-L-rhamnopyranosyl-(1→2)-O-β-D-glucopyranosyl-(1→2)-O-β-D-glucopyranosyl]-28-O-β-D-glucopyranoside pomolate', 'Dibenzyl tetrasulphide', ""2',5-dihydroxy-3-methoxy-8-dimethylallyl-6, 7-(2' ',2''-dimethylpyrano)-dihydroflavonol"", '2-n-nonyl-4-quinolone', 'Cytochalasin D', '2,7-Di-O-acetylcasearupestrin A', 'Nitensidine B', '1-methyl-2-n-nonyl-4-quinolone', ""Methyl-2,2-dimethyl-8-(3'-methylbut-2'-enyl)chroman-6-carboxylate"", 'Isoorientin', 'urauchimycin B', 'Homoegonol', '[8]-gingerol', '4-Hydroxymellein', '5-hydroxymellein', 'fraxinellonone', 'Dibenzyl sulphide', '(-) Cis-4-hydroxy-6-deoxyscytalone', 'Plumericin', '5-[8(Z),11(Z)-pentadecadienyl]resorcinol', '(-)-Spectalinine', 'Uracil', 'urauchimycin A', 'Casearupestrin C', 'Arboreumine', '3-Oxoursolic acid', 'Caseobliquin A', 'Methyl angolensate', ""5-(3'' -Hydroxypropyl)-7-methoxy-2-(3',4' -methyl-enedioxyphenyl)benzofuran"", '22β-hydroxypristimerin', '1- (5,7-dihydroxy-2,2-dimethylchroman-6-yl)-3-(2,2-dimethylchroman- 6-yl)propan-1-one', 'Canavaline', 'Di-hydrodehydrodiconiferyl alcohol', 'Quercetin', ""2-(2'-O-trans-cinnamoyl)-C-β-D-glucopyranosyl-1,3,6,7-tetrahydroxyxanthone"", 'Ocotillone', 'des-N-methylnoracronycine', 'Sorbifolin 6-O-β-glucopyranoside', 'Rel-2α-hydroxyzuelanin-6β-benzoate', '2,6-di-O-acetylcasearupestrin D', 'Pedalitin', '1-O-(E)-feruloyl-β-D-glucopyranoside', '19,20-Epoxycytochalasin C', 'p-Coumaric acid', '(-)-Epigallocatechin', 'Netzahualcoyonol', '1-[3-(3,7-dimethylocta-2,6-dien-1-yl)-2,4,6- trihydroxyphenyl]-3-(4-hydroxyphenyl)propan-1-one', '6α-malonyloxymanoyl oxide', 'Benzylhydroxymethyl sulphide', '1,6-di-O-caffeoyl-β-D-glucopyranoside', '2-methyl-5-[8(Z),11(Z),14-pentadecatrienyl]resorcinol', '20-hydroxyecdysone; polypodine A', '3-Acetyl aleuritolic acid', 'Alkenoic acid', 'Quercetin 3-O-α-L-rhamnopyranosyl (1→6)-O-[β -D-glucopyranosyl (1→3)-O-α-L-rhamnopyranosyl-(1→2)]-O-β -D-glucopyranosyl', 'Heveaflavone', ""2-(R)-Methyl-6-(S)-(tetradecyl-13'-one)-3(R)-O-tert-butyldimethylsilyl-piperidine"", '(2S)-Methyl-2-methyl-8-(3""-methylbut-2""-enyl)-2-(4\'-methylpent-3\'-enyl)-2H-chromene-6-carboxylate', 'Casearin T', 'Piperyline, N-[10-(13,14-methylenedioxyphenyl)-7(E),9(E)-pentadienoyl]-pyrrolidine', 'Casearupestrin B', 'toonacilin', 'Netzahualcoyondiol', 'Pristimerin; 20α-3-hydroxy-2-oxo-24-nor-friedela-1-10,3,5,7-tetraen-carboxylic acid-29-methylester', '3,4,5-trimethoxyphenyl 1-O-β-D-apiofuranosyl-(1→6)-O-β-D-glucopyranoside', 'β-photogedunin', 'n-Butyl gallate', ""5-[3''-(β-D-glucopyranosyloxy)propyl]-7-methoxy-2-(3',4'-dimethoxyphenyl)benzofuran"", '3,12-Dihydroxycadalene', '7-hydroxy-3- (11-dimethylallyl)-8-methoxycoumarin', ""N-[7-(3',4'-methylenedioxyphenyl)-2(Z),4(Z)-heptadienoyl]pyrrolidine"", ""Acteoside; [β-3,4-dihydroxyphenyl)-ethyl]-(3'-O-α-L-rhamnopyranosyl)-(4'-O-cafeoyl)-β-D-glycopyranoside, verbascoside"", '(R)-7-Hydroxymellein', '6α-acetoxymanoyl oxide', 'Methyl-8-hydroxy-2,2-dimethylchroman-6-carboxylate', 'Di(benzyltrithio) methane', '3,11,12-Trihydroxycadalene', 'Quercetin 3-O-sophoroside', 'n-Pentyl gallate', 'Orcinol', 'Periconicin B', 'Phomopsilactone', ""(2S)-8-Isopentyl-2-methyl-2-(4'-methylpentyl)chroman-6-carboxylic acid"", '2,2-dimethyl-2H-chromene-6-carboxylic acid', '1,2-dihydro- 3β-hydroxy-7-deacetoxy-7-oxogedunin', 'Photogedunin', 'Casearin X; (1R*,3S*,5S*,6aR*,7S*,8S*,10R*,10aR*)-1-(Acetyloxy)-3,5,6,6a,7,8,9,10-octahydro-10-hydroxy-7,8-dimethyl-7-[(2Z)-3-methylpenta-2,4-dien-1-yl]naphtho[1,8a-c]furan-3,5-diyl Dibutanoate', 'α-L-xylopyranosyl-(4""→20)-(3-O-β-D-glucopyranosyl)-1\'-O-E-caffeoyl-β-D-glucopyranoside', '6-[8(Z)-pentadecenyl]salicylic acid', '(2S)-2-methyl-8-(3""-methylbut-2""-enyl)-2-(4\'-methylpent-3\'-enyl)-2H-chromene-6-carboxylic acid', 'Burchellin', '5-[8(Z)-pentadecenyl]resorcinol', 'Luteolin; 2-(3,4-dihydroxyphenyl)-5,7-dihydroxy-4H-chromen-4-one', 'Sinapic acid', '19,20-Epoxycytochalasin Q', 'ω-fenil alcanoic acid', '2-butyl-D-fructofuranoside', ""Gaudichaudianic acid; (2S)-2-methyl-2-(4'methyl-3'-pentenyl)-8-(3''-methyl-2-butenyl)- 2H-1-benzopyran-6-carboxylic acid"", 'limonexic acid', 'Skimmianine', 'p-hydroxybenzoic acid-geranyl ester', 'Dibenzyl disulphide', 'Proanthocyanidin', 'neoisoastilbin', 'Nitensidine C', 'Dipropyl disulphide', '2-methyl-5-[8(Z),11(Z)-pentadecadienyl]resorcinol', 'Methyl 6,7,8-trimethoxydihydrocinnamate', '2-Hexyl-3-methyl-butanodioic acid', 'fraxinellone', '6-[ 8(Z),11(Z) -pentadecadienyl] salicylic acid', '3,4,5-Triacetoxybenzoic acid', '(3R,4R)-3,4-Dihydro-4,6-dihydroxy-3-methyl-1-oxo-1H-isochromene-5-carboxylic acid', '24-methylene-3,22-dihydroxycholesterol', 'amorphispironone', 'Casearupestrin D', 'Chaetoglobosin B', ""2-(2'-O-benzoyl)-C-β-D-glucopyranosyl-1,3,6,7-tetrahydroxyxanthone"", 'Isoplumericin', 'N-[10-(13,14-methylenedioxyphenyl)-7(E),9(Z)-pentadienoyl]-pyrrolidine', '5-hydroxymethyl- 2-furancarboxaldehyde; 5-hydroxymethyl-2-furfuraldehyde', 'atalaphyllinine', 'N-[10- (13,14-methylenedioxyphenyl)-7(E)-pentaenoyl]-pyrrolidine', '2-Methyl-5-methoxy-benzopyran-4-one', '3,4-dihydroxybenzoic acid geranyl ester', 'Gedunin', 'Pedalin, pedalitin 6-O-β -glucopyranoside', 'Caseargrewiin F; (1R*,3S*,5S*,6aR*,7S*,8R*,10R*,10aR*)-1,3-Bis(acetyloxy)-3,5,6,6a,7,8,9,10-octahydro-10-hydroxy-7,8-dimethyl-7-[(2Z)-3-methylpenta-2,4-dien-1-yl]naphtho[1,8a-c]furan-5-yl Butanoate', 'Casearin L; (1R*,3S*,5S*,6aR*,7R*,8R*,9S*,10S*,10aR*)-1,10-Bis(acetyloxy)-3,5,6,6a,7,8,9,10-octahydro-9-hydroxy-5-methoxy-7,8-dimethyl-7-[(2Z)-3-methylpenta-2,4-dien-1-yl]naphtho[1,8a-c]-furan-3-yl Butanoate', 'Platydesmine', '19,20-Epoxycytochalasin R', 'Muraxanthone', '6α-acetoxy-14β,15β-epoxyazadirone', 'epoxy-fraxinellone', '12′-hydroxy-7′-multijuguinone', 'Kaempferitrin', 'schaftoside', ""(2S)-Methyl-8-isopentyl-2-methyl-2-(4'-methylpentyl)chroman-6-carboxylate"", 'Casearupestrin A', '2-oxo-piperol B; (7S*, 8R*, 1R*, 3R*)-3,4,5-trimethoxy-3,7-cyclo-8,1-neolig-8-ene-2,4(3H)-dione', 'taxifolin', ""(2'S)-2-(propan-2'-ol)-5-hydroxy-benzopyran-4-one"", 'Rel-(+)-(7S,9R,10S)-3,9,12-trihydroxycalamenene', 'Casearin S', '11β-acetoxyobacunone', '1-(5,7-dihydroxy-2,2-dimethylchroman- 6-yl)-3-[4-hydroxy-3-(3-methylbut-2-en-1-yl)- phenyl]propan-1-one', '(3R,4R)-4,7-Dihydroxymellein', ""Nitensoside B; Pedalitin 6-O-α-rhamnopyranosyl(1'''→6'')-β-glucopyranoside"", 'Methyl gallate', 'Odoratone', 'Rel-6β-hydroxyzuelanin-2β-benzoate', 'shidasterone', 'Afzelin, 3-O-α-rhamnosyl kaempferol', 'Egonol', '4-Nerolidilcatechol', ""2-(2'-O-transcoumaroyl)-C-β-D-glucopyranosyl-1,3,6,7-tetrahydroxyxanthone"", 'Syringic acid', '(+)-3-O-feruloylcassine', 'Salacin', '6-pentadecylsalicylic acid', 'Methyl-2,2-dimethylchroman-6-carboxylate', ""Myrsinoic acid A, 3-Geranyl-4-hydroxy-5-(3'',3''-dimethylallyl)benzoic acid"", '20α-Hydroxymaytenin; 20-hydroxy-20-epi-tingenone', '(-)-Epigallocatechin-3-O-gallate', 'Casearin D; (1R*,3S*,5S*,6aR*,7R*,8R*,9S*,10S*,10aR*)-1-(Acetyloxy)-3,5,6,6a,7,8,9,10-octahydro-5,10-dihydroxy-7,8-dimethyl-7-[(2Z)-3-methylpenta-2,4-dien-1-yl]naphtho[1,8a-c]furan-3,9-diyl Dibutanoate', 'Rel. (+)-(7S,10S) 3,12-dihydroxycalamenene', 'Leiokinine A', 'Cabraleadiol', 'carlinoside', 'Methyl-8-(ethanoyloxy)-2,2-dimethyl-2H-chromene-6-carboxylate', 'Amentoflavone', '1-(5,7-dihydroxy-2,2-dimethylchroman-6-yl)-3-(1,1,4a-trimethyl-2,3,4,4a,9a-hexahydro-1H-xanthen-7-yl)propan-1-one', 'Methyl (E)-6,7,8-trimethoxycinnamate', '3,4,5-Trimethoxyphenyl-1-O-β-D-(5-O-syringoyl)-apiofuranosyl-(1→6)-β-D-glucopyranoside', '6-[8(Z),11(Z),14-pentadecatrienyl]salicylic acid', 'Sorbifolin', ""Nitensoside A; Sorbifolin 6-O-α-rhamnopyranosyl(1'''→6'')-β-glucopyranoside"", 'Casearin O; (1R*,3S*,5S*,6aR*,7R*,8R*,9S*,10S*,10aR*)-1,10-Bis(acetyloxy)-5-methoxy-7,8-dimethyl-7-[(2Z)-3-methylpenta-2,4-dien-1-yl]-3,5,6,6a,7,8,9,10-octahydronaphtho[1,8a-c]furan-3,9-diyl Dibutanoate', 'germacrene D', '2β-Hydroxyzuelanin-6β-cinnamate', 'arjunolic acid', 'stachysterone', 'Ethyl 2,4-dihydroxy-5,6-dimethylbenzoate', '3-O-β-D-quinovopyranosyl cincholic acid', 'Quercitrin, 3-O-α-rhamnosylquercetin', 'Amentoflavone 7”,4”’-dimethyl ether', 'Picramnioside F', 'Lauryl gallate', 'Syringaldehyde', '22-hydroxytirucalla-7,24-diene-2,3-dione', 'Trans-3’-methylsulphonylallyl trans-cinnamate', '(3-(2-(4-hydroxyphenyl)-2-oxoethyl)-5,6-dihydropyridin- 2(1H)-one)', 'Mangiferin', 'Viburgenin', ""Pterogynoside; Kaempferol-3-O-(3''-O-4'''-methylgallate-α-L-rhamnoside)"", 'Isobutyl gallate', '7′-multijuguinone', 'Griseofulvin', ""7-Hydroxy-4',6-dimethoxyisoflavone; Afrormosin; Afromosin"", '8-methoxymellein', 'Chalepin', 'Chlorogenic acid', 'scillascillin', '(4R)-4,8-dihydroxy-α-tetralone', '3-O-β-D-quinovopyranosyl quinovic acid', '2-hydroxyphenylacetic acid', 'Kaempferol']]",doi_name
"['10.1080/14786410412331271979', '(±)-Syringaresinol']","['10.1080/14786410412331271979', ['guaiol', 'Hinesol', 'γ-eudesmol', 'α-eudesmol', 'Chlorogenic acid methyl ester, Methyl (1S,3R,4R,5R)-3-{[(2E)-3-(3,4-dihydroxyphenyl)-2-propenoyl]oxy}-1,4,5-trihydroxycyclohexanecarboxylate', 'Methacrylic acid', 'Galioside aglicone', 'Teucrein', '11-O-trans-feruloylteucrein', 'Apodanthoside', 'Galioside', 'Glycocitrine-IV', '3,4-dihydro-3,5,8-trihydroxy-6-methoxy-2,2,7-trimethyl-2Hpyrano[ 2,3-a]acridin-12(7H)-one', 'Citrusinine-II', 'Citrusinine-I', 'Pyranofoline', '1,3,5-trihydroxy- 2,8-bis(3-methylbut-2-enyl)-10-methyl-9-acridone', '1,3,5-trihydroxy-4-methoxy-10-methyl- 2,8-bis(3-methylbut-2-enyl)acridin-9(10H)-one', 'Glycocitrine-I', '5-hydroxynoracronycine; Atalaphyllidine', ""3',4'-methylenedioxy-5,6,7- trimethoxyflavone"", ""2'-hydroxy-3,4,4'-trimethoxy-5',6'-(2'',2''-dimethylpyrano)-chalcone"", ""3',4'-methylenedioxy-5,5',6,7-tetramethoxyflavone"", ""3',4'-methylenedioxy-5,7-dimethoxyflavone"", 'Xanthyletin', 'Austdiol diacetate', 'Mycoleptone A', 'Mycoleptone B', '6-methoxyeugenin', '9-hydroxyeugenin', 'Eugenitin', 'Austdiol', 'Mycoleptone A tetraacetate', 'Nectandrin B', 'Verrucosin', '7-Methyl-sargachromenol; 2,7,8-Trimethyl-2-[(3-E,7-Z)-4,12-dimethyl-8-carboxyl-3,7,11-tridecatrienyl]-3-chromen-6-ol, β-caroteno', 'Epi-guaiacin', '2,3-dihydro-4,9-dihydroxy-2-(2-hydroxy-propan-2-yl)- 11-methoxy-10-methylfuro[3,2-b]acridin-5(10H)-one', 'Citibrasine', 'bis-5-hydroxyacronycine', ""Isoswertisin-2''α1-L-rhamnoside"", '2-Episesalatin', 'Sesartemin', 'Clusifoliol', ""Isoswertisin-4'-methyl-ether-2''α-L-rhamnoside"", '3,11-dioxoolean-12-en-28- onic acid', 'Iso-odoratol', 'Nilocetin', 'Piscidinol A', 'cryptomeridiol', 'Hispidol A', 'Pentaol', 'Oleanonic acid', ""4-Methoxy-3-(3',7'-dimethylocta-2'-E-6'-dienyl)benzoic acid"", 'Methyl-8-hydroxy-2,2-dimethyl-2H-chromene-6-carboxylate', ""3-(3',7 '-dimethyl-2',6 '-octadienyl)-4-methoxy-benzoic acid"", '21α,25-dimethylmelianodiol', '21β,25-dimethylmelianodiol', '3,21-Di-epi-feroniellide B', '5,7-dimethoxy-2,2-dimethyl-2H-1-benzopyran-6-propanoate', ""4-Hydroxy-3-(3',7'-dimethylocta-2'-E-6'-dienyl)benzoic acid"", 'Methyl 2,2-dimethyl-1-oxo-2H-1-benzopyran-6-carboxylate', ""2',6'-Dihydroxy-4'-methoxydihydrochalcone"", ""Methyl taboganate; Methyl 4-hydroxy-3-(3'-methyl-1'-oxo-2'-butenyl)benzoate"", '3,4,5-Trimethoxydihydrocinnamic acid', ""Methyl 4-hydroxy-3-(3'-methyl-2'-butenyl)benzoate"", 'Piperaduncine B', ""Hostmaniene; 4-Hydroxy-3-(2',3'-dihydroxy-3'-methylbutyl)benzoate"", ""4-Hydroxy-(3',7'-dimethyl-1'-oxo-octa-2'-Z-6'-dienyl)benzoic acid"", ""Aduncumene; Methyl 2-methoxy-5-(3'-methyl-1'-oxo-2'-butenyl)benzoate"", ""Methyl 4-hydroxy-3-(3'-methyl-2'-hydroxy-3'-butenyl)benzoate"", 'Secoxyloganin', '7-Methoxydiderroside', 'Diderroside', ""6'-Acetyl-β-D-glucopyranosyldiderroside"", '(+)-11α-Hydroxyerythravine', '(+)-Erythravine', '(+)-α-Hydroxyerysotrine', 'astilbin; Rel-(2R, 3R)-dihydroquercetin-3-O-±-L-rhamnoside', '(-)-3-O-acetyl-spectaline', 'Anhydrofusarubin', 'Beauvericin', ""Isosakuranetin; 5,7-dihydroxy-4'-methoxyflavanone"", ""Sakuranetin; 5,4'-dihydroxy-7-methoxyflavanone"", ""4-Hydroxy-(3',7'-dimethyl-1'-oxo-octa-2'-E-6'-dienyl)benzoic acid"", ""1,4-Dihydroxy-2-(3',7'-dimethyl-1'-oxo-2'-E-6'-octadienyl)benzene"", ""4-Hydroxy-3-(3',7'-dimethyl-3'-hydroxy-1'-oxo-6'-octenyl)benzoic acid"", 'cyclo (L)-Pro-Gly', 'Taraxerol acetate', 'Isopimpinellin', ""2-(1'-pentenyl)-Quinoline"", '2-n-Propylquinoline', '2-n-Pentylquinoline', ""2-(3',4'-methylenedioxyphenylethyl)-Quinoline"", '2α,3α,19α- trihydroxyurs-12-en-28-oic acid', '3,3-O-dimethylquercetin', 'penduletin 4-O-methyl ether', 'p-hydroxybenzoic acid', '2α,3α-dihydroxyolean-12- en-28-oic acid', '3-O-methylquercetin', 'Chrysoeriol', 'acacetin', '3,7,4-O-trimethylkaempferol', 'β-caryophyllene, trans-caryophyllene', 'Sargaquinoic acid', ""7,4'-Dihydroxyflavone"", 'Sargachromenol', '19´-(3,4-Methylenedioxyphenyl)-nonadecanoic acid', '21´-(3,4-Methylenedioxyphenyl)-henicosanoic acid', '(+)-Guaiacin', ""7,4'-Dimethoxyflavone"", 'Farnisine', ""Juruenolic acid; 2-(4'-Methylpentenyl-3)-10-oxoundecan-2,6-dienoic acid"", 'Fasciculiferin', 'Tithonine', '17-(3,4-Methylenedioxyphenyl)-heptadecanoic acid', 'Stearic acid 4-pentoyloxyphenethyl ester', 'Tagitinin C', '1-methoxy-3-hydroxy-3,10b-4,5a-diepoxy-8b-isobutyroyloxygermacr-11(13)-en-6a,12-olide', '5,7-dimethoxy-2,2-dimethyl-2H-1-benzopyran-6-propanoic acid', 'Quercetin-3-O-α-L-rhamnopyranosyl-(1→6)-β-D-galactopyranoside', 'Kaempferol-3-O-D-glucopyranoside', '6-Hydroxy-rutin', 'Kaempferol-3-O-α-L-rhamnopyranosyl-(1-6)-α-L-rhamnopyranosyl-(1-4)-β-D-glucopyranoside', 'Procyanidin B-3', 'Kaempferol-3-O-α-L-rhamnopyranosyl-(1→6)-β-D-galactopyranoside', 'Kaempferol-3-O-rutinoside', 'Kaempferol-3-O-D-galactopyranoside', 'Catechin, Ent-catechin', 'Methyl (3R,4R,5R)-3-{[(2E)-3-(3,4-dihydroxyphenyl)-2-propenoyl]oxy}-1,4,5-trihydroxycyclohexanecarboxylate', 'Methyl (3R,4R,5R)-3-{[(2Z)-3-(3,4-dihydroxyphenyl)-2-propenoyl]oxy}-1,4,5-trihydroxycyclohexanecarboxylate', 'Nitensidine D', 'Nitensidine E', 'Dimethyl terephthalate', '8-hydroxy-6-methoxy-3-methylisocoumarin', 'Ergosterol peroxide', '(22E,24R)-ergosta-4,6,8(14),22-tetraen-3-one', 'Pimara-7,15-dien-3β-ol', 'Aphidicolin', 'β-Gardiol', 'α-Gardiol', 'Ferulic acid', ""3,4-dimethyl-2-(4'-hydroxy-3',5'-dimethoxyphenyl)-5-methoxy-tetrahydrofuran"", ""Rel-(7R,8S,7'S,8'S)-4'-hydroxy-3,4,5,3',5'-pentamethoxy-7,7'-epoxylignan"", ""Rel-(7R,8S,7'S,8'S)-4-hydroxy-4',5'-methylenedioxy-3,5,3'-trimethoxy-7,7'-epoxylignan"", ""Rel-(7R,8S,7'S,8'S)-9-hydroxy-4',5'-methylenedioxy-3,4,5,3'-tetramethoxy-7,7'-epoxylignan"", ""Rel-(7R,8S,7'S,8'S)-4',5'-methylenedioxy-3,4,5,3'-tetramethoxy-7,7'-epoxylignan"", ""Rel-(7R,8S,7'S,8'S)-4,5,4',5'-dimethylenedioxy-3,3'-dimethoxy-7,7'-epoxylignan"", '(3Z,5Z)-N-isobutyl-8-(30,40-methylenedioxy-phenyl)-heptadienamide', 'Pellitorine', ""N-[3-(6'-methoxy-3',4'-methy-lenedioxyphenyl)-2(Z)-propenoyl]pyrrolidine"", '8,9-dihydropiplartine; N-(12,13,14-trimethoxydihydrocinnamoyl)-Δ3-pyridin-2-one', 'Piperine', '4,5-dihydropiperlonguminine; Piperlonguminine', '10,11-dihydropiperine; Δα,β-dihydropiperine', '(E)-piplartine', '4,5-dihydropiperyline', '(Z)-piplartine; 8(Z)-N-(12,13, 14-trimethoxycinnamoyl)- 3-pyridin-2-one', '3,4-dehydrostrictosidine acid', 'Turbinatine', 'Cordifoline', '5α-carboxystrictosidine', 'Harman-3-carboxylic acid', '3,4-dehydro-strictosidine', 'Strictosidine acid', 'Deoxycordifoline', ""3',4',5',3,5,7,8-heptamethoxyflavone"", ""3,5,6,7,3',4',5'-heptamethoxyflavonol"", '4-metoxi-6-[2-(metilamino)fenil]- 2H-piran-2-ona', 'Cusculine; 1,2,3,5,6-pentamethoxy-9-acridone', 'Cuspanine; 1-hydroxy-2,3,5,6-tetramethoxy-9-acridone', '2α,3α-Dihydroxy-urs-12-en-28-oic acid', '3-O-β-D-(6’-methyl)-glucopyranosyl-28-O-β-D-glucopyranosyl-oleanate', 'Oleanolic acid 3-sophoroside', '5-hydroxyflavone', 'β-Sitosterol benzoate', '2-phenyl-4H-chromen-4-one', 'Haplotusine', 'Sinapyl 4-O-β-D-glucopyranoside aldehyde', 'Sinapyl 4-O-β-D-glucopyranoside alcohol', 'N-acetylnonaine', 'Liriodenine', '[10]-gingerol', ""2,4-Dihydroxy-6-[(1'E,3'E)-penta-1', 3'-dienyl]-benzaldehyde"", 'Nitensidine A', '2-methyl-5-[8(Z)-pentadecenyl]resorcinol', '2-hydroxyphenylacetic acid', '3-O-β-D-quinovopyranosyl quinovic acid', 'Gallic acid; 3,4,5-trihydroxybenzoic acid', 'Quercitrin, 3-O-α-rhamnosylquercetin', 'Caseobliquin A', 'Methyl angolensate', ""5-(3'' -Hydroxypropyl)-7-methoxy-2-(3',4' -methyl-enedioxyphenyl)benzofuran"", '22β-hydroxypristimerin', '1- (5,7-dihydroxy-2,2-dimethylchroman-6-yl)-3-(2,2-dimethylchroman- 6-yl)propan-1-one', 'Canavaline', 'Di-hydrodehydrodiconiferyl alcohol', 'Quercetin', '5-hydroxy-N-methylseverifoline', '19,20-Epoxycytochalasin N', 'ellagic acid 4-O-α-L-rhamnopyranoside; eschweilenol C', 'Mayoside C', 'Ourateacatechin', ""3',4',5',5,7-pentamethoxyflavone"", '2-methyl-5-pentadecylresorcinol', '3β-hydroxy-stigmast-5-en-7-one; 24-β-7-oxositosterol', 'scillascillin', 'Griseofulvin', ""7-Hydroxy-4',6-dimethoxyisoflavone; Afrormosin; Afromosin"", '8-methoxymellein', '(±)-Syringaresinol', 'Cyclo-(L-Pro-L-Val)', 'Acetonide of odoratol', '(−)-Grandisin', '2,7-Di-O-acetylcasearupestrin A', 'Nitensidine B', '1-methyl-2-n-nonyl-4-quinolone', '5-[8(Z),11(Z),14-pentadecatrienyl]resorcinol', 'Kokusaginine', ""2-(2'-O-trans-caffeoyl)-C-β-D-glucopyranosyl-1,3,6,7-tetrahydroxyxanthone"", 'Netzahualcoyene', 'Casearin X Dialdehyde; (2R*,4aS*,5S*,7R*,8R*,8aS*)-4,4a-Diformyl-1,2,4a,5,6,7,8,8a-octahydro-5-hydroxy-7,8-dimethyl-8-[(2Z)-3-methylpenta-2,4-dien-1-yl]naphthalen-2-yl Butanoate', 'polypodine B', 'n-Propyl gallate', ""3',4',5',5,7,8-hexamethoxyflavone"", 'Isopropyl gallate', 'Kaempferol', ""8-hydroxy-3,5,7,3',4',5'-hexamethoxyflavonol"", 'Odoratol', 'Leptomerine', '2,4,6-trimethoxybenzoic acid', '1-O-(E)-caffeoyl-β-D-glucopyranoside', 'Maculosidine', 'Podocarpusflavone A', 'Casearupestrin C', '6α-malonyloxy-n-butyl ester manoyl oxide', 'citrusinine-I', 'Ricinine', 'Leptophyllin A', '5-pentadecylresorcinol', '19,20-Epoxycytochalasin D', 'fumiquinozoline F', 'Kaempferol 3-O-α-L-rhamnopyranosyl (1→6)-O-[β -D-glucopyranosyl (1→3)-O-α-L-rhamnopyranosyl-(1→2)]-O-β -D-glucopyranosyl', 'Rel-2α-hydroxyzuelanin-6β-benzoate', '2,6-di-O-acetylcasearupestrin D', ""Methyl-2,2-dimethyl-8-(3'-methylbut-2'-enyl)chroman-6-carboxylate"", ""2',5-dihydroxy-3-methoxy-8-dimethylallyl-6, 7-(2' ',2''-dimethylpyrano)-dihydroflavonol"", '2-n-nonyl-4-quinolone', 'Cytochalasin D', 'Isoorientin', 'Piperol B', '(-)-Hardwickiic acid', ""5-[3''-(β-D-glucopyranosyloxy)propyl]-7-methoxy-2-(3',4'-methylenedioxyphenyl)benzofuran"", '28-O-β-D-glucopyranosyl quinovic acid', '2-Methyl-4-hydroxy-butyl caffeoate', 'N-1,N-2,N-3-Triisopentenylguanidine', 'Dibenzyl trisulphide', 'Maytenin, Tingenone', 'Uracil', '6β-hydroxy-7-epigardoside methyl ester', 'Tetrahydropiperyline, N-[10-(13,14-methylenedioxyphenyl)-pentanoyl]-pyrrolidine', 'Piperovatine', 'urauchimycin A', 'p-Coumaric acid', '(-)-Epigallocatechin', 'Netzahualcoyonol', '1-[3-(3,7-dimethylocta-2,6-dien-1-yl)-2,4,6- trihydroxyphenyl]-3-(4-hydroxyphenyl)propan-1-one', '6α-malonyloxymanoyl oxide', 'Benzylhydroxymethyl sulphide', '1,6-di-O-caffeoyl-β-D-glucopyranoside', '2-methyl-5-[8(Z),11(Z),14-pentadecatrienyl]resorcinol', '20-hydroxyecdysone; polypodine A', '3-Acetyl aleuritolic acid', 'Alkenoic acid', 'Quercetin 3-O-α-L-rhamnopyranosyl (1→6)-O-[β -D-glucopyranosyl (1→3)-O-α-L-rhamnopyranosyl-(1→2)]-O-β -D-glucopyranosyl', 'Heveaflavone', '3β-O-[α-L-rhamnopyranosyl-(1→2)-O-β-D-glucopyranosyl-(1→2)-O-β-D-glucopyranosyl]-28-O-β-D-glucopyranoside pomolate', 'Dibenzyl tetrasulphide', 'Arboreumine', '3-Oxoursolic acid', 'Casearupestrin B', 'toonacilin', 'urauchimycin B', 'Homoegonol', '[8]-gingerol', '4-Hydroxymellein', '5-hydroxymellein', 'fraxinellonone', 'Dibenzyl sulphide', '(-) Cis-4-hydroxy-6-deoxyscytalone', 'Plumericin', '5-[8(Z),11(Z)-pentadecadienyl]resorcinol', '(-)-Spectalinine', 'Pedalitin', ""Acteoside; [β-3,4-dihydroxyphenyl)-ethyl]-(3'-O-α-L-rhamnopyranosyl)-(4'-O-cafeoyl)-β-D-glycopyranoside, verbascoside"", '1-O-(E)-feruloyl-β-D-glucopyranoside', '19,20-Epoxycytochalasin C', 'n-Pentyl gallate', 'Orcinol', 'Periconicin B', 'Phomopsilactone', ""(2S)-8-Isopentyl-2-methyl-2-(4'-methylpentyl)chroman-6-carboxylic acid"", '2,2-dimethyl-2H-chromene-6-carboxylic acid', '1,2-dihydro- 3β-hydroxy-7-deacetoxy-7-oxogedunin', 'Photogedunin', 'Casearin X; (1R*,3S*,5S*,6aR*,7S*,8S*,10R*,10aR*)-1-(Acetyloxy)-3,5,6,6a,7,8,9,10-octahydro-10-hydroxy-7,8-dimethyl-7-[(2Z)-3-methylpenta-2,4-dien-1-yl]naphtho[1,8a-c]furan-3,5-diyl Dibutanoate', 'α-L-xylopyranosyl-(4""→20)-(3-O-β-D-glucopyranosyl)-1\'-O-E-caffeoyl-β-D-glucopyranoside', ""2-(R)-Methyl-6-(S)-(tetradecyl-13'-one)-3(R)-O-tert-butyldimethylsilyl-piperidine"", '(2S)-Methyl-2-methyl-8-(3""-methylbut-2""-enyl)-2-(4\'-methylpent-3\'-enyl)-2H-chromene-6-carboxylate', 'Casearin T', 'Dibenzyl disulphide', 'Proanthocyanidin', 'Piperyline, N-[10-(13,14-methylenedioxyphenyl)-7(E),9(E)-pentadienoyl]-pyrrolidine', 'ω-fenil alcanoic acid', '2-butyl-D-fructofuranoside', ""Gaudichaudianic acid; (2S)-2-methyl-2-(4'methyl-3'-pentenyl)-8-(3''-methyl-2-butenyl)- 2H-1-benzopyran-6-carboxylic acid"", 'limonexic acid', 'Netzahualcoyondiol', 'Pristimerin; 20α-3-hydroxy-2-oxo-24-nor-friedela-1-10,3,5,7-tetraen-carboxylic acid-29-methylester', '3,4,5-trimethoxyphenyl 1-O-β-D-apiofuranosyl-(1→6)-O-β-D-glucopyranoside', 'β-photogedunin', 'n-Butyl gallate', ""5-[3''-(β-D-glucopyranosyloxy)propyl]-7-methoxy-2-(3',4'-dimethoxyphenyl)benzofuran"", '3,12-Dihydroxycadalene', '7-hydroxy-3- (11-dimethylallyl)-8-methoxycoumarin', ""N-[7-(3',4'-methylenedioxyphenyl)-2(Z),4(Z)-heptadienoyl]pyrrolidine"", '19,20-Epoxycytochalasin R', 'Muraxanthone', '3,4,5-Triacetoxybenzoic acid', 'Odoratone', 'Di(benzyltrithio) methane', '3,11,12-Trihydroxycadalene', 'Quercetin 3-O-sophoroside', '(3R,4R)-3,4-Dihydro-4,6-dihydroxy-3-methyl-1-oxo-1H-isochromene-5-carboxylic acid', '24-methylene-3,22-dihydroxycholesterol', 'amorphispironone', 'Casearupestrin D', 'Chaetoglobosin B', ""2-(2'-O-benzoyl)-C-β-D-glucopyranosyl-1,3,6,7-tetrahydroxyxanthone"", 'Isoplumericin', 'Skimmianine', 'p-hydroxybenzoic acid-geranyl ester', 'Dipropyl disulphide', '2-methyl-5-[8(Z),11(Z)-pentadecadienyl]resorcinol', 'Methyl 6,7,8-trimethoxydihydrocinnamate', '2-Hexyl-3-methyl-butanodioic acid', 'neoisoastilbin', '(R)-7-Hydroxymellein', '6α-acetoxymanoyl oxide', 'Methyl-8-hydroxy-2,2-dimethylchroman-6-carboxylate', 'N-[10-(13,14-methylenedioxyphenyl)-7(E),9(Z)-pentadienoyl]-pyrrolidine', '6-[8(Z)-pentadecenyl]salicylic acid', '(2S)-2-methyl-8-(3""-methylbut-2""-enyl)-2-(4\'-methylpent-3\'-enyl)-2H-chromene-6-carboxylic acid', 'Burchellin', '5-[8(Z)-pentadecenyl]resorcinol', 'Luteolin; 2-(3,4-dihydroxyphenyl)-5,7-dihydroxy-4H-chromen-4-one', 'Sinapic acid', '19,20-Epoxycytochalasin Q', '2-oxo-piperol B; (7S*, 8R*, 1R*, 3R*)-3,4,5-trimethoxy-3,7-cyclo-8,1-neolig-8-ene-2,4(3H)-dione', 'taxifolin', ""(2'S)-2-(propan-2'-ol)-5-hydroxy-benzopyran-4-one"", 'Rel-(+)-(7S,9R,10S)-3,9,12-trihydroxycalamenene', 'Rel-6β-hydroxyzuelanin-2β-benzoate', 'shidasterone', '5-hydroxymethyl- 2-furancarboxaldehyde; 5-hydroxymethyl-2-furfuraldehyde', 'atalaphyllinine', 'N-[10- (13,14-methylenedioxyphenyl)-7(E)-pentaenoyl]-pyrrolidine', '2-Methyl-5-methoxy-benzopyran-4-one', '3,4-dihydroxybenzoic acid geranyl ester', '6α-acetoxy-14β,15β-epoxyazadirone', 'epoxy-fraxinellone', '12′-hydroxy-7′-multijuguinone', 'Kaempferitrin', 'Nitensidine C', '(+)-3-O-feruloylcassine', 'Salacin', '6-pentadecylsalicylic acid', 'Methyl-2,2-dimethylchroman-6-carboxylate', 'fraxinellone', '6-[ 8(Z),11(Z) -pentadecadienyl] salicylic acid', 'Gedunin', 'Pedalin, pedalitin 6-O-β -glucopyranoside', 'Caseargrewiin F; (1R*,3S*,5S*,6aR*,7S*,8R*,10R*,10aR*)-1,3-Bis(acetyloxy)-3,5,6,6a,7,8,9,10-octahydro-10-hydroxy-7,8-dimethyl-7-[(2Z)-3-methylpenta-2,4-dien-1-yl]naphtho[1,8a-c]furan-5-yl Butanoate', 'Casearin L; (1R*,3S*,5S*,6aR*,7R*,8R*,9S*,10S*,10aR*)-1,10-Bis(acetyloxy)-3,5,6,6a,7,8,9,10-octahydro-9-hydroxy-5-methoxy-7,8-dimethyl-7-[(2Z)-3-methylpenta-2,4-dien-1-yl]naphtho[1,8a-c]-furan-3-yl Butanoate', 'Platydesmine', 'Leiokinine A', 'Cabraleadiol', 'schaftoside', ""(2S)-Methyl-8-isopentyl-2-methyl-2-(4'-methylpentyl)chroman-6-carboxylate"", 'Casearupestrin A', 'Sorbifolin', ""Nitensoside A; Sorbifolin 6-O-α-rhamnopyranosyl(1'''→6'')-β-glucopyranoside"", 'Casearin O; (1R*,3S*,5S*,6aR*,7R*,8R*,9S*,10S*,10aR*)-1,10-Bis(acetyloxy)-5-methoxy-7,8-dimethyl-7-[(2Z)-3-methylpenta-2,4-dien-1-yl]-3,5,6,6a,7,8,9,10-octahydronaphtho[1,8a-c]furan-3,9-diyl Dibutanoate', 'germacrene D', 'Casearin S', '11β-acetoxyobacunone', '1-(5,7-dihydroxy-2,2-dimethylchroman- 6-yl)-3-[4-hydroxy-3-(3-methylbut-2-en-1-yl)- phenyl]propan-1-one', '(3R,4R)-4,7-Dihydroxymellein', ""Nitensoside B; Pedalitin 6-O-α-rhamnopyranosyl(1'''→6'')-β-glucopyranoside"", 'Methyl gallate', '3-O-β-D-quinovopyranosyl cincholic acid', 'Afzelin, 3-O-α-rhamnosyl kaempferol', 'Egonol', '4-Nerolidilcatechol', ""2-(2'-O-transcoumaroyl)-C-β-D-glucopyranosyl-1,3,6,7-tetrahydroxyxanthone"", 'Syringic acid', 'Viburgenin', ""Pterogynoside; Kaempferol-3-O-(3''-O-4'''-methylgallate-α-L-rhamnoside)"", 'Isobutyl gallate', '7′-multijuguinone', ""Myrsinoic acid A, 3-Geranyl-4-hydroxy-5-(3'',3''-dimethylallyl)benzoic acid"", '20α-Hydroxymaytenin; 20-hydroxy-20-epi-tingenone', '(-)-Epigallocatechin-3-O-gallate', 'Casearin D; (1R*,3S*,5S*,6aR*,7R*,8R*,9S*,10S*,10aR*)-1-(Acetyloxy)-3,5,6,6a,7,8,9,10-octahydro-5,10-dihydroxy-7,8-dimethyl-7-[(2Z)-3-methylpenta-2,4-dien-1-yl]naphtho[1,8a-c]furan-3,9-diyl Dibutanoate', 'Rel. (+)-(7S,10S) 3,12-dihydroxycalamenene', 'carlinoside', 'Methyl-8-(ethanoyloxy)-2,2-dimethyl-2H-chromene-6-carboxylate', 'Amentoflavone', '1-(5,7-dihydroxy-2,2-dimethylchroman-6-yl)-3-(1,1,4a-trimethyl-2,3,4,4a,9a-hexahydro-1H-xanthen-7-yl)propan-1-one', 'Methyl (E)-6,7,8-trimethoxycinnamate', '3,4,5-Trimethoxyphenyl-1-O-β-D-(5-O-syringoyl)-apiofuranosyl-(1→6)-β-D-glucopyranoside', '6-[8(Z),11(Z),14-pentadecatrienyl]salicylic acid', ""2-(2'-O-trans-cinnamoyl)-C-β-D-glucopyranosyl-1,3,6,7-tetrahydroxyxanthone"", 'Ocotillone', 'des-N-methylnoracronycine', 'Sorbifolin 6-O-β-glucopyranoside', '2β-Hydroxyzuelanin-6β-cinnamate', 'arjunolic acid', 'stachysterone', 'Ethyl 2,4-dihydroxy-5,6-dimethylbenzoate', 'Amentoflavone 7”,4”’-dimethyl ether', 'Picramnioside F', 'Lauryl gallate', 'Syringaldehyde', '22-hydroxytirucalla-7,24-diene-2,3-dione', 'Trans-3’-methylsulphonylallyl trans-cinnamate', '(3-(2-(4-hydroxyphenyl)-2-oxoethyl)-5,6-dihydropyridin- 2(1H)-one)', 'Mangiferin', '24-methylenecycloartan-3b-ol', 'Ixoside', 'Cognatine', 'Fagaramide', 'Chalepin', 'Chlorogenic acid', '(4R)-4,8-dihydroxy-α-tetralone']]",doi_name
"['10.1002/ptr.1249', 'Proanthocyanidin']","['10.1002/ptr.1249', ['guaiol', 'γ-eudesmol', 'Hinesol', 'α-eudesmol', 'Galioside aglicone', '11-O-trans-feruloylteucrein', 'Teucrein', 'Apodanthoside', 'Galioside', 'Verrucosin', 'Epi-guaiacin', '7-Methyl-sargachromenol; 2,7,8-Trimethyl-2-[(3-E,7-Z)-4,12-dimethyl-8-carboxyl-3,7,11-tridecatrienyl]-3-chromen-6-ol, β-caroteno', 'Nectandrin B', 'Chlorogenic acid methyl ester, Methyl (1S,3R,4R,5R)-3-{[(2E)-3-(3,4-dihydroxyphenyl)-2-propenoyl]oxy}-1,4,5-trihydroxycyclohexanecarboxylate', 'Xanthyletin', '5,7-dimethoxy-2,2-dimethyl-2H-1-benzopyran-6-propanoate', 'bis-5-hydroxyacronycine', 'Citibrasine', '2,3-dihydro-4,9-dihydroxy-2-(2-hydroxy-propan-2-yl)- 11-methoxy-10-methylfuro[3,2-b]acridin-5(10H)-one', ""2'-hydroxy-3,4,4'-trimethoxy-5',6'-(2'',2''-dimethylpyrano)-chalcone"", ""3',4'-methylenedioxy-5,5',6,7-tetramethoxyflavone"", ""3',4'-methylenedioxy-5,6,7- trimethoxyflavone"", ""3',4'-methylenedioxy-5,7-dimethoxyflavone"", '2-n-Pentylquinoline', ""2-(3',4'-methylenedioxyphenylethyl)-Quinoline"", '2-n-Propylquinoline', ""2-(1'-pentenyl)-Quinoline"", 'Mycoleptone A', '9-hydroxyeugenin', 'Mycoleptone A tetraacetate', 'Austdiol diacetate', 'Mycoleptone B', 'Austdiol', 'Eugenitin', '6-methoxyeugenin', 'Secoxyloganin', '7-Methoxydiderroside', 'Diderroside', ""6'-Acetyl-β-D-glucopyranosyldiderroside"", 'Taraxerol acetate', '3,21-Di-epi-feroniellide B', '21α,25-dimethylmelianodiol', '21β,25-dimethylmelianodiol', 'Stearic acid 4-pentoyloxyphenethyl ester', 'astilbin; Rel-(2R, 3R)-dihydroquercetin-3-O-±-L-rhamnoside', ""Methyl 4-hydroxy-3-(3'-methyl-2'-hydroxy-3'-butenyl)benzoate"", ""Aduncumene; Methyl 2-methoxy-5-(3'-methyl-1'-oxo-2'-butenyl)benzoate"", ""4-Hydroxy-(3',7'-dimethyl-1'-oxo-octa-2'-Z-6'-dienyl)benzoic acid"", ""2',6'-Dihydroxy-4'-methoxydihydrochalcone"", ""Hostmaniene; 4-Hydroxy-3-(2',3'-dihydroxy-3'-methylbutyl)benzoate"", ""4-Hydroxy-3-(3',7'-dimethylocta-2'-E-6'-dienyl)benzoic acid"", ""Methyl taboganate; Methyl 4-hydroxy-3-(3'-methyl-1'-oxo-2'-butenyl)benzoate"", 'Methyl 2,2-dimethyl-1-oxo-2H-1-benzopyran-6-carboxylate', '3,4,5-Trimethoxydihydrocinnamic acid', 'Piperaduncine B', ""Methyl 4-hydroxy-3-(3'-methyl-2'-butenyl)benzoate"", '(+)-α-Hydroxyerysotrine', '(+)-11α-Hydroxyerythravine', '(+)-Erythravine', '2-Episesalatin', ""Isoswertisin-4'-methyl-ether-2''α-L-rhamnoside"", 'Clusifoliol', ""Isoswertisin-2''α1-L-rhamnoside"", 'Sesartemin', '(-)-3-O-acetyl-spectaline', 'cyclo (L)-Pro-Gly', 'Methacrylic acid', ""3,4-dimethyl-2-(4'-hydroxy-3',5'-dimethoxyphenyl)-5-methoxy-tetrahydrofuran"", ""3-(3',7 '-dimethyl-2',6 '-octadienyl)-4-methoxy-benzoic acid"", 'Methyl-8-hydroxy-2,2-dimethyl-2H-chromene-6-carboxylate', ""4-Methoxy-3-(3',7'-dimethylocta-2'-E-6'-dienyl)benzoic acid"", 'Catechin, Ent-catechin', 'Kaempferol-3-O-α-L-rhamnopyranosyl-(1-6)-α-L-rhamnopyranosyl-(1-4)-β-D-glucopyranoside', '6-Hydroxy-rutin', 'Procyanidin B-3', 'Kaempferol-3-O-α-L-rhamnopyranosyl-(1→6)-β-D-galactopyranoside', 'Kaempferol-3-O-rutinoside', 'Kaempferol-3-O-D-glucopyranoside', 'Quercetin-3-O-α-L-rhamnopyranosyl-(1→6)-β-D-galactopyranoside', 'Kaempferol-3-O-D-galactopyranoside', 'Beauvericin', 'Anhydrofusarubin', 'Piscidinol A', 'Pentaol', 'Oleanonic acid', '3,11-dioxoolean-12-en-28- onic acid', 'Iso-odoratol', 'cryptomeridiol', 'Hispidol A', 'Nilocetin', ""4-Hydroxy-3-(3',7'-dimethyl-3'-hydroxy-1'-oxo-6'-octenyl)benzoic acid"", ""4-Hydroxy-(3',7'-dimethyl-1'-oxo-octa-2'-E-6'-dienyl)benzoic acid"", ""Sakuranetin; 5,4'-dihydroxy-7-methoxyflavanone"", ""Isosakuranetin; 5,7-dihydroxy-4'-methoxyflavanone"", ""1,4-Dihydroxy-2-(3',7'-dimethyl-1'-oxo-2'-E-6'-octadienyl)benzene"", 'Isopimpinellin', ""Juruenolic acid; 2-(4'-Methylpentenyl-3)-10-oxoundecan-2,6-dienoic acid"", 'Fasciculiferin', '(+)-Guaiacin', 'Tithonine', '19´-(3,4-Methylenedioxyphenyl)-nonadecanoic acid', 'Sargachromenol', 'Farnisine', ""7,4'-Dihydroxyflavone"", '21´-(3,4-Methylenedioxyphenyl)-henicosanoic acid', ""7,4'-Dimethoxyflavone"", 'Sargaquinoic acid', '17-(3,4-Methylenedioxyphenyl)-heptadecanoic acid', ""Rel-(7R,8S,7'S,8'S)-4,5,4',5'-dimethylenedioxy-3,3'-dimethoxy-7,7'-epoxylignan"", ""Rel-(7R,8S,7'S,8'S)-4'-hydroxy-3,4,5,3',5'-pentamethoxy-7,7'-epoxylignan"", ""Rel-(7R,8S,7'S,8'S)-4-hydroxy-4',5'-methylenedioxy-3,5,3'-trimethoxy-7,7'-epoxylignan"", ""Rel-(7R,8S,7'S,8'S)-4',5'-methylenedioxy-3,4,5,3'-tetramethoxy-7,7'-epoxylignan"", ""Rel-(7R,8S,7'S,8'S)-9-hydroxy-4',5'-methylenedioxy-3,4,5,3'-tetramethoxy-7,7'-epoxylignan"", '2α,3α,19α- trihydroxyurs-12-en-28-oic acid', '3,3-O-dimethylquercetin', 'penduletin 4-O-methyl ether', 'acacetin', 'Chrysoeriol', '3-O-methylquercetin', '3,7,4-O-trimethylkaempferol', '2α,3α-dihydroxyolean-12- en-28-oic acid', 'p-hydroxybenzoic acid', '1-methoxy-3-hydroxy-3,10b-4,5a-diepoxy-8b-isobutyroyloxygermacr-11(13)-en-6a,12-olide', 'Tagitinin C', 'Nitensidine E', 'Nitensidine D', ""3,5,6,7,3',4',5'-heptamethoxyflavonol"", ""3',4',5',3,5,7,8-heptamethoxyflavone"", 'Strictosidine acid', 'Cordifoline', 'Harman-3-carboxylic acid', '3,4-dehydro-strictosidine', '3,4-dehydrostrictosidine acid', 'Turbinatine', '5α-carboxystrictosidine', 'Deoxycordifoline', '4-metoxi-6-[2-(metilamino)fenil]- 2H-piran-2-ona', 'Pyranofoline', 'Glycocitrine-I', 'Citrusinine-I', 'Citrusinine-II', '1,3,5-trihydroxy- 2,8-bis(3-methylbut-2-enyl)-10-methyl-9-acridone', 'Glycocitrine-IV', '3,4-dihydro-3,5,8-trihydroxy-6-methoxy-2,2,7-trimethyl-2Hpyrano[ 2,3-a]acridin-12(7H)-one', '1,3,5-trihydroxy-4-methoxy-10-methyl- 2,8-bis(3-methylbut-2-enyl)acridin-9(10H)-one', '5-hydroxynoracronycine; Atalaphyllidine', 'β-Gardiol', 'Ferulic acid', 'α-Gardiol', 'Aphidicolin', 'β-caryophyllene, trans-caryophyllene', '5,7-dimethoxy-2,2-dimethyl-2H-1-benzopyran-6-propanoic acid', 'Methyl (3R,4R,5R)-3-{[(2Z)-3-(3,4-dihydroxyphenyl)-2-propenoyl]oxy}-1,4,5-trihydroxycyclohexanecarboxylate', 'Methyl (3R,4R,5R)-3-{[(2E)-3-(3,4-dihydroxyphenyl)-2-propenoyl]oxy}-1,4,5-trihydroxycyclohexanecarboxylate', 'Pimara-7,15-dien-3β-ol', '8-hydroxy-6-methoxy-3-methylisocoumarin', 'Dimethyl terephthalate', '(22E,24R)-ergosta-4,6,8(14),22-tetraen-3-one', 'Ergosterol peroxide', '8,9-dihydropiplartine; N-(12,13,14-trimethoxydihydrocinnamoyl)-Δ3-pyridin-2-one', 'Piperine', '4,5-dihydropiperlonguminine; Piperlonguminine', '(Z)-piplartine; 8(Z)-N-(12,13, 14-trimethoxycinnamoyl)- 3-pyridin-2-one', ""N-[3-(6'-methoxy-3',4'-methy-lenedioxyphenyl)-2(Z)-propenoyl]pyrrolidine"", '10,11-dihydropiperine; Δα,β-dihydropiperine', '4,5-dihydropiperyline', '(E)-piplartine', '(3Z,5Z)-N-isobutyl-8-(30,40-methylenedioxy-phenyl)-heptadienamide', 'Pellitorine', 'Cusculine; 1,2,3,5,6-pentamethoxy-9-acridone', 'Cuspanine; 1-hydroxy-2,3,5,6-tetramethoxy-9-acridone', '2α,3α-Dihydroxy-urs-12-en-28-oic acid', 'Oleanolic acid 3-sophoroside', '3-O-β-D-(6’-methyl)-glucopyranosyl-28-O-β-D-glucopyranosyl-oleanate', 'Haplotusine', '5-hydroxyflavone', 'β-Sitosterol benzoate', '2-phenyl-4H-chromen-4-one', 'Sinapyl 4-O-β-D-glucopyranoside aldehyde', 'Sinapyl 4-O-β-D-glucopyranoside alcohol', 'N-acetylnonaine', 'Liriodenine', 'Nitensidine A', ""2,4-Dihydroxy-6-[(1'E,3'E)-penta-1', 3'-dienyl]-benzaldehyde"", ""8-hydroxy-3,5,7,3',4',5'-hexamethoxyflavonol"", '2-methyl-5-[8(Z)-pentadecenyl]resorcinol', '2-hydroxyphenylacetic acid', '3-O-β-D-quinovopyranosyl quinovic acid', 'Odoratol', 'Leptomerine', 'Kaempferol', ""5-[3''-(β-D-glucopyranosyloxy)propyl]-7-methoxy-2-(3',4'-methylenedioxyphenyl)benzofuran"", '28-O-β-D-glucopyranosyl quinovic acid', '2-Methyl-4-hydroxy-butyl caffeoate', 'N-1,N-2,N-3-Triisopentenylguanidine', 'Dibenzyl trisulphide', 'Maytenin, Tingenone', 'urauchimycin B', '5-hydroxy-N-methylseverifoline', '19,20-Epoxycytochalasin N', 'ellagic acid 4-O-α-L-rhamnopyranoside; eschweilenol C', 'Viburgenin', 'Mayoside C', 'Ourateacatechin', ""3',4',5',5,7-pentamethoxyflavone"", '2-methyl-5-pentadecylresorcinol', '3β-hydroxy-stigmast-5-en-7-one; 24-β-7-oxositosterol', 'scillascillin', '(4R)-4,8-dihydroxy-α-tetralone', '[10]-gingerol', '(-)-Hardwickiic acid', 'Acetonide of odoratol', '(−)-Grandisin', '24-methylenecycloartan-3b-ol', '7-hydroxy-3- (11-dimethylallyl)-8-methoxycoumarin', ""N-[7-(3',4'-methylenedioxyphenyl)-2(Z),4(Z)-heptadienoyl]pyrrolidine"", 'Ocotillone', 'des-N-methylnoracronycine', 'Sorbifolin 6-O-β-glucopyranoside', 'Rel-2α-hydroxyzuelanin-6β-benzoate', '2,6-di-O-acetylcasearupestrin D', ""Methyl-2,2-dimethyl-8-(3'-methylbut-2'-enyl)chroman-6-carboxylate"", '2,7-Di-O-acetylcasearupestrin A', 'Nitensidine B', '1-methyl-2-n-nonyl-4-quinolone', '5-[8(Z),11(Z),14-pentadecatrienyl]resorcinol', 'Gallic acid; 3,4,5-trihydroxybenzoic acid', 'Quercitrin, 3-O-α-rhamnosylquercetin', 'Maculosidine', 'Podocarpusflavone A', '(-)-Epigallocatechin', 'Netzahualcoyonol', '1-[3-(3,7-dimethylocta-2,6-dien-1-yl)-2,4,6- trihydroxyphenyl]-3-(4-hydroxyphenyl)propan-1-one', '6α-malonyloxymanoyl oxide', 'Casearupestrin C', '6α-malonyloxy-n-butyl ester manoyl oxide', 'citrusinine-I', 'Ricinine', 'Leptophyllin A', '5-pentadecylresorcinol', 'Pristimerin; 20α-3-hydroxy-2-oxo-24-nor-friedela-1-10,3,5,7-tetraen-carboxylic acid-29-methylester', '3,4,5-trimethoxyphenyl 1-O-β-D-apiofuranosyl-(1→6)-O-β-D-glucopyranoside', 'β-photogedunin', 'n-Butyl gallate', ""5-[3''-(β-D-glucopyranosyloxy)propyl]-7-methoxy-2-(3',4'-dimethoxyphenyl)benzofuran"", '3,12-Dihydroxycadalene', '(-) Cis-4-hydroxy-6-deoxyscytalone', 'Plumericin', '5-[8(Z),11(Z)-pentadecadienyl]resorcinol', '(-)-Spectalinine', 'Netzahualcoyondiol', ""Acteoside; [β-3,4-dihydroxyphenyl)-ethyl]-(3'-O-α-L-rhamnopyranosyl)-(4'-O-cafeoyl)-β-D-glycopyranoside, verbascoside"", 'fumiquinozoline F', 'Kaempferol 3-O-α-L-rhamnopyranosyl (1→6)-O-[β -D-glucopyranosyl (1→3)-O-α-L-rhamnopyranosyl-(1→2)]-O-β -D-glucopyranosyl', '3β-O-[α-L-rhamnopyranosyl-(1→2)-O-β-D-glucopyranosyl-(1→2)-O-β-D-glucopyranosyl]-28-O-β-D-glucopyranoside pomolate', 'Dibenzyl tetrasulphide', ""2',5-dihydroxy-3-methoxy-8-dimethylallyl-6, 7-(2' ',2''-dimethylpyrano)-dihydroflavonol"", '2-n-nonyl-4-quinolone', 'Cytochalasin D', 'Isoorientin', 'urauchimycin A', 'p-Coumaric acid', 'Skimmianine', 'p-hydroxybenzoic acid-geranyl ester', 'Dibenzyl disulphide', 'Proanthocyanidin', 'neoisoastilbin', '(R)-7-Hydroxymellein', '6α-acetoxymanoyl oxide', ""2-(2'-O-trans-cinnamoyl)-C-β-D-glucopyranosyl-1,3,6,7-tetrahydroxyxanthone"", 'Kokusaginine', ""2-(2'-O-trans-caffeoyl)-C-β-D-glucopyranosyl-1,3,6,7-tetrahydroxyxanthone"", 'Homoegonol', '[8]-gingerol', '4-Hydroxymellein', '5-hydroxymellein', 'fraxinellonone', 'Dibenzyl sulphide', '3-Acetyl aleuritolic acid', 'Alkenoic acid', 'Quercetin 3-O-α-L-rhamnopyranosyl (1→6)-O-[β -D-glucopyranosyl (1→3)-O-α-L-rhamnopyranosyl-(1→2)]-O-β -D-glucopyranosyl', 'Heveaflavone', 'Arboreumine', '3-Oxoursolic acid', 'Casearupestrin B', 'toonacilin', 'Uracil', '19,20-Epoxycytochalasin C', 'n-Pentyl gallate', 'Orcinol', 'Benzylhydroxymethyl sulphide', '1,6-di-O-caffeoyl-β-D-glucopyranoside', '2-methyl-5-[8(Z),11(Z),14-pentadecatrienyl]resorcinol', '19,20-Epoxycytochalasin D', '6-[ 8(Z),11(Z) -pentadecadienyl] salicylic acid', 'Periconicin B', 'Phomopsilactone', ""(2S)-8-Isopentyl-2-methyl-2-(4'-methylpentyl)chroman-6-carboxylic acid"", '2,2-dimethyl-2H-chromene-6-carboxylic acid', '1,2-dihydro- 3β-hydroxy-7-deacetoxy-7-oxogedunin', 'Photogedunin', 'Casearin X; (1R*,3S*,5S*,6aR*,7S*,8S*,10R*,10aR*)-1-(Acetyloxy)-3,5,6,6a,7,8,9,10-octahydro-10-hydroxy-7,8-dimethyl-7-[(2Z)-3-methylpenta-2,4-dien-1-yl]naphtho[1,8a-c]furan-3,5-diyl Dibutanoate', '20-hydroxyecdysone; polypodine A', ""2-(R)-Methyl-6-(S)-(tetradecyl-13'-one)-3(R)-O-tert-butyldimethylsilyl-piperidine"", '(2S)-Methyl-2-methyl-8-(3""-methylbut-2""-enyl)-2-(4\'-methylpent-3\'-enyl)-2H-chromene-6-carboxylate', 'Casearin T', 'Piperyline, N-[10-(13,14-methylenedioxyphenyl)-7(E),9(E)-pentadienoyl]-pyrrolidine', 'ω-fenil alcanoic acid', 'Methyl-8-hydroxy-2,2-dimethylchroman-6-carboxylate', '6α-acetoxy-14β,15β-epoxyazadirone', 'α-L-xylopyranosyl-(4""→20)-(3-O-β-D-glucopyranosyl)-1\'-O-E-caffeoyl-β-D-glucopyranoside', '6-[8(Z)-pentadecenyl]salicylic acid', '2-butyl-D-fructofuranoside', ""Gaudichaudianic acid; (2S)-2-methyl-2-(4'methyl-3'-pentenyl)-8-(3''-methyl-2-butenyl)- 2H-1-benzopyran-6-carboxylic acid"", 'limonexic acid', 'Pedalitin', '1-O-(E)-feruloyl-β-D-glucopyranoside', 'epoxy-fraxinellone', '12′-hydroxy-7′-multijuguinone', 'Kaempferitrin', 'Nitensidine C', 'Dipropyl disulphide', '2-methyl-5-[8(Z),11(Z)-pentadecadienyl]resorcinol', 'Methyl 6,7,8-trimethoxydihydrocinnamate', '2-Hexyl-3-methyl-butanodioic acid', 'fraxinellone', ""5-(3'' -Hydroxypropyl)-7-methoxy-2-(3',4' -methyl-enedioxyphenyl)benzofuran"", '22β-hydroxypristimerin', '1- (5,7-dihydroxy-2,2-dimethylchroman-6-yl)-3-(2,2-dimethylchroman- 6-yl)propan-1-one', 'Canavaline', 'Di-hydrodehydrodiconiferyl alcohol', 'Quercetin', 'Casearupestrin A', '3,11,12-Trihydroxycadalene', 'Quercetin 3-O-sophoroside', '(3R,4R)-3,4-Dihydro-4,6-dihydroxy-3-methyl-1-oxo-1H-isochromene-5-carboxylic acid', '24-methylene-3,22-dihydroxycholesterol', 'amorphispironone', 'Casearupestrin D', 'Chaetoglobosin B', ""2-(2'-O-benzoyl)-C-β-D-glucopyranosyl-1,3,6,7-tetrahydroxyxanthone"", 'Isoplumericin', '19,20-Epoxycytochalasin Q', '19,20-Epoxycytochalasin R', 'Muraxanthone', 'Di(benzyltrithio) methane', 'Odoratone', 'Rel-6β-hydroxyzuelanin-2β-benzoate', 'shidasterone', '5-hydroxymethyl- 2-furancarboxaldehyde; 5-hydroxymethyl-2-furfuraldehyde', '6β-hydroxy-7-epigardoside methyl ester', 'Tetrahydropiperyline, N-[10-(13,14-methylenedioxyphenyl)-pentanoyl]-pyrrolidine', 'Piperovatine', '2,4,6-trimethoxybenzoic acid', '1-O-(E)-caffeoyl-β-D-glucopyranoside', 'Piperol B', 'Caseobliquin A', 'Methyl angolensate', 'N-[10- (13,14-methylenedioxyphenyl)-7(E)-pentaenoyl]-pyrrolidine', '2-Methyl-5-methoxy-benzopyran-4-one', '3,4-dihydroxybenzoic acid geranyl ester', 'N-[10-(13,14-methylenedioxyphenyl)-7(E),9(Z)-pentadienoyl]-pyrrolidine', '2-oxo-piperol B; (7S*, 8R*, 1R*, 3R*)-3,4,5-trimethoxy-3,7-cyclo-8,1-neolig-8-ene-2,4(3H)-dione', 'taxifolin', ""(2'S)-2-(propan-2'-ol)-5-hydroxy-benzopyran-4-one"", 'Rel-(+)-(7S,9R,10S)-3,9,12-trihydroxycalamenene', 'Casearin S', '11β-acetoxyobacunone', '1-(5,7-dihydroxy-2,2-dimethylchroman- 6-yl)-3-[4-hydroxy-3-(3-methylbut-2-en-1-yl)- phenyl]propan-1-one', '(2S)-2-methyl-8-(3""-methylbut-2""-enyl)-2-(4\'-methylpent-3\'-enyl)-2H-chromene-6-carboxylic acid', 'Burchellin', '5-[8(Z)-pentadecenyl]resorcinol', 'Luteolin; 2-(3,4-dihydroxyphenyl)-5,7-dihydroxy-4H-chromen-4-one', 'Sinapic acid', ""Nitensoside B; Pedalitin 6-O-α-rhamnopyranosyl(1'''→6'')-β-glucopyranoside"", 'Amentoflavone', '1-(5,7-dihydroxy-2,2-dimethylchroman-6-yl)-3-(1,1,4a-trimethyl-2,3,4,4a,9a-hexahydro-1H-xanthen-7-yl)propan-1-one', 'Gedunin', 'Pedalin, pedalitin 6-O-β -glucopyranoside', 'Caseargrewiin F; (1R*,3S*,5S*,6aR*,7S*,8R*,10R*,10aR*)-1,3-Bis(acetyloxy)-3,5,6,6a,7,8,9,10-octahydro-10-hydroxy-7,8-dimethyl-7-[(2Z)-3-methylpenta-2,4-dien-1-yl]naphtho[1,8a-c]furan-5-yl Butanoate', 'Casearin L; (1R*,3S*,5S*,6aR*,7R*,8R*,9S*,10S*,10aR*)-1,10-Bis(acetyloxy)-3,5,6,6a,7,8,9,10-octahydro-9-hydroxy-5-methoxy-7,8-dimethyl-7-[(2Z)-3-methylpenta-2,4-dien-1-yl]naphtho[1,8a-c]-furan-3-yl Butanoate', 'Platydesmine', 'Leiokinine A', 'Cabraleadiol', 'schaftoside', ""(2S)-Methyl-8-isopentyl-2-methyl-2-(4'-methylpentyl)chroman-6-carboxylate"", '3,4,5-Triacetoxybenzoic acid', 'Methyl gallate', '3-O-β-D-quinovopyranosyl cincholic acid', 'atalaphyllinine', 'Lauryl gallate', 'Syringaldehyde', 'Afzelin, 3-O-α-rhamnosyl kaempferol', 'Egonol', '4-Nerolidilcatechol', ""2-(2'-O-transcoumaroyl)-C-β-D-glucopyranosyl-1,3,6,7-tetrahydroxyxanthone"", 'Syringic acid', '(+)-3-O-feruloylcassine', 'Methyl (E)-6,7,8-trimethoxycinnamate', '3,4,5-Trimethoxyphenyl-1-O-β-D-(5-O-syringoyl)-apiofuranosyl-(1→6)-β-D-glucopyranoside', '6-[8(Z),11(Z),14-pentadecatrienyl]salicylic acid', 'Sorbifolin', ""Nitensoside A; Sorbifolin 6-O-α-rhamnopyranosyl(1'''→6'')-β-glucopyranoside"", 'Casearin O; (1R*,3S*,5S*,6aR*,7R*,8R*,9S*,10S*,10aR*)-1,10-Bis(acetyloxy)-5-methoxy-7,8-dimethyl-7-[(2Z)-3-methylpenta-2,4-dien-1-yl]-3,5,6,6a,7,8,9,10-octahydronaphtho[1,8a-c]furan-3,9-diyl Dibutanoate', 'germacrene D', '(3R,4R)-4,7-Dihydroxymellein', ""7-Hydroxy-4',6-dimethoxyisoflavone; Afrormosin; Afromosin"", '8-methoxymellein', '(±)-Syringaresinol', 'Cyclo-(L-Pro-L-Val)', 'Methyl-2,2-dimethylchroman-6-carboxylate', ""Myrsinoic acid A, 3-Geranyl-4-hydroxy-5-(3'',3''-dimethylallyl)benzoic acid"", '20α-Hydroxymaytenin; 20-hydroxy-20-epi-tingenone', '(-)-Epigallocatechin-3-O-gallate', 'Casearin D; (1R*,3S*,5S*,6aR*,7R*,8R*,9S*,10S*,10aR*)-1-(Acetyloxy)-3,5,6,6a,7,8,9,10-octahydro-5,10-dihydroxy-7,8-dimethyl-7-[(2Z)-3-methylpenta-2,4-dien-1-yl]naphtho[1,8a-c]furan-3,9-diyl Dibutanoate', 'Rel. (+)-(7S,10S) 3,12-dihydroxycalamenene', 'carlinoside', 'Methyl-8-(ethanoyloxy)-2,2-dimethyl-2H-chromene-6-carboxylate', 'stachysterone', 'Ethyl 2,4-dihydroxy-5,6-dimethylbenzoate', 'Amentoflavone 7”,4”’-dimethyl ether', 'Picramnioside F', 'Netzahualcoyene', 'Casearin X Dialdehyde; (2R*,4aS*,5S*,7R*,8R*,8aS*)-4,4a-Diformyl-1,2,4a,5,6,7,8,8a-octahydro-5-hydroxy-7,8-dimethyl-8-[(2Z)-3-methylpenta-2,4-dien-1-yl]naphthalen-2-yl Butanoate', 'polypodine B', 'n-Propyl gallate', ""3',4',5',5,7,8-hexamethoxyflavone"", 'Isopropyl gallate', '22-hydroxytirucalla-7,24-diene-2,3-dione', 'Trans-3’-methylsulphonylallyl trans-cinnamate', '(3-(2-(4-hydroxyphenyl)-2-oxoethyl)-5,6-dihydropyridin- 2(1H)-one)', 'Mangiferin', 'Salacin', '6-pentadecylsalicylic acid', ""Pterogynoside; Kaempferol-3-O-(3''-O-4'''-methylgallate-α-L-rhamnoside)"", 'Isobutyl gallate', '7′-multijuguinone', 'Griseofulvin', 'Ixoside', '2β-Hydroxyzuelanin-6β-cinnamate', 'arjunolic acid', 'Cognatine', 'Fagaramide', 'Chalepin', 'Chlorogenic acid']]",doi_name
"['10.1021/np500453x', '1-[3-(3,7-dimethylocta-2,6-dien-1-yl)-2,4,6- trihydroxyphenyl]-3-(4-hydroxyphenyl)propan-1-one']","['10.1021/np500453x', ['guaiol', 'Hinesol', 'γ-eudesmol', 'α-eudesmol', 'Galioside aglicone', '11-O-trans-feruloylteucrein', 'Teucrein', 'Apodanthoside', 'Galioside', '5,7-dimethoxy-2,2-dimethyl-2H-1-benzopyran-6-propanoate', '9-hydroxyeugenin', 'Mycoleptone A', 'Eugenitin', 'Austdiol', '6-methoxyeugenin', 'Austdiol diacetate', 'Mycoleptone A tetraacetate', 'Mycoleptone B', '2,3-dihydro-4,9-dihydroxy-2-(2-hydroxy-propan-2-yl)- 11-methoxy-10-methylfuro[3,2-b]acridin-5(10H)-one', 'Citibrasine', 'bis-5-hydroxyacronycine', 'Chlorogenic acid methyl ester, Methyl (1S,3R,4R,5R)-3-{[(2E)-3-(3,4-dihydroxyphenyl)-2-propenoyl]oxy}-1,4,5-trihydroxycyclohexanecarboxylate', '(-)-3-O-acetyl-spectaline', '7-Methoxydiderroside', 'Secoxyloganin', 'Diderroside', ""6'-Acetyl-β-D-glucopyranosyldiderroside"", '21β,25-dimethylmelianodiol', '21α,25-dimethylmelianodiol', '3,21-Di-epi-feroniellide B', '2α,3α,19α- trihydroxyurs-12-en-28-oic acid', 'penduletin 4-O-methyl ether', '3,3-O-dimethylquercetin', 'p-hydroxybenzoic acid', 'Chrysoeriol', 'acacetin', '2α,3α-dihydroxyolean-12- en-28-oic acid', '3,7,4-O-trimethylkaempferol', '3-O-methylquercetin', ""4-Methoxy-3-(3',7'-dimethylocta-2'-E-6'-dienyl)benzoic acid"", 'Methyl-8-hydroxy-2,2-dimethyl-2H-chromene-6-carboxylate', ""3-(3',7 '-dimethyl-2',6 '-octadienyl)-4-methoxy-benzoic acid"", 'Anhydrofusarubin', 'Beauvericin', '17-(3,4-Methylenedioxyphenyl)-heptadecanoic acid', 'Sargachromenol', ""7,4'-Dihydroxyflavone"", '19´-(3,4-Methylenedioxyphenyl)-nonadecanoic acid', '(+)-Guaiacin', 'Sargaquinoic acid', '21´-(3,4-Methylenedioxyphenyl)-henicosanoic acid', 'Farnisine', ""7,4'-Dimethoxyflavone"", 'Fasciculiferin', 'Tithonine', ""Juruenolic acid; 2-(4'-Methylpentenyl-3)-10-oxoundecan-2,6-dienoic acid"", '3,4,5-Trimethoxydihydrocinnamic acid', ""Methyl 4-hydroxy-3-(3'-methyl-2'-butenyl)benzoate"", 'Methyl 2,2-dimethyl-1-oxo-2H-1-benzopyran-6-carboxylate', ""Methyl taboganate; Methyl 4-hydroxy-3-(3'-methyl-1'-oxo-2'-butenyl)benzoate"", ""2',6'-Dihydroxy-4'-methoxydihydrochalcone"", 'Piperaduncine B', ""4-Hydroxy-3-(3',7'-dimethylocta-2'-E-6'-dienyl)benzoic acid"", ""Hostmaniene; 4-Hydroxy-3-(2',3'-dihydroxy-3'-methylbutyl)benzoate"", ""Aduncumene; Methyl 2-methoxy-5-(3'-methyl-1'-oxo-2'-butenyl)benzoate"", ""4-Hydroxy-(3',7'-dimethyl-1'-oxo-octa-2'-Z-6'-dienyl)benzoic acid"", ""Methyl 4-hydroxy-3-(3'-methyl-2'-hydroxy-3'-butenyl)benzoate"", 'cyclo (L)-Pro-Gly', 'Taraxerol acetate', 'Xanthyletin', '2-n-Propylquinoline', ""2-(3',4'-methylenedioxyphenylethyl)-Quinoline"", ""2-(1'-pentenyl)-Quinoline"", '2-n-Pentylquinoline', 'astilbin; Rel-(2R, 3R)-dihydroquercetin-3-O-±-L-rhamnoside', 'Aphidicolin', 'Verrucosin', '7-Methyl-sargachromenol; 2,7,8-Trimethyl-2-[(3-E,7-Z)-4,12-dimethyl-8-carboxyl-3,7,11-tridecatrienyl]-3-chromen-6-ol, β-caroteno', 'Epi-guaiacin', 'Nectandrin B', ""2'-hydroxy-3,4,4'-trimethoxy-5',6'-(2'',2''-dimethylpyrano)-chalcone"", ""3',4'-methylenedioxy-5,5',6,7-tetramethoxyflavone"", ""3',4'-methylenedioxy-5,6,7- trimethoxyflavone"", ""3',4'-methylenedioxy-5,7-dimethoxyflavone"", 'Citrusinine-II', '1,3,5-trihydroxy-4-methoxy-10-methyl- 2,8-bis(3-methylbut-2-enyl)acridin-9(10H)-one', 'Glycocitrine-I', '5-hydroxynoracronycine; Atalaphyllidine', 'Citrusinine-I', '1,3,5-trihydroxy- 2,8-bis(3-methylbut-2-enyl)-10-methyl-9-acridone', 'Pyranofoline', 'Glycocitrine-IV', '3,4-dihydro-3,5,8-trihydroxy-6-methoxy-2,2,7-trimethyl-2Hpyrano[ 2,3-a]acridin-12(7H)-one', '(+)-Erythravine', '(+)-11α-Hydroxyerythravine', '(+)-α-Hydroxyerysotrine', 'Methyl (3R,4R,5R)-3-{[(2E)-3-(3,4-dihydroxyphenyl)-2-propenoyl]oxy}-1,4,5-trihydroxycyclohexanecarboxylate', 'Methyl (3R,4R,5R)-3-{[(2Z)-3-(3,4-dihydroxyphenyl)-2-propenoyl]oxy}-1,4,5-trihydroxycyclohexanecarboxylate', ""3,4-dimethyl-2-(4'-hydroxy-3',5'-dimethoxyphenyl)-5-methoxy-tetrahydrofuran"", 'Nilocetin', 'Hispidol A', 'Piscidinol A', 'Iso-odoratol', 'Oleanonic acid', 'cryptomeridiol', '3,11-dioxoolean-12-en-28- onic acid', 'Pentaol', 'Stearic acid 4-pentoyloxyphenethyl ester', ""Rel-(7R,8S,7'S,8'S)-4',5'-methylenedioxy-3,4,5,3'-tetramethoxy-7,7'-epoxylignan"", ""Rel-(7R,8S,7'S,8'S)-9-hydroxy-4',5'-methylenedioxy-3,4,5,3'-tetramethoxy-7,7'-epoxylignan"", ""Rel-(7R,8S,7'S,8'S)-4,5,4',5'-dimethylenedioxy-3,3'-dimethoxy-7,7'-epoxylignan"", ""Rel-(7R,8S,7'S,8'S)-4-hydroxy-4',5'-methylenedioxy-3,5,3'-trimethoxy-7,7'-epoxylignan"", ""Rel-(7R,8S,7'S,8'S)-4'-hydroxy-3,4,5,3',5'-pentamethoxy-7,7'-epoxylignan"", '5,7-dimethoxy-2,2-dimethyl-2H-1-benzopyran-6-propanoic acid', ""Isoswertisin-2''α1-L-rhamnoside"", '2-Episesalatin', 'Sesartemin', 'Clusifoliol', ""Isoswertisin-4'-methyl-ether-2''α-L-rhamnoside"", ""4-Hydroxy-3-(3',7'-dimethyl-3'-hydroxy-1'-oxo-6'-octenyl)benzoic acid"", ""1,4-Dihydroxy-2-(3',7'-dimethyl-1'-oxo-2'-E-6'-octadienyl)benzene"", ""Isosakuranetin; 5,7-dihydroxy-4'-methoxyflavanone"", ""Sakuranetin; 5,4'-dihydroxy-7-methoxyflavanone"", ""4-Hydroxy-(3',7'-dimethyl-1'-oxo-octa-2'-E-6'-dienyl)benzoic acid"", 'Isopimpinellin', '4-metoxi-6-[2-(metilamino)fenil]- 2H-piran-2-ona', 'Nitensidine E', 'Nitensidine D', 'α-Gardiol', 'β-Gardiol', 'Ferulic acid', '3,4-dehydrostrictosidine acid', '3,4-dehydro-strictosidine', 'Strictosidine acid', 'Turbinatine', 'Cordifoline', 'Harman-3-carboxylic acid', 'Deoxycordifoline', '5α-carboxystrictosidine', 'Tagitinin C', '1-methoxy-3-hydroxy-3,10b-4,5a-diepoxy-8b-isobutyroyloxygermacr-11(13)-en-6a,12-olide', 'Pimara-7,15-dien-3β-ol', 'Dimethyl terephthalate', 'Ergosterol peroxide', '(22E,24R)-ergosta-4,6,8(14),22-tetraen-3-one', '8-hydroxy-6-methoxy-3-methylisocoumarin', ""3,5,6,7,3',4',5'-heptamethoxyflavonol"", ""3',4',5',3,5,7,8-heptamethoxyflavone"", 'Kaempferol-3-O-α-L-rhamnopyranosyl-(1→6)-β-D-galactopyranoside', 'Quercetin-3-O-α-L-rhamnopyranosyl-(1→6)-β-D-galactopyranoside', 'Kaempferol-3-O-rutinoside', 'Catechin, Ent-catechin', '6-Hydroxy-rutin', 'Procyanidin B-3', 'Kaempferol-3-O-D-galactopyranoside', 'Kaempferol-3-O-α-L-rhamnopyranosyl-(1-6)-α-L-rhamnopyranosyl-(1-4)-β-D-glucopyranoside', 'Kaempferol-3-O-D-glucopyranoside', '4,5-dihydropiperlonguminine; Piperlonguminine', '8,9-dihydropiplartine; N-(12,13,14-trimethoxydihydrocinnamoyl)-Δ3-pyridin-2-one', 'Piperine', ""N-[3-(6'-methoxy-3',4'-methy-lenedioxyphenyl)-2(Z)-propenoyl]pyrrolidine"", '10,11-dihydropiperine; Δα,β-dihydropiperine', '4,5-dihydropiperyline', '(Z)-piplartine; 8(Z)-N-(12,13, 14-trimethoxycinnamoyl)- 3-pyridin-2-one', '(E)-piplartine', '(3Z,5Z)-N-isobutyl-8-(30,40-methylenedioxy-phenyl)-heptadienamide', 'Pellitorine', 'β-caryophyllene, trans-caryophyllene', 'Methacrylic acid', 'Cusculine; 1,2,3,5,6-pentamethoxy-9-acridone', 'Cuspanine; 1-hydroxy-2,3,5,6-tetramethoxy-9-acridone', '2α,3α-Dihydroxy-urs-12-en-28-oic acid', 'Oleanolic acid 3-sophoroside', '3-O-β-D-(6’-methyl)-glucopyranosyl-28-O-β-D-glucopyranosyl-oleanate', '5-hydroxyflavone', 'β-Sitosterol benzoate', 'Haplotusine', '2-phenyl-4H-chromen-4-one', 'Sinapyl 4-O-β-D-glucopyranoside aldehyde', 'Sinapyl 4-O-β-D-glucopyranoside alcohol', 'Liriodenine', 'N-acetylnonaine', '[10]-gingerol', ""2,4-Dihydroxy-6-[(1'E,3'E)-penta-1', 3'-dienyl]-benzaldehyde"", 'Nitensidine A', '2-methyl-5-[8(Z)-pentadecenyl]resorcinol', '2-hydroxyphenylacetic acid', '3-O-β-D-quinovopyranosyl quinovic acid', ""8-hydroxy-3,5,7,3',4',5'-hexamethoxyflavonol"", 'Kaempferol', '(4R)-4,8-dihydroxy-α-tetralone', 'Netzahualcoyene', 'Casearin X Dialdehyde; (2R*,4aS*,5S*,7R*,8R*,8aS*)-4,4a-Diformyl-1,2,4a,5,6,7,8,8a-octahydro-5-hydroxy-7,8-dimethyl-8-[(2Z)-3-methylpenta-2,4-dien-1-yl]naphthalen-2-yl Butanoate', 'polypodine B', 'n-Propyl gallate', ""3',4',5',5,7,8-hexamethoxyflavone"", 'Isopropyl gallate', '6β-hydroxy-7-epigardoside methyl ester', 'Leptomerine', '5-hydroxy-N-methylseverifoline', '19,20-Epoxycytochalasin N', 'ellagic acid 4-O-α-L-rhamnopyranoside; eschweilenol C', 'Mayoside C', 'Ourateacatechin', ""3',4',5',5,7-pentamethoxyflavone"", '2-methyl-5-pentadecylresorcinol', '3β-hydroxy-stigmast-5-en-7-one; 24-β-7-oxositosterol', 'scillascillin', ""2-(2'-O-trans-caffeoyl)-C-β-D-glucopyranosyl-1,3,6,7-tetrahydroxyxanthone"", ""7-Hydroxy-4',6-dimethoxyisoflavone; Afrormosin; Afromosin"", '8-methoxymellein', '(±)-Syringaresinol', 'Cyclo-(L-Pro-L-Val)', 'Acetonide of odoratol', '5-[8(Z),11(Z)-pentadecadienyl]resorcinol', 'urauchimycin B', 'Ocotillone', 'des-N-methylnoracronycine', 'Sorbifolin 6-O-β-glucopyranoside', 'Rel-2α-hydroxyzuelanin-6β-benzoate', '2,6-di-O-acetylcasearupestrin D', ""Methyl-2,2-dimethyl-8-(3'-methylbut-2'-enyl)chroman-6-carboxylate"", '2,7-Di-O-acetylcasearupestrin A', 'Nitensidine B', '1-methyl-2-n-nonyl-4-quinolone', '5-[8(Z),11(Z),14-pentadecatrienyl]resorcinol', 'Gallic acid; 3,4,5-trihydroxybenzoic acid', 'Maculosidine', 'Chlorogenic acid', 'Odoratol', 'Isoorientin', 'Podocarpusflavone A', 'Casearupestrin C', '6α-malonyloxy-n-butyl ester manoyl oxide', 'citrusinine-I', 'Ricinine', 'Leptophyllin A', '5-pentadecylresorcinol', 'Homoegonol', '[8]-gingerol', '4-Hydroxymellein', '5-hydroxymellein', 'fraxinellonone', 'Dibenzyl sulphide', '(-) Cis-4-hydroxy-6-deoxyscytalone', 'Plumericin', ""5-[3''-(β-D-glucopyranosyloxy)propyl]-7-methoxy-2-(3',4'-methylenedioxyphenyl)benzofuran"", '28-O-β-D-glucopyranosyl quinovic acid', '2-Methyl-4-hydroxy-butyl caffeoate', 'N-1,N-2,N-3-Triisopentenylguanidine', 'Dibenzyl trisulphide', 'Maytenin, Tingenone', '(-)-Spectalinine', 'Netzahualcoyondiol', '19,20-Epoxycytochalasin D', 'fumiquinozoline F', 'Kaempferol 3-O-α-L-rhamnopyranosyl (1→6)-O-[β -D-glucopyranosyl (1→3)-O-α-L-rhamnopyranosyl-(1→2)]-O-β -D-glucopyranosyl', '3β-O-[α-L-rhamnopyranosyl-(1→2)-O-β-D-glucopyranosyl-(1→2)-O-β-D-glucopyranosyl]-28-O-β-D-glucopyranoside pomolate', 'Dibenzyl tetrasulphide', ""2',5-dihydroxy-3-methoxy-8-dimethylallyl-6, 7-(2' ',2''-dimethylpyrano)-dihydroflavonol"", '2-n-nonyl-4-quinolone', 'Cytochalasin D', 'Benzylhydroxymethyl sulphide', '1,6-di-O-caffeoyl-β-D-glucopyranoside', '2-methyl-5-[8(Z),11(Z),14-pentadecatrienyl]resorcinol', '20-hydroxyecdysone; polypodine A', '3-Acetyl aleuritolic acid', 'Alkenoic acid', 'Quercetin 3-O-α-L-rhamnopyranosyl (1→6)-O-[β -D-glucopyranosyl (1→3)-O-α-L-rhamnopyranosyl-(1→2)]-O-β -D-glucopyranosyl', '22β-hydroxypristimerin', '1- (5,7-dihydroxy-2,2-dimethylchroman-6-yl)-3-(2,2-dimethylchroman- 6-yl)propan-1-one', 'Canavaline', 'Di-hydrodehydrodiconiferyl alcohol', 'Quercetin', ""2-(2'-O-trans-cinnamoyl)-C-β-D-glucopyranosyl-1,3,6,7-tetrahydroxyxanthone"", 'Kokusaginine', 'Piperol B', '(-)-Hardwickiic acid', 'toonacilin', 'Uracil', 'Pristimerin; 20α-3-hydroxy-2-oxo-24-nor-friedela-1-10,3,5,7-tetraen-carboxylic acid-29-methylester', '3,4,5-trimethoxyphenyl 1-O-β-D-apiofuranosyl-(1→6)-O-β-D-glucopyranoside', 'β-photogedunin', 'n-Butyl gallate', ""5-[3''-(β-D-glucopyranosyloxy)propyl]-7-methoxy-2-(3',4'-dimethoxyphenyl)benzofuran"", '3,12-Dihydroxycadalene', '7-hydroxy-3- (11-dimethylallyl)-8-methoxycoumarin', ""N-[7-(3',4'-methylenedioxyphenyl)-2(Z),4(Z)-heptadienoyl]pyrrolidine"", 'urauchimycin A', 'p-Coumaric acid', '(-)-Epigallocatechin', 'Netzahualcoyonol', '1-[3-(3,7-dimethylocta-2,6-dien-1-yl)-2,4,6- trihydroxyphenyl]-3-(4-hydroxyphenyl)propan-1-one', '6α-malonyloxymanoyl oxide', 'n-Pentyl gallate', 'Orcinol', 'Periconicin B', 'Phomopsilactone', ""(2S)-8-Isopentyl-2-methyl-2-(4'-methylpentyl)chroman-6-carboxylic acid"", '2,2-dimethyl-2H-chromene-6-carboxylic acid', '1,2-dihydro- 3β-hydroxy-7-deacetoxy-7-oxogedunin', 'Photogedunin', 'Casearin X; (1R*,3S*,5S*,6aR*,7S*,8S*,10R*,10aR*)-1-(Acetyloxy)-3,5,6,6a,7,8,9,10-octahydro-10-hydroxy-7,8-dimethyl-7-[(2Z)-3-methylpenta-2,4-dien-1-yl]naphtho[1,8a-c]furan-3,5-diyl Dibutanoate', ""2-(R)-Methyl-6-(S)-(tetradecyl-13'-one)-3(R)-O-tert-butyldimethylsilyl-piperidine"", '(2S)-Methyl-2-methyl-8-(3""-methylbut-2""-enyl)-2-(4\'-methylpent-3\'-enyl)-2H-chromene-6-carboxylate', 'Casearin T', 'Heveaflavone', 'Arboreumine', '3-Oxoursolic acid', 'Casearupestrin B', 'Piperyline, N-[10-(13,14-methylenedioxyphenyl)-7(E),9(E)-pentadienoyl]-pyrrolidine', 'ω-fenil alcanoic acid', '2-butyl-D-fructofuranoside', ""Gaudichaudianic acid; (2S)-2-methyl-2-(4'methyl-3'-pentenyl)-8-(3''-methyl-2-butenyl)- 2H-1-benzopyran-6-carboxylic acid"", 'limonexic acid', 'Pedalitin', 'Skimmianine', 'p-hydroxybenzoic acid-geranyl ester', 'Dibenzyl disulphide', 'Proanthocyanidin', 'neoisoastilbin', '(R)-7-Hydroxymellein', '6α-acetoxymanoyl oxide', ""Acteoside; [β-3,4-dihydroxyphenyl)-ethyl]-(3'-O-α-L-rhamnopyranosyl)-(4'-O-cafeoyl)-β-D-glycopyranoside, verbascoside"", '1-O-(E)-feruloyl-β-D-glucopyranoside', '19,20-Epoxycytochalasin C', 'fraxinellone', 'Methyl-8-hydroxy-2,2-dimethylchroman-6-carboxylate', '6α-acetoxy-14β,15β-epoxyazadirone', 'Di(benzyltrithio) methane', '3,11,12-Trihydroxycadalene', 'Quercetin 3-O-sophoroside', '(3R,4R)-3,4-Dihydro-4,6-dihydroxy-3-methyl-1-oxo-1H-isochromene-5-carboxylic acid', '24-methylene-3,22-dihydroxycholesterol', 'amorphispironone', 'Casearupestrin D', 'Chaetoglobosin B', ""2-(2'-O-benzoyl)-C-β-D-glucopyranosyl-1,3,6,7-tetrahydroxyxanthone"", 'Isoplumericin', 'α-L-xylopyranosyl-(4""→20)-(3-O-β-D-glucopyranosyl)-1\'-O-E-caffeoyl-β-D-glucopyranoside', '6-[8(Z)-pentadecenyl]salicylic acid', '(2S)-2-methyl-8-(3""-methylbut-2""-enyl)-2-(4\'-methylpent-3\'-enyl)-2H-chromene-6-carboxylic acid', 'Casearin L; (1R*,3S*,5S*,6aR*,7R*,8R*,9S*,10S*,10aR*)-1,10-Bis(acetyloxy)-3,5,6,6a,7,8,9,10-octahydro-9-hydroxy-5-methoxy-7,8-dimethyl-7-[(2Z)-3-methylpenta-2,4-dien-1-yl]naphtho[1,8a-c]-furan-3-yl Butanoate', 'Burchellin', '5-[8(Z)-pentadecenyl]resorcinol', 'Luteolin; 2-(3,4-dihydroxyphenyl)-5,7-dihydroxy-4H-chromen-4-one', 'Sinapic acid', '19,20-Epoxycytochalasin Q', '19,20-Epoxycytochalasin R', 'Muraxanthone', 'epoxy-fraxinellone', '12′-hydroxy-7′-multijuguinone', 'Kaempferitrin', 'Nitensidine C', 'Dipropyl disulphide', '2-methyl-5-[8(Z),11(Z)-pentadecadienyl]resorcinol', 'Methyl 6,7,8-trimethoxydihydrocinnamate', '2-Hexyl-3-methyl-butanodioic acid', 'Casearin S', '11β-acetoxyobacunone', '1-(5,7-dihydroxy-2,2-dimethylchroman- 6-yl)-3-[4-hydroxy-3-(3-methylbut-2-en-1-yl)- phenyl]propan-1-one', '6-[ 8(Z),11(Z) -pentadecadienyl] salicylic acid', 'Odoratone', 'Rel-6β-hydroxyzuelanin-2β-benzoate', 'shidasterone', '5-hydroxymethyl- 2-furancarboxaldehyde; 5-hydroxymethyl-2-furfuraldehyde', 'atalaphyllinine', 'N-[10- (13,14-methylenedioxyphenyl)-7(E)-pentaenoyl]-pyrrolidine', '2-Methyl-5-methoxy-benzopyran-4-one', '3,4-dihydroxybenzoic acid geranyl ester', 'N-[10-(13,14-methylenedioxyphenyl)-7(E),9(Z)-pentadienoyl]-pyrrolidine', 'Gedunin', 'Pedalin, pedalitin 6-O-β -glucopyranoside', 'Caseargrewiin F; (1R*,3S*,5S*,6aR*,7S*,8R*,10R*,10aR*)-1,3-Bis(acetyloxy)-3,5,6,6a,7,8,9,10-octahydro-10-hydroxy-7,8-dimethyl-7-[(2Z)-3-methylpenta-2,4-dien-1-yl]naphtho[1,8a-c]furan-5-yl Butanoate', '1-(5,7-dihydroxy-2,2-dimethylchroman-6-yl)-3-(1,1,4a-trimethyl-2,3,4,4a,9a-hexahydro-1H-xanthen-7-yl)propan-1-one', 'Methyl (E)-6,7,8-trimethoxycinnamate', '3,4,5-Trimethoxyphenyl-1-O-β-D-(5-O-syringoyl)-apiofuranosyl-(1→6)-β-D-glucopyranoside', '6-[8(Z),11(Z),14-pentadecatrienyl]salicylic acid', 'Sorbifolin', 'Platydesmine', 'Leiokinine A', 'Cabraleadiol', 'schaftoside', ""(2S)-Methyl-8-isopentyl-2-methyl-2-(4'-methylpentyl)chroman-6-carboxylate"", '3,4,5-Triacetoxybenzoic acid', 'Casearupestrin A', '2-oxo-piperol B; (7S*, 8R*, 1R*, 3R*)-3,4,5-trimethoxy-3,7-cyclo-8,1-neolig-8-ene-2,4(3H)-dione', 'taxifolin', ""(2'S)-2-(propan-2'-ol)-5-hydroxy-benzopyran-4-one"", 'Rel-(+)-(7S,9R,10S)-3,9,12-trihydroxycalamenene', 'Casearin D; (1R*,3S*,5S*,6aR*,7R*,8R*,9S*,10S*,10aR*)-1-(Acetyloxy)-3,5,6,6a,7,8,9,10-octahydro-5,10-dihydroxy-7,8-dimethyl-7-[(2Z)-3-methylpenta-2,4-dien-1-yl]naphtho[1,8a-c]furan-3,9-diyl Dibutanoate', 'Rel. (+)-(7S,10S) 3,12-dihydroxycalamenene', 'carlinoside', 'Methyl-8-(ethanoyloxy)-2,2-dimethyl-2H-chromene-6-carboxylate', 'arjunolic acid', '(3R,4R)-4,7-Dihydroxymellein', ""Nitensoside B; Pedalitin 6-O-α-rhamnopyranosyl(1'''→6'')-β-glucopyranoside"", 'Amentoflavone', 'Methyl gallate', '3-O-β-D-quinovopyranosyl cincholic acid', 'Afzelin, 3-O-α-rhamnosyl kaempferol', 'Egonol', '4-Nerolidilcatechol', ""2-(2'-O-transcoumaroyl)-C-β-D-glucopyranosyl-1,3,6,7-tetrahydroxyxanthone"", 'Syringic acid', '(+)-3-O-feruloylcassine', '(3-(2-(4-hydroxyphenyl)-2-oxoethyl)-5,6-dihydropyridin- 2(1H)-one)', 'Mangiferin', 'Salacin', 'Viburgenin', ""Pterogynoside; Kaempferol-3-O-(3''-O-4'''-methylgallate-α-L-rhamnoside)"", 'Isobutyl gallate', '7′-multijuguinone', 'Griseofulvin', ""Nitensoside A; Sorbifolin 6-O-α-rhamnopyranosyl(1'''→6'')-β-glucopyranoside"", 'Casearin O; (1R*,3S*,5S*,6aR*,7R*,8R*,9S*,10S*,10aR*)-1,10-Bis(acetyloxy)-5-methoxy-7,8-dimethyl-7-[(2Z)-3-methylpenta-2,4-dien-1-yl]-3,5,6,6a,7,8,9,10-octahydronaphtho[1,8a-c]furan-3,9-diyl Dibutanoate', 'germacrene D', '6-pentadecylsalicylic acid', 'Methyl-2,2-dimethylchroman-6-carboxylate', ""Myrsinoic acid A, 3-Geranyl-4-hydroxy-5-(3'',3''-dimethylallyl)benzoic acid"", '20α-Hydroxymaytenin; 20-hydroxy-20-epi-tingenone', '(-)-Epigallocatechin-3-O-gallate', 'Tetrahydropiperyline, N-[10-(13,14-methylenedioxyphenyl)-pentanoyl]-pyrrolidine', 'Piperovatine', '2,4,6-trimethoxybenzoic acid', '1-O-(E)-caffeoyl-β-D-glucopyranoside', 'Quercitrin, 3-O-α-rhamnosylquercetin', 'Caseobliquin A', 'Methyl angolensate', ""5-(3'' -Hydroxypropyl)-7-methoxy-2-(3',4' -methyl-enedioxyphenyl)benzofuran"", 'stachysterone', 'Ethyl 2,4-dihydroxy-5,6-dimethylbenzoate', 'Amentoflavone 7”,4”’-dimethyl ether', 'Picramnioside F', 'Lauryl gallate', 'Syringaldehyde', '22-hydroxytirucalla-7,24-diene-2,3-dione', 'Trans-3’-methylsulphonylallyl trans-cinnamate', '(−)-Grandisin', '24-methylenecycloartan-3b-ol', 'Ixoside', '2β-Hydroxyzuelanin-6β-cinnamate', 'Cognatine', 'Fagaramide', 'Chalepin']]",doi_name
"['10.1016/j.phytochem.2005.06.019', '1,6-di-O-caffeoyl-β-D-glucopyranoside']","['10.1016/j.phytochem.2005.06.019', ['Galioside aglicone', 'Teucrein', '11-O-trans-feruloylteucrein', 'Apodanthoside', 'Galioside', 'guaiol', 'Hinesol', 'γ-eudesmol', 'α-eudesmol', ""3',4'-methylenedioxy-5,7-dimethoxyflavone"", ""3',4'-methylenedioxy-5,6,7- trimethoxyflavone"", ""3',4'-methylenedioxy-5,5',6,7-tetramethoxyflavone"", ""2'-hydroxy-3,4,4'-trimethoxy-5',6'-(2'',2''-dimethylpyrano)-chalcone"", 'Mycoleptone A', '9-hydroxyeugenin', '6-methoxyeugenin', 'Eugenitin', 'Austdiol', 'Mycoleptone B', 'Mycoleptone A tetraacetate', 'Austdiol diacetate', ""Rel-(7R,8S,7'S,8'S)-4,5,4',5'-dimethylenedioxy-3,3'-dimethoxy-7,7'-epoxylignan"", ""Rel-(7R,8S,7'S,8'S)-9-hydroxy-4',5'-methylenedioxy-3,4,5,3'-tetramethoxy-7,7'-epoxylignan"", ""Rel-(7R,8S,7'S,8'S)-4'-hydroxy-3,4,5,3',5'-pentamethoxy-7,7'-epoxylignan"", ""Rel-(7R,8S,7'S,8'S)-4-hydroxy-4',5'-methylenedioxy-3,5,3'-trimethoxy-7,7'-epoxylignan"", ""Rel-(7R,8S,7'S,8'S)-4',5'-methylenedioxy-3,4,5,3'-tetramethoxy-7,7'-epoxylignan"", '7-Methoxydiderroside', ""6'-Acetyl-β-D-glucopyranosyldiderroside"", 'Diderroside', 'Secoxyloganin', ""4-Methoxy-3-(3',7'-dimethylocta-2'-E-6'-dienyl)benzoic acid"", ""3-(3',7 '-dimethyl-2',6 '-octadienyl)-4-methoxy-benzoic acid"", 'Methyl-8-hydroxy-2,2-dimethyl-2H-chromene-6-carboxylate', 'Ferulic acid', 'β-Gardiol', 'α-Gardiol', 'Citrusinine-II', '5-hydroxynoracronycine; Atalaphyllidine', 'Glycocitrine-I', '3,4-dihydro-3,5,8-trihydroxy-6-methoxy-2,2,7-trimethyl-2Hpyrano[ 2,3-a]acridin-12(7H)-one', '1,3,5-trihydroxy- 2,8-bis(3-methylbut-2-enyl)-10-methyl-9-acridone', '1,3,5-trihydroxy-4-methoxy-10-methyl- 2,8-bis(3-methylbut-2-enyl)acridin-9(10H)-one', 'Pyranofoline', 'Citrusinine-I', 'Glycocitrine-IV', '2,3-dihydro-4,9-dihydroxy-2-(2-hydroxy-propan-2-yl)- 11-methoxy-10-methylfuro[3,2-b]acridin-5(10H)-one', 'bis-5-hydroxyacronycine', 'Citibrasine', 'Pellitorine', '(3Z,5Z)-N-isobutyl-8-(30,40-methylenedioxy-phenyl)-heptadienamide', '10,11-dihydropiperine; Δα,β-dihydropiperine', '8,9-dihydropiplartine; N-(12,13,14-trimethoxydihydrocinnamoyl)-Δ3-pyridin-2-one', '4,5-dihydropiperyline', '(Z)-piplartine; 8(Z)-N-(12,13, 14-trimethoxycinnamoyl)- 3-pyridin-2-one', '4,5-dihydropiperlonguminine; Piperlonguminine', 'Piperine', '(E)-piplartine', ""N-[3-(6'-methoxy-3',4'-methy-lenedioxyphenyl)-2(Z)-propenoyl]pyrrolidine"", '5,7-dimethoxy-2,2-dimethyl-2H-1-benzopyran-6-propanoate', '21α,25-dimethylmelianodiol', '21β,25-dimethylmelianodiol', '3,21-Di-epi-feroniellide B', 'Nectandrin B', '7-Methyl-sargachromenol; 2,7,8-Trimethyl-2-[(3-E,7-Z)-4,12-dimethyl-8-carboxyl-3,7,11-tridecatrienyl]-3-chromen-6-ol, β-caroteno', 'Epi-guaiacin', 'Verrucosin', 'Chlorogenic acid methyl ester, Methyl (1S,3R,4R,5R)-3-{[(2E)-3-(3,4-dihydroxyphenyl)-2-propenoyl]oxy}-1,4,5-trihydroxycyclohexanecarboxylate', 'Xanthyletin', '2α,3α,19α- trihydroxyurs-12-en-28-oic acid', 'penduletin 4-O-methyl ether', '3,3-O-dimethylquercetin', '2α,3α-dihydroxyolean-12- en-28-oic acid', 'p-hydroxybenzoic acid', '3-O-methylquercetin', 'Chrysoeriol', 'acacetin', '3,7,4-O-trimethylkaempferol', 'cyclo (L)-Pro-Gly', '17-(3,4-Methylenedioxyphenyl)-heptadecanoic acid', 'Sargaquinoic acid', '(+)-Guaiacin', '19´-(3,4-Methylenedioxyphenyl)-nonadecanoic acid', ""7,4'-Dihydroxyflavone"", 'Sargachromenol', '21´-(3,4-Methylenedioxyphenyl)-henicosanoic acid', ""7,4'-Dimethoxyflavone"", 'Farnisine', 'Tithonine', 'Fasciculiferin', ""Juruenolic acid; 2-(4'-Methylpentenyl-3)-10-oxoundecan-2,6-dienoic acid"", ""2-(3',4'-methylenedioxyphenylethyl)-Quinoline"", '2-n-Pentylquinoline', ""2-(1'-pentenyl)-Quinoline"", '2-n-Propylquinoline', 'Aphidicolin', '5,7-dimethoxy-2,2-dimethyl-2H-1-benzopyran-6-propanoic acid', '(-)-3-O-acetyl-spectaline', 'Isopimpinellin', 'Anhydrofusarubin', 'Beauvericin', 'Catechin, Ent-catechin', 'Kaempferol-3-O-α-L-rhamnopyranosyl-(1→6)-β-D-galactopyranoside', 'Kaempferol-3-O-rutinoside', '6-Hydroxy-rutin', 'Kaempferol-3-O-D-glucopyranoside', 'Kaempferol-3-O-D-galactopyranoside', 'Procyanidin B-3', 'Kaempferol-3-O-α-L-rhamnopyranosyl-(1-6)-α-L-rhamnopyranosyl-(1-4)-β-D-glucopyranoside', 'Quercetin-3-O-α-L-rhamnopyranosyl-(1→6)-β-D-galactopyranoside', ""3,4-dimethyl-2-(4'-hydroxy-3',5'-dimethoxyphenyl)-5-methoxy-tetrahydrofuran"", 'Methyl (3R,4R,5R)-3-{[(2E)-3-(3,4-dihydroxyphenyl)-2-propenoyl]oxy}-1,4,5-trihydroxycyclohexanecarboxylate', 'Methyl (3R,4R,5R)-3-{[(2Z)-3-(3,4-dihydroxyphenyl)-2-propenoyl]oxy}-1,4,5-trihydroxycyclohexanecarboxylate', ""Methyl taboganate; Methyl 4-hydroxy-3-(3'-methyl-1'-oxo-2'-butenyl)benzoate"", ""4-Hydroxy-3-(3',7'-dimethylocta-2'-E-6'-dienyl)benzoic acid"", 'Piperaduncine B', ""Hostmaniene; 4-Hydroxy-3-(2',3'-dihydroxy-3'-methylbutyl)benzoate"", 'Methyl 2,2-dimethyl-1-oxo-2H-1-benzopyran-6-carboxylate', ""Methyl 4-hydroxy-3-(3'-methyl-2'-butenyl)benzoate"", '3,4,5-Trimethoxydihydrocinnamic acid', ""2',6'-Dihydroxy-4'-methoxydihydrochalcone"", ""Methyl 4-hydroxy-3-(3'-methyl-2'-hydroxy-3'-butenyl)benzoate"", ""4-Hydroxy-(3',7'-dimethyl-1'-oxo-octa-2'-Z-6'-dienyl)benzoic acid"", ""Aduncumene; Methyl 2-methoxy-5-(3'-methyl-1'-oxo-2'-butenyl)benzoate"", '(+)-Erythravine', '(+)-α-Hydroxyerysotrine', '(+)-11α-Hydroxyerythravine', 'Taraxerol acetate', ""4-Hydroxy-3-(3',7'-dimethyl-3'-hydroxy-1'-oxo-6'-octenyl)benzoic acid"", ""1,4-Dihydroxy-2-(3',7'-dimethyl-1'-oxo-2'-E-6'-octadienyl)benzene"", ""4-Hydroxy-(3',7'-dimethyl-1'-oxo-octa-2'-E-6'-dienyl)benzoic acid"", ""Sakuranetin; 5,4'-dihydroxy-7-methoxyflavanone"", ""Isosakuranetin; 5,7-dihydroxy-4'-methoxyflavanone"", '3,11-dioxoolean-12-en-28- onic acid', 'Iso-odoratol', 'Pentaol', 'cryptomeridiol', 'Piscidinol A', 'Oleanonic acid', 'Nilocetin', 'Hispidol A', 'Tagitinin C', '1-methoxy-3-hydroxy-3,10b-4,5a-diepoxy-8b-isobutyroyloxygermacr-11(13)-en-6a,12-olide', ""3',4',5',3,5,7,8-heptamethoxyflavone"", ""3,5,6,7,3',4',5'-heptamethoxyflavonol"", 'β-caryophyllene, trans-caryophyllene', 'Nitensidine D', 'Nitensidine E', 'Stearic acid 4-pentoyloxyphenethyl ester', '2-Episesalatin', ""Isoswertisin-2''α1-L-rhamnoside"", 'Sesartemin', ""Isoswertisin-4'-methyl-ether-2''α-L-rhamnoside"", 'Clusifoliol', 'astilbin; Rel-(2R, 3R)-dihydroquercetin-3-O-±-L-rhamnoside', 'Pimara-7,15-dien-3β-ol', '(22E,24R)-ergosta-4,6,8(14),22-tetraen-3-one', 'Ergosterol peroxide', 'Dimethyl terephthalate', '8-hydroxy-6-methoxy-3-methylisocoumarin', 'Deoxycordifoline', '3,4-dehydrostrictosidine acid', 'Strictosidine acid', '5α-carboxystrictosidine', 'Harman-3-carboxylic acid', 'Cordifoline', '3,4-dehydro-strictosidine', 'Turbinatine', 'Methacrylic acid', '4-metoxi-6-[2-(metilamino)fenil]- 2H-piran-2-ona', 'Cusculine; 1,2,3,5,6-pentamethoxy-9-acridone', 'Cuspanine; 1-hydroxy-2,3,5,6-tetramethoxy-9-acridone', '2α,3α-Dihydroxy-urs-12-en-28-oic acid', 'Oleanolic acid 3-sophoroside', '3-O-β-D-(6’-methyl)-glucopyranosyl-28-O-β-D-glucopyranosyl-oleanate', 'β-Sitosterol benzoate', '5-hydroxyflavone', '2-phenyl-4H-chromen-4-one', 'Haplotusine', 'Sinapyl 4-O-β-D-glucopyranoside aldehyde', 'N-acetylnonaine', 'Sinapyl 4-O-β-D-glucopyranoside alcohol', 'Liriodenine', '[10]-gingerol', ""2,4-Dihydroxy-6-[(1'E,3'E)-penta-1', 3'-dienyl]-benzaldehyde"", 'Nitensidine A', '2-methyl-5-[8(Z)-pentadecenyl]resorcinol', '2-hydroxyphenylacetic acid', '3-O-β-D-quinovopyranosyl quinovic acid', 'Kaempferol', '(4R)-4,8-dihydroxy-α-tetralone', 'Chlorogenic acid', 'Chalepin', ""8-hydroxy-3,5,7,3',4',5'-hexamethoxyflavonol"", ""2-(2'-O-trans-caffeoyl)-C-β-D-glucopyranosyl-1,3,6,7-tetrahydroxyxanthone"", 'Netzahualcoyene', 'Casearin X Dialdehyde; (2R*,4aS*,5S*,7R*,8R*,8aS*)-4,4a-Diformyl-1,2,4a,5,6,7,8,8a-octahydro-5-hydroxy-7,8-dimethyl-8-[(2Z)-3-methylpenta-2,4-dien-1-yl]naphthalen-2-yl Butanoate', 'polypodine B', 'n-Propyl gallate', '19,20-Epoxycytochalasin N', 'ellagic acid 4-O-α-L-rhamnopyranoside; eschweilenol C', 'Mayoside C', 'Ourateacatechin', ""3',4',5',5,7-pentamethoxyflavone"", '2-methyl-5-pentadecylresorcinol', '3β-hydroxy-stigmast-5-en-7-one; 24-β-7-oxositosterol', 'scillascillin', 'Kokusaginine', ""Pterogynoside; Kaempferol-3-O-(3''-O-4'''-methylgallate-α-L-rhamnoside)"", 'Isobutyl gallate', '7′-multijuguinone', 'Griseofulvin', ""7-Hydroxy-4',6-dimethoxyisoflavone; Afrormosin; Afromosin"", '8-methoxymellein', '(±)-Syringaresinol', 'Dibenzyl sulphide', 'Quercetin', ""2-(2'-O-trans-cinnamoyl)-C-β-D-glucopyranosyl-1,3,6,7-tetrahydroxyxanthone"", 'Ocotillone', 'des-N-methylnoracronycine', 'Sorbifolin 6-O-β-glucopyranoside', 'Rel-2α-hydroxyzuelanin-6β-benzoate', '2,6-di-O-acetylcasearupestrin D', ""Methyl-2,2-dimethyl-8-(3'-methylbut-2'-enyl)chroman-6-carboxylate"", '2,7-Di-O-acetylcasearupestrin A', 'Nitensidine B', '1-methyl-2-n-nonyl-4-quinolone', '5-[8(Z),11(Z),14-pentadecatrienyl]resorcinol', 'Odoratol', 'Leptomerine', '5-hydroxy-N-methylseverifoline', 'Netzahualcoyondiol', 'Pristimerin; 20α-3-hydroxy-2-oxo-24-nor-friedela-1-10,3,5,7-tetraen-carboxylic acid-29-methylester', 'Maculosidine', 'Podocarpusflavone A', 'Casearupestrin C', '6α-malonyloxy-n-butyl ester manoyl oxide', 'citrusinine-I', 'Ricinine', 'Leptophyllin A', '5-pentadecylresorcinol', 'urauchimycin B', 'Homoegonol', '[8]-gingerol', '4-Hydroxymellein', '5-hydroxymellein', 'fraxinellonone', 'Netzahualcoyonol', '1-[3-(3,7-dimethylocta-2,6-dien-1-yl)-2,4,6- trihydroxyphenyl]-3-(4-hydroxyphenyl)propan-1-one', '6α-malonyloxymanoyl oxide', '(-) Cis-4-hydroxy-6-deoxyscytalone', 'Plumericin', '5-[8(Z),11(Z)-pentadecadienyl]resorcinol', '(-)-Spectalinine', '19,20-Epoxycytochalasin D', 'fumiquinozoline F', 'Kaempferol 3-O-α-L-rhamnopyranosyl (1→6)-O-[β -D-glucopyranosyl (1→3)-O-α-L-rhamnopyranosyl-(1→2)]-O-β -D-glucopyranosyl', '3β-O-[α-L-rhamnopyranosyl-(1→2)-O-β-D-glucopyranosyl-(1→2)-O-β-D-glucopyranosyl]-28-O-β-D-glucopyranoside pomolate', 'Dibenzyl tetrasulphide', ""2',5-dihydroxy-3-methoxy-8-dimethylallyl-6, 7-(2' ',2''-dimethylpyrano)-dihydroflavonol"", '2-n-nonyl-4-quinolone', 'Cytochalasin D', 'Isoorientin', 'toonacilin', 'Pedalitin', '1-O-(E)-feruloyl-β-D-glucopyranoside', '19,20-Epoxycytochalasin C', '3,4,5-trimethoxyphenyl 1-O-β-D-apiofuranosyl-(1→6)-O-β-D-glucopyranoside', 'β-photogedunin', 'n-Butyl gallate', ""5-[3''-(β-D-glucopyranosyloxy)propyl]-7-methoxy-2-(3',4'-dimethoxyphenyl)benzofuran"", '3,12-Dihydroxycadalene', '7-hydroxy-3- (11-dimethylallyl)-8-methoxycoumarin', ""N-[7-(3',4'-methylenedioxyphenyl)-2(Z),4(Z)-heptadienoyl]pyrrolidine"", ""Acteoside; [β-3,4-dihydroxyphenyl)-ethyl]-(3'-O-α-L-rhamnopyranosyl)-(4'-O-cafeoyl)-β-D-glycopyranoside, verbascoside"", 'Uracil', 'urauchimycin A', 'p-Coumaric acid', '(-)-Epigallocatechin', 'Skimmianine', 'p-hydroxybenzoic acid-geranyl ester', 'Dibenzyl disulphide', 'Proanthocyanidin', 'neoisoastilbin', 'Benzylhydroxymethyl sulphide', '1,6-di-O-caffeoyl-β-D-glucopyranoside', '2-methyl-5-[8(Z),11(Z),14-pentadecatrienyl]resorcinol', '20-hydroxyecdysone; polypodine A', '3-Acetyl aleuritolic acid', 'Alkenoic acid', 'Quercetin 3-O-α-L-rhamnopyranosyl (1→6)-O-[β -D-glucopyranosyl (1→3)-O-α-L-rhamnopyranosyl-(1→2)]-O-β -D-glucopyranosyl', 'Heveaflavone', 'Arboreumine', '3-Oxoursolic acid', 'Casearupestrin B', 'Caseobliquin A', 'Methyl angolensate', ""5-(3'' -Hydroxypropyl)-7-methoxy-2-(3',4' -methyl-enedioxyphenyl)benzofuran"", '22β-hydroxypristimerin', '1- (5,7-dihydroxy-2,2-dimethylchroman-6-yl)-3-(2,2-dimethylchroman- 6-yl)propan-1-one', 'Canavaline', 'Di-hydrodehydrodiconiferyl alcohol', 'n-Pentyl gallate', 'Orcinol', 'Periconicin B', 'Phomopsilactone', ""(2S)-8-Isopentyl-2-methyl-2-(4'-methylpentyl)chroman-6-carboxylic acid"", '2,2-dimethyl-2H-chromene-6-carboxylic acid', '1,2-dihydro- 3β-hydroxy-7-deacetoxy-7-oxogedunin', 'Photogedunin', 'Casearin X; (1R*,3S*,5S*,6aR*,7S*,8S*,10R*,10aR*)-1-(Acetyloxy)-3,5,6,6a,7,8,9,10-octahydro-10-hydroxy-7,8-dimethyl-7-[(2Z)-3-methylpenta-2,4-dien-1-yl]naphtho[1,8a-c]furan-3,5-diyl Dibutanoate', 'α-L-xylopyranosyl-(4""→20)-(3-O-β-D-glucopyranosyl)-1\'-O-E-caffeoyl-β-D-glucopyranoside', ""2-(R)-Methyl-6-(S)-(tetradecyl-13'-one)-3(R)-O-tert-butyldimethylsilyl-piperidine"", '(2S)-Methyl-2-methyl-8-(3""-methylbut-2""-enyl)-2-(4\'-methylpent-3\'-enyl)-2H-chromene-6-carboxylate', 'Casearin T', 'Piperyline, N-[10-(13,14-methylenedioxyphenyl)-7(E),9(E)-pentadienoyl]-pyrrolidine', 'ω-fenil alcanoic acid', '2-butyl-D-fructofuranoside', ""Gaudichaudianic acid; (2S)-2-methyl-2-(4'methyl-3'-pentenyl)-8-(3''-methyl-2-butenyl)- 2H-1-benzopyran-6-carboxylic acid"", 'limonexic acid', 'Di(benzyltrithio) methane', '2-Methyl-4-hydroxy-butyl caffeoate', 'N-1,N-2,N-3-Triisopentenylguanidine', 'Dibenzyl trisulphide', 'Maytenin, Tingenone', 'Gallic acid; 3,4,5-trihydroxybenzoic acid', 'Quercitrin, 3-O-α-rhamnosylquercetin', 'Quercetin 3-O-sophoroside', '(3R,4R)-3,4-Dihydro-4,6-dihydroxy-3-methyl-1-oxo-1H-isochromene-5-carboxylic acid', '24-methylene-3,22-dihydroxycholesterol', 'amorphispironone', 'Casearupestrin D', 'Chaetoglobosin B', ""2-(2'-O-benzoyl)-C-β-D-glucopyranosyl-1,3,6,7-tetrahydroxyxanthone"", 'Isoplumericin', '6α-acetoxy-14β,15β-epoxyazadirone', 'epoxy-fraxinellone', '12′-hydroxy-7′-multijuguinone', 'Kaempferitrin', 'Nitensidine C', '(R)-7-Hydroxymellein', '6α-acetoxymanoyl oxide', 'Methyl-8-hydroxy-2,2-dimethylchroman-6-carboxylate', 'Dipropyl disulphide', '2-methyl-5-[8(Z),11(Z)-pentadecadienyl]resorcinol', 'Methyl 6,7,8-trimethoxydihydrocinnamate', '2-Hexyl-3-methyl-butanodioic acid', 'fraxinellone', '6-[ 8(Z),11(Z) -pentadecadienyl] salicylic acid', 'N-[10-(13,14-methylenedioxyphenyl)-7(E),9(Z)-pentadienoyl]-pyrrolidine', '6-[8(Z)-pentadecenyl]salicylic acid', '(2S)-2-methyl-8-(3""-methylbut-2""-enyl)-2-(4\'-methylpent-3\'-enyl)-2H-chromene-6-carboxylic acid', 'Burchellin', '5-[8(Z)-pentadecenyl]resorcinol', 'Luteolin; 2-(3,4-dihydroxyphenyl)-5,7-dihydroxy-4H-chromen-4-one', 'Sinapic acid', '19,20-Epoxycytochalasin Q', '19,20-Epoxycytochalasin R', '3,11,12-Trihydroxycadalene', 'Leiokinine A', 'Cabraleadiol', 'schaftoside', 'Muraxanthone', '3,4,5-Triacetoxybenzoic acid', 'Odoratone', 'Rel-6β-hydroxyzuelanin-2β-benzoate', 'shidasterone', '5-hydroxymethyl- 2-furancarboxaldehyde; 5-hydroxymethyl-2-furfuraldehyde', 'atalaphyllinine', 'N-[10- (13,14-methylenedioxyphenyl)-7(E)-pentaenoyl]-pyrrolidine', '2-Methyl-5-methoxy-benzopyran-4-one', '3,4-dihydroxybenzoic acid geranyl ester', 'Casearupestrin A', '2-oxo-piperol B; (7S*, 8R*, 1R*, 3R*)-3,4,5-trimethoxy-3,7-cyclo-8,1-neolig-8-ene-2,4(3H)-dione', 'taxifolin', '1-(5,7-dihydroxy-2,2-dimethylchroman-6-yl)-3-(1,1,4a-trimethyl-2,3,4,4a,9a-hexahydro-1H-xanthen-7-yl)propan-1-one', 'Methyl (E)-6,7,8-trimethoxycinnamate', '3,4,5-Trimethoxyphenyl-1-O-β-D-(5-O-syringoyl)-apiofuranosyl-(1→6)-β-D-glucopyranoside', '6-[8(Z),11(Z),14-pentadecatrienyl]salicylic acid', ""(2'S)-2-(propan-2'-ol)-5-hydroxy-benzopyran-4-one"", 'Rel-(+)-(7S,9R,10S)-3,9,12-trihydroxycalamenene', 'Casearin S', '11β-acetoxyobacunone', '1-(5,7-dihydroxy-2,2-dimethylchroman- 6-yl)-3-[4-hydroxy-3-(3-methylbut-2-en-1-yl)- phenyl]propan-1-one', '(3R,4R)-4,7-Dihydroxymellein', ""Nitensoside B; Pedalitin 6-O-α-rhamnopyranosyl(1'''→6'')-β-glucopyranoside"", 'Gedunin', 'Pedalin, pedalitin 6-O-β -glucopyranoside', 'Caseargrewiin F; (1R*,3S*,5S*,6aR*,7S*,8R*,10R*,10aR*)-1,3-Bis(acetyloxy)-3,5,6,6a,7,8,9,10-octahydro-10-hydroxy-7,8-dimethyl-7-[(2Z)-3-methylpenta-2,4-dien-1-yl]naphtho[1,8a-c]furan-5-yl Butanoate', 'Casearin L; (1R*,3S*,5S*,6aR*,7R*,8R*,9S*,10S*,10aR*)-1,10-Bis(acetyloxy)-3,5,6,6a,7,8,9,10-octahydro-9-hydroxy-5-methoxy-7,8-dimethyl-7-[(2Z)-3-methylpenta-2,4-dien-1-yl]naphtho[1,8a-c]-furan-3-yl Butanoate', 'Platydesmine', 'Methyl-2,2-dimethylchroman-6-carboxylate', ""Myrsinoic acid A, 3-Geranyl-4-hydroxy-5-(3'',3''-dimethylallyl)benzoic acid"", '20α-Hydroxymaytenin; 20-hydroxy-20-epi-tingenone', '(-)-Epigallocatechin-3-O-gallate', 'Casearin D; (1R*,3S*,5S*,6aR*,7R*,8R*,9S*,10S*,10aR*)-1-(Acetyloxy)-3,5,6,6a,7,8,9,10-octahydro-5,10-dihydroxy-7,8-dimethyl-7-[(2Z)-3-methylpenta-2,4-dien-1-yl]naphtho[1,8a-c]furan-3,9-diyl Dibutanoate', 'Rel. (+)-(7S,10S) 3,12-dihydroxycalamenene', ""(2S)-Methyl-8-isopentyl-2-methyl-2-(4'-methylpentyl)chroman-6-carboxylate"", 'Methyl gallate', '3-O-β-D-quinovopyranosyl cincholic acid', 'Afzelin, 3-O-α-rhamnosyl kaempferol', 'Egonol', '4-Nerolidilcatechol', ""2-(2'-O-transcoumaroyl)-C-β-D-glucopyranosyl-1,3,6,7-tetrahydroxyxanthone"", 'Syringic acid', '(+)-3-O-feruloylcassine', 'Amentoflavone', 'Ethyl 2,4-dihydroxy-5,6-dimethylbenzoate', 'Amentoflavone 7”,4”’-dimethyl ether', 'Picramnioside F', 'Lauryl gallate', 'Syringaldehyde', '22-hydroxytirucalla-7,24-diene-2,3-dione', 'Trans-3’-methylsulphonylallyl trans-cinnamate', '(3-(2-(4-hydroxyphenyl)-2-oxoethyl)-5,6-dihydropyridin- 2(1H)-one)', 'Mangiferin', 'Viburgenin', 'Sorbifolin', ""Nitensoside A; Sorbifolin 6-O-α-rhamnopyranosyl(1'''→6'')-β-glucopyranoside"", 'Casearin O; (1R*,3S*,5S*,6aR*,7R*,8R*,9S*,10S*,10aR*)-1,10-Bis(acetyloxy)-5-methoxy-7,8-dimethyl-7-[(2Z)-3-methylpenta-2,4-dien-1-yl]-3,5,6,6a,7,8,9,10-octahydronaphtho[1,8a-c]furan-3,9-diyl Dibutanoate', 'germacrene D', 'Salacin', '6-pentadecylsalicylic acid', ""3',4',5',5,7,8-hexamethoxyflavone"", 'Isopropyl gallate', '6β-hydroxy-7-epigardoside methyl ester', 'Tetrahydropiperyline, N-[10-(13,14-methylenedioxyphenyl)-pentanoyl]-pyrrolidine', 'Piperovatine', '2,4,6-trimethoxybenzoic acid', '1-O-(E)-caffeoyl-β-D-glucopyranoside', 'Piperol B', '(-)-Hardwickiic acid', ""5-[3''-(β-D-glucopyranosyloxy)propyl]-7-methoxy-2-(3',4'-methylenedioxyphenyl)benzofuran"", '28-O-β-D-glucopyranosyl quinovic acid', 'carlinoside', 'Methyl-8-(ethanoyloxy)-2,2-dimethyl-2H-chromene-6-carboxylate', '2β-Hydroxyzuelanin-6β-cinnamate', 'arjunolic acid', 'stachysterone', 'Cyclo-(L-Pro-L-Val)', 'Acetonide of odoratol', '(−)-Grandisin', '24-methylenecycloartan-3b-ol', 'Ixoside', 'Cognatine', 'Fagaramide']]",doi_name
"['10.1590/S0103-50532007000700017', '3,4,5-Trimethoxyphenyl-1-O-β-D-(5-O-syringoyl)-apiofuranosyl-(1→6)-β-D-glucopyranoside']","['10.1590/S0103-50532007000700017', ['guaiol', 'Hinesol', 'γ-eudesmol', 'α-eudesmol', '11-O-trans-feruloylteucrein', 'Teucrein', 'Apodanthoside', 'Galioside', 'Galioside aglicone', '21β,25-dimethylmelianodiol', '3,21-Di-epi-feroniellide B', '21α,25-dimethylmelianodiol', '5,7-dimethoxy-2,2-dimethyl-2H-1-benzopyran-6-propanoate', 'Chlorogenic acid methyl ester, Methyl (1S,3R,4R,5R)-3-{[(2E)-3-(3,4-dihydroxyphenyl)-2-propenoyl]oxy}-1,4,5-trihydroxycyclohexanecarboxylate', '2,3-dihydro-4,9-dihydroxy-2-(2-hydroxy-propan-2-yl)- 11-methoxy-10-methylfuro[3,2-b]acridin-5(10H)-one', 'bis-5-hydroxyacronycine', 'Citibrasine', 'cyclo (L)-Pro-Gly', '(-)-3-O-acetyl-spectaline', ""3,4-dimethyl-2-(4'-hydroxy-3',5'-dimethoxyphenyl)-5-methoxy-tetrahydrofuran"", '7-Methoxydiderroside', ""6'-Acetyl-β-D-glucopyranosyldiderroside"", 'Diderroside', 'Secoxyloganin', 'astilbin; Rel-(2R, 3R)-dihydroquercetin-3-O-±-L-rhamnoside', 'Taraxerol acetate', 'Anhydrofusarubin', 'Beauvericin', 'Mycoleptone A', '9-hydroxyeugenin', 'Eugenitin', 'Austdiol', 'Mycoleptone B', '6-methoxyeugenin', 'Mycoleptone A tetraacetate', 'Austdiol diacetate', 'Xanthyletin', 'Nitensidine D', 'Nitensidine E', '2-n-Pentylquinoline', ""2-(1'-pentenyl)-Quinoline"", '2-n-Propylquinoline', ""2-(3',4'-methylenedioxyphenylethyl)-Quinoline"", '1,3,5-trihydroxy- 2,8-bis(3-methylbut-2-enyl)-10-methyl-9-acridone', 'Citrusinine-I', 'Glycocitrine-I', '1,3,5-trihydroxy-4-methoxy-10-methyl- 2,8-bis(3-methylbut-2-enyl)acridin-9(10H)-one', '5-hydroxynoracronycine; Atalaphyllidine', 'Citrusinine-II', '3,4-dihydro-3,5,8-trihydroxy-6-methoxy-2,2,7-trimethyl-2Hpyrano[ 2,3-a]acridin-12(7H)-one', 'Glycocitrine-IV', 'Pyranofoline', 'Stearic acid 4-pentoyloxyphenethyl ester', '3,4,5-Trimethoxydihydrocinnamic acid', 'Piperaduncine B', ""Hostmaniene; 4-Hydroxy-3-(2',3'-dihydroxy-3'-methylbutyl)benzoate"", ""4-Hydroxy-3-(3',7'-dimethylocta-2'-E-6'-dienyl)benzoic acid"", 'Methyl 2,2-dimethyl-1-oxo-2H-1-benzopyran-6-carboxylate', ""2',6'-Dihydroxy-4'-methoxydihydrochalcone"", ""Methyl taboganate; Methyl 4-hydroxy-3-(3'-methyl-1'-oxo-2'-butenyl)benzoate"", ""Methyl 4-hydroxy-3-(3'-methyl-2'-butenyl)benzoate"", ""4-Hydroxy-(3',7'-dimethyl-1'-oxo-octa-2'-Z-6'-dienyl)benzoic acid"", ""Aduncumene; Methyl 2-methoxy-5-(3'-methyl-1'-oxo-2'-butenyl)benzoate"", ""Methyl 4-hydroxy-3-(3'-methyl-2'-hydroxy-3'-butenyl)benzoate"", 'cryptomeridiol', '3,11-dioxoolean-12-en-28- onic acid', 'Iso-odoratol', 'Pentaol', 'Piscidinol A', 'Nilocetin', 'Oleanonic acid', 'Hispidol A', 'Clusifoliol', ""Isoswertisin-4'-methyl-ether-2''α-L-rhamnoside"", '2-Episesalatin', ""Isoswertisin-2''α1-L-rhamnoside"", 'Sesartemin', ""4-Methoxy-3-(3',7'-dimethylocta-2'-E-6'-dienyl)benzoic acid"", 'Methyl-8-hydroxy-2,2-dimethyl-2H-chromene-6-carboxylate', ""3-(3',7 '-dimethyl-2',6 '-octadienyl)-4-methoxy-benzoic acid"", ""2'-hydroxy-3,4,4'-trimethoxy-5',6'-(2'',2''-dimethylpyrano)-chalcone"", ""3',4'-methylenedioxy-5,6,7- trimethoxyflavone"", ""3',4'-methylenedioxy-5,5',6,7-tetramethoxyflavone"", ""3',4'-methylenedioxy-5,7-dimethoxyflavone"", 'Methyl (3R,4R,5R)-3-{[(2E)-3-(3,4-dihydroxyphenyl)-2-propenoyl]oxy}-1,4,5-trihydroxycyclohexanecarboxylate', 'Methyl (3R,4R,5R)-3-{[(2Z)-3-(3,4-dihydroxyphenyl)-2-propenoyl]oxy}-1,4,5-trihydroxycyclohexanecarboxylate', '5α-carboxystrictosidine', 'Strictosidine acid', 'Cordifoline', '3,4-dehydrostrictosidine acid', '3,4-dehydro-strictosidine', 'Harman-3-carboxylic acid', 'Turbinatine', 'Deoxycordifoline', 'Verrucosin', 'Epi-guaiacin', '7-Methyl-sargachromenol; 2,7,8-Trimethyl-2-[(3-E,7-Z)-4,12-dimethyl-8-carboxyl-3,7,11-tridecatrienyl]-3-chromen-6-ol, β-caroteno', 'Nectandrin B', '2α,3α,19α- trihydroxyurs-12-en-28-oic acid', 'penduletin 4-O-methyl ether', '3,3-O-dimethylquercetin', '3-O-methylquercetin', 'Chrysoeriol', 'acacetin', '3,7,4-O-trimethylkaempferol', 'p-hydroxybenzoic acid', '2α,3α-dihydroxyolean-12- en-28-oic acid', '(+)-α-Hydroxyerysotrine', '(+)-Erythravine', '(+)-11α-Hydroxyerythravine', ""Rel-(7R,8S,7'S,8'S)-4'-hydroxy-3,4,5,3',5'-pentamethoxy-7,7'-epoxylignan"", ""Rel-(7R,8S,7'S,8'S)-4,5,4',5'-dimethylenedioxy-3,3'-dimethoxy-7,7'-epoxylignan"", ""Rel-(7R,8S,7'S,8'S)-9-hydroxy-4',5'-methylenedioxy-3,4,5,3'-tetramethoxy-7,7'-epoxylignan"", ""Rel-(7R,8S,7'S,8'S)-4-hydroxy-4',5'-methylenedioxy-3,5,3'-trimethoxy-7,7'-epoxylignan"", ""Rel-(7R,8S,7'S,8'S)-4',5'-methylenedioxy-3,4,5,3'-tetramethoxy-7,7'-epoxylignan"", '4-metoxi-6-[2-(metilamino)fenil]- 2H-piran-2-ona', 'Isopimpinellin', 'Aphidicolin', 'Methacrylic acid', ""4-Hydroxy-(3',7'-dimethyl-1'-oxo-octa-2'-E-6'-dienyl)benzoic acid"", ""4-Hydroxy-3-(3',7'-dimethyl-3'-hydroxy-1'-oxo-6'-octenyl)benzoic acid"", ""1,4-Dihydroxy-2-(3',7'-dimethyl-1'-oxo-2'-E-6'-octadienyl)benzene"", ""Sakuranetin; 5,4'-dihydroxy-7-methoxyflavanone"", ""Isosakuranetin; 5,7-dihydroxy-4'-methoxyflavanone"", '21´-(3,4-Methylenedioxyphenyl)-henicosanoic acid', ""7,4'-Dimethoxyflavone"", ""Juruenolic acid; 2-(4'-Methylpentenyl-3)-10-oxoundecan-2,6-dienoic acid"", 'Fasciculiferin', '(+)-Guaiacin', ""7,4'-Dihydroxyflavone"", 'Sargachromenol', 'Sargaquinoic acid', 'Farnisine', 'Tithonine', '19´-(3,4-Methylenedioxyphenyl)-nonadecanoic acid', '17-(3,4-Methylenedioxyphenyl)-heptadecanoic acid', '5,7-dimethoxy-2,2-dimethyl-2H-1-benzopyran-6-propanoic acid', 'Pimara-7,15-dien-3β-ol', 'Ergosterol peroxide', '(22E,24R)-ergosta-4,6,8(14),22-tetraen-3-one', '8-hydroxy-6-methoxy-3-methylisocoumarin', 'Dimethyl terephthalate', 'β-Gardiol', 'α-Gardiol', 'Ferulic acid', '1-methoxy-3-hydroxy-3,10b-4,5a-diepoxy-8b-isobutyroyloxygermacr-11(13)-en-6a,12-olide', 'Tagitinin C', ""3,5,6,7,3',4',5'-heptamethoxyflavonol"", ""3',4',5',3,5,7,8-heptamethoxyflavone"", 'β-caryophyllene, trans-caryophyllene', 'Kaempferol-3-O-α-L-rhamnopyranosyl-(1→6)-β-D-galactopyranoside', 'Catechin, Ent-catechin', 'Quercetin-3-O-α-L-rhamnopyranosyl-(1→6)-β-D-galactopyranoside', 'Kaempferol-3-O-rutinoside', 'Kaempferol-3-O-D-galactopyranoside', 'Kaempferol-3-O-α-L-rhamnopyranosyl-(1-6)-α-L-rhamnopyranosyl-(1-4)-β-D-glucopyranoside', '6-Hydroxy-rutin', 'Procyanidin B-3', 'Kaempferol-3-O-D-glucopyranoside', '4,5-dihydropiperlonguminine; Piperlonguminine', ""N-[3-(6'-methoxy-3',4'-methy-lenedioxyphenyl)-2(Z)-propenoyl]pyrrolidine"", '10,11-dihydropiperine; Δα,β-dihydropiperine', '4,5-dihydropiperyline', '(E)-piplartine', 'Piperine', '(Z)-piplartine; 8(Z)-N-(12,13, 14-trimethoxycinnamoyl)- 3-pyridin-2-one', '8,9-dihydropiplartine; N-(12,13,14-trimethoxydihydrocinnamoyl)-Δ3-pyridin-2-one', 'Pellitorine', '(3Z,5Z)-N-isobutyl-8-(30,40-methylenedioxy-phenyl)-heptadienamide', 'Cusculine; 1,2,3,5,6-pentamethoxy-9-acridone', 'Cuspanine; 1-hydroxy-2,3,5,6-tetramethoxy-9-acridone', '2α,3α-Dihydroxy-urs-12-en-28-oic acid', 'Oleanolic acid 3-sophoroside', '3-O-β-D-(6’-methyl)-glucopyranosyl-28-O-β-D-glucopyranosyl-oleanate', 'Haplotusine', 'β-Sitosterol benzoate', '5-hydroxyflavone', '2-phenyl-4H-chromen-4-one', 'Sinapyl 4-O-β-D-glucopyranoside aldehyde', 'Sinapyl 4-O-β-D-glucopyranoside alcohol', 'Liriodenine', 'N-acetylnonaine', '[10]-gingerol', ""2,4-Dihydroxy-6-[(1'E,3'E)-penta-1', 3'-dienyl]-benzaldehyde"", 'Nitensidine A', '2-methyl-5-[8(Z)-pentadecenyl]resorcinol', '2-hydroxyphenylacetic acid', '3-O-β-D-quinovopyranosyl quinovic acid', ""8-hydroxy-3,5,7,3',4',5'-hexamethoxyflavonol"", 'Kaempferol', 'Netzahualcoyene', 'Casearin X Dialdehyde; (2R*,4aS*,5S*,7R*,8R*,8aS*)-4,4a-Diformyl-1,2,4a,5,6,7,8,8a-octahydro-5-hydroxy-7,8-dimethyl-8-[(2Z)-3-methylpenta-2,4-dien-1-yl]naphthalen-2-yl Butanoate', 'polypodine B', 'n-Propyl gallate', ""3',4',5',5,7,8-hexamethoxyflavone"", 'Isopropyl gallate', '6β-hydroxy-7-epigardoside methyl ester', 'Tetrahydropiperyline, N-[10-(13,14-methylenedioxyphenyl)-pentanoyl]-pyrrolidine', 'Leptomerine', '5-hydroxy-N-methylseverifoline', '19,20-Epoxycytochalasin N', 'ellagic acid 4-O-α-L-rhamnopyranoside; eschweilenol C', 'Mayoside C', 'Ourateacatechin', ""3',4',5',5,7-pentamethoxyflavone"", '2-methyl-5-pentadecylresorcinol', '3β-hydroxy-stigmast-5-en-7-one; 24-β-7-oxositosterol', 'scillascillin', ""2-(2'-O-trans-caffeoyl)-C-β-D-glucopyranosyl-1,3,6,7-tetrahydroxyxanthone"", '8-methoxymellein', '(±)-Syringaresinol', 'Cyclo-(L-Pro-L-Val)', 'Acetonide of odoratol', '(−)-Grandisin', '5-[8(Z),11(Z)-pentadecadienyl]resorcinol', 'urauchimycin B', 'Ocotillone', 'des-N-methylnoracronycine', 'Sorbifolin 6-O-β-glucopyranoside', 'Rel-2α-hydroxyzuelanin-6β-benzoate', '2,6-di-O-acetylcasearupestrin D', ""Methyl-2,2-dimethyl-8-(3'-methylbut-2'-enyl)chroman-6-carboxylate"", '2,7-Di-O-acetylcasearupestrin A', 'Nitensidine B', '1-methyl-2-n-nonyl-4-quinolone', '5-[8(Z),11(Z),14-pentadecatrienyl]resorcinol', 'Gallic acid; 3,4,5-trihydroxybenzoic acid', 'Maculosidine', '(4R)-4,8-dihydroxy-α-tetralone', 'Odoratol', 'Isoorientin', 'Podocarpusflavone A', 'Casearupestrin C', '6α-malonyloxy-n-butyl ester manoyl oxide', 'citrusinine-I', 'Ricinine', 'Leptophyllin A', '5-pentadecylresorcinol', 'Homoegonol', '[8]-gingerol', '4-Hydroxymellein', '5-hydroxymellein', 'fraxinellonone', 'Dibenzyl sulphide', '(-) Cis-4-hydroxy-6-deoxyscytalone', 'Plumericin', ""5-[3''-(β-D-glucopyranosyloxy)propyl]-7-methoxy-2-(3',4'-methylenedioxyphenyl)benzofuran"", '28-O-β-D-glucopyranosyl quinovic acid', '2-Methyl-4-hydroxy-butyl caffeoate', 'N-1,N-2,N-3-Triisopentenylguanidine', 'Dibenzyl trisulphide', 'Maytenin, Tingenone', '(-)-Spectalinine', 'Netzahualcoyondiol', '19,20-Epoxycytochalasin D', 'fumiquinozoline F', 'Kaempferol 3-O-α-L-rhamnopyranosyl (1→6)-O-[β -D-glucopyranosyl (1→3)-O-α-L-rhamnopyranosyl-(1→2)]-O-β -D-glucopyranosyl', '3β-O-[α-L-rhamnopyranosyl-(1→2)-O-β-D-glucopyranosyl-(1→2)-O-β-D-glucopyranosyl]-28-O-β-D-glucopyranoside pomolate', 'Dibenzyl tetrasulphide', ""2',5-dihydroxy-3-methoxy-8-dimethylallyl-6, 7-(2' ',2''-dimethylpyrano)-dihydroflavonol"", '2-n-nonyl-4-quinolone', 'Cytochalasin D', 'Benzylhydroxymethyl sulphide', '1,6-di-O-caffeoyl-β-D-glucopyranoside', '2-methyl-5-[8(Z),11(Z),14-pentadecatrienyl]resorcinol', '20-hydroxyecdysone; polypodine A', '3-Acetyl aleuritolic acid', 'Alkenoic acid', 'Quercetin 3-O-α-L-rhamnopyranosyl (1→6)-O-[β -D-glucopyranosyl (1→3)-O-α-L-rhamnopyranosyl-(1→2)]-O-β -D-glucopyranosyl', '22β-hydroxypristimerin', '1- (5,7-dihydroxy-2,2-dimethylchroman-6-yl)-3-(2,2-dimethylchroman- 6-yl)propan-1-one', 'Canavaline', 'Di-hydrodehydrodiconiferyl alcohol', 'Quercetin', ""2-(2'-O-trans-cinnamoyl)-C-β-D-glucopyranosyl-1,3,6,7-tetrahydroxyxanthone"", 'Kokusaginine', 'Piperol B', '(-)-Hardwickiic acid', 'toonacilin', 'Uracil', 'Pristimerin; 20α-3-hydroxy-2-oxo-24-nor-friedela-1-10,3,5,7-tetraen-carboxylic acid-29-methylester', '3,4,5-trimethoxyphenyl 1-O-β-D-apiofuranosyl-(1→6)-O-β-D-glucopyranoside', 'β-photogedunin', 'n-Butyl gallate', ""5-[3''-(β-D-glucopyranosyloxy)propyl]-7-methoxy-2-(3',4'-dimethoxyphenyl)benzofuran"", '3,12-Dihydroxycadalene', '7-hydroxy-3- (11-dimethylallyl)-8-methoxycoumarin', ""N-[7-(3',4'-methylenedioxyphenyl)-2(Z),4(Z)-heptadienoyl]pyrrolidine"", 'urauchimycin A', 'p-Coumaric acid', '(-)-Epigallocatechin', 'Netzahualcoyonol', '1-[3-(3,7-dimethylocta-2,6-dien-1-yl)-2,4,6- trihydroxyphenyl]-3-(4-hydroxyphenyl)propan-1-one', '6α-malonyloxymanoyl oxide', 'n-Pentyl gallate', 'Orcinol', 'Periconicin B', 'Phomopsilactone', ""(2S)-8-Isopentyl-2-methyl-2-(4'-methylpentyl)chroman-6-carboxylic acid"", '2,2-dimethyl-2H-chromene-6-carboxylic acid', '1,2-dihydro- 3β-hydroxy-7-deacetoxy-7-oxogedunin', 'Photogedunin', 'Casearin X; (1R*,3S*,5S*,6aR*,7S*,8S*,10R*,10aR*)-1-(Acetyloxy)-3,5,6,6a,7,8,9,10-octahydro-10-hydroxy-7,8-dimethyl-7-[(2Z)-3-methylpenta-2,4-dien-1-yl]naphtho[1,8a-c]furan-3,5-diyl Dibutanoate', ""2-(R)-Methyl-6-(S)-(tetradecyl-13'-one)-3(R)-O-tert-butyldimethylsilyl-piperidine"", '(2S)-Methyl-2-methyl-8-(3""-methylbut-2""-enyl)-2-(4\'-methylpent-3\'-enyl)-2H-chromene-6-carboxylate', 'Casearin T', 'Heveaflavone', 'Arboreumine', '3-Oxoursolic acid', 'Casearupestrin B', 'Piperyline, N-[10-(13,14-methylenedioxyphenyl)-7(E),9(E)-pentadienoyl]-pyrrolidine', 'ω-fenil alcanoic acid', '2-butyl-D-fructofuranoside', ""Gaudichaudianic acid; (2S)-2-methyl-2-(4'methyl-3'-pentenyl)-8-(3''-methyl-2-butenyl)- 2H-1-benzopyran-6-carboxylic acid"", 'limonexic acid', 'Pedalitin', 'Skimmianine', 'p-hydroxybenzoic acid-geranyl ester', 'Dibenzyl disulphide', 'Proanthocyanidin', 'neoisoastilbin', '(R)-7-Hydroxymellein', '6α-acetoxymanoyl oxide', ""Acteoside; [β-3,4-dihydroxyphenyl)-ethyl]-(3'-O-α-L-rhamnopyranosyl)-(4'-O-cafeoyl)-β-D-glycopyranoside, verbascoside"", '1-O-(E)-feruloyl-β-D-glucopyranoside', '19,20-Epoxycytochalasin C', 'fraxinellone', 'Methyl-8-hydroxy-2,2-dimethylchroman-6-carboxylate', '6α-acetoxy-14β,15β-epoxyazadirone', 'Di(benzyltrithio) methane', '3,11,12-Trihydroxycadalene', 'Quercetin 3-O-sophoroside', '(3R,4R)-3,4-Dihydro-4,6-dihydroxy-3-methyl-1-oxo-1H-isochromene-5-carboxylic acid', '24-methylene-3,22-dihydroxycholesterol', 'amorphispironone', 'Casearupestrin D', 'Chaetoglobosin B', ""2-(2'-O-benzoyl)-C-β-D-glucopyranosyl-1,3,6,7-tetrahydroxyxanthone"", 'Isoplumericin', 'α-L-xylopyranosyl-(4""→20)-(3-O-β-D-glucopyranosyl)-1\'-O-E-caffeoyl-β-D-glucopyranoside', '6-[8(Z)-pentadecenyl]salicylic acid', '(2S)-2-methyl-8-(3""-methylbut-2""-enyl)-2-(4\'-methylpent-3\'-enyl)-2H-chromene-6-carboxylic acid', 'Casearin L; (1R*,3S*,5S*,6aR*,7R*,8R*,9S*,10S*,10aR*)-1,10-Bis(acetyloxy)-3,5,6,6a,7,8,9,10-octahydro-9-hydroxy-5-methoxy-7,8-dimethyl-7-[(2Z)-3-methylpenta-2,4-dien-1-yl]naphtho[1,8a-c]-furan-3-yl Butanoate', 'Burchellin', '5-[8(Z)-pentadecenyl]resorcinol', 'Luteolin; 2-(3,4-dihydroxyphenyl)-5,7-dihydroxy-4H-chromen-4-one', 'Sinapic acid', '19,20-Epoxycytochalasin Q', '19,20-Epoxycytochalasin R', 'Muraxanthone', 'epoxy-fraxinellone', '12′-hydroxy-7′-multijuguinone', 'Kaempferitrin', 'Nitensidine C', 'Dipropyl disulphide', '2-methyl-5-[8(Z),11(Z)-pentadecadienyl]resorcinol', 'Methyl 6,7,8-trimethoxydihydrocinnamate', '2-Hexyl-3-methyl-butanodioic acid', 'Casearin S', '11β-acetoxyobacunone', '1-(5,7-dihydroxy-2,2-dimethylchroman- 6-yl)-3-[4-hydroxy-3-(3-methylbut-2-en-1-yl)- phenyl]propan-1-one', '6-[ 8(Z),11(Z) -pentadecadienyl] salicylic acid', 'Odoratone', 'Rel-6β-hydroxyzuelanin-2β-benzoate', 'shidasterone', '5-hydroxymethyl- 2-furancarboxaldehyde; 5-hydroxymethyl-2-furfuraldehyde', 'atalaphyllinine', 'N-[10- (13,14-methylenedioxyphenyl)-7(E)-pentaenoyl]-pyrrolidine', '2-Methyl-5-methoxy-benzopyran-4-one', '3,4-dihydroxybenzoic acid geranyl ester', 'N-[10-(13,14-methylenedioxyphenyl)-7(E),9(Z)-pentadienoyl]-pyrrolidine', 'Gedunin', 'Pedalin, pedalitin 6-O-β -glucopyranoside', 'Caseargrewiin F; (1R*,3S*,5S*,6aR*,7S*,8R*,10R*,10aR*)-1,3-Bis(acetyloxy)-3,5,6,6a,7,8,9,10-octahydro-10-hydroxy-7,8-dimethyl-7-[(2Z)-3-methylpenta-2,4-dien-1-yl]naphtho[1,8a-c]furan-5-yl Butanoate', '1-(5,7-dihydroxy-2,2-dimethylchroman-6-yl)-3-(1,1,4a-trimethyl-2,3,4,4a,9a-hexahydro-1H-xanthen-7-yl)propan-1-one', 'Methyl (E)-6,7,8-trimethoxycinnamate', '3,4,5-Trimethoxyphenyl-1-O-β-D-(5-O-syringoyl)-apiofuranosyl-(1→6)-β-D-glucopyranoside', '6-[8(Z),11(Z),14-pentadecatrienyl]salicylic acid', 'Sorbifolin', 'Platydesmine', 'Leiokinine A', 'Cabraleadiol', 'schaftoside', ""(2S)-Methyl-8-isopentyl-2-methyl-2-(4'-methylpentyl)chroman-6-carboxylate"", '3,4,5-Triacetoxybenzoic acid', 'Casearupestrin A', '2-oxo-piperol B; (7S*, 8R*, 1R*, 3R*)-3,4,5-trimethoxy-3,7-cyclo-8,1-neolig-8-ene-2,4(3H)-dione', 'taxifolin', ""(2'S)-2-(propan-2'-ol)-5-hydroxy-benzopyran-4-one"", 'Rel-(+)-(7S,9R,10S)-3,9,12-trihydroxycalamenene', 'Rel. (+)-(7S,10S) 3,12-dihydroxycalamenene', 'carlinoside', 'Methyl-8-(ethanoyloxy)-2,2-dimethyl-2H-chromene-6-carboxylate', 'arjunolic acid', 'stachysterone', '(3R,4R)-4,7-Dihydroxymellein', ""Nitensoside B; Pedalitin 6-O-α-rhamnopyranosyl(1'''→6'')-β-glucopyranoside"", 'Amentoflavone', 'Methyl gallate', '3-O-β-D-quinovopyranosyl cincholic acid', 'Afzelin, 3-O-α-rhamnosyl kaempferol', 'Egonol', '4-Nerolidilcatechol', ""2-(2'-O-transcoumaroyl)-C-β-D-glucopyranosyl-1,3,6,7-tetrahydroxyxanthone"", 'Syringic acid', '(+)-3-O-feruloylcassine', 'Salacin', 'Viburgenin', ""Pterogynoside; Kaempferol-3-O-(3''-O-4'''-methylgallate-α-L-rhamnoside)"", 'Isobutyl gallate', '7′-multijuguinone', 'Griseofulvin', ""7-Hydroxy-4',6-dimethoxyisoflavone; Afrormosin; Afromosin"", ""Nitensoside A; Sorbifolin 6-O-α-rhamnopyranosyl(1'''→6'')-β-glucopyranoside"", 'Casearin O; (1R*,3S*,5S*,6aR*,7R*,8R*,9S*,10S*,10aR*)-1,10-Bis(acetyloxy)-5-methoxy-7,8-dimethyl-7-[(2Z)-3-methylpenta-2,4-dien-1-yl]-3,5,6,6a,7,8,9,10-octahydronaphtho[1,8a-c]furan-3,9-diyl Dibutanoate', 'germacrene D', '6-pentadecylsalicylic acid', 'Methyl-2,2-dimethylchroman-6-carboxylate', ""Myrsinoic acid A, 3-Geranyl-4-hydroxy-5-(3'',3''-dimethylallyl)benzoic acid"", '20α-Hydroxymaytenin; 20-hydroxy-20-epi-tingenone', '(-)-Epigallocatechin-3-O-gallate', 'Casearin D; (1R*,3S*,5S*,6aR*,7R*,8R*,9S*,10S*,10aR*)-1-(Acetyloxy)-3,5,6,6a,7,8,9,10-octahydro-5,10-dihydroxy-7,8-dimethyl-7-[(2Z)-3-methylpenta-2,4-dien-1-yl]naphtho[1,8a-c]furan-3,9-diyl Dibutanoate', 'Piperovatine', '2,4,6-trimethoxybenzoic acid', '1-O-(E)-caffeoyl-β-D-glucopyranoside', 'Quercitrin, 3-O-α-rhamnosylquercetin', 'Caseobliquin A', 'Methyl angolensate', ""5-(3'' -Hydroxypropyl)-7-methoxy-2-(3',4' -methyl-enedioxyphenyl)benzofuran"", 'Ethyl 2,4-dihydroxy-5,6-dimethylbenzoate', 'Amentoflavone 7”,4”’-dimethyl ether', 'Picramnioside F', 'Lauryl gallate', 'Syringaldehyde', '22-hydroxytirucalla-7,24-diene-2,3-dione', 'Trans-3’-methylsulphonylallyl trans-cinnamate', '(3-(2-(4-hydroxyphenyl)-2-oxoethyl)-5,6-dihydropyridin- 2(1H)-one)', 'Mangiferin', '24-methylenecycloartan-3b-ol', 'Ixoside', '2β-Hydroxyzuelanin-6β-cinnamate', 'Cognatine', 'Fagaramide', 'Chalepin', 'Chlorogenic acid']]",doi_name
"['10.1016/j.phytochem.2008.01.006', ""Pterogynoside; Kaempferol-3-O-(3''-O-4'''-methylgallate-α-L-rhamnoside)""]","['10.1016/j.phytochem.2008.01.006', ['guaiol', 'Hinesol', 'γ-eudesmol', 'α-eudesmol', '11-O-trans-feruloylteucrein', 'Galioside aglicone', 'Teucrein', 'Apodanthoside', 'Galioside', '9-hydroxyeugenin', 'Mycoleptone A', '6-methoxyeugenin', 'Eugenitin', 'Mycoleptone B', 'Mycoleptone A tetraacetate', 'Austdiol', 'Austdiol diacetate', 'Nectandrin B', '7-Methyl-sargachromenol; 2,7,8-Trimethyl-2-[(3-E,7-Z)-4,12-dimethyl-8-carboxyl-3,7,11-tridecatrienyl]-3-chromen-6-ol, β-caroteno', 'Verrucosin', 'Epi-guaiacin', 'Chlorogenic acid methyl ester, Methyl (1S,3R,4R,5R)-3-{[(2E)-3-(3,4-dihydroxyphenyl)-2-propenoyl]oxy}-1,4,5-trihydroxycyclohexanecarboxylate', ""3',4'-methylenedioxy-5,5',6,7-tetramethoxyflavone"", ""2'-hydroxy-3,4,4'-trimethoxy-5',6'-(2'',2''-dimethylpyrano)-chalcone"", ""3',4'-methylenedioxy-5,6,7- trimethoxyflavone"", ""3',4'-methylenedioxy-5,7-dimethoxyflavone"", '5,7-dimethoxy-2,2-dimethyl-2H-1-benzopyran-6-propanoate', 'Kaempferol-3-O-D-galactopyranoside', 'Kaempferol-3-O-D-glucopyranoside', 'Quercetin-3-O-α-L-rhamnopyranosyl-(1→6)-β-D-galactopyranoside', '6-Hydroxy-rutin', 'Kaempferol-3-O-α-L-rhamnopyranosyl-(1-6)-α-L-rhamnopyranosyl-(1-4)-β-D-glucopyranoside', 'Procyanidin B-3', 'Catechin, Ent-catechin', 'Kaempferol-3-O-rutinoside', 'Kaempferol-3-O-α-L-rhamnopyranosyl-(1→6)-β-D-galactopyranoside', '7-Methoxydiderroside', 'Diderroside', ""6'-Acetyl-β-D-glucopyranosyldiderroside"", 'Secoxyloganin', 'Taraxerol acetate', 'Xanthyletin', ""2-(3',4'-methylenedioxyphenylethyl)-Quinoline"", '2-n-Propylquinoline', '2-n-Pentylquinoline', ""2-(1'-pentenyl)-Quinoline"", ""4-Methoxy-3-(3',7'-dimethylocta-2'-E-6'-dienyl)benzoic acid"", 'Methyl-8-hydroxy-2,2-dimethyl-2H-chromene-6-carboxylate', ""3-(3',7 '-dimethyl-2',6 '-octadienyl)-4-methoxy-benzoic acid"", '21´-(3,4-Methylenedioxyphenyl)-henicosanoic acid', ""7,4'-Dimethoxyflavone"", 'Sargachromenol', 'Farnisine', '19´-(3,4-Methylenedioxyphenyl)-nonadecanoic acid', 'Sargaquinoic acid', ""7,4'-Dihydroxyflavone"", '(+)-Guaiacin', 'Tithonine', 'Fasciculiferin', ""Juruenolic acid; 2-(4'-Methylpentenyl-3)-10-oxoundecan-2,6-dienoic acid"", '17-(3,4-Methylenedioxyphenyl)-heptadecanoic acid', ""Rel-(7R,8S,7'S,8'S)-4',5'-methylenedioxy-3,4,5,3'-tetramethoxy-7,7'-epoxylignan"", ""Rel-(7R,8S,7'S,8'S)-9-hydroxy-4',5'-methylenedioxy-3,4,5,3'-tetramethoxy-7,7'-epoxylignan"", ""Rel-(7R,8S,7'S,8'S)-4'-hydroxy-3,4,5,3',5'-pentamethoxy-7,7'-epoxylignan"", ""Rel-(7R,8S,7'S,8'S)-4,5,4',5'-dimethylenedioxy-3,3'-dimethoxy-7,7'-epoxylignan"", ""Rel-(7R,8S,7'S,8'S)-4-hydroxy-4',5'-methylenedioxy-3,5,3'-trimethoxy-7,7'-epoxylignan"", 'Pellitorine', '(3Z,5Z)-N-isobutyl-8-(30,40-methylenedioxy-phenyl)-heptadienamide', '(Z)-piplartine; 8(Z)-N-(12,13, 14-trimethoxycinnamoyl)- 3-pyridin-2-one', '4,5-dihydropiperyline', '10,11-dihydropiperine; Δα,β-dihydropiperine', '8,9-dihydropiplartine; N-(12,13,14-trimethoxydihydrocinnamoyl)-Δ3-pyridin-2-one', '4,5-dihydropiperlonguminine; Piperlonguminine', ""N-[3-(6'-methoxy-3',4'-methy-lenedioxyphenyl)-2(Z)-propenoyl]pyrrolidine"", '(E)-piplartine', 'Piperine', 'bis-5-hydroxyacronycine', '2,3-dihydro-4,9-dihydroxy-2-(2-hydroxy-propan-2-yl)- 11-methoxy-10-methylfuro[3,2-b]acridin-5(10H)-one', 'Citibrasine', '(-)-3-O-acetyl-spectaline', 'astilbin; Rel-(2R, 3R)-dihydroquercetin-3-O-±-L-rhamnoside', '1-methoxy-3-hydroxy-3,10b-4,5a-diepoxy-8b-isobutyroyloxygermacr-11(13)-en-6a,12-olide', 'Tagitinin C', '2α,3α,19α- trihydroxyurs-12-en-28-oic acid', 'penduletin 4-O-methyl ether', '3,3-O-dimethylquercetin', 'Chrysoeriol', 'acacetin', '3,7,4-O-trimethylkaempferol', '3-O-methylquercetin', '2α,3α-dihydroxyolean-12- en-28-oic acid', 'p-hydroxybenzoic acid', 'Citrusinine-I', '3,4-dihydro-3,5,8-trihydroxy-6-methoxy-2,2,7-trimethyl-2Hpyrano[ 2,3-a]acridin-12(7H)-one', 'Citrusinine-II', 'Glycocitrine-IV', '1,3,5-trihydroxy- 2,8-bis(3-methylbut-2-enyl)-10-methyl-9-acridone', 'Pyranofoline', '1,3,5-trihydroxy-4-methoxy-10-methyl- 2,8-bis(3-methylbut-2-enyl)acridin-9(10H)-one', 'Glycocitrine-I', '5-hydroxynoracronycine; Atalaphyllidine', 'β-Gardiol', 'Ferulic acid', 'α-Gardiol', ""3',4',5',3,5,7,8-heptamethoxyflavone"", ""3,5,6,7,3',4',5'-heptamethoxyflavonol"", 'cyclo (L)-Pro-Gly', 'Isopimpinellin', '3,21-Di-epi-feroniellide B', '21α,25-dimethylmelianodiol', '21β,25-dimethylmelianodiol', '(+)-α-Hydroxyerysotrine', '(+)-Erythravine', '(+)-11α-Hydroxyerythravine', ""4-Hydroxy-3-(3',7'-dimethyl-3'-hydroxy-1'-oxo-6'-octenyl)benzoic acid"", ""Sakuranetin; 5,4'-dihydroxy-7-methoxyflavanone"", ""1,4-Dihydroxy-2-(3',7'-dimethyl-1'-oxo-2'-E-6'-octadienyl)benzene"", ""Isosakuranetin; 5,7-dihydroxy-4'-methoxyflavanone"", ""4-Hydroxy-(3',7'-dimethyl-1'-oxo-octa-2'-E-6'-dienyl)benzoic acid"", 'Beauvericin', 'Anhydrofusarubin', ""Aduncumene; Methyl 2-methoxy-5-(3'-methyl-1'-oxo-2'-butenyl)benzoate"", ""Methyl 4-hydroxy-3-(3'-methyl-2'-hydroxy-3'-butenyl)benzoate"", ""4-Hydroxy-(3',7'-dimethyl-1'-oxo-octa-2'-Z-6'-dienyl)benzoic acid"", ""2',6'-Dihydroxy-4'-methoxydihydrochalcone"", 'Methyl 2,2-dimethyl-1-oxo-2H-1-benzopyran-6-carboxylate', ""Methyl 4-hydroxy-3-(3'-methyl-2'-butenyl)benzoate"", '3,4,5-Trimethoxydihydrocinnamic acid', ""Hostmaniene; 4-Hydroxy-3-(2',3'-dihydroxy-3'-methylbutyl)benzoate"", ""4-Hydroxy-3-(3',7'-dimethylocta-2'-E-6'-dienyl)benzoic acid"", ""Methyl taboganate; Methyl 4-hydroxy-3-(3'-methyl-1'-oxo-2'-butenyl)benzoate"", 'Piperaduncine B', '5,7-dimethoxy-2,2-dimethyl-2H-1-benzopyran-6-propanoic acid', 'Aphidicolin', 'Methyl (3R,4R,5R)-3-{[(2E)-3-(3,4-dihydroxyphenyl)-2-propenoyl]oxy}-1,4,5-trihydroxycyclohexanecarboxylate', 'Methyl (3R,4R,5R)-3-{[(2Z)-3-(3,4-dihydroxyphenyl)-2-propenoyl]oxy}-1,4,5-trihydroxycyclohexanecarboxylate', 'Pentaol', 'Iso-odoratol', 'Piscidinol A', '3,11-dioxoolean-12-en-28- onic acid', 'cryptomeridiol', 'Oleanonic acid', 'Nilocetin', 'Hispidol A', 'Stearic acid 4-pentoyloxyphenethyl ester', 'Nitensidine D', 'Nitensidine E', 'Clusifoliol', ""Isoswertisin-4'-methyl-ether-2''α-L-rhamnoside"", ""Isoswertisin-2''α1-L-rhamnoside"", '2-Episesalatin', 'Sesartemin', ""3,4-dimethyl-2-(4'-hydroxy-3',5'-dimethoxyphenyl)-5-methoxy-tetrahydrofuran"", 'Methacrylic acid', 'Pimara-7,15-dien-3β-ol', '(22E,24R)-ergosta-4,6,8(14),22-tetraen-3-one', '8-hydroxy-6-methoxy-3-methylisocoumarin', 'Ergosterol peroxide', 'Dimethyl terephthalate', 'β-caryophyllene, trans-caryophyllene', '4-metoxi-6-[2-(metilamino)fenil]- 2H-piran-2-ona', 'Deoxycordifoline', 'Harman-3-carboxylic acid', 'Strictosidine acid', 'Turbinatine', '3,4-dehydrostrictosidine acid', 'Cordifoline', '3,4-dehydro-strictosidine', '5α-carboxystrictosidine', 'Cusculine; 1,2,3,5,6-pentamethoxy-9-acridone', 'Cuspanine; 1-hydroxy-2,3,5,6-tetramethoxy-9-acridone', '2α,3α-Dihydroxy-urs-12-en-28-oic acid', '3-O-β-D-(6’-methyl)-glucopyranosyl-28-O-β-D-glucopyranosyl-oleanate', 'Oleanolic acid 3-sophoroside', '2-phenyl-4H-chromen-4-one', '5-hydroxyflavone', 'β-Sitosterol benzoate', 'Haplotusine', 'Sinapyl 4-O-β-D-glucopyranoside aldehyde', 'Sinapyl 4-O-β-D-glucopyranoside alcohol', 'N-acetylnonaine', 'Liriodenine', '[10]-gingerol', ""2,4-Dihydroxy-6-[(1'E,3'E)-penta-1', 3'-dienyl]-benzaldehyde"", '2-methyl-5-[8(Z)-pentadecenyl]resorcinol', 'Kaempferol', '2-hydroxyphenylacetic acid', '3-O-β-D-quinovopyranosyl quinovic acid', '(4R)-4,8-dihydroxy-α-tetralone', 'scillascillin', 'Chlorogenic acid', 'Chalepin', 'Nitensidine A', ""8-hydroxy-3,5,7,3',4',5'-hexamethoxyflavonol"", ""2-(2'-O-trans-caffeoyl)-C-β-D-glucopyranosyl-1,3,6,7-tetrahydroxyxanthone"", 'Netzahualcoyene', 'Casearin X Dialdehyde; (2R*,4aS*,5S*,7R*,8R*,8aS*)-4,4a-Diformyl-1,2,4a,5,6,7,8,8a-octahydro-5-hydroxy-7,8-dimethyl-8-[(2Z)-3-methylpenta-2,4-dien-1-yl]naphthalen-2-yl Butanoate', 'polypodine B', '19,20-Epoxycytochalasin N', 'ellagic acid 4-O-α-L-rhamnopyranoside; eschweilenol C', 'Mayoside C', 'Ourateacatechin', ""3',4',5',5,7-pentamethoxyflavone"", '2-methyl-5-pentadecylresorcinol', '3β-hydroxy-stigmast-5-en-7-one; 24-β-7-oxositosterol', 'Kokusaginine', 'Viburgenin', ""Pterogynoside; Kaempferol-3-O-(3''-O-4'''-methylgallate-α-L-rhamnoside)"", 'Isobutyl gallate', '7′-multijuguinone', 'Griseofulvin', ""7-Hydroxy-4',6-dimethoxyisoflavone; Afrormosin; Afromosin"", '8-methoxymellein', '(±)-Syringaresinol', 'Quercetin', ""2-(2'-O-trans-cinnamoyl)-C-β-D-glucopyranosyl-1,3,6,7-tetrahydroxyxanthone"", 'Ocotillone', 'des-N-methylnoracronycine', 'Sorbifolin 6-O-β-glucopyranoside', 'Rel-2α-hydroxyzuelanin-6β-benzoate', '2,6-di-O-acetylcasearupestrin D', ""Methyl-2,2-dimethyl-8-(3'-methylbut-2'-enyl)chroman-6-carboxylate"", '2,7-Di-O-acetylcasearupestrin A', 'Nitensidine B', '1-methyl-2-n-nonyl-4-quinolone', '5-[8(Z),11(Z),14-pentadecatrienyl]resorcinol', 'urauchimycin B', 'Odoratol', 'Leptomerine', '5-hydroxy-N-methylseverifoline', 'Pristimerin; 20α-3-hydroxy-2-oxo-24-nor-friedela-1-10,3,5,7-tetraen-carboxylic acid-29-methylester', 'Homoegonol', '[8]-gingerol', '4-Hydroxymellein', '5-hydroxymellein', 'fraxinellonone', 'Dibenzyl sulphide', '(-) Cis-4-hydroxy-6-deoxyscytalone', 'Plumericin', '5-[8(Z),11(Z)-pentadecadienyl]resorcinol', '(-)-Spectalinine', 'Maculosidine', 'Podocarpusflavone A', 'Casearupestrin C', '6α-malonyloxy-n-butyl ester manoyl oxide', 'citrusinine-I', 'Netzahualcoyonol', '1-[3-(3,7-dimethylocta-2,6-dien-1-yl)-2,4,6- trihydroxyphenyl]-3-(4-hydroxyphenyl)propan-1-one', '6α-malonyloxymanoyl oxide', 'Ricinine', 'Leptophyllin A', '5-pentadecylresorcinol', '19,20-Epoxycytochalasin D', 'fumiquinozoline F', 'Kaempferol 3-O-α-L-rhamnopyranosyl (1→6)-O-[β -D-glucopyranosyl (1→3)-O-α-L-rhamnopyranosyl-(1→2)]-O-β -D-glucopyranosyl', '3β-O-[α-L-rhamnopyranosyl-(1→2)-O-β-D-glucopyranosyl-(1→2)-O-β-D-glucopyranosyl]-28-O-β-D-glucopyranoside pomolate', 'Dibenzyl tetrasulphide', ""2',5-dihydroxy-3-methoxy-8-dimethylallyl-6, 7-(2' ',2''-dimethylpyrano)-dihydroflavonol"", '2-n-nonyl-4-quinolone', 'Cytochalasin D', 'Isoorientin', 'Netzahualcoyondiol', 'Casearupestrin B', 'toonacilin', 'Skimmianine', 'p-hydroxybenzoic acid-geranyl ester', '3,4,5-trimethoxyphenyl 1-O-β-D-apiofuranosyl-(1→6)-O-β-D-glucopyranoside', 'β-photogedunin', 'n-Butyl gallate', ""5-[3''-(β-D-glucopyranosyloxy)propyl]-7-methoxy-2-(3',4'-dimethoxyphenyl)benzofuran"", '3,12-Dihydroxycadalene', '7-hydroxy-3- (11-dimethylallyl)-8-methoxycoumarin', ""N-[7-(3',4'-methylenedioxyphenyl)-2(Z),4(Z)-heptadienoyl]pyrrolidine"", ""Acteoside; [β-3,4-dihydroxyphenyl)-ethyl]-(3'-O-α-L-rhamnopyranosyl)-(4'-O-cafeoyl)-β-D-glycopyranoside, verbascoside"", 'Uracil', 'urauchimycin A', 'p-Coumaric acid', '(-)-Epigallocatechin', 'n-Pentyl gallate', 'Orcinol', 'Periconicin B', 'Phomopsilactone', ""(2S)-8-Isopentyl-2-methyl-2-(4'-methylpentyl)chroman-6-carboxylic acid"", '2,2-dimethyl-2H-chromene-6-carboxylic acid', 'Benzylhydroxymethyl sulphide', '1,6-di-O-caffeoyl-β-D-glucopyranoside', '2-methyl-5-[8(Z),11(Z),14-pentadecatrienyl]resorcinol', '20-hydroxyecdysone; polypodine A', '3-Acetyl aleuritolic acid', 'Alkenoic acid', 'Quercetin 3-O-α-L-rhamnopyranosyl (1→6)-O-[β -D-glucopyranosyl (1→3)-O-α-L-rhamnopyranosyl-(1→2)]-O-β -D-glucopyranosyl', 'Heveaflavone', 'Arboreumine', '3-Oxoursolic acid', 'Piperyline, N-[10-(13,14-methylenedioxyphenyl)-7(E),9(E)-pentadienoyl]-pyrrolidine', 'ω-fenil alcanoic acid', '2-butyl-D-fructofuranoside', ""Gaudichaudianic acid; (2S)-2-methyl-2-(4'methyl-3'-pentenyl)-8-(3''-methyl-2-butenyl)- 2H-1-benzopyran-6-carboxylic acid"", 'limonexic acid', 'Di(benzyltrithio) methane', '3,11,12-Trihydroxycadalene', 'Dibenzyl disulphide', 'Proanthocyanidin', 'neoisoastilbin', '(R)-7-Hydroxymellein', '6α-acetoxymanoyl oxide', 'Methyl-8-hydroxy-2,2-dimethylchroman-6-carboxylate', 'Pedalitin', '1-O-(E)-feruloyl-β-D-glucopyranoside', '19,20-Epoxycytochalasin C', 'Gallic acid; 3,4,5-trihydroxybenzoic acid', 'Quercitrin, 3-O-α-rhamnosylquercetin', 'Caseobliquin A', 'Methyl angolensate', ""5-(3'' -Hydroxypropyl)-7-methoxy-2-(3',4' -methyl-enedioxyphenyl)benzofuran"", '22β-hydroxypristimerin', '1- (5,7-dihydroxy-2,2-dimethylchroman-6-yl)-3-(2,2-dimethylchroman- 6-yl)propan-1-one', 'Canavaline', 'Di-hydrodehydrodiconiferyl alcohol', '1,2-dihydro- 3β-hydroxy-7-deacetoxy-7-oxogedunin', 'Photogedunin', 'Casearin X; (1R*,3S*,5S*,6aR*,7S*,8S*,10R*,10aR*)-1-(Acetyloxy)-3,5,6,6a,7,8,9,10-octahydro-10-hydroxy-7,8-dimethyl-7-[(2Z)-3-methylpenta-2,4-dien-1-yl]naphtho[1,8a-c]furan-3,5-diyl Dibutanoate', 'α-L-xylopyranosyl-(4""→20)-(3-O-β-D-glucopyranosyl)-1\'-O-E-caffeoyl-β-D-glucopyranoside', ""2-(R)-Methyl-6-(S)-(tetradecyl-13'-one)-3(R)-O-tert-butyldimethylsilyl-piperidine"", '(2S)-Methyl-2-methyl-8-(3""-methylbut-2""-enyl)-2-(4\'-methylpent-3\'-enyl)-2H-chromene-6-carboxylate', 'Casearin T', '24-methylene-3,22-dihydroxycholesterol', 'amorphispironone', 'Casearupestrin D', 'Chaetoglobosin B', ""2-(2'-O-benzoyl)-C-β-D-glucopyranosyl-1,3,6,7-tetrahydroxyxanthone"", 'Isoplumericin', '6α-acetoxy-14β,15β-epoxyazadirone', 'epoxy-fraxinellone', '12′-hydroxy-7′-multijuguinone', 'Kaempferitrin', 'Nitensidine C', 'Dipropyl disulphide', '2-Methyl-4-hydroxy-butyl caffeoate', 'N-1,N-2,N-3-Triisopentenylguanidine', 'Dibenzyl trisulphide', 'Maytenin, Tingenone', '2-methyl-5-[8(Z),11(Z)-pentadecadienyl]resorcinol', 'Methyl 6,7,8-trimethoxydihydrocinnamate', '2-Hexyl-3-methyl-butanodioic acid', 'fraxinellone', '6-[ 8(Z),11(Z) -pentadecadienyl] salicylic acid', 'N-[10-(13,14-methylenedioxyphenyl)-7(E),9(Z)-pentadienoyl]-pyrrolidine', '6-[8(Z)-pentadecenyl]salicylic acid', '(2S)-2-methyl-8-(3""-methylbut-2""-enyl)-2-(4\'-methylpent-3\'-enyl)-2H-chromene-6-carboxylic acid', 'Burchellin', '5-[8(Z)-pentadecenyl]resorcinol', 'Luteolin; 2-(3,4-dihydroxyphenyl)-5,7-dihydroxy-4H-chromen-4-one', 'Sinapic acid', '19,20-Epoxycytochalasin Q', '19,20-Epoxycytochalasin R', 'Quercetin 3-O-sophoroside', '(3R,4R)-3,4-Dihydro-4,6-dihydroxy-3-methyl-1-oxo-1H-isochromene-5-carboxylic acid', 'Casearin L; (1R*,3S*,5S*,6aR*,7R*,8R*,9S*,10S*,10aR*)-1,10-Bis(acetyloxy)-3,5,6,6a,7,8,9,10-octahydro-9-hydroxy-5-methoxy-7,8-dimethyl-7-[(2Z)-3-methylpenta-2,4-dien-1-yl]naphtho[1,8a-c]-furan-3-yl Butanoate', 'Platydesmine', 'Leiokinine A', 'Cabraleadiol', 'Muraxanthone', '3,4,5-Triacetoxybenzoic acid', 'Odoratone', 'Rel-6β-hydroxyzuelanin-2β-benzoate', 'shidasterone', '5-hydroxymethyl- 2-furancarboxaldehyde; 5-hydroxymethyl-2-furfuraldehyde', 'atalaphyllinine', 'N-[10- (13,14-methylenedioxyphenyl)-7(E)-pentaenoyl]-pyrrolidine', '2-Methyl-5-methoxy-benzopyran-4-one', '3,4-dihydroxybenzoic acid geranyl ester', 'Casearupestrin A', '2-oxo-piperol B; (7S*, 8R*, 1R*, 3R*)-3,4,5-trimethoxy-3,7-cyclo-8,1-neolig-8-ene-2,4(3H)-dione', '(+)-3-O-feruloylcassine', 'Amentoflavone', '1-(5,7-dihydroxy-2,2-dimethylchroman-6-yl)-3-(1,1,4a-trimethyl-2,3,4,4a,9a-hexahydro-1H-xanthen-7-yl)propan-1-one', 'Methyl (E)-6,7,8-trimethoxycinnamate', '3,4,5-Trimethoxyphenyl-1-O-β-D-(5-O-syringoyl)-apiofuranosyl-(1→6)-β-D-glucopyranoside', 'taxifolin', ""(2'S)-2-(propan-2'-ol)-5-hydroxy-benzopyran-4-one"", 'Rel-(+)-(7S,9R,10S)-3,9,12-trihydroxycalamenene', 'Casearin S', '11β-acetoxyobacunone', '1-(5,7-dihydroxy-2,2-dimethylchroman- 6-yl)-3-[4-hydroxy-3-(3-methylbut-2-en-1-yl)- phenyl]propan-1-one', '(3R,4R)-4,7-Dihydroxymellein', ""Nitensoside B; Pedalitin 6-O-α-rhamnopyranosyl(1'''→6'')-β-glucopyranoside"", 'Gedunin', 'Pedalin, pedalitin 6-O-β -glucopyranoside', 'Caseargrewiin F; (1R*,3S*,5S*,6aR*,7S*,8R*,10R*,10aR*)-1,3-Bis(acetyloxy)-3,5,6,6a,7,8,9,10-octahydro-10-hydroxy-7,8-dimethyl-7-[(2Z)-3-methylpenta-2,4-dien-1-yl]naphtho[1,8a-c]furan-5-yl Butanoate', 'Salacin', '6-pentadecylsalicylic acid', 'Methyl-2,2-dimethylchroman-6-carboxylate', ""Myrsinoic acid A, 3-Geranyl-4-hydroxy-5-(3'',3''-dimethylallyl)benzoic acid"", '20α-Hydroxymaytenin; 20-hydroxy-20-epi-tingenone', '(-)-Epigallocatechin-3-O-gallate', 'Casearin D; (1R*,3S*,5S*,6aR*,7R*,8R*,9S*,10S*,10aR*)-1-(Acetyloxy)-3,5,6,6a,7,8,9,10-octahydro-5,10-dihydroxy-7,8-dimethyl-7-[(2Z)-3-methylpenta-2,4-dien-1-yl]naphtho[1,8a-c]furan-3,9-diyl Dibutanoate', 'schaftoside', ""(2S)-Methyl-8-isopentyl-2-methyl-2-(4'-methylpentyl)chroman-6-carboxylate"", 'Methyl gallate', '3-O-β-D-quinovopyranosyl cincholic acid', 'Afzelin, 3-O-α-rhamnosyl kaempferol', 'Egonol', '4-Nerolidilcatechol', ""2-(2'-O-transcoumaroyl)-C-β-D-glucopyranosyl-1,3,6,7-tetrahydroxyxanthone"", 'Syringic acid', 'arjunolic acid', 'stachysterone', 'Ethyl 2,4-dihydroxy-5,6-dimethylbenzoate', 'Amentoflavone 7”,4”’-dimethyl ether', 'Picramnioside F', 'Lauryl gallate', 'Syringaldehyde', '22-hydroxytirucalla-7,24-diene-2,3-dione', 'Trans-3’-methylsulphonylallyl trans-cinnamate', '(3-(2-(4-hydroxyphenyl)-2-oxoethyl)-5,6-dihydropyridin- 2(1H)-one)', 'Mangiferin', '6-[8(Z),11(Z),14-pentadecatrienyl]salicylic acid', 'Sorbifolin', ""Nitensoside A; Sorbifolin 6-O-α-rhamnopyranosyl(1'''→6'')-β-glucopyranoside"", 'Casearin O; (1R*,3S*,5S*,6aR*,7R*,8R*,9S*,10S*,10aR*)-1,10-Bis(acetyloxy)-5-methoxy-7,8-dimethyl-7-[(2Z)-3-methylpenta-2,4-dien-1-yl]-3,5,6,6a,7,8,9,10-octahydronaphtho[1,8a-c]furan-3,9-diyl Dibutanoate', 'germacrene D', 'n-Propyl gallate', ""3',4',5',5,7,8-hexamethoxyflavone"", 'Isopropyl gallate', '6β-hydroxy-7-epigardoside methyl ester', 'Tetrahydropiperyline, N-[10-(13,14-methylenedioxyphenyl)-pentanoyl]-pyrrolidine', 'Piperovatine', '2,4,6-trimethoxybenzoic acid', '1-O-(E)-caffeoyl-β-D-glucopyranoside', 'Piperol B', '(-)-Hardwickiic acid', ""5-[3''-(β-D-glucopyranosyloxy)propyl]-7-methoxy-2-(3',4'-methylenedioxyphenyl)benzofuran"", '28-O-β-D-glucopyranosyl quinovic acid', 'Rel. (+)-(7S,10S) 3,12-dihydroxycalamenene', 'carlinoside', 'Methyl-8-(ethanoyloxy)-2,2-dimethyl-2H-chromene-6-carboxylate', '2β-Hydroxyzuelanin-6β-cinnamate', 'Cyclo-(L-Pro-L-Val)', 'Acetonide of odoratol', '(−)-Grandisin', '24-methylenecycloartan-3b-ol', 'Ixoside', 'Cognatine', 'Fagaramide']]",doi_name
"['10.1590/S1519-566X2008000600013', '24-methylene-3,22-dihydroxycholesterol']","['10.1590/S1519-566X2008000600013', ['2α,3α-Dihydroxy-urs-12-en-28-oic acid', 'Haplotusine', 'β-Sitosterol benzoate', '5-hydroxyflavone', '2-phenyl-4H-chromen-4-one', '3-O-β-D-(6’-methyl)-glucopyranosyl-28-O-β-D-glucopyranosyl-oleanate', 'Oleanolic acid 3-sophoroside', 'Sinapyl 4-O-β-D-glucopyranoside aldehyde', 'Sinapyl 4-O-β-D-glucopyranoside alcohol', 'Liriodenine', 'N-acetylnonaine', 'Hinesol', 'γ-eudesmol', 'α-eudesmol', 'guaiol', 'Anhydrofusarubin', 'Beauvericin', 'Galioside aglicone', '11-O-trans-feruloylteucrein', 'Teucrein', 'Galioside', 'Apodanthoside', ""3',4',5',3,5,7,8-heptamethoxyflavone"", ""3,5,6,7,3',4',5'-heptamethoxyflavonol"", '5,7-dimethoxy-2,2-dimethyl-2H-1-benzopyran-6-propanoic acid', 'Chlorogenic acid methyl ester, Methyl (1S,3R,4R,5R)-3-{[(2E)-3-(3,4-dihydroxyphenyl)-2-propenoyl]oxy}-1,4,5-trihydroxycyclohexanecarboxylate', ""Isoswertisin-4'-methyl-ether-2''α-L-rhamnoside"", 'Clusifoliol', '2-Episesalatin', ""Isoswertisin-2''α1-L-rhamnoside"", 'Sesartemin', 'Methacrylic acid', '(22E,24R)-ergosta-4,6,8(14),22-tetraen-3-one', 'Dimethyl terephthalate', 'Ergosterol peroxide', '8-hydroxy-6-methoxy-3-methylisocoumarin', 'Pimara-7,15-dien-3β-ol', 'Kaempferol-3-O-D-galactopyranoside', 'Kaempferol-3-O-α-L-rhamnopyranosyl-(1→6)-β-D-galactopyranoside', 'Catechin, Ent-catechin', 'Kaempferol-3-O-rutinoside', 'Procyanidin B-3', 'Kaempferol-3-O-D-glucopyranoside', '6-Hydroxy-rutin', 'Kaempferol-3-O-α-L-rhamnopyranosyl-(1-6)-α-L-rhamnopyranosyl-(1-4)-β-D-glucopyranoside', 'Quercetin-3-O-α-L-rhamnopyranosyl-(1→6)-β-D-galactopyranoside', 'Methyl (3R,4R,5R)-3-{[(2E)-3-(3,4-dihydroxyphenyl)-2-propenoyl]oxy}-1,4,5-trihydroxycyclohexanecarboxylate', 'Methyl (3R,4R,5R)-3-{[(2Z)-3-(3,4-dihydroxyphenyl)-2-propenoyl]oxy}-1,4,5-trihydroxycyclohexanecarboxylate', ""Sakuranetin; 5,4'-dihydroxy-7-methoxyflavanone"", ""Isosakuranetin; 5,7-dihydroxy-4'-methoxyflavanone"", ""4-Hydroxy-(3',7'-dimethyl-1'-oxo-octa-2'-E-6'-dienyl)benzoic acid"", ""4-Hydroxy-3-(3',7'-dimethyl-3'-hydroxy-1'-oxo-6'-octenyl)benzoic acid"", ""1,4-Dihydroxy-2-(3',7'-dimethyl-1'-oxo-2'-E-6'-octadienyl)benzene"", '5,7-dimethoxy-2,2-dimethyl-2H-1-benzopyran-6-propanoate', 'astilbin; Rel-(2R, 3R)-dihydroquercetin-3-O-±-L-rhamnoside', '(+)-11α-Hydroxyerythravine', '(+)-α-Hydroxyerysotrine', '(+)-Erythravine', ""7,4'-Dihydroxyflavone"", '19´-(3,4-Methylenedioxyphenyl)-nonadecanoic acid', 'Farnisine', ""7,4'-Dimethoxyflavone"", 'Sargachromenol', 'Sargaquinoic acid', '(+)-Guaiacin', '21´-(3,4-Methylenedioxyphenyl)-henicosanoic acid', '17-(3,4-Methylenedioxyphenyl)-heptadecanoic acid', 'Fasciculiferin', ""Juruenolic acid; 2-(4'-Methylpentenyl-3)-10-oxoundecan-2,6-dienoic acid"", 'Tithonine', 'Taraxerol acetate', 'Nilocetin', 'Hispidol A', 'cryptomeridiol', 'Iso-odoratol', '3,11-dioxoolean-12-en-28- onic acid', 'Oleanonic acid', 'Pentaol', 'Piscidinol A', 'Piperaduncine B', ""2',6'-Dihydroxy-4'-methoxydihydrochalcone"", '3,4,5-Trimethoxydihydrocinnamic acid', ""4-Hydroxy-(3',7'-dimethyl-1'-oxo-octa-2'-Z-6'-dienyl)benzoic acid"", ""Methyl 4-hydroxy-3-(3'-methyl-2'-hydroxy-3'-butenyl)benzoate"", ""Hostmaniene; 4-Hydroxy-3-(2',3'-dihydroxy-3'-methylbutyl)benzoate"", ""Aduncumene; Methyl 2-methoxy-5-(3'-methyl-1'-oxo-2'-butenyl)benzoate"", ""4-Hydroxy-3-(3',7'-dimethylocta-2'-E-6'-dienyl)benzoic acid"", ""Methyl taboganate; Methyl 4-hydroxy-3-(3'-methyl-1'-oxo-2'-butenyl)benzoate"", ""Methyl 4-hydroxy-3-(3'-methyl-2'-butenyl)benzoate"", 'Methyl 2,2-dimethyl-1-oxo-2H-1-benzopyran-6-carboxylate', '4-metoxi-6-[2-(metilamino)fenil]- 2H-piran-2-ona', ""3,4-dimethyl-2-(4'-hydroxy-3',5'-dimethoxyphenyl)-5-methoxy-tetrahydrofuran"", 'Aphidicolin', '7-Methoxydiderroside', 'Diderroside', ""6'-Acetyl-β-D-glucopyranosyldiderroside"", 'Secoxyloganin', 'Stearic acid 4-pentoyloxyphenethyl ester', '3,3-O-dimethylquercetin', 'penduletin 4-O-methyl ether', '2α,3α,19α- trihydroxyurs-12-en-28-oic acid', 'acacetin', '2α,3α-dihydroxyolean-12- en-28-oic acid', '3,7,4-O-trimethylkaempferol', 'p-hydroxybenzoic acid', 'Chrysoeriol', '3-O-methylquercetin', '(-)-3-O-acetyl-spectaline', '3,4-dihydro-3,5,8-trihydroxy-6-methoxy-2,2,7-trimethyl-2Hpyrano[ 2,3-a]acridin-12(7H)-one', 'Glycocitrine-IV', 'Citrusinine-II', '1,3,5-trihydroxy-4-methoxy-10-methyl- 2,8-bis(3-methylbut-2-enyl)acridin-9(10H)-one', '5-hydroxynoracronycine; Atalaphyllidine', '1,3,5-trihydroxy- 2,8-bis(3-methylbut-2-enyl)-10-methyl-9-acridone', 'Glycocitrine-I', 'Pyranofoline', 'Citrusinine-I', 'Nitensidine E', 'Nitensidine D', '9-hydroxyeugenin', 'Mycoleptone A', 'Austdiol diacetate', '6-methoxyeugenin', 'Eugenitin', 'Austdiol', 'Mycoleptone A tetraacetate', 'Mycoleptone B', 'Isopimpinellin', 'cyclo (L)-Pro-Gly', '5α-carboxystrictosidine', '3,4-dehydrostrictosidine acid', 'Strictosidine acid', 'Harman-3-carboxylic acid', 'Cordifoline', '3,4-dehydro-strictosidine', 'Turbinatine', 'Deoxycordifoline', '1-methoxy-3-hydroxy-3,10b-4,5a-diepoxy-8b-isobutyroyloxygermacr-11(13)-en-6a,12-olide', 'Tagitinin C', ""2-(1'-pentenyl)-Quinoline"", '2-n-Pentylquinoline', '2-n-Propylquinoline', ""2-(3',4'-methylenedioxyphenylethyl)-Quinoline"", '8,9-dihydropiplartine; N-(12,13,14-trimethoxydihydrocinnamoyl)-Δ3-pyridin-2-one', '4,5-dihydropiperyline', '4,5-dihydropiperlonguminine; Piperlonguminine', ""N-[3-(6'-methoxy-3',4'-methy-lenedioxyphenyl)-2(Z)-propenoyl]pyrrolidine"", 'Piperine', '(Z)-piplartine; 8(Z)-N-(12,13, 14-trimethoxycinnamoyl)- 3-pyridin-2-one', '10,11-dihydropiperine; Δα,β-dihydropiperine', '(E)-piplartine', 'Pellitorine', '(3Z,5Z)-N-isobutyl-8-(30,40-methylenedioxy-phenyl)-heptadienamide', 'Xanthyletin', ""4-Methoxy-3-(3',7'-dimethylocta-2'-E-6'-dienyl)benzoic acid"", 'Methyl-8-hydroxy-2,2-dimethyl-2H-chromene-6-carboxylate', ""3-(3',7 '-dimethyl-2',6 '-octadienyl)-4-methoxy-benzoic acid"", ""Rel-(7R,8S,7'S,8'S)-4-hydroxy-4',5'-methylenedioxy-3,5,3'-trimethoxy-7,7'-epoxylignan"", ""Rel-(7R,8S,7'S,8'S)-4'-hydroxy-3,4,5,3',5'-pentamethoxy-7,7'-epoxylignan"", ""Rel-(7R,8S,7'S,8'S)-9-hydroxy-4',5'-methylenedioxy-3,4,5,3'-tetramethoxy-7,7'-epoxylignan"", ""Rel-(7R,8S,7'S,8'S)-4',5'-methylenedioxy-3,4,5,3'-tetramethoxy-7,7'-epoxylignan"", ""Rel-(7R,8S,7'S,8'S)-4,5,4',5'-dimethylenedioxy-3,3'-dimethoxy-7,7'-epoxylignan"", ""3',4'-methylenedioxy-5,6,7- trimethoxyflavone"", ""3',4'-methylenedioxy-5,5',6,7-tetramethoxyflavone"", ""2'-hydroxy-3,4,4'-trimethoxy-5',6'-(2'',2''-dimethylpyrano)-chalcone"", ""3',4'-methylenedioxy-5,7-dimethoxyflavone"", 'β-Gardiol', 'α-Gardiol', 'Ferulic acid', '7-Methyl-sargachromenol; 2,7,8-Trimethyl-2-[(3-E,7-Z)-4,12-dimethyl-8-carboxyl-3,7,11-tridecatrienyl]-3-chromen-6-ol, β-caroteno', 'Verrucosin', 'Epi-guaiacin', 'Nectandrin B', '21α,25-dimethylmelianodiol', '21β,25-dimethylmelianodiol', '3,21-Di-epi-feroniellide B', '2,3-dihydro-4,9-dihydroxy-2-(2-hydroxy-propan-2-yl)- 11-methoxy-10-methylfuro[3,2-b]acridin-5(10H)-one', 'Citibrasine', 'bis-5-hydroxyacronycine', 'β-caryophyllene, trans-caryophyllene', 'Cusculine; 1,2,3,5,6-pentamethoxy-9-acridone', 'Cuspanine; 1-hydroxy-2,3,5,6-tetramethoxy-9-acridone', '[10]-gingerol', ""2,4-Dihydroxy-6-[(1'E,3'E)-penta-1', 3'-dienyl]-benzaldehyde"", '2-methyl-5-[8(Z)-pentadecenyl]resorcinol', 'Nitensidine A', '2-hydroxyphenylacetic acid', '2-methyl-5-pentadecylresorcinol', '3β-hydroxy-stigmast-5-en-7-one; 24-β-7-oxositosterol', 'scillascillin', '(4R)-4,8-dihydroxy-α-tetralone', 'Skimmianine', 'p-hydroxybenzoic acid-geranyl ester', 'Dibenzyl disulphide', 'Proanthocyanidin', 'neoisoastilbin', 'Mangiferin', 'Salacin', ""2-(2'-O-trans-cinnamoyl)-C-β-D-glucopyranosyl-1,3,6,7-tetrahydroxyxanthone"", 'Kokusaginine', 'Ocotillone', 'des-N-methylnoracronycine', 'Sorbifolin 6-O-β-glucopyranoside', 'Rel-2α-hydroxyzuelanin-6β-benzoate', '3-O-β-D-quinovopyranosyl quinovic acid', ""8-hydroxy-3,5,7,3',4',5'-hexamethoxyflavonol"", 'Odoratol', 'Leptomerine', '5-hydroxy-N-methylseverifoline', '19,20-Epoxycytochalasin N', 'ellagic acid 4-O-α-L-rhamnopyranoside; eschweilenol C', 'Mayoside C', 'Ourateacatechin', ""3',4',5',5,7-pentamethoxyflavone"", '1-methyl-2-n-nonyl-4-quinolone', '5-[8(Z),11(Z),14-pentadecatrienyl]resorcinol', 'Gallic acid; 3,4,5-trihydroxybenzoic acid', 'Maculosidine', 'Podocarpusflavone A', 'Casearupestrin C', '6α-malonyloxy-n-butyl ester manoyl oxide', 'citrusinine-I', 'Caseobliquin A', 'Methyl angolensate', ""5-(3'' -Hydroxypropyl)-7-methoxy-2-(3',4' -methyl-enedioxyphenyl)benzofuran"", '22β-hydroxypristimerin', '1- (5,7-dihydroxy-2,2-dimethylchroman-6-yl)-3-(2,2-dimethylchroman- 6-yl)propan-1-one', 'Canavaline', 'Di-hydrodehydrodiconiferyl alcohol', 'Quercetin', '2-n-nonyl-4-quinolone', 'Cytochalasin D', 'polypodine B', 'n-Propyl gallate', ""3',4',5',5,7,8-hexamethoxyflavone"", 'Isopropyl gallate', '6β-hydroxy-7-epigardoside methyl ester', 'Tetrahydropiperyline, N-[10-(13,14-methylenedioxyphenyl)-pentanoyl]-pyrrolidine', 'Piperovatine', '2,4,6-trimethoxybenzoic acid', '1-O-(E)-caffeoyl-β-D-glucopyranoside', 'Quercitrin, 3-O-α-rhamnosylquercetin', '2,6-di-O-acetylcasearupestrin D', ""Methyl-2,2-dimethyl-8-(3'-methylbut-2'-enyl)chroman-6-carboxylate"", '2,7-Di-O-acetylcasearupestrin A', 'Nitensidine B', '(-)-Epigallocatechin', 'Netzahualcoyonol', '1-[3-(3,7-dimethylocta-2,6-dien-1-yl)-2,4,6- trihydroxyphenyl]-3-(4-hydroxyphenyl)propan-1-one', '6α-malonyloxymanoyl oxide', 'Benzylhydroxymethyl sulphide', '1,6-di-O-caffeoyl-β-D-glucopyranoside', '2-methyl-5-[8(Z),11(Z),14-pentadecatrienyl]resorcinol', 'Ricinine', 'Leptophyllin A', '5-pentadecylresorcinol', '19,20-Epoxycytochalasin D', 'fumiquinozoline F', 'Kaempferol 3-O-α-L-rhamnopyranosyl (1→6)-O-[β -D-glucopyranosyl (1→3)-O-α-L-rhamnopyranosyl-(1→2)]-O-β -D-glucopyranosyl', '3β-O-[α-L-rhamnopyranosyl-(1→2)-O-β-D-glucopyranosyl-(1→2)-O-β-D-glucopyranosyl]-28-O-β-D-glucopyranoside pomolate', 'Dibenzyl tetrasulphide', ""2',5-dihydroxy-3-methoxy-8-dimethylallyl-6, 7-(2' ',2''-dimethylpyrano)-dihydroflavonol"", ""Nitensoside B; Pedalitin 6-O-α-rhamnopyranosyl(1'''→6'')-β-glucopyranoside"", 'Amentoflavone', '20-hydroxyecdysone; polypodine A', '3-Acetyl aleuritolic acid', '28-O-β-D-glucopyranosyl quinovic acid', '2-Methyl-4-hydroxy-butyl caffeoate', 'N-1,N-2,N-3-Triisopentenylguanidine', 'Dibenzyl trisulphide', 'Maytenin, Tingenone', 'urauchimycin B', ""2-(2'-O-trans-caffeoyl)-C-β-D-glucopyranosyl-1,3,6,7-tetrahydroxyxanthone"", 'Netzahualcoyene', 'Casearin X Dialdehyde; (2R*,4aS*,5S*,7R*,8R*,8aS*)-4,4a-Diformyl-1,2,4a,5,6,7,8,8a-octahydro-5-hydroxy-7,8-dimethyl-8-[(2Z)-3-methylpenta-2,4-dien-1-yl]naphthalen-2-yl Butanoate', 'Isoorientin', 'urauchimycin A', 'p-Coumaric acid', '3-Oxoursolic acid', 'Casearupestrin B', 'toonacilin', 'Uracil', '1-O-(E)-feruloyl-β-D-glucopyranoside', '19,20-Epoxycytochalasin C', 'n-Pentyl gallate', 'Casearupestrin A', '2-oxo-piperol B; (7S*, 8R*, 1R*, 3R*)-3,4,5-trimethoxy-3,7-cyclo-8,1-neolig-8-ene-2,4(3H)-dione', 'taxifolin', ""(2'S)-2-(propan-2'-ol)-5-hydroxy-benzopyran-4-one"", 'Rel-(+)-(7S,9R,10S)-3,9,12-trihydroxycalamenene', 'Casearin S', '11β-acetoxyobacunone', '1-(5,7-dihydroxy-2,2-dimethylchroman- 6-yl)-3-[4-hydroxy-3-(3-methylbut-2-en-1-yl)- phenyl]propan-1-one', '(3R,4R)-4,7-Dihydroxymellein', 'Orcinol', 'Periconicin B', 'Phomopsilactone', ""(2S)-8-Isopentyl-2-methyl-2-(4'-methylpentyl)chroman-6-carboxylic acid"", '2,2-dimethyl-2H-chromene-6-carboxylic acid', '1,2-dihydro- 3β-hydroxy-7-deacetoxy-7-oxogedunin', 'Photogedunin', 'Casearin X; (1R*,3S*,5S*,6aR*,7S*,8S*,10R*,10aR*)-1-(Acetyloxy)-3,5,6,6a,7,8,9,10-octahydro-10-hydroxy-7,8-dimethyl-7-[(2Z)-3-methylpenta-2,4-dien-1-yl]naphtho[1,8a-c]furan-3,5-diyl Dibutanoate', ""2-(R)-Methyl-6-(S)-(tetradecyl-13'-one)-3(R)-O-tert-butyldimethylsilyl-piperidine"", '(2S)-Methyl-2-methyl-8-(3""-methylbut-2""-enyl)-2-(4\'-methylpent-3\'-enyl)-2H-chromene-6-carboxylate', 'Casearin T', 'Piperyline, N-[10-(13,14-methylenedioxyphenyl)-7(E),9(E)-pentadienoyl]-pyrrolidine', 'Alkenoic acid', 'Quercetin 3-O-α-L-rhamnopyranosyl (1→6)-O-[β -D-glucopyranosyl (1→3)-O-α-L-rhamnopyranosyl-(1→2)]-O-β -D-glucopyranosyl', 'Heveaflavone', 'Arboreumine', '(-)-Hardwickiic acid', ""5-[3''-(β-D-glucopyranosyloxy)propyl]-7-methoxy-2-(3',4'-methylenedioxyphenyl)benzofuran"", 'ω-fenil alcanoic acid', '2-butyl-D-fructofuranoside', ""Gaudichaudianic acid; (2S)-2-methyl-2-(4'methyl-3'-pentenyl)-8-(3''-methyl-2-butenyl)- 2H-1-benzopyran-6-carboxylic acid"", 'limonexic acid', 'Pedalitin', 'Di(benzyltrithio) methane', '3,11,12-Trihydroxycadalene', 'Quercetin 3-O-sophoroside', '(3R,4R)-3,4-Dihydro-4,6-dihydroxy-3-methyl-1-oxo-1H-isochromene-5-carboxylic acid', '24-methylene-3,22-dihydroxycholesterol', 'amorphispironone', 'Casearupestrin D', 'Chaetoglobosin B', ""2-(2'-O-benzoyl)-C-β-D-glucopyranosyl-1,3,6,7-tetrahydroxyxanthone"", '5-[8(Z)-pentadecenyl]resorcinol', 'Luteolin; 2-(3,4-dihydroxyphenyl)-5,7-dihydroxy-4H-chromen-4-one', 'Sinapic acid', '19,20-Epoxycytochalasin Q', '19,20-Epoxycytochalasin R', 'epoxy-fraxinellone', '12′-hydroxy-7′-multijuguinone', 'Kaempferitrin', 'Nitensidine C', 'Dipropyl disulphide', '2-methyl-5-[8(Z),11(Z)-pentadecadienyl]resorcinol', 'Methyl 6,7,8-trimethoxydihydrocinnamate', '2-Hexyl-3-methyl-butanodioic acid', 'fraxinellone', '6-[ 8(Z),11(Z) -pentadecadienyl] salicylic acid', 'Piperol B', 'Muraxanthone', '1-(5,7-dihydroxy-2,2-dimethylchroman-6-yl)-3-(1,1,4a-trimethyl-2,3,4,4a,9a-hexahydro-1H-xanthen-7-yl)propan-1-one', 'Methyl (E)-6,7,8-trimethoxycinnamate', '3,4,5-Trimethoxyphenyl-1-O-β-D-(5-O-syringoyl)-apiofuranosyl-(1→6)-β-D-glucopyranoside', '6-[8(Z),11(Z),14-pentadecatrienyl]salicylic acid', 'Sorbifolin', ""Nitensoside A; Sorbifolin 6-O-α-rhamnopyranosyl(1'''→6'')-β-glucopyranoside"", 'Casearin O; (1R*,3S*,5S*,6aR*,7R*,8R*,9S*,10S*,10aR*)-1,10-Bis(acetyloxy)-5-methoxy-7,8-dimethyl-7-[(2Z)-3-methylpenta-2,4-dien-1-yl]-3,5,6,6a,7,8,9,10-octahydronaphtho[1,8a-c]furan-3,9-diyl Dibutanoate', 'germacrene D', 'Odoratone', 'Rel-6β-hydroxyzuelanin-2β-benzoate', 'Isoplumericin', 'α-L-xylopyranosyl-(4""→20)-(3-O-β-D-glucopyranosyl)-1\'-O-E-caffeoyl-β-D-glucopyranoside', '6-[8(Z)-pentadecenyl]salicylic acid', '(2S)-2-methyl-8-(3""-methylbut-2""-enyl)-2-(4\'-methylpent-3\'-enyl)-2H-chromene-6-carboxylic acid', 'Burchellin', 'N-[10-(13,14-methylenedioxyphenyl)-7(E),9(Z)-pentadienoyl]-pyrrolidine', 'Gedunin', 'Pedalin, pedalitin 6-O-β -glucopyranoside', 'Caseargrewiin F; (1R*,3S*,5S*,6aR*,7S*,8R*,10R*,10aR*)-1,3-Bis(acetyloxy)-3,5,6,6a,7,8,9,10-octahydro-10-hydroxy-7,8-dimethyl-7-[(2Z)-3-methylpenta-2,4-dien-1-yl]naphtho[1,8a-c]furan-5-yl Butanoate', ""Acteoside; [β-3,4-dihydroxyphenyl)-ethyl]-(3'-O-α-L-rhamnopyranosyl)-(4'-O-cafeoyl)-β-D-glycopyranoside, verbascoside"", 'Homoegonol', '[8]-gingerol', '4-Hydroxymellein', '5-hydroxymellein', 'fraxinellonone', 'Dibenzyl sulphide', '(-) Cis-4-hydroxy-6-deoxyscytalone', 'Plumericin', '5-[8(Z),11(Z)-pentadecadienyl]resorcinol', '(-)-Spectalinine', 'Netzahualcoyondiol', 'Leiokinine A', 'Cabraleadiol', 'schaftoside', ""(2S)-Methyl-8-isopentyl-2-methyl-2-(4'-methylpentyl)chroman-6-carboxylate"", '3,4,5-Triacetoxybenzoic acid', 'Methyl gallate', '3-O-β-D-quinovopyranosyl cincholic acid', 'Afzelin, 3-O-α-rhamnosyl kaempferol', 'Egonol', '4-Nerolidilcatechol', 'shidasterone', '5-hydroxymethyl- 2-furancarboxaldehyde; 5-hydroxymethyl-2-furfuraldehyde', 'atalaphyllinine', 'N-[10- (13,14-methylenedioxyphenyl)-7(E)-pentaenoyl]-pyrrolidine', '2-Methyl-5-methoxy-benzopyran-4-one', '3,4-dihydroxybenzoic acid geranyl ester', '(-)-Epigallocatechin-3-O-gallate', 'Casearin D; (1R*,3S*,5S*,6aR*,7R*,8R*,9S*,10S*,10aR*)-1-(Acetyloxy)-3,5,6,6a,7,8,9,10-octahydro-5,10-dihydroxy-7,8-dimethyl-7-[(2Z)-3-methylpenta-2,4-dien-1-yl]naphtho[1,8a-c]furan-3,9-diyl Dibutanoate', '(R)-7-Hydroxymellein', '6α-acetoxymanoyl oxide', 'Methyl-8-hydroxy-2,2-dimethylchroman-6-carboxylate', '6α-acetoxy-14β,15β-epoxyazadirone', 'Pristimerin; 20α-3-hydroxy-2-oxo-24-nor-friedela-1-10,3,5,7-tetraen-carboxylic acid-29-methylester', '3,4,5-trimethoxyphenyl 1-O-β-D-apiofuranosyl-(1→6)-O-β-D-glucopyranoside', 'β-photogedunin', 'n-Butyl gallate', ""5-[3''-(β-D-glucopyranosyloxy)propyl]-7-methoxy-2-(3',4'-dimethoxyphenyl)benzofuran"", '3,12-Dihydroxycadalene', '7-hydroxy-3- (11-dimethylallyl)-8-methoxycoumarin', ""N-[7-(3',4'-methylenedioxyphenyl)-2(Z),4(Z)-heptadienoyl]pyrrolidine"", 'Casearin L; (1R*,3S*,5S*,6aR*,7R*,8R*,9S*,10S*,10aR*)-1,10-Bis(acetyloxy)-3,5,6,6a,7,8,9,10-octahydro-9-hydroxy-5-methoxy-7,8-dimethyl-7-[(2Z)-3-methylpenta-2,4-dien-1-yl]naphtho[1,8a-c]-furan-3-yl Butanoate', 'Platydesmine', 'stachysterone', 'Ethyl 2,4-dihydroxy-5,6-dimethylbenzoate', 'Amentoflavone 7”,4”’-dimethyl ether', 'Picramnioside F', 'Lauryl gallate', 'Syringaldehyde', '22-hydroxytirucalla-7,24-diene-2,3-dione', 'Trans-3’-methylsulphonylallyl trans-cinnamate', '(3-(2-(4-hydroxyphenyl)-2-oxoethyl)-5,6-dihydropyridin- 2(1H)-one)', ""2-(2'-O-transcoumaroyl)-C-β-D-glucopyranosyl-1,3,6,7-tetrahydroxyxanthone"", 'Syringic acid', '(+)-3-O-feruloylcassine', '6-pentadecylsalicylic acid', 'Methyl-2,2-dimethylchroman-6-carboxylate', ""Myrsinoic acid A, 3-Geranyl-4-hydroxy-5-(3'',3''-dimethylallyl)benzoic acid"", '20α-Hydroxymaytenin; 20-hydroxy-20-epi-tingenone', 'Viburgenin', ""Pterogynoside; Kaempferol-3-O-(3''-O-4'''-methylgallate-α-L-rhamnoside)"", 'Isobutyl gallate', '7′-multijuguinone', 'Griseofulvin', ""7-Hydroxy-4',6-dimethoxyisoflavone; Afrormosin; Afromosin"", '8-methoxymellein', '(±)-Syringaresinol', 'Cyclo-(L-Pro-L-Val)', 'Acetonide of odoratol', '(−)-Grandisin', '24-methylenecycloartan-3b-ol', 'Rel. (+)-(7S,10S) 3,12-dihydroxycalamenene', 'carlinoside', 'Methyl-8-(ethanoyloxy)-2,2-dimethyl-2H-chromene-6-carboxylate', 'arjunolic acid', 'Ixoside', '2β-Hydroxyzuelanin-6β-cinnamate', 'Cognatine', 'Fagaramide', 'Chalepin', 'Chlorogenic acid', 'Kaempferol']]",doi_name
"['10.1021/np100840w', 'Casearupestrin B']","['10.1021/np100840w', ['guaiol', 'Hinesol', 'γ-eudesmol', 'α-eudesmol', '11-O-trans-feruloylteucrein', 'Teucrein', 'Galioside aglicone', 'Galioside', 'Apodanthoside', 'Mycoleptone A', '9-hydroxyeugenin', 'Austdiol', 'Austdiol diacetate', 'Mycoleptone A tetraacetate', '6-methoxyeugenin', 'Eugenitin', 'Mycoleptone B', 'Chlorogenic acid methyl ester, Methyl (1S,3R,4R,5R)-3-{[(2E)-3-(3,4-dihydroxyphenyl)-2-propenoyl]oxy}-1,4,5-trihydroxycyclohexanecarboxylate', '7-Methoxydiderroside', 'Secoxyloganin', 'Diderroside', ""6'-Acetyl-β-D-glucopyranosyldiderroside"", '5,7-dimethoxy-2,2-dimethyl-2H-1-benzopyran-6-propanoate', ""4-Methoxy-3-(3',7'-dimethylocta-2'-E-6'-dienyl)benzoic acid"", 'Methyl-8-hydroxy-2,2-dimethyl-2H-chromene-6-carboxylate', ""3-(3',7 '-dimethyl-2',6 '-octadienyl)-4-methoxy-benzoic acid"", ""2'-hydroxy-3,4,4'-trimethoxy-5',6'-(2'',2''-dimethylpyrano)-chalcone"", ""3',4'-methylenedioxy-5,5',6,7-tetramethoxyflavone"", ""3',4'-methylenedioxy-5,6,7- trimethoxyflavone"", ""3',4'-methylenedioxy-5,7-dimethoxyflavone"", 'cyclo (L)-Pro-Gly', 'Nectandrin B', 'Verrucosin', 'Epi-guaiacin', '7-Methyl-sargachromenol; 2,7,8-Trimethyl-2-[(3-E,7-Z)-4,12-dimethyl-8-carboxyl-3,7,11-tridecatrienyl]-3-chromen-6-ol, β-caroteno', ""2-(3',4'-methylenedioxyphenylethyl)-Quinoline"", '2-n-Pentylquinoline', '2-n-Propylquinoline', ""2-(1'-pentenyl)-Quinoline"", '2,3-dihydro-4,9-dihydroxy-2-(2-hydroxy-propan-2-yl)- 11-methoxy-10-methylfuro[3,2-b]acridin-5(10H)-one', 'bis-5-hydroxyacronycine', 'Citibrasine', '21β,25-dimethylmelianodiol', '3,21-Di-epi-feroniellide B', '21α,25-dimethylmelianodiol', '(-)-3-O-acetyl-spectaline', 'Xanthyletin', ""Rel-(7R,8S,7'S,8'S)-4-hydroxy-4',5'-methylenedioxy-3,5,3'-trimethoxy-7,7'-epoxylignan"", ""Rel-(7R,8S,7'S,8'S)-4'-hydroxy-3,4,5,3',5'-pentamethoxy-7,7'-epoxylignan"", ""Rel-(7R,8S,7'S,8'S)-4',5'-methylenedioxy-3,4,5,3'-tetramethoxy-7,7'-epoxylignan"", ""Rel-(7R,8S,7'S,8'S)-9-hydroxy-4',5'-methylenedioxy-3,4,5,3'-tetramethoxy-7,7'-epoxylignan"", ""Rel-(7R,8S,7'S,8'S)-4,5,4',5'-dimethylenedioxy-3,3'-dimethoxy-7,7'-epoxylignan"", 'Anhydrofusarubin', 'Beauvericin', 'Taraxerol acetate', 'Pentaol', '3,11-dioxoolean-12-en-28- onic acid', 'Iso-odoratol', 'Nilocetin', 'Hispidol A', 'Piscidinol A', 'cryptomeridiol', 'Oleanonic acid', 'Isopimpinellin', 'Methyl (3R,4R,5R)-3-{[(2Z)-3-(3,4-dihydroxyphenyl)-2-propenoyl]oxy}-1,4,5-trihydroxycyclohexanecarboxylate', 'Methyl (3R,4R,5R)-3-{[(2E)-3-(3,4-dihydroxyphenyl)-2-propenoyl]oxy}-1,4,5-trihydroxycyclohexanecarboxylate', ""Isoswertisin-4'-methyl-ether-2''α-L-rhamnoside"", 'Clusifoliol', ""Isoswertisin-2''α1-L-rhamnoside"", '2-Episesalatin', 'Sesartemin', 'Aphidicolin', ""3,4-dimethyl-2-(4'-hydroxy-3',5'-dimethoxyphenyl)-5-methoxy-tetrahydrofuran"", '3,3-O-dimethylquercetin', 'penduletin 4-O-methyl ether', '2α,3α,19α- trihydroxyurs-12-en-28-oic acid', 'acacetin', '2α,3α-dihydroxyolean-12- en-28-oic acid', 'p-hydroxybenzoic acid', '3-O-methylquercetin', 'Chrysoeriol', '3,7,4-O-trimethylkaempferol', 'Glycocitrine-IV', 'Glycocitrine-I', '3,4-dihydro-3,5,8-trihydroxy-6-methoxy-2,2,7-trimethyl-2Hpyrano[ 2,3-a]acridin-12(7H)-one', '5-hydroxynoracronycine; Atalaphyllidine', 'Citrusinine-I', 'Citrusinine-II', '1,3,5-trihydroxy-4-methoxy-10-methyl- 2,8-bis(3-methylbut-2-enyl)acridin-9(10H)-one', '1,3,5-trihydroxy- 2,8-bis(3-methylbut-2-enyl)-10-methyl-9-acridone', 'Pyranofoline', 'β-Gardiol', 'Ferulic acid', 'α-Gardiol', 'Stearic acid 4-pentoyloxyphenethyl ester', 'Sargaquinoic acid', '(+)-Guaiacin', '21´-(3,4-Methylenedioxyphenyl)-henicosanoic acid', 'Sargachromenol', ""Juruenolic acid; 2-(4'-Methylpentenyl-3)-10-oxoundecan-2,6-dienoic acid"", 'Fasciculiferin', ""7,4'-Dimethoxyflavone"", ""7,4'-Dihydroxyflavone"", '19´-(3,4-Methylenedioxyphenyl)-nonadecanoic acid', 'Tithonine', 'Farnisine', '17-(3,4-Methylenedioxyphenyl)-heptadecanoic acid', '(+)-Erythravine', '(+)-α-Hydroxyerysotrine', '(+)-11α-Hydroxyerythravine', 'astilbin; Rel-(2R, 3R)-dihydroquercetin-3-O-±-L-rhamnoside', ""Aduncumene; Methyl 2-methoxy-5-(3'-methyl-1'-oxo-2'-butenyl)benzoate"", ""Methyl 4-hydroxy-3-(3'-methyl-2'-hydroxy-3'-butenyl)benzoate"", ""4-Hydroxy-(3',7'-dimethyl-1'-oxo-octa-2'-Z-6'-dienyl)benzoic acid"", '3,4,5-Trimethoxydihydrocinnamic acid', ""4-Hydroxy-3-(3',7'-dimethylocta-2'-E-6'-dienyl)benzoic acid"", 'Methyl 2,2-dimethyl-1-oxo-2H-1-benzopyran-6-carboxylate', 'Piperaduncine B', ""Hostmaniene; 4-Hydroxy-3-(2',3'-dihydroxy-3'-methylbutyl)benzoate"", ""2',6'-Dihydroxy-4'-methoxydihydrochalcone"", ""Methyl taboganate; Methyl 4-hydroxy-3-(3'-methyl-1'-oxo-2'-butenyl)benzoate"", ""Methyl 4-hydroxy-3-(3'-methyl-2'-butenyl)benzoate"", 'Nitensidine D', 'Nitensidine E', 'Turbinatine', '3,4-dehydro-strictosidine', '5α-carboxystrictosidine', '3,4-dehydrostrictosidine acid', 'Strictosidine acid', 'Cordifoline', 'Harman-3-carboxylic acid', 'Deoxycordifoline', 'Kaempferol-3-O-α-L-rhamnopyranosyl-(1-6)-α-L-rhamnopyranosyl-(1-4)-β-D-glucopyranoside', 'Kaempferol-3-O-rutinoside', 'Kaempferol-3-O-D-galactopyranoside', '6-Hydroxy-rutin', 'Kaempferol-3-O-α-L-rhamnopyranosyl-(1→6)-β-D-galactopyranoside', 'Kaempferol-3-O-D-glucopyranoside', 'Procyanidin B-3', 'Quercetin-3-O-α-L-rhamnopyranosyl-(1→6)-β-D-galactopyranoside', 'Catechin, Ent-catechin', 'Ergosterol peroxide', 'Dimethyl terephthalate', '8-hydroxy-6-methoxy-3-methylisocoumarin', '(22E,24R)-ergosta-4,6,8(14),22-tetraen-3-one', 'Pimara-7,15-dien-3β-ol', ""Isosakuranetin; 5,7-dihydroxy-4'-methoxyflavanone"", ""1,4-Dihydroxy-2-(3',7'-dimethyl-1'-oxo-2'-E-6'-octadienyl)benzene"", ""Sakuranetin; 5,4'-dihydroxy-7-methoxyflavanone"", ""4-Hydroxy-3-(3',7'-dimethyl-3'-hydroxy-1'-oxo-6'-octenyl)benzoic acid"", ""4-Hydroxy-(3',7'-dimethyl-1'-oxo-octa-2'-E-6'-dienyl)benzoic acid"", '(3Z,5Z)-N-isobutyl-8-(30,40-methylenedioxy-phenyl)-heptadienamide', 'Pellitorine', '(E)-piplartine', '4,5-dihydropiperyline', '(Z)-piplartine; 8(Z)-N-(12,13, 14-trimethoxycinnamoyl)- 3-pyridin-2-one', 'Piperine', '8,9-dihydropiplartine; N-(12,13,14-trimethoxydihydrocinnamoyl)-Δ3-pyridin-2-one', '10,11-dihydropiperine; Δα,β-dihydropiperine', '4,5-dihydropiperlonguminine; Piperlonguminine', ""N-[3-(6'-methoxy-3',4'-methy-lenedioxyphenyl)-2(Z)-propenoyl]pyrrolidine"", '5,7-dimethoxy-2,2-dimethyl-2H-1-benzopyran-6-propanoic acid', ""3',4',5',3,5,7,8-heptamethoxyflavone"", ""3,5,6,7,3',4',5'-heptamethoxyflavonol"", 'Tagitinin C', '1-methoxy-3-hydroxy-3,10b-4,5a-diepoxy-8b-isobutyroyloxygermacr-11(13)-en-6a,12-olide', 'Methacrylic acid', '4-metoxi-6-[2-(metilamino)fenil]- 2H-piran-2-ona', 'β-caryophyllene, trans-caryophyllene', 'Cuspanine; 1-hydroxy-2,3,5,6-tetramethoxy-9-acridone', 'Cusculine; 1,2,3,5,6-pentamethoxy-9-acridone', '2α,3α-Dihydroxy-urs-12-en-28-oic acid', '3-O-β-D-(6’-methyl)-glucopyranosyl-28-O-β-D-glucopyranosyl-oleanate', 'Oleanolic acid 3-sophoroside', 'Haplotusine', 'β-Sitosterol benzoate', '5-hydroxyflavone', '2-phenyl-4H-chromen-4-one', 'Sinapyl 4-O-β-D-glucopyranoside aldehyde', 'Sinapyl 4-O-β-D-glucopyranoside alcohol', 'Liriodenine', 'N-acetylnonaine', '[10]-gingerol', ""2,4-Dihydroxy-6-[(1'E,3'E)-penta-1', 3'-dienyl]-benzaldehyde"", 'Nitensidine A', '2-methyl-5-[8(Z)-pentadecenyl]resorcinol', '2-hydroxyphenylacetic acid', '3-O-β-D-quinovopyranosyl quinovic acid', 'Kaempferol', '(4R)-4,8-dihydroxy-α-tetralone', 'Chlorogenic acid', 'Chalepin', 'Gallic acid; 3,4,5-trihydroxybenzoic acid', 'Quercitrin, 3-O-α-rhamnosylquercetin', 'Caseobliquin A', 'Methyl angolensate', ""5-(3'' -Hydroxypropyl)-7-methoxy-2-(3',4' -methyl-enedioxyphenyl)benzofuran"", '22β-hydroxypristimerin', '19,20-Epoxycytochalasin N', 'ellagic acid 4-O-α-L-rhamnopyranoside; eschweilenol C', 'Mayoside C', 'Ourateacatechin', ""3',4',5',5,7-pentamethoxyflavone"", '2-methyl-5-pentadecylresorcinol', '3β-hydroxy-stigmast-5-en-7-one; 24-β-7-oxositosterol', 'scillascillin', 'Viburgenin', ""Pterogynoside; Kaempferol-3-O-(3''-O-4'''-methylgallate-α-L-rhamnoside)"", 'Isobutyl gallate', '7′-multijuguinone', 'Griseofulvin', ""7-Hydroxy-4',6-dimethoxyisoflavone; Afrormosin; Afromosin"", '8-methoxymellein', '(±)-Syringaresinol', '2,7-Di-O-acetylcasearupestrin A', 'Nitensidine B', '1-methyl-2-n-nonyl-4-quinolone', '5-[8(Z),11(Z),14-pentadecatrienyl]resorcinol', 'Kokusaginine', ""2-(2'-O-trans-caffeoyl)-C-β-D-glucopyranosyl-1,3,6,7-tetrahydroxyxanthone"", 'Netzahualcoyene', 'Casearin X Dialdehyde; (2R*,4aS*,5S*,7R*,8R*,8aS*)-4,4a-Diformyl-1,2,4a,5,6,7,8,8a-octahydro-5-hydroxy-7,8-dimethyl-8-[(2Z)-3-methylpenta-2,4-dien-1-yl]naphthalen-2-yl Butanoate', 'polypodine B', 'n-Propyl gallate', ""3',4',5',5,7,8-hexamethoxyflavone"", 'Isopropyl gallate', ""8-hydroxy-3,5,7,3',4',5'-hexamethoxyflavonol"", 'Odoratol', 'Leptomerine', '5-hydroxy-N-methylseverifoline', '2,4,6-trimethoxybenzoic acid', '1-O-(E)-caffeoyl-β-D-glucopyranoside', 'Maculosidine', 'Podocarpusflavone A', 'Casearupestrin C', '6α-malonyloxy-n-butyl ester manoyl oxide', 'citrusinine-I', 'Ricinine', 'Leptophyllin A', '5-pentadecylresorcinol', 'Piperol B', '(-)-Hardwickiic acid', ""5-[3''-(β-D-glucopyranosyloxy)propyl]-7-methoxy-2-(3',4'-methylenedioxyphenyl)benzofuran"", 'Rel-2α-hydroxyzuelanin-6β-benzoate', '2,6-di-O-acetylcasearupestrin D', ""Methyl-2,2-dimethyl-8-(3'-methylbut-2'-enyl)chroman-6-carboxylate"", '2-Methyl-4-hydroxy-butyl caffeoate', 'N-1,N-2,N-3-Triisopentenylguanidine', 'Dibenzyl trisulphide', 'Maytenin, Tingenone', '19,20-Epoxycytochalasin D', 'fumiquinozoline F', 'Kaempferol 3-O-α-L-rhamnopyranosyl (1→6)-O-[β -D-glucopyranosyl (1→3)-O-α-L-rhamnopyranosyl-(1→2)]-O-β -D-glucopyranosyl', '3β-O-[α-L-rhamnopyranosyl-(1→2)-O-β-D-glucopyranosyl-(1→2)-O-β-D-glucopyranosyl]-28-O-β-D-glucopyranoside pomolate', 'Dibenzyl tetrasulphide', ""2',5-dihydroxy-3-methoxy-8-dimethylallyl-6, 7-(2' ',2''-dimethylpyrano)-dihydroflavonol"", '2-n-nonyl-4-quinolone', 'Cytochalasin D', 'Isoorientin', '6β-hydroxy-7-epigardoside methyl ester', 'Tetrahydropiperyline, N-[10-(13,14-methylenedioxyphenyl)-pentanoyl]-pyrrolidine', 'Piperovatine', 'Uracil', 'urauchimycin A', 'p-Coumaric acid', '(-)-Epigallocatechin', 'Netzahualcoyonol', '1-[3-(3,7-dimethylocta-2,6-dien-1-yl)-2,4,6- trihydroxyphenyl]-3-(4-hydroxyphenyl)propan-1-one', '6α-malonyloxymanoyl oxide', 'Benzylhydroxymethyl sulphide', '1,6-di-O-caffeoyl-β-D-glucopyranoside', '2-methyl-5-[8(Z),11(Z),14-pentadecatrienyl]resorcinol', 'urauchimycin B', 'Homoegonol', '[8]-gingerol', '4-Hydroxymellein', '5-hydroxymellein', '28-O-β-D-glucopyranosyl quinovic acid', 'Pristimerin; 20α-3-hydroxy-2-oxo-24-nor-friedela-1-10,3,5,7-tetraen-carboxylic acid-29-methylester', 'fraxinellonone', 'Dibenzyl sulphide', '(-) Cis-4-hydroxy-6-deoxyscytalone', 'Plumericin', '5-[8(Z),11(Z)-pentadecadienyl]resorcinol', '(-)-Spectalinine', '20-hydroxyecdysone; polypodine A', '3-Acetyl aleuritolic acid', 'Alkenoic acid', 'Quercetin 3-O-α-L-rhamnopyranosyl (1→6)-O-[β -D-glucopyranosyl (1→3)-O-α-L-rhamnopyranosyl-(1→2)]-O-β -D-glucopyranosyl', 'Heveaflavone', 'Arboreumine', '3-Oxoursolic acid', 'Casearupestrin B', 'toonacilin', 'Piperyline, N-[10-(13,14-methylenedioxyphenyl)-7(E),9(E)-pentadienoyl]-pyrrolidine', 'ω-fenil alcanoic acid', '2-butyl-D-fructofuranoside', 'Pedalitin', '1-O-(E)-feruloyl-β-D-glucopyranoside', '19,20-Epoxycytochalasin C', 'n-Pentyl gallate', 'Orcinol', 'Periconicin B', 'Phomopsilactone', ""(2S)-8-Isopentyl-2-methyl-2-(4'-methylpentyl)chroman-6-carboxylic acid"", '2,2-dimethyl-2H-chromene-6-carboxylic acid', '1,2-dihydro- 3β-hydroxy-7-deacetoxy-7-oxogedunin', 'Photogedunin', 'Casearin X; (1R*,3S*,5S*,6aR*,7S*,8S*,10R*,10aR*)-1-(Acetyloxy)-3,5,6,6a,7,8,9,10-octahydro-10-hydroxy-7,8-dimethyl-7-[(2Z)-3-methylpenta-2,4-dien-1-yl]naphtho[1,8a-c]furan-3,5-diyl Dibutanoate', 'Netzahualcoyondiol', ""2-(2'-O-benzoyl)-C-β-D-glucopyranosyl-1,3,6,7-tetrahydroxyxanthone"", 'Isoplumericin', 'Skimmianine', 'p-hydroxybenzoic acid-geranyl ester', '3,4,5-trimethoxyphenyl 1-O-β-D-apiofuranosyl-(1→6)-O-β-D-glucopyranoside', 'β-photogedunin', 'n-Butyl gallate', ""5-[3''-(β-D-glucopyranosyloxy)propyl]-7-methoxy-2-(3',4'-dimethoxyphenyl)benzofuran"", '3,12-Dihydroxycadalene', '7-hydroxy-3- (11-dimethylallyl)-8-methoxycoumarin', ""N-[7-(3',4'-methylenedioxyphenyl)-2(Z),4(Z)-heptadienoyl]pyrrolidine"", ""Acteoside; [β-3,4-dihydroxyphenyl)-ethyl]-(3'-O-α-L-rhamnopyranosyl)-(4'-O-cafeoyl)-β-D-glycopyranoside, verbascoside"", 'α-L-xylopyranosyl-(4""→20)-(3-O-β-D-glucopyranosyl)-1\'-O-E-caffeoyl-β-D-glucopyranoside', ""2-(R)-Methyl-6-(S)-(tetradecyl-13'-one)-3(R)-O-tert-butyldimethylsilyl-piperidine"", '(2S)-Methyl-2-methyl-8-(3""-methylbut-2""-enyl)-2-(4\'-methylpent-3\'-enyl)-2H-chromene-6-carboxylate', 'Casearin T', '5-[8(Z)-pentadecenyl]resorcinol', 'Luteolin; 2-(3,4-dihydroxyphenyl)-5,7-dihydroxy-4H-chromen-4-one', 'Sinapic acid', '19,20-Epoxycytochalasin Q', '19,20-Epoxycytochalasin R', 'Muraxanthone', ""Gaudichaudianic acid; (2S)-2-methyl-2-(4'methyl-3'-pentenyl)-8-(3''-methyl-2-butenyl)- 2H-1-benzopyran-6-carboxylic acid"", 'limonexic acid', 'Di(benzyltrithio) methane', '3,11,12-Trihydroxycadalene', 'Quercetin 3-O-sophoroside', '(3R,4R)-3,4-Dihydro-4,6-dihydroxy-3-methyl-1-oxo-1H-isochromene-5-carboxylic acid', '24-methylene-3,22-dihydroxycholesterol', 'amorphispironone', 'Casearupestrin D', 'Chaetoglobosin B', '6α-acetoxy-14β,15β-epoxyazadirone', 'epoxy-fraxinellone', '12′-hydroxy-7′-multijuguinone', 'Kaempferitrin', 'Nitensidine C', 'Dipropyl disulphide', 'Dibenzyl disulphide', 'Proanthocyanidin', 'neoisoastilbin', '(R)-7-Hydroxymellein', '6α-acetoxymanoyl oxide', 'Methyl-8-hydroxy-2,2-dimethylchroman-6-carboxylate', 'N-[10-(13,14-methylenedioxyphenyl)-7(E),9(Z)-pentadienoyl]-pyrrolidine', '6-[8(Z)-pentadecenyl]salicylic acid', '(2S)-2-methyl-8-(3""-methylbut-2""-enyl)-2-(4\'-methylpent-3\'-enyl)-2H-chromene-6-carboxylic acid', 'Burchellin', 'Platydesmine', 'Leiokinine A', 'Cabraleadiol', 'schaftoside', ""(2S)-Methyl-8-isopentyl-2-methyl-2-(4'-methylpentyl)chroman-6-carboxylate"", 'Casearupestrin A', '2-oxo-piperol B; (7S*, 8R*, 1R*, 3R*)-3,4,5-trimethoxy-3,7-cyclo-8,1-neolig-8-ene-2,4(3H)-dione', '3,4,5-Triacetoxybenzoic acid', 'Odoratone', 'Rel-6β-hydroxyzuelanin-2β-benzoate', 'shidasterone', '5-hydroxymethyl- 2-furancarboxaldehyde; 5-hydroxymethyl-2-furfuraldehyde', 'atalaphyllinine', 'N-[10- (13,14-methylenedioxyphenyl)-7(E)-pentaenoyl]-pyrrolidine', '2-Methyl-5-methoxy-benzopyran-4-one', '3,4-dihydroxybenzoic acid geranyl ester', '3-O-β-D-quinovopyranosyl cincholic acid', 'Afzelin, 3-O-α-rhamnosyl kaempferol', 'Egonol', '4-Nerolidilcatechol', ""2-(2'-O-transcoumaroyl)-C-β-D-glucopyranosyl-1,3,6,7-tetrahydroxyxanthone"", 'Syringic acid', '(+)-3-O-feruloylcassine', '2-methyl-5-[8(Z),11(Z)-pentadecadienyl]resorcinol', 'Methyl 6,7,8-trimethoxydihydrocinnamate', '2-Hexyl-3-methyl-butanodioic acid', 'fraxinellone', '6-[ 8(Z),11(Z) -pentadecadienyl] salicylic acid', 'Gedunin', 'Pedalin, pedalitin 6-O-β -glucopyranoside', 'Caseargrewiin F; (1R*,3S*,5S*,6aR*,7S*,8R*,10R*,10aR*)-1,3-Bis(acetyloxy)-3,5,6,6a,7,8,9,10-octahydro-10-hydroxy-7,8-dimethyl-7-[(2Z)-3-methylpenta-2,4-dien-1-yl]naphtho[1,8a-c]furan-5-yl Butanoate', 'Casearin L; (1R*,3S*,5S*,6aR*,7R*,8R*,9S*,10S*,10aR*)-1,10-Bis(acetyloxy)-3,5,6,6a,7,8,9,10-octahydro-9-hydroxy-5-methoxy-7,8-dimethyl-7-[(2Z)-3-methylpenta-2,4-dien-1-yl]naphtho[1,8a-c]-furan-3-yl Butanoate', 'carlinoside', 'Methyl-8-(ethanoyloxy)-2,2-dimethyl-2H-chromene-6-carboxylate', 'Amentoflavone', '1-(5,7-dihydroxy-2,2-dimethylchroman-6-yl)-3-(1,1,4a-trimethyl-2,3,4,4a,9a-hexahydro-1H-xanthen-7-yl)propan-1-one', 'Methyl (E)-6,7,8-trimethoxycinnamate', '3,4,5-Trimethoxyphenyl-1-O-β-D-(5-O-syringoyl)-apiofuranosyl-(1→6)-β-D-glucopyranoside', '6-[8(Z),11(Z),14-pentadecatrienyl]salicylic acid', 'taxifolin', ""(2'S)-2-(propan-2'-ol)-5-hydroxy-benzopyran-4-one"", 'Rel-(+)-(7S,9R,10S)-3,9,12-trihydroxycalamenene', 'Casearin S', '11β-acetoxyobacunone', '1-(5,7-dihydroxy-2,2-dimethylchroman- 6-yl)-3-[4-hydroxy-3-(3-methylbut-2-en-1-yl)- phenyl]propan-1-one', '(3R,4R)-4,7-Dihydroxymellein', ""Nitensoside B; Pedalitin 6-O-α-rhamnopyranosyl(1'''→6'')-β-glucopyranoside"", 'Methyl gallate', 'Amentoflavone 7”,4”’-dimethyl ether', 'Picramnioside F', 'Lauryl gallate', 'Syringaldehyde', '22-hydroxytirucalla-7,24-diene-2,3-dione', 'Trans-3’-methylsulphonylallyl trans-cinnamate', '(3-(2-(4-hydroxyphenyl)-2-oxoethyl)-5,6-dihydropyridin- 2(1H)-one)', 'Mangiferin', 'Salacin', '6-pentadecylsalicylic acid', 'Methyl-2,2-dimethylchroman-6-carboxylate', ""Myrsinoic acid A, 3-Geranyl-4-hydroxy-5-(3'',3''-dimethylallyl)benzoic acid"", '20α-Hydroxymaytenin; 20-hydroxy-20-epi-tingenone', '(-)-Epigallocatechin-3-O-gallate', 'Casearin D; (1R*,3S*,5S*,6aR*,7R*,8R*,9S*,10S*,10aR*)-1-(Acetyloxy)-3,5,6,6a,7,8,9,10-octahydro-5,10-dihydroxy-7,8-dimethyl-7-[(2Z)-3-methylpenta-2,4-dien-1-yl]naphtho[1,8a-c]furan-3,9-diyl Dibutanoate', 'Rel. (+)-(7S,10S) 3,12-dihydroxycalamenene', '1- (5,7-dihydroxy-2,2-dimethylchroman-6-yl)-3-(2,2-dimethylchroman- 6-yl)propan-1-one', 'Canavaline', 'Di-hydrodehydrodiconiferyl alcohol', 'Quercetin', ""2-(2'-O-trans-cinnamoyl)-C-β-D-glucopyranosyl-1,3,6,7-tetrahydroxyxanthone"", 'Ocotillone', 'des-N-methylnoracronycine', 'Sorbifolin 6-O-β-glucopyranoside', 'Sorbifolin', ""Nitensoside A; Sorbifolin 6-O-α-rhamnopyranosyl(1'''→6'')-β-glucopyranoside"", 'Casearin O; (1R*,3S*,5S*,6aR*,7R*,8R*,9S*,10S*,10aR*)-1,10-Bis(acetyloxy)-5-methoxy-7,8-dimethyl-7-[(2Z)-3-methylpenta-2,4-dien-1-yl]-3,5,6,6a,7,8,9,10-octahydronaphtho[1,8a-c]furan-3,9-diyl Dibutanoate', 'germacrene D', '2β-Hydroxyzuelanin-6β-cinnamate', 'arjunolic acid', 'stachysterone', 'Ethyl 2,4-dihydroxy-5,6-dimethylbenzoate', 'Cyclo-(L-Pro-L-Val)', 'Acetonide of odoratol', '(−)-Grandisin', '24-methylenecycloartan-3b-ol', 'Ixoside', 'Cognatine', 'Fagaramide']]",doi_name
"['10.1590/S0100-40422010000900005', 'ω-fenil alcanoic acid']","['10.1590/S0100-40422010000900005', ['2α,3α-Dihydroxy-urs-12-en-28-oic acid', 'Haplotusine', '5-hydroxyflavone', 'β-Sitosterol benzoate', '2-phenyl-4H-chromen-4-one', '3-O-β-D-(6’-methyl)-glucopyranosyl-28-O-β-D-glucopyranosyl-oleanate', 'Oleanolic acid 3-sophoroside', 'Sinapyl 4-O-β-D-glucopyranoside aldehyde', 'N-acetylnonaine', 'Sinapyl 4-O-β-D-glucopyranoside alcohol', 'Liriodenine', 'Hinesol', 'γ-eudesmol', 'guaiol', 'α-eudesmol', '11-O-trans-feruloylteucrein', 'Galioside aglicone', 'Teucrein', 'Galioside', 'Apodanthoside', 'Beauvericin', 'Anhydrofusarubin', ""3,5,6,7,3',4',5'-heptamethoxyflavonol"", ""3',4',5',3,5,7,8-heptamethoxyflavone"", '5,7-dimethoxy-2,2-dimethyl-2H-1-benzopyran-6-propanoic acid', '8-hydroxy-6-methoxy-3-methylisocoumarin', 'Ergosterol peroxide', '(22E,24R)-ergosta-4,6,8(14),22-tetraen-3-one', 'Dimethyl terephthalate', 'Pimara-7,15-dien-3β-ol', ""3,4-dimethyl-2-(4'-hydroxy-3',5'-dimethoxyphenyl)-5-methoxy-tetrahydrofuran"", '5,7-dimethoxy-2,2-dimethyl-2H-1-benzopyran-6-propanoate', 'Clusifoliol', ""Isoswertisin-4'-methyl-ether-2''α-L-rhamnoside"", ""Isoswertisin-2''α1-L-rhamnoside"", '2-Episesalatin', 'Sesartemin', '4-metoxi-6-[2-(metilamino)fenil]- 2H-piran-2-ona', 'Chlorogenic acid methyl ester, Methyl (1S,3R,4R,5R)-3-{[(2E)-3-(3,4-dihydroxyphenyl)-2-propenoyl]oxy}-1,4,5-trihydroxycyclohexanecarboxylate', 'Methyl (3R,4R,5R)-3-{[(2E)-3-(3,4-dihydroxyphenyl)-2-propenoyl]oxy}-1,4,5-trihydroxycyclohexanecarboxylate', 'Methyl (3R,4R,5R)-3-{[(2Z)-3-(3,4-dihydroxyphenyl)-2-propenoyl]oxy}-1,4,5-trihydroxycyclohexanecarboxylate', 'Kaempferol-3-O-α-L-rhamnopyranosyl-(1→6)-β-D-galactopyranoside', 'Kaempferol-3-O-rutinoside', 'Catechin, Ent-catechin', 'Kaempferol-3-O-D-glucopyranoside', 'Quercetin-3-O-α-L-rhamnopyranosyl-(1→6)-β-D-galactopyranoside', 'Kaempferol-3-O-D-galactopyranoside', 'Procyanidin B-3', 'Kaempferol-3-O-α-L-rhamnopyranosyl-(1-6)-α-L-rhamnopyranosyl-(1-4)-β-D-glucopyranoside', '6-Hydroxy-rutin', ""4-Hydroxy-(3',7'-dimethyl-1'-oxo-octa-2'-E-6'-dienyl)benzoic acid"", ""Sakuranetin; 5,4'-dihydroxy-7-methoxyflavanone"", ""Isosakuranetin; 5,7-dihydroxy-4'-methoxyflavanone"", ""1,4-Dihydroxy-2-(3',7'-dimethyl-1'-oxo-2'-E-6'-octadienyl)benzene"", ""4-Hydroxy-3-(3',7'-dimethyl-3'-hydroxy-1'-oxo-6'-octenyl)benzoic acid"", 'penduletin 4-O-methyl ether', '2α,3α,19α- trihydroxyurs-12-en-28-oic acid', '3,3-O-dimethylquercetin', 'acacetin', '3,7,4-O-trimethylkaempferol', '2α,3α-dihydroxyolean-12- en-28-oic acid', 'p-hydroxybenzoic acid', '3-O-methylquercetin', 'Chrysoeriol', 'Methacrylic acid', '(+)-11α-Hydroxyerythravine', '(+)-Erythravine', '(+)-α-Hydroxyerysotrine', 'Taraxerol acetate', 'Aphidicolin', 'astilbin; Rel-(2R, 3R)-dihydroquercetin-3-O-±-L-rhamnoside', '(+)-Guaiacin', 'Farnisine', ""7,4'-Dimethoxyflavone"", '21´-(3,4-Methylenedioxyphenyl)-henicosanoic acid', '19´-(3,4-Methylenedioxyphenyl)-nonadecanoic acid', ""7,4'-Dihydroxyflavone"", 'Sargaquinoic acid', 'Sargachromenol', ""Juruenolic acid; 2-(4'-Methylpentenyl-3)-10-oxoundecan-2,6-dienoic acid"", 'Fasciculiferin', 'Tithonine', '17-(3,4-Methylenedioxyphenyl)-heptadecanoic acid', 'Stearic acid 4-pentoyloxyphenethyl ester', '7-Methoxydiderroside', 'Secoxyloganin', ""6'-Acetyl-β-D-glucopyranosyldiderroside"", 'Diderroside', 'Oleanonic acid', 'Iso-odoratol', 'Nilocetin', '3,11-dioxoolean-12-en-28- onic acid', 'cryptomeridiol', 'Pentaol', 'Piscidinol A', 'Hispidol A', ""2',6'-Dihydroxy-4'-methoxydihydrochalcone"", ""Methyl taboganate; Methyl 4-hydroxy-3-(3'-methyl-1'-oxo-2'-butenyl)benzoate"", 'Methyl 2,2-dimethyl-1-oxo-2H-1-benzopyran-6-carboxylate', 'Piperaduncine B', '3,4,5-Trimethoxydihydrocinnamic acid', ""Methyl 4-hydroxy-3-(3'-methyl-2'-butenyl)benzoate"", ""4-Hydroxy-3-(3',7'-dimethylocta-2'-E-6'-dienyl)benzoic acid"", ""Hostmaniene; 4-Hydroxy-3-(2',3'-dihydroxy-3'-methylbutyl)benzoate"", ""4-Hydroxy-(3',7'-dimethyl-1'-oxo-octa-2'-Z-6'-dienyl)benzoic acid"", ""Methyl 4-hydroxy-3-(3'-methyl-2'-hydroxy-3'-butenyl)benzoate"", ""Aduncumene; Methyl 2-methoxy-5-(3'-methyl-1'-oxo-2'-butenyl)benzoate"", 'Strictosidine acid', '3,4-dehydrostrictosidine acid', '3,4-dehydro-strictosidine', 'Cordifoline', '5α-carboxystrictosidine', 'Turbinatine', 'Harman-3-carboxylic acid', 'Deoxycordifoline', '(-)-3-O-acetyl-spectaline', 'Nitensidine D', 'Nitensidine E', 'cyclo (L)-Pro-Gly', '9-hydroxyeugenin', 'Mycoleptone A', 'Mycoleptone B', 'Mycoleptone A tetraacetate', 'Eugenitin', '6-methoxyeugenin', 'Austdiol', 'Austdiol diacetate', 'Isopimpinellin', 'Ferulic acid', 'β-Gardiol', 'α-Gardiol', ""Rel-(7R,8S,7'S,8'S)-9-hydroxy-4',5'-methylenedioxy-3,4,5,3'-tetramethoxy-7,7'-epoxylignan"", ""Rel-(7R,8S,7'S,8'S)-4-hydroxy-4',5'-methylenedioxy-3,5,3'-trimethoxy-7,7'-epoxylignan"", ""Rel-(7R,8S,7'S,8'S)-4'-hydroxy-3,4,5,3',5'-pentamethoxy-7,7'-epoxylignan"", ""Rel-(7R,8S,7'S,8'S)-4,5,4',5'-dimethylenedioxy-3,3'-dimethoxy-7,7'-epoxylignan"", ""Rel-(7R,8S,7'S,8'S)-4',5'-methylenedioxy-3,4,5,3'-tetramethoxy-7,7'-epoxylignan"", ""2-(1'-pentenyl)-Quinoline"", '2-n-Propylquinoline', ""2-(3',4'-methylenedioxyphenylethyl)-Quinoline"", '2-n-Pentylquinoline', '(3Z,5Z)-N-isobutyl-8-(30,40-methylenedioxy-phenyl)-heptadienamide', 'Pellitorine', '8,9-dihydropiplartine; N-(12,13,14-trimethoxydihydrocinnamoyl)-Δ3-pyridin-2-one', '10,11-dihydropiperine; Δα,β-dihydropiperine', '4,5-dihydropiperlonguminine; Piperlonguminine', '4,5-dihydropiperyline', '(E)-piplartine', ""N-[3-(6'-methoxy-3',4'-methy-lenedioxyphenyl)-2(Z)-propenoyl]pyrrolidine"", '(Z)-piplartine; 8(Z)-N-(12,13, 14-trimethoxycinnamoyl)- 3-pyridin-2-one', 'Piperine', 'Citrusinine-I', 'Pyranofoline', 'Glycocitrine-I', 'Citrusinine-II', '1,3,5-trihydroxy-4-methoxy-10-methyl- 2,8-bis(3-methylbut-2-enyl)acridin-9(10H)-one', '3,4-dihydro-3,5,8-trihydroxy-6-methoxy-2,2,7-trimethyl-2Hpyrano[ 2,3-a]acridin-12(7H)-one', 'Glycocitrine-IV', '1,3,5-trihydroxy- 2,8-bis(3-methylbut-2-enyl)-10-methyl-9-acridone', '5-hydroxynoracronycine; Atalaphyllidine', 'Xanthyletin', 'Tagitinin C', '1-methoxy-3-hydroxy-3,10b-4,5a-diepoxy-8b-isobutyroyloxygermacr-11(13)-en-6a,12-olide', ""4-Methoxy-3-(3',7'-dimethylocta-2'-E-6'-dienyl)benzoic acid"", 'Methyl-8-hydroxy-2,2-dimethyl-2H-chromene-6-carboxylate', ""3-(3',7 '-dimethyl-2',6 '-octadienyl)-4-methoxy-benzoic acid"", ""3',4'-methylenedioxy-5,5',6,7-tetramethoxyflavone"", ""2'-hydroxy-3,4,4'-trimethoxy-5',6'-(2'',2''-dimethylpyrano)-chalcone"", ""3',4'-methylenedioxy-5,6,7- trimethoxyflavone"", ""3',4'-methylenedioxy-5,7-dimethoxyflavone"", '21β,25-dimethylmelianodiol', '3,21-Di-epi-feroniellide B', '21α,25-dimethylmelianodiol', 'Epi-guaiacin', 'Verrucosin', 'Nectandrin B', '7-Methyl-sargachromenol; 2,7,8-Trimethyl-2-[(3-E,7-Z)-4,12-dimethyl-8-carboxyl-3,7,11-tridecatrienyl]-3-chromen-6-ol, β-caroteno', 'Citibrasine', 'bis-5-hydroxyacronycine', '2,3-dihydro-4,9-dihydroxy-2-(2-hydroxy-propan-2-yl)- 11-methoxy-10-methylfuro[3,2-b]acridin-5(10H)-one', 'β-caryophyllene, trans-caryophyllene', 'Cuspanine; 1-hydroxy-2,3,5,6-tetramethoxy-9-acridone', 'Cusculine; 1,2,3,5,6-pentamethoxy-9-acridone', '[10]-gingerol', ""2,4-Dihydroxy-6-[(1'E,3'E)-penta-1', 3'-dienyl]-benzaldehyde"", '2-methyl-5-[8(Z)-pentadecenyl]resorcinol', 'Nitensidine A', '2-methyl-5-pentadecylresorcinol', '3β-hydroxy-stigmast-5-en-7-one; 24-β-7-oxositosterol', 'scillascillin', '(4R)-4,8-dihydroxy-α-tetralone', 'Pristimerin; 20α-3-hydroxy-2-oxo-24-nor-friedela-1-10,3,5,7-tetraen-carboxylic acid-29-methylester', '3,4,5-trimethoxyphenyl 1-O-β-D-apiofuranosyl-(1→6)-O-β-D-glucopyranoside', 'β-photogedunin', 'n-Butyl gallate', ""5-[3''-(β-D-glucopyranosyloxy)propyl]-7-methoxy-2-(3',4'-dimethoxyphenyl)benzofuran"", '3,12-Dihydroxycadalene', '7-hydroxy-3- (11-dimethylallyl)-8-methoxycoumarin', ""N-[7-(3',4'-methylenedioxyphenyl)-2(Z),4(Z)-heptadienoyl]pyrrolidine"", 'Sorbifolin 6-O-β-glucopyranoside', 'Rel-2α-hydroxyzuelanin-6β-benzoate', '2,6-di-O-acetylcasearupestrin D', ""Methyl-2,2-dimethyl-8-(3'-methylbut-2'-enyl)chroman-6-carboxylate"", '2,7-Di-O-acetylcasearupestrin A', 'Nitensidine B', '2-hydroxyphenylacetic acid', ""8-hydroxy-3,5,7,3',4',5'-hexamethoxyflavonol"", 'Odoratol', 'Leptomerine', '5-hydroxy-N-methylseverifoline', '19,20-Epoxycytochalasin N', 'ellagic acid 4-O-α-L-rhamnopyranoside; eschweilenol C', 'Mayoside C', 'Ourateacatechin', ""3',4',5',5,7-pentamethoxyflavone"", 'Maculosidine', 'Podocarpusflavone A', 'Casearupestrin C', '6α-malonyloxy-n-butyl ester manoyl oxide', 'citrusinine-I', 'Ricinine', 'Leptophyllin A', '22β-hydroxypristimerin', '1- (5,7-dihydroxy-2,2-dimethylchroman-6-yl)-3-(2,2-dimethylchroman- 6-yl)propan-1-one', 'Canavaline', 'Di-hydrodehydrodiconiferyl alcohol', 'Quercetin', ""2-(2'-O-trans-cinnamoyl)-C-β-D-glucopyranosyl-1,3,6,7-tetrahydroxyxanthone"", 'Kokusaginine', 'Ocotillone', 'des-N-methylnoracronycine', '6-[ 8(Z),11(Z) -pentadecadienyl] salicylic acid', '19,20-Epoxycytochalasin D', 'fumiquinozoline F', 'Isopropyl gallate', '6β-hydroxy-7-epigardoside methyl ester', 'Tetrahydropiperyline, N-[10-(13,14-methylenedioxyphenyl)-pentanoyl]-pyrrolidine', 'Piperovatine', '2,4,6-trimethoxybenzoic acid', '1-O-(E)-caffeoyl-β-D-glucopyranoside', 'Quercitrin, 3-O-α-rhamnosylquercetin', 'Caseobliquin A', 'Methyl angolensate', ""5-(3'' -Hydroxypropyl)-7-methoxy-2-(3',4' -methyl-enedioxyphenyl)benzofuran"", '1-methyl-2-n-nonyl-4-quinolone', '5-[8(Z),11(Z),14-pentadecatrienyl]resorcinol', 'Gallic acid; 3,4,5-trihydroxybenzoic acid', 'Cytochalasin D', 'Isoorientin', 'urauchimycin A', 'p-Coumaric acid', '(-)-Epigallocatechin', 'Netzahualcoyonol', '5-pentadecylresorcinol', 'epoxy-fraxinellone', '12′-hydroxy-7′-multijuguinone', 'Kaempferitrin', 'Nitensidine C', 'Dipropyl disulphide', '2-methyl-5-[8(Z),11(Z)-pentadecadienyl]resorcinol', 'Methyl 6,7,8-trimethoxydihydrocinnamate', '2-Hexyl-3-methyl-butanodioic acid', 'fraxinellone', '3-Oxoursolic acid', 'N-1,N-2,N-3-Triisopentenylguanidine', 'Dibenzyl trisulphide', 'Maytenin, Tingenone', 'urauchimycin B', ""2-(2'-O-trans-caffeoyl)-C-β-D-glucopyranosyl-1,3,6,7-tetrahydroxyxanthone"", 'Netzahualcoyene', 'Casearin X Dialdehyde; (2R*,4aS*,5S*,7R*,8R*,8aS*)-4,4a-Diformyl-1,2,4a,5,6,7,8,8a-octahydro-5-hydroxy-7,8-dimethyl-8-[(2Z)-3-methylpenta-2,4-dien-1-yl]naphthalen-2-yl Butanoate', 'polypodine B', 'n-Propyl gallate', ""3',4',5',5,7,8-hexamethoxyflavone"", 'Kaempferol 3-O-α-L-rhamnopyranosyl (1→6)-O-[β -D-glucopyranosyl (1→3)-O-α-L-rhamnopyranosyl-(1→2)]-O-β -D-glucopyranosyl', '3β-O-[α-L-rhamnopyranosyl-(1→2)-O-β-D-glucopyranosyl-(1→2)-O-β-D-glucopyranosyl]-28-O-β-D-glucopyranoside pomolate', 'Dibenzyl tetrasulphide', ""2',5-dihydroxy-3-methoxy-8-dimethylallyl-6, 7-(2' ',2''-dimethylpyrano)-dihydroflavonol"", '2-n-nonyl-4-quinolone', 'Phomopsilactone', ""(2S)-8-Isopentyl-2-methyl-2-(4'-methylpentyl)chroman-6-carboxylic acid"", '2,2-dimethyl-2H-chromene-6-carboxylic acid', '1,2-dihydro- 3β-hydroxy-7-deacetoxy-7-oxogedunin', 'Photogedunin', '1-[3-(3,7-dimethylocta-2,6-dien-1-yl)-2,4,6- trihydroxyphenyl]-3-(4-hydroxyphenyl)propan-1-one', '6α-malonyloxymanoyl oxide', 'Benzylhydroxymethyl sulphide', '1,6-di-O-caffeoyl-β-D-glucopyranoside', '2-methyl-5-[8(Z),11(Z),14-pentadecatrienyl]resorcinol', '20-hydroxyecdysone; polypodine A', '3-Acetyl aleuritolic acid', 'Alkenoic acid', 'Quercetin 3-O-α-L-rhamnopyranosyl (1→6)-O-[β -D-glucopyranosyl (1→3)-O-α-L-rhamnopyranosyl-(1→2)]-O-β -D-glucopyranosyl', 'Heveaflavone', 'Arboreumine', 'Casearin T', 'Piperyline, N-[10-(13,14-methylenedioxyphenyl)-7(E),9(E)-pentadienoyl]-pyrrolidine', 'ω-fenil alcanoic acid', '2-butyl-D-fructofuranoside', ""Gaudichaudianic acid; (2S)-2-methyl-2-(4'methyl-3'-pentenyl)-8-(3''-methyl-2-butenyl)- 2H-1-benzopyran-6-carboxylic acid"", 'limonexic acid', 'Pedalitin', 'Casearupestrin A', 'Casearupestrin B', 'toonacilin', 'Uracil', '1-O-(E)-feruloyl-β-D-glucopyranoside', '19,20-Epoxycytochalasin C', 'n-Pentyl gallate', 'Orcinol', 'Periconicin B', 'taxifolin', ""(2'S)-2-(propan-2'-ol)-5-hydroxy-benzopyran-4-one"", 'Rel-(+)-(7S,9R,10S)-3,9,12-trihydroxycalamenene', 'Casearin S', '11β-acetoxyobacunone', '1-(5,7-dihydroxy-2,2-dimethylchroman- 6-yl)-3-[4-hydroxy-3-(3-methylbut-2-en-1-yl)- phenyl]propan-1-one', '(3R,4R)-4,7-Dihydroxymellein', ""Nitensoside B; Pedalitin 6-O-α-rhamnopyranosyl(1'''→6'')-β-glucopyranoside"", 'Amentoflavone', 'Di(benzyltrithio) methane', '3,11,12-Trihydroxycadalene', 'Quercetin 3-O-sophoroside', '(3R,4R)-3,4-Dihydro-4,6-dihydroxy-3-methyl-1-oxo-1H-isochromene-5-carboxylic acid', 'Casearin X; (1R*,3S*,5S*,6aR*,7S*,8S*,10R*,10aR*)-1-(Acetyloxy)-3,5,6,6a,7,8,9,10-octahydro-10-hydroxy-7,8-dimethyl-7-[(2Z)-3-methylpenta-2,4-dien-1-yl]naphtho[1,8a-c]furan-3,5-diyl Dibutanoate', ""2-(R)-Methyl-6-(S)-(tetradecyl-13'-one)-3(R)-O-tert-butyldimethylsilyl-piperidine"", '(2S)-Methyl-2-methyl-8-(3""-methylbut-2""-enyl)-2-(4\'-methylpent-3\'-enyl)-2H-chromene-6-carboxylate', 'Luteolin; 2-(3,4-dihydroxyphenyl)-5,7-dihydroxy-4H-chromen-4-one', '4-Hydroxymellein', '5-hydroxymellein', 'fraxinellonone', 'Dibenzyl sulphide', '(-) Cis-4-hydroxy-6-deoxyscytalone', 'Plumericin', '5-[8(Z),11(Z)-pentadecadienyl]resorcinol', '(-)-Spectalinine', 'Netzahualcoyondiol', 'Piperol B', '(-)-Hardwickiic acid', ""5-[3''-(β-D-glucopyranosyloxy)propyl]-7-methoxy-2-(3',4'-methylenedioxyphenyl)benzofuran"", '28-O-β-D-glucopyranosyl quinovic acid', '2-Methyl-4-hydroxy-butyl caffeoate', '2-oxo-piperol B; (7S*, 8R*, 1R*, 3R*)-3,4,5-trimethoxy-3,7-cyclo-8,1-neolig-8-ene-2,4(3H)-dione', 'Odoratone', 'Rel-6β-hydroxyzuelanin-2β-benzoate', 'shidasterone', '5-hydroxymethyl- 2-furancarboxaldehyde; 5-hydroxymethyl-2-furfuraldehyde', 'atalaphyllinine', '24-methylene-3,22-dihydroxycholesterol', 'amorphispironone', 'Casearupestrin D', 'Chaetoglobosin B', ""2-(2'-O-benzoyl)-C-β-D-glucopyranosyl-1,3,6,7-tetrahydroxyxanthone"", 'Isoplumericin', 'α-L-xylopyranosyl-(4""→20)-(3-O-β-D-glucopyranosyl)-1\'-O-E-caffeoyl-β-D-glucopyranoside', '6-[8(Z)-pentadecenyl]salicylic acid', '(2S)-2-methyl-8-(3""-methylbut-2""-enyl)-2-(4\'-methylpent-3\'-enyl)-2H-chromene-6-carboxylic acid', 'Burchellin', '5-[8(Z)-pentadecenyl]resorcinol', '3,4-dihydroxybenzoic acid geranyl ester', 'N-[10-(13,14-methylenedioxyphenyl)-7(E),9(Z)-pentadienoyl]-pyrrolidine', '1-(5,7-dihydroxy-2,2-dimethylchroman-6-yl)-3-(1,1,4a-trimethyl-2,3,4,4a,9a-hexahydro-1H-xanthen-7-yl)propan-1-one', 'Methyl (E)-6,7,8-trimethoxycinnamate', '3,4,5-Trimethoxyphenyl-1-O-β-D-(5-O-syringoyl)-apiofuranosyl-(1→6)-β-D-glucopyranoside', '6-[8(Z),11(Z),14-pentadecatrienyl]salicylic acid', 'Sorbifolin', ""Nitensoside A; Sorbifolin 6-O-α-rhamnopyranosyl(1'''→6'')-β-glucopyranoside"", 'Casearin O; (1R*,3S*,5S*,6aR*,7R*,8R*,9S*,10S*,10aR*)-1,10-Bis(acetyloxy)-5-methoxy-7,8-dimethyl-7-[(2Z)-3-methylpenta-2,4-dien-1-yl]-3,5,6,6a,7,8,9,10-octahydronaphtho[1,8a-c]furan-3,9-diyl Dibutanoate', 'germacrene D', 'Gedunin', 'Pedalin, pedalitin 6-O-β -glucopyranoside', 'Sinapic acid', '19,20-Epoxycytochalasin Q', '19,20-Epoxycytochalasin R', 'Muraxanthone', 'Afzelin, 3-O-α-rhamnosyl kaempferol', 'Egonol', '4-Nerolidilcatechol', 'Skimmianine', 'p-hydroxybenzoic acid-geranyl ester', 'Dibenzyl disulphide', 'Proanthocyanidin', 'neoisoastilbin', '(R)-7-Hydroxymellein', '6α-acetoxymanoyl oxide', 'Methyl-8-hydroxy-2,2-dimethylchroman-6-carboxylate', '6α-acetoxy-14β,15β-epoxyazadirone', 'Homoegonol', '[8]-gingerol', 'N-[10- (13,14-methylenedioxyphenyl)-7(E)-pentaenoyl]-pyrrolidine', '2-Methyl-5-methoxy-benzopyran-4-one', '6-pentadecylsalicylic acid', 'Methyl-2,2-dimethylchroman-6-carboxylate', ""Myrsinoic acid A, 3-Geranyl-4-hydroxy-5-(3'',3''-dimethylallyl)benzoic acid"", '20α-Hydroxymaytenin; 20-hydroxy-20-epi-tingenone', '(-)-Epigallocatechin-3-O-gallate', 'Casearin D; (1R*,3S*,5S*,6aR*,7R*,8R*,9S*,10S*,10aR*)-1-(Acetyloxy)-3,5,6,6a,7,8,9,10-octahydro-5,10-dihydroxy-7,8-dimethyl-7-[(2Z)-3-methylpenta-2,4-dien-1-yl]naphtho[1,8a-c]furan-3,9-diyl Dibutanoate', 'Caseargrewiin F; (1R*,3S*,5S*,6aR*,7S*,8R*,10R*,10aR*)-1,3-Bis(acetyloxy)-3,5,6,6a,7,8,9,10-octahydro-10-hydroxy-7,8-dimethyl-7-[(2Z)-3-methylpenta-2,4-dien-1-yl]naphtho[1,8a-c]furan-5-yl Butanoate', 'Casearin L; (1R*,3S*,5S*,6aR*,7R*,8R*,9S*,10S*,10aR*)-1,10-Bis(acetyloxy)-3,5,6,6a,7,8,9,10-octahydro-9-hydroxy-5-methoxy-7,8-dimethyl-7-[(2Z)-3-methylpenta-2,4-dien-1-yl]naphtho[1,8a-c]-furan-3-yl Butanoate', 'Platydesmine', 'Leiokinine A', 'Cabraleadiol', 'schaftoside', ""(2S)-Methyl-8-isopentyl-2-methyl-2-(4'-methylpentyl)chroman-6-carboxylate"", '3,4,5-Triacetoxybenzoic acid', 'Methyl gallate', '3-O-β-D-quinovopyranosyl cincholic acid', 'carlinoside', 'Methyl-8-(ethanoyloxy)-2,2-dimethyl-2H-chromene-6-carboxylate', 'arjunolic acid', 'stachysterone', 'Ethyl 2,4-dihydroxy-5,6-dimethylbenzoate', 'Amentoflavone 7”,4”’-dimethyl ether', 'Picramnioside F', 'Lauryl gallate', 'Syringaldehyde', '22-hydroxytirucalla-7,24-diene-2,3-dione', 'Trans-3’-methylsulphonylallyl trans-cinnamate', '(3-(2-(4-hydroxyphenyl)-2-oxoethyl)-5,6-dihydropyridin- 2(1H)-one)', 'Mangiferin', ""2-(2'-O-transcoumaroyl)-C-β-D-glucopyranosyl-1,3,6,7-tetrahydroxyxanthone"", 'Syringic acid', '(+)-3-O-feruloylcassine', ""Acteoside; [β-3,4-dihydroxyphenyl)-ethyl]-(3'-O-α-L-rhamnopyranosyl)-(4'-O-cafeoyl)-β-D-glycopyranoside, verbascoside"", 'Salacin', 'Viburgenin', ""Pterogynoside; Kaempferol-3-O-(3''-O-4'''-methylgallate-α-L-rhamnoside)"", 'Isobutyl gallate', '7′-multijuguinone', 'Griseofulvin', ""7-Hydroxy-4',6-dimethoxyisoflavone; Afrormosin; Afromosin"", '8-methoxymellein', '(±)-Syringaresinol', 'Cyclo-(L-Pro-L-Val)', 'Acetonide of odoratol', '(−)-Grandisin', '24-methylenecycloartan-3b-ol', 'Ixoside', 'Rel. (+)-(7S,10S) 3,12-dihydroxycalamenene', '2β-Hydroxyzuelanin-6β-cinnamate', 'Cognatine', 'Fagaramide', 'Chalepin', 'Chlorogenic acid', 'Kaempferol', '3-O-β-D-quinovopyranosyl quinovic acid']]",doi_name
"['10.1016/j.jchromb.2012.07.013', '[10]-gingerol']","['10.1016/j.jchromb.2012.07.013', ['α-eudesmol', 'guaiol', 'γ-eudesmol', 'Hinesol', 'Galioside aglicone', 'Teucrein', '11-O-trans-feruloylteucrein', 'Apodanthoside', 'Galioside', 'Chlorogenic acid methyl ester, Methyl (1S,3R,4R,5R)-3-{[(2E)-3-(3,4-dihydroxyphenyl)-2-propenoyl]oxy}-1,4,5-trihydroxycyclohexanecarboxylate', 'Mycoleptone A', '9-hydroxyeugenin', 'Eugenitin', 'Austdiol diacetate', '6-methoxyeugenin', 'Austdiol', 'Mycoleptone A tetraacetate', 'Mycoleptone B', '5,7-dimethoxy-2,2-dimethyl-2H-1-benzopyran-6-propanoate', 'Nectandrin B', '7-Methyl-sargachromenol; 2,7,8-Trimethyl-2-[(3-E,7-Z)-4,12-dimethyl-8-carboxyl-3,7,11-tridecatrienyl]-3-chromen-6-ol, β-caroteno', 'Epi-guaiacin', 'Verrucosin', 'Xanthyletin', '7-Methoxydiderroside', 'Diderroside', ""6'-Acetyl-β-D-glucopyranosyldiderroside"", 'Secoxyloganin', ""3-(3',7 '-dimethyl-2',6 '-octadienyl)-4-methoxy-benzoic acid"", 'Methyl-8-hydroxy-2,2-dimethyl-2H-chromene-6-carboxylate', ""4-Methoxy-3-(3',7'-dimethylocta-2'-E-6'-dienyl)benzoic acid"", ""2'-hydroxy-3,4,4'-trimethoxy-5',6'-(2'',2''-dimethylpyrano)-chalcone"", ""3',4'-methylenedioxy-5,5',6,7-tetramethoxyflavone"", ""3',4'-methylenedioxy-5,6,7- trimethoxyflavone"", ""3',4'-methylenedioxy-5,7-dimethoxyflavone"", 'Citrusinine-II', 'Citrusinine-I', 'Glycocitrine-IV', '5-hydroxynoracronycine; Atalaphyllidine', 'Glycocitrine-I', '1,3,5-trihydroxy-4-methoxy-10-methyl- 2,8-bis(3-methylbut-2-enyl)acridin-9(10H)-one', '3,4-dihydro-3,5,8-trihydroxy-6-methoxy-2,2,7-trimethyl-2Hpyrano[ 2,3-a]acridin-12(7H)-one', 'Pyranofoline', '1,3,5-trihydroxy- 2,8-bis(3-methylbut-2-enyl)-10-methyl-9-acridone', 'Sargachromenol', 'Sargaquinoic acid', ""7,4'-Dihydroxyflavone"", '19´-(3,4-Methylenedioxyphenyl)-nonadecanoic acid', ""7,4'-Dimethoxyflavone"", '21´-(3,4-Methylenedioxyphenyl)-henicosanoic acid', 'Farnisine', '(+)-Guaiacin', 'Fasciculiferin', 'Tithonine', ""Juruenolic acid; 2-(4'-Methylpentenyl-3)-10-oxoundecan-2,6-dienoic acid"", '17-(3,4-Methylenedioxyphenyl)-heptadecanoic acid', 'Beauvericin', 'Anhydrofusarubin', 'Procyanidin B-3', 'Kaempferol-3-O-rutinoside', 'Kaempferol-3-O-D-glucopyranoside', 'Kaempferol-3-O-D-galactopyranoside', 'Kaempferol-3-O-α-L-rhamnopyranosyl-(1-6)-α-L-rhamnopyranosyl-(1-4)-β-D-glucopyranoside', '6-Hydroxy-rutin', 'Quercetin-3-O-α-L-rhamnopyranosyl-(1→6)-β-D-galactopyranoside', 'Catechin, Ent-catechin', 'Kaempferol-3-O-α-L-rhamnopyranosyl-(1→6)-β-D-galactopyranoside', 'Taraxerol acetate', '2-n-Pentylquinoline', ""2-(3',4'-methylenedioxyphenylethyl)-Quinoline"", ""2-(1'-pentenyl)-Quinoline"", '2-n-Propylquinoline', 'Aphidicolin', ""Rel-(7R,8S,7'S,8'S)-4'-hydroxy-3,4,5,3',5'-pentamethoxy-7,7'-epoxylignan"", ""Rel-(7R,8S,7'S,8'S)-9-hydroxy-4',5'-methylenedioxy-3,4,5,3'-tetramethoxy-7,7'-epoxylignan"", ""Rel-(7R,8S,7'S,8'S)-4-hydroxy-4',5'-methylenedioxy-3,5,3'-trimethoxy-7,7'-epoxylignan"", ""Rel-(7R,8S,7'S,8'S)-4',5'-methylenedioxy-3,4,5,3'-tetramethoxy-7,7'-epoxylignan"", ""Rel-(7R,8S,7'S,8'S)-4,5,4',5'-dimethylenedioxy-3,3'-dimethoxy-7,7'-epoxylignan"", 'Isopimpinellin', 'astilbin; Rel-(2R, 3R)-dihydroquercetin-3-O-±-L-rhamnoside', 'cyclo (L)-Pro-Gly', '(-)-3-O-acetyl-spectaline', 'Pellitorine', '(3Z,5Z)-N-isobutyl-8-(30,40-methylenedioxy-phenyl)-heptadienamide', '8,9-dihydropiplartine; N-(12,13,14-trimethoxydihydrocinnamoyl)-Δ3-pyridin-2-one', 'Piperine', ""N-[3-(6'-methoxy-3',4'-methy-lenedioxyphenyl)-2(Z)-propenoyl]pyrrolidine"", '4,5-dihydropiperyline', '(Z)-piplartine; 8(Z)-N-(12,13, 14-trimethoxycinnamoyl)- 3-pyridin-2-one', '(E)-piplartine', '4,5-dihydropiperlonguminine; Piperlonguminine', '10,11-dihydropiperine; Δα,β-dihydropiperine', ""4-Hydroxy-3-(3',7'-dimethyl-3'-hydroxy-1'-oxo-6'-octenyl)benzoic acid"", ""1,4-Dihydroxy-2-(3',7'-dimethyl-1'-oxo-2'-E-6'-octadienyl)benzene"", ""Isosakuranetin; 5,7-dihydroxy-4'-methoxyflavanone"", ""4-Hydroxy-(3',7'-dimethyl-1'-oxo-octa-2'-E-6'-dienyl)benzoic acid"", ""Sakuranetin; 5,4'-dihydroxy-7-methoxyflavanone"", 'Citibrasine', '2,3-dihydro-4,9-dihydroxy-2-(2-hydroxy-propan-2-yl)- 11-methoxy-10-methylfuro[3,2-b]acridin-5(10H)-one', 'bis-5-hydroxyacronycine', ""Hostmaniene; 4-Hydroxy-3-(2',3'-dihydroxy-3'-methylbutyl)benzoate"", 'Piperaduncine B', ""2',6'-Dihydroxy-4'-methoxydihydrochalcone"", ""Methyl taboganate; Methyl 4-hydroxy-3-(3'-methyl-1'-oxo-2'-butenyl)benzoate"", 'Methyl 2,2-dimethyl-1-oxo-2H-1-benzopyran-6-carboxylate', '3,4,5-Trimethoxydihydrocinnamic acid', ""Methyl 4-hydroxy-3-(3'-methyl-2'-butenyl)benzoate"", ""4-Hydroxy-3-(3',7'-dimethylocta-2'-E-6'-dienyl)benzoic acid"", ""Methyl 4-hydroxy-3-(3'-methyl-2'-hydroxy-3'-butenyl)benzoate"", ""4-Hydroxy-(3',7'-dimethyl-1'-oxo-octa-2'-Z-6'-dienyl)benzoic acid"", ""Aduncumene; Methyl 2-methoxy-5-(3'-methyl-1'-oxo-2'-butenyl)benzoate"", ""Isoswertisin-4'-methyl-ether-2''α-L-rhamnoside"", '2-Episesalatin', 'Clusifoliol', ""Isoswertisin-2''α1-L-rhamnoside"", 'Sesartemin', 'Methyl (3R,4R,5R)-3-{[(2Z)-3-(3,4-dihydroxyphenyl)-2-propenoyl]oxy}-1,4,5-trihydroxycyclohexanecarboxylate', 'Methyl (3R,4R,5R)-3-{[(2E)-3-(3,4-dihydroxyphenyl)-2-propenoyl]oxy}-1,4,5-trihydroxycyclohexanecarboxylate', 'penduletin 4-O-methyl ether', '2α,3α,19α- trihydroxyurs-12-en-28-oic acid', '3,3-O-dimethylquercetin', '2α,3α-dihydroxyolean-12- en-28-oic acid', 'acacetin', 'Chrysoeriol', '3,7,4-O-trimethylkaempferol', 'p-hydroxybenzoic acid', '3-O-methylquercetin', 'Tagitinin C', '1-methoxy-3-hydroxy-3,10b-4,5a-diepoxy-8b-isobutyroyloxygermacr-11(13)-en-6a,12-olide', 'β-Gardiol', 'Ferulic acid', 'α-Gardiol', '3,11-dioxoolean-12-en-28- onic acid', 'Iso-odoratol', 'cryptomeridiol', 'Oleanonic acid', 'Piscidinol A', 'Pentaol', 'Nilocetin', 'Hispidol A', '21β,25-dimethylmelianodiol', '3,21-Di-epi-feroniellide B', '21α,25-dimethylmelianodiol', 'Methacrylic acid', '5,7-dimethoxy-2,2-dimethyl-2H-1-benzopyran-6-propanoic acid', '(+)-Erythravine', '(+)-α-Hydroxyerysotrine', '(+)-11α-Hydroxyerythravine', 'Dimethyl terephthalate', 'Ergosterol peroxide', '(22E,24R)-ergosta-4,6,8(14),22-tetraen-3-one', '8-hydroxy-6-methoxy-3-methylisocoumarin', 'Pimara-7,15-dien-3β-ol', 'Stearic acid 4-pentoyloxyphenethyl ester', ""3',4',5',3,5,7,8-heptamethoxyflavone"", ""3,5,6,7,3',4',5'-heptamethoxyflavonol"", ""3,4-dimethyl-2-(4'-hydroxy-3',5'-dimethoxyphenyl)-5-methoxy-tetrahydrofuran"", 'Nitensidine D', 'Nitensidine E', '4-metoxi-6-[2-(metilamino)fenil]- 2H-piran-2-ona', 'β-caryophyllene, trans-caryophyllene', 'Turbinatine', '3,4-dehydrostrictosidine acid', 'Harman-3-carboxylic acid', 'Cordifoline', '3,4-dehydro-strictosidine', 'Strictosidine acid', '5α-carboxystrictosidine', 'Deoxycordifoline', 'Cusculine; 1,2,3,5,6-pentamethoxy-9-acridone', 'Cuspanine; 1-hydroxy-2,3,5,6-tetramethoxy-9-acridone', '2α,3α-Dihydroxy-urs-12-en-28-oic acid', 'Oleanolic acid 3-sophoroside', '3-O-β-D-(6’-methyl)-glucopyranosyl-28-O-β-D-glucopyranosyl-oleanate', '5-hydroxyflavone', 'β-Sitosterol benzoate', '2-phenyl-4H-chromen-4-one', 'Haplotusine', 'Sinapyl 4-O-β-D-glucopyranoside aldehyde', 'N-acetylnonaine', 'Liriodenine', 'Sinapyl 4-O-β-D-glucopyranoside alcohol', '[10]-gingerol', ""2,4-Dihydroxy-6-[(1'E,3'E)-penta-1', 3'-dienyl]-benzaldehyde"", '3β-hydroxy-stigmast-5-en-7-one; 24-β-7-oxositosterol', 'scillascillin', 'Gallic acid; 3,4,5-trihydroxybenzoic acid', 'Quercitrin, 3-O-α-rhamnosylquercetin', 'Caseobliquin A', 'Methyl angolensate', ""5-(3'' -Hydroxypropyl)-7-methoxy-2-(3',4' -methyl-enedioxyphenyl)benzofuran"", '22β-hydroxypristimerin', '1- (5,7-dihydroxy-2,2-dimethylchroman-6-yl)-3-(2,2-dimethylchroman- 6-yl)propan-1-one', 'Canavaline', 'Di-hydrodehydrodiconiferyl alcohol', 'Quercetin', ""2-(2'-O-trans-cinnamoyl)-C-β-D-glucopyranosyl-1,3,6,7-tetrahydroxyxanthone"", 'Kokusaginine', 'Nitensidine A', ""8-hydroxy-3,5,7,3',4',5'-hexamethoxyflavonol"", 'Odoratol', 'Leptomerine', '5-hydroxy-N-methylseverifoline', '19,20-Epoxycytochalasin N', 'ellagic acid 4-O-α-L-rhamnopyranoside; eschweilenol C', 'Mayoside C', 'Ourateacatechin', ""3',4',5',5,7-pentamethoxyflavone"", '2-methyl-5-pentadecylresorcinol', '(−)-Grandisin', '24-methylenecycloartan-3b-ol', 'Ixoside', 'Cognatine', 'Fagaramide', 'Maytenin, Tingenone', 'Netzahualcoyene', 'Casearin X Dialdehyde; (2R*,4aS*,5S*,7R*,8R*,8aS*)-4,4a-Diformyl-1,2,4a,5,6,7,8,8a-octahydro-5-hydroxy-7,8-dimethyl-8-[(2Z)-3-methylpenta-2,4-dien-1-yl]naphthalen-2-yl Butanoate', 'polypodine B', 'n-Propyl gallate', ""3',4',5',5,7,8-hexamethoxyflavone"", 'Isopropyl gallate', '6β-hydroxy-7-epigardoside methyl ester', 'Tetrahydropiperyline, N-[10-(13,14-methylenedioxyphenyl)-pentanoyl]-pyrrolidine', 'Piperovatine', '2,4,6-trimethoxybenzoic acid', '1-O-(E)-caffeoyl-β-D-glucopyranoside', 'Ocotillone', 'des-N-methylnoracronycine', 'Sorbifolin 6-O-β-glucopyranoside', 'Rel-2α-hydroxyzuelanin-6β-benzoate', 'Dibenzyl tetrasulphide', ""2',5-dihydroxy-3-methoxy-8-dimethylallyl-6, 7-(2' ',2''-dimethylpyrano)-dihydroflavonol"", '2-n-nonyl-4-quinolone', '2,6-di-O-acetylcasearupestrin D', ""Methyl-2,2-dimethyl-8-(3'-methylbut-2'-enyl)chroman-6-carboxylate"", '2,7-Di-O-acetylcasearupestrin A', 'Nitensidine B', '1-methyl-2-n-nonyl-4-quinolone', '5-[8(Z),11(Z),14-pentadecatrienyl]resorcinol', 'Piperol B', '(-)-Hardwickiic acid', ""5-[3''-(β-D-glucopyranosyloxy)propyl]-7-methoxy-2-(3',4'-methylenedioxyphenyl)benzofuran"", '28-O-β-D-glucopyranosyl quinovic acid', '2-Methyl-4-hydroxy-butyl caffeoate', 'N-1,N-2,N-3-Triisopentenylguanidine', 'Dibenzyl trisulphide', '5-[8(Z),11(Z)-pentadecadienyl]resorcinol', '(-)-Spectalinine', 'Uracil', 'urauchimycin A', 'Maculosidine', 'Podocarpusflavone A', 'Casearupestrin C', '6α-malonyloxy-n-butyl ester manoyl oxide', 'citrusinine-I', 'Ricinine', 'Leptophyllin A', '5-pentadecylresorcinol', '19,20-Epoxycytochalasin D', 'fumiquinozoline F', 'Kaempferol 3-O-α-L-rhamnopyranosyl (1→6)-O-[β -D-glucopyranosyl (1→3)-O-α-L-rhamnopyranosyl-(1→2)]-O-β -D-glucopyranosyl', '3β-O-[α-L-rhamnopyranosyl-(1→2)-O-β-D-glucopyranosyl-(1→2)-O-β-D-glucopyranosyl]-28-O-β-D-glucopyranoside pomolate', 'Alkenoic acid', 'Quercetin 3-O-α-L-rhamnopyranosyl (1→6)-O-[β -D-glucopyranosyl (1→3)-O-α-L-rhamnopyranosyl-(1→2)]-O-β -D-glucopyranosyl', 'Heveaflavone', 'Arboreumine', '3-Oxoursolic acid', 'Cytochalasin D', 'Isoorientin', 'urauchimycin B', 'Homoegonol', '[8]-gingerol', '4-Hydroxymellein', '5-hydroxymellein', 'fraxinellonone', 'Dibenzyl sulphide', '(-) Cis-4-hydroxy-6-deoxyscytalone', 'Plumericin', '7-hydroxy-3- (11-dimethylallyl)-8-methoxycoumarin', ""N-[7-(3',4'-methylenedioxyphenyl)-2(Z),4(Z)-heptadienoyl]pyrrolidine"", ""Acteoside; [β-3,4-dihydroxyphenyl)-ethyl]-(3'-O-α-L-rhamnopyranosyl)-(4'-O-cafeoyl)-β-D-glycopyranoside, verbascoside"", 'Pedalitin', '1-O-(E)-feruloyl-β-D-glucopyranoside', '19,20-Epoxycytochalasin C', 'p-Coumaric acid', '(-)-Epigallocatechin', 'Netzahualcoyonol', '1-[3-(3,7-dimethylocta-2,6-dien-1-yl)-2,4,6- trihydroxyphenyl]-3-(4-hydroxyphenyl)propan-1-one', '6α-malonyloxymanoyl oxide', 'Benzylhydroxymethyl sulphide', '1,6-di-O-caffeoyl-β-D-glucopyranoside', '2-methyl-5-[8(Z),11(Z),14-pentadecatrienyl]resorcinol', '20-hydroxyecdysone; polypodine A', '3-Acetyl aleuritolic acid', 'Casearin X; (1R*,3S*,5S*,6aR*,7S*,8S*,10R*,10aR*)-1-(Acetyloxy)-3,5,6,6a,7,8,9,10-octahydro-10-hydroxy-7,8-dimethyl-7-[(2Z)-3-methylpenta-2,4-dien-1-yl]naphtho[1,8a-c]furan-3,5-diyl Dibutanoate', 'α-L-xylopyranosyl-(4""→20)-(3-O-β-D-glucopyranosyl)-1\'-O-E-caffeoyl-β-D-glucopyranoside', ""2-(R)-Methyl-6-(S)-(tetradecyl-13'-one)-3(R)-O-tert-butyldimethylsilyl-piperidine"", '(2S)-Methyl-2-methyl-8-(3""-methylbut-2""-enyl)-2-(4\'-methylpent-3\'-enyl)-2H-chromene-6-carboxylate', 'Casearin T', 'Piperyline, N-[10-(13,14-methylenedioxyphenyl)-7(E),9(E)-pentadienoyl]-pyrrolidine', 'ω-fenil alcanoic acid', 'Casearupestrin B', 'toonacilin', 'Netzahualcoyondiol', 'Pristimerin; 20α-3-hydroxy-2-oxo-24-nor-friedela-1-10,3,5,7-tetraen-carboxylic acid-29-methylester', '3,4,5-trimethoxyphenyl 1-O-β-D-apiofuranosyl-(1→6)-O-β-D-glucopyranoside', 'β-photogedunin', 'n-Butyl gallate', ""5-[3''-(β-D-glucopyranosyloxy)propyl]-7-methoxy-2-(3',4'-dimethoxyphenyl)benzofuran"", '3,12-Dihydroxycadalene', 'Proanthocyanidin', 'neoisoastilbin', '(R)-7-Hydroxymellein', '6α-acetoxymanoyl oxide', 'Methyl-8-hydroxy-2,2-dimethylchroman-6-carboxylate', 'Di(benzyltrithio) methane', '3,11,12-Trihydroxycadalene', 'Quercetin 3-O-sophoroside', 'n-Pentyl gallate', 'Orcinol', 'Periconicin B', 'Phomopsilactone', ""(2S)-8-Isopentyl-2-methyl-2-(4'-methylpentyl)chroman-6-carboxylic acid"", '2,2-dimethyl-2H-chromene-6-carboxylic acid', '1,2-dihydro- 3β-hydroxy-7-deacetoxy-7-oxogedunin', 'Photogedunin', ""2-(2'-O-benzoyl)-C-β-D-glucopyranosyl-1,3,6,7-tetrahydroxyxanthone"", 'Isoplumericin', 'N-[10-(13,14-methylenedioxyphenyl)-7(E),9(Z)-pentadienoyl]-pyrrolidine', '6-[8(Z)-pentadecenyl]salicylic acid', '(2S)-2-methyl-8-(3""-methylbut-2""-enyl)-2-(4\'-methylpent-3\'-enyl)-2H-chromene-6-carboxylic acid', 'Burchellin', '5-[8(Z)-pentadecenyl]resorcinol', 'Luteolin; 2-(3,4-dihydroxyphenyl)-5,7-dihydroxy-4H-chromen-4-one', 'Sinapic acid', '19,20-Epoxycytochalasin Q', '2-butyl-D-fructofuranoside', ""Gaudichaudianic acid; (2S)-2-methyl-2-(4'methyl-3'-pentenyl)-8-(3''-methyl-2-butenyl)- 2H-1-benzopyran-6-carboxylic acid"", 'limonexic acid', 'Skimmianine', 'p-hydroxybenzoic acid-geranyl ester', 'Dibenzyl disulphide', '12′-hydroxy-7′-multijuguinone', 'Kaempferitrin', 'Nitensidine C', 'Dipropyl disulphide', '2-methyl-5-[8(Z),11(Z)-pentadecadienyl]resorcinol', 'Methyl 6,7,8-trimethoxydihydrocinnamate', '2-Hexyl-3-methyl-butanodioic acid', 'fraxinellone', '6-[ 8(Z),11(Z) -pentadecadienyl] salicylic acid', '3,4,5-Triacetoxybenzoic acid', 'Odoratone', '(3R,4R)-3,4-Dihydro-4,6-dihydroxy-3-methyl-1-oxo-1H-isochromene-5-carboxylic acid', '24-methylene-3,22-dihydroxycholesterol', 'amorphispironone', 'Casearupestrin D', 'Chaetoglobosin B', '5-hydroxymethyl- 2-furancarboxaldehyde; 5-hydroxymethyl-2-furfuraldehyde', 'atalaphyllinine', 'N-[10- (13,14-methylenedioxyphenyl)-7(E)-pentaenoyl]-pyrrolidine', '2-Methyl-5-methoxy-benzopyran-4-one', '3,4-dihydroxybenzoic acid geranyl ester', 'Gedunin', 'Pedalin, pedalitin 6-O-β -glucopyranoside', 'Caseargrewiin F; (1R*,3S*,5S*,6aR*,7S*,8R*,10R*,10aR*)-1,3-Bis(acetyloxy)-3,5,6,6a,7,8,9,10-octahydro-10-hydroxy-7,8-dimethyl-7-[(2Z)-3-methylpenta-2,4-dien-1-yl]naphtho[1,8a-c]furan-5-yl Butanoate', 'Casearin L; (1R*,3S*,5S*,6aR*,7R*,8R*,9S*,10S*,10aR*)-1,10-Bis(acetyloxy)-3,5,6,6a,7,8,9,10-octahydro-9-hydroxy-5-methoxy-7,8-dimethyl-7-[(2Z)-3-methylpenta-2,4-dien-1-yl]naphtho[1,8a-c]-furan-3-yl Butanoate', 'Platydesmine', 'Leiokinine A', 'Cabraleadiol', '19,20-Epoxycytochalasin R', 'Muraxanthone', '6α-acetoxy-14β,15β-epoxyazadirone', 'epoxy-fraxinellone', ""(2S)-Methyl-8-isopentyl-2-methyl-2-(4'-methylpentyl)chroman-6-carboxylate"", 'Casearupestrin A', '2-oxo-piperol B; (7S*, 8R*, 1R*, 3R*)-3,4,5-trimethoxy-3,7-cyclo-8,1-neolig-8-ene-2,4(3H)-dione', 'taxifolin', ""(2'S)-2-(propan-2'-ol)-5-hydroxy-benzopyran-4-one"", 'Rel-(+)-(7S,9R,10S)-3,9,12-trihydroxycalamenene', 'Casearin S', '11β-acetoxyobacunone', '1-(5,7-dihydroxy-2,2-dimethylchroman- 6-yl)-3-[4-hydroxy-3-(3-methylbut-2-en-1-yl)- phenyl]propan-1-one', '(3R,4R)-4,7-Dihydroxymellein', ""Nitensoside B; Pedalitin 6-O-α-rhamnopyranosyl(1'''→6'')-β-glucopyranoside"", 'Methyl gallate', '3-O-β-D-quinovopyranosyl cincholic acid', 'Afzelin, 3-O-α-rhamnosyl kaempferol', 'Rel-6β-hydroxyzuelanin-2β-benzoate', 'shidasterone', 'Picramnioside F', 'Egonol', '4-Nerolidilcatechol', ""2-(2'-O-transcoumaroyl)-C-β-D-glucopyranosyl-1,3,6,7-tetrahydroxyxanthone"", 'Syringic acid', '(+)-3-O-feruloylcassine', 'Amentoflavone', '1-(5,7-dihydroxy-2,2-dimethylchroman-6-yl)-3-(1,1,4a-trimethyl-2,3,4,4a,9a-hexahydro-1H-xanthen-7-yl)propan-1-one', 'Methyl (E)-6,7,8-trimethoxycinnamate', '3,4,5-Trimethoxyphenyl-1-O-β-D-(5-O-syringoyl)-apiofuranosyl-(1→6)-β-D-glucopyranoside', '6-[8(Z),11(Z),14-pentadecatrienyl]salicylic acid', 'Sorbifolin', ""Nitensoside A; Sorbifolin 6-O-α-rhamnopyranosyl(1'''→6'')-β-glucopyranoside"", 'Casearin O; (1R*,3S*,5S*,6aR*,7R*,8R*,9S*,10S*,10aR*)-1,10-Bis(acetyloxy)-5-methoxy-7,8-dimethyl-7-[(2Z)-3-methylpenta-2,4-dien-1-yl]-3,5,6,6a,7,8,9,10-octahydronaphtho[1,8a-c]furan-3,9-diyl Dibutanoate', 'germacrene D', 'schaftoside', 'Acetonide of odoratol', 'Salacin', '6-pentadecylsalicylic acid', 'Methyl-2,2-dimethylchroman-6-carboxylate', ""Myrsinoic acid A, 3-Geranyl-4-hydroxy-5-(3'',3''-dimethylallyl)benzoic acid"", '20α-Hydroxymaytenin; 20-hydroxy-20-epi-tingenone', '(-)-Epigallocatechin-3-O-gallate', 'Casearin D; (1R*,3S*,5S*,6aR*,7R*,8R*,9S*,10S*,10aR*)-1-(Acetyloxy)-3,5,6,6a,7,8,9,10-octahydro-5,10-dihydroxy-7,8-dimethyl-7-[(2Z)-3-methylpenta-2,4-dien-1-yl]naphtho[1,8a-c]furan-3,9-diyl Dibutanoate', 'Rel. (+)-(7S,10S) 3,12-dihydroxycalamenene', 'carlinoside', 'Methyl-8-(ethanoyloxy)-2,2-dimethyl-2H-chromene-6-carboxylate', '2β-Hydroxyzuelanin-6β-cinnamate', 'arjunolic acid', 'stachysterone', 'Ethyl 2,4-dihydroxy-5,6-dimethylbenzoate', 'Amentoflavone 7”,4”’-dimethyl ether', ""2-(2'-O-trans-caffeoyl)-C-β-D-glucopyranosyl-1,3,6,7-tetrahydroxyxanthone"", 'Lauryl gallate', 'Syringaldehyde', '22-hydroxytirucalla-7,24-diene-2,3-dione', 'Trans-3’-methylsulphonylallyl trans-cinnamate', '(3-(2-(4-hydroxyphenyl)-2-oxoethyl)-5,6-dihydropyridin- 2(1H)-one)', 'Mangiferin', 'Viburgenin', ""Pterogynoside; Kaempferol-3-O-(3''-O-4'''-methylgallate-α-L-rhamnoside)"", 'Isobutyl gallate', '7′-multijuguinone', 'Griseofulvin', ""7-Hydroxy-4',6-dimethoxyisoflavone; Afrormosin; Afromosin"", '8-methoxymellein', '(±)-Syringaresinol', 'Cyclo-(L-Pro-L-Val)', 'Chalepin', 'Chlorogenic acid', '(4R)-4,8-dihydroxy-α-tetralone', 'Kaempferol', '3-O-β-D-quinovopyranosyl quinovic acid', '2-hydroxyphenylacetic acid', '2-methyl-5-[8(Z)-pentadecenyl]resorcinol']]",doi_name
"['10.1590/S0102-695X2010000100002', 'taxifolin']","['10.1590/S0102-695X2010000100002', ['guaiol', 'Hinesol', 'γ-eudesmol', 'α-eudesmol', 'Anhydrofusarubin', 'Beauvericin', 'Galioside aglicone', 'Teucrein', '11-O-trans-feruloylteucrein', 'Apodanthoside', 'Galioside', 'astilbin; Rel-(2R, 3R)-dihydroquercetin-3-O-±-L-rhamnoside', '4-metoxi-6-[2-(metilamino)fenil]- 2H-piran-2-ona', 'Chlorogenic acid methyl ester, Methyl (1S,3R,4R,5R)-3-{[(2E)-3-(3,4-dihydroxyphenyl)-2-propenoyl]oxy}-1,4,5-trihydroxycyclohexanecarboxylate', 'Nilocetin', '3,11-dioxoolean-12-en-28- onic acid', 'Piscidinol A', 'Hispidol A', 'cryptomeridiol', 'Iso-odoratol', 'Pentaol', 'Oleanonic acid', 'Taraxerol acetate', 'Clusifoliol', ""Isoswertisin-4'-methyl-ether-2''α-L-rhamnoside"", ""Isoswertisin-2''α1-L-rhamnoside"", '2-Episesalatin', 'Sesartemin', ""3,4-dimethyl-2-(4'-hydroxy-3',5'-dimethoxyphenyl)-5-methoxy-tetrahydrofuran"", '(+)-Erythravine', '(+)-11α-Hydroxyerythravine', '(+)-α-Hydroxyerysotrine', '5,7-dimethoxy-2,2-dimethyl-2H-1-benzopyran-6-propanoate', ""3',4',5',3,5,7,8-heptamethoxyflavone"", ""3,5,6,7,3',4',5'-heptamethoxyflavonol"", 'Ergosterol peroxide', '8-hydroxy-6-methoxy-3-methylisocoumarin', '(22E,24R)-ergosta-4,6,8(14),22-tetraen-3-one', 'Dimethyl terephthalate', 'Pimara-7,15-dien-3β-ol', 'penduletin 4-O-methyl ether', '2α,3α,19α- trihydroxyurs-12-en-28-oic acid', '3,3-O-dimethylquercetin', 'Chrysoeriol', '3,7,4-O-trimethylkaempferol', '3-O-methylquercetin', '2α,3α-dihydroxyolean-12- en-28-oic acid', 'p-hydroxybenzoic acid', 'acacetin', ""4-Hydroxy-3-(3',7'-dimethyl-3'-hydroxy-1'-oxo-6'-octenyl)benzoic acid"", ""1,4-Dihydroxy-2-(3',7'-dimethyl-1'-oxo-2'-E-6'-octadienyl)benzene"", ""Isosakuranetin; 5,7-dihydroxy-4'-methoxyflavanone"", ""4-Hydroxy-(3',7'-dimethyl-1'-oxo-octa-2'-E-6'-dienyl)benzoic acid"", ""Sakuranetin; 5,4'-dihydroxy-7-methoxyflavanone"", '(-)-3-O-acetyl-spectaline', 'Piperaduncine B', ""2',6'-Dihydroxy-4'-methoxydihydrochalcone"", ""Methyl 4-hydroxy-3-(3'-methyl-2'-butenyl)benzoate"", ""Methyl taboganate; Methyl 4-hydroxy-3-(3'-methyl-1'-oxo-2'-butenyl)benzoate"", 'Methyl 2,2-dimethyl-1-oxo-2H-1-benzopyran-6-carboxylate', ""4-Hydroxy-3-(3',7'-dimethylocta-2'-E-6'-dienyl)benzoic acid"", ""Hostmaniene; 4-Hydroxy-3-(2',3'-dihydroxy-3'-methylbutyl)benzoate"", '3,4,5-Trimethoxydihydrocinnamic acid', ""Methyl 4-hydroxy-3-(3'-methyl-2'-hydroxy-3'-butenyl)benzoate"", ""Aduncumene; Methyl 2-methoxy-5-(3'-methyl-1'-oxo-2'-butenyl)benzoate"", ""4-Hydroxy-(3',7'-dimethyl-1'-oxo-octa-2'-Z-6'-dienyl)benzoic acid"", 'Methyl (3R,4R,5R)-3-{[(2Z)-3-(3,4-dihydroxyphenyl)-2-propenoyl]oxy}-1,4,5-trihydroxycyclohexanecarboxylate', 'Methyl (3R,4R,5R)-3-{[(2E)-3-(3,4-dihydroxyphenyl)-2-propenoyl]oxy}-1,4,5-trihydroxycyclohexanecarboxylate', 'Nitensidine D', 'Nitensidine E', 'Aphidicolin', '2,3-dihydro-4,9-dihydroxy-2-(2-hydroxy-propan-2-yl)- 11-methoxy-10-methylfuro[3,2-b]acridin-5(10H)-one', 'bis-5-hydroxyacronycine', 'Citibrasine', '3,4-dehydro-strictosidine', 'Turbinatine', '3,4-dehydrostrictosidine acid', '5α-carboxystrictosidine', 'Strictosidine acid', 'Cordifoline', 'Harman-3-carboxylic acid', 'Deoxycordifoline', '21β,25-dimethylmelianodiol', '21α,25-dimethylmelianodiol', '3,21-Di-epi-feroniellide B', 'Methacrylic acid', 'Mycoleptone A', '9-hydroxyeugenin', 'Mycoleptone B', 'Austdiol diacetate', 'Austdiol', 'Eugenitin', '6-methoxyeugenin', 'Mycoleptone A tetraacetate', 'Stearic acid 4-pentoyloxyphenethyl ester', 'Pyranofoline', 'Glycocitrine-IV', 'Citrusinine-I', '5-hydroxynoracronycine; Atalaphyllidine', 'Glycocitrine-I', '1,3,5-trihydroxy- 2,8-bis(3-methylbut-2-enyl)-10-methyl-9-acridone', '1,3,5-trihydroxy-4-methoxy-10-methyl- 2,8-bis(3-methylbut-2-enyl)acridin-9(10H)-one', '3,4-dihydro-3,5,8-trihydroxy-6-methoxy-2,2,7-trimethyl-2Hpyrano[ 2,3-a]acridin-12(7H)-one', 'Citrusinine-II', 'Procyanidin B-3', 'Kaempferol-3-O-α-L-rhamnopyranosyl-(1-6)-α-L-rhamnopyranosyl-(1-4)-β-D-glucopyranoside', 'Kaempferol-3-O-D-glucopyranoside', 'Kaempferol-3-O-D-galactopyranoside', '6-Hydroxy-rutin', 'Quercetin-3-O-α-L-rhamnopyranosyl-(1→6)-β-D-galactopyranoside', 'Kaempferol-3-O-rutinoside', 'Kaempferol-3-O-α-L-rhamnopyranosyl-(1→6)-β-D-galactopyranoside', 'Catechin, Ent-catechin', '5,7-dimethoxy-2,2-dimethyl-2H-1-benzopyran-6-propanoic acid', '1-methoxy-3-hydroxy-3,10b-4,5a-diepoxy-8b-isobutyroyloxygermacr-11(13)-en-6a,12-olide', 'Tagitinin C', ""2-(1'-pentenyl)-Quinoline"", '2-n-Propylquinoline', ""2-(3',4'-methylenedioxyphenylethyl)-Quinoline"", '2-n-Pentylquinoline', '(+)-Guaiacin', 'Farnisine', ""7,4'-Dimethoxyflavone"", '21´-(3,4-Methylenedioxyphenyl)-henicosanoic acid', ""7,4'-Dihydroxyflavone"", '19´-(3,4-Methylenedioxyphenyl)-nonadecanoic acid', 'Sargaquinoic acid', 'Sargachromenol', 'Fasciculiferin', 'Tithonine', ""Juruenolic acid; 2-(4'-Methylpentenyl-3)-10-oxoundecan-2,6-dienoic acid"", '17-(3,4-Methylenedioxyphenyl)-heptadecanoic acid', 'Secoxyloganin', '7-Methoxydiderroside', 'Diderroside', ""6'-Acetyl-β-D-glucopyranosyldiderroside"", ""3',4'-methylenedioxy-5,5',6,7-tetramethoxyflavone"", ""2'-hydroxy-3,4,4'-trimethoxy-5',6'-(2'',2''-dimethylpyrano)-chalcone"", ""3',4'-methylenedioxy-5,7-dimethoxyflavone"", ""3',4'-methylenedioxy-5,6,7- trimethoxyflavone"", 'Xanthyletin', 'α-Gardiol', 'β-Gardiol', 'Ferulic acid', 'Nectandrin B', 'Verrucosin', 'Epi-guaiacin', '7-Methyl-sargachromenol; 2,7,8-Trimethyl-2-[(3-E,7-Z)-4,12-dimethyl-8-carboxyl-3,7,11-tridecatrienyl]-3-chromen-6-ol, β-caroteno', ""Rel-(7R,8S,7'S,8'S)-4',5'-methylenedioxy-3,4,5,3'-tetramethoxy-7,7'-epoxylignan"", ""Rel-(7R,8S,7'S,8'S)-4'-hydroxy-3,4,5,3',5'-pentamethoxy-7,7'-epoxylignan"", ""Rel-(7R,8S,7'S,8'S)-4,5,4',5'-dimethylenedioxy-3,3'-dimethoxy-7,7'-epoxylignan"", ""Rel-(7R,8S,7'S,8'S)-9-hydroxy-4',5'-methylenedioxy-3,4,5,3'-tetramethoxy-7,7'-epoxylignan"", ""Rel-(7R,8S,7'S,8'S)-4-hydroxy-4',5'-methylenedioxy-3,5,3'-trimethoxy-7,7'-epoxylignan"", ""4-Methoxy-3-(3',7'-dimethylocta-2'-E-6'-dienyl)benzoic acid"", ""3-(3',7 '-dimethyl-2',6 '-octadienyl)-4-methoxy-benzoic acid"", 'Methyl-8-hydroxy-2,2-dimethyl-2H-chromene-6-carboxylate', 'cyclo (L)-Pro-Gly', 'β-caryophyllene, trans-caryophyllene', 'Isopimpinellin', '8,9-dihydropiplartine; N-(12,13,14-trimethoxydihydrocinnamoyl)-Δ3-pyridin-2-one', '10,11-dihydropiperine; Δα,β-dihydropiperine', '4,5-dihydropiperlonguminine; Piperlonguminine', '(Z)-piplartine; 8(Z)-N-(12,13, 14-trimethoxycinnamoyl)- 3-pyridin-2-one', 'Piperine', '(E)-piplartine', ""N-[3-(6'-methoxy-3',4'-methy-lenedioxyphenyl)-2(Z)-propenoyl]pyrrolidine"", '4,5-dihydropiperyline', 'Pellitorine', '(3Z,5Z)-N-isobutyl-8-(30,40-methylenedioxy-phenyl)-heptadienamide', 'Cusculine; 1,2,3,5,6-pentamethoxy-9-acridone', 'Cuspanine; 1-hydroxy-2,3,5,6-tetramethoxy-9-acridone', '2α,3α-Dihydroxy-urs-12-en-28-oic acid', 'Oleanolic acid 3-sophoroside', '3-O-β-D-(6’-methyl)-glucopyranosyl-28-O-β-D-glucopyranosyl-oleanate', '5-hydroxyflavone', 'β-Sitosterol benzoate', '2-phenyl-4H-chromen-4-one', 'Haplotusine', 'Sinapyl 4-O-β-D-glucopyranoside aldehyde', 'Sinapyl 4-O-β-D-glucopyranoside alcohol', 'Liriodenine', 'N-acetylnonaine', '[10]-gingerol', ""2,4-Dihydroxy-6-[(1'E,3'E)-penta-1', 3'-dienyl]-benzaldehyde"", '2-methyl-5-[8(Z)-pentadecenyl]resorcinol', 'Nitensidine A', '2-hydroxyphenylacetic acid', '3-O-β-D-quinovopyranosyl quinovic acid', 'Kaempferol', '(4R)-4,8-dihydroxy-α-tetralone', 'Chlorogenic acid', '3β-hydroxy-stigmast-5-en-7-one; 24-β-7-oxositosterol', 'scillascillin', 'Piperol B', '(-)-Hardwickiic acid', ""5-[3''-(β-D-glucopyranosyloxy)propyl]-7-methoxy-2-(3',4'-methylenedioxyphenyl)benzofuran"", '28-O-β-D-glucopyranosyl quinovic acid', '2-Methyl-4-hydroxy-butyl caffeoate', '(-) Cis-4-hydroxy-6-deoxyscytalone', ""8-hydroxy-3,5,7,3',4',5'-hexamethoxyflavonol"", 'Odoratol', 'Leptomerine', '5-hydroxy-N-methylseverifoline', '19,20-Epoxycytochalasin N', 'ellagic acid 4-O-α-L-rhamnopyranoside; eschweilenol C', 'Mayoside C', 'Ourateacatechin', ""3',4',5',5,7-pentamethoxyflavone"", '2-methyl-5-pentadecylresorcinol', 'Griseofulvin', ""7-Hydroxy-4',6-dimethoxyisoflavone; Afrormosin; Afromosin"", '8-methoxymellein', '(±)-Syringaresinol', 'Cyclo-(L-Pro-L-Val)', '5-pentadecylresorcinol', '19,20-Epoxycytochalasin D', 'fumiquinozoline F', '2,6-di-O-acetylcasearupestrin D', ""Methyl-2,2-dimethyl-8-(3'-methylbut-2'-enyl)chroman-6-carboxylate"", '2,7-Di-O-acetylcasearupestrin A', 'Nitensidine B', '1-methyl-2-n-nonyl-4-quinolone', '5-[8(Z),11(Z),14-pentadecatrienyl]resorcinol', 'urauchimycin B', 'Homoegonol', '[8]-gingerol', '4-Hydroxymellein', '5-hydroxymellein', 'fraxinellonone', 'Dibenzyl sulphide', 'Quercetin', ""2-(2'-O-trans-cinnamoyl)-C-β-D-glucopyranosyl-1,3,6,7-tetrahydroxyxanthone"", 'Ocotillone', 'des-N-methylnoracronycine', 'Sorbifolin 6-O-β-glucopyranoside', 'Rel-2α-hydroxyzuelanin-6β-benzoate', 'Plumericin', '5-[8(Z),11(Z)-pentadecadienyl]resorcinol', '(-)-Spectalinine', 'Maculosidine', 'Podocarpusflavone A', 'Casearupestrin C', '6α-malonyloxy-n-butyl ester manoyl oxide', 'citrusinine-I', 'Ricinine', 'Leptophyllin A', ""2',5-dihydroxy-3-methoxy-8-dimethylallyl-6, 7-(2' ',2''-dimethylpyrano)-dihydroflavonol"", '2-n-nonyl-4-quinolone', 'Cytochalasin D', 'Isoorientin', 'Uracil', 'urauchimycin A', 'p-Coumaric acid', '(-)-Epigallocatechin', 'Netzahualcoyonol', 'Caseobliquin A', 'Methyl angolensate', ""5-(3'' -Hydroxypropyl)-7-methoxy-2-(3',4' -methyl-enedioxyphenyl)benzofuran"", '22β-hydroxypristimerin', '1- (5,7-dihydroxy-2,2-dimethylchroman-6-yl)-3-(2,2-dimethylchroman- 6-yl)propan-1-one', 'Canavaline', 'Di-hydrodehydrodiconiferyl alcohol', '1-[3-(3,7-dimethylocta-2,6-dien-1-yl)-2,4,6- trihydroxyphenyl]-3-(4-hydroxyphenyl)propan-1-one', '6α-malonyloxymanoyl oxide', 'Benzylhydroxymethyl sulphide', '1,6-di-O-caffeoyl-β-D-glucopyranoside', '2-methyl-5-[8(Z),11(Z),14-pentadecatrienyl]resorcinol', 'Netzahualcoyondiol', 'Pristimerin; 20α-3-hydroxy-2-oxo-24-nor-friedela-1-10,3,5,7-tetraen-carboxylic acid-29-methylester', '3,4,5-trimethoxyphenyl 1-O-β-D-apiofuranosyl-(1→6)-O-β-D-glucopyranoside', 'β-photogedunin', 'n-Butyl gallate', ""5-[3''-(β-D-glucopyranosyloxy)propyl]-7-methoxy-2-(3',4'-dimethoxyphenyl)benzofuran"", '3,12-Dihydroxycadalene', '7-hydroxy-3- (11-dimethylallyl)-8-methoxycoumarin', 'Kaempferol 3-O-α-L-rhamnopyranosyl (1→6)-O-[β -D-glucopyranosyl (1→3)-O-α-L-rhamnopyranosyl-(1→2)]-O-β -D-glucopyranosyl', '3β-O-[α-L-rhamnopyranosyl-(1→2)-O-β-D-glucopyranosyl-(1→2)-O-β-D-glucopyranosyl]-28-O-β-D-glucopyranoside pomolate', 'Dibenzyl tetrasulphide', 'Gallic acid; 3,4,5-trihydroxybenzoic acid', 'Quercitrin, 3-O-α-rhamnosylquercetin', ""N-[7-(3',4'-methylenedioxyphenyl)-2(Z),4(Z)-heptadienoyl]pyrrolidine"", ""Acteoside; [β-3,4-dihydroxyphenyl)-ethyl]-(3'-O-α-L-rhamnopyranosyl)-(4'-O-cafeoyl)-β-D-glycopyranoside, verbascoside"", '20-hydroxyecdysone; polypodine A', '3-Acetyl aleuritolic acid', 'Alkenoic acid', 'Quercetin 3-O-α-L-rhamnopyranosyl (1→6)-O-[β -D-glucopyranosyl (1→3)-O-α-L-rhamnopyranosyl-(1→2)]-O-β -D-glucopyranosyl', 'Heveaflavone', 'Arboreumine', '3-Oxoursolic acid', 'Casearupestrin B', 'toonacilin', 'Pedalitin', '1-O-(E)-feruloyl-β-D-glucopyranoside', '19,20-Epoxycytochalasin C', '1,2-dihydro- 3β-hydroxy-7-deacetoxy-7-oxogedunin', 'Photogedunin', 'Casearin X; (1R*,3S*,5S*,6aR*,7S*,8S*,10R*,10aR*)-1-(Acetyloxy)-3,5,6,6a,7,8,9,10-octahydro-10-hydroxy-7,8-dimethyl-7-[(2Z)-3-methylpenta-2,4-dien-1-yl]naphtho[1,8a-c]furan-3,5-diyl Dibutanoate', 'Skimmianine', 'p-hydroxybenzoic acid-geranyl ester', 'Netzahualcoyene', 'Casearin X Dialdehyde; (2R*,4aS*,5S*,7R*,8R*,8aS*)-4,4a-Diformyl-1,2,4a,5,6,7,8,8a-octahydro-5-hydroxy-7,8-dimethyl-8-[(2Z)-3-methylpenta-2,4-dien-1-yl]naphthalen-2-yl Butanoate', 'polypodine B', 'n-Propyl gallate', ""3',4',5',5,7,8-hexamethoxyflavone"", 'Isopropyl gallate', '6β-hydroxy-7-epigardoside methyl ester', 'Tetrahydropiperyline, N-[10-(13,14-methylenedioxyphenyl)-pentanoyl]-pyrrolidine', 'Piperovatine', '2,4,6-trimethoxybenzoic acid', '1-O-(E)-caffeoyl-β-D-glucopyranoside', '6α-acetoxymanoyl oxide', 'Methyl-8-hydroxy-2,2-dimethylchroman-6-carboxylate', 'α-L-xylopyranosyl-(4""→20)-(3-O-β-D-glucopyranosyl)-1\'-O-E-caffeoyl-β-D-glucopyranoside', ""2-(R)-Methyl-6-(S)-(tetradecyl-13'-one)-3(R)-O-tert-butyldimethylsilyl-piperidine"", '(2S)-Methyl-2-methyl-8-(3""-methylbut-2""-enyl)-2-(4\'-methylpent-3\'-enyl)-2H-chromene-6-carboxylate', 'Casearin T', 'Piperyline, N-[10-(13,14-methylenedioxyphenyl)-7(E),9(E)-pentadienoyl]-pyrrolidine', 'ω-fenil alcanoic acid', '2-butyl-D-fructofuranoside', ""Gaudichaudianic acid; (2S)-2-methyl-2-(4'methyl-3'-pentenyl)-8-(3''-methyl-2-butenyl)- 2H-1-benzopyran-6-carboxylic acid"", 'n-Pentyl gallate', 'Orcinol', 'Periconicin B', 'Phomopsilactone', ""(2S)-8-Isopentyl-2-methyl-2-(4'-methylpentyl)chroman-6-carboxylic acid"", '2,2-dimethyl-2H-chromene-6-carboxylic acid', 'Quercetin 3-O-sophoroside', '(3R,4R)-3,4-Dihydro-4,6-dihydroxy-3-methyl-1-oxo-1H-isochromene-5-carboxylic acid', '24-methylene-3,22-dihydroxycholesterol', 'amorphispironone', 'Casearupestrin D', 'Chaetoglobosin B', ""2-(2'-O-benzoyl)-C-β-D-glucopyranosyl-1,3,6,7-tetrahydroxyxanthone"", 'Isoplumericin', 'N-[10-(13,14-methylenedioxyphenyl)-7(E),9(Z)-pentadienoyl]-pyrrolidine', '6-[8(Z)-pentadecenyl]salicylic acid', '(2S)-2-methyl-8-(3""-methylbut-2""-enyl)-2-(4\'-methylpent-3\'-enyl)-2H-chromene-6-carboxylic acid', 'Burchellin', 'Dibenzyl disulphide', 'Proanthocyanidin', 'neoisoastilbin', '(R)-7-Hydroxymellein', 'Sinapic acid', '19,20-Epoxycytochalasin Q', '19,20-Epoxycytochalasin R', 'Muraxanthone', '6α-acetoxy-14β,15β-epoxyazadirone', 'epoxy-fraxinellone', '12′-hydroxy-7′-multijuguinone', 'Kaempferitrin', 'Nitensidine C', 'Dipropyl disulphide', '2-methyl-5-[8(Z),11(Z)-pentadecadienyl]resorcinol', 'Methyl 6,7,8-trimethoxydihydrocinnamate', '2-Hexyl-3-methyl-butanodioic acid', 'limonexic acid', 'Di(benzyltrithio) methane', '3,11,12-Trihydroxycadalene', 'fraxinellone', '6-[ 8(Z),11(Z) -pentadecadienyl] salicylic acid', '3,4,5-Triacetoxybenzoic acid', 'Odoratone', 'Rel-6β-hydroxyzuelanin-2β-benzoate', 'shidasterone', '5-hydroxymethyl- 2-furancarboxaldehyde; 5-hydroxymethyl-2-furfuraldehyde', 'atalaphyllinine', 'N-[10- (13,14-methylenedioxyphenyl)-7(E)-pentaenoyl]-pyrrolidine', '2-Methyl-5-methoxy-benzopyran-4-one', '3,4-dihydroxybenzoic acid geranyl ester', 'Gedunin', 'Pedalin, pedalitin 6-O-β -glucopyranoside', 'Caseargrewiin F; (1R*,3S*,5S*,6aR*,7S*,8R*,10R*,10aR*)-1,3-Bis(acetyloxy)-3,5,6,6a,7,8,9,10-octahydro-10-hydroxy-7,8-dimethyl-7-[(2Z)-3-methylpenta-2,4-dien-1-yl]naphtho[1,8a-c]furan-5-yl Butanoate', '5-[8(Z)-pentadecenyl]resorcinol', 'Luteolin; 2-(3,4-dihydroxyphenyl)-5,7-dihydroxy-4H-chromen-4-one', 'Methyl (E)-6,7,8-trimethoxycinnamate', '3,4,5-Trimethoxyphenyl-1-O-β-D-(5-O-syringoyl)-apiofuranosyl-(1→6)-β-D-glucopyranoside', 'Casearin L; (1R*,3S*,5S*,6aR*,7R*,8R*,9S*,10S*,10aR*)-1,10-Bis(acetyloxy)-3,5,6,6a,7,8,9,10-octahydro-9-hydroxy-5-methoxy-7,8-dimethyl-7-[(2Z)-3-methylpenta-2,4-dien-1-yl]naphtho[1,8a-c]-furan-3-yl Butanoate', 'Platydesmine', 'Leiokinine A', 'Cabraleadiol', 'schaftoside', ""(2S)-Methyl-8-isopentyl-2-methyl-2-(4'-methylpentyl)chroman-6-carboxylate"", 'Casearupestrin A', '2-oxo-piperol B; (7S*, 8R*, 1R*, 3R*)-3,4,5-trimethoxy-3,7-cyclo-8,1-neolig-8-ene-2,4(3H)-dione', 'taxifolin', ""(2'S)-2-(propan-2'-ol)-5-hydroxy-benzopyran-4-one"", 'Rel-(+)-(7S,9R,10S)-3,9,12-trihydroxycalamenene', 'Casearin S', '11β-acetoxyobacunone', '1-(5,7-dihydroxy-2,2-dimethylchroman- 6-yl)-3-[4-hydroxy-3-(3-methylbut-2-en-1-yl)- phenyl]propan-1-one', 'Casearin D; (1R*,3S*,5S*,6aR*,7R*,8R*,9S*,10S*,10aR*)-1-(Acetyloxy)-3,5,6,6a,7,8,9,10-octahydro-5,10-dihydroxy-7,8-dimethyl-7-[(2Z)-3-methylpenta-2,4-dien-1-yl]naphtho[1,8a-c]furan-3,9-diyl Dibutanoate', 'Rel. (+)-(7S,10S) 3,12-dihydroxycalamenene', 'carlinoside', 'Methyl-8-(ethanoyloxy)-2,2-dimethyl-2H-chromene-6-carboxylate', '(3R,4R)-4,7-Dihydroxymellein', ""Nitensoside B; Pedalitin 6-O-α-rhamnopyranosyl(1'''→6'')-β-glucopyranoside"", 'Methyl gallate', '3-O-β-D-quinovopyranosyl cincholic acid', 'Afzelin, 3-O-α-rhamnosyl kaempferol', 'Egonol', '4-Nerolidilcatechol', ""2-(2'-O-transcoumaroyl)-C-β-D-glucopyranosyl-1,3,6,7-tetrahydroxyxanthone"", 'Syringic acid', '(+)-3-O-feruloylcassine', 'Amentoflavone', '1-(5,7-dihydroxy-2,2-dimethylchroman-6-yl)-3-(1,1,4a-trimethyl-2,3,4,4a,9a-hexahydro-1H-xanthen-7-yl)propan-1-one', 'Mangiferin', 'Viburgenin', ""Pterogynoside; Kaempferol-3-O-(3''-O-4'''-methylgallate-α-L-rhamnoside)"", 'Isobutyl gallate', '7′-multijuguinone', '6-[8(Z),11(Z),14-pentadecatrienyl]salicylic acid', 'Sorbifolin', ""Nitensoside A; Sorbifolin 6-O-α-rhamnopyranosyl(1'''→6'')-β-glucopyranoside"", 'Casearin O; (1R*,3S*,5S*,6aR*,7R*,8R*,9S*,10S*,10aR*)-1,10-Bis(acetyloxy)-5-methoxy-7,8-dimethyl-7-[(2Z)-3-methylpenta-2,4-dien-1-yl]-3,5,6,6a,7,8,9,10-octahydronaphtho[1,8a-c]furan-3,9-diyl Dibutanoate', 'germacrene D', 'Salacin', '6-pentadecylsalicylic acid', 'Methyl-2,2-dimethylchroman-6-carboxylate', ""Myrsinoic acid A, 3-Geranyl-4-hydroxy-5-(3'',3''-dimethylallyl)benzoic acid"", '20α-Hydroxymaytenin; 20-hydroxy-20-epi-tingenone', '(-)-Epigallocatechin-3-O-gallate', 'N-1,N-2,N-3-Triisopentenylguanidine', 'Dibenzyl trisulphide', 'Maytenin, Tingenone', 'Kokusaginine', ""2-(2'-O-trans-caffeoyl)-C-β-D-glucopyranosyl-1,3,6,7-tetrahydroxyxanthone"", '2β-Hydroxyzuelanin-6β-cinnamate', 'arjunolic acid', 'stachysterone', 'Ethyl 2,4-dihydroxy-5,6-dimethylbenzoate', 'Amentoflavone 7”,4”’-dimethyl ether', 'Picramnioside F', 'Lauryl gallate', 'Syringaldehyde', '22-hydroxytirucalla-7,24-diene-2,3-dione', 'Trans-3’-methylsulphonylallyl trans-cinnamate', '(3-(2-(4-hydroxyphenyl)-2-oxoethyl)-5,6-dihydropyridin- 2(1H)-one)', 'Acetonide of odoratol', '(−)-Grandisin', '24-methylenecycloartan-3b-ol', 'Ixoside', 'Cognatine', 'Fagaramide', 'Chalepin']]",doi_name
"['10.1590/S0100-40422004000200005', 'Trans-3’-methylsulphonylallyl trans-cinnamate']","['10.1590/S0100-40422004000200005', ['Haplotusine', 'β-Sitosterol benzoate', '2-phenyl-4H-chromen-4-one', '5-hydroxyflavone', '2α,3α-Dihydroxy-urs-12-en-28-oic acid', 'Oleanolic acid 3-sophoroside', '3-O-β-D-(6’-methyl)-glucopyranosyl-28-O-β-D-glucopyranosyl-oleanate', 'Sinapyl 4-O-β-D-glucopyranoside aldehyde', 'Sinapyl 4-O-β-D-glucopyranoside alcohol', 'Liriodenine', 'N-acetylnonaine', 'γ-eudesmol', 'Hinesol', 'guaiol', 'α-eudesmol', '11-O-trans-feruloylteucrein', 'Galioside aglicone', 'Teucrein', 'Galioside', 'Apodanthoside', 'Beauvericin', 'Anhydrofusarubin', ""3',4',5',3,5,7,8-heptamethoxyflavone"", ""3,5,6,7,3',4',5'-heptamethoxyflavonol"", '5,7-dimethoxy-2,2-dimethyl-2H-1-benzopyran-6-propanoic acid', '5,7-dimethoxy-2,2-dimethyl-2H-1-benzopyran-6-propanoate', 'Ergosterol peroxide', '8-hydroxy-6-methoxy-3-methylisocoumarin', 'Pimara-7,15-dien-3β-ol', '(22E,24R)-ergosta-4,6,8(14),22-tetraen-3-one', 'Dimethyl terephthalate', ""3,4-dimethyl-2-(4'-hydroxy-3',5'-dimethoxyphenyl)-5-methoxy-tetrahydrofuran"", 'Methyl (3R,4R,5R)-3-{[(2Z)-3-(3,4-dihydroxyphenyl)-2-propenoyl]oxy}-1,4,5-trihydroxycyclohexanecarboxylate', 'Methyl (3R,4R,5R)-3-{[(2E)-3-(3,4-dihydroxyphenyl)-2-propenoyl]oxy}-1,4,5-trihydroxycyclohexanecarboxylate', 'Kaempferol-3-O-D-galactopyranoside', 'Kaempferol-3-O-D-glucopyranoside', 'Quercetin-3-O-α-L-rhamnopyranosyl-(1→6)-β-D-galactopyranoside', 'Kaempferol-3-O-rutinoside', '6-Hydroxy-rutin', 'Kaempferol-3-O-α-L-rhamnopyranosyl-(1-6)-α-L-rhamnopyranosyl-(1-4)-β-D-glucopyranoside', 'Kaempferol-3-O-α-L-rhamnopyranosyl-(1→6)-β-D-galactopyranoside', 'Catechin, Ent-catechin', 'Procyanidin B-3', ""4-Hydroxy-3-(3',7'-dimethyl-3'-hydroxy-1'-oxo-6'-octenyl)benzoic acid"", ""4-Hydroxy-(3',7'-dimethyl-1'-oxo-octa-2'-E-6'-dienyl)benzoic acid"", ""Isosakuranetin; 5,7-dihydroxy-4'-methoxyflavanone"", ""1,4-Dihydroxy-2-(3',7'-dimethyl-1'-oxo-2'-E-6'-octadienyl)benzene"", ""Sakuranetin; 5,4'-dihydroxy-7-methoxyflavanone"", '17-(3,4-Methylenedioxyphenyl)-heptadecanoic acid', ""7,4'-Dimethoxyflavone"", '21´-(3,4-Methylenedioxyphenyl)-henicosanoic acid', ""7,4'-Dihydroxyflavone"", 'Fasciculiferin', 'Farnisine', '19´-(3,4-Methylenedioxyphenyl)-nonadecanoic acid', 'Sargaquinoic acid', 'Tithonine', ""Juruenolic acid; 2-(4'-Methylpentenyl-3)-10-oxoundecan-2,6-dienoic acid"", 'Sargachromenol', '(+)-Guaiacin', 'Chlorogenic acid methyl ester, Methyl (1S,3R,4R,5R)-3-{[(2E)-3-(3,4-dihydroxyphenyl)-2-propenoyl]oxy}-1,4,5-trihydroxycyclohexanecarboxylate', '4-metoxi-6-[2-(metilamino)fenil]- 2H-piran-2-ona', 'Aphidicolin', 'Clusifoliol', ""Isoswertisin-4'-methyl-ether-2''α-L-rhamnoside"", '2-Episesalatin', ""Isoswertisin-2''α1-L-rhamnoside"", 'Sesartemin', 'penduletin 4-O-methyl ether', '3,3-O-dimethylquercetin', '2α,3α,19α- trihydroxyurs-12-en-28-oic acid', 'Chrysoeriol', '2α,3α-dihydroxyolean-12- en-28-oic acid', 'p-hydroxybenzoic acid', '3-O-methylquercetin', '3,7,4-O-trimethylkaempferol', 'acacetin', '(+)-Erythravine', '(+)-11α-Hydroxyerythravine', '(+)-α-Hydroxyerysotrine', ""Methyl 4-hydroxy-3-(3'-methyl-2'-butenyl)benzoate"", 'Methyl 2,2-dimethyl-1-oxo-2H-1-benzopyran-6-carboxylate', ""4-Hydroxy-3-(3',7'-dimethylocta-2'-E-6'-dienyl)benzoic acid"", ""Hostmaniene; 4-Hydroxy-3-(2',3'-dihydroxy-3'-methylbutyl)benzoate"", '3,4,5-Trimethoxydihydrocinnamic acid', 'Piperaduncine B', ""2',6'-Dihydroxy-4'-methoxydihydrochalcone"", ""Methyl taboganate; Methyl 4-hydroxy-3-(3'-methyl-1'-oxo-2'-butenyl)benzoate"", ""4-Hydroxy-(3',7'-dimethyl-1'-oxo-octa-2'-Z-6'-dienyl)benzoic acid"", ""Aduncumene; Methyl 2-methoxy-5-(3'-methyl-1'-oxo-2'-butenyl)benzoate"", ""Methyl 4-hydroxy-3-(3'-methyl-2'-hydroxy-3'-butenyl)benzoate"", '7-Methoxydiderroside', ""6'-Acetyl-β-D-glucopyranosyldiderroside"", 'Diderroside', 'Secoxyloganin', 'Taraxerol acetate', 'astilbin; Rel-(2R, 3R)-dihydroquercetin-3-O-±-L-rhamnoside', 'Stearic acid 4-pentoyloxyphenethyl ester', '(-)-3-O-acetyl-spectaline', 'Methacrylic acid', 'β-Gardiol', 'α-Gardiol', 'Ferulic acid', 'Oleanonic acid', '3,11-dioxoolean-12-en-28- onic acid', 'Pentaol', 'Iso-odoratol', 'cryptomeridiol', 'Nilocetin', 'Hispidol A', 'Piscidinol A', 'Isopimpinellin', 'Mycoleptone A', '9-hydroxyeugenin', 'Mycoleptone B', '6-methoxyeugenin', 'Eugenitin', 'Austdiol', 'Mycoleptone A tetraacetate', 'Austdiol diacetate', 'cyclo (L)-Pro-Gly', 'Nitensidine D', 'Nitensidine E', ""Rel-(7R,8S,7'S,8'S)-9-hydroxy-4',5'-methylenedioxy-3,4,5,3'-tetramethoxy-7,7'-epoxylignan"", ""Rel-(7R,8S,7'S,8'S)-4-hydroxy-4',5'-methylenedioxy-3,5,3'-trimethoxy-7,7'-epoxylignan"", ""Rel-(7R,8S,7'S,8'S)-4',5'-methylenedioxy-3,4,5,3'-tetramethoxy-7,7'-epoxylignan"", ""Rel-(7R,8S,7'S,8'S)-4,5,4',5'-dimethylenedioxy-3,3'-dimethoxy-7,7'-epoxylignan"", ""Rel-(7R,8S,7'S,8'S)-4'-hydroxy-3,4,5,3',5'-pentamethoxy-7,7'-epoxylignan"", '8,9-dihydropiplartine; N-(12,13,14-trimethoxydihydrocinnamoyl)-Δ3-pyridin-2-one', '10,11-dihydropiperine; Δα,β-dihydropiperine', '(Z)-piplartine; 8(Z)-N-(12,13, 14-trimethoxycinnamoyl)- 3-pyridin-2-one', ""N-[3-(6'-methoxy-3',4'-methy-lenedioxyphenyl)-2(Z)-propenoyl]pyrrolidine"", '4,5-dihydropiperyline', '4,5-dihydropiperlonguminine; Piperlonguminine', 'Piperine', '(E)-piplartine', '(3Z,5Z)-N-isobutyl-8-(30,40-methylenedioxy-phenyl)-heptadienamide', 'Pellitorine', 'Turbinatine', 'Cordifoline', '3,4-dehydrostrictosidine acid', 'Strictosidine acid', 'Harman-3-carboxylic acid', '5α-carboxystrictosidine', '3,4-dehydro-strictosidine', 'Deoxycordifoline', '2-n-Pentylquinoline', ""2-(1'-pentenyl)-Quinoline"", ""2-(3',4'-methylenedioxyphenylethyl)-Quinoline"", '2-n-Propylquinoline', 'Citrusinine-I', '1,3,5-trihydroxy-4-methoxy-10-methyl- 2,8-bis(3-methylbut-2-enyl)acridin-9(10H)-one', 'Citrusinine-II', '1,3,5-trihydroxy- 2,8-bis(3-methylbut-2-enyl)-10-methyl-9-acridone', 'Glycocitrine-IV', '5-hydroxynoracronycine; Atalaphyllidine', 'Glycocitrine-I', '3,4-dihydro-3,5,8-trihydroxy-6-methoxy-2,2,7-trimethyl-2Hpyrano[ 2,3-a]acridin-12(7H)-one', 'Pyranofoline', '1-methoxy-3-hydroxy-3,10b-4,5a-diepoxy-8b-isobutyroyloxygermacr-11(13)-en-6a,12-olide', 'Tagitinin C', 'Methyl-8-hydroxy-2,2-dimethyl-2H-chromene-6-carboxylate', ""4-Methoxy-3-(3',7'-dimethylocta-2'-E-6'-dienyl)benzoic acid"", ""3-(3',7 '-dimethyl-2',6 '-octadienyl)-4-methoxy-benzoic acid"", 'Xanthyletin', 'Nectandrin B', 'Epi-guaiacin', 'Verrucosin', '7-Methyl-sargachromenol; 2,7,8-Trimethyl-2-[(3-E,7-Z)-4,12-dimethyl-8-carboxyl-3,7,11-tridecatrienyl]-3-chromen-6-ol, β-caroteno', ""3',4'-methylenedioxy-5,5',6,7-tetramethoxyflavone"", ""3',4'-methylenedioxy-5,6,7- trimethoxyflavone"", ""2'-hydroxy-3,4,4'-trimethoxy-5',6'-(2'',2''-dimethylpyrano)-chalcone"", ""3',4'-methylenedioxy-5,7-dimethoxyflavone"", '21α,25-dimethylmelianodiol', '21β,25-dimethylmelianodiol', '3,21-Di-epi-feroniellide B', '2,3-dihydro-4,9-dihydroxy-2-(2-hydroxy-propan-2-yl)- 11-methoxy-10-methylfuro[3,2-b]acridin-5(10H)-one', 'Citibrasine', 'bis-5-hydroxyacronycine', 'β-caryophyllene, trans-caryophyllene', 'Cusculine; 1,2,3,5,6-pentamethoxy-9-acridone', 'Cuspanine; 1-hydroxy-2,3,5,6-tetramethoxy-9-acridone', '[10]-gingerol', ""2,4-Dihydroxy-6-[(1'E,3'E)-penta-1', 3'-dienyl]-benzaldehyde"", '2-methyl-5-[8(Z)-pentadecenyl]resorcinol', 'Nitensidine A', '2-hydroxyphenylacetic acid', '3β-hydroxy-stigmast-5-en-7-one; 24-β-7-oxositosterol', 'scillascillin', '(4R)-4,8-dihydroxy-α-tetralone', 'Pristimerin; 20α-3-hydroxy-2-oxo-24-nor-friedela-1-10,3,5,7-tetraen-carboxylic acid-29-methylester', '3,4,5-trimethoxyphenyl 1-O-β-D-apiofuranosyl-(1→6)-O-β-D-glucopyranoside', 'β-photogedunin', 'n-Butyl gallate', ""5-[3''-(β-D-glucopyranosyloxy)propyl]-7-methoxy-2-(3',4'-dimethoxyphenyl)benzofuran"", '3,12-Dihydroxycadalene', '7-hydroxy-3- (11-dimethylallyl)-8-methoxycoumarin', ""N-[7-(3',4'-methylenedioxyphenyl)-2(Z),4(Z)-heptadienoyl]pyrrolidine"", 'Nitensidine B', '1-methyl-2-n-nonyl-4-quinolone', '5-[8(Z),11(Z),14-pentadecatrienyl]resorcinol', 'Gallic acid; 3,4,5-trihydroxybenzoic acid', '3-O-β-D-quinovopyranosyl quinovic acid', ""8-hydroxy-3,5,7,3',4',5'-hexamethoxyflavonol"", 'Odoratol', 'Leptomerine', '5-hydroxy-N-methylseverifoline', '19,20-Epoxycytochalasin N', 'ellagic acid 4-O-α-L-rhamnopyranoside; eschweilenol C', 'Mayoside C', 'Ourateacatechin', ""3',4',5',5,7-pentamethoxyflavone"", '2-methyl-5-pentadecylresorcinol', '24-methylenecycloartan-3b-ol', 'Methyl-8-hydroxy-2,2-dimethylchroman-6-carboxylate', '6α-acetoxy-14β,15β-epoxyazadirone', 'Maculosidine', 'Podocarpusflavone A', 'Casearupestrin C', 'Di-hydrodehydrodiconiferyl alcohol', 'Quercetin', ""2-(2'-O-trans-cinnamoyl)-C-β-D-glucopyranosyl-1,3,6,7-tetrahydroxyxanthone"", 'Kokusaginine', 'Ocotillone', 'des-N-methylnoracronycine', 'Sorbifolin 6-O-β-glucopyranoside', 'Rel-2α-hydroxyzuelanin-6β-benzoate', '2,6-di-O-acetylcasearupestrin D', ""Methyl-2,2-dimethyl-8-(3'-methylbut-2'-enyl)chroman-6-carboxylate"", '2,7-Di-O-acetylcasearupestrin A', '6α-malonyloxy-n-butyl ester manoyl oxide', 'citrusinine-I', 'Ricinine', 'Leptophyllin A', '5-pentadecylresorcinol', '19,20-Epoxycytochalasin D', 'fumiquinozoline F', 'Kaempferol 3-O-α-L-rhamnopyranosyl (1→6)-O-[β -D-glucopyranosyl (1→3)-O-α-L-rhamnopyranosyl-(1→2)]-O-β -D-glucopyranosyl', '3β-O-[α-L-rhamnopyranosyl-(1→2)-O-β-D-glucopyranosyl-(1→2)-O-β-D-glucopyranosyl]-28-O-β-D-glucopyranoside pomolate', 'Skimmianine', 'p-hydroxybenzoic acid-geranyl ester', 'Dibenzyl disulphide', 'Proanthocyanidin', 'neoisoastilbin', '(R)-7-Hydroxymellein', '6α-acetoxymanoyl oxide', '(-)-Epigallocatechin', 'Netzahualcoyonol', '1-[3-(3,7-dimethylocta-2,6-dien-1-yl)-2,4,6- trihydroxyphenyl]-3-(4-hydroxyphenyl)propan-1-one', '6α-malonyloxymanoyl oxide', 'Benzylhydroxymethyl sulphide', 'Tetrahydropiperyline, N-[10-(13,14-methylenedioxyphenyl)-pentanoyl]-pyrrolidine', 'Piperovatine', '2,4,6-trimethoxybenzoic acid', '1-O-(E)-caffeoyl-β-D-glucopyranoside', 'Quercitrin, 3-O-α-rhamnosylquercetin', 'Caseobliquin A', 'Methyl angolensate', ""5-(3'' -Hydroxypropyl)-7-methoxy-2-(3',4' -methyl-enedioxyphenyl)benzofuran"", '22β-hydroxypristimerin', '1- (5,7-dihydroxy-2,2-dimethylchroman-6-yl)-3-(2,2-dimethylchroman- 6-yl)propan-1-one', 'Canavaline', '3-Acetyl aleuritolic acid', 'Alkenoic acid', 'Quercetin 3-O-α-L-rhamnopyranosyl (1→6)-O-[β -D-glucopyranosyl (1→3)-O-α-L-rhamnopyranosyl-(1→2)]-O-β -D-glucopyranosyl', 'Heveaflavone', 'Arboreumine', '3-Oxoursolic acid', 'Casearupestrin B', 'toonacilin', 'Uracil', 'Dibenzyl tetrasulphide', ""2',5-dihydroxy-3-methoxy-8-dimethylallyl-6, 7-(2' ',2''-dimethylpyrano)-dihydroflavonol"", '2-n-nonyl-4-quinolone', 'Cytochalasin D', 'Isoorientin', 'urauchimycin A', 'p-Coumaric acid', '6β-hydroxy-7-epigardoside methyl ester', 'epoxy-fraxinellone', '12′-hydroxy-7′-multijuguinone', 'Kaempferitrin', 'Nitensidine C', 'Dipropyl disulphide', '2-methyl-5-[8(Z),11(Z)-pentadecadienyl]resorcinol', 'Methyl 6,7,8-trimethoxydihydrocinnamate', '2-Hexyl-3-methyl-butanodioic acid', 'fraxinellone', '6-[ 8(Z),11(Z) -pentadecadienyl] salicylic acid', '1-O-(E)-feruloyl-β-D-glucopyranoside', '19,20-Epoxycytochalasin C', '1,6-di-O-caffeoyl-β-D-glucopyranoside', '2-methyl-5-[8(Z),11(Z),14-pentadecatrienyl]resorcinol', '20-hydroxyecdysone; polypodine A', 'Photogedunin', 'Casearin X; (1R*,3S*,5S*,6aR*,7S*,8S*,10R*,10aR*)-1-(Acetyloxy)-3,5,6,6a,7,8,9,10-octahydro-10-hydroxy-7,8-dimethyl-7-[(2Z)-3-methylpenta-2,4-dien-1-yl]naphtho[1,8a-c]furan-3,5-diyl Dibutanoate', ""2-(R)-Methyl-6-(S)-(tetradecyl-13'-one)-3(R)-O-tert-butyldimethylsilyl-piperidine"", '(2S)-Methyl-2-methyl-8-(3""-methylbut-2""-enyl)-2-(4\'-methylpent-3\'-enyl)-2H-chromene-6-carboxylate', 'Casearin T', 'N-1,N-2,N-3-Triisopentenylguanidine', 'Dibenzyl trisulphide', 'Maytenin, Tingenone', 'urauchimycin B', ""2-(2'-O-trans-caffeoyl)-C-β-D-glucopyranosyl-1,3,6,7-tetrahydroxyxanthone"", 'Netzahualcoyene', 'Casearin X Dialdehyde; (2R*,4aS*,5S*,7R*,8R*,8aS*)-4,4a-Diformyl-1,2,4a,5,6,7,8,8a-octahydro-5-hydroxy-7,8-dimethyl-8-[(2Z)-3-methylpenta-2,4-dien-1-yl]naphthalen-2-yl Butanoate', 'polypodine B', 'n-Propyl gallate', ""3',4',5',5,7,8-hexamethoxyflavone"", 'Isopropyl gallate', 'Pedalitin', 'Di(benzyltrithio) methane', '3,11,12-Trihydroxycadalene', 'Quercetin 3-O-sophoroside', '(3R,4R)-3,4-Dihydro-4,6-dihydroxy-3-methyl-1-oxo-1H-isochromene-5-carboxylic acid', '24-methylene-3,22-dihydroxycholesterol', 'amorphispironone', 'Casearupestrin D', 'Chaetoglobosin B', 'n-Pentyl gallate', 'Orcinol', 'Periconicin B', 'Phomopsilactone', ""(2S)-8-Isopentyl-2-methyl-2-(4'-methylpentyl)chroman-6-carboxylic acid"", '2,2-dimethyl-2H-chromene-6-carboxylic acid', '1,2-dihydro- 3β-hydroxy-7-deacetoxy-7-oxogedunin', ""2-(2'-O-benzoyl)-C-β-D-glucopyranosyl-1,3,6,7-tetrahydroxyxanthone"", 'Isoplumericin', 'α-L-xylopyranosyl-(4""→20)-(3-O-β-D-glucopyranosyl)-1\'-O-E-caffeoyl-β-D-glucopyranoside', '6-[8(Z)-pentadecenyl]salicylic acid', '(2S)-2-methyl-8-(3""-methylbut-2""-enyl)-2-(4\'-methylpent-3\'-enyl)-2H-chromene-6-carboxylic acid', 'Burchellin', '5-[8(Z)-pentadecenyl]resorcinol', 'Luteolin; 2-(3,4-dihydroxyphenyl)-5,7-dihydroxy-4H-chromen-4-one', 'Sinapic acid', '19,20-Epoxycytochalasin Q', '19,20-Epoxycytochalasin R', 'Piperyline, N-[10-(13,14-methylenedioxyphenyl)-7(E),9(E)-pentadienoyl]-pyrrolidine', 'ω-fenil alcanoic acid', '2-butyl-D-fructofuranoside', ""Gaudichaudianic acid; (2S)-2-methyl-2-(4'methyl-3'-pentenyl)-8-(3''-methyl-2-butenyl)- 2H-1-benzopyran-6-carboxylic acid"", 'limonexic acid', ""Nitensoside B; Pedalitin 6-O-α-rhamnopyranosyl(1'''→6'')-β-glucopyranoside"", 'Amentoflavone', '4-Hydroxymellein', '5-hydroxymellein', 'fraxinellonone', 'Dibenzyl sulphide', '(-) Cis-4-hydroxy-6-deoxyscytalone', 'Plumericin', '5-[8(Z),11(Z)-pentadecadienyl]resorcinol', '(-)-Spectalinine', 'Netzahualcoyondiol', 'Piperol B', '(-)-Hardwickiic acid', ""5-[3''-(β-D-glucopyranosyloxy)propyl]-7-methoxy-2-(3',4'-methylenedioxyphenyl)benzofuran"", '28-O-β-D-glucopyranosyl quinovic acid', '2-Methyl-4-hydroxy-butyl caffeoate', '2-Methyl-5-methoxy-benzopyran-4-one', '3,4-dihydroxybenzoic acid geranyl ester', 'N-[10-(13,14-methylenedioxyphenyl)-7(E),9(Z)-pentadienoyl]-pyrrolidine', 'Gedunin', 'Pedalin, pedalitin 6-O-β -glucopyranoside', 'Caseargrewiin F; (1R*,3S*,5S*,6aR*,7S*,8R*,10R*,10aR*)-1,3-Bis(acetyloxy)-3,5,6,6a,7,8,9,10-octahydro-10-hydroxy-7,8-dimethyl-7-[(2Z)-3-methylpenta-2,4-dien-1-yl]naphtho[1,8a-c]furan-5-yl Butanoate', 'Muraxanthone', 'Casearupestrin A', '2-oxo-piperol B; (7S*, 8R*, 1R*, 3R*)-3,4,5-trimethoxy-3,7-cyclo-8,1-neolig-8-ene-2,4(3H)-dione', 'taxifolin', ""(2'S)-2-(propan-2'-ol)-5-hydroxy-benzopyran-4-one"", 'Rel-(+)-(7S,9R,10S)-3,9,12-trihydroxycalamenene', 'Casearin S', '11β-acetoxyobacunone', '1-(5,7-dihydroxy-2,2-dimethylchroman- 6-yl)-3-[4-hydroxy-3-(3-methylbut-2-en-1-yl)- phenyl]propan-1-one', '(3R,4R)-4,7-Dihydroxymellein', 'Cabraleadiol', 'schaftoside', ""(2S)-Methyl-8-isopentyl-2-methyl-2-(4'-methylpentyl)chroman-6-carboxylate"", '3,4,5-Triacetoxybenzoic acid', 'Methyl gallate', '3-O-β-D-quinovopyranosyl cincholic acid', 'Afzelin, 3-O-α-rhamnosyl kaempferol', 'Egonol', '4-Nerolidilcatechol', ""2-(2'-O-transcoumaroyl)-C-β-D-glucopyranosyl-1,3,6,7-tetrahydroxyxanthone"", 'Odoratone', 'Rel-6β-hydroxyzuelanin-2β-benzoate', 'shidasterone', '5-hydroxymethyl- 2-furancarboxaldehyde; 5-hydroxymethyl-2-furfuraldehyde', 'atalaphyllinine', 'N-[10- (13,14-methylenedioxyphenyl)-7(E)-pentaenoyl]-pyrrolidine', 'Syringic acid', '(+)-3-O-feruloylcassine', '1-(5,7-dihydroxy-2,2-dimethylchroman-6-yl)-3-(1,1,4a-trimethyl-2,3,4,4a,9a-hexahydro-1H-xanthen-7-yl)propan-1-one', 'Methyl (E)-6,7,8-trimethoxycinnamate', '3,4,5-Trimethoxyphenyl-1-O-β-D-(5-O-syringoyl)-apiofuranosyl-(1→6)-β-D-glucopyranoside', '6-[8(Z),11(Z),14-pentadecatrienyl]salicylic acid', 'Sorbifolin', ""Nitensoside A; Sorbifolin 6-O-α-rhamnopyranosyl(1'''→6'')-β-glucopyranoside"", 'Casearin O; (1R*,3S*,5S*,6aR*,7R*,8R*,9S*,10S*,10aR*)-1,10-Bis(acetyloxy)-5-methoxy-7,8-dimethyl-7-[(2Z)-3-methylpenta-2,4-dien-1-yl]-3,5,6,6a,7,8,9,10-octahydronaphtho[1,8a-c]furan-3,9-diyl Dibutanoate', 'germacrene D', '6-pentadecylsalicylic acid', 'Methyl-2,2-dimethylchroman-6-carboxylate', ""Myrsinoic acid A, 3-Geranyl-4-hydroxy-5-(3'',3''-dimethylallyl)benzoic acid"", 'Casearin L; (1R*,3S*,5S*,6aR*,7R*,8R*,9S*,10S*,10aR*)-1,10-Bis(acetyloxy)-3,5,6,6a,7,8,9,10-octahydro-9-hydroxy-5-methoxy-7,8-dimethyl-7-[(2Z)-3-methylpenta-2,4-dien-1-yl]naphtho[1,8a-c]-furan-3-yl Butanoate', 'Platydesmine', 'Leiokinine A', '(−)-Grandisin', '20α-Hydroxymaytenin; 20-hydroxy-20-epi-tingenone', '(-)-Epigallocatechin-3-O-gallate', 'Casearin D; (1R*,3S*,5S*,6aR*,7R*,8R*,9S*,10S*,10aR*)-1-(Acetyloxy)-3,5,6,6a,7,8,9,10-octahydro-5,10-dihydroxy-7,8-dimethyl-7-[(2Z)-3-methylpenta-2,4-dien-1-yl]naphtho[1,8a-c]furan-3,9-diyl Dibutanoate', 'Rel. (+)-(7S,10S) 3,12-dihydroxycalamenene', 'carlinoside', 'Methyl-8-(ethanoyloxy)-2,2-dimethyl-2H-chromene-6-carboxylate', 'arjunolic acid', 'stachysterone', 'Ethyl 2,4-dihydroxy-5,6-dimethylbenzoate', 'Amentoflavone 7”,4”’-dimethyl ether', 'Picramnioside F', 'Lauryl gallate', 'Syringaldehyde', '22-hydroxytirucalla-7,24-diene-2,3-dione', 'Trans-3’-methylsulphonylallyl trans-cinnamate', ""Acteoside; [β-3,4-dihydroxyphenyl)-ethyl]-(3'-O-α-L-rhamnopyranosyl)-(4'-O-cafeoyl)-β-D-glycopyranoside, verbascoside"", 'Homoegonol', '[8]-gingerol', '(3-(2-(4-hydroxyphenyl)-2-oxoethyl)-5,6-dihydropyridin- 2(1H)-one)', 'Mangiferin', 'Salacin', 'Viburgenin', ""Pterogynoside; Kaempferol-3-O-(3''-O-4'''-methylgallate-α-L-rhamnoside)"", 'Isobutyl gallate', '7′-multijuguinone', 'Griseofulvin', ""7-Hydroxy-4',6-dimethoxyisoflavone; Afrormosin; Afromosin"", '8-methoxymellein', '(±)-Syringaresinol', 'Cyclo-(L-Pro-L-Val)', 'Acetonide of odoratol', 'Ixoside', '2β-Hydroxyzuelanin-6β-cinnamate', 'Cognatine', 'Fagaramide', 'Chalepin', 'Chlorogenic acid', 'Kaempferol']]",doi_name
"['10.1002/ps.1278', 'schaftoside']","['10.1002/ps.1278', ['guaiol', 'γ-eudesmol', 'Hinesol', 'α-eudesmol', 'Pimara-7,15-dien-3β-ol', 'Ergosterol peroxide', '8-hydroxy-6-methoxy-3-methylisocoumarin', '(22E,24R)-ergosta-4,6,8(14),22-tetraen-3-one', 'Dimethyl terephthalate', '11-O-trans-feruloylteucrein', 'Teucrein', 'Galioside aglicone', 'Apodanthoside', 'Galioside', ""3,4-dimethyl-2-(4'-hydroxy-3',5'-dimethoxyphenyl)-5-methoxy-tetrahydrofuran"", ""3',4',5',3,5,7,8-heptamethoxyflavone"", ""3,5,6,7,3',4',5'-heptamethoxyflavonol"", '3,3-O-dimethylquercetin', 'penduletin 4-O-methyl ether', '2α,3α,19α- trihydroxyurs-12-en-28-oic acid', '2α,3α-dihydroxyolean-12- en-28-oic acid', '3,7,4-O-trimethylkaempferol', 'p-hydroxybenzoic acid', '3-O-methylquercetin', 'Chrysoeriol', 'acacetin', 'Tagitinin C', '1-methoxy-3-hydroxy-3,10b-4,5a-diepoxy-8b-isobutyroyloxygermacr-11(13)-en-6a,12-olide', ""4-Hydroxy-3-(3',7'-dimethyl-3'-hydroxy-1'-oxo-6'-octenyl)benzoic acid"", ""4-Hydroxy-(3',7'-dimethyl-1'-oxo-octa-2'-E-6'-dienyl)benzoic acid"", ""Isosakuranetin; 5,7-dihydroxy-4'-methoxyflavanone"", ""1,4-Dihydroxy-2-(3',7'-dimethyl-1'-oxo-2'-E-6'-octadienyl)benzene"", ""Sakuranetin; 5,4'-dihydroxy-7-methoxyflavanone"", ""3',4'-methylenedioxy-5,6,7- trimethoxyflavone"", ""2'-hydroxy-3,4,4'-trimethoxy-5',6'-(2'',2''-dimethylpyrano)-chalcone"", ""3',4'-methylenedioxy-5,5',6,7-tetramethoxyflavone"", ""3',4'-methylenedioxy-5,7-dimethoxyflavone"", 'Aphidicolin', '21β,25-dimethylmelianodiol', '3,21-Di-epi-feroniellide B', '21α,25-dimethylmelianodiol', 'Cordifoline', 'Turbinatine', '3,4-dehydro-strictosidine', '3,4-dehydrostrictosidine acid', 'Strictosidine acid', '5α-carboxystrictosidine', 'Harman-3-carboxylic acid', 'Deoxycordifoline', '(+)-11α-Hydroxyerythravine', '(+)-Erythravine', '(+)-α-Hydroxyerysotrine', '4-metoxi-6-[2-(metilamino)fenil]- 2H-piran-2-ona', 'Kaempferol-3-O-rutinoside', 'Kaempferol-3-O-α-L-rhamnopyranosyl-(1→6)-β-D-galactopyranoside', 'Catechin, Ent-catechin', 'Procyanidin B-3', 'Kaempferol-3-O-D-galactopyranoside', '6-Hydroxy-rutin', 'Kaempferol-3-O-α-L-rhamnopyranosyl-(1-6)-α-L-rhamnopyranosyl-(1-4)-β-D-glucopyranoside', 'Quercetin-3-O-α-L-rhamnopyranosyl-(1→6)-β-D-galactopyranoside', 'Kaempferol-3-O-D-glucopyranoside', 'Taraxerol acetate', 'Nitensidine E', 'Nitensidine D', 'Beauvericin', 'Anhydrofusarubin', 'Hispidol A', 'Nilocetin', 'Oleanonic acid', 'Pentaol', 'cryptomeridiol', 'Iso-odoratol', 'Piscidinol A', '3,11-dioxoolean-12-en-28- onic acid', ""Isoswertisin-4'-methyl-ether-2''α-L-rhamnoside"", 'Clusifoliol', '2-Episesalatin', ""Isoswertisin-2''α1-L-rhamnoside"", 'Sesartemin', 'Citibrasine', '2,3-dihydro-4,9-dihydroxy-2-(2-hydroxy-propan-2-yl)- 11-methoxy-10-methylfuro[3,2-b]acridin-5(10H)-one', 'bis-5-hydroxyacronycine', 'astilbin; Rel-(2R, 3R)-dihydroquercetin-3-O-±-L-rhamnoside', 'Methyl (3R,4R,5R)-3-{[(2Z)-3-(3,4-dihydroxyphenyl)-2-propenoyl]oxy}-1,4,5-trihydroxycyclohexanecarboxylate', 'Methyl (3R,4R,5R)-3-{[(2E)-3-(3,4-dihydroxyphenyl)-2-propenoyl]oxy}-1,4,5-trihydroxycyclohexanecarboxylate', 'Chlorogenic acid methyl ester, Methyl (1S,3R,4R,5R)-3-{[(2E)-3-(3,4-dihydroxyphenyl)-2-propenoyl]oxy}-1,4,5-trihydroxycyclohexanecarboxylate', 'Mycoleptone A', '9-hydroxyeugenin', 'Mycoleptone A tetraacetate', 'Eugenitin', 'Mycoleptone B', 'Austdiol', 'Austdiol diacetate', '6-methoxyeugenin', 'α-Gardiol', 'β-Gardiol', 'Ferulic acid', 'Xanthyletin', '5,7-dimethoxy-2,2-dimethyl-2H-1-benzopyran-6-propanoic acid', '17-(3,4-Methylenedioxyphenyl)-heptadecanoic acid', ""7,4'-Dimethoxyflavone"", '21´-(3,4-Methylenedioxyphenyl)-henicosanoic acid', ""7,4'-Dihydroxyflavone"", '(+)-Guaiacin', '19´-(3,4-Methylenedioxyphenyl)-nonadecanoic acid', 'Sargachromenol', 'Sargaquinoic acid', 'Farnisine', ""Juruenolic acid; 2-(4'-Methylpentenyl-3)-10-oxoundecan-2,6-dienoic acid"", 'Fasciculiferin', 'Tithonine', '(-)-3-O-acetyl-spectaline', 'Stearic acid 4-pentoyloxyphenethyl ester', ""Rel-(7R,8S,7'S,8'S)-4',5'-methylenedioxy-3,4,5,3'-tetramethoxy-7,7'-epoxylignan"", ""Rel-(7R,8S,7'S,8'S)-4'-hydroxy-3,4,5,3',5'-pentamethoxy-7,7'-epoxylignan"", ""Rel-(7R,8S,7'S,8'S)-9-hydroxy-4',5'-methylenedioxy-3,4,5,3'-tetramethoxy-7,7'-epoxylignan"", ""Rel-(7R,8S,7'S,8'S)-4,5,4',5'-dimethylenedioxy-3,3'-dimethoxy-7,7'-epoxylignan"", ""Rel-(7R,8S,7'S,8'S)-4-hydroxy-4',5'-methylenedioxy-3,5,3'-trimethoxy-7,7'-epoxylignan"", '2-n-Propylquinoline', ""2-(1'-pentenyl)-Quinoline"", '2-n-Pentylquinoline', ""2-(3',4'-methylenedioxyphenylethyl)-Quinoline"", 'Epi-guaiacin', 'Verrucosin', '7-Methyl-sargachromenol; 2,7,8-Trimethyl-2-[(3-E,7-Z)-4,12-dimethyl-8-carboxyl-3,7,11-tridecatrienyl]-3-chromen-6-ol, β-caroteno', 'Nectandrin B', '1,3,5-trihydroxy- 2,8-bis(3-methylbut-2-enyl)-10-methyl-9-acridone', '5-hydroxynoracronycine; Atalaphyllidine', '3,4-dihydro-3,5,8-trihydroxy-6-methoxy-2,2,7-trimethyl-2Hpyrano[ 2,3-a]acridin-12(7H)-one', 'Citrusinine-I', 'Pyranofoline', 'Citrusinine-II', '1,3,5-trihydroxy-4-methoxy-10-methyl- 2,8-bis(3-methylbut-2-enyl)acridin-9(10H)-one', 'Glycocitrine-IV', 'Glycocitrine-I', '5,7-dimethoxy-2,2-dimethyl-2H-1-benzopyran-6-propanoate', 'β-caryophyllene, trans-caryophyllene', '3,4,5-Trimethoxydihydrocinnamic acid', ""4-Hydroxy-3-(3',7'-dimethylocta-2'-E-6'-dienyl)benzoic acid"", 'Methyl 2,2-dimethyl-1-oxo-2H-1-benzopyran-6-carboxylate', ""2',6'-Dihydroxy-4'-methoxydihydrochalcone"", ""Methyl 4-hydroxy-3-(3'-methyl-2'-butenyl)benzoate"", ""Methyl taboganate; Methyl 4-hydroxy-3-(3'-methyl-1'-oxo-2'-butenyl)benzoate"", ""Hostmaniene; 4-Hydroxy-3-(2',3'-dihydroxy-3'-methylbutyl)benzoate"", 'Piperaduncine B', ""4-Hydroxy-(3',7'-dimethyl-1'-oxo-octa-2'-Z-6'-dienyl)benzoic acid"", ""Aduncumene; Methyl 2-methoxy-5-(3'-methyl-1'-oxo-2'-butenyl)benzoate"", ""Methyl 4-hydroxy-3-(3'-methyl-2'-hydroxy-3'-butenyl)benzoate"", '7-Methoxydiderroside', 'Secoxyloganin', 'Diderroside', ""6'-Acetyl-β-D-glucopyranosyldiderroside"", 'Methacrylic acid', ""4-Methoxy-3-(3',7'-dimethylocta-2'-E-6'-dienyl)benzoic acid"", 'Methyl-8-hydroxy-2,2-dimethyl-2H-chromene-6-carboxylate', ""3-(3',7 '-dimethyl-2',6 '-octadienyl)-4-methoxy-benzoic acid"", 'cyclo (L)-Pro-Gly', 'Isopimpinellin', ""N-[3-(6'-methoxy-3',4'-methy-lenedioxyphenyl)-2(Z)-propenoyl]pyrrolidine"", '8,9-dihydropiplartine; N-(12,13,14-trimethoxydihydrocinnamoyl)-Δ3-pyridin-2-one', '(E)-piplartine', '10,11-dihydropiperine; Δα,β-dihydropiperine', 'Piperine', '4,5-dihydropiperlonguminine; Piperlonguminine', '4,5-dihydropiperyline', '(Z)-piplartine; 8(Z)-N-(12,13, 14-trimethoxycinnamoyl)- 3-pyridin-2-one', '(3Z,5Z)-N-isobutyl-8-(30,40-methylenedioxy-phenyl)-heptadienamide', 'Pellitorine', 'Cusculine; 1,2,3,5,6-pentamethoxy-9-acridone', 'Cuspanine; 1-hydroxy-2,3,5,6-tetramethoxy-9-acridone', '2α,3α-Dihydroxy-urs-12-en-28-oic acid', '3-O-β-D-(6’-methyl)-glucopyranosyl-28-O-β-D-glucopyranosyl-oleanate', 'Oleanolic acid 3-sophoroside', '5-hydroxyflavone', '2-phenyl-4H-chromen-4-one', 'β-Sitosterol benzoate', 'Haplotusine', 'Sinapyl 4-O-β-D-glucopyranoside aldehyde', 'N-acetylnonaine', 'Liriodenine', 'Sinapyl 4-O-β-D-glucopyranoside alcohol', '[10]-gingerol', ""2,4-Dihydroxy-6-[(1'E,3'E)-penta-1', 3'-dienyl]-benzaldehyde"", '2-methyl-5-[8(Z)-pentadecenyl]resorcinol', 'Nitensidine A', '2-hydroxyphenylacetic acid', '3-O-β-D-quinovopyranosyl quinovic acid', ""8-hydroxy-3,5,7,3',4',5'-hexamethoxyflavonol"", '2-methyl-5-pentadecylresorcinol', '3β-hydroxy-stigmast-5-en-7-one; 24-β-7-oxositosterol', 'scillascillin', '(4R)-4,8-dihydroxy-α-tetralone', 'Homoegonol', '[8]-gingerol', '4-Hydroxymellein', '5-hydroxymellein', 'fraxinellonone', 'Sorbifolin 6-O-β-glucopyranoside', 'Rel-2α-hydroxyzuelanin-6β-benzoate', '2,6-di-O-acetylcasearupestrin D', ""Methyl-2,2-dimethyl-8-(3'-methylbut-2'-enyl)chroman-6-carboxylate"", '2,7-Di-O-acetylcasearupestrin A', 'Odoratol', 'Leptomerine', '5-hydroxy-N-methylseverifoline', '19,20-Epoxycytochalasin N', 'ellagic acid 4-O-α-L-rhamnopyranoside; eschweilenol C', 'Mayoside C', 'Ourateacatechin', ""3',4',5',5,7-pentamethoxyflavone"", 'Acetonide of odoratol', '(−)-Grandisin', '24-methylenecycloartan-3b-ol', 'Skimmianine', 'p-hydroxybenzoic acid-geranyl ester', 'Dibenzyl disulphide', 'Proanthocyanidin', 'neoisoastilbin', '(R)-7-Hydroxymellein', ""5-(3'' -Hydroxypropyl)-7-methoxy-2-(3',4' -methyl-enedioxyphenyl)benzofuran"", '22β-hydroxypristimerin', '1- (5,7-dihydroxy-2,2-dimethylchroman-6-yl)-3-(2,2-dimethylchroman- 6-yl)propan-1-one', 'Canavaline', 'Di-hydrodehydrodiconiferyl alcohol', 'Quercetin', ""2-(2'-O-trans-cinnamoyl)-C-β-D-glucopyranosyl-1,3,6,7-tetrahydroxyxanthone"", 'Kokusaginine', 'Ocotillone', 'des-N-methylnoracronycine', '6α-acetoxy-14β,15β-epoxyazadirone', 'Maculosidine', 'Podocarpusflavone A', 'Casearupestrin C', '6α-malonyloxy-n-butyl ester manoyl oxide', 'citrusinine-I', 'Ricinine', 'Leptophyllin A', '5-pentadecylresorcinol', '19,20-Epoxycytochalasin D', 'fumiquinozoline F', 'Kaempferol 3-O-α-L-rhamnopyranosyl (1→6)-O-[β -D-glucopyranosyl (1→3)-O-α-L-rhamnopyranosyl-(1→2)]-O-β -D-glucopyranosyl', 'Nitensidine B', '1-methyl-2-n-nonyl-4-quinolone', '5-[8(Z),11(Z),14-pentadecatrienyl]resorcinol', 'Gallic acid; 3,4,5-trihydroxybenzoic acid', 'Caseobliquin A', 'Methyl angolensate', '3β-O-[α-L-rhamnopyranosyl-(1→2)-O-β-D-glucopyranosyl-(1→2)-O-β-D-glucopyranosyl]-28-O-β-D-glucopyranoside pomolate', 'Dibenzyl tetrasulphide', ""2',5-dihydroxy-3-methoxy-8-dimethylallyl-6, 7-(2' ',2''-dimethylpyrano)-dihydroflavonol"", '2-n-nonyl-4-quinolone', 'Cytochalasin D', 'Isoorientin', 'urauchimycin A', 'p-Coumaric acid', '(-)-Epigallocatechin', 'Netzahualcoyonol', '1-[3-(3,7-dimethylocta-2,6-dien-1-yl)-2,4,6- trihydroxyphenyl]-3-(4-hydroxyphenyl)propan-1-one', '6α-malonyloxymanoyl oxide', '6α-acetoxymanoyl oxide', 'Methyl-8-hydroxy-2,2-dimethylchroman-6-carboxylate', 'Dipropyl disulphide', '2-methyl-5-[8(Z),11(Z)-pentadecadienyl]resorcinol', 'Methyl 6,7,8-trimethoxydihydrocinnamate', '2-Hexyl-3-methyl-butanodioic acid', 'fraxinellone', '6-[ 8(Z),11(Z) -pentadecadienyl] salicylic acid', 'polypodine B', 'n-Propyl gallate', ""3',4',5',5,7,8-hexamethoxyflavone"", 'Isopropyl gallate', '6β-hydroxy-7-epigardoside methyl ester', 'Tetrahydropiperyline, N-[10-(13,14-methylenedioxyphenyl)-pentanoyl]-pyrrolidine', 'Piperovatine', '2,4,6-trimethoxybenzoic acid', '1-O-(E)-caffeoyl-β-D-glucopyranoside', 'Quercitrin, 3-O-α-rhamnosylquercetin', 'Quercetin 3-O-α-L-rhamnopyranosyl (1→6)-O-[β -D-glucopyranosyl (1→3)-O-α-L-rhamnopyranosyl-(1→2)]-O-β -D-glucopyranosyl', 'Heveaflavone', 'Arboreumine', '3-Oxoursolic acid', 'Casearupestrin B', 'toonacilin', 'Uracil', '1-O-(E)-feruloyl-β-D-glucopyranoside', '19,20-Epoxycytochalasin C', 'Benzylhydroxymethyl sulphide', '1,6-di-O-caffeoyl-β-D-glucopyranoside', '2-methyl-5-[8(Z),11(Z),14-pentadecatrienyl]resorcinol', 'epoxy-fraxinellone', '12′-hydroxy-7′-multijuguinone', 'Kaempferitrin', 'Nitensidine C', 'Casearupestrin D', 'Chaetoglobosin B', 'n-Pentyl gallate', 'Orcinol', 'Periconicin B', 'Phomopsilactone', ""(2S)-8-Isopentyl-2-methyl-2-(4'-methylpentyl)chroman-6-carboxylic acid"", '2,2-dimethyl-2H-chromene-6-carboxylic acid', '1,2-dihydro- 3β-hydroxy-7-deacetoxy-7-oxogedunin', 'Photogedunin', 'Casearin X; (1R*,3S*,5S*,6aR*,7S*,8S*,10R*,10aR*)-1-(Acetyloxy)-3,5,6,6a,7,8,9,10-octahydro-10-hydroxy-7,8-dimethyl-7-[(2Z)-3-methylpenta-2,4-dien-1-yl]naphtho[1,8a-c]furan-3,5-diyl Dibutanoate', ""2-(R)-Methyl-6-(S)-(tetradecyl-13'-one)-3(R)-O-tert-butyldimethylsilyl-piperidine"", '(2S)-Methyl-2-methyl-8-(3""-methylbut-2""-enyl)-2-(4\'-methylpent-3\'-enyl)-2H-chromene-6-carboxylate', '20-hydroxyecdysone; polypodine A', '3-Acetyl aleuritolic acid', 'Alkenoic acid', ""2-(2'-O-trans-caffeoyl)-C-β-D-glucopyranosyl-1,3,6,7-tetrahydroxyxanthone"", 'Netzahualcoyene', 'Casearin X Dialdehyde; (2R*,4aS*,5S*,7R*,8R*,8aS*)-4,4a-Diformyl-1,2,4a,5,6,7,8,8a-octahydro-5-hydroxy-7,8-dimethyl-8-[(2Z)-3-methylpenta-2,4-dien-1-yl]naphthalen-2-yl Butanoate', 'Casearin T', 'Piperyline, N-[10-(13,14-methylenedioxyphenyl)-7(E),9(E)-pentadienoyl]-pyrrolidine', 'ω-fenil alcanoic acid', '2-butyl-D-fructofuranoside', ""Gaudichaudianic acid; (2S)-2-methyl-2-(4'methyl-3'-pentenyl)-8-(3''-methyl-2-butenyl)- 2H-1-benzopyran-6-carboxylic acid"", 'limonexic acid', 'Pedalitin', 'Di(benzyltrithio) methane', '3,11,12-Trihydroxycadalene', 'Quercetin 3-O-sophoroside', '(3R,4R)-3,4-Dihydro-4,6-dihydroxy-3-methyl-1-oxo-1H-isochromene-5-carboxylic acid', '24-methylene-3,22-dihydroxycholesterol', 'amorphispironone', 'taxifolin', ""(2'S)-2-(propan-2'-ol)-5-hydroxy-benzopyran-4-one"", 'Rel-(+)-(7S,9R,10S)-3,9,12-trihydroxycalamenene', 'Casearin S', '11β-acetoxyobacunone', '1-(5,7-dihydroxy-2,2-dimethylchroman- 6-yl)-3-[4-hydroxy-3-(3-methylbut-2-en-1-yl)- phenyl]propan-1-one', '(3R,4R)-4,7-Dihydroxymellein', 'Piperol B', '(-)-Hardwickiic acid', ""5-[3''-(β-D-glucopyranosyloxy)propyl]-7-methoxy-2-(3',4'-methylenedioxyphenyl)benzofuran"", '28-O-β-D-glucopyranosyl quinovic acid', '2-Methyl-4-hydroxy-butyl caffeoate', 'N-1,N-2,N-3-Triisopentenylguanidine', 'Dibenzyl trisulphide', 'Maytenin, Tingenone', 'urauchimycin B', '6-[8(Z)-pentadecenyl]salicylic acid', '(2S)-2-methyl-8-(3""-methylbut-2""-enyl)-2-(4\'-methylpent-3\'-enyl)-2H-chromene-6-carboxylic acid', 'Burchellin', '5-[8(Z)-pentadecenyl]resorcinol', 'Luteolin; 2-(3,4-dihydroxyphenyl)-5,7-dihydroxy-4H-chromen-4-one', 'Sinapic acid', '19,20-Epoxycytochalasin Q', '19,20-Epoxycytochalasin R', 'Muraxanthone', 'Odoratone', 'Rel-6β-hydroxyzuelanin-2β-benzoate', ""2-(2'-O-benzoyl)-C-β-D-glucopyranosyl-1,3,6,7-tetrahydroxyxanthone"", 'Isoplumericin', 'α-L-xylopyranosyl-(4""→20)-(3-O-β-D-glucopyranosyl)-1\'-O-E-caffeoyl-β-D-glucopyranoside', 'Casearupestrin A', '2-oxo-piperol B; (7S*, 8R*, 1R*, 3R*)-3,4,5-trimethoxy-3,7-cyclo-8,1-neolig-8-ene-2,4(3H)-dione', ""N-[7-(3',4'-methylenedioxyphenyl)-2(Z),4(Z)-heptadienoyl]pyrrolidine"", ""Acteoside; [β-3,4-dihydroxyphenyl)-ethyl]-(3'-O-α-L-rhamnopyranosyl)-(4'-O-cafeoyl)-β-D-glycopyranoside, verbascoside"", 'shidasterone', '5-hydroxymethyl- 2-furancarboxaldehyde; 5-hydroxymethyl-2-furfuraldehyde', 'atalaphyllinine', 'N-[10- (13,14-methylenedioxyphenyl)-7(E)-pentaenoyl]-pyrrolidine', '2-Methyl-5-methoxy-benzopyran-4-one', '3,4-dihydroxybenzoic acid geranyl ester', 'N-[10-(13,14-methylenedioxyphenyl)-7(E),9(Z)-pentadienoyl]-pyrrolidine', 'Gedunin', 'Pedalin, pedalitin 6-O-β -glucopyranoside', 'Caseargrewiin F; (1R*,3S*,5S*,6aR*,7S*,8R*,10R*,10aR*)-1,3-Bis(acetyloxy)-3,5,6,6a,7,8,9,10-octahydro-10-hydroxy-7,8-dimethyl-7-[(2Z)-3-methylpenta-2,4-dien-1-yl]naphtho[1,8a-c]furan-5-yl Butanoate', 'Casearin L; (1R*,3S*,5S*,6aR*,7R*,8R*,9S*,10S*,10aR*)-1,10-Bis(acetyloxy)-3,5,6,6a,7,8,9,10-octahydro-9-hydroxy-5-methoxy-7,8-dimethyl-7-[(2Z)-3-methylpenta-2,4-dien-1-yl]naphtho[1,8a-c]-furan-3-yl Butanoate', 'Platydesmine', ""Nitensoside B; Pedalitin 6-O-α-rhamnopyranosyl(1'''→6'')-β-glucopyranoside"", 'Amentoflavone', 'Methyl (E)-6,7,8-trimethoxycinnamate', '3,4,5-Trimethoxyphenyl-1-O-β-D-(5-O-syringoyl)-apiofuranosyl-(1→6)-β-D-glucopyranoside', '6-[8(Z),11(Z),14-pentadecatrienyl]salicylic acid', 'Sorbifolin', ""Nitensoside A; Sorbifolin 6-O-α-rhamnopyranosyl(1'''→6'')-β-glucopyranoside"", 'Casearin O; (1R*,3S*,5S*,6aR*,7R*,8R*,9S*,10S*,10aR*)-1,10-Bis(acetyloxy)-5-methoxy-7,8-dimethyl-7-[(2Z)-3-methylpenta-2,4-dien-1-yl]-3,5,6,6a,7,8,9,10-octahydronaphtho[1,8a-c]furan-3,9-diyl Dibutanoate', 'germacrene D', '(-)-Spectalinine', 'Netzahualcoyondiol', 'Pristimerin; 20α-3-hydroxy-2-oxo-24-nor-friedela-1-10,3,5,7-tetraen-carboxylic acid-29-methylester', '3,4,5-trimethoxyphenyl 1-O-β-D-apiofuranosyl-(1→6)-O-β-D-glucopyranoside', 'β-photogedunin', 'n-Butyl gallate', ""5-[3''-(β-D-glucopyranosyloxy)propyl]-7-methoxy-2-(3',4'-dimethoxyphenyl)benzofuran"", '3,12-Dihydroxycadalene', '7-hydroxy-3- (11-dimethylallyl)-8-methoxycoumarin', 'Afzelin, 3-O-α-rhamnosyl kaempferol', 'Egonol', '4-Nerolidilcatechol', ""2-(2'-O-transcoumaroyl)-C-β-D-glucopyranosyl-1,3,6,7-tetrahydroxyxanthone"", 'Syringic acid', '(+)-3-O-feruloylcassine', '6-pentadecylsalicylic acid', 'Methyl-2,2-dimethylchroman-6-carboxylate', ""Myrsinoic acid A, 3-Geranyl-4-hydroxy-5-(3'',3''-dimethylallyl)benzoic acid"", '20α-Hydroxymaytenin; 20-hydroxy-20-epi-tingenone', 'Leiokinine A', 'Cabraleadiol', 'schaftoside', ""(2S)-Methyl-8-isopentyl-2-methyl-2-(4'-methylpentyl)chroman-6-carboxylate"", '3,4,5-Triacetoxybenzoic acid', '1-(5,7-dihydroxy-2,2-dimethylchroman-6-yl)-3-(1,1,4a-trimethyl-2,3,4,4a,9a-hexahydro-1H-xanthen-7-yl)propan-1-one', '(±)-Syringaresinol', 'Cyclo-(L-Pro-L-Val)', '(-)-Epigallocatechin-3-O-gallate', 'Casearin D; (1R*,3S*,5S*,6aR*,7R*,8R*,9S*,10S*,10aR*)-1-(Acetyloxy)-3,5,6,6a,7,8,9,10-octahydro-5,10-dihydroxy-7,8-dimethyl-7-[(2Z)-3-methylpenta-2,4-dien-1-yl]naphtho[1,8a-c]furan-3,9-diyl Dibutanoate', 'Rel. (+)-(7S,10S) 3,12-dihydroxycalamenene', 'carlinoside', 'Methyl-8-(ethanoyloxy)-2,2-dimethyl-2H-chromene-6-carboxylate', 'arjunolic acid', 'stachysterone', 'Ethyl 2,4-dihydroxy-5,6-dimethylbenzoate', 'Amentoflavone 7”,4”’-dimethyl ether', 'Picramnioside F', 'Lauryl gallate', 'Syringaldehyde', 'Methyl gallate', '3-O-β-D-quinovopyranosyl cincholic acid', 'Dibenzyl sulphide', '(-) Cis-4-hydroxy-6-deoxyscytalone', 'Plumericin', '5-[8(Z),11(Z)-pentadecadienyl]resorcinol', '22-hydroxytirucalla-7,24-diene-2,3-dione', 'Trans-3’-methylsulphonylallyl trans-cinnamate', '(3-(2-(4-hydroxyphenyl)-2-oxoethyl)-5,6-dihydropyridin- 2(1H)-one)', 'Mangiferin', 'Salacin', 'Viburgenin', ""Pterogynoside; Kaempferol-3-O-(3''-O-4'''-methylgallate-α-L-rhamnoside)"", 'Isobutyl gallate', '7′-multijuguinone', 'Griseofulvin', ""7-Hydroxy-4',6-dimethoxyisoflavone; Afrormosin; Afromosin"", '8-methoxymellein', 'Ixoside', '2β-Hydroxyzuelanin-6β-cinnamate', 'Cognatine', 'Fagaramide', 'Chalepin', 'Chlorogenic acid', 'Kaempferol']]",doi_name
"['10.1016/0040-4020(95)00254-6', '(-)-Spectalinine']","['10.1016/0040-4020(95)00254-6', ['Galioside aglicone', 'Teucrein', 'Apodanthoside', '11-O-trans-feruloylteucrein', 'Galioside', 'γ-eudesmol', 'Hinesol', 'guaiol', 'α-eudesmol', 'Mycoleptone A', '9-hydroxyeugenin', 'Eugenitin', '6-methoxyeugenin', 'Austdiol', 'Mycoleptone B', 'Austdiol diacetate', 'Mycoleptone A tetraacetate', 'Ferulic acid', 'α-Gardiol', 'β-Gardiol', ""3',4'-methylenedioxy-5,7-dimethoxyflavone"", ""2'-hydroxy-3,4,4'-trimethoxy-5',6'-(2'',2''-dimethylpyrano)-chalcone"", ""3',4'-methylenedioxy-5,5',6,7-tetramethoxyflavone"", ""3',4'-methylenedioxy-5,6,7- trimethoxyflavone"", '2α,3α,19α- trihydroxyurs-12-en-28-oic acid', '3,3-O-dimethylquercetin', 'penduletin 4-O-methyl ether', 'p-hydroxybenzoic acid', '3-O-methylquercetin', 'acacetin', '3,7,4-O-trimethylkaempferol', '2α,3α-dihydroxyolean-12- en-28-oic acid', 'Chrysoeriol', ""2-(1'-pentenyl)-Quinoline"", ""2-(3',4'-methylenedioxyphenylethyl)-Quinoline"", '2-n-Propylquinoline', '2-n-Pentylquinoline', 'Kaempferol-3-O-rutinoside', 'Kaempferol-3-O-α-L-rhamnopyranosyl-(1→6)-β-D-galactopyranoside', 'Catechin, Ent-catechin', '6-Hydroxy-rutin', 'Quercetin-3-O-α-L-rhamnopyranosyl-(1→6)-β-D-galactopyranoside', 'Procyanidin B-3', 'Kaempferol-3-O-D-galactopyranoside', 'Kaempferol-3-O-D-glucopyranoside', 'Kaempferol-3-O-α-L-rhamnopyranosyl-(1-6)-α-L-rhamnopyranosyl-(1-4)-β-D-glucopyranoside', ""Rel-(7R,8S,7'S,8'S)-4',5'-methylenedioxy-3,4,5,3'-tetramethoxy-7,7'-epoxylignan"", ""Rel-(7R,8S,7'S,8'S)-4'-hydroxy-3,4,5,3',5'-pentamethoxy-7,7'-epoxylignan"", ""Rel-(7R,8S,7'S,8'S)-9-hydroxy-4',5'-methylenedioxy-3,4,5,3'-tetramethoxy-7,7'-epoxylignan"", ""Rel-(7R,8S,7'S,8'S)-4-hydroxy-4',5'-methylenedioxy-3,5,3'-trimethoxy-7,7'-epoxylignan"", ""Rel-(7R,8S,7'S,8'S)-4,5,4',5'-dimethylenedioxy-3,3'-dimethoxy-7,7'-epoxylignan"", 'Epi-guaiacin', 'Verrucosin', 'Nectandrin B', '7-Methyl-sargachromenol; 2,7,8-Trimethyl-2-[(3-E,7-Z)-4,12-dimethyl-8-carboxyl-3,7,11-tridecatrienyl]-3-chromen-6-ol, β-caroteno', 'Diderroside', ""6'-Acetyl-β-D-glucopyranosyldiderroside"", '7-Methoxydiderroside', 'Secoxyloganin', 'Citibrasine', '2,3-dihydro-4,9-dihydroxy-2-(2-hydroxy-propan-2-yl)- 11-methoxy-10-methylfuro[3,2-b]acridin-5(10H)-one', 'bis-5-hydroxyacronycine', '17-(3,4-Methylenedioxyphenyl)-heptadecanoic acid', 'Sargaquinoic acid', '19´-(3,4-Methylenedioxyphenyl)-nonadecanoic acid', 'Sargachromenol', 'Farnisine', ""7,4'-Dimethoxyflavone"", '(+)-Guaiacin', '21´-(3,4-Methylenedioxyphenyl)-henicosanoic acid', ""7,4'-Dihydroxyflavone"", 'Fasciculiferin', ""Juruenolic acid; 2-(4'-Methylpentenyl-3)-10-oxoundecan-2,6-dienoic acid"", 'Tithonine', 'Xanthyletin', 'β-caryophyllene, trans-caryophyllene', 'Pellitorine', '(3Z,5Z)-N-isobutyl-8-(30,40-methylenedioxy-phenyl)-heptadienamide', '10,11-dihydropiperine; Δα,β-dihydropiperine', '(E)-piplartine', '4,5-dihydropiperyline', '(Z)-piplartine; 8(Z)-N-(12,13, 14-trimethoxycinnamoyl)- 3-pyridin-2-one', 'Piperine', '4,5-dihydropiperlonguminine; Piperlonguminine', ""N-[3-(6'-methoxy-3',4'-methy-lenedioxyphenyl)-2(Z)-propenoyl]pyrrolidine"", '8,9-dihydropiplartine; N-(12,13,14-trimethoxydihydrocinnamoyl)-Δ3-pyridin-2-one', ""3',4',5',3,5,7,8-heptamethoxyflavone"", ""3,5,6,7,3',4',5'-heptamethoxyflavonol"", ""3,4-dimethyl-2-(4'-hydroxy-3',5'-dimethoxyphenyl)-5-methoxy-tetrahydrofuran"", '1-methoxy-3-hydroxy-3,10b-4,5a-diepoxy-8b-isobutyroyloxygermacr-11(13)-en-6a,12-olide', 'Tagitinin C', ""4-Methoxy-3-(3',7'-dimethylocta-2'-E-6'-dienyl)benzoic acid"", ""3-(3',7 '-dimethyl-2',6 '-octadienyl)-4-methoxy-benzoic acid"", 'Methyl-8-hydroxy-2,2-dimethyl-2H-chromene-6-carboxylate', 'Taraxerol acetate', 'Aphidicolin', 'cyclo (L)-Pro-Gly', 'Chlorogenic acid methyl ester, Methyl (1S,3R,4R,5R)-3-{[(2E)-3-(3,4-dihydroxyphenyl)-2-propenoyl]oxy}-1,4,5-trihydroxycyclohexanecarboxylate', '(+)-α-Hydroxyerysotrine', '(+)-11α-Hydroxyerythravine', '(+)-Erythravine', '5,7-dimethoxy-2,2-dimethyl-2H-1-benzopyran-6-propanoate', 'Dimethyl terephthalate', '(22E,24R)-ergosta-4,6,8(14),22-tetraen-3-one', '8-hydroxy-6-methoxy-3-methylisocoumarin', 'Ergosterol peroxide', 'Pimara-7,15-dien-3β-ol', 'Cuspanine; 1-hydroxy-2,3,5,6-tetramethoxy-9-acridone', 'Cusculine; 1,2,3,5,6-pentamethoxy-9-acridone', 'Isopimpinellin', '3,21-Di-epi-feroniellide B', '21α,25-dimethylmelianodiol', '21β,25-dimethylmelianodiol', ""4-Hydroxy-3-(3',7'-dimethyl-3'-hydroxy-1'-oxo-6'-octenyl)benzoic acid"", ""Isosakuranetin; 5,7-dihydroxy-4'-methoxyflavanone"", ""1,4-Dihydroxy-2-(3',7'-dimethyl-1'-oxo-2'-E-6'-octadienyl)benzene"", ""Sakuranetin; 5,4'-dihydroxy-7-methoxyflavanone"", ""4-Hydroxy-(3',7'-dimethyl-1'-oxo-octa-2'-E-6'-dienyl)benzoic acid"", '5,7-dimethoxy-2,2-dimethyl-2H-1-benzopyran-6-propanoic acid', 'Anhydrofusarubin', 'Beauvericin', '(-)-3-O-acetyl-spectaline', 'Nilocetin', 'Hispidol A', 'Pentaol', 'cryptomeridiol', '3,11-dioxoolean-12-en-28- onic acid', 'Iso-odoratol', 'Piscidinol A', 'Oleanonic acid', 'Piperaduncine B', ""4-Hydroxy-3-(3',7'-dimethylocta-2'-E-6'-dienyl)benzoic acid"", ""Methyl 4-hydroxy-3-(3'-methyl-2'-butenyl)benzoate"", ""2',6'-Dihydroxy-4'-methoxydihydrochalcone"", 'Methyl 2,2-dimethyl-1-oxo-2H-1-benzopyran-6-carboxylate', '3,4,5-Trimethoxydihydrocinnamic acid', ""Methyl taboganate; Methyl 4-hydroxy-3-(3'-methyl-1'-oxo-2'-butenyl)benzoate"", ""Hostmaniene; 4-Hydroxy-3-(2',3'-dihydroxy-3'-methylbutyl)benzoate"", ""Methyl 4-hydroxy-3-(3'-methyl-2'-hydroxy-3'-butenyl)benzoate"", ""4-Hydroxy-(3',7'-dimethyl-1'-oxo-octa-2'-Z-6'-dienyl)benzoic acid"", ""Aduncumene; Methyl 2-methoxy-5-(3'-methyl-1'-oxo-2'-butenyl)benzoate"", 'Nitensidine D', 'Nitensidine E', 'Methyl (3R,4R,5R)-3-{[(2E)-3-(3,4-dihydroxyphenyl)-2-propenoyl]oxy}-1,4,5-trihydroxycyclohexanecarboxylate', 'Methyl (3R,4R,5R)-3-{[(2Z)-3-(3,4-dihydroxyphenyl)-2-propenoyl]oxy}-1,4,5-trihydroxycyclohexanecarboxylate', '3,4-dihydro-3,5,8-trihydroxy-6-methoxy-2,2,7-trimethyl-2Hpyrano[ 2,3-a]acridin-12(7H)-one', 'Glycocitrine-IV', '1,3,5-trihydroxy- 2,8-bis(3-methylbut-2-enyl)-10-methyl-9-acridone', 'Citrusinine-II', 'Pyranofoline', '1,3,5-trihydroxy-4-methoxy-10-methyl- 2,8-bis(3-methylbut-2-enyl)acridin-9(10H)-one', 'Citrusinine-I', '5-hydroxynoracronycine; Atalaphyllidine', 'Glycocitrine-I', 'astilbin; Rel-(2R, 3R)-dihydroquercetin-3-O-±-L-rhamnoside', 'Stearic acid 4-pentoyloxyphenethyl ester', '4-metoxi-6-[2-(metilamino)fenil]- 2H-piran-2-ona', ""Isoswertisin-2''α1-L-rhamnoside"", '2-Episesalatin', 'Clusifoliol', ""Isoswertisin-4'-methyl-ether-2''α-L-rhamnoside"", 'Sesartemin', 'Methacrylic acid', 'Deoxycordifoline', '5α-carboxystrictosidine', 'Turbinatine', '3,4-dehydrostrictosidine acid', 'Strictosidine acid', 'Harman-3-carboxylic acid', 'Cordifoline', '3,4-dehydro-strictosidine', '2α,3α-Dihydroxy-urs-12-en-28-oic acid', 'Oleanolic acid 3-sophoroside', '3-O-β-D-(6’-methyl)-glucopyranosyl-28-O-β-D-glucopyranosyl-oleanate', 'Haplotusine', 'β-Sitosterol benzoate', '5-hydroxyflavone', '2-phenyl-4H-chromen-4-one', 'Sinapyl 4-O-β-D-glucopyranoside aldehyde', 'Sinapyl 4-O-β-D-glucopyranoside alcohol', 'Liriodenine', 'N-acetylnonaine', '[10]-gingerol', ""2,4-Dihydroxy-6-[(1'E,3'E)-penta-1', 3'-dienyl]-benzaldehyde"", '2-methyl-5-[8(Z)-pentadecenyl]resorcinol', '2-methyl-5-pentadecylresorcinol', '3β-hydroxy-stigmast-5-en-7-one; 24-β-7-oxositosterol', 'scillascillin', 'urauchimycin B', 'Homoegonol', '[8]-gingerol', '4-Hydroxymellein', '5-hydroxymellein', 'fraxinellonone', 'Dibenzyl sulphide', '(-) Cis-4-hydroxy-6-deoxyscytalone', 'Plumericin', '5-[8(Z),11(Z)-pentadecadienyl]resorcinol', '1-methyl-2-n-nonyl-4-quinolone', '5-[8(Z),11(Z),14-pentadecatrienyl]resorcinol', 'Nitensidine A', ""8-hydroxy-3,5,7,3',4',5'-hexamethoxyflavonol"", 'Odoratol', 'Leptomerine', '5-hydroxy-N-methylseverifoline', '19,20-Epoxycytochalasin N', 'ellagic acid 4-O-α-L-rhamnopyranoside; eschweilenol C', 'Mayoside C', 'Ourateacatechin', ""3',4',5',5,7-pentamethoxyflavone"", '(−)-Grandisin', '24-methylenecycloartan-3b-ol', 'Ixoside', 'Cognatine', '7-hydroxy-3- (11-dimethylallyl)-8-methoxycoumarin', ""N-[7-(3',4'-methylenedioxyphenyl)-2(Z),4(Z)-heptadienoyl]pyrrolidine"", ""Acteoside; [β-3,4-dihydroxyphenyl)-ethyl]-(3'-O-α-L-rhamnopyranosyl)-(4'-O-cafeoyl)-β-D-glycopyranoside, verbascoside"", 'Maculosidine', 'Podocarpusflavone A', 'Casearupestrin C', 'Quercetin', ""2-(2'-O-trans-cinnamoyl)-C-β-D-glucopyranosyl-1,3,6,7-tetrahydroxyxanthone"", 'Ocotillone', 'des-N-methylnoracronycine', 'Sorbifolin 6-O-β-glucopyranoside', 'Rel-2α-hydroxyzuelanin-6β-benzoate', '2,6-di-O-acetylcasearupestrin D', ""Methyl-2,2-dimethyl-8-(3'-methylbut-2'-enyl)chroman-6-carboxylate"", '2,7-Di-O-acetylcasearupestrin A', 'Nitensidine B', 'Leptophyllin A', '5-pentadecylresorcinol', 'Skimmianine', 'p-hydroxybenzoic acid-geranyl ester', 'Dibenzyl disulphide', 'Proanthocyanidin', 'neoisoastilbin', '(R)-7-Hydroxymellein', '6α-acetoxymanoyl oxide', 'Netzahualcoyondiol', 'Pristimerin; 20α-3-hydroxy-2-oxo-24-nor-friedela-1-10,3,5,7-tetraen-carboxylic acid-29-methylester', '3,4,5-trimethoxyphenyl 1-O-β-D-apiofuranosyl-(1→6)-O-β-D-glucopyranoside', 'β-photogedunin', 'n-Butyl gallate', ""5-[3''-(β-D-glucopyranosyloxy)propyl]-7-methoxy-2-(3',4'-dimethoxyphenyl)benzofuran"", '3,12-Dihydroxycadalene', '19,20-Epoxycytochalasin D', 'fumiquinozoline F', 'Kaempferol 3-O-α-L-rhamnopyranosyl (1→6)-O-[β -D-glucopyranosyl (1→3)-O-α-L-rhamnopyranosyl-(1→2)]-O-β -D-glucopyranosyl', '3β-O-[α-L-rhamnopyranosyl-(1→2)-O-β-D-glucopyranosyl-(1→2)-O-β-D-glucopyranosyl]-28-O-β-D-glucopyranoside pomolate', 'Dibenzyl tetrasulphide', ""2',5-dihydroxy-3-methoxy-8-dimethylallyl-6, 7-(2' ',2''-dimethylpyrano)-dihydroflavonol"", '2-n-nonyl-4-quinolone', 'Cytochalasin D', 'Isoorientin', 'Uracil', 'urauchimycin A', 'p-Coumaric acid', '(-)-Epigallocatechin', '6α-malonyloxy-n-butyl ester manoyl oxide', 'citrusinine-I', 'Ricinine', '19,20-Epoxycytochalasin C', 'Netzahualcoyonol', '1-[3-(3,7-dimethylocta-2,6-dien-1-yl)-2,4,6- trihydroxyphenyl]-3-(4-hydroxyphenyl)propan-1-one', '6α-malonyloxymanoyl oxide', 'Benzylhydroxymethyl sulphide', '1,6-di-O-caffeoyl-β-D-glucopyranoside', '2-methyl-5-[8(Z),11(Z),14-pentadecatrienyl]resorcinol', '20-hydroxyecdysone; polypodine A', '3-Acetyl aleuritolic acid', 'Alkenoic acid', 'Quercetin 3-O-α-L-rhamnopyranosyl (1→6)-O-[β -D-glucopyranosyl (1→3)-O-α-L-rhamnopyranosyl-(1→2)]-O-β -D-glucopyranosyl', 'Heveaflavone', 'Arboreumine', '3-Oxoursolic acid', 'Casearupestrin B', 'Methyl-8-hydroxy-2,2-dimethylchroman-6-carboxylate', 'Canavaline', 'Di-hydrodehydrodiconiferyl alcohol', 'toonacilin', '6α-acetoxy-14β,15β-epoxyazadirone', 'epoxy-fraxinellone', '12′-hydroxy-7′-multijuguinone', 'Kaempferitrin', 'Nitensidine C', 'Dipropyl disulphide', '2-methyl-5-[8(Z),11(Z)-pentadecadienyl]resorcinol', 'Methyl 6,7,8-trimethoxydihydrocinnamate', '2-Hexyl-3-methyl-butanodioic acid', 'fraxinellone', '6-[ 8(Z),11(Z) -pentadecadienyl] salicylic acid', 'Pedalitin', '1-O-(E)-feruloyl-β-D-glucopyranoside', 'Casearin T', 'Piperyline, N-[10-(13,14-methylenedioxyphenyl)-7(E),9(E)-pentadienoyl]-pyrrolidine', ""3',4',5',5,7,8-hexamethoxyflavone"", 'Isopropyl gallate', '6β-hydroxy-7-epigardoside methyl ester', 'Tetrahydropiperyline, N-[10-(13,14-methylenedioxyphenyl)-pentanoyl]-pyrrolidine', 'Piperovatine', '2,4,6-trimethoxybenzoic acid', '1-O-(E)-caffeoyl-β-D-glucopyranoside', 'Gallic acid; 3,4,5-trihydroxybenzoic acid', 'Quercitrin, 3-O-α-rhamnosylquercetin', 'Caseobliquin A', 'Methyl angolensate', ""5-(3'' -Hydroxypropyl)-7-methoxy-2-(3',4' -methyl-enedioxyphenyl)benzofuran"", '22β-hydroxypristimerin', '1- (5,7-dihydroxy-2,2-dimethylchroman-6-yl)-3-(2,2-dimethylchroman- 6-yl)propan-1-one', 'amorphispironone', 'Casearupestrin D', 'Chaetoglobosin B', ""2-(2'-O-benzoyl)-C-β-D-glucopyranosyl-1,3,6,7-tetrahydroxyxanthone"", 'n-Pentyl gallate', 'Orcinol', 'Periconicin B', 'Phomopsilactone', ""(2S)-8-Isopentyl-2-methyl-2-(4'-methylpentyl)chroman-6-carboxylic acid"", '2,2-dimethyl-2H-chromene-6-carboxylic acid', '1,2-dihydro- 3β-hydroxy-7-deacetoxy-7-oxogedunin', 'Photogedunin', 'Casearin X; (1R*,3S*,5S*,6aR*,7S*,8S*,10R*,10aR*)-1-(Acetyloxy)-3,5,6,6a,7,8,9,10-octahydro-10-hydroxy-7,8-dimethyl-7-[(2Z)-3-methylpenta-2,4-dien-1-yl]naphtho[1,8a-c]furan-3,5-diyl Dibutanoate', 'α-L-xylopyranosyl-(4""→20)-(3-O-β-D-glucopyranosyl)-1\'-O-E-caffeoyl-β-D-glucopyranoside', ""2-(R)-Methyl-6-(S)-(tetradecyl-13'-one)-3(R)-O-tert-butyldimethylsilyl-piperidine"", '(2S)-Methyl-2-methyl-8-(3""-methylbut-2""-enyl)-2-(4\'-methylpent-3\'-enyl)-2H-chromene-6-carboxylate', 'Burchellin', '5-[8(Z)-pentadecenyl]resorcinol', 'Luteolin; 2-(3,4-dihydroxyphenyl)-5,7-dihydroxy-4H-chromen-4-one', 'Sinapic acid', '19,20-Epoxycytochalasin Q', '19,20-Epoxycytochalasin R', 'Muraxanthone', 'ω-fenil alcanoic acid', '2-butyl-D-fructofuranoside', ""Gaudichaudianic acid; (2S)-2-methyl-2-(4'methyl-3'-pentenyl)-8-(3''-methyl-2-butenyl)- 2H-1-benzopyran-6-carboxylic acid"", 'limonexic acid', 'Di(benzyltrithio) methane', '3,11,12-Trihydroxycadalene', 'Quercetin 3-O-sophoroside', '(3R,4R)-3,4-Dihydro-4,6-dihydroxy-3-methyl-1-oxo-1H-isochromene-5-carboxylic acid', '24-methylene-3,22-dihydroxycholesterol', ""5-[3''-(β-D-glucopyranosyloxy)propyl]-7-methoxy-2-(3',4'-methylenedioxyphenyl)benzofuran"", '28-O-β-D-glucopyranosyl quinovic acid', '2-Methyl-4-hydroxy-butyl caffeoate', 'N-1,N-2,N-3-Triisopentenylguanidine', 'Dibenzyl trisulphide', 'Maytenin, Tingenone', 'Kokusaginine', ""2-(2'-O-trans-caffeoyl)-C-β-D-glucopyranosyl-1,3,6,7-tetrahydroxyxanthone"", 'Netzahualcoyene', 'Casearin X Dialdehyde; (2R*,4aS*,5S*,7R*,8R*,8aS*)-4,4a-Diformyl-1,2,4a,5,6,7,8,8a-octahydro-5-hydroxy-7,8-dimethyl-8-[(2Z)-3-methylpenta-2,4-dien-1-yl]naphthalen-2-yl Butanoate', 'polypodine B', 'n-Propyl gallate', 'Isoplumericin', 'N-[10-(13,14-methylenedioxyphenyl)-7(E),9(Z)-pentadienoyl]-pyrrolidine', '6-[8(Z)-pentadecenyl]salicylic acid', '(2S)-2-methyl-8-(3""-methylbut-2""-enyl)-2-(4\'-methylpent-3\'-enyl)-2H-chromene-6-carboxylic acid', 'Pedalin, pedalitin 6-O-β -glucopyranoside', 'Caseargrewiin F; (1R*,3S*,5S*,6aR*,7S*,8R*,10R*,10aR*)-1,3-Bis(acetyloxy)-3,5,6,6a,7,8,9,10-octahydro-10-hydroxy-7,8-dimethyl-7-[(2Z)-3-methylpenta-2,4-dien-1-yl]naphtho[1,8a-c]furan-5-yl Butanoate', 'Casearin L; (1R*,3S*,5S*,6aR*,7R*,8R*,9S*,10S*,10aR*)-1,10-Bis(acetyloxy)-3,5,6,6a,7,8,9,10-octahydro-9-hydroxy-5-methoxy-7,8-dimethyl-7-[(2Z)-3-methylpenta-2,4-dien-1-yl]naphtho[1,8a-c]-furan-3-yl Butanoate', 'Platydesmine', 'Casearupestrin A', '2-oxo-piperol B; (7S*, 8R*, 1R*, 3R*)-3,4,5-trimethoxy-3,7-cyclo-8,1-neolig-8-ene-2,4(3H)-dione', 'taxifolin', ""(2'S)-2-(propan-2'-ol)-5-hydroxy-benzopyran-4-one"", 'Rel-(+)-(7S,9R,10S)-3,9,12-trihydroxycalamenene', 'Casearin S', '11β-acetoxyobacunone', '1-(5,7-dihydroxy-2,2-dimethylchroman- 6-yl)-3-[4-hydroxy-3-(3-methylbut-2-en-1-yl)- phenyl]propan-1-one', '(3R,4R)-4,7-Dihydroxymellein', ""Nitensoside B; Pedalitin 6-O-α-rhamnopyranosyl(1'''→6'')-β-glucopyranoside"", '3,4,5-Triacetoxybenzoic acid', 'Odoratone', '1-(5,7-dihydroxy-2,2-dimethylchroman-6-yl)-3-(1,1,4a-trimethyl-2,3,4,4a,9a-hexahydro-1H-xanthen-7-yl)propan-1-one', 'Methyl (E)-6,7,8-trimethoxycinnamate', '3,4,5-Trimethoxyphenyl-1-O-β-D-(5-O-syringoyl)-apiofuranosyl-(1→6)-β-D-glucopyranoside', '6-[8(Z),11(Z),14-pentadecatrienyl]salicylic acid', 'Sorbifolin', ""Nitensoside A; Sorbifolin 6-O-α-rhamnopyranosyl(1'''→6'')-β-glucopyranoside"", 'Casearin O; (1R*,3S*,5S*,6aR*,7R*,8R*,9S*,10S*,10aR*)-1,10-Bis(acetyloxy)-5-methoxy-7,8-dimethyl-7-[(2Z)-3-methylpenta-2,4-dien-1-yl]-3,5,6,6a,7,8,9,10-octahydronaphtho[1,8a-c]furan-3,9-diyl Dibutanoate', 'germacrene D', 'Rel-6β-hydroxyzuelanin-2β-benzoate', 'shidasterone', '5-hydroxymethyl- 2-furancarboxaldehyde; 5-hydroxymethyl-2-furfuraldehyde', 'atalaphyllinine', 'N-[10- (13,14-methylenedioxyphenyl)-7(E)-pentaenoyl]-pyrrolidine', '2-Methyl-5-methoxy-benzopyran-4-one', '3,4-dihydroxybenzoic acid geranyl ester', 'Gedunin', 'Afzelin, 3-O-α-rhamnosyl kaempferol', 'Egonol', '4-Nerolidilcatechol', ""2-(2'-O-transcoumaroyl)-C-β-D-glucopyranosyl-1,3,6,7-tetrahydroxyxanthone"", 'Syringic acid', '(+)-3-O-feruloylcassine', 'Salacin', '6-pentadecylsalicylic acid', 'Methyl-2,2-dimethylchroman-6-carboxylate', ""Myrsinoic acid A, 3-Geranyl-4-hydroxy-5-(3'',3''-dimethylallyl)benzoic acid"", '20α-Hydroxymaytenin; 20-hydroxy-20-epi-tingenone', 'Leiokinine A', 'Cabraleadiol', 'schaftoside', ""(2S)-Methyl-8-isopentyl-2-methyl-2-(4'-methylpentyl)chroman-6-carboxylate"", 'Amentoflavone', 'Acetonide of odoratol', '(-)-Epigallocatechin-3-O-gallate', 'Casearin D; (1R*,3S*,5S*,6aR*,7R*,8R*,9S*,10S*,10aR*)-1-(Acetyloxy)-3,5,6,6a,7,8,9,10-octahydro-5,10-dihydroxy-7,8-dimethyl-7-[(2Z)-3-methylpenta-2,4-dien-1-yl]naphtho[1,8a-c]furan-3,9-diyl Dibutanoate', 'Rel. (+)-(7S,10S) 3,12-dihydroxycalamenene', 'carlinoside', 'Methyl-8-(ethanoyloxy)-2,2-dimethyl-2H-chromene-6-carboxylate', '2β-Hydroxyzuelanin-6β-cinnamate', 'arjunolic acid', 'stachysterone', 'Ethyl 2,4-dihydroxy-5,6-dimethylbenzoate', 'Amentoflavone 7”,4”’-dimethyl ether', 'Picramnioside F', 'Lauryl gallate', 'Syringaldehyde', 'Methyl gallate', '3-O-β-D-quinovopyranosyl cincholic acid', '(-)-Spectalinine', 'Piperol B', '(-)-Hardwickiic acid', '22-hydroxytirucalla-7,24-diene-2,3-dione', 'Trans-3’-methylsulphonylallyl trans-cinnamate', '(3-(2-(4-hydroxyphenyl)-2-oxoethyl)-5,6-dihydropyridin- 2(1H)-one)', 'Mangiferin', 'Viburgenin', ""Pterogynoside; Kaempferol-3-O-(3''-O-4'''-methylgallate-α-L-rhamnoside)"", 'Isobutyl gallate', '7′-multijuguinone', 'Griseofulvin', ""7-Hydroxy-4',6-dimethoxyisoflavone; Afrormosin; Afromosin"", '8-methoxymellein', '(±)-Syringaresinol', 'Cyclo-(L-Pro-L-Val)', 'Fagaramide', 'Chalepin', 'Chlorogenic acid', '(4R)-4,8-dihydroxy-α-tetralone', 'Kaempferol', '3-O-β-D-quinovopyranosyl quinovic acid', '2-hydroxyphenylacetic acid']]",doi_name
"['10.1590/S0100-40422009000600037', '11β-acetoxyobacunone']","['10.1590/S0100-40422009000600037', ['2α,3α-Dihydroxy-urs-12-en-28-oic acid', 'β-Sitosterol benzoate', '2-phenyl-4H-chromen-4-one', '5-hydroxyflavone', 'Haplotusine', 'Oleanolic acid 3-sophoroside', '3-O-β-D-(6’-methyl)-glucopyranosyl-28-O-β-D-glucopyranosyl-oleanate', 'Sinapyl 4-O-β-D-glucopyranoside aldehyde', 'Sinapyl 4-O-β-D-glucopyranoside alcohol', 'Liriodenine', 'N-acetylnonaine', 'γ-eudesmol', 'Hinesol', 'guaiol', 'α-eudesmol', ""3',4',5',3,5,7,8-heptamethoxyflavone"", ""3,5,6,7,3',4',5'-heptamethoxyflavonol"", 'Beauvericin', 'Anhydrofusarubin', '11-O-trans-feruloylteucrein', 'Galioside aglicone', 'Teucrein', 'Galioside', 'Apodanthoside', '5,7-dimethoxy-2,2-dimethyl-2H-1-benzopyran-6-propanoic acid', '8-hydroxy-6-methoxy-3-methylisocoumarin', '(22E,24R)-ergosta-4,6,8(14),22-tetraen-3-one', 'Dimethyl terephthalate', 'Ergosterol peroxide', 'Pimara-7,15-dien-3β-ol', 'Methyl (3R,4R,5R)-3-{[(2E)-3-(3,4-dihydroxyphenyl)-2-propenoyl]oxy}-1,4,5-trihydroxycyclohexanecarboxylate', 'Methyl (3R,4R,5R)-3-{[(2Z)-3-(3,4-dihydroxyphenyl)-2-propenoyl]oxy}-1,4,5-trihydroxycyclohexanecarboxylate', 'Kaempferol-3-O-α-L-rhamnopyranosyl-(1→6)-β-D-galactopyranoside', 'Catechin, Ent-catechin', 'Kaempferol-3-O-rutinoside', 'Quercetin-3-O-α-L-rhamnopyranosyl-(1→6)-β-D-galactopyranoside', 'Procyanidin B-3', 'Kaempferol-3-O-α-L-rhamnopyranosyl-(1-6)-α-L-rhamnopyranosyl-(1-4)-β-D-glucopyranoside', 'Kaempferol-3-O-D-glucopyranoside', '6-Hydroxy-rutin', 'Kaempferol-3-O-D-galactopyranoside', '4-metoxi-6-[2-(metilamino)fenil]- 2H-piran-2-ona', ""Isoswertisin-2''α1-L-rhamnoside"", '2-Episesalatin', 'Clusifoliol', ""Isoswertisin-4'-methyl-ether-2''α-L-rhamnoside"", 'Sesartemin', ""4-Hydroxy-(3',7'-dimethyl-1'-oxo-octa-2'-E-6'-dienyl)benzoic acid"", ""Sakuranetin; 5,4'-dihydroxy-7-methoxyflavanone"", ""Isosakuranetin; 5,7-dihydroxy-4'-methoxyflavanone"", ""1,4-Dihydroxy-2-(3',7'-dimethyl-1'-oxo-2'-E-6'-octadienyl)benzene"", ""4-Hydroxy-3-(3',7'-dimethyl-3'-hydroxy-1'-oxo-6'-octenyl)benzoic acid"", '5,7-dimethoxy-2,2-dimethyl-2H-1-benzopyran-6-propanoate', 'Chlorogenic acid methyl ester, Methyl (1S,3R,4R,5R)-3-{[(2E)-3-(3,4-dihydroxyphenyl)-2-propenoyl]oxy}-1,4,5-trihydroxycyclohexanecarboxylate', ""3,4-dimethyl-2-(4'-hydroxy-3',5'-dimethoxyphenyl)-5-methoxy-tetrahydrofuran"", 'Methacrylic acid', '(+)-α-Hydroxyerysotrine', '(+)-Erythravine', '(+)-11α-Hydroxyerythravine', 'Aphidicolin', ""7,4'-Dihydroxyflavone"", ""7,4'-Dimethoxyflavone"", 'Sargachromenol', '19´-(3,4-Methylenedioxyphenyl)-nonadecanoic acid', 'Farnisine', '21´-(3,4-Methylenedioxyphenyl)-henicosanoic acid', '(+)-Guaiacin', 'Sargaquinoic acid', 'Fasciculiferin', ""Juruenolic acid; 2-(4'-Methylpentenyl-3)-10-oxoundecan-2,6-dienoic acid"", 'Tithonine', '17-(3,4-Methylenedioxyphenyl)-heptadecanoic acid', ""Methyl 4-hydroxy-3-(3'-methyl-2'-butenyl)benzoate"", 'Methyl 2,2-dimethyl-1-oxo-2H-1-benzopyran-6-carboxylate', 'Piperaduncine B', ""4-Hydroxy-3-(3',7'-dimethylocta-2'-E-6'-dienyl)benzoic acid"", ""Hostmaniene; 4-Hydroxy-3-(2',3'-dihydroxy-3'-methylbutyl)benzoate"", ""2',6'-Dihydroxy-4'-methoxydihydrochalcone"", ""Methyl taboganate; Methyl 4-hydroxy-3-(3'-methyl-1'-oxo-2'-butenyl)benzoate"", '3,4,5-Trimethoxydihydrocinnamic acid', ""4-Hydroxy-(3',7'-dimethyl-1'-oxo-octa-2'-Z-6'-dienyl)benzoic acid"", ""Methyl 4-hydroxy-3-(3'-methyl-2'-hydroxy-3'-butenyl)benzoate"", ""Aduncumene; Methyl 2-methoxy-5-(3'-methyl-1'-oxo-2'-butenyl)benzoate"", 'astilbin; Rel-(2R, 3R)-dihydroquercetin-3-O-±-L-rhamnoside', 'Taraxerol acetate', '(-)-3-O-acetyl-spectaline', 'Deoxycordifoline', 'Turbinatine', '5α-carboxystrictosidine', 'Harman-3-carboxylic acid', '3,4-dehydro-strictosidine', 'Cordifoline', '3,4-dehydrostrictosidine acid', 'Strictosidine acid', 'Nilocetin', 'Hispidol A', '3,11-dioxoolean-12-en-28- onic acid', 'Pentaol', 'Iso-odoratol', 'cryptomeridiol', 'Piscidinol A', 'Oleanonic acid', '7-Methoxydiderroside', ""6'-Acetyl-β-D-glucopyranosyldiderroside"", 'Diderroside', 'Secoxyloganin', 'Nitensidine D', 'Nitensidine E', 'Stearic acid 4-pentoyloxyphenethyl ester', '2α,3α,19α- trihydroxyurs-12-en-28-oic acid', 'penduletin 4-O-methyl ether', '3,3-O-dimethylquercetin', '2α,3α-dihydroxyolean-12- en-28-oic acid', '3,7,4-O-trimethylkaempferol', 'Chrysoeriol', 'acacetin', '3-O-methylquercetin', 'p-hydroxybenzoic acid', 'Isopimpinellin', 'cyclo (L)-Pro-Gly', '1,3,5-trihydroxy- 2,8-bis(3-methylbut-2-enyl)-10-methyl-9-acridone', '3,4-dihydro-3,5,8-trihydroxy-6-methoxy-2,2,7-trimethyl-2Hpyrano[ 2,3-a]acridin-12(7H)-one', 'Glycocitrine-IV', '5-hydroxynoracronycine; Atalaphyllidine', 'Citrusinine-II', 'Glycocitrine-I', '1,3,5-trihydroxy-4-methoxy-10-methyl- 2,8-bis(3-methylbut-2-enyl)acridin-9(10H)-one', 'Citrusinine-I', 'Pyranofoline', '9-hydroxyeugenin', 'Mycoleptone A', 'Austdiol diacetate', '6-methoxyeugenin', 'Eugenitin', 'Austdiol', 'Mycoleptone B', 'Mycoleptone A tetraacetate', '1-methoxy-3-hydroxy-3,10b-4,5a-diepoxy-8b-isobutyroyloxygermacr-11(13)-en-6a,12-olide', 'Tagitinin C', '10,11-dihydropiperine; Δα,β-dihydropiperine', '4,5-dihydropiperlonguminine; Piperlonguminine', '(Z)-piplartine; 8(Z)-N-(12,13, 14-trimethoxycinnamoyl)- 3-pyridin-2-one', '4,5-dihydropiperyline', ""N-[3-(6'-methoxy-3',4'-methy-lenedioxyphenyl)-2(Z)-propenoyl]pyrrolidine"", 'Piperine', '8,9-dihydropiplartine; N-(12,13,14-trimethoxydihydrocinnamoyl)-Δ3-pyridin-2-one', '(E)-piplartine', '(3Z,5Z)-N-isobutyl-8-(30,40-methylenedioxy-phenyl)-heptadienamide', 'Pellitorine', '2-n-Propylquinoline', ""2-(3',4'-methylenedioxyphenylethyl)-Quinoline"", ""2-(1'-pentenyl)-Quinoline"", '2-n-Pentylquinoline', ""Rel-(7R,8S,7'S,8'S)-4'-hydroxy-3,4,5,3',5'-pentamethoxy-7,7'-epoxylignan"", ""Rel-(7R,8S,7'S,8'S)-4-hydroxy-4',5'-methylenedioxy-3,5,3'-trimethoxy-7,7'-epoxylignan"", ""Rel-(7R,8S,7'S,8'S)-4',5'-methylenedioxy-3,4,5,3'-tetramethoxy-7,7'-epoxylignan"", ""Rel-(7R,8S,7'S,8'S)-9-hydroxy-4',5'-methylenedioxy-3,4,5,3'-tetramethoxy-7,7'-epoxylignan"", ""Rel-(7R,8S,7'S,8'S)-4,5,4',5'-dimethylenedioxy-3,3'-dimethoxy-7,7'-epoxylignan"", ""4-Methoxy-3-(3',7'-dimethylocta-2'-E-6'-dienyl)benzoic acid"", 'Methyl-8-hydroxy-2,2-dimethyl-2H-chromene-6-carboxylate', ""3-(3',7 '-dimethyl-2',6 '-octadienyl)-4-methoxy-benzoic acid"", 'β-Gardiol', 'α-Gardiol', 'Ferulic acid', 'Xanthyletin', '21α,25-dimethylmelianodiol', '21β,25-dimethylmelianodiol', '3,21-Di-epi-feroniellide B', ""2'-hydroxy-3,4,4'-trimethoxy-5',6'-(2'',2''-dimethylpyrano)-chalcone"", ""3',4'-methylenedioxy-5,6,7- trimethoxyflavone"", ""3',4'-methylenedioxy-5,5',6,7-tetramethoxyflavone"", ""3',4'-methylenedioxy-5,7-dimethoxyflavone"", '7-Methyl-sargachromenol; 2,7,8-Trimethyl-2-[(3-E,7-Z)-4,12-dimethyl-8-carboxyl-3,7,11-tridecatrienyl]-3-chromen-6-ol, β-caroteno', 'Epi-guaiacin', 'Verrucosin', 'Nectandrin B', 'bis-5-hydroxyacronycine', '2,3-dihydro-4,9-dihydroxy-2-(2-hydroxy-propan-2-yl)- 11-methoxy-10-methylfuro[3,2-b]acridin-5(10H)-one', 'Citibrasine', 'β-caryophyllene, trans-caryophyllene', 'Cusculine; 1,2,3,5,6-pentamethoxy-9-acridone', 'Cuspanine; 1-hydroxy-2,3,5,6-tetramethoxy-9-acridone', '[10]-gingerol', ""2,4-Dihydroxy-6-[(1'E,3'E)-penta-1', 3'-dienyl]-benzaldehyde"", '2-methyl-5-[8(Z)-pentadecenyl]resorcinol', 'Nitensidine A', '2-hydroxyphenylacetic acid', '3-O-β-D-quinovopyranosyl quinovic acid', ""8-hydroxy-3,5,7,3',4',5'-hexamethoxyflavonol"", 'Odoratol', 'Kaempferol', 'Pristimerin; 20α-3-hydroxy-2-oxo-24-nor-friedela-1-10,3,5,7-tetraen-carboxylic acid-29-methylester', '3,4,5-trimethoxyphenyl 1-O-β-D-apiofuranosyl-(1→6)-O-β-D-glucopyranoside', 'β-photogedunin', 'n-Butyl gallate', ""5-[3''-(β-D-glucopyranosyloxy)propyl]-7-methoxy-2-(3',4'-dimethoxyphenyl)benzofuran"", '3,12-Dihydroxycadalene', '7-hydroxy-3- (11-dimethylallyl)-8-methoxycoumarin', 'Casearupestrin C', 'Leptomerine', '5-hydroxy-N-methylseverifoline', '19,20-Epoxycytochalasin N', 'ellagic acid 4-O-α-L-rhamnopyranoside; eschweilenol C', 'Mayoside C', 'Ourateacatechin', ""3',4',5',5,7-pentamethoxyflavone"", '2-methyl-5-pentadecylresorcinol', '3β-hydroxy-stigmast-5-en-7-one; 24-β-7-oxositosterol', 'scillascillin', '(4R)-4,8-dihydroxy-α-tetralone', '(±)-Syringaresinol', 'Cyclo-(L-Pro-L-Val)', 'Acetonide of odoratol', '(−)-Grandisin', '6α-acetoxymanoyl oxide', 'Methyl-8-hydroxy-2,2-dimethylchroman-6-carboxylate', '6α-acetoxy-14β,15β-epoxyazadirone', 'Ocotillone', 'des-N-methylnoracronycine', 'Sorbifolin 6-O-β-glucopyranoside', 'Rel-2α-hydroxyzuelanin-6β-benzoate', '2,6-di-O-acetylcasearupestrin D', ""Methyl-2,2-dimethyl-8-(3'-methylbut-2'-enyl)chroman-6-carboxylate"", '2,7-Di-O-acetylcasearupestrin A', 'Nitensidine B', '1-methyl-2-n-nonyl-4-quinolone', '5-[8(Z),11(Z),14-pentadecatrienyl]resorcinol', 'Gallic acid; 3,4,5-trihydroxybenzoic acid', 'Maculosidine', 'Podocarpusflavone A', 'Leptophyllin A', '5-pentadecylresorcinol', '19,20-Epoxycytochalasin D', 'fumiquinozoline F', 'Kaempferol 3-O-α-L-rhamnopyranosyl (1→6)-O-[β -D-glucopyranosyl (1→3)-O-α-L-rhamnopyranosyl-(1→2)]-O-β -D-glucopyranosyl', '3β-O-[α-L-rhamnopyranosyl-(1→2)-O-β-D-glucopyranosyl-(1→2)-O-β-D-glucopyranosyl]-28-O-β-D-glucopyranoside pomolate', 'Di-hydrodehydrodiconiferyl alcohol', 'Quercetin', ""2-(2'-O-trans-cinnamoyl)-C-β-D-glucopyranosyl-1,3,6,7-tetrahydroxyxanthone"", 'Kokusaginine', 'Skimmianine', 'p-hydroxybenzoic acid-geranyl ester', 'Dibenzyl disulphide', 'Proanthocyanidin', 'neoisoastilbin', '(R)-7-Hydroxymellein', 'p-Coumaric acid', '(-)-Epigallocatechin', 'Netzahualcoyonol', '1-[3-(3,7-dimethylocta-2,6-dien-1-yl)-2,4,6- trihydroxyphenyl]-3-(4-hydroxyphenyl)propan-1-one', '6α-malonyloxymanoyl oxide', '1-O-(E)-caffeoyl-β-D-glucopyranoside', 'Quercitrin, 3-O-α-rhamnosylquercetin', 'Caseobliquin A', 'Methyl angolensate', ""5-(3'' -Hydroxypropyl)-7-methoxy-2-(3',4' -methyl-enedioxyphenyl)benzofuran"", '22β-hydroxypristimerin', '1- (5,7-dihydroxy-2,2-dimethylchroman-6-yl)-3-(2,2-dimethylchroman- 6-yl)propan-1-one', 'Canavaline', '6α-malonyloxy-n-butyl ester manoyl oxide', 'citrusinine-I', 'Ricinine', '2-methyl-5-[8(Z),11(Z),14-pentadecatrienyl]resorcinol', 'epoxy-fraxinellone', '12′-hydroxy-7′-multijuguinone', 'Kaempferitrin', 'Nitensidine C', 'Dipropyl disulphide', '2-methyl-5-[8(Z),11(Z)-pentadecadienyl]resorcinol', 'Methyl 6,7,8-trimethoxydihydrocinnamate', '2-Hexyl-3-methyl-butanodioic acid', 'fraxinellone', 'Dibenzyl tetrasulphide', ""2',5-dihydroxy-3-methoxy-8-dimethylallyl-6, 7-(2' ',2''-dimethylpyrano)-dihydroflavonol"", '2-n-nonyl-4-quinolone', 'Cytochalasin D', 'Isoorientin', 'urauchimycin A', 'Casearin X; (1R*,3S*,5S*,6aR*,7S*,8S*,10R*,10aR*)-1-(Acetyloxy)-3,5,6,6a,7,8,9,10-octahydro-10-hydroxy-7,8-dimethyl-7-[(2Z)-3-methylpenta-2,4-dien-1-yl]naphtho[1,8a-c]furan-3,5-diyl Dibutanoate', ""2-(R)-Methyl-6-(S)-(tetradecyl-13'-one)-3(R)-O-tert-butyldimethylsilyl-piperidine"", '6-[ 8(Z),11(Z) -pentadecadienyl] salicylic acid', '20-hydroxyecdysone; polypodine A', '3-Acetyl aleuritolic acid', 'Alkenoic acid', 'Quercetin 3-O-α-L-rhamnopyranosyl (1→6)-O-[β -D-glucopyranosyl (1→3)-O-α-L-rhamnopyranosyl-(1→2)]-O-β -D-glucopyranosyl', 'Heveaflavone', 'Arboreumine', '3-Oxoursolic acid', 'Casearupestrin B', 'toonacilin', 'Uracil', '1-O-(E)-feruloyl-β-D-glucopyranoside', 'Benzylhydroxymethyl sulphide', '1,6-di-O-caffeoyl-β-D-glucopyranoside', 'n-Propyl gallate', ""3',4',5',5,7,8-hexamethoxyflavone"", 'Isopropyl gallate', '6β-hydroxy-7-epigardoside methyl ester', 'Tetrahydropiperyline, N-[10-(13,14-methylenedioxyphenyl)-pentanoyl]-pyrrolidine', 'Piperovatine', '2,4,6-trimethoxybenzoic acid', '19,20-Epoxycytochalasin C', 'n-Pentyl gallate', 'Orcinol', 'Periconicin B', 'Phomopsilactone', ""(2S)-8-Isopentyl-2-methyl-2-(4'-methylpentyl)chroman-6-carboxylic acid"", '2,2-dimethyl-2H-chromene-6-carboxylic acid', '1,2-dihydro- 3β-hydroxy-7-deacetoxy-7-oxogedunin', 'Photogedunin', 'limonexic acid', 'Pedalitin', 'Di(benzyltrithio) methane', '3,11,12-Trihydroxycadalene', 'Quercetin 3-O-sophoroside', '(3R,4R)-3,4-Dihydro-4,6-dihydroxy-3-methyl-1-oxo-1H-isochromene-5-carboxylic acid', '24-methylene-3,22-dihydroxycholesterol', 'amorphispironone', 'N-1,N-2,N-3-Triisopentenylguanidine', 'Dibenzyl trisulphide', 'Maytenin, Tingenone', 'urauchimycin B', ""2-(2'-O-trans-caffeoyl)-C-β-D-glucopyranosyl-1,3,6,7-tetrahydroxyxanthone"", 'Netzahualcoyene', 'Casearin X Dialdehyde; (2R*,4aS*,5S*,7R*,8R*,8aS*)-4,4a-Diformyl-1,2,4a,5,6,7,8,8a-octahydro-5-hydroxy-7,8-dimethyl-8-[(2Z)-3-methylpenta-2,4-dien-1-yl]naphthalen-2-yl Butanoate', 'polypodine B', ""2-(2'-O-benzoyl)-C-β-D-glucopyranosyl-1,3,6,7-tetrahydroxyxanthone"", 'Isoplumericin', 'α-L-xylopyranosyl-(4""→20)-(3-O-β-D-glucopyranosyl)-1\'-O-E-caffeoyl-β-D-glucopyranoside', '6-[8(Z)-pentadecenyl]salicylic acid', '(2S)-2-methyl-8-(3""-methylbut-2""-enyl)-2-(4\'-methylpent-3\'-enyl)-2H-chromene-6-carboxylic acid', 'Burchellin', '5-[8(Z)-pentadecenyl]resorcinol', 'Luteolin; 2-(3,4-dihydroxyphenyl)-5,7-dihydroxy-4H-chromen-4-one', 'Sinapic acid', '19,20-Epoxycytochalasin Q', '(2S)-Methyl-2-methyl-8-(3""-methylbut-2""-enyl)-2-(4\'-methylpent-3\'-enyl)-2H-chromene-6-carboxylate', 'Casearin T', 'Piperyline, N-[10-(13,14-methylenedioxyphenyl)-7(E),9(E)-pentadienoyl]-pyrrolidine', 'ω-fenil alcanoic acid', '2-butyl-D-fructofuranoside', ""Gaudichaudianic acid; (2S)-2-methyl-2-(4'methyl-3'-pentenyl)-8-(3''-methyl-2-butenyl)- 2H-1-benzopyran-6-carboxylic acid"", '(-)-Hardwickiic acid', ""5-[3''-(β-D-glucopyranosyloxy)propyl]-7-methoxy-2-(3',4'-methylenedioxyphenyl)benzofuran"", '28-O-β-D-glucopyranosyl quinovic acid', '2-Methyl-4-hydroxy-butyl caffeoate', '19,20-Epoxycytochalasin R', 'Muraxanthone', 'Casearupestrin A', '2-oxo-piperol B; (7S*, 8R*, 1R*, 3R*)-3,4,5-trimethoxy-3,7-cyclo-8,1-neolig-8-ene-2,4(3H)-dione', 'taxifolin', ""(2'S)-2-(propan-2'-ol)-5-hydroxy-benzopyran-4-one"", 'Rel-(+)-(7S,9R,10S)-3,9,12-trihydroxycalamenene', 'Casearin S', '11β-acetoxyobacunone', '1-(5,7-dihydroxy-2,2-dimethylchroman- 6-yl)-3-[4-hydroxy-3-(3-methylbut-2-en-1-yl)- phenyl]propan-1-one', 'Casearupestrin D', 'Chaetoglobosin B', 'shidasterone', '5-hydroxymethyl- 2-furancarboxaldehyde; 5-hydroxymethyl-2-furfuraldehyde', 'atalaphyllinine', 'N-[10- (13,14-methylenedioxyphenyl)-7(E)-pentaenoyl]-pyrrolidine', '2-Methyl-5-methoxy-benzopyran-4-one', '3,4-dihydroxybenzoic acid geranyl ester', 'N-[10-(13,14-methylenedioxyphenyl)-7(E),9(Z)-pentadienoyl]-pyrrolidine', 'Gedunin', 'fraxinellonone', 'Dibenzyl sulphide', '(-) Cis-4-hydroxy-6-deoxyscytalone', 'Plumericin', '5-[8(Z),11(Z)-pentadecadienyl]resorcinol', '(-)-Spectalinine', 'Netzahualcoyondiol', 'Piperol B', 'Platydesmine', 'Leiokinine A', 'Cabraleadiol', 'schaftoside', ""(2S)-Methyl-8-isopentyl-2-methyl-2-(4'-methylpentyl)chroman-6-carboxylate"", '3,4,5-Triacetoxybenzoic acid', '1-(5,7-dihydroxy-2,2-dimethylchroman-6-yl)-3-(1,1,4a-trimethyl-2,3,4,4a,9a-hexahydro-1H-xanthen-7-yl)propan-1-one', 'Methyl (E)-6,7,8-trimethoxycinnamate', '3,4,5-Trimethoxyphenyl-1-O-β-D-(5-O-syringoyl)-apiofuranosyl-(1→6)-β-D-glucopyranoside', '6-[8(Z),11(Z),14-pentadecatrienyl]salicylic acid', 'Sorbifolin', '(3R,4R)-4,7-Dihydroxymellein', ""Nitensoside B; Pedalitin 6-O-α-rhamnopyranosyl(1'''→6'')-β-glucopyranoside"", 'Amentoflavone', 'Odoratone', 'Rel-6β-hydroxyzuelanin-2β-benzoate', 'Ethyl 2,4-dihydroxy-5,6-dimethylbenzoate', 'Amentoflavone 7”,4”’-dimethyl ether', ""Nitensoside A; Sorbifolin 6-O-α-rhamnopyranosyl(1'''→6'')-β-glucopyranoside"", 'Casearin O; (1R*,3S*,5S*,6aR*,7R*,8R*,9S*,10S*,10aR*)-1,10-Bis(acetyloxy)-5-methoxy-7,8-dimethyl-7-[(2Z)-3-methylpenta-2,4-dien-1-yl]-3,5,6,6a,7,8,9,10-octahydronaphtho[1,8a-c]furan-3,9-diyl Dibutanoate', 'germacrene D', 'Methyl gallate', '3-O-β-D-quinovopyranosyl cincholic acid', 'Afzelin, 3-O-α-rhamnosyl kaempferol', 'Egonol', '4-Nerolidilcatechol', ""2-(2'-O-transcoumaroyl)-C-β-D-glucopyranosyl-1,3,6,7-tetrahydroxyxanthone"", 'Syringic acid', '(+)-3-O-feruloylcassine', 'Pedalin, pedalitin 6-O-β -glucopyranoside', 'Caseargrewiin F; (1R*,3S*,5S*,6aR*,7S*,8R*,10R*,10aR*)-1,3-Bis(acetyloxy)-3,5,6,6a,7,8,9,10-octahydro-10-hydroxy-7,8-dimethyl-7-[(2Z)-3-methylpenta-2,4-dien-1-yl]naphtho[1,8a-c]furan-5-yl Butanoate', 'Casearin L; (1R*,3S*,5S*,6aR*,7R*,8R*,9S*,10S*,10aR*)-1,10-Bis(acetyloxy)-3,5,6,6a,7,8,9,10-octahydro-9-hydroxy-5-methoxy-7,8-dimethyl-7-[(2Z)-3-methylpenta-2,4-dien-1-yl]naphtho[1,8a-c]-furan-3-yl Butanoate', 'Isobutyl gallate', '7′-multijuguinone', 'Griseofulvin', ""7-Hydroxy-4',6-dimethoxyisoflavone; Afrormosin; Afromosin"", '8-methoxymellein', '6-pentadecylsalicylic acid', 'Methyl-2,2-dimethylchroman-6-carboxylate', ""Myrsinoic acid A, 3-Geranyl-4-hydroxy-5-(3'',3''-dimethylallyl)benzoic acid"", '20α-Hydroxymaytenin; 20-hydroxy-20-epi-tingenone', '(-)-Epigallocatechin-3-O-gallate', 'Casearin D; (1R*,3S*,5S*,6aR*,7R*,8R*,9S*,10S*,10aR*)-1-(Acetyloxy)-3,5,6,6a,7,8,9,10-octahydro-5,10-dihydroxy-7,8-dimethyl-7-[(2Z)-3-methylpenta-2,4-dien-1-yl]naphtho[1,8a-c]furan-3,9-diyl Dibutanoate', 'Rel. (+)-(7S,10S) 3,12-dihydroxycalamenene', 'carlinoside', 'Methyl-8-(ethanoyloxy)-2,2-dimethyl-2H-chromene-6-carboxylate', 'arjunolic acid', 'stachysterone', ""N-[7-(3',4'-methylenedioxyphenyl)-2(Z),4(Z)-heptadienoyl]pyrrolidine"", ""Acteoside; [β-3,4-dihydroxyphenyl)-ethyl]-(3'-O-α-L-rhamnopyranosyl)-(4'-O-cafeoyl)-β-D-glycopyranoside, verbascoside"", 'Homoegonol', '[8]-gingerol', '4-Hydroxymellein', '5-hydroxymellein', 'Picramnioside F', 'Lauryl gallate', 'Syringaldehyde', '22-hydroxytirucalla-7,24-diene-2,3-dione', 'Trans-3’-methylsulphonylallyl trans-cinnamate', '(3-(2-(4-hydroxyphenyl)-2-oxoethyl)-5,6-dihydropyridin- 2(1H)-one)', 'Mangiferin', 'Salacin', 'Viburgenin', ""Pterogynoside; Kaempferol-3-O-(3''-O-4'''-methylgallate-α-L-rhamnoside)"", '24-methylenecycloartan-3b-ol', 'Ixoside', '2β-Hydroxyzuelanin-6β-cinnamate', 'Cognatine', 'Fagaramide', 'Chalepin', 'Chlorogenic acid']]",doi_name
"['10.1016/S0031-9422(98)00249-0', 'Casearin T']","['10.1016/S0031-9422(98)00249-0', ['Teucrein', '11-O-trans-feruloylteucrein', 'Galioside aglicone', 'Apodanthoside', 'Galioside', 'guaiol', 'Hinesol', 'γ-eudesmol', 'α-eudesmol', 'Mycoleptone A', '9-hydroxyeugenin', 'Eugenitin', '6-methoxyeugenin', 'Austdiol', 'Austdiol diacetate', 'Mycoleptone B', 'Mycoleptone A tetraacetate', ""4-Methoxy-3-(3',7'-dimethylocta-2'-E-6'-dienyl)benzoic acid"", 'Methyl-8-hydroxy-2,2-dimethyl-2H-chromene-6-carboxylate', ""3-(3',7 '-dimethyl-2',6 '-octadienyl)-4-methoxy-benzoic acid"", ""2'-hydroxy-3,4,4'-trimethoxy-5',6'-(2'',2''-dimethylpyrano)-chalcone"", ""3',4'-methylenedioxy-5,7-dimethoxyflavone"", ""3',4'-methylenedioxy-5,6,7- trimethoxyflavone"", ""3',4'-methylenedioxy-5,5',6,7-tetramethoxyflavone"", '7-Methoxydiderroside', 'Diderroside', ""6'-Acetyl-β-D-glucopyranosyldiderroside"", 'Secoxyloganin', '(-)-3-O-acetyl-spectaline', 'Nectandrin B', '7-Methyl-sargachromenol; 2,7,8-Trimethyl-2-[(3-E,7-Z)-4,12-dimethyl-8-carboxyl-3,7,11-tridecatrienyl]-3-chromen-6-ol, β-caroteno', 'Verrucosin', 'Epi-guaiacin', '5,7-dimethoxy-2,2-dimethyl-2H-1-benzopyran-6-propanoate', 'cyclo (L)-Pro-Gly', 'Xanthyletin', 'Chlorogenic acid methyl ester, Methyl (1S,3R,4R,5R)-3-{[(2E)-3-(3,4-dihydroxyphenyl)-2-propenoyl]oxy}-1,4,5-trihydroxycyclohexanecarboxylate', 'Isopimpinellin', '8,9-dihydropiplartine; N-(12,13,14-trimethoxydihydrocinnamoyl)-Δ3-pyridin-2-one', '4,5-dihydropiperlonguminine; Piperlonguminine', '4,5-dihydropiperyline', '(Z)-piplartine; 8(Z)-N-(12,13, 14-trimethoxycinnamoyl)- 3-pyridin-2-one', ""N-[3-(6'-methoxy-3',4'-methy-lenedioxyphenyl)-2(Z)-propenoyl]pyrrolidine"", '10,11-dihydropiperine; Δα,β-dihydropiperine', '(E)-piplartine', 'Piperine', 'Pellitorine', '(3Z,5Z)-N-isobutyl-8-(30,40-methylenedioxy-phenyl)-heptadienamide', '3,21-Di-epi-feroniellide B', '21β,25-dimethylmelianodiol', '21α,25-dimethylmelianodiol', ""Rel-(7R,8S,7'S,8'S)-4,5,4',5'-dimethylenedioxy-3,3'-dimethoxy-7,7'-epoxylignan"", ""Rel-(7R,8S,7'S,8'S)-4-hydroxy-4',5'-methylenedioxy-3,5,3'-trimethoxy-7,7'-epoxylignan"", ""Rel-(7R,8S,7'S,8'S)-4'-hydroxy-3,4,5,3',5'-pentamethoxy-7,7'-epoxylignan"", ""Rel-(7R,8S,7'S,8'S)-9-hydroxy-4',5'-methylenedioxy-3,4,5,3'-tetramethoxy-7,7'-epoxylignan"", ""Rel-(7R,8S,7'S,8'S)-4',5'-methylenedioxy-3,4,5,3'-tetramethoxy-7,7'-epoxylignan"", 'Glycocitrine-I', 'Citrusinine-I', '3,4-dihydro-3,5,8-trihydroxy-6-methoxy-2,2,7-trimethyl-2Hpyrano[ 2,3-a]acridin-12(7H)-one', 'Pyranofoline', '1,3,5-trihydroxy-4-methoxy-10-methyl- 2,8-bis(3-methylbut-2-enyl)acridin-9(10H)-one', '1,3,5-trihydroxy- 2,8-bis(3-methylbut-2-enyl)-10-methyl-9-acridone', '5-hydroxynoracronycine; Atalaphyllidine', 'Citrusinine-II', 'Glycocitrine-IV', 'Ferulic acid', 'β-Gardiol', 'α-Gardiol', 'bis-5-hydroxyacronycine', '2,3-dihydro-4,9-dihydroxy-2-(2-hydroxy-propan-2-yl)- 11-methoxy-10-methylfuro[3,2-b]acridin-5(10H)-one', 'Citibrasine', 'Quercetin-3-O-α-L-rhamnopyranosyl-(1→6)-β-D-galactopyranoside', 'Kaempferol-3-O-α-L-rhamnopyranosyl-(1→6)-β-D-galactopyranoside', '6-Hydroxy-rutin', 'Kaempferol-3-O-D-glucopyranoside', 'Kaempferol-3-O-α-L-rhamnopyranosyl-(1-6)-α-L-rhamnopyranosyl-(1-4)-β-D-glucopyranoside', 'Procyanidin B-3', 'Kaempferol-3-O-D-galactopyranoside', 'Catechin, Ent-catechin', 'Kaempferol-3-O-rutinoside', 'penduletin 4-O-methyl ether', '2α,3α,19α- trihydroxyurs-12-en-28-oic acid', '3,3-O-dimethylquercetin', '2α,3α-dihydroxyolean-12- en-28-oic acid', '3-O-methylquercetin', '3,7,4-O-trimethylkaempferol', 'acacetin', 'Chrysoeriol', 'p-hydroxybenzoic acid', 'Fasciculiferin', '19´-(3,4-Methylenedioxyphenyl)-nonadecanoic acid', '21´-(3,4-Methylenedioxyphenyl)-henicosanoic acid', 'Sargachromenol', 'Sargaquinoic acid', ""Juruenolic acid; 2-(4'-Methylpentenyl-3)-10-oxoundecan-2,6-dienoic acid"", 'Tithonine', ""7,4'-Dimethoxyflavone"", '(+)-Guaiacin', ""7,4'-Dihydroxyflavone"", 'Farnisine', '17-(3,4-Methylenedioxyphenyl)-heptadecanoic acid', '2-n-Propylquinoline', ""2-(1'-pentenyl)-Quinoline"", '2-n-Pentylquinoline', ""2-(3',4'-methylenedioxyphenylethyl)-Quinoline"", 'cryptomeridiol', 'Iso-odoratol', 'Oleanonic acid', 'Piscidinol A', 'Pentaol', '3,11-dioxoolean-12-en-28- onic acid', 'Nilocetin', 'Hispidol A', 'Stearic acid 4-pentoyloxyphenethyl ester', ""Hostmaniene; 4-Hydroxy-3-(2',3'-dihydroxy-3'-methylbutyl)benzoate"", 'Piperaduncine B', ""4-Hydroxy-3-(3',7'-dimethylocta-2'-E-6'-dienyl)benzoic acid"", '3,4,5-Trimethoxydihydrocinnamic acid', 'Methyl 2,2-dimethyl-1-oxo-2H-1-benzopyran-6-carboxylate', ""Methyl 4-hydroxy-3-(3'-methyl-2'-butenyl)benzoate"", ""Methyl taboganate; Methyl 4-hydroxy-3-(3'-methyl-1'-oxo-2'-butenyl)benzoate"", ""2',6'-Dihydroxy-4'-methoxydihydrochalcone"", ""Aduncumene; Methyl 2-methoxy-5-(3'-methyl-1'-oxo-2'-butenyl)benzoate"", ""4-Hydroxy-(3',7'-dimethyl-1'-oxo-octa-2'-Z-6'-dienyl)benzoic acid"", ""Methyl 4-hydroxy-3-(3'-methyl-2'-hydroxy-3'-butenyl)benzoate"", 'Anhydrofusarubin', 'Beauvericin', 'Taraxerol acetate', ""4-Hydroxy-3-(3',7'-dimethyl-3'-hydroxy-1'-oxo-6'-octenyl)benzoic acid"", ""4-Hydroxy-(3',7'-dimethyl-1'-oxo-octa-2'-E-6'-dienyl)benzoic acid"", ""1,4-Dihydroxy-2-(3',7'-dimethyl-1'-oxo-2'-E-6'-octadienyl)benzene"", ""Sakuranetin; 5,4'-dihydroxy-7-methoxyflavanone"", ""Isosakuranetin; 5,7-dihydroxy-4'-methoxyflavanone"", '5,7-dimethoxy-2,2-dimethyl-2H-1-benzopyran-6-propanoic acid', 'Aphidicolin', 'Methyl (3R,4R,5R)-3-{[(2Z)-3-(3,4-dihydroxyphenyl)-2-propenoyl]oxy}-1,4,5-trihydroxycyclohexanecarboxylate', 'Methyl (3R,4R,5R)-3-{[(2E)-3-(3,4-dihydroxyphenyl)-2-propenoyl]oxy}-1,4,5-trihydroxycyclohexanecarboxylate', 'Clusifoliol', ""Isoswertisin-4'-methyl-ether-2''α-L-rhamnoside"", '2-Episesalatin', ""Isoswertisin-2''α1-L-rhamnoside"", 'Sesartemin', 'astilbin; Rel-(2R, 3R)-dihydroquercetin-3-O-±-L-rhamnoside', '1-methoxy-3-hydroxy-3,10b-4,5a-diepoxy-8b-isobutyroyloxygermacr-11(13)-en-6a,12-olide', 'Tagitinin C', '(+)-α-Hydroxyerysotrine', '(+)-11α-Hydroxyerythravine', '(+)-Erythravine', ""3,5,6,7,3',4',5'-heptamethoxyflavonol"", ""3',4',5',3,5,7,8-heptamethoxyflavone"", 'Ergosterol peroxide', '(22E,24R)-ergosta-4,6,8(14),22-tetraen-3-one', '8-hydroxy-6-methoxy-3-methylisocoumarin', 'Dimethyl terephthalate', 'Pimara-7,15-dien-3β-ol', 'Nitensidine D', 'Nitensidine E', 'Methacrylic acid', 'β-caryophyllene, trans-caryophyllene', ""3,4-dimethyl-2-(4'-hydroxy-3',5'-dimethoxyphenyl)-5-methoxy-tetrahydrofuran"", 'Cordifoline', '3,4-dehydrostrictosidine acid', '3,4-dehydro-strictosidine', 'Strictosidine acid', 'Harman-3-carboxylic acid', 'Turbinatine', '5α-carboxystrictosidine', 'Deoxycordifoline', '4-metoxi-6-[2-(metilamino)fenil]- 2H-piran-2-ona', 'Cusculine; 1,2,3,5,6-pentamethoxy-9-acridone', 'Cuspanine; 1-hydroxy-2,3,5,6-tetramethoxy-9-acridone', '2α,3α-Dihydroxy-urs-12-en-28-oic acid', 'Oleanolic acid 3-sophoroside', '3-O-β-D-(6’-methyl)-glucopyranosyl-28-O-β-D-glucopyranosyl-oleanate', 'Haplotusine', '5-hydroxyflavone', 'β-Sitosterol benzoate', '2-phenyl-4H-chromen-4-one', 'Sinapyl 4-O-β-D-glucopyranoside aldehyde', 'Sinapyl 4-O-β-D-glucopyranoside alcohol', 'Liriodenine', 'N-acetylnonaine', '[10]-gingerol', ""2,4-Dihydroxy-6-[(1'E,3'E)-penta-1', 3'-dienyl]-benzaldehyde"", 'Nitensidine A', '2-methyl-5-[8(Z)-pentadecenyl]resorcinol', '2-hydroxyphenylacetic acid', '3-O-β-D-quinovopyranosyl quinovic acid', 'Kaempferol', 'scillascillin', 'Kokusaginine', ""2-(2'-O-trans-caffeoyl)-C-β-D-glucopyranosyl-1,3,6,7-tetrahydroxyxanthone"", 'Netzahualcoyene', 'Casearin X Dialdehyde; (2R*,4aS*,5S*,7R*,8R*,8aS*)-4,4a-Diformyl-1,2,4a,5,6,7,8,8a-octahydro-5-hydroxy-7,8-dimethyl-8-[(2Z)-3-methylpenta-2,4-dien-1-yl]naphthalen-2-yl Butanoate', 'polypodine B', 'n-Propyl gallate', ""3',4',5',5,7,8-hexamethoxyflavone"", 'Isopropyl gallate', ""8-hydroxy-3,5,7,3',4',5'-hexamethoxyflavonol"", 'Odoratol', 'Leptomerine', '5-hydroxy-N-methylseverifoline', '19,20-Epoxycytochalasin N', 'ellagic acid 4-O-α-L-rhamnopyranoside; eschweilenol C', 'Mayoside C', 'Ourateacatechin', ""3',4',5',5,7-pentamethoxyflavone"", '2-methyl-5-pentadecylresorcinol', '3β-hydroxy-stigmast-5-en-7-one; 24-β-7-oxositosterol', ""7-Hydroxy-4',6-dimethoxyisoflavone; Afrormosin; Afromosin"", '8-methoxymellein', '(±)-Syringaresinol', 'Cyclo-(L-Pro-L-Val)', 'Acetonide of odoratol', 'fraxinellonone', 'Dibenzyl sulphide', ""Methyl-2,2-dimethyl-8-(3'-methylbut-2'-enyl)chroman-6-carboxylate"", '2,7-Di-O-acetylcasearupestrin A', 'Nitensidine B', '1-methyl-2-n-nonyl-4-quinolone', '5-[8(Z),11(Z),14-pentadecatrienyl]resorcinol', 'Piperol B', '(-)-Hardwickiic acid', ""5-[3''-(β-D-glucopyranosyloxy)propyl]-7-methoxy-2-(3',4'-methylenedioxyphenyl)benzofuran"", '28-O-β-D-glucopyranosyl quinovic acid', '2-Methyl-4-hydroxy-butyl caffeoate', 'N-1,N-2,N-3-Triisopentenylguanidine', 'Dibenzyl trisulphide', 'Maytenin, Tingenone', '(4R)-4,8-dihydroxy-α-tetralone', 'Isoorientin', 'Uracil', 'urauchimycin A', 'Maculosidine', 'Podocarpusflavone A', 'Casearupestrin C', '6α-malonyloxy-n-butyl ester manoyl oxide', 'citrusinine-I', 'Ricinine', 'Leptophyllin A', '5-pentadecylresorcinol', 'urauchimycin B', 'Homoegonol', '[8]-gingerol', '4-Hydroxymellein', '5-hydroxymellein', 'β-photogedunin', 'n-Butyl gallate', ""5-[3''-(β-D-glucopyranosyloxy)propyl]-7-methoxy-2-(3',4'-dimethoxyphenyl)benzofuran"", '3,12-Dihydroxycadalene', '(-) Cis-4-hydroxy-6-deoxyscytalone', 'Plumericin', '5-[8(Z),11(Z)-pentadecadienyl]resorcinol', '(-)-Spectalinine', '19,20-Epoxycytochalasin D', 'fumiquinozoline F', 'Kaempferol 3-O-α-L-rhamnopyranosyl (1→6)-O-[β -D-glucopyranosyl (1→3)-O-α-L-rhamnopyranosyl-(1→2)]-O-β -D-glucopyranosyl', '3β-O-[α-L-rhamnopyranosyl-(1→2)-O-β-D-glucopyranosyl-(1→2)-O-β-D-glucopyranosyl]-28-O-β-D-glucopyranoside pomolate', 'Dibenzyl tetrasulphide', ""2',5-dihydroxy-3-methoxy-8-dimethylallyl-6, 7-(2' ',2''-dimethylpyrano)-dihydroflavonol"", '2-n-nonyl-4-quinolone', 'Cytochalasin D', 'Ocotillone', 'des-N-methylnoracronycine', 'Sorbifolin 6-O-β-glucopyranoside', 'Rel-2α-hydroxyzuelanin-6β-benzoate', '2,6-di-O-acetylcasearupestrin D', 'p-Coumaric acid', '(-)-Epigallocatechin', 'Netzahualcoyonol', '1-[3-(3,7-dimethylocta-2,6-dien-1-yl)-2,4,6- trihydroxyphenyl]-3-(4-hydroxyphenyl)propan-1-one', '6α-malonyloxymanoyl oxide', 'Benzylhydroxymethyl sulphide', '1,6-di-O-caffeoyl-β-D-glucopyranoside', '2-methyl-5-[8(Z),11(Z),14-pentadecatrienyl]resorcinol', 'Netzahualcoyondiol', 'Pristimerin; 20α-3-hydroxy-2-oxo-24-nor-friedela-1-10,3,5,7-tetraen-carboxylic acid-29-methylester', '3,4,5-trimethoxyphenyl 1-O-β-D-apiofuranosyl-(1→6)-O-β-D-glucopyranoside', 'Arboreumine', '3-Oxoursolic acid', 'Casearupestrin B', 'toonacilin', 'Pedalitin', '1-O-(E)-feruloyl-β-D-glucopyranoside', '19,20-Epoxycytochalasin C', 'Caseobliquin A', 'Methyl angolensate', ""5-(3'' -Hydroxypropyl)-7-methoxy-2-(3',4' -methyl-enedioxyphenyl)benzofuran"", '22β-hydroxypristimerin', '1- (5,7-dihydroxy-2,2-dimethylchroman-6-yl)-3-(2,2-dimethylchroman- 6-yl)propan-1-one', 'Canavaline', 'Di-hydrodehydrodiconiferyl alcohol', 'Quercetin', ""2-(2'-O-trans-cinnamoyl)-C-β-D-glucopyranosyl-1,3,6,7-tetrahydroxyxanthone"", '1,2-dihydro- 3β-hydroxy-7-deacetoxy-7-oxogedunin', 'Photogedunin', 'Casearin X; (1R*,3S*,5S*,6aR*,7S*,8S*,10R*,10aR*)-1-(Acetyloxy)-3,5,6,6a,7,8,9,10-octahydro-10-hydroxy-7,8-dimethyl-7-[(2Z)-3-methylpenta-2,4-dien-1-yl]naphtho[1,8a-c]furan-3,5-diyl Dibutanoate', 'Skimmianine', 'p-hydroxybenzoic acid-geranyl ester', 'Dibenzyl disulphide', 'Proanthocyanidin', 'neoisoastilbin', '7-hydroxy-3- (11-dimethylallyl)-8-methoxycoumarin', ""N-[7-(3',4'-methylenedioxyphenyl)-2(Z),4(Z)-heptadienoyl]pyrrolidine"", ""Acteoside; [β-3,4-dihydroxyphenyl)-ethyl]-(3'-O-α-L-rhamnopyranosyl)-(4'-O-cafeoyl)-β-D-glycopyranoside, verbascoside"", '20-hydroxyecdysone; polypodine A', '3-Acetyl aleuritolic acid', 'Alkenoic acid', 'Quercetin 3-O-α-L-rhamnopyranosyl (1→6)-O-[β -D-glucopyranosyl (1→3)-O-α-L-rhamnopyranosyl-(1→2)]-O-β -D-glucopyranosyl', 'Heveaflavone', 'α-L-xylopyranosyl-(4""→20)-(3-O-β-D-glucopyranosyl)-1\'-O-E-caffeoyl-β-D-glucopyranoside', ""2-(R)-Methyl-6-(S)-(tetradecyl-13'-one)-3(R)-O-tert-butyldimethylsilyl-piperidine"", '(2S)-Methyl-2-methyl-8-(3""-methylbut-2""-enyl)-2-(4\'-methylpent-3\'-enyl)-2H-chromene-6-carboxylate', 'Casearin T', 'Piperyline, N-[10-(13,14-methylenedioxyphenyl)-7(E),9(E)-pentadienoyl]-pyrrolidine', 'ω-fenil alcanoic acid', '2-butyl-D-fructofuranoside', ""Gaudichaudianic acid; (2S)-2-methyl-2-(4'methyl-3'-pentenyl)-8-(3''-methyl-2-butenyl)- 2H-1-benzopyran-6-carboxylic acid"", 'limonexic acid', 'Di(benzyltrithio) methane', 'n-Pentyl gallate', 'Orcinol', 'Periconicin B', 'Phomopsilactone', ""(2S)-8-Isopentyl-2-methyl-2-(4'-methylpentyl)chroman-6-carboxylic acid"", '2,2-dimethyl-2H-chromene-6-carboxylic acid', '(3R,4R)-3,4-Dihydro-4,6-dihydroxy-3-methyl-1-oxo-1H-isochromene-5-carboxylic acid', '24-methylene-3,22-dihydroxycholesterol', 'amorphispironone', 'Casearupestrin D', 'Chaetoglobosin B', ""2-(2'-O-benzoyl)-C-β-D-glucopyranosyl-1,3,6,7-tetrahydroxyxanthone"", 'Isoplumericin', 'N-[10-(13,14-methylenedioxyphenyl)-7(E),9(Z)-pentadienoyl]-pyrrolidine', '6-[8(Z)-pentadecenyl]salicylic acid', '(2S)-2-methyl-8-(3""-methylbut-2""-enyl)-2-(4\'-methylpent-3\'-enyl)-2H-chromene-6-carboxylic acid', 'Burchellin', '5-[8(Z)-pentadecenyl]resorcinol', 'Luteolin; 2-(3,4-dihydroxyphenyl)-5,7-dihydroxy-4H-chromen-4-one', '(R)-7-Hydroxymellein', '6α-acetoxymanoyl oxide', 'Methyl-8-hydroxy-2,2-dimethylchroman-6-carboxylate', 'Sinapic acid', '19,20-Epoxycytochalasin Q', '19,20-Epoxycytochalasin R', 'Muraxanthone', '6α-acetoxy-14β,15β-epoxyazadirone', 'epoxy-fraxinellone', '12′-hydroxy-7′-multijuguinone', 'Kaempferitrin', 'Nitensidine C', 'Dipropyl disulphide', '2-methyl-5-[8(Z),11(Z)-pentadecadienyl]resorcinol', 'Methyl 6,7,8-trimethoxydihydrocinnamate', '2-Hexyl-3-methyl-butanodioic acid', 'fraxinellone', '3,11,12-Trihydroxycadalene', 'Quercetin 3-O-sophoroside', '(3R,4R)-4,7-Dihydroxymellein', ""Nitensoside B; Pedalitin 6-O-α-rhamnopyranosyl(1'''→6'')-β-glucopyranoside"", '6-[ 8(Z),11(Z) -pentadecadienyl] salicylic acid', '3,4,5-Triacetoxybenzoic acid', 'Odoratone', 'Rel-6β-hydroxyzuelanin-2β-benzoate', 'shidasterone', '5-hydroxymethyl- 2-furancarboxaldehyde; 5-hydroxymethyl-2-furfuraldehyde', 'atalaphyllinine', 'N-[10- (13,14-methylenedioxyphenyl)-7(E)-pentaenoyl]-pyrrolidine', '2-Methyl-5-methoxy-benzopyran-4-one', '3,4-dihydroxybenzoic acid geranyl ester', 'Gedunin', 'Pedalin, pedalitin 6-O-β -glucopyranoside', 'Caseargrewiin F; (1R*,3S*,5S*,6aR*,7S*,8R*,10R*,10aR*)-1,3-Bis(acetyloxy)-3,5,6,6a,7,8,9,10-octahydro-10-hydroxy-7,8-dimethyl-7-[(2Z)-3-methylpenta-2,4-dien-1-yl]naphtho[1,8a-c]furan-5-yl Butanoate', 'Casearin L; (1R*,3S*,5S*,6aR*,7R*,8R*,9S*,10S*,10aR*)-1,10-Bis(acetyloxy)-3,5,6,6a,7,8,9,10-octahydro-9-hydroxy-5-methoxy-7,8-dimethyl-7-[(2Z)-3-methylpenta-2,4-dien-1-yl]naphtho[1,8a-c]-furan-3-yl Butanoate', 'Methyl (E)-6,7,8-trimethoxycinnamate', '3,4,5-Trimethoxyphenyl-1-O-β-D-(5-O-syringoyl)-apiofuranosyl-(1→6)-β-D-glucopyranoside', '6-[8(Z),11(Z),14-pentadecatrienyl]salicylic acid', 'Platydesmine', 'Leiokinine A', 'Cabraleadiol', 'schaftoside', ""(2S)-Methyl-8-isopentyl-2-methyl-2-(4'-methylpentyl)chroman-6-carboxylate"", 'Casearupestrin A', '2-oxo-piperol B; (7S*, 8R*, 1R*, 3R*)-3,4,5-trimethoxy-3,7-cyclo-8,1-neolig-8-ene-2,4(3H)-dione', 'taxifolin', ""(2'S)-2-(propan-2'-ol)-5-hydroxy-benzopyran-4-one"", 'Rel-(+)-(7S,9R,10S)-3,9,12-trihydroxycalamenene', 'Casearin S', '11β-acetoxyobacunone', '1-(5,7-dihydroxy-2,2-dimethylchroman- 6-yl)-3-[4-hydroxy-3-(3-methylbut-2-en-1-yl)- phenyl]propan-1-one', '(-)-Epigallocatechin-3-O-gallate', 'Casearin D; (1R*,3S*,5S*,6aR*,7R*,8R*,9S*,10S*,10aR*)-1-(Acetyloxy)-3,5,6,6a,7,8,9,10-octahydro-5,10-dihydroxy-7,8-dimethyl-7-[(2Z)-3-methylpenta-2,4-dien-1-yl]naphtho[1,8a-c]furan-3,9-diyl Dibutanoate', 'Rel. (+)-(7S,10S) 3,12-dihydroxycalamenene', 'carlinoside', 'Methyl-8-(ethanoyloxy)-2,2-dimethyl-2H-chromene-6-carboxylate', '2β-Hydroxyzuelanin-6β-cinnamate', 'Methyl gallate', '3-O-β-D-quinovopyranosyl cincholic acid', 'Afzelin, 3-O-α-rhamnosyl kaempferol', 'Egonol', '4-Nerolidilcatechol', ""2-(2'-O-transcoumaroyl)-C-β-D-glucopyranosyl-1,3,6,7-tetrahydroxyxanthone"", 'Syringic acid', '(+)-3-O-feruloylcassine', 'Amentoflavone', '1-(5,7-dihydroxy-2,2-dimethylchroman-6-yl)-3-(1,1,4a-trimethyl-2,3,4,4a,9a-hexahydro-1H-xanthen-7-yl)propan-1-one', '(3-(2-(4-hydroxyphenyl)-2-oxoethyl)-5,6-dihydropyridin- 2(1H)-one)', 'Mangiferin', 'Viburgenin', ""Pterogynoside; Kaempferol-3-O-(3''-O-4'''-methylgallate-α-L-rhamnoside)"", 'Isobutyl gallate', '7′-multijuguinone', 'Griseofulvin', 'Sorbifolin', ""Nitensoside A; Sorbifolin 6-O-α-rhamnopyranosyl(1'''→6'')-β-glucopyranoside"", 'Casearin O; (1R*,3S*,5S*,6aR*,7R*,8R*,9S*,10S*,10aR*)-1,10-Bis(acetyloxy)-5-methoxy-7,8-dimethyl-7-[(2Z)-3-methylpenta-2,4-dien-1-yl]-3,5,6,6a,7,8,9,10-octahydronaphtho[1,8a-c]furan-3,9-diyl Dibutanoate', 'germacrene D', 'Salacin', '6-pentadecylsalicylic acid', 'Methyl-2,2-dimethylchroman-6-carboxylate', ""Myrsinoic acid A, 3-Geranyl-4-hydroxy-5-(3'',3''-dimethylallyl)benzoic acid"", '20α-Hydroxymaytenin; 20-hydroxy-20-epi-tingenone', '6β-hydroxy-7-epigardoside methyl ester', 'Tetrahydropiperyline, N-[10-(13,14-methylenedioxyphenyl)-pentanoyl]-pyrrolidine', 'Piperovatine', '2,4,6-trimethoxybenzoic acid', '1-O-(E)-caffeoyl-β-D-glucopyranoside', 'Gallic acid; 3,4,5-trihydroxybenzoic acid', 'Quercitrin, 3-O-α-rhamnosylquercetin', 'arjunolic acid', 'stachysterone', 'Ethyl 2,4-dihydroxy-5,6-dimethylbenzoate', 'Amentoflavone 7”,4”’-dimethyl ether', 'Picramnioside F', 'Lauryl gallate', 'Syringaldehyde', '22-hydroxytirucalla-7,24-diene-2,3-dione', 'Trans-3’-methylsulphonylallyl trans-cinnamate', '(−)-Grandisin', '24-methylenecycloartan-3b-ol', 'Ixoside', 'Cognatine', 'Fagaramide', 'Chalepin', 'Chlorogenic acid']]",doi_name
"['10.1016/S0031-9422(01)00431-9', 'Methyl 6,7,8-trimethoxydihydrocinnamate']","['10.1016/S0031-9422(01)00431-9', ['guaiol', 'γ-eudesmol', 'Hinesol', 'α-eudesmol', 'Galioside aglicone', '11-O-trans-feruloylteucrein', 'Teucrein', 'Apodanthoside', 'Galioside', '4-metoxi-6-[2-(metilamino)fenil]- 2H-piran-2-ona', ""3,4-dimethyl-2-(4'-hydroxy-3',5'-dimethoxyphenyl)-5-methoxy-tetrahydrofuran"", 'Anhydrofusarubin', 'Beauvericin', '(+)-11α-Hydroxyerythravine', '(+)-Erythravine', '(+)-α-Hydroxyerysotrine', 'Tagitinin C', '1-methoxy-3-hydroxy-3,10b-4,5a-diepoxy-8b-isobutyroyloxygermacr-11(13)-en-6a,12-olide', 'Taraxerol acetate', ""3',4',5',3,5,7,8-heptamethoxyflavone"", ""3,5,6,7,3',4',5'-heptamethoxyflavonol"", 'Chlorogenic acid methyl ester, Methyl (1S,3R,4R,5R)-3-{[(2E)-3-(3,4-dihydroxyphenyl)-2-propenoyl]oxy}-1,4,5-trihydroxycyclohexanecarboxylate', 'Nitensidine D', 'Nitensidine E', 'Kaempferol-3-O-D-galactopyranoside', 'Procyanidin B-3', 'Kaempferol-3-O-α-L-rhamnopyranosyl-(1-6)-α-L-rhamnopyranosyl-(1-4)-β-D-glucopyranoside', 'Kaempferol-3-O-D-glucopyranoside', 'Quercetin-3-O-α-L-rhamnopyranosyl-(1→6)-β-D-galactopyranoside', '6-Hydroxy-rutin', 'Kaempferol-3-O-α-L-rhamnopyranosyl-(1→6)-β-D-galactopyranoside', 'Kaempferol-3-O-rutinoside', 'Catechin, Ent-catechin', 'Methyl (3R,4R,5R)-3-{[(2Z)-3-(3,4-dihydroxyphenyl)-2-propenoyl]oxy}-1,4,5-trihydroxycyclohexanecarboxylate', 'Methyl (3R,4R,5R)-3-{[(2E)-3-(3,4-dihydroxyphenyl)-2-propenoyl]oxy}-1,4,5-trihydroxycyclohexanecarboxylate', '5,7-dimethoxy-2,2-dimethyl-2H-1-benzopyran-6-propanoate', 'Mycoleptone A', '9-hydroxyeugenin', 'Austdiol diacetate', 'Mycoleptone B', 'Austdiol', 'Eugenitin', 'Mycoleptone A tetraacetate', '6-methoxyeugenin', '(-)-3-O-acetyl-spectaline', '2α,3α,19α- trihydroxyurs-12-en-28-oic acid', '3,3-O-dimethylquercetin', 'penduletin 4-O-methyl ether', 'p-hydroxybenzoic acid', 'Chrysoeriol', 'acacetin', '3-O-methylquercetin', '3,7,4-O-trimethylkaempferol', '2α,3α-dihydroxyolean-12- en-28-oic acid', 'Deoxycordifoline', 'Turbinatine', '5α-carboxystrictosidine', 'Harman-3-carboxylic acid', 'Cordifoline', 'Strictosidine acid', '3,4-dehydrostrictosidine acid', '3,4-dehydro-strictosidine', 'astilbin; Rel-(2R, 3R)-dihydroquercetin-3-O-±-L-rhamnoside', 'Pimara-7,15-dien-3β-ol', 'Ergosterol peroxide', '(22E,24R)-ergosta-4,6,8(14),22-tetraen-3-one', 'Dimethyl terephthalate', '8-hydroxy-6-methoxy-3-methylisocoumarin', ""4-Hydroxy-3-(3',7'-dimethyl-3'-hydroxy-1'-oxo-6'-octenyl)benzoic acid"", ""Isosakuranetin; 5,7-dihydroxy-4'-methoxyflavanone"", ""Sakuranetin; 5,4'-dihydroxy-7-methoxyflavanone"", ""4-Hydroxy-(3',7'-dimethyl-1'-oxo-octa-2'-E-6'-dienyl)benzoic acid"", ""1,4-Dihydroxy-2-(3',7'-dimethyl-1'-oxo-2'-E-6'-octadienyl)benzene"", '5,7-dimethoxy-2,2-dimethyl-2H-1-benzopyran-6-propanoic acid', '17-(3,4-Methylenedioxyphenyl)-heptadecanoic acid', 'Farnisine', 'Sargaquinoic acid', 'Sargachromenol', '19´-(3,4-Methylenedioxyphenyl)-nonadecanoic acid', ""7,4'-Dihydroxyflavone"", '21´-(3,4-Methylenedioxyphenyl)-henicosanoic acid', '(+)-Guaiacin', ""7,4'-Dimethoxyflavone"", 'Fasciculiferin', 'Tithonine', ""Juruenolic acid; 2-(4'-Methylpentenyl-3)-10-oxoundecan-2,6-dienoic acid"", ""Isoswertisin-4'-methyl-ether-2''α-L-rhamnoside"", 'Clusifoliol', ""Isoswertisin-2''α1-L-rhamnoside"", '2-Episesalatin', 'Sesartemin', '2-n-Propylquinoline', ""2-(3',4'-methylenedioxyphenylethyl)-Quinoline"", ""2-(1'-pentenyl)-Quinoline"", '2-n-Pentylquinoline', ""3',4'-methylenedioxy-5,6,7- trimethoxyflavone"", ""3',4'-methylenedioxy-5,5',6,7-tetramethoxyflavone"", ""2'-hydroxy-3,4,4'-trimethoxy-5',6'-(2'',2''-dimethylpyrano)-chalcone"", ""3',4'-methylenedioxy-5,7-dimethoxyflavone"", '3,21-Di-epi-feroniellide B', '21β,25-dimethylmelianodiol', '21α,25-dimethylmelianodiol', 'Aphidicolin', 'Nilocetin', 'Hispidol A', '3,11-dioxoolean-12-en-28- onic acid', 'Iso-odoratol', 'Pentaol', 'Oleanonic acid', 'cryptomeridiol', 'Piscidinol A', ""Methyl 4-hydroxy-3-(3'-methyl-2'-butenyl)benzoate"", '3,4,5-Trimethoxydihydrocinnamic acid', ""Methyl taboganate; Methyl 4-hydroxy-3-(3'-methyl-1'-oxo-2'-butenyl)benzoate"", ""2',6'-Dihydroxy-4'-methoxydihydrochalcone"", 'Methyl 2,2-dimethyl-1-oxo-2H-1-benzopyran-6-carboxylate', 'Piperaduncine B', ""Hostmaniene; 4-Hydroxy-3-(2',3'-dihydroxy-3'-methylbutyl)benzoate"", ""4-Hydroxy-3-(3',7'-dimethylocta-2'-E-6'-dienyl)benzoic acid"", ""4-Hydroxy-(3',7'-dimethyl-1'-oxo-octa-2'-Z-6'-dienyl)benzoic acid"", ""Aduncumene; Methyl 2-methoxy-5-(3'-methyl-1'-oxo-2'-butenyl)benzoate"", ""Methyl 4-hydroxy-3-(3'-methyl-2'-hydroxy-3'-butenyl)benzoate"", '7-Methoxydiderroside', 'Diderroside', ""6'-Acetyl-β-D-glucopyranosyldiderroside"", 'Secoxyloganin', '2,3-dihydro-4,9-dihydroxy-2-(2-hydroxy-propan-2-yl)- 11-methoxy-10-methylfuro[3,2-b]acridin-5(10H)-one', 'bis-5-hydroxyacronycine', 'Citibrasine', ""Rel-(7R,8S,7'S,8'S)-4'-hydroxy-3,4,5,3',5'-pentamethoxy-7,7'-epoxylignan"", ""Rel-(7R,8S,7'S,8'S)-4,5,4',5'-dimethylenedioxy-3,3'-dimethoxy-7,7'-epoxylignan"", ""Rel-(7R,8S,7'S,8'S)-4-hydroxy-4',5'-methylenedioxy-3,5,3'-trimethoxy-7,7'-epoxylignan"", ""Rel-(7R,8S,7'S,8'S)-4',5'-methylenedioxy-3,4,5,3'-tetramethoxy-7,7'-epoxylignan"", ""Rel-(7R,8S,7'S,8'S)-9-hydroxy-4',5'-methylenedioxy-3,4,5,3'-tetramethoxy-7,7'-epoxylignan"", '3,4-dihydro-3,5,8-trihydroxy-6-methoxy-2,2,7-trimethyl-2Hpyrano[ 2,3-a]acridin-12(7H)-one', '1,3,5-trihydroxy- 2,8-bis(3-methylbut-2-enyl)-10-methyl-9-acridone', 'Pyranofoline', '5-hydroxynoracronycine; Atalaphyllidine', 'Glycocitrine-IV', 'Citrusinine-I', 'Glycocitrine-I', 'Citrusinine-II', '1,3,5-trihydroxy-4-methoxy-10-methyl- 2,8-bis(3-methylbut-2-enyl)acridin-9(10H)-one', 'Stearic acid 4-pentoyloxyphenethyl ester', 'Verrucosin', 'Epi-guaiacin', 'Nectandrin B', '7-Methyl-sargachromenol; 2,7,8-Trimethyl-2-[(3-E,7-Z)-4,12-dimethyl-8-carboxyl-3,7,11-tridecatrienyl]-3-chromen-6-ol, β-caroteno', 'α-Gardiol', 'β-Gardiol', 'Ferulic acid', 'Methacrylic acid', 'Xanthyletin', 'Pellitorine', '(3Z,5Z)-N-isobutyl-8-(30,40-methylenedioxy-phenyl)-heptadienamide', '(Z)-piplartine; 8(Z)-N-(12,13, 14-trimethoxycinnamoyl)- 3-pyridin-2-one', ""N-[3-(6'-methoxy-3',4'-methy-lenedioxyphenyl)-2(Z)-propenoyl]pyrrolidine"", '4,5-dihydropiperyline', 'Piperine', '4,5-dihydropiperlonguminine; Piperlonguminine', '(E)-piplartine', '10,11-dihydropiperine; Δα,β-dihydropiperine', '8,9-dihydropiplartine; N-(12,13,14-trimethoxydihydrocinnamoyl)-Δ3-pyridin-2-one', ""4-Methoxy-3-(3',7'-dimethylocta-2'-E-6'-dienyl)benzoic acid"", 'Methyl-8-hydroxy-2,2-dimethyl-2H-chromene-6-carboxylate', ""3-(3',7 '-dimethyl-2',6 '-octadienyl)-4-methoxy-benzoic acid"", 'cyclo (L)-Pro-Gly', 'Isopimpinellin', 'β-caryophyllene, trans-caryophyllene', 'Cusculine; 1,2,3,5,6-pentamethoxy-9-acridone', 'Cuspanine; 1-hydroxy-2,3,5,6-tetramethoxy-9-acridone', '2α,3α-Dihydroxy-urs-12-en-28-oic acid', '3-O-β-D-(6’-methyl)-glucopyranosyl-28-O-β-D-glucopyranosyl-oleanate', 'Oleanolic acid 3-sophoroside', 'Haplotusine', '5-hydroxyflavone', 'β-Sitosterol benzoate', '2-phenyl-4H-chromen-4-one', 'Sinapyl 4-O-β-D-glucopyranoside aldehyde', 'N-acetylnonaine', 'Sinapyl 4-O-β-D-glucopyranoside alcohol', 'Liriodenine', '[10]-gingerol', ""2,4-Dihydroxy-6-[(1'E,3'E)-penta-1', 3'-dienyl]-benzaldehyde"", '2-methyl-5-[8(Z)-pentadecenyl]resorcinol', 'Nitensidine A', '2-hydroxyphenylacetic acid', '2-methyl-5-pentadecylresorcinol', '3β-hydroxy-stigmast-5-en-7-one; 24-β-7-oxositosterol', 'scillascillin', 'Homoegonol', '[8]-gingerol', '4-Hydroxymellein', '5-hydroxymellein', 'fraxinellonone', 'Dibenzyl sulphide', '(-) Cis-4-hydroxy-6-deoxyscytalone', 'Plumericin', '2,6-di-O-acetylcasearupestrin D', ""Methyl-2,2-dimethyl-8-(3'-methylbut-2'-enyl)chroman-6-carboxylate"", '2,7-Di-O-acetylcasearupestrin A', 'Nitensidine B', '3-O-β-D-quinovopyranosyl quinovic acid', ""8-hydroxy-3,5,7,3',4',5'-hexamethoxyflavonol"", 'Odoratol', 'Leptomerine', '5-hydroxy-N-methylseverifoline', '19,20-Epoxycytochalasin N', 'ellagic acid 4-O-α-L-rhamnopyranoside; eschweilenol C', 'Mayoside C', 'Ourateacatechin', ""3',4',5',5,7-pentamethoxyflavone"", '24-methylenecycloartan-3b-ol', 'Ixoside', '6α-malonyloxy-n-butyl ester manoyl oxide', 'citrusinine-I', 'Ricinine', 'Leptophyllin A', '5-pentadecylresorcinol', '22β-hydroxypristimerin', '1- (5,7-dihydroxy-2,2-dimethylchroman-6-yl)-3-(2,2-dimethylchroman- 6-yl)propan-1-one', 'Canavaline', 'Di-hydrodehydrodiconiferyl alcohol', 'Quercetin', ""2-(2'-O-trans-cinnamoyl)-C-β-D-glucopyranosyl-1,3,6,7-tetrahydroxyxanthone"", 'Kokusaginine', 'Ocotillone', 'des-N-methylnoracronycine', 'Sorbifolin 6-O-β-glucopyranoside', 'Rel-2α-hydroxyzuelanin-6β-benzoate', 'p-hydroxybenzoic acid-geranyl ester', 'Dibenzyl disulphide', 'Proanthocyanidin', 'neoisoastilbin', '(R)-7-Hydroxymellein', '6α-acetoxymanoyl oxide', 'Methyl-8-hydroxy-2,2-dimethylchroman-6-carboxylate', '6α-acetoxy-14β,15β-epoxyazadirone', '19,20-Epoxycytochalasin D', 'fumiquinozoline F', '1-methyl-2-n-nonyl-4-quinolone', '5-[8(Z),11(Z),14-pentadecatrienyl]resorcinol', 'Gallic acid; 3,4,5-trihydroxybenzoic acid', 'Maculosidine', 'Podocarpusflavone A', 'Casearupestrin C', 'urauchimycin A', 'p-Coumaric acid', '(-)-Epigallocatechin', 'Netzahualcoyonol', '1-[3-(3,7-dimethylocta-2,6-dien-1-yl)-2,4,6- trihydroxyphenyl]-3-(4-hydroxyphenyl)propan-1-one', 'Isopropyl gallate', '6β-hydroxy-7-epigardoside methyl ester', 'Tetrahydropiperyline, N-[10-(13,14-methylenedioxyphenyl)-pentanoyl]-pyrrolidine', 'Piperovatine', '2,4,6-trimethoxybenzoic acid', '1-O-(E)-caffeoyl-β-D-glucopyranoside', 'Quercitrin, 3-O-α-rhamnosylquercetin', 'Caseobliquin A', 'Methyl angolensate', ""5-(3'' -Hydroxypropyl)-7-methoxy-2-(3',4' -methyl-enedioxyphenyl)benzofuran"", 'Skimmianine', '2-methyl-5-[8(Z),11(Z),14-pentadecatrienyl]resorcinol', '20-hydroxyecdysone; polypodine A', '3-Acetyl aleuritolic acid', 'Alkenoic acid', 'Quercetin 3-O-α-L-rhamnopyranosyl (1→6)-O-[β -D-glucopyranosyl (1→3)-O-α-L-rhamnopyranosyl-(1→2)]-O-β -D-glucopyranosyl', 'Heveaflavone', 'Arboreumine', '3-Oxoursolic acid', 'Casearupestrin B', 'Kaempferol 3-O-α-L-rhamnopyranosyl (1→6)-O-[β -D-glucopyranosyl (1→3)-O-α-L-rhamnopyranosyl-(1→2)]-O-β -D-glucopyranosyl', '3β-O-[α-L-rhamnopyranosyl-(1→2)-O-β-D-glucopyranosyl-(1→2)-O-β-D-glucopyranosyl]-28-O-β-D-glucopyranoside pomolate', 'Dibenzyl tetrasulphide', ""2',5-dihydroxy-3-methoxy-8-dimethylallyl-6, 7-(2' ',2''-dimethylpyrano)-dihydroflavonol"", '2-n-nonyl-4-quinolone', 'Cytochalasin D', 'Isoorientin', 'toonacilin', 'Uracil', 'epoxy-fraxinellone', '12′-hydroxy-7′-multijuguinone', 'Kaempferitrin', 'Nitensidine C', 'Dipropyl disulphide', '2-methyl-5-[8(Z),11(Z)-pentadecadienyl]resorcinol', 'Methyl 6,7,8-trimethoxydihydrocinnamate', '2-Hexyl-3-methyl-butanodioic acid', 'fraxinellone', '6-[ 8(Z),11(Z) -pentadecadienyl] salicylic acid', '1-O-(E)-feruloyl-β-D-glucopyranoside', '6α-malonyloxymanoyl oxide', 'Benzylhydroxymethyl sulphide', '1,6-di-O-caffeoyl-β-D-glucopyranoside', 'Casearin X; (1R*,3S*,5S*,6aR*,7S*,8S*,10R*,10aR*)-1-(Acetyloxy)-3,5,6,6a,7,8,9,10-octahydro-10-hydroxy-7,8-dimethyl-7-[(2Z)-3-methylpenta-2,4-dien-1-yl]naphtho[1,8a-c]furan-3,5-diyl Dibutanoate', ""2-(R)-Methyl-6-(S)-(tetradecyl-13'-one)-3(R)-O-tert-butyldimethylsilyl-piperidine"", '(2S)-Methyl-2-methyl-8-(3""-methylbut-2""-enyl)-2-(4\'-methylpent-3\'-enyl)-2H-chromene-6-carboxylate', 'Casearin T', '28-O-β-D-glucopyranosyl quinovic acid', '2-Methyl-4-hydroxy-butyl caffeoate', 'N-1,N-2,N-3-Triisopentenylguanidine', 'Dibenzyl trisulphide', 'Maytenin, Tingenone', 'urauchimycin B', ""2-(2'-O-trans-caffeoyl)-C-β-D-glucopyranosyl-1,3,6,7-tetrahydroxyxanthone"", 'Netzahualcoyene', 'Casearin X Dialdehyde; (2R*,4aS*,5S*,7R*,8R*,8aS*)-4,4a-Diformyl-1,2,4a,5,6,7,8,8a-octahydro-5-hydroxy-7,8-dimethyl-8-[(2Z)-3-methylpenta-2,4-dien-1-yl]naphthalen-2-yl Butanoate', 'polypodine B', 'n-Propyl gallate', ""3',4',5',5,7,8-hexamethoxyflavone"", 'Quercetin 3-O-sophoroside', '(3R,4R)-3,4-Dihydro-4,6-dihydroxy-3-methyl-1-oxo-1H-isochromene-5-carboxylic acid', '24-methylene-3,22-dihydroxycholesterol', 'amorphispironone', 'Casearupestrin D', 'Chaetoglobosin B', ""2-(2'-O-benzoyl)-C-β-D-glucopyranosyl-1,3,6,7-tetrahydroxyxanthone"", '19,20-Epoxycytochalasin C', 'n-Pentyl gallate', 'Orcinol', 'Periconicin B', 'Phomopsilactone', ""(2S)-8-Isopentyl-2-methyl-2-(4'-methylpentyl)chroman-6-carboxylic acid"", '2,2-dimethyl-2H-chromene-6-carboxylic acid', '1,2-dihydro- 3β-hydroxy-7-deacetoxy-7-oxogedunin', 'Photogedunin', '(2S)-2-methyl-8-(3""-methylbut-2""-enyl)-2-(4\'-methylpent-3\'-enyl)-2H-chromene-6-carboxylic acid', 'Burchellin', '5-[8(Z)-pentadecenyl]resorcinol', 'Luteolin; 2-(3,4-dihydroxyphenyl)-5,7-dihydroxy-4H-chromen-4-one', 'Sinapic acid', '19,20-Epoxycytochalasin Q', '19,20-Epoxycytochalasin R', 'Muraxanthone', 'Piperyline, N-[10-(13,14-methylenedioxyphenyl)-7(E),9(E)-pentadienoyl]-pyrrolidine', 'ω-fenil alcanoic acid', '2-butyl-D-fructofuranoside', ""Gaudichaudianic acid; (2S)-2-methyl-2-(4'methyl-3'-pentenyl)-8-(3''-methyl-2-butenyl)- 2H-1-benzopyran-6-carboxylic acid"", 'limonexic acid', 'Pedalitin', 'Di(benzyltrithio) methane', '3,11,12-Trihydroxycadalene', 'Casearupestrin A', '2-oxo-piperol B; (7S*, 8R*, 1R*, 3R*)-3,4,5-trimethoxy-3,7-cyclo-8,1-neolig-8-ene-2,4(3H)-dione', 'taxifolin', ""(2'S)-2-(propan-2'-ol)-5-hydroxy-benzopyran-4-one"", 'Rel-(+)-(7S,9R,10S)-3,9,12-trihydroxycalamenene', 'Casearin S', '11β-acetoxyobacunone', '1-(5,7-dihydroxy-2,2-dimethylchroman- 6-yl)-3-[4-hydroxy-3-(3-methylbut-2-en-1-yl)- phenyl]propan-1-one', '(3R,4R)-4,7-Dihydroxymellein', ""Nitensoside B; Pedalitin 6-O-α-rhamnopyranosyl(1'''→6'')-β-glucopyranoside"", 'Amentoflavone', 'Odoratone', 'Rel-6β-hydroxyzuelanin-2β-benzoate', 'Isoplumericin', 'α-L-xylopyranosyl-(4""→20)-(3-O-β-D-glucopyranosyl)-1\'-O-E-caffeoyl-β-D-glucopyranoside', '6-[8(Z)-pentadecenyl]salicylic acid', 'Pedalin, pedalitin 6-O-β -glucopyranoside', 'Caseargrewiin F; (1R*,3S*,5S*,6aR*,7S*,8R*,10R*,10aR*)-1,3-Bis(acetyloxy)-3,5,6,6a,7,8,9,10-octahydro-10-hydroxy-7,8-dimethyl-7-[(2Z)-3-methylpenta-2,4-dien-1-yl]naphtho[1,8a-c]furan-5-yl Butanoate', 'Casearin L; (1R*,3S*,5S*,6aR*,7R*,8R*,9S*,10S*,10aR*)-1,10-Bis(acetyloxy)-3,5,6,6a,7,8,9,10-octahydro-9-hydroxy-5-methoxy-7,8-dimethyl-7-[(2Z)-3-methylpenta-2,4-dien-1-yl]naphtho[1,8a-c]-furan-3-yl Butanoate', 'Netzahualcoyondiol', 'Pristimerin; 20α-3-hydroxy-2-oxo-24-nor-friedela-1-10,3,5,7-tetraen-carboxylic acid-29-methylester', '3,4,5-trimethoxyphenyl 1-O-β-D-apiofuranosyl-(1→6)-O-β-D-glucopyranoside', 'β-photogedunin', 'n-Butyl gallate', ""5-[3''-(β-D-glucopyranosyloxy)propyl]-7-methoxy-2-(3',4'-dimethoxyphenyl)benzofuran"", '3,12-Dihydroxycadalene', '7-hydroxy-3- (11-dimethylallyl)-8-methoxycoumarin', ""N-[7-(3',4'-methylenedioxyphenyl)-2(Z),4(Z)-heptadienoyl]pyrrolidine"", ""Acteoside; [β-3,4-dihydroxyphenyl)-ethyl]-(3'-O-α-L-rhamnopyranosyl)-(4'-O-cafeoyl)-β-D-glycopyranoside, verbascoside"", 'Piperol B', '(-)-Hardwickiic acid', ""5-[3''-(β-D-glucopyranosyloxy)propyl]-7-methoxy-2-(3',4'-methylenedioxyphenyl)benzofuran"", '3,4,5-Triacetoxybenzoic acid', '1-(5,7-dihydroxy-2,2-dimethylchroman-6-yl)-3-(1,1,4a-trimethyl-2,3,4,4a,9a-hexahydro-1H-xanthen-7-yl)propan-1-one', 'Methyl (E)-6,7,8-trimethoxycinnamate', '3,4,5-Trimethoxyphenyl-1-O-β-D-(5-O-syringoyl)-apiofuranosyl-(1→6)-β-D-glucopyranoside', '6-[8(Z),11(Z),14-pentadecatrienyl]salicylic acid', 'Sorbifolin', ""Nitensoside A; Sorbifolin 6-O-α-rhamnopyranosyl(1'''→6'')-β-glucopyranoside"", 'Casearin O; (1R*,3S*,5S*,6aR*,7R*,8R*,9S*,10S*,10aR*)-1,10-Bis(acetyloxy)-5-methoxy-7,8-dimethyl-7-[(2Z)-3-methylpenta-2,4-dien-1-yl]-3,5,6,6a,7,8,9,10-octahydronaphtho[1,8a-c]furan-3,9-diyl Dibutanoate', 'shidasterone', '5-hydroxymethyl- 2-furancarboxaldehyde; 5-hydroxymethyl-2-furfuraldehyde', 'atalaphyllinine', 'N-[10- (13,14-methylenedioxyphenyl)-7(E)-pentaenoyl]-pyrrolidine', '2-Methyl-5-methoxy-benzopyran-4-one', '3,4-dihydroxybenzoic acid geranyl ester', 'N-[10-(13,14-methylenedioxyphenyl)-7(E),9(Z)-pentadienoyl]-pyrrolidine', 'Gedunin', '3-O-β-D-quinovopyranosyl cincholic acid', 'Afzelin, 3-O-α-rhamnosyl kaempferol', 'Egonol', '4-Nerolidilcatechol', ""2-(2'-O-transcoumaroyl)-C-β-D-glucopyranosyl-1,3,6,7-tetrahydroxyxanthone"", 'Syringic acid', '(+)-3-O-feruloylcassine', '6-pentadecylsalicylic acid', 'Methyl-2,2-dimethylchroman-6-carboxylate', ""Myrsinoic acid A, 3-Geranyl-4-hydroxy-5-(3'',3''-dimethylallyl)benzoic acid"", '20α-Hydroxymaytenin; 20-hydroxy-20-epi-tingenone', 'Platydesmine', 'Leiokinine A', 'Cabraleadiol', 'schaftoside', ""(2S)-Methyl-8-isopentyl-2-methyl-2-(4'-methylpentyl)chroman-6-carboxylate"", '(-)-Epigallocatechin-3-O-gallate', 'Casearin D; (1R*,3S*,5S*,6aR*,7R*,8R*,9S*,10S*,10aR*)-1-(Acetyloxy)-3,5,6,6a,7,8,9,10-octahydro-5,10-dihydroxy-7,8-dimethyl-7-[(2Z)-3-methylpenta-2,4-dien-1-yl]naphtho[1,8a-c]furan-3,9-diyl Dibutanoate', 'Rel. (+)-(7S,10S) 3,12-dihydroxycalamenene', 'carlinoside', 'Methyl-8-(ethanoyloxy)-2,2-dimethyl-2H-chromene-6-carboxylate', 'arjunolic acid', 'stachysterone', 'Ethyl 2,4-dihydroxy-5,6-dimethylbenzoate', 'Amentoflavone 7”,4”’-dimethyl ether', 'Picramnioside F', 'Lauryl gallate', 'Syringaldehyde', '22-hydroxytirucalla-7,24-diene-2,3-dione', 'Trans-3’-methylsulphonylallyl trans-cinnamate', 'germacrene D', 'Methyl gallate', '5-[8(Z),11(Z)-pentadecadienyl]resorcinol', '(-)-Spectalinine', '(3-(2-(4-hydroxyphenyl)-2-oxoethyl)-5,6-dihydropyridin- 2(1H)-one)', 'Mangiferin', 'Salacin', 'Viburgenin', ""Pterogynoside; Kaempferol-3-O-(3''-O-4'''-methylgallate-α-L-rhamnoside)"", 'Isobutyl gallate', '7′-multijuguinone', 'Griseofulvin', ""7-Hydroxy-4',6-dimethoxyisoflavone; Afrormosin; Afromosin"", '8-methoxymellein', '(±)-Syringaresinol', 'Cyclo-(L-Pro-L-Val)', 'Acetonide of odoratol', '(−)-Grandisin', '2β-Hydroxyzuelanin-6β-cinnamate', 'Cognatine', 'Fagaramide', 'Chalepin', 'Chlorogenic acid', '(4R)-4,8-dihydroxy-α-tetralone', 'Kaempferol']]",doi_name
"['10.1590/S0102-695X2010005000017', 'Nitensidine A']","['10.1590/S0102-695X2010005000017', ['guaiol', 'γ-eudesmol', 'Hinesol', 'α-eudesmol', 'Anhydrofusarubin', 'Beauvericin', '11-O-trans-feruloylteucrein', 'Teucrein', 'Galioside aglicone', 'Apodanthoside', 'Galioside', 'Clusifoliol', ""Isoswertisin-4'-methyl-ether-2''α-L-rhamnoside"", '2-Episesalatin', ""Isoswertisin-2''α1-L-rhamnoside"", 'Sesartemin', 'Nilocetin', 'Hispidol A', 'Piscidinol A', 'cryptomeridiol', 'Oleanonic acid', 'Pentaol', 'Iso-odoratol', '3,11-dioxoolean-12-en-28- onic acid', 'Chlorogenic acid methyl ester, Methyl (1S,3R,4R,5R)-3-{[(2E)-3-(3,4-dihydroxyphenyl)-2-propenoyl]oxy}-1,4,5-trihydroxycyclohexanecarboxylate', 'astilbin; Rel-(2R, 3R)-dihydroquercetin-3-O-±-L-rhamnoside', '(-)-3-O-acetyl-spectaline', '4-metoxi-6-[2-(metilamino)fenil]- 2H-piran-2-ona', ""2',6'-Dihydroxy-4'-methoxydihydrochalcone"", ""4-Hydroxy-(3',7'-dimethyl-1'-oxo-octa-2'-Z-6'-dienyl)benzoic acid"", ""Aduncumene; Methyl 2-methoxy-5-(3'-methyl-1'-oxo-2'-butenyl)benzoate"", ""Methyl 4-hydroxy-3-(3'-methyl-2'-hydroxy-3'-butenyl)benzoate"", 'Piperaduncine B', ""Hostmaniene; 4-Hydroxy-3-(2',3'-dihydroxy-3'-methylbutyl)benzoate"", ""Methyl taboganate; Methyl 4-hydroxy-3-(3'-methyl-1'-oxo-2'-butenyl)benzoate"", ""Methyl 4-hydroxy-3-(3'-methyl-2'-butenyl)benzoate"", '3,4,5-Trimethoxydihydrocinnamic acid', 'Methyl 2,2-dimethyl-1-oxo-2H-1-benzopyran-6-carboxylate', ""4-Hydroxy-3-(3',7'-dimethylocta-2'-E-6'-dienyl)benzoic acid"", 'Taraxerol acetate', '5,7-dimethoxy-2,2-dimethyl-2H-1-benzopyran-6-propanoate', '(22E,24R)-ergosta-4,6,8(14),22-tetraen-3-one', 'Ergosterol peroxide', '8-hydroxy-6-methoxy-3-methylisocoumarin', 'Dimethyl terephthalate', 'Pimara-7,15-dien-3β-ol', 'Stearic acid 4-pentoyloxyphenethyl ester', ""4-Hydroxy-3-(3',7'-dimethyl-3'-hydroxy-1'-oxo-6'-octenyl)benzoic acid"", ""1,4-Dihydroxy-2-(3',7'-dimethyl-1'-oxo-2'-E-6'-octadienyl)benzene"", ""Sakuranetin; 5,4'-dihydroxy-7-methoxyflavanone"", ""4-Hydroxy-(3',7'-dimethyl-1'-oxo-octa-2'-E-6'-dienyl)benzoic acid"", ""Isosakuranetin; 5,7-dihydroxy-4'-methoxyflavanone"", ""3,4-dimethyl-2-(4'-hydroxy-3',5'-dimethoxyphenyl)-5-methoxy-tetrahydrofuran"", ""3',4',5',3,5,7,8-heptamethoxyflavone"", ""3,5,6,7,3',4',5'-heptamethoxyflavonol"", '(+)-11α-Hydroxyerythravine', '(+)-α-Hydroxyerysotrine', '(+)-Erythravine', 'Methyl (3R,4R,5R)-3-{[(2Z)-3-(3,4-dihydroxyphenyl)-2-propenoyl]oxy}-1,4,5-trihydroxycyclohexanecarboxylate', 'Methyl (3R,4R,5R)-3-{[(2E)-3-(3,4-dihydroxyphenyl)-2-propenoyl]oxy}-1,4,5-trihydroxycyclohexanecarboxylate', 'Nitensidine E', 'Nitensidine D', '3,3-O-dimethylquercetin', 'penduletin 4-O-methyl ether', '2α,3α,19α- trihydroxyurs-12-en-28-oic acid', '3,7,4-O-trimethylkaempferol', '2α,3α-dihydroxyolean-12- en-28-oic acid', '3-O-methylquercetin', 'Chrysoeriol', 'acacetin', 'p-hydroxybenzoic acid', '21α,25-dimethylmelianodiol', '3,21-Di-epi-feroniellide B', '21β,25-dimethylmelianodiol', 'Aphidicolin', 'Methacrylic acid', 'Deoxycordifoline', 'Harman-3-carboxylic acid', 'Strictosidine acid', '5α-carboxystrictosidine', 'Turbinatine', '3,4-dehydrostrictosidine acid', '3,4-dehydro-strictosidine', 'Cordifoline', '2,3-dihydro-4,9-dihydroxy-2-(2-hydroxy-propan-2-yl)- 11-methoxy-10-methylfuro[3,2-b]acridin-5(10H)-one', 'bis-5-hydroxyacronycine', 'Citibrasine', '1,3,5-trihydroxy- 2,8-bis(3-methylbut-2-enyl)-10-methyl-9-acridone', 'Glycocitrine-I', 'Citrusinine-II', 'Glycocitrine-IV', '5-hydroxynoracronycine; Atalaphyllidine', 'Pyranofoline', '1,3,5-trihydroxy-4-methoxy-10-methyl- 2,8-bis(3-methylbut-2-enyl)acridin-9(10H)-one', 'Citrusinine-I', '3,4-dihydro-3,5,8-trihydroxy-6-methoxy-2,2,7-trimethyl-2Hpyrano[ 2,3-a]acridin-12(7H)-one', '9-hydroxyeugenin', 'Mycoleptone A', 'Eugenitin', 'Austdiol diacetate', '6-methoxyeugenin', 'Austdiol', 'Mycoleptone B', 'Mycoleptone A tetraacetate', '5,7-dimethoxy-2,2-dimethyl-2H-1-benzopyran-6-propanoic acid', 'Xanthyletin', '1-methoxy-3-hydroxy-3,10b-4,5a-diepoxy-8b-isobutyroyloxygermacr-11(13)-en-6a,12-olide', 'Tagitinin C', ""2'-hydroxy-3,4,4'-trimethoxy-5',6'-(2'',2''-dimethylpyrano)-chalcone"", ""3',4'-methylenedioxy-5,6,7- trimethoxyflavone"", ""3',4'-methylenedioxy-5,5',6,7-tetramethoxyflavone"", ""3',4'-methylenedioxy-5,7-dimethoxyflavone"", 'Secoxyloganin', ""6'-Acetyl-β-D-glucopyranosyldiderroside"", 'Diderroside', '7-Methoxydiderroside', 'Kaempferol-3-O-D-glucopyranoside', 'Kaempferol-3-O-α-L-rhamnopyranosyl-(1-6)-α-L-rhamnopyranosyl-(1-4)-β-D-glucopyranoside', 'Quercetin-3-O-α-L-rhamnopyranosyl-(1→6)-β-D-galactopyranoside', 'Kaempferol-3-O-D-galactopyranoside', '6-Hydroxy-rutin', 'Procyanidin B-3', 'Kaempferol-3-O-rutinoside', 'Catechin, Ent-catechin', 'Kaempferol-3-O-α-L-rhamnopyranosyl-(1→6)-β-D-galactopyranoside', ""7,4'-Dihydroxyflavone"", ""7,4'-Dimethoxyflavone"", '21´-(3,4-Methylenedioxyphenyl)-henicosanoic acid', 'Sargachromenol', 'Sargaquinoic acid', '19´-(3,4-Methylenedioxyphenyl)-nonadecanoic acid', 'Farnisine', '(+)-Guaiacin', 'Tithonine', 'Fasciculiferin', ""Juruenolic acid; 2-(4'-Methylpentenyl-3)-10-oxoundecan-2,6-dienoic acid"", '17-(3,4-Methylenedioxyphenyl)-heptadecanoic acid', ""2-(1'-pentenyl)-Quinoline"", ""2-(3',4'-methylenedioxyphenylethyl)-Quinoline"", '2-n-Pentylquinoline', '2-n-Propylquinoline', ""4-Methoxy-3-(3',7'-dimethylocta-2'-E-6'-dienyl)benzoic acid"", 'Methyl-8-hydroxy-2,2-dimethyl-2H-chromene-6-carboxylate', ""3-(3',7 '-dimethyl-2',6 '-octadienyl)-4-methoxy-benzoic acid"", 'Verrucosin', 'Nectandrin B', 'Epi-guaiacin', '7-Methyl-sargachromenol; 2,7,8-Trimethyl-2-[(3-E,7-Z)-4,12-dimethyl-8-carboxyl-3,7,11-tridecatrienyl]-3-chromen-6-ol, β-caroteno', 'cyclo (L)-Pro-Gly', ""Rel-(7R,8S,7'S,8'S)-4',5'-methylenedioxy-3,4,5,3'-tetramethoxy-7,7'-epoxylignan"", ""Rel-(7R,8S,7'S,8'S)-4-hydroxy-4',5'-methylenedioxy-3,5,3'-trimethoxy-7,7'-epoxylignan"", ""Rel-(7R,8S,7'S,8'S)-4,5,4',5'-dimethylenedioxy-3,3'-dimethoxy-7,7'-epoxylignan"", ""Rel-(7R,8S,7'S,8'S)-4'-hydroxy-3,4,5,3',5'-pentamethoxy-7,7'-epoxylignan"", ""Rel-(7R,8S,7'S,8'S)-9-hydroxy-4',5'-methylenedioxy-3,4,5,3'-tetramethoxy-7,7'-epoxylignan"", 'α-Gardiol', 'β-Gardiol', 'Ferulic acid', 'Isopimpinellin', '(Z)-piplartine; 8(Z)-N-(12,13, 14-trimethoxycinnamoyl)- 3-pyridin-2-one', '8,9-dihydropiplartine; N-(12,13,14-trimethoxydihydrocinnamoyl)-Δ3-pyridin-2-one', '(E)-piplartine', '10,11-dihydropiperine; Δα,β-dihydropiperine', ""N-[3-(6'-methoxy-3',4'-methy-lenedioxyphenyl)-2(Z)-propenoyl]pyrrolidine"", 'Piperine', '4,5-dihydropiperlonguminine; Piperlonguminine', '4,5-dihydropiperyline', 'Pellitorine', '(3Z,5Z)-N-isobutyl-8-(30,40-methylenedioxy-phenyl)-heptadienamide', 'β-caryophyllene, trans-caryophyllene', 'Cusculine; 1,2,3,5,6-pentamethoxy-9-acridone', 'Cuspanine; 1-hydroxy-2,3,5,6-tetramethoxy-9-acridone', '2α,3α-Dihydroxy-urs-12-en-28-oic acid', 'Oleanolic acid 3-sophoroside', '3-O-β-D-(6’-methyl)-glucopyranosyl-28-O-β-D-glucopyranosyl-oleanate', 'β-Sitosterol benzoate', '5-hydroxyflavone', '2-phenyl-4H-chromen-4-one', 'Haplotusine', 'Sinapyl 4-O-β-D-glucopyranoside aldehyde', 'Sinapyl 4-O-β-D-glucopyranoside alcohol', 'Liriodenine', 'N-acetylnonaine', '[10]-gingerol', ""2,4-Dihydroxy-6-[(1'E,3'E)-penta-1', 3'-dienyl]-benzaldehyde"", '2-methyl-5-[8(Z)-pentadecenyl]resorcinol', 'Nitensidine A', '3β-hydroxy-stigmast-5-en-7-one; 24-β-7-oxositosterol', 'scillascillin', 'Piperol B', '(-)-Hardwickiic acid', ""5-[3''-(β-D-glucopyranosyloxy)propyl]-7-methoxy-2-(3',4'-methylenedioxyphenyl)benzofuran"", '28-O-β-D-glucopyranosyl quinovic acid', '2-Methyl-4-hydroxy-butyl caffeoate', 'N-1,N-2,N-3-Triisopentenylguanidine', 'Dibenzyl trisulphide', 'Maytenin, Tingenone', 'Kokusaginine', ""2-(2'-O-trans-caffeoyl)-C-β-D-glucopyranosyl-1,3,6,7-tetrahydroxyxanthone"", '2-hydroxyphenylacetic acid', ""8-hydroxy-3,5,7,3',4',5'-hexamethoxyflavonol"", 'Odoratol', 'Leptomerine', '5-hydroxy-N-methylseverifoline', '19,20-Epoxycytochalasin N', 'ellagic acid 4-O-α-L-rhamnopyranoside; eschweilenol C', 'Mayoside C', 'Ourateacatechin', ""3',4',5',5,7-pentamethoxyflavone"", '2-methyl-5-pentadecylresorcinol', 'Cyclo-(L-Pro-L-Val)', 'Acetonide of odoratol', '(−)-Grandisin', '24-methylenecycloartan-3b-ol', 'Ixoside', ""Methyl-2,2-dimethyl-8-(3'-methylbut-2'-enyl)chroman-6-carboxylate"", '2,7-Di-O-acetylcasearupestrin A', 'Nitensidine B', '1-methyl-2-n-nonyl-4-quinolone', '5-[8(Z),11(Z),14-pentadecatrienyl]resorcinol', 'urauchimycin B', 'Homoegonol', '[8]-gingerol', '4-Hydroxymellein', '5-hydroxymellein', 'fraxinellonone', 'Dibenzyl sulphide', '(-) Cis-4-hydroxy-6-deoxyscytalone', 'Plumericin', '5-[8(Z),11(Z)-pentadecadienyl]resorcinol', '(-)-Spectalinine', 'Kaempferol 3-O-α-L-rhamnopyranosyl (1→6)-O-[β -D-glucopyranosyl (1→3)-O-α-L-rhamnopyranosyl-(1→2)]-O-β -D-glucopyranosyl', '3β-O-[α-L-rhamnopyranosyl-(1→2)-O-β-D-glucopyranosyl-(1→2)-O-β-D-glucopyranosyl]-28-O-β-D-glucopyranoside pomolate', 'Dibenzyl tetrasulphide', 'Methyl angolensate', ""5-(3'' -Hydroxypropyl)-7-methoxy-2-(3',4' -methyl-enedioxyphenyl)benzofuran"", '22β-hydroxypristimerin', '1- (5,7-dihydroxy-2,2-dimethylchroman-6-yl)-3-(2,2-dimethylchroman- 6-yl)propan-1-one', 'Canavaline', 'Di-hydrodehydrodiconiferyl alcohol', 'Quercetin', ""2-(2'-O-trans-cinnamoyl)-C-β-D-glucopyranosyl-1,3,6,7-tetrahydroxyxanthone"", 'Ocotillone', 'des-N-methylnoracronycine', 'Sorbifolin 6-O-β-glucopyranoside', 'Rel-2α-hydroxyzuelanin-6β-benzoate', '2,6-di-O-acetylcasearupestrin D', 'p-Coumaric acid', '(-)-Epigallocatechin', 'Netzahualcoyonol', '1-[3-(3,7-dimethylocta-2,6-dien-1-yl)-2,4,6- trihydroxyphenyl]-3-(4-hydroxyphenyl)propan-1-one', '6α-malonyloxymanoyl oxide', 'Benzylhydroxymethyl sulphide', 'Maculosidine', 'Podocarpusflavone A', 'Casearupestrin C', '6α-malonyloxy-n-butyl ester manoyl oxide', 'citrusinine-I', 'Ricinine', 'Leptophyllin A', '5-pentadecylresorcinol', '19,20-Epoxycytochalasin D', 'fumiquinozoline F', '3,4,5-trimethoxyphenyl 1-O-β-D-apiofuranosyl-(1→6)-O-β-D-glucopyranoside', 'β-photogedunin', 'n-Butyl gallate', ""5-[3''-(β-D-glucopyranosyloxy)propyl]-7-methoxy-2-(3',4'-dimethoxyphenyl)benzofuran"", '3,12-Dihydroxycadalene', '7-hydroxy-3- (11-dimethylallyl)-8-methoxycoumarin', ""N-[7-(3',4'-methylenedioxyphenyl)-2(Z),4(Z)-heptadienoyl]pyrrolidine"", ""Acteoside; [β-3,4-dihydroxyphenyl)-ethyl]-(3'-O-α-L-rhamnopyranosyl)-(4'-O-cafeoyl)-β-D-glycopyranoside, verbascoside"", '20-hydroxyecdysone; polypodine A', '3-Acetyl aleuritolic acid', ""2',5-dihydroxy-3-methoxy-8-dimethylallyl-6, 7-(2' ',2''-dimethylpyrano)-dihydroflavonol"", '2-n-nonyl-4-quinolone', 'Cytochalasin D', 'Isoorientin', 'Uracil', 'urauchimycin A', 'Quercetin 3-O-α-L-rhamnopyranosyl (1→6)-O-[β -D-glucopyranosyl (1→3)-O-α-L-rhamnopyranosyl-(1→2)]-O-β -D-glucopyranosyl', 'Heveaflavone', 'Arboreumine', '3-Oxoursolic acid', 'Casearupestrin B', 'toonacilin', 'Pedalitin', '1-O-(E)-feruloyl-β-D-glucopyranoside', '19,20-Epoxycytochalasin C', 'n-Pentyl gallate', 'Orcinol', 'Periconicin B', '1,6-di-O-caffeoyl-β-D-glucopyranoside', '2-methyl-5-[8(Z),11(Z),14-pentadecatrienyl]resorcinol', 'Netzahualcoyondiol', 'Pristimerin; 20α-3-hydroxy-2-oxo-24-nor-friedela-1-10,3,5,7-tetraen-carboxylic acid-29-methylester', 'Piperyline, N-[10-(13,14-methylenedioxyphenyl)-7(E),9(E)-pentadienoyl]-pyrrolidine', 'ω-fenil alcanoic acid', '2-butyl-D-fructofuranoside', 'polypodine B', 'n-Propyl gallate', ""3',4',5',5,7,8-hexamethoxyflavone"", 'Isopropyl gallate', '6β-hydroxy-7-epigardoside methyl ester', 'Tetrahydropiperyline, N-[10-(13,14-methylenedioxyphenyl)-pentanoyl]-pyrrolidine', 'Piperovatine', '2,4,6-trimethoxybenzoic acid', '1-O-(E)-caffeoyl-β-D-glucopyranoside', 'Gallic acid; 3,4,5-trihydroxybenzoic acid', 'Quercitrin, 3-O-α-rhamnosylquercetin', 'Caseobliquin A', 'Alkenoic acid', '(R)-7-Hydroxymellein', '6α-acetoxymanoyl oxide', 'Methyl-8-hydroxy-2,2-dimethylchroman-6-carboxylate', 'Di(benzyltrithio) methane', '3,11,12-Trihydroxycadalene', 'Quercetin 3-O-sophoroside', 'Phomopsilactone', ""(2S)-8-Isopentyl-2-methyl-2-(4'-methylpentyl)chroman-6-carboxylic acid"", '2,2-dimethyl-2H-chromene-6-carboxylic acid', '1,2-dihydro- 3β-hydroxy-7-deacetoxy-7-oxogedunin', 'Photogedunin', 'Casearin X; (1R*,3S*,5S*,6aR*,7S*,8S*,10R*,10aR*)-1-(Acetyloxy)-3,5,6,6a,7,8,9,10-octahydro-10-hydroxy-7,8-dimethyl-7-[(2Z)-3-methylpenta-2,4-dien-1-yl]naphtho[1,8a-c]furan-3,5-diyl Dibutanoate', 'α-L-xylopyranosyl-(4""→20)-(3-O-β-D-glucopyranosyl)-1\'-O-E-caffeoyl-β-D-glucopyranoside', ""2-(R)-Methyl-6-(S)-(tetradecyl-13'-one)-3(R)-O-tert-butyldimethylsilyl-piperidine"", '(2S)-Methyl-2-methyl-8-(3""-methylbut-2""-enyl)-2-(4\'-methylpent-3\'-enyl)-2H-chromene-6-carboxylate', 'Casearin T', 'Isoplumericin', 'N-[10-(13,14-methylenedioxyphenyl)-7(E),9(Z)-pentadienoyl]-pyrrolidine', '6-[8(Z)-pentadecenyl]salicylic acid', '(2S)-2-methyl-8-(3""-methylbut-2""-enyl)-2-(4\'-methylpent-3\'-enyl)-2H-chromene-6-carboxylic acid', 'Burchellin', '5-[8(Z)-pentadecenyl]resorcinol', 'Luteolin; 2-(3,4-dihydroxyphenyl)-5,7-dihydroxy-4H-chromen-4-one', 'Sinapic acid', '19,20-Epoxycytochalasin Q', ""Gaudichaudianic acid; (2S)-2-methyl-2-(4'methyl-3'-pentenyl)-8-(3''-methyl-2-butenyl)- 2H-1-benzopyran-6-carboxylic acid"", 'limonexic acid', 'Skimmianine', 'p-hydroxybenzoic acid-geranyl ester', 'Dibenzyl disulphide', 'Proanthocyanidin', 'neoisoastilbin', 'Kaempferitrin', 'Nitensidine C', 'Dipropyl disulphide', '2-methyl-5-[8(Z),11(Z)-pentadecadienyl]resorcinol', 'Methyl 6,7,8-trimethoxydihydrocinnamate', '2-Hexyl-3-methyl-butanodioic acid', 'fraxinellone', '6-[ 8(Z),11(Z) -pentadecadienyl] salicylic acid', '3,4,5-Triacetoxybenzoic acid', 'Odoratone', '(3R,4R)-3,4-Dihydro-4,6-dihydroxy-3-methyl-1-oxo-1H-isochromene-5-carboxylic acid', '24-methylene-3,22-dihydroxycholesterol', 'amorphispironone', 'Casearupestrin D', 'Chaetoglobosin B', ""2-(2'-O-benzoyl)-C-β-D-glucopyranosyl-1,3,6,7-tetrahydroxyxanthone"", '5-hydroxymethyl- 2-furancarboxaldehyde; 5-hydroxymethyl-2-furfuraldehyde', 'atalaphyllinine', 'N-[10- (13,14-methylenedioxyphenyl)-7(E)-pentaenoyl]-pyrrolidine', '2-Methyl-5-methoxy-benzopyran-4-one', '3,4-dihydroxybenzoic acid geranyl ester', 'Gedunin', 'Pedalin, pedalitin 6-O-β -glucopyranoside', 'Caseargrewiin F; (1R*,3S*,5S*,6aR*,7S*,8R*,10R*,10aR*)-1,3-Bis(acetyloxy)-3,5,6,6a,7,8,9,10-octahydro-10-hydroxy-7,8-dimethyl-7-[(2Z)-3-methylpenta-2,4-dien-1-yl]naphtho[1,8a-c]furan-5-yl Butanoate', 'Casearin L; (1R*,3S*,5S*,6aR*,7R*,8R*,9S*,10S*,10aR*)-1,10-Bis(acetyloxy)-3,5,6,6a,7,8,9,10-octahydro-9-hydroxy-5-methoxy-7,8-dimethyl-7-[(2Z)-3-methylpenta-2,4-dien-1-yl]naphtho[1,8a-c]-furan-3-yl Butanoate', 'Platydesmine', 'Leiokinine A', '19,20-Epoxycytochalasin R', 'Muraxanthone', '6α-acetoxy-14β,15β-epoxyazadirone', 'epoxy-fraxinellone', '12′-hydroxy-7′-multijuguinone', 'schaftoside', ""(2S)-Methyl-8-isopentyl-2-methyl-2-(4'-methylpentyl)chroman-6-carboxylate"", 'Casearupestrin A', '2-oxo-piperol B; (7S*, 8R*, 1R*, 3R*)-3,4,5-trimethoxy-3,7-cyclo-8,1-neolig-8-ene-2,4(3H)-dione', 'taxifolin', ""(2'S)-2-(propan-2'-ol)-5-hydroxy-benzopyran-4-one"", 'Rel-(+)-(7S,9R,10S)-3,9,12-trihydroxycalamenene', 'Casearin S', '11β-acetoxyobacunone', '1-(5,7-dihydroxy-2,2-dimethylchroman- 6-yl)-3-[4-hydroxy-3-(3-methylbut-2-en-1-yl)- phenyl]propan-1-one', '(3R,4R)-4,7-Dihydroxymellein', ""Nitensoside B; Pedalitin 6-O-α-rhamnopyranosyl(1'''→6'')-β-glucopyranoside"", 'Methyl gallate', '3-O-β-D-quinovopyranosyl cincholic acid', 'Rel-6β-hydroxyzuelanin-2β-benzoate', 'shidasterone', 'Afzelin, 3-O-α-rhamnosyl kaempferol', 'Egonol', '4-Nerolidilcatechol', ""2-(2'-O-transcoumaroyl)-C-β-D-glucopyranosyl-1,3,6,7-tetrahydroxyxanthone"", 'Syringic acid', '(+)-3-O-feruloylcassine', 'Amentoflavone', '1-(5,7-dihydroxy-2,2-dimethylchroman-6-yl)-3-(1,1,4a-trimethyl-2,3,4,4a,9a-hexahydro-1H-xanthen-7-yl)propan-1-one', 'Methyl (E)-6,7,8-trimethoxycinnamate', '3,4,5-Trimethoxyphenyl-1-O-β-D-(5-O-syringoyl)-apiofuranosyl-(1→6)-β-D-glucopyranoside', '6-[8(Z),11(Z),14-pentadecatrienyl]salicylic acid', 'Sorbifolin', ""Nitensoside A; Sorbifolin 6-O-α-rhamnopyranosyl(1'''→6'')-β-glucopyranoside"", 'Casearin O; (1R*,3S*,5S*,6aR*,7R*,8R*,9S*,10S*,10aR*)-1,10-Bis(acetyloxy)-5-methoxy-7,8-dimethyl-7-[(2Z)-3-methylpenta-2,4-dien-1-yl]-3,5,6,6a,7,8,9,10-octahydronaphtho[1,8a-c]furan-3,9-diyl Dibutanoate', 'germacrene D', 'Cabraleadiol', '(±)-Syringaresinol', 'Salacin', '6-pentadecylsalicylic acid', 'Methyl-2,2-dimethylchroman-6-carboxylate', ""Myrsinoic acid A, 3-Geranyl-4-hydroxy-5-(3'',3''-dimethylallyl)benzoic acid"", '20α-Hydroxymaytenin; 20-hydroxy-20-epi-tingenone', '(-)-Epigallocatechin-3-O-gallate', 'Casearin D; (1R*,3S*,5S*,6aR*,7R*,8R*,9S*,10S*,10aR*)-1-(Acetyloxy)-3,5,6,6a,7,8,9,10-octahydro-5,10-dihydroxy-7,8-dimethyl-7-[(2Z)-3-methylpenta-2,4-dien-1-yl]naphtho[1,8a-c]furan-3,9-diyl Dibutanoate', 'Rel. (+)-(7S,10S) 3,12-dihydroxycalamenene', 'carlinoside', 'Methyl-8-(ethanoyloxy)-2,2-dimethyl-2H-chromene-6-carboxylate', '2β-Hydroxyzuelanin-6β-cinnamate', 'arjunolic acid', 'stachysterone', 'Ethyl 2,4-dihydroxy-5,6-dimethylbenzoate', 'Amentoflavone 7”,4”’-dimethyl ether', 'Netzahualcoyene', 'Casearin X Dialdehyde; (2R*,4aS*,5S*,7R*,8R*,8aS*)-4,4a-Diformyl-1,2,4a,5,6,7,8,8a-octahydro-5-hydroxy-7,8-dimethyl-8-[(2Z)-3-methylpenta-2,4-dien-1-yl]naphthalen-2-yl Butanoate', 'Picramnioside F', 'Lauryl gallate', 'Syringaldehyde', '22-hydroxytirucalla-7,24-diene-2,3-dione', 'Trans-3’-methylsulphonylallyl trans-cinnamate', '(3-(2-(4-hydroxyphenyl)-2-oxoethyl)-5,6-dihydropyridin- 2(1H)-one)', 'Mangiferin', 'Viburgenin', ""Pterogynoside; Kaempferol-3-O-(3''-O-4'''-methylgallate-α-L-rhamnoside)"", 'Isobutyl gallate', '7′-multijuguinone', 'Griseofulvin', ""7-Hydroxy-4',6-dimethoxyisoflavone; Afrormosin; Afromosin"", '8-methoxymellein', 'Cognatine', 'Fagaramide', 'Chalepin', 'Chlorogenic acid', '(4R)-4,8-dihydroxy-α-tetralone', 'Kaempferol', '3-O-β-D-quinovopyranosyl quinovic acid']]",doi_name
"['10.1016/j.phytochem.2006.06.004', '3,11,12-Trihydroxycadalene']","['10.1016/j.phytochem.2006.06.004', ['guaiol', 'Hinesol', 'γ-eudesmol', 'α-eudesmol', '11-O-trans-feruloylteucrein', 'Teucrein', 'Galioside aglicone', 'Galioside', 'Apodanthoside', ""2'-hydroxy-3,4,4'-trimethoxy-5',6'-(2'',2''-dimethylpyrano)-chalcone"", ""3',4'-methylenedioxy-5,6,7- trimethoxyflavone"", ""3',4'-methylenedioxy-5,5',6,7-tetramethoxyflavone"", ""3',4'-methylenedioxy-5,7-dimethoxyflavone"", '9-hydroxyeugenin', 'Eugenitin', 'Austdiol', '6-methoxyeugenin', 'Mycoleptone B', 'Mycoleptone A', 'Austdiol diacetate', 'Mycoleptone A tetraacetate', '21α,25-dimethylmelianodiol', '3,21-Di-epi-feroniellide B', '21β,25-dimethylmelianodiol', ""4-Methoxy-3-(3',7'-dimethylocta-2'-E-6'-dienyl)benzoic acid"", ""3-(3',7 '-dimethyl-2',6 '-octadienyl)-4-methoxy-benzoic acid"", 'Methyl-8-hydroxy-2,2-dimethyl-2H-chromene-6-carboxylate', ""Rel-(7R,8S,7'S,8'S)-4,5,4',5'-dimethylenedioxy-3,3'-dimethoxy-7,7'-epoxylignan"", ""Rel-(7R,8S,7'S,8'S)-9-hydroxy-4',5'-methylenedioxy-3,4,5,3'-tetramethoxy-7,7'-epoxylignan"", ""Rel-(7R,8S,7'S,8'S)-4-hydroxy-4',5'-methylenedioxy-3,5,3'-trimethoxy-7,7'-epoxylignan"", ""Rel-(7R,8S,7'S,8'S)-4'-hydroxy-3,4,5,3',5'-pentamethoxy-7,7'-epoxylignan"", ""Rel-(7R,8S,7'S,8'S)-4',5'-methylenedioxy-3,4,5,3'-tetramethoxy-7,7'-epoxylignan"", 'Secoxyloganin', '7-Methoxydiderroside', 'Diderroside', ""6'-Acetyl-β-D-glucopyranosyldiderroside"", 'bis-5-hydroxyacronycine', 'Citibrasine', '2,3-dihydro-4,9-dihydroxy-2-(2-hydroxy-propan-2-yl)- 11-methoxy-10-methylfuro[3,2-b]acridin-5(10H)-one', 'cyclo (L)-Pro-Gly', 'Xanthyletin', 'Pyranofoline', '3,4-dihydro-3,5,8-trihydroxy-6-methoxy-2,2,7-trimethyl-2Hpyrano[ 2,3-a]acridin-12(7H)-one', 'Citrusinine-II', 'Glycocitrine-IV', '5-hydroxynoracronycine; Atalaphyllidine', 'Glycocitrine-I', 'Citrusinine-I', '1,3,5-trihydroxy-4-methoxy-10-methyl- 2,8-bis(3-methylbut-2-enyl)acridin-9(10H)-one', '1,3,5-trihydroxy- 2,8-bis(3-methylbut-2-enyl)-10-methyl-9-acridone', '2α,3α,19α- trihydroxyurs-12-en-28-oic acid', '3,3-O-dimethylquercetin', 'penduletin 4-O-methyl ether', '2α,3α-dihydroxyolean-12- en-28-oic acid', 'acacetin', 'p-hydroxybenzoic acid', '3-O-methylquercetin', '3,7,4-O-trimethylkaempferol', 'Chrysoeriol', 'Chlorogenic acid methyl ester, Methyl (1S,3R,4R,5R)-3-{[(2E)-3-(3,4-dihydroxyphenyl)-2-propenoyl]oxy}-1,4,5-trihydroxycyclohexanecarboxylate', '5,7-dimethoxy-2,2-dimethyl-2H-1-benzopyran-6-propanoic acid', '(-)-3-O-acetyl-spectaline', '5,7-dimethoxy-2,2-dimethyl-2H-1-benzopyran-6-propanoate', 'Anhydrofusarubin', 'Beauvericin', 'Methyl (3R,4R,5R)-3-{[(2Z)-3-(3,4-dihydroxyphenyl)-2-propenoyl]oxy}-1,4,5-trihydroxycyclohexanecarboxylate', 'Methyl (3R,4R,5R)-3-{[(2E)-3-(3,4-dihydroxyphenyl)-2-propenoyl]oxy}-1,4,5-trihydroxycyclohexanecarboxylate', '2-n-Pentylquinoline', ""2-(1'-pentenyl)-Quinoline"", '2-n-Propylquinoline', ""2-(3',4'-methylenedioxyphenylethyl)-Quinoline"", 'Nilocetin', 'Hispidol A', 'cryptomeridiol', 'Pentaol', 'Oleanonic acid', 'Piscidinol A', '3,11-dioxoolean-12-en-28- onic acid', 'Iso-odoratol', 'Isopimpinellin', '(3Z,5Z)-N-isobutyl-8-(30,40-methylenedioxy-phenyl)-heptadienamide', 'Pellitorine', ""N-[3-(6'-methoxy-3',4'-methy-lenedioxyphenyl)-2(Z)-propenoyl]pyrrolidine"", '8,9-dihydropiplartine; N-(12,13,14-trimethoxydihydrocinnamoyl)-Δ3-pyridin-2-one', '4,5-dihydropiperlonguminine; Piperlonguminine', '4,5-dihydropiperyline', '(Z)-piplartine; 8(Z)-N-(12,13, 14-trimethoxycinnamoyl)- 3-pyridin-2-one', '(E)-piplartine', '10,11-dihydropiperine; Δα,β-dihydropiperine', 'Piperine', 'Nectandrin B', '7-Methyl-sargachromenol; 2,7,8-Trimethyl-2-[(3-E,7-Z)-4,12-dimethyl-8-carboxyl-3,7,11-tridecatrienyl]-3-chromen-6-ol, β-caroteno', 'Epi-guaiacin', 'Verrucosin', ""3,4-dimethyl-2-(4'-hydroxy-3',5'-dimethoxyphenyl)-5-methoxy-tetrahydrofuran"", '17-(3,4-Methylenedioxyphenyl)-heptadecanoic acid', ""7,4'-Dihydroxyflavone"", 'Farnisine', '(+)-Guaiacin', 'Sargachromenol', 'Sargaquinoic acid', '19´-(3,4-Methylenedioxyphenyl)-nonadecanoic acid', ""7,4'-Dimethoxyflavone"", '21´-(3,4-Methylenedioxyphenyl)-henicosanoic acid', 'Tithonine', 'Fasciculiferin', ""Juruenolic acid; 2-(4'-Methylpentenyl-3)-10-oxoundecan-2,6-dienoic acid"", ""4-Hydroxy-3-(3',7'-dimethyl-3'-hydroxy-1'-oxo-6'-octenyl)benzoic acid"", ""4-Hydroxy-(3',7'-dimethyl-1'-oxo-octa-2'-E-6'-dienyl)benzoic acid"", ""Isosakuranetin; 5,7-dihydroxy-4'-methoxyflavanone"", ""Sakuranetin; 5,4'-dihydroxy-7-methoxyflavanone"", ""1,4-Dihydroxy-2-(3',7'-dimethyl-1'-oxo-2'-E-6'-octadienyl)benzene"", 'Aphidicolin', 'Stearic acid 4-pentoyloxyphenethyl ester', 'β-Gardiol', 'α-Gardiol', 'Ferulic acid', ""Methyl taboganate; Methyl 4-hydroxy-3-(3'-methyl-1'-oxo-2'-butenyl)benzoate"", '3,4,5-Trimethoxydihydrocinnamic acid', ""Methyl 4-hydroxy-3-(3'-methyl-2'-butenyl)benzoate"", 'Methyl 2,2-dimethyl-1-oxo-2H-1-benzopyran-6-carboxylate', 'Piperaduncine B', ""2',6'-Dihydroxy-4'-methoxydihydrochalcone"", ""4-Hydroxy-3-(3',7'-dimethylocta-2'-E-6'-dienyl)benzoic acid"", ""Hostmaniene; 4-Hydroxy-3-(2',3'-dihydroxy-3'-methylbutyl)benzoate"", ""Methyl 4-hydroxy-3-(3'-methyl-2'-hydroxy-3'-butenyl)benzoate"", ""Aduncumene; Methyl 2-methoxy-5-(3'-methyl-1'-oxo-2'-butenyl)benzoate"", ""4-Hydroxy-(3',7'-dimethyl-1'-oxo-octa-2'-Z-6'-dienyl)benzoic acid"", 'Taraxerol acetate', 'Kaempferol-3-O-α-L-rhamnopyranosyl-(1→6)-β-D-galactopyranoside', 'Kaempferol-3-O-rutinoside', 'Quercetin-3-O-α-L-rhamnopyranosyl-(1→6)-β-D-galactopyranoside', 'Catechin, Ent-catechin', 'Kaempferol-3-O-D-glucopyranoside', 'Kaempferol-3-O-α-L-rhamnopyranosyl-(1-6)-α-L-rhamnopyranosyl-(1-4)-β-D-glucopyranoside', 'Kaempferol-3-O-D-galactopyranoside', 'Procyanidin B-3', '6-Hydroxy-rutin', '2-Episesalatin', ""Isoswertisin-2''α1-L-rhamnoside"", 'Sesartemin', 'Clusifoliol', ""Isoswertisin-4'-methyl-ether-2''α-L-rhamnoside"", 'Nitensidine D', 'Nitensidine E', '(+)-11α-Hydroxyerythravine', '(+)-α-Hydroxyerysotrine', '(+)-Erythravine', 'Dimethyl terephthalate', '(22E,24R)-ergosta-4,6,8(14),22-tetraen-3-one', 'Ergosterol peroxide', '8-hydroxy-6-methoxy-3-methylisocoumarin', 'Pimara-7,15-dien-3β-ol', ""3',4',5',3,5,7,8-heptamethoxyflavone"", ""3,5,6,7,3',4',5'-heptamethoxyflavonol"", '1-methoxy-3-hydroxy-3,10b-4,5a-diepoxy-8b-isobutyroyloxygermacr-11(13)-en-6a,12-olide', 'Tagitinin C', 'Harman-3-carboxylic acid', 'Cordifoline', 'Turbinatine', '3,4-dehydrostrictosidine acid', '3,4-dehydro-strictosidine', 'Strictosidine acid', '5α-carboxystrictosidine', 'Deoxycordifoline', 'astilbin; Rel-(2R, 3R)-dihydroquercetin-3-O-±-L-rhamnoside', 'β-caryophyllene, trans-caryophyllene', 'Methacrylic acid', '4-metoxi-6-[2-(metilamino)fenil]- 2H-piran-2-ona', 'Cusculine; 1,2,3,5,6-pentamethoxy-9-acridone', 'Cuspanine; 1-hydroxy-2,3,5,6-tetramethoxy-9-acridone', '2α,3α-Dihydroxy-urs-12-en-28-oic acid', 'Oleanolic acid 3-sophoroside', '3-O-β-D-(6’-methyl)-glucopyranosyl-28-O-β-D-glucopyranosyl-oleanate', '5-hydroxyflavone', 'β-Sitosterol benzoate', '2-phenyl-4H-chromen-4-one', 'Haplotusine', 'Sinapyl 4-O-β-D-glucopyranoside aldehyde', 'N-acetylnonaine', 'Sinapyl 4-O-β-D-glucopyranoside alcohol', 'Liriodenine', '[10]-gingerol', ""2,4-Dihydroxy-6-[(1'E,3'E)-penta-1', 3'-dienyl]-benzaldehyde"", 'scillascillin', 'Kokusaginine', ""2-(2'-O-trans-caffeoyl)-C-β-D-glucopyranosyl-1,3,6,7-tetrahydroxyxanthone"", 'Netzahualcoyene', 'Casearin X Dialdehyde; (2R*,4aS*,5S*,7R*,8R*,8aS*)-4,4a-Diformyl-1,2,4a,5,6,7,8,8a-octahydro-5-hydroxy-7,8-dimethyl-8-[(2Z)-3-methylpenta-2,4-dien-1-yl]naphthalen-2-yl Butanoate', 'polypodine B', 'n-Propyl gallate', ""3',4',5',5,7,8-hexamethoxyflavone"", 'Isopropyl gallate', '6β-hydroxy-7-epigardoside methyl ester', 'Tetrahydropiperyline, N-[10-(13,14-methylenedioxyphenyl)-pentanoyl]-pyrrolidine', 'Piperovatine', '2,4,6-trimethoxybenzoic acid', '1-O-(E)-caffeoyl-β-D-glucopyranoside', 'Odoratol', 'Leptomerine', '5-hydroxy-N-methylseverifoline', '19,20-Epoxycytochalasin N', 'ellagic acid 4-O-α-L-rhamnopyranoside; eschweilenol C', 'Mayoside C', 'Ourateacatechin', ""3',4',5',5,7-pentamethoxyflavone"", '2-methyl-5-pentadecylresorcinol', '3β-hydroxy-stigmast-5-en-7-one; 24-β-7-oxositosterol', 'Acetonide of odoratol', '(−)-Grandisin', '24-methylenecycloartan-3b-ol', 'Ixoside', 'Cognatine', 'Fagaramide', 'Caseobliquin A', 'Methyl angolensate', ""5-(3'' -Hydroxypropyl)-7-methoxy-2-(3',4' -methyl-enedioxyphenyl)benzofuran"", '22β-hydroxypristimerin', '1- (5,7-dihydroxy-2,2-dimethylchroman-6-yl)-3-(2,2-dimethylchroman- 6-yl)propan-1-one', 'Canavaline', 'Di-hydrodehydrodiconiferyl alcohol', 'Quercetin', ""2-(2'-O-trans-cinnamoyl)-C-β-D-glucopyranosyl-1,3,6,7-tetrahydroxyxanthone"", 'Ocotillone', 'des-N-methylnoracronycine', 'Sorbifolin 6-O-β-glucopyranoside', 'Rel-2α-hydroxyzuelanin-6β-benzoate', '2,6-di-O-acetylcasearupestrin D', 'Nitensidine A', ""8-hydroxy-3,5,7,3',4',5'-hexamethoxyflavonol"", '3β-O-[α-L-rhamnopyranosyl-(1→2)-O-β-D-glucopyranosyl-(1→2)-O-β-D-glucopyranosyl]-28-O-β-D-glucopyranoside pomolate', 'Dibenzyl tetrasulphide', ""2',5-dihydroxy-3-methoxy-8-dimethylallyl-6, 7-(2' ',2''-dimethylpyrano)-dihydroflavonol"", ""Methyl-2,2-dimethyl-8-(3'-methylbut-2'-enyl)chroman-6-carboxylate"", '2,7-Di-O-acetylcasearupestrin A', 'Nitensidine B', '1-methyl-2-n-nonyl-4-quinolone', '5-[8(Z),11(Z),14-pentadecatrienyl]resorcinol', 'Piperol B', '(-)-Hardwickiic acid', ""5-[3''-(β-D-glucopyranosyloxy)propyl]-7-methoxy-2-(3',4'-methylenedioxyphenyl)benzofuran"", '28-O-β-D-glucopyranosyl quinovic acid', '2-Methyl-4-hydroxy-butyl caffeoate', 'N-1,N-2,N-3-Triisopentenylguanidine', 'Dibenzyl trisulphide', 'Maytenin, Tingenone', '(-) Cis-4-hydroxy-6-deoxyscytalone', 'Plumericin', '5-[8(Z),11(Z)-pentadecadienyl]resorcinol', '(-)-Spectalinine', 'Uracil', 'Maculosidine', 'Podocarpusflavone A', 'Casearupestrin C', '6α-malonyloxy-n-butyl ester manoyl oxide', 'citrusinine-I', 'Ricinine', 'Leptophyllin A', '5-pentadecylresorcinol', '19,20-Epoxycytochalasin D', 'fumiquinozoline F', 'Kaempferol 3-O-α-L-rhamnopyranosyl (1→6)-O-[β -D-glucopyranosyl (1→3)-O-α-L-rhamnopyranosyl-(1→2)]-O-β -D-glucopyranosyl', '20-hydroxyecdysone; polypodine A', '3-Acetyl aleuritolic acid', 'Alkenoic acid', 'Quercetin 3-O-α-L-rhamnopyranosyl (1→6)-O-[β -D-glucopyranosyl (1→3)-O-α-L-rhamnopyranosyl-(1→2)]-O-β -D-glucopyranosyl', 'Heveaflavone', 'Arboreumine', '2-n-nonyl-4-quinolone', 'Cytochalasin D', 'Isoorientin', 'urauchimycin B', 'Homoegonol', '[8]-gingerol', '4-Hydroxymellein', '5-hydroxymellein', 'fraxinellonone', 'Dibenzyl sulphide', 'Periconicin B', 'Phomopsilactone', ""(2S)-8-Isopentyl-2-methyl-2-(4'-methylpentyl)chroman-6-carboxylic acid"", '2,2-dimethyl-2H-chromene-6-carboxylic acid', '1,2-dihydro- 3β-hydroxy-7-deacetoxy-7-oxogedunin', 'Photogedunin', 'Casearin X; (1R*,3S*,5S*,6aR*,7S*,8S*,10R*,10aR*)-1-(Acetyloxy)-3,5,6,6a,7,8,9,10-octahydro-10-hydroxy-7,8-dimethyl-7-[(2Z)-3-methylpenta-2,4-dien-1-yl]naphtho[1,8a-c]furan-3,5-diyl Dibutanoate', 'urauchimycin A', 'p-Coumaric acid', '(-)-Epigallocatechin', 'Netzahualcoyonol', '1-[3-(3,7-dimethylocta-2,6-dien-1-yl)-2,4,6- trihydroxyphenyl]-3-(4-hydroxyphenyl)propan-1-one', '6α-malonyloxymanoyl oxide', 'Benzylhydroxymethyl sulphide', '1,6-di-O-caffeoyl-β-D-glucopyranoside', '2-methyl-5-[8(Z),11(Z),14-pentadecatrienyl]resorcinol', '3,12-Dihydroxycadalene', '7-hydroxy-3- (11-dimethylallyl)-8-methoxycoumarin', ""N-[7-(3',4'-methylenedioxyphenyl)-2(Z),4(Z)-heptadienoyl]pyrrolidine"", ""Acteoside; [β-3,4-dihydroxyphenyl)-ethyl]-(3'-O-α-L-rhamnopyranosyl)-(4'-O-cafeoyl)-β-D-glycopyranoside, verbascoside"", 'α-L-xylopyranosyl-(4""→20)-(3-O-β-D-glucopyranosyl)-1\'-O-E-caffeoyl-β-D-glucopyranoside', ""2-(R)-Methyl-6-(S)-(tetradecyl-13'-one)-3(R)-O-tert-butyldimethylsilyl-piperidine"", '(2S)-Methyl-2-methyl-8-(3""-methylbut-2""-enyl)-2-(4\'-methylpent-3\'-enyl)-2H-chromene-6-carboxylate', 'Casearin T', '3-Oxoursolic acid', 'Casearupestrin B', 'toonacilin', 'Pedalitin', '1-O-(E)-feruloyl-β-D-glucopyranoside', '19,20-Epoxycytochalasin C', 'n-Pentyl gallate', 'Orcinol', 'limonexic acid', 'Skimmianine', 'p-hydroxybenzoic acid-geranyl ester', 'Dibenzyl disulphide', 'Proanthocyanidin', 'neoisoastilbin', '(R)-7-Hydroxymellein', '6α-acetoxymanoyl oxide', 'Methyl-8-hydroxy-2,2-dimethylchroman-6-carboxylate', 'Di(benzyltrithio) methane', 'Netzahualcoyondiol', 'Pristimerin; 20α-3-hydroxy-2-oxo-24-nor-friedela-1-10,3,5,7-tetraen-carboxylic acid-29-methylester', '3,4,5-trimethoxyphenyl 1-O-β-D-apiofuranosyl-(1→6)-O-β-D-glucopyranoside', 'β-photogedunin', 'n-Butyl gallate', ""5-[3''-(β-D-glucopyranosyloxy)propyl]-7-methoxy-2-(3',4'-dimethoxyphenyl)benzofuran"", '24-methylene-3,22-dihydroxycholesterol', 'amorphispironone', 'Casearupestrin D', 'Chaetoglobosin B', ""2-(2'-O-benzoyl)-C-β-D-glucopyranosyl-1,3,6,7-tetrahydroxyxanthone"", 'Isoplumericin', 'N-[10-(13,14-methylenedioxyphenyl)-7(E),9(Z)-pentadienoyl]-pyrrolidine', '6-[8(Z)-pentadecenyl]salicylic acid', '(2S)-2-methyl-8-(3""-methylbut-2""-enyl)-2-(4\'-methylpent-3\'-enyl)-2H-chromene-6-carboxylic acid', 'Burchellin', '5-[8(Z)-pentadecenyl]resorcinol', 'Luteolin; 2-(3,4-dihydroxyphenyl)-5,7-dihydroxy-4H-chromen-4-one', 'Piperyline, N-[10-(13,14-methylenedioxyphenyl)-7(E),9(E)-pentadienoyl]-pyrrolidine', 'ω-fenil alcanoic acid', '2-butyl-D-fructofuranoside', ""Gaudichaudianic acid; (2S)-2-methyl-2-(4'methyl-3'-pentenyl)-8-(3''-methyl-2-butenyl)- 2H-1-benzopyran-6-carboxylic acid"", '19,20-Epoxycytochalasin R', 'Muraxanthone', '6α-acetoxy-14β,15β-epoxyazadirone', 'epoxy-fraxinellone', '12′-hydroxy-7′-multijuguinone', 'Kaempferitrin', 'Nitensidine C', 'Dipropyl disulphide', '2-methyl-5-[8(Z),11(Z)-pentadecadienyl]resorcinol', 'Methyl 6,7,8-trimethoxydihydrocinnamate', '2-Hexyl-3-methyl-butanodioic acid', 'fraxinellone', '6-[ 8(Z),11(Z) -pentadecadienyl] salicylic acid', '3,11,12-Trihydroxycadalene', 'Quercetin 3-O-sophoroside', '(3R,4R)-3,4-Dihydro-4,6-dihydroxy-3-methyl-1-oxo-1H-isochromene-5-carboxylic acid', 'Odoratone', 'Rel-6β-hydroxyzuelanin-2β-benzoate', 'shidasterone', '5-hydroxymethyl- 2-furancarboxaldehyde; 5-hydroxymethyl-2-furfuraldehyde', 'atalaphyllinine', 'N-[10- (13,14-methylenedioxyphenyl)-7(E)-pentaenoyl]-pyrrolidine', '2-Methyl-5-methoxy-benzopyran-4-one', '3,4-dihydroxybenzoic acid geranyl ester', 'Gedunin', 'Pedalin, pedalitin 6-O-β -glucopyranoside', 'Caseargrewiin F; (1R*,3S*,5S*,6aR*,7S*,8R*,10R*,10aR*)-1,3-Bis(acetyloxy)-3,5,6,6a,7,8,9,10-octahydro-10-hydroxy-7,8-dimethyl-7-[(2Z)-3-methylpenta-2,4-dien-1-yl]naphtho[1,8a-c]furan-5-yl Butanoate', 'Casearin L; (1R*,3S*,5S*,6aR*,7R*,8R*,9S*,10S*,10aR*)-1,10-Bis(acetyloxy)-3,5,6,6a,7,8,9,10-octahydro-9-hydroxy-5-methoxy-7,8-dimethyl-7-[(2Z)-3-methylpenta-2,4-dien-1-yl]naphtho[1,8a-c]-furan-3-yl Butanoate', 'Platydesmine', 'Leiokinine A', 'Sinapic acid', '19,20-Epoxycytochalasin Q', 'schaftoside', ""(2S)-Methyl-8-isopentyl-2-methyl-2-(4'-methylpentyl)chroman-6-carboxylate"", 'Casearupestrin A', '2-oxo-piperol B; (7S*, 8R*, 1R*, 3R*)-3,4,5-trimethoxy-3,7-cyclo-8,1-neolig-8-ene-2,4(3H)-dione', 'taxifolin', ""(2'S)-2-(propan-2'-ol)-5-hydroxy-benzopyran-4-one"", 'Rel-(+)-(7S,9R,10S)-3,9,12-trihydroxycalamenene', 'Casearin S', '11β-acetoxyobacunone', '1-(5,7-dihydroxy-2,2-dimethylchroman- 6-yl)-3-[4-hydroxy-3-(3-methylbut-2-en-1-yl)- phenyl]propan-1-one', '(3R,4R)-4,7-Dihydroxymellein', ""Nitensoside B; Pedalitin 6-O-α-rhamnopyranosyl(1'''→6'')-β-glucopyranoside"", 'Methyl gallate', '3-O-β-D-quinovopyranosyl cincholic acid', 'Afzelin, 3-O-α-rhamnosyl kaempferol', '3,4,5-Triacetoxybenzoic acid', 'Ethyl 2,4-dihydroxy-5,6-dimethylbenzoate', 'Amentoflavone 7”,4”’-dimethyl ether', 'Egonol', '4-Nerolidilcatechol', ""2-(2'-O-transcoumaroyl)-C-β-D-glucopyranosyl-1,3,6,7-tetrahydroxyxanthone"", 'Syringic acid', '(+)-3-O-feruloylcassine', 'Salacin', '6-pentadecylsalicylic acid', 'Methyl-2,2-dimethylchroman-6-carboxylate', ""Myrsinoic acid A, 3-Geranyl-4-hydroxy-5-(3'',3''-dimethylallyl)benzoic acid"", '20α-Hydroxymaytenin; 20-hydroxy-20-epi-tingenone', '(-)-Epigallocatechin-3-O-gallate', 'Casearin D; (1R*,3S*,5S*,6aR*,7R*,8R*,9S*,10S*,10aR*)-1-(Acetyloxy)-3,5,6,6a,7,8,9,10-octahydro-5,10-dihydroxy-7,8-dimethyl-7-[(2Z)-3-methylpenta-2,4-dien-1-yl]naphtho[1,8a-c]furan-3,9-diyl Dibutanoate', 'Rel. (+)-(7S,10S) 3,12-dihydroxycalamenene', 'Cabraleadiol', '(±)-Syringaresinol', 'Cyclo-(L-Pro-L-Val)', 'carlinoside', 'Methyl-8-(ethanoyloxy)-2,2-dimethyl-2H-chromene-6-carboxylate', 'Amentoflavone', '1-(5,7-dihydroxy-2,2-dimethylchroman-6-yl)-3-(1,1,4a-trimethyl-2,3,4,4a,9a-hexahydro-1H-xanthen-7-yl)propan-1-one', 'Methyl (E)-6,7,8-trimethoxycinnamate', '3,4,5-Trimethoxyphenyl-1-O-β-D-(5-O-syringoyl)-apiofuranosyl-(1→6)-β-D-glucopyranoside', '6-[8(Z),11(Z),14-pentadecatrienyl]salicylic acid', 'Sorbifolin', ""Nitensoside A; Sorbifolin 6-O-α-rhamnopyranosyl(1'''→6'')-β-glucopyranoside"", 'Casearin O; (1R*,3S*,5S*,6aR*,7R*,8R*,9S*,10S*,10aR*)-1,10-Bis(acetyloxy)-5-methoxy-7,8-dimethyl-7-[(2Z)-3-methylpenta-2,4-dien-1-yl]-3,5,6,6a,7,8,9,10-octahydronaphtho[1,8a-c]furan-3,9-diyl Dibutanoate', 'germacrene D', '2β-Hydroxyzuelanin-6β-cinnamate', 'arjunolic acid', 'stachysterone', 'Gallic acid; 3,4,5-trihydroxybenzoic acid', 'Quercitrin, 3-O-α-rhamnosylquercetin', 'Picramnioside F', 'Lauryl gallate', 'Syringaldehyde', '22-hydroxytirucalla-7,24-diene-2,3-dione', 'Trans-3’-methylsulphonylallyl trans-cinnamate', '(3-(2-(4-hydroxyphenyl)-2-oxoethyl)-5,6-dihydropyridin- 2(1H)-one)', 'Mangiferin', 'Viburgenin', ""Pterogynoside; Kaempferol-3-O-(3''-O-4'''-methylgallate-α-L-rhamnoside)"", 'Isobutyl gallate', '7′-multijuguinone', 'Griseofulvin', ""7-Hydroxy-4',6-dimethoxyisoflavone; Afrormosin; Afromosin"", '8-methoxymellein', 'Chalepin', 'Chlorogenic acid', '(4R)-4,8-dihydroxy-α-tetralone', 'Kaempferol', '3-O-β-D-quinovopyranosyl quinovic acid', '2-hydroxyphenylacetic acid', '2-methyl-5-[8(Z)-pentadecenyl]resorcinol']]",doi_name
"['10.1155/2013/835081', 'urauchimycin A']","['10.1155/2013/835081', ['guaiol', 'Hinesol', 'γ-eudesmol', 'α-eudesmol', 'Stearic acid 4-pentoyloxyphenethyl ester', '5,7-dimethoxy-2,2-dimethyl-2H-1-benzopyran-6-propanoate', 'Galioside aglicone', '11-O-trans-feruloylteucrein', 'Teucrein', 'Apodanthoside', 'Galioside', 'Chlorogenic acid methyl ester, Methyl (1S,3R,4R,5R)-3-{[(2E)-3-(3,4-dihydroxyphenyl)-2-propenoyl]oxy}-1,4,5-trihydroxycyclohexanecarboxylate', '(-)-3-O-acetyl-spectaline', 'Anhydrofusarubin', 'Beauvericin', ""4-Hydroxy-(3',7'-dimethyl-1'-oxo-octa-2'-Z-6'-dienyl)benzoic acid"", ""Methyl 4-hydroxy-3-(3'-methyl-2'-hydroxy-3'-butenyl)benzoate"", ""Aduncumene; Methyl 2-methoxy-5-(3'-methyl-1'-oxo-2'-butenyl)benzoate"", 'Piperaduncine B', ""Methyl taboganate; Methyl 4-hydroxy-3-(3'-methyl-1'-oxo-2'-butenyl)benzoate"", '3,4,5-Trimethoxydihydrocinnamic acid', ""Methyl 4-hydroxy-3-(3'-methyl-2'-butenyl)benzoate"", 'Methyl 2,2-dimethyl-1-oxo-2H-1-benzopyran-6-carboxylate', ""2',6'-Dihydroxy-4'-methoxydihydrochalcone"", ""4-Hydroxy-3-(3',7'-dimethylocta-2'-E-6'-dienyl)benzoic acid"", ""Hostmaniene; 4-Hydroxy-3-(2',3'-dihydroxy-3'-methylbutyl)benzoate"", 'astilbin; Rel-(2R, 3R)-dihydroquercetin-3-O-±-L-rhamnoside', 'Xanthyletin', '2,3-dihydro-4,9-dihydroxy-2-(2-hydroxy-propan-2-yl)- 11-methoxy-10-methylfuro[3,2-b]acridin-5(10H)-one', 'bis-5-hydroxyacronycine', 'Citibrasine', 'Piscidinol A', 'Iso-odoratol', 'cryptomeridiol', '3,11-dioxoolean-12-en-28- onic acid', 'Oleanonic acid', 'Pentaol', 'Nilocetin', 'Hispidol A', 'Mycoleptone A', 'Mycoleptone B', 'Mycoleptone A tetraacetate', 'Eugenitin', 'Austdiol diacetate', 'Austdiol', '6-methoxyeugenin', '9-hydroxyeugenin', 'Taraxerol acetate', '2α,3α,19α- trihydroxyurs-12-en-28-oic acid', 'penduletin 4-O-methyl ether', '3,3-O-dimethylquercetin', 'acacetin', '3,7,4-O-trimethylkaempferol', '3-O-methylquercetin', 'p-hydroxybenzoic acid', '2α,3α-dihydroxyolean-12- en-28-oic acid', 'Chrysoeriol', '2-Episesalatin', ""Isoswertisin-2''α1-L-rhamnoside"", 'Sesartemin', 'Clusifoliol', ""Isoswertisin-4'-methyl-ether-2''α-L-rhamnoside"", 'cyclo (L)-Pro-Gly', '21α,25-dimethylmelianodiol', '3,21-Di-epi-feroniellide B', '21β,25-dimethylmelianodiol', 'Secoxyloganin', '7-Methoxydiderroside', 'Diderroside', ""6'-Acetyl-β-D-glucopyranosyldiderroside"", '2-n-Propylquinoline', ""2-(1'-pentenyl)-Quinoline"", '2-n-Pentylquinoline', ""2-(3',4'-methylenedioxyphenylethyl)-Quinoline"", ""4-Methoxy-3-(3',7'-dimethylocta-2'-E-6'-dienyl)benzoic acid"", ""3-(3',7 '-dimethyl-2',6 '-octadienyl)-4-methoxy-benzoic acid"", 'Methyl-8-hydroxy-2,2-dimethyl-2H-chromene-6-carboxylate', '1,3,5-trihydroxy-4-methoxy-10-methyl- 2,8-bis(3-methylbut-2-enyl)acridin-9(10H)-one', '5-hydroxynoracronycine; Atalaphyllidine', 'Citrusinine-I', 'Glycocitrine-IV', 'Glycocitrine-I', 'Citrusinine-II', '3,4-dihydro-3,5,8-trihydroxy-6-methoxy-2,2,7-trimethyl-2Hpyrano[ 2,3-a]acridin-12(7H)-one', '1,3,5-trihydroxy- 2,8-bis(3-methylbut-2-enyl)-10-methyl-9-acridone', 'Pyranofoline', ""2'-hydroxy-3,4,4'-trimethoxy-5',6'-(2'',2''-dimethylpyrano)-chalcone"", ""3',4'-methylenedioxy-5,5',6,7-tetramethoxyflavone"", ""3',4'-methylenedioxy-5,6,7- trimethoxyflavone"", ""3',4'-methylenedioxy-5,7-dimethoxyflavone"", 'Methyl (3R,4R,5R)-3-{[(2E)-3-(3,4-dihydroxyphenyl)-2-propenoyl]oxy}-1,4,5-trihydroxycyclohexanecarboxylate', 'Methyl (3R,4R,5R)-3-{[(2Z)-3-(3,4-dihydroxyphenyl)-2-propenoyl]oxy}-1,4,5-trihydroxycyclohexanecarboxylate', 'Aphidicolin', ""4-Hydroxy-3-(3',7'-dimethyl-3'-hydroxy-1'-oxo-6'-octenyl)benzoic acid"", ""4-Hydroxy-(3',7'-dimethyl-1'-oxo-octa-2'-E-6'-dienyl)benzoic acid"", ""Isosakuranetin; 5,7-dihydroxy-4'-methoxyflavanone"", ""1,4-Dihydroxy-2-(3',7'-dimethyl-1'-oxo-2'-E-6'-octadienyl)benzene"", ""Sakuranetin; 5,4'-dihydroxy-7-methoxyflavanone"", '(+)-α-Hydroxyerysotrine', '(+)-Erythravine', '(+)-11α-Hydroxyerythravine', 'Epi-guaiacin', 'Verrucosin', 'Nectandrin B', '7-Methyl-sargachromenol; 2,7,8-Trimethyl-2-[(3-E,7-Z)-4,12-dimethyl-8-carboxyl-3,7,11-tridecatrienyl]-3-chromen-6-ol, β-caroteno', '17-(3,4-Methylenedioxyphenyl)-heptadecanoic acid', 'Farnisine', '19´-(3,4-Methylenedioxyphenyl)-nonadecanoic acid', 'Sargaquinoic acid', 'Sargachromenol', '21´-(3,4-Methylenedioxyphenyl)-henicosanoic acid', ""7,4'-Dimethoxyflavone"", ""7,4'-Dihydroxyflavone"", '(+)-Guaiacin', 'Fasciculiferin', 'Tithonine', ""Juruenolic acid; 2-(4'-Methylpentenyl-3)-10-oxoundecan-2,6-dienoic acid"", ""3,4-dimethyl-2-(4'-hydroxy-3',5'-dimethoxyphenyl)-5-methoxy-tetrahydrofuran"", 'Nitensidine E', 'Nitensidine D', 'Pimara-7,15-dien-3β-ol', 'Dimethyl terephthalate', '8-hydroxy-6-methoxy-3-methylisocoumarin', '(22E,24R)-ergosta-4,6,8(14),22-tetraen-3-one', 'Ergosterol peroxide', '4-metoxi-6-[2-(metilamino)fenil]- 2H-piran-2-ona', 'Tagitinin C', '1-methoxy-3-hydroxy-3,10b-4,5a-diepoxy-8b-isobutyroyloxygermacr-11(13)-en-6a,12-olide', '5,7-dimethoxy-2,2-dimethyl-2H-1-benzopyran-6-propanoic acid', 'Methacrylic acid', 'Isopimpinellin', 'Harman-3-carboxylic acid', '3,4-dehydro-strictosidine', 'Cordifoline', '3,4-dehydrostrictosidine acid', 'Turbinatine', 'Strictosidine acid', '5α-carboxystrictosidine', 'Deoxycordifoline', ""3',4',5',3,5,7,8-heptamethoxyflavone"", ""3,5,6,7,3',4',5'-heptamethoxyflavonol"", ""Rel-(7R,8S,7'S,8'S)-4-hydroxy-4',5'-methylenedioxy-3,5,3'-trimethoxy-7,7'-epoxylignan"", ""Rel-(7R,8S,7'S,8'S)-4',5'-methylenedioxy-3,4,5,3'-tetramethoxy-7,7'-epoxylignan"", ""Rel-(7R,8S,7'S,8'S)-4,5,4',5'-dimethylenedioxy-3,3'-dimethoxy-7,7'-epoxylignan"", ""Rel-(7R,8S,7'S,8'S)-9-hydroxy-4',5'-methylenedioxy-3,4,5,3'-tetramethoxy-7,7'-epoxylignan"", ""Rel-(7R,8S,7'S,8'S)-4'-hydroxy-3,4,5,3',5'-pentamethoxy-7,7'-epoxylignan"", 'Kaempferol-3-O-α-L-rhamnopyranosyl-(1→6)-β-D-galactopyranoside', 'Catechin, Ent-catechin', 'Kaempferol-3-O-rutinoside', 'Procyanidin B-3', 'Kaempferol-3-O-D-galactopyranoside', 'Quercetin-3-O-α-L-rhamnopyranosyl-(1→6)-β-D-galactopyranoside', 'Kaempferol-3-O-D-glucopyranoside', 'Kaempferol-3-O-α-L-rhamnopyranosyl-(1-6)-α-L-rhamnopyranosyl-(1-4)-β-D-glucopyranoside', '6-Hydroxy-rutin', 'β-Gardiol', 'Ferulic acid', 'α-Gardiol', 'β-caryophyllene, trans-caryophyllene', 'Pellitorine', '(3Z,5Z)-N-isobutyl-8-(30,40-methylenedioxy-phenyl)-heptadienamide', ""N-[3-(6'-methoxy-3',4'-methy-lenedioxyphenyl)-2(Z)-propenoyl]pyrrolidine"", '4,5-dihydropiperlonguminine; Piperlonguminine', '10,11-dihydropiperine; Δα,β-dihydropiperine', '(Z)-piplartine; 8(Z)-N-(12,13, 14-trimethoxycinnamoyl)- 3-pyridin-2-one', 'Piperine', '4,5-dihydropiperyline', '8,9-dihydropiplartine; N-(12,13,14-trimethoxydihydrocinnamoyl)-Δ3-pyridin-2-one', '(E)-piplartine', 'Cuspanine; 1-hydroxy-2,3,5,6-tetramethoxy-9-acridone', 'Cusculine; 1,2,3,5,6-pentamethoxy-9-acridone', '2α,3α-Dihydroxy-urs-12-en-28-oic acid', 'Oleanolic acid 3-sophoroside', '3-O-β-D-(6’-methyl)-glucopyranosyl-28-O-β-D-glucopyranosyl-oleanate', 'Haplotusine', 'β-Sitosterol benzoate', '5-hydroxyflavone', '2-phenyl-4H-chromen-4-one', 'Sinapyl 4-O-β-D-glucopyranoside aldehyde', 'N-acetylnonaine', 'Liriodenine', 'Sinapyl 4-O-β-D-glucopyranoside alcohol', '[10]-gingerol', '3β-hydroxy-stigmast-5-en-7-one; 24-β-7-oxositosterol', 'scillascillin', ""2-(2'-O-trans-caffeoyl)-C-β-D-glucopyranosyl-1,3,6,7-tetrahydroxyxanthone"", 'Netzahualcoyene', 'Casearin X Dialdehyde; (2R*,4aS*,5S*,7R*,8R*,8aS*)-4,4a-Diformyl-1,2,4a,5,6,7,8,8a-octahydro-5-hydroxy-7,8-dimethyl-8-[(2Z)-3-methylpenta-2,4-dien-1-yl]naphthalen-2-yl Butanoate', 'polypodine B', 'n-Propyl gallate', ""3',4',5',5,7,8-hexamethoxyflavone"", 'Isopropyl gallate', '6β-hydroxy-7-epigardoside methyl ester', 'Tetrahydropiperyline, N-[10-(13,14-methylenedioxyphenyl)-pentanoyl]-pyrrolidine', 'Piperovatine', '2,4,6-trimethoxybenzoic acid', '1-O-(E)-caffeoyl-β-D-glucopyranoside', 'Piperol B', ""2,4-Dihydroxy-6-[(1'E,3'E)-penta-1', 3'-dienyl]-benzaldehyde"", 'Nitensidine A', ""8-hydroxy-3,5,7,3',4',5'-hexamethoxyflavonol"", 'Odoratol', 'Leptomerine', '5-hydroxy-N-methylseverifoline', '19,20-Epoxycytochalasin N', 'ellagic acid 4-O-α-L-rhamnopyranoside; eschweilenol C', 'Mayoside C', 'Ourateacatechin', ""3',4',5',5,7-pentamethoxyflavone"", '2-methyl-5-pentadecylresorcinol', 'Ixoside', '2β-Hydroxyzuelanin-6β-cinnamate', 'Cognatine', 'Fagaramide', '[8]-gingerol', ""5-(3'' -Hydroxypropyl)-7-methoxy-2-(3',4' -methyl-enedioxyphenyl)benzofuran"", '22β-hydroxypristimerin', '1- (5,7-dihydroxy-2,2-dimethylchroman-6-yl)-3-(2,2-dimethylchroman- 6-yl)propan-1-one', 'Canavaline', 'Di-hydrodehydrodiconiferyl alcohol', 'Quercetin', ""2-(2'-O-trans-cinnamoyl)-C-β-D-glucopyranosyl-1,3,6,7-tetrahydroxyxanthone"", 'Kokusaginine', 'Ocotillone', 'des-N-methylnoracronycine', 'Sorbifolin 6-O-β-glucopyranoside', 'Rel-2α-hydroxyzuelanin-6β-benzoate', '2,6-di-O-acetylcasearupestrin D', ""Methyl-2,2-dimethyl-8-(3'-methylbut-2'-enyl)chroman-6-carboxylate"", '2,7-Di-O-acetylcasearupestrin A', 'fumiquinozoline F', 'Kaempferol 3-O-α-L-rhamnopyranosyl (1→6)-O-[β -D-glucopyranosyl (1→3)-O-α-L-rhamnopyranosyl-(1→2)]-O-β -D-glucopyranosyl', '3β-O-[α-L-rhamnopyranosyl-(1→2)-O-β-D-glucopyranosyl-(1→2)-O-β-D-glucopyranosyl]-28-O-β-D-glucopyranoside pomolate', 'Nitensidine B', '1-methyl-2-n-nonyl-4-quinolone', '5-[8(Z),11(Z),14-pentadecatrienyl]resorcinol', 'Gallic acid; 3,4,5-trihydroxybenzoic acid', 'Maculosidine', 'Podocarpusflavone A', 'Casearupestrin C', '6α-malonyloxy-n-butyl ester manoyl oxide', 'citrusinine-I', 'Ricinine', 'Leptophyllin A', '5-pentadecylresorcinol', 'Homoegonol', '(-)-Epigallocatechin', 'Netzahualcoyonol', '1-[3-(3,7-dimethylocta-2,6-dien-1-yl)-2,4,6- trihydroxyphenyl]-3-(4-hydroxyphenyl)propan-1-one', '6α-malonyloxymanoyl oxide', 'Benzylhydroxymethyl sulphide', '1,6-di-O-caffeoyl-β-D-glucopyranoside', '4-Hydroxymellein', '5-hydroxymellein', 'fraxinellonone', 'Dibenzyl sulphide', '(-) Cis-4-hydroxy-6-deoxyscytalone', 'Plumericin', '5-[8(Z),11(Z)-pentadecadienyl]resorcinol', '(-)-Spectalinine', 'Netzahualcoyondiol', '19,20-Epoxycytochalasin D', '28-O-β-D-glucopyranosyl quinovic acid', '2-Methyl-4-hydroxy-butyl caffeoate', 'N-1,N-2,N-3-Triisopentenylguanidine', 'Dibenzyl trisulphide', 'Maytenin, Tingenone', 'urauchimycin B', 'Quercitrin, 3-O-α-rhamnosylquercetin', 'Caseobliquin A', 'Methyl angolensate', 'Dibenzyl tetrasulphide', ""2',5-dihydroxy-3-methoxy-8-dimethylallyl-6, 7-(2' ',2''-dimethylpyrano)-dihydroflavonol"", '2-n-nonyl-4-quinolone', 'Cytochalasin D', 'Isoorientin', 'urauchimycin A', 'p-Coumaric acid', 'Phomopsilactone', ""(2S)-8-Isopentyl-2-methyl-2-(4'-methylpentyl)chroman-6-carboxylic acid"", '2-methyl-5-[8(Z),11(Z),14-pentadecatrienyl]resorcinol', '20-hydroxyecdysone; polypodine A', '3-Acetyl aleuritolic acid', 'Alkenoic acid', 'Quercetin 3-O-α-L-rhamnopyranosyl (1→6)-O-[β -D-glucopyranosyl (1→3)-O-α-L-rhamnopyranosyl-(1→2)]-O-β -D-glucopyranosyl', 'Heveaflavone', 'Arboreumine', '3-Oxoursolic acid', 'Casearupestrin B', 'toonacilin', 'Uracil', 'Pristimerin; 20α-3-hydroxy-2-oxo-24-nor-friedela-1-10,3,5,7-tetraen-carboxylic acid-29-methylester', '(-)-Hardwickiic acid', ""5-[3''-(β-D-glucopyranosyloxy)propyl]-7-methoxy-2-(3',4'-methylenedioxyphenyl)benzofuran"", 'limonexic acid', 'Pedalitin', 'Skimmianine', '3,4,5-trimethoxyphenyl 1-O-β-D-apiofuranosyl-(1→6)-O-β-D-glucopyranoside', 'β-photogedunin', 'n-Butyl gallate', ""5-[3''-(β-D-glucopyranosyloxy)propyl]-7-methoxy-2-(3',4'-dimethoxyphenyl)benzofuran"", '3,12-Dihydroxycadalene', '7-hydroxy-3- (11-dimethylallyl)-8-methoxycoumarin', ""N-[7-(3',4'-methylenedioxyphenyl)-2(Z),4(Z)-heptadienoyl]pyrrolidine"", ""Acteoside; [β-3,4-dihydroxyphenyl)-ethyl]-(3'-O-α-L-rhamnopyranosyl)-(4'-O-cafeoyl)-β-D-glycopyranoside, verbascoside"", '1-O-(E)-feruloyl-β-D-glucopyranoside', '19,20-Epoxycytochalasin C', 'n-Pentyl gallate', 'Orcinol', 'Periconicin B', 'Di(benzyltrithio) methane', '3,11,12-Trihydroxycadalene', 'Quercetin 3-O-sophoroside', '(3R,4R)-3,4-Dihydro-4,6-dihydroxy-3-methyl-1-oxo-1H-isochromene-5-carboxylic acid', '24-methylene-3,22-dihydroxycholesterol', '2,2-dimethyl-2H-chromene-6-carboxylic acid', '1,2-dihydro- 3β-hydroxy-7-deacetoxy-7-oxogedunin', 'Photogedunin', 'Casearin X; (1R*,3S*,5S*,6aR*,7S*,8S*,10R*,10aR*)-1-(Acetyloxy)-3,5,6,6a,7,8,9,10-octahydro-10-hydroxy-7,8-dimethyl-7-[(2Z)-3-methylpenta-2,4-dien-1-yl]naphtho[1,8a-c]furan-3,5-diyl Dibutanoate', ""2-(R)-Methyl-6-(S)-(tetradecyl-13'-one)-3(R)-O-tert-butyldimethylsilyl-piperidine"", '(2S)-Methyl-2-methyl-8-(3""-methylbut-2""-enyl)-2-(4\'-methylpent-3\'-enyl)-2H-chromene-6-carboxylate', 'Casearin T', 'Piperyline, N-[10-(13,14-methylenedioxyphenyl)-7(E),9(E)-pentadienoyl]-pyrrolidine', 'ω-fenil alcanoic acid', '2-butyl-D-fructofuranoside', ""Gaudichaudianic acid; (2S)-2-methyl-2-(4'methyl-3'-pentenyl)-8-(3''-methyl-2-butenyl)- 2H-1-benzopyran-6-carboxylic acid"", '(2S)-2-methyl-8-(3""-methylbut-2""-enyl)-2-(4\'-methylpent-3\'-enyl)-2H-chromene-6-carboxylic acid', 'Burchellin', '5-[8(Z)-pentadecenyl]resorcinol', 'Luteolin; 2-(3,4-dihydroxyphenyl)-5,7-dihydroxy-4H-chromen-4-one', 'Sinapic acid', '19,20-Epoxycytochalasin Q', '19,20-Epoxycytochalasin R', 'Muraxanthone', 'p-hydroxybenzoic acid-geranyl ester', 'Dibenzyl disulphide', 'Proanthocyanidin', 'neoisoastilbin', '(R)-7-Hydroxymellein', '6α-acetoxymanoyl oxide', 'Methyl-8-hydroxy-2,2-dimethylchroman-6-carboxylate', '6α-acetoxy-14β,15β-epoxyazadirone', 'Methyl 6,7,8-trimethoxydihydrocinnamate', '2-Hexyl-3-methyl-butanodioic acid', 'fraxinellone', '6-[ 8(Z),11(Z) -pentadecadienyl] salicylic acid', 'Odoratone', 'Rel-6β-hydroxyzuelanin-2β-benzoate', 'shidasterone', '5-hydroxymethyl- 2-furancarboxaldehyde; 5-hydroxymethyl-2-furfuraldehyde', 'atalaphyllinine', 'amorphispironone', 'Casearupestrin D', 'Chaetoglobosin B', ""2-(2'-O-benzoyl)-C-β-D-glucopyranosyl-1,3,6,7-tetrahydroxyxanthone"", 'Isoplumericin', 'α-L-xylopyranosyl-(4""→20)-(3-O-β-D-glucopyranosyl)-1\'-O-E-caffeoyl-β-D-glucopyranoside', '6-[8(Z)-pentadecenyl]salicylic acid', 'Gedunin', 'Pedalin, pedalitin 6-O-β -glucopyranoside', 'Caseargrewiin F; (1R*,3S*,5S*,6aR*,7S*,8R*,10R*,10aR*)-1,3-Bis(acetyloxy)-3,5,6,6a,7,8,9,10-octahydro-10-hydroxy-7,8-dimethyl-7-[(2Z)-3-methylpenta-2,4-dien-1-yl]naphtho[1,8a-c]furan-5-yl Butanoate', 'Casearin L; (1R*,3S*,5S*,6aR*,7R*,8R*,9S*,10S*,10aR*)-1,10-Bis(acetyloxy)-3,5,6,6a,7,8,9,10-octahydro-9-hydroxy-5-methoxy-7,8-dimethyl-7-[(2Z)-3-methylpenta-2,4-dien-1-yl]naphtho[1,8a-c]-furan-3-yl Butanoate', 'Platydesmine', 'Leiokinine A', 'Cabraleadiol', 'schaftoside', ""(2S)-Methyl-8-isopentyl-2-methyl-2-(4'-methylpentyl)chroman-6-carboxylate"", '3,4,5-Triacetoxybenzoic acid', 'epoxy-fraxinellone', '12′-hydroxy-7′-multijuguinone', 'Kaempferitrin', 'Nitensidine C', 'Dipropyl disulphide', '2-methyl-5-[8(Z),11(Z)-pentadecadienyl]resorcinol', ""(2'S)-2-(propan-2'-ol)-5-hydroxy-benzopyran-4-one"", 'Rel-(+)-(7S,9R,10S)-3,9,12-trihydroxycalamenene', 'Casearin S', '11β-acetoxyobacunone', '1-(5,7-dihydroxy-2,2-dimethylchroman- 6-yl)-3-[4-hydroxy-3-(3-methylbut-2-en-1-yl)- phenyl]propan-1-one', '(3R,4R)-4,7-Dihydroxymellein', ""Nitensoside B; Pedalitin 6-O-α-rhamnopyranosyl(1'''→6'')-β-glucopyranoside"", 'Amentoflavone', 'Methyl gallate', '3-O-β-D-quinovopyranosyl cincholic acid', 'Afzelin, 3-O-α-rhamnosyl kaempferol', 'Egonol', 'N-[10- (13,14-methylenedioxyphenyl)-7(E)-pentaenoyl]-pyrrolidine', '2-Methyl-5-methoxy-benzopyran-4-one', '3,4-dihydroxybenzoic acid geranyl ester', 'N-[10-(13,14-methylenedioxyphenyl)-7(E),9(Z)-pentadienoyl]-pyrrolidine', 'Syringic acid', '(+)-3-O-feruloylcassine', '1-(5,7-dihydroxy-2,2-dimethylchroman-6-yl)-3-(1,1,4a-trimethyl-2,3,4,4a,9a-hexahydro-1H-xanthen-7-yl)propan-1-one', 'Methyl (E)-6,7,8-trimethoxycinnamate', '3,4,5-Trimethoxyphenyl-1-O-β-D-(5-O-syringoyl)-apiofuranosyl-(1→6)-β-D-glucopyranoside', '6-[8(Z),11(Z),14-pentadecatrienyl]salicylic acid', 'Sorbifolin', ""Nitensoside A; Sorbifolin 6-O-α-rhamnopyranosyl(1'''→6'')-β-glucopyranoside"", 'Casearin O; (1R*,3S*,5S*,6aR*,7R*,8R*,9S*,10S*,10aR*)-1,10-Bis(acetyloxy)-5-methoxy-7,8-dimethyl-7-[(2Z)-3-methylpenta-2,4-dien-1-yl]-3,5,6,6a,7,8,9,10-octahydronaphtho[1,8a-c]furan-3,9-diyl Dibutanoate', 'germacrene D', '6-pentadecylsalicylic acid', 'Methyl-2,2-dimethylchroman-6-carboxylate', ""Myrsinoic acid A, 3-Geranyl-4-hydroxy-5-(3'',3''-dimethylallyl)benzoic acid"", 'Casearupestrin A', '2-oxo-piperol B; (7S*, 8R*, 1R*, 3R*)-3,4,5-trimethoxy-3,7-cyclo-8,1-neolig-8-ene-2,4(3H)-dione', 'taxifolin', '(-)-Epigallocatechin-3-O-gallate', 'Casearin D; (1R*,3S*,5S*,6aR*,7R*,8R*,9S*,10S*,10aR*)-1-(Acetyloxy)-3,5,6,6a,7,8,9,10-octahydro-5,10-dihydroxy-7,8-dimethyl-7-[(2Z)-3-methylpenta-2,4-dien-1-yl]naphtho[1,8a-c]furan-3,9-diyl Dibutanoate', 'Rel. (+)-(7S,10S) 3,12-dihydroxycalamenene', 'carlinoside', 'Methyl-8-(ethanoyloxy)-2,2-dimethyl-2H-chromene-6-carboxylate', 'arjunolic acid', 'stachysterone', 'Ethyl 2,4-dihydroxy-5,6-dimethylbenzoate', 'Amentoflavone 7”,4”’-dimethyl ether', 'Picramnioside F', 'Lauryl gallate', 'Syringaldehyde', '22-hydroxytirucalla-7,24-diene-2,3-dione', 'Trans-3’-methylsulphonylallyl trans-cinnamate', '4-Nerolidilcatechol', ""2-(2'-O-transcoumaroyl)-C-β-D-glucopyranosyl-1,3,6,7-tetrahydroxyxanthone"", '(3-(2-(4-hydroxyphenyl)-2-oxoethyl)-5,6-dihydropyridin- 2(1H)-one)', 'Mangiferin', 'Salacin', 'Viburgenin', ""Pterogynoside; Kaempferol-3-O-(3''-O-4'''-methylgallate-α-L-rhamnoside)"", 'Isobutyl gallate', '7′-multijuguinone', 'Griseofulvin', ""7-Hydroxy-4',6-dimethoxyisoflavone; Afrormosin; Afromosin"", '8-methoxymellein', '(±)-Syringaresinol', 'Cyclo-(L-Pro-L-Val)', 'Acetonide of odoratol', '(−)-Grandisin', '24-methylenecycloartan-3b-ol', '20α-Hydroxymaytenin; 20-hydroxy-20-epi-tingenone', 'Chalepin', 'Chlorogenic acid', '(4R)-4,8-dihydroxy-α-tetralone', 'Kaempferol', '3-O-β-D-quinovopyranosyl quinovic acid', '2-hydroxyphenylacetic acid', '2-methyl-5-[8(Z)-pentadecenyl]resorcinol']]",doi_name
"['10.1016/S0031-9422(01)00431-9', 'N-[10- (13,14-methylenedioxyphenyl)-7(E)-pentaenoyl]-pyrrolidine']","['10.1016/S0031-9422(01)00431-9', ['guaiol', 'γ-eudesmol', 'Hinesol', 'α-eudesmol', 'Galioside aglicone', '11-O-trans-feruloylteucrein', 'Teucrein', 'Apodanthoside', 'Galioside', '4-metoxi-6-[2-(metilamino)fenil]- 2H-piran-2-ona', ""3,4-dimethyl-2-(4'-hydroxy-3',5'-dimethoxyphenyl)-5-methoxy-tetrahydrofuran"", 'Anhydrofusarubin', 'Beauvericin', '(+)-11α-Hydroxyerythravine', '(+)-Erythravine', '(+)-α-Hydroxyerysotrine', 'Tagitinin C', '1-methoxy-3-hydroxy-3,10b-4,5a-diepoxy-8b-isobutyroyloxygermacr-11(13)-en-6a,12-olide', 'Taraxerol acetate', ""3',4',5',3,5,7,8-heptamethoxyflavone"", ""3,5,6,7,3',4',5'-heptamethoxyflavonol"", 'Chlorogenic acid methyl ester, Methyl (1S,3R,4R,5R)-3-{[(2E)-3-(3,4-dihydroxyphenyl)-2-propenoyl]oxy}-1,4,5-trihydroxycyclohexanecarboxylate', 'Nitensidine D', 'Nitensidine E', 'Kaempferol-3-O-D-galactopyranoside', 'Procyanidin B-3', 'Kaempferol-3-O-α-L-rhamnopyranosyl-(1-6)-α-L-rhamnopyranosyl-(1-4)-β-D-glucopyranoside', 'Kaempferol-3-O-D-glucopyranoside', 'Quercetin-3-O-α-L-rhamnopyranosyl-(1→6)-β-D-galactopyranoside', '6-Hydroxy-rutin', 'Kaempferol-3-O-α-L-rhamnopyranosyl-(1→6)-β-D-galactopyranoside', 'Kaempferol-3-O-rutinoside', 'Catechin, Ent-catechin', 'Methyl (3R,4R,5R)-3-{[(2Z)-3-(3,4-dihydroxyphenyl)-2-propenoyl]oxy}-1,4,5-trihydroxycyclohexanecarboxylate', 'Methyl (3R,4R,5R)-3-{[(2E)-3-(3,4-dihydroxyphenyl)-2-propenoyl]oxy}-1,4,5-trihydroxycyclohexanecarboxylate', '5,7-dimethoxy-2,2-dimethyl-2H-1-benzopyran-6-propanoate', 'Mycoleptone A', '9-hydroxyeugenin', 'Austdiol diacetate', 'Mycoleptone B', 'Austdiol', 'Eugenitin', 'Mycoleptone A tetraacetate', '6-methoxyeugenin', '(-)-3-O-acetyl-spectaline', '2α,3α,19α- trihydroxyurs-12-en-28-oic acid', '3,3-O-dimethylquercetin', 'penduletin 4-O-methyl ether', 'p-hydroxybenzoic acid', 'Chrysoeriol', 'acacetin', '3-O-methylquercetin', '3,7,4-O-trimethylkaempferol', '2α,3α-dihydroxyolean-12- en-28-oic acid', 'Deoxycordifoline', 'Turbinatine', '5α-carboxystrictosidine', 'Harman-3-carboxylic acid', 'Cordifoline', 'Strictosidine acid', '3,4-dehydrostrictosidine acid', '3,4-dehydro-strictosidine', 'astilbin; Rel-(2R, 3R)-dihydroquercetin-3-O-±-L-rhamnoside', 'Pimara-7,15-dien-3β-ol', 'Ergosterol peroxide', '(22E,24R)-ergosta-4,6,8(14),22-tetraen-3-one', 'Dimethyl terephthalate', '8-hydroxy-6-methoxy-3-methylisocoumarin', ""4-Hydroxy-3-(3',7'-dimethyl-3'-hydroxy-1'-oxo-6'-octenyl)benzoic acid"", ""Isosakuranetin; 5,7-dihydroxy-4'-methoxyflavanone"", ""Sakuranetin; 5,4'-dihydroxy-7-methoxyflavanone"", ""4-Hydroxy-(3',7'-dimethyl-1'-oxo-octa-2'-E-6'-dienyl)benzoic acid"", ""1,4-Dihydroxy-2-(3',7'-dimethyl-1'-oxo-2'-E-6'-octadienyl)benzene"", '5,7-dimethoxy-2,2-dimethyl-2H-1-benzopyran-6-propanoic acid', '17-(3,4-Methylenedioxyphenyl)-heptadecanoic acid', 'Farnisine', 'Sargaquinoic acid', 'Sargachromenol', '19´-(3,4-Methylenedioxyphenyl)-nonadecanoic acid', ""7,4'-Dihydroxyflavone"", '21´-(3,4-Methylenedioxyphenyl)-henicosanoic acid', '(+)-Guaiacin', ""7,4'-Dimethoxyflavone"", 'Fasciculiferin', 'Tithonine', ""Juruenolic acid; 2-(4'-Methylpentenyl-3)-10-oxoundecan-2,6-dienoic acid"", ""Isoswertisin-4'-methyl-ether-2''α-L-rhamnoside"", 'Clusifoliol', ""Isoswertisin-2''α1-L-rhamnoside"", '2-Episesalatin', 'Sesartemin', '2-n-Propylquinoline', ""2-(3',4'-methylenedioxyphenylethyl)-Quinoline"", ""2-(1'-pentenyl)-Quinoline"", '2-n-Pentylquinoline', ""3',4'-methylenedioxy-5,6,7- trimethoxyflavone"", ""3',4'-methylenedioxy-5,5',6,7-tetramethoxyflavone"", ""2'-hydroxy-3,4,4'-trimethoxy-5',6'-(2'',2''-dimethylpyrano)-chalcone"", ""3',4'-methylenedioxy-5,7-dimethoxyflavone"", '3,21-Di-epi-feroniellide B', '21β,25-dimethylmelianodiol', '21α,25-dimethylmelianodiol', 'Aphidicolin', 'Nilocetin', 'Hispidol A', '3,11-dioxoolean-12-en-28- onic acid', 'Iso-odoratol', 'Pentaol', 'Oleanonic acid', 'cryptomeridiol', 'Piscidinol A', ""Methyl 4-hydroxy-3-(3'-methyl-2'-butenyl)benzoate"", '3,4,5-Trimethoxydihydrocinnamic acid', ""Methyl taboganate; Methyl 4-hydroxy-3-(3'-methyl-1'-oxo-2'-butenyl)benzoate"", ""2',6'-Dihydroxy-4'-methoxydihydrochalcone"", 'Methyl 2,2-dimethyl-1-oxo-2H-1-benzopyran-6-carboxylate', 'Piperaduncine B', ""Hostmaniene; 4-Hydroxy-3-(2',3'-dihydroxy-3'-methylbutyl)benzoate"", ""4-Hydroxy-3-(3',7'-dimethylocta-2'-E-6'-dienyl)benzoic acid"", ""4-Hydroxy-(3',7'-dimethyl-1'-oxo-octa-2'-Z-6'-dienyl)benzoic acid"", ""Aduncumene; Methyl 2-methoxy-5-(3'-methyl-1'-oxo-2'-butenyl)benzoate"", ""Methyl 4-hydroxy-3-(3'-methyl-2'-hydroxy-3'-butenyl)benzoate"", '7-Methoxydiderroside', 'Diderroside', ""6'-Acetyl-β-D-glucopyranosyldiderroside"", 'Secoxyloganin', '2,3-dihydro-4,9-dihydroxy-2-(2-hydroxy-propan-2-yl)- 11-methoxy-10-methylfuro[3,2-b]acridin-5(10H)-one', 'bis-5-hydroxyacronycine', 'Citibrasine', ""Rel-(7R,8S,7'S,8'S)-4'-hydroxy-3,4,5,3',5'-pentamethoxy-7,7'-epoxylignan"", ""Rel-(7R,8S,7'S,8'S)-4,5,4',5'-dimethylenedioxy-3,3'-dimethoxy-7,7'-epoxylignan"", ""Rel-(7R,8S,7'S,8'S)-4-hydroxy-4',5'-methylenedioxy-3,5,3'-trimethoxy-7,7'-epoxylignan"", ""Rel-(7R,8S,7'S,8'S)-4',5'-methylenedioxy-3,4,5,3'-tetramethoxy-7,7'-epoxylignan"", ""Rel-(7R,8S,7'S,8'S)-9-hydroxy-4',5'-methylenedioxy-3,4,5,3'-tetramethoxy-7,7'-epoxylignan"", '3,4-dihydro-3,5,8-trihydroxy-6-methoxy-2,2,7-trimethyl-2Hpyrano[ 2,3-a]acridin-12(7H)-one', '1,3,5-trihydroxy- 2,8-bis(3-methylbut-2-enyl)-10-methyl-9-acridone', 'Pyranofoline', '5-hydroxynoracronycine; Atalaphyllidine', 'Glycocitrine-IV', 'Citrusinine-I', 'Glycocitrine-I', 'Citrusinine-II', '1,3,5-trihydroxy-4-methoxy-10-methyl- 2,8-bis(3-methylbut-2-enyl)acridin-9(10H)-one', 'Stearic acid 4-pentoyloxyphenethyl ester', 'Verrucosin', 'Epi-guaiacin', 'Nectandrin B', '7-Methyl-sargachromenol; 2,7,8-Trimethyl-2-[(3-E,7-Z)-4,12-dimethyl-8-carboxyl-3,7,11-tridecatrienyl]-3-chromen-6-ol, β-caroteno', 'α-Gardiol', 'β-Gardiol', 'Ferulic acid', 'Methacrylic acid', 'Xanthyletin', 'Pellitorine', '(3Z,5Z)-N-isobutyl-8-(30,40-methylenedioxy-phenyl)-heptadienamide', '(Z)-piplartine; 8(Z)-N-(12,13, 14-trimethoxycinnamoyl)- 3-pyridin-2-one', ""N-[3-(6'-methoxy-3',4'-methy-lenedioxyphenyl)-2(Z)-propenoyl]pyrrolidine"", '4,5-dihydropiperyline', 'Piperine', '4,5-dihydropiperlonguminine; Piperlonguminine', '(E)-piplartine', '10,11-dihydropiperine; Δα,β-dihydropiperine', '8,9-dihydropiplartine; N-(12,13,14-trimethoxydihydrocinnamoyl)-Δ3-pyridin-2-one', ""4-Methoxy-3-(3',7'-dimethylocta-2'-E-6'-dienyl)benzoic acid"", 'Methyl-8-hydroxy-2,2-dimethyl-2H-chromene-6-carboxylate', ""3-(3',7 '-dimethyl-2',6 '-octadienyl)-4-methoxy-benzoic acid"", 'cyclo (L)-Pro-Gly', 'Isopimpinellin', 'β-caryophyllene, trans-caryophyllene', 'Cusculine; 1,2,3,5,6-pentamethoxy-9-acridone', 'Cuspanine; 1-hydroxy-2,3,5,6-tetramethoxy-9-acridone', '2α,3α-Dihydroxy-urs-12-en-28-oic acid', '3-O-β-D-(6’-methyl)-glucopyranosyl-28-O-β-D-glucopyranosyl-oleanate', 'Oleanolic acid 3-sophoroside', 'Haplotusine', '5-hydroxyflavone', 'β-Sitosterol benzoate', '2-phenyl-4H-chromen-4-one', 'Sinapyl 4-O-β-D-glucopyranoside aldehyde', 'N-acetylnonaine', 'Sinapyl 4-O-β-D-glucopyranoside alcohol', 'Liriodenine', '[10]-gingerol', ""2,4-Dihydroxy-6-[(1'E,3'E)-penta-1', 3'-dienyl]-benzaldehyde"", '2-methyl-5-[8(Z)-pentadecenyl]resorcinol', 'Nitensidine A', '2-hydroxyphenylacetic acid', '2-methyl-5-pentadecylresorcinol', '3β-hydroxy-stigmast-5-en-7-one; 24-β-7-oxositosterol', 'scillascillin', 'Homoegonol', '[8]-gingerol', '4-Hydroxymellein', '5-hydroxymellein', 'fraxinellonone', 'Dibenzyl sulphide', '(-) Cis-4-hydroxy-6-deoxyscytalone', 'Plumericin', '2,6-di-O-acetylcasearupestrin D', ""Methyl-2,2-dimethyl-8-(3'-methylbut-2'-enyl)chroman-6-carboxylate"", '2,7-Di-O-acetylcasearupestrin A', 'Nitensidine B', '3-O-β-D-quinovopyranosyl quinovic acid', ""8-hydroxy-3,5,7,3',4',5'-hexamethoxyflavonol"", 'Odoratol', 'Leptomerine', '5-hydroxy-N-methylseverifoline', '19,20-Epoxycytochalasin N', 'ellagic acid 4-O-α-L-rhamnopyranoside; eschweilenol C', 'Mayoside C', 'Ourateacatechin', ""3',4',5',5,7-pentamethoxyflavone"", '24-methylenecycloartan-3b-ol', 'Ixoside', '6α-malonyloxy-n-butyl ester manoyl oxide', 'citrusinine-I', 'Ricinine', 'Leptophyllin A', '5-pentadecylresorcinol', '22β-hydroxypristimerin', '1- (5,7-dihydroxy-2,2-dimethylchroman-6-yl)-3-(2,2-dimethylchroman- 6-yl)propan-1-one', 'Canavaline', 'Di-hydrodehydrodiconiferyl alcohol', 'Quercetin', ""2-(2'-O-trans-cinnamoyl)-C-β-D-glucopyranosyl-1,3,6,7-tetrahydroxyxanthone"", 'Kokusaginine', 'Ocotillone', 'des-N-methylnoracronycine', 'Sorbifolin 6-O-β-glucopyranoside', 'Rel-2α-hydroxyzuelanin-6β-benzoate', 'p-hydroxybenzoic acid-geranyl ester', 'Dibenzyl disulphide', 'Proanthocyanidin', 'neoisoastilbin', '(R)-7-Hydroxymellein', '6α-acetoxymanoyl oxide', 'Methyl-8-hydroxy-2,2-dimethylchroman-6-carboxylate', '6α-acetoxy-14β,15β-epoxyazadirone', '19,20-Epoxycytochalasin D', 'fumiquinozoline F', '1-methyl-2-n-nonyl-4-quinolone', '5-[8(Z),11(Z),14-pentadecatrienyl]resorcinol', 'Gallic acid; 3,4,5-trihydroxybenzoic acid', 'Maculosidine', 'Podocarpusflavone A', 'Casearupestrin C', 'urauchimycin A', 'p-Coumaric acid', '(-)-Epigallocatechin', 'Netzahualcoyonol', '1-[3-(3,7-dimethylocta-2,6-dien-1-yl)-2,4,6- trihydroxyphenyl]-3-(4-hydroxyphenyl)propan-1-one', 'Isopropyl gallate', '6β-hydroxy-7-epigardoside methyl ester', 'Tetrahydropiperyline, N-[10-(13,14-methylenedioxyphenyl)-pentanoyl]-pyrrolidine', 'Piperovatine', '2,4,6-trimethoxybenzoic acid', '1-O-(E)-caffeoyl-β-D-glucopyranoside', 'Quercitrin, 3-O-α-rhamnosylquercetin', 'Caseobliquin A', 'Methyl angolensate', ""5-(3'' -Hydroxypropyl)-7-methoxy-2-(3',4' -methyl-enedioxyphenyl)benzofuran"", 'Skimmianine', '2-methyl-5-[8(Z),11(Z),14-pentadecatrienyl]resorcinol', '20-hydroxyecdysone; polypodine A', '3-Acetyl aleuritolic acid', 'Alkenoic acid', 'Quercetin 3-O-α-L-rhamnopyranosyl (1→6)-O-[β -D-glucopyranosyl (1→3)-O-α-L-rhamnopyranosyl-(1→2)]-O-β -D-glucopyranosyl', 'Heveaflavone', 'Arboreumine', '3-Oxoursolic acid', 'Casearupestrin B', 'Kaempferol 3-O-α-L-rhamnopyranosyl (1→6)-O-[β -D-glucopyranosyl (1→3)-O-α-L-rhamnopyranosyl-(1→2)]-O-β -D-glucopyranosyl', '3β-O-[α-L-rhamnopyranosyl-(1→2)-O-β-D-glucopyranosyl-(1→2)-O-β-D-glucopyranosyl]-28-O-β-D-glucopyranoside pomolate', 'Dibenzyl tetrasulphide', ""2',5-dihydroxy-3-methoxy-8-dimethylallyl-6, 7-(2' ',2''-dimethylpyrano)-dihydroflavonol"", '2-n-nonyl-4-quinolone', 'Cytochalasin D', 'Isoorientin', 'toonacilin', 'Uracil', 'epoxy-fraxinellone', '12′-hydroxy-7′-multijuguinone', 'Kaempferitrin', 'Nitensidine C', 'Dipropyl disulphide', '2-methyl-5-[8(Z),11(Z)-pentadecadienyl]resorcinol', 'Methyl 6,7,8-trimethoxydihydrocinnamate', '2-Hexyl-3-methyl-butanodioic acid', 'fraxinellone', '6-[ 8(Z),11(Z) -pentadecadienyl] salicylic acid', '1-O-(E)-feruloyl-β-D-glucopyranoside', '6α-malonyloxymanoyl oxide', 'Benzylhydroxymethyl sulphide', '1,6-di-O-caffeoyl-β-D-glucopyranoside', 'Casearin X; (1R*,3S*,5S*,6aR*,7S*,8S*,10R*,10aR*)-1-(Acetyloxy)-3,5,6,6a,7,8,9,10-octahydro-10-hydroxy-7,8-dimethyl-7-[(2Z)-3-methylpenta-2,4-dien-1-yl]naphtho[1,8a-c]furan-3,5-diyl Dibutanoate', ""2-(R)-Methyl-6-(S)-(tetradecyl-13'-one)-3(R)-O-tert-butyldimethylsilyl-piperidine"", '(2S)-Methyl-2-methyl-8-(3""-methylbut-2""-enyl)-2-(4\'-methylpent-3\'-enyl)-2H-chromene-6-carboxylate', 'Casearin T', '28-O-β-D-glucopyranosyl quinovic acid', '2-Methyl-4-hydroxy-butyl caffeoate', 'N-1,N-2,N-3-Triisopentenylguanidine', 'Dibenzyl trisulphide', 'Maytenin, Tingenone', 'urauchimycin B', ""2-(2'-O-trans-caffeoyl)-C-β-D-glucopyranosyl-1,3,6,7-tetrahydroxyxanthone"", 'Netzahualcoyene', 'Casearin X Dialdehyde; (2R*,4aS*,5S*,7R*,8R*,8aS*)-4,4a-Diformyl-1,2,4a,5,6,7,8,8a-octahydro-5-hydroxy-7,8-dimethyl-8-[(2Z)-3-methylpenta-2,4-dien-1-yl]naphthalen-2-yl Butanoate', 'polypodine B', 'n-Propyl gallate', ""3',4',5',5,7,8-hexamethoxyflavone"", 'Quercetin 3-O-sophoroside', '(3R,4R)-3,4-Dihydro-4,6-dihydroxy-3-methyl-1-oxo-1H-isochromene-5-carboxylic acid', '24-methylene-3,22-dihydroxycholesterol', 'amorphispironone', 'Casearupestrin D', 'Chaetoglobosin B', ""2-(2'-O-benzoyl)-C-β-D-glucopyranosyl-1,3,6,7-tetrahydroxyxanthone"", '19,20-Epoxycytochalasin C', 'n-Pentyl gallate', 'Orcinol', 'Periconicin B', 'Phomopsilactone', ""(2S)-8-Isopentyl-2-methyl-2-(4'-methylpentyl)chroman-6-carboxylic acid"", '2,2-dimethyl-2H-chromene-6-carboxylic acid', '1,2-dihydro- 3β-hydroxy-7-deacetoxy-7-oxogedunin', 'Photogedunin', '(2S)-2-methyl-8-(3""-methylbut-2""-enyl)-2-(4\'-methylpent-3\'-enyl)-2H-chromene-6-carboxylic acid', 'Burchellin', '5-[8(Z)-pentadecenyl]resorcinol', 'Luteolin; 2-(3,4-dihydroxyphenyl)-5,7-dihydroxy-4H-chromen-4-one', 'Sinapic acid', '19,20-Epoxycytochalasin Q', '19,20-Epoxycytochalasin R', 'Muraxanthone', 'Piperyline, N-[10-(13,14-methylenedioxyphenyl)-7(E),9(E)-pentadienoyl]-pyrrolidine', 'ω-fenil alcanoic acid', '2-butyl-D-fructofuranoside', ""Gaudichaudianic acid; (2S)-2-methyl-2-(4'methyl-3'-pentenyl)-8-(3''-methyl-2-butenyl)- 2H-1-benzopyran-6-carboxylic acid"", 'limonexic acid', 'Pedalitin', 'Di(benzyltrithio) methane', '3,11,12-Trihydroxycadalene', 'Casearupestrin A', '2-oxo-piperol B; (7S*, 8R*, 1R*, 3R*)-3,4,5-trimethoxy-3,7-cyclo-8,1-neolig-8-ene-2,4(3H)-dione', 'taxifolin', ""(2'S)-2-(propan-2'-ol)-5-hydroxy-benzopyran-4-one"", 'Rel-(+)-(7S,9R,10S)-3,9,12-trihydroxycalamenene', 'Casearin S', '11β-acetoxyobacunone', '1-(5,7-dihydroxy-2,2-dimethylchroman- 6-yl)-3-[4-hydroxy-3-(3-methylbut-2-en-1-yl)- phenyl]propan-1-one', '(3R,4R)-4,7-Dihydroxymellein', ""Nitensoside B; Pedalitin 6-O-α-rhamnopyranosyl(1'''→6'')-β-glucopyranoside"", 'Amentoflavone', 'Odoratone', 'Rel-6β-hydroxyzuelanin-2β-benzoate', 'Isoplumericin', 'α-L-xylopyranosyl-(4""→20)-(3-O-β-D-glucopyranosyl)-1\'-O-E-caffeoyl-β-D-glucopyranoside', '6-[8(Z)-pentadecenyl]salicylic acid', 'Pedalin, pedalitin 6-O-β -glucopyranoside', 'Caseargrewiin F; (1R*,3S*,5S*,6aR*,7S*,8R*,10R*,10aR*)-1,3-Bis(acetyloxy)-3,5,6,6a,7,8,9,10-octahydro-10-hydroxy-7,8-dimethyl-7-[(2Z)-3-methylpenta-2,4-dien-1-yl]naphtho[1,8a-c]furan-5-yl Butanoate', 'Casearin L; (1R*,3S*,5S*,6aR*,7R*,8R*,9S*,10S*,10aR*)-1,10-Bis(acetyloxy)-3,5,6,6a,7,8,9,10-octahydro-9-hydroxy-5-methoxy-7,8-dimethyl-7-[(2Z)-3-methylpenta-2,4-dien-1-yl]naphtho[1,8a-c]-furan-3-yl Butanoate', 'Netzahualcoyondiol', 'Pristimerin; 20α-3-hydroxy-2-oxo-24-nor-friedela-1-10,3,5,7-tetraen-carboxylic acid-29-methylester', '3,4,5-trimethoxyphenyl 1-O-β-D-apiofuranosyl-(1→6)-O-β-D-glucopyranoside', 'β-photogedunin', 'n-Butyl gallate', ""5-[3''-(β-D-glucopyranosyloxy)propyl]-7-methoxy-2-(3',4'-dimethoxyphenyl)benzofuran"", '3,12-Dihydroxycadalene', '7-hydroxy-3- (11-dimethylallyl)-8-methoxycoumarin', ""N-[7-(3',4'-methylenedioxyphenyl)-2(Z),4(Z)-heptadienoyl]pyrrolidine"", ""Acteoside; [β-3,4-dihydroxyphenyl)-ethyl]-(3'-O-α-L-rhamnopyranosyl)-(4'-O-cafeoyl)-β-D-glycopyranoside, verbascoside"", 'Piperol B', '(-)-Hardwickiic acid', ""5-[3''-(β-D-glucopyranosyloxy)propyl]-7-methoxy-2-(3',4'-methylenedioxyphenyl)benzofuran"", '3,4,5-Triacetoxybenzoic acid', '1-(5,7-dihydroxy-2,2-dimethylchroman-6-yl)-3-(1,1,4a-trimethyl-2,3,4,4a,9a-hexahydro-1H-xanthen-7-yl)propan-1-one', 'Methyl (E)-6,7,8-trimethoxycinnamate', '3,4,5-Trimethoxyphenyl-1-O-β-D-(5-O-syringoyl)-apiofuranosyl-(1→6)-β-D-glucopyranoside', '6-[8(Z),11(Z),14-pentadecatrienyl]salicylic acid', 'Sorbifolin', ""Nitensoside A; Sorbifolin 6-O-α-rhamnopyranosyl(1'''→6'')-β-glucopyranoside"", 'Casearin O; (1R*,3S*,5S*,6aR*,7R*,8R*,9S*,10S*,10aR*)-1,10-Bis(acetyloxy)-5-methoxy-7,8-dimethyl-7-[(2Z)-3-methylpenta-2,4-dien-1-yl]-3,5,6,6a,7,8,9,10-octahydronaphtho[1,8a-c]furan-3,9-diyl Dibutanoate', 'shidasterone', '5-hydroxymethyl- 2-furancarboxaldehyde; 5-hydroxymethyl-2-furfuraldehyde', 'atalaphyllinine', 'N-[10- (13,14-methylenedioxyphenyl)-7(E)-pentaenoyl]-pyrrolidine', '2-Methyl-5-methoxy-benzopyran-4-one', '3,4-dihydroxybenzoic acid geranyl ester', 'N-[10-(13,14-methylenedioxyphenyl)-7(E),9(Z)-pentadienoyl]-pyrrolidine', 'Gedunin', '3-O-β-D-quinovopyranosyl cincholic acid', 'Afzelin, 3-O-α-rhamnosyl kaempferol', 'Egonol', '4-Nerolidilcatechol', ""2-(2'-O-transcoumaroyl)-C-β-D-glucopyranosyl-1,3,6,7-tetrahydroxyxanthone"", 'Syringic acid', '(+)-3-O-feruloylcassine', '6-pentadecylsalicylic acid', 'Methyl-2,2-dimethylchroman-6-carboxylate', ""Myrsinoic acid A, 3-Geranyl-4-hydroxy-5-(3'',3''-dimethylallyl)benzoic acid"", '20α-Hydroxymaytenin; 20-hydroxy-20-epi-tingenone', 'Platydesmine', 'Leiokinine A', 'Cabraleadiol', 'schaftoside', ""(2S)-Methyl-8-isopentyl-2-methyl-2-(4'-methylpentyl)chroman-6-carboxylate"", '(-)-Epigallocatechin-3-O-gallate', 'Casearin D; (1R*,3S*,5S*,6aR*,7R*,8R*,9S*,10S*,10aR*)-1-(Acetyloxy)-3,5,6,6a,7,8,9,10-octahydro-5,10-dihydroxy-7,8-dimethyl-7-[(2Z)-3-methylpenta-2,4-dien-1-yl]naphtho[1,8a-c]furan-3,9-diyl Dibutanoate', 'Rel. (+)-(7S,10S) 3,12-dihydroxycalamenene', 'carlinoside', 'Methyl-8-(ethanoyloxy)-2,2-dimethyl-2H-chromene-6-carboxylate', 'arjunolic acid', 'stachysterone', 'Ethyl 2,4-dihydroxy-5,6-dimethylbenzoate', 'Amentoflavone 7”,4”’-dimethyl ether', 'Picramnioside F', 'Lauryl gallate', 'Syringaldehyde', '22-hydroxytirucalla-7,24-diene-2,3-dione', 'Trans-3’-methylsulphonylallyl trans-cinnamate', 'germacrene D', 'Methyl gallate', '5-[8(Z),11(Z)-pentadecadienyl]resorcinol', '(-)-Spectalinine', '(3-(2-(4-hydroxyphenyl)-2-oxoethyl)-5,6-dihydropyridin- 2(1H)-one)', 'Mangiferin', 'Salacin', 'Viburgenin', ""Pterogynoside; Kaempferol-3-O-(3''-O-4'''-methylgallate-α-L-rhamnoside)"", 'Isobutyl gallate', '7′-multijuguinone', 'Griseofulvin', ""7-Hydroxy-4',6-dimethoxyisoflavone; Afrormosin; Afromosin"", '8-methoxymellein', '(±)-Syringaresinol', 'Cyclo-(L-Pro-L-Val)', 'Acetonide of odoratol', '(−)-Grandisin', '2β-Hydroxyzuelanin-6β-cinnamate', 'Cognatine', 'Fagaramide', 'Chalepin', 'Chlorogenic acid', '(4R)-4,8-dihydroxy-α-tetralone', 'Kaempferol']]",doi_name
"['10.1021/np100840w', 'Casearupestrin D']","['10.1021/np100840w', ['guaiol', 'Hinesol', 'γ-eudesmol', 'α-eudesmol', '11-O-trans-feruloylteucrein', 'Teucrein', 'Galioside aglicone', 'Galioside', 'Apodanthoside', 'Mycoleptone A', '9-hydroxyeugenin', 'Austdiol', 'Austdiol diacetate', 'Mycoleptone A tetraacetate', '6-methoxyeugenin', 'Eugenitin', 'Mycoleptone B', 'Chlorogenic acid methyl ester, Methyl (1S,3R,4R,5R)-3-{[(2E)-3-(3,4-dihydroxyphenyl)-2-propenoyl]oxy}-1,4,5-trihydroxycyclohexanecarboxylate', '7-Methoxydiderroside', 'Secoxyloganin', 'Diderroside', ""6'-Acetyl-β-D-glucopyranosyldiderroside"", '5,7-dimethoxy-2,2-dimethyl-2H-1-benzopyran-6-propanoate', ""4-Methoxy-3-(3',7'-dimethylocta-2'-E-6'-dienyl)benzoic acid"", 'Methyl-8-hydroxy-2,2-dimethyl-2H-chromene-6-carboxylate', ""3-(3',7 '-dimethyl-2',6 '-octadienyl)-4-methoxy-benzoic acid"", ""2'-hydroxy-3,4,4'-trimethoxy-5',6'-(2'',2''-dimethylpyrano)-chalcone"", ""3',4'-methylenedioxy-5,5',6,7-tetramethoxyflavone"", ""3',4'-methylenedioxy-5,6,7- trimethoxyflavone"", ""3',4'-methylenedioxy-5,7-dimethoxyflavone"", 'cyclo (L)-Pro-Gly', 'Nectandrin B', 'Verrucosin', 'Epi-guaiacin', '7-Methyl-sargachromenol; 2,7,8-Trimethyl-2-[(3-E,7-Z)-4,12-dimethyl-8-carboxyl-3,7,11-tridecatrienyl]-3-chromen-6-ol, β-caroteno', ""2-(3',4'-methylenedioxyphenylethyl)-Quinoline"", '2-n-Pentylquinoline', '2-n-Propylquinoline', ""2-(1'-pentenyl)-Quinoline"", '2,3-dihydro-4,9-dihydroxy-2-(2-hydroxy-propan-2-yl)- 11-methoxy-10-methylfuro[3,2-b]acridin-5(10H)-one', 'bis-5-hydroxyacronycine', 'Citibrasine', '21β,25-dimethylmelianodiol', '3,21-Di-epi-feroniellide B', '21α,25-dimethylmelianodiol', '(-)-3-O-acetyl-spectaline', 'Xanthyletin', ""Rel-(7R,8S,7'S,8'S)-4-hydroxy-4',5'-methylenedioxy-3,5,3'-trimethoxy-7,7'-epoxylignan"", ""Rel-(7R,8S,7'S,8'S)-4'-hydroxy-3,4,5,3',5'-pentamethoxy-7,7'-epoxylignan"", ""Rel-(7R,8S,7'S,8'S)-4',5'-methylenedioxy-3,4,5,3'-tetramethoxy-7,7'-epoxylignan"", ""Rel-(7R,8S,7'S,8'S)-9-hydroxy-4',5'-methylenedioxy-3,4,5,3'-tetramethoxy-7,7'-epoxylignan"", ""Rel-(7R,8S,7'S,8'S)-4,5,4',5'-dimethylenedioxy-3,3'-dimethoxy-7,7'-epoxylignan"", 'Anhydrofusarubin', 'Beauvericin', 'Taraxerol acetate', 'Pentaol', '3,11-dioxoolean-12-en-28- onic acid', 'Iso-odoratol', 'Nilocetin', 'Hispidol A', 'Piscidinol A', 'cryptomeridiol', 'Oleanonic acid', 'Isopimpinellin', 'Methyl (3R,4R,5R)-3-{[(2Z)-3-(3,4-dihydroxyphenyl)-2-propenoyl]oxy}-1,4,5-trihydroxycyclohexanecarboxylate', 'Methyl (3R,4R,5R)-3-{[(2E)-3-(3,4-dihydroxyphenyl)-2-propenoyl]oxy}-1,4,5-trihydroxycyclohexanecarboxylate', ""Isoswertisin-4'-methyl-ether-2''α-L-rhamnoside"", 'Clusifoliol', ""Isoswertisin-2''α1-L-rhamnoside"", '2-Episesalatin', 'Sesartemin', 'Aphidicolin', ""3,4-dimethyl-2-(4'-hydroxy-3',5'-dimethoxyphenyl)-5-methoxy-tetrahydrofuran"", '3,3-O-dimethylquercetin', 'penduletin 4-O-methyl ether', '2α,3α,19α- trihydroxyurs-12-en-28-oic acid', 'acacetin', '2α,3α-dihydroxyolean-12- en-28-oic acid', 'p-hydroxybenzoic acid', '3-O-methylquercetin', 'Chrysoeriol', '3,7,4-O-trimethylkaempferol', 'Glycocitrine-IV', 'Glycocitrine-I', '3,4-dihydro-3,5,8-trihydroxy-6-methoxy-2,2,7-trimethyl-2Hpyrano[ 2,3-a]acridin-12(7H)-one', '5-hydroxynoracronycine; Atalaphyllidine', 'Citrusinine-I', 'Citrusinine-II', '1,3,5-trihydroxy-4-methoxy-10-methyl- 2,8-bis(3-methylbut-2-enyl)acridin-9(10H)-one', '1,3,5-trihydroxy- 2,8-bis(3-methylbut-2-enyl)-10-methyl-9-acridone', 'Pyranofoline', 'β-Gardiol', 'Ferulic acid', 'α-Gardiol', 'Stearic acid 4-pentoyloxyphenethyl ester', 'Sargaquinoic acid', '(+)-Guaiacin', '21´-(3,4-Methylenedioxyphenyl)-henicosanoic acid', 'Sargachromenol', ""Juruenolic acid; 2-(4'-Methylpentenyl-3)-10-oxoundecan-2,6-dienoic acid"", 'Fasciculiferin', ""7,4'-Dimethoxyflavone"", ""7,4'-Dihydroxyflavone"", '19´-(3,4-Methylenedioxyphenyl)-nonadecanoic acid', 'Tithonine', 'Farnisine', '17-(3,4-Methylenedioxyphenyl)-heptadecanoic acid', '(+)-Erythravine', '(+)-α-Hydroxyerysotrine', '(+)-11α-Hydroxyerythravine', 'astilbin; Rel-(2R, 3R)-dihydroquercetin-3-O-±-L-rhamnoside', ""Aduncumene; Methyl 2-methoxy-5-(3'-methyl-1'-oxo-2'-butenyl)benzoate"", ""Methyl 4-hydroxy-3-(3'-methyl-2'-hydroxy-3'-butenyl)benzoate"", ""4-Hydroxy-(3',7'-dimethyl-1'-oxo-octa-2'-Z-6'-dienyl)benzoic acid"", '3,4,5-Trimethoxydihydrocinnamic acid', ""4-Hydroxy-3-(3',7'-dimethylocta-2'-E-6'-dienyl)benzoic acid"", 'Methyl 2,2-dimethyl-1-oxo-2H-1-benzopyran-6-carboxylate', 'Piperaduncine B', ""Hostmaniene; 4-Hydroxy-3-(2',3'-dihydroxy-3'-methylbutyl)benzoate"", ""2',6'-Dihydroxy-4'-methoxydihydrochalcone"", ""Methyl taboganate; Methyl 4-hydroxy-3-(3'-methyl-1'-oxo-2'-butenyl)benzoate"", ""Methyl 4-hydroxy-3-(3'-methyl-2'-butenyl)benzoate"", 'Nitensidine D', 'Nitensidine E', 'Turbinatine', '3,4-dehydro-strictosidine', '5α-carboxystrictosidine', '3,4-dehydrostrictosidine acid', 'Strictosidine acid', 'Cordifoline', 'Harman-3-carboxylic acid', 'Deoxycordifoline', 'Kaempferol-3-O-α-L-rhamnopyranosyl-(1-6)-α-L-rhamnopyranosyl-(1-4)-β-D-glucopyranoside', 'Kaempferol-3-O-rutinoside', 'Kaempferol-3-O-D-galactopyranoside', '6-Hydroxy-rutin', 'Kaempferol-3-O-α-L-rhamnopyranosyl-(1→6)-β-D-galactopyranoside', 'Kaempferol-3-O-D-glucopyranoside', 'Procyanidin B-3', 'Quercetin-3-O-α-L-rhamnopyranosyl-(1→6)-β-D-galactopyranoside', 'Catechin, Ent-catechin', 'Ergosterol peroxide', 'Dimethyl terephthalate', '8-hydroxy-6-methoxy-3-methylisocoumarin', '(22E,24R)-ergosta-4,6,8(14),22-tetraen-3-one', 'Pimara-7,15-dien-3β-ol', ""Isosakuranetin; 5,7-dihydroxy-4'-methoxyflavanone"", ""1,4-Dihydroxy-2-(3',7'-dimethyl-1'-oxo-2'-E-6'-octadienyl)benzene"", ""Sakuranetin; 5,4'-dihydroxy-7-methoxyflavanone"", ""4-Hydroxy-3-(3',7'-dimethyl-3'-hydroxy-1'-oxo-6'-octenyl)benzoic acid"", ""4-Hydroxy-(3',7'-dimethyl-1'-oxo-octa-2'-E-6'-dienyl)benzoic acid"", '(3Z,5Z)-N-isobutyl-8-(30,40-methylenedioxy-phenyl)-heptadienamide', 'Pellitorine', '(E)-piplartine', '4,5-dihydropiperyline', '(Z)-piplartine; 8(Z)-N-(12,13, 14-trimethoxycinnamoyl)- 3-pyridin-2-one', 'Piperine', '8,9-dihydropiplartine; N-(12,13,14-trimethoxydihydrocinnamoyl)-Δ3-pyridin-2-one', '10,11-dihydropiperine; Δα,β-dihydropiperine', '4,5-dihydropiperlonguminine; Piperlonguminine', ""N-[3-(6'-methoxy-3',4'-methy-lenedioxyphenyl)-2(Z)-propenoyl]pyrrolidine"", '5,7-dimethoxy-2,2-dimethyl-2H-1-benzopyran-6-propanoic acid', ""3',4',5',3,5,7,8-heptamethoxyflavone"", ""3,5,6,7,3',4',5'-heptamethoxyflavonol"", 'Tagitinin C', '1-methoxy-3-hydroxy-3,10b-4,5a-diepoxy-8b-isobutyroyloxygermacr-11(13)-en-6a,12-olide', 'Methacrylic acid', '4-metoxi-6-[2-(metilamino)fenil]- 2H-piran-2-ona', 'β-caryophyllene, trans-caryophyllene', 'Cuspanine; 1-hydroxy-2,3,5,6-tetramethoxy-9-acridone', 'Cusculine; 1,2,3,5,6-pentamethoxy-9-acridone', '2α,3α-Dihydroxy-urs-12-en-28-oic acid', '3-O-β-D-(6’-methyl)-glucopyranosyl-28-O-β-D-glucopyranosyl-oleanate', 'Oleanolic acid 3-sophoroside', 'Haplotusine', 'β-Sitosterol benzoate', '5-hydroxyflavone', '2-phenyl-4H-chromen-4-one', 'Sinapyl 4-O-β-D-glucopyranoside aldehyde', 'Sinapyl 4-O-β-D-glucopyranoside alcohol', 'Liriodenine', 'N-acetylnonaine', '[10]-gingerol', ""2,4-Dihydroxy-6-[(1'E,3'E)-penta-1', 3'-dienyl]-benzaldehyde"", 'Nitensidine A', '2-methyl-5-[8(Z)-pentadecenyl]resorcinol', '2-hydroxyphenylacetic acid', '3-O-β-D-quinovopyranosyl quinovic acid', 'Kaempferol', '(4R)-4,8-dihydroxy-α-tetralone', 'Chlorogenic acid', 'Chalepin', 'Gallic acid; 3,4,5-trihydroxybenzoic acid', 'Quercitrin, 3-O-α-rhamnosylquercetin', 'Caseobliquin A', 'Methyl angolensate', ""5-(3'' -Hydroxypropyl)-7-methoxy-2-(3',4' -methyl-enedioxyphenyl)benzofuran"", '22β-hydroxypristimerin', '19,20-Epoxycytochalasin N', 'ellagic acid 4-O-α-L-rhamnopyranoside; eschweilenol C', 'Mayoside C', 'Ourateacatechin', ""3',4',5',5,7-pentamethoxyflavone"", '2-methyl-5-pentadecylresorcinol', '3β-hydroxy-stigmast-5-en-7-one; 24-β-7-oxositosterol', 'scillascillin', 'Viburgenin', ""Pterogynoside; Kaempferol-3-O-(3''-O-4'''-methylgallate-α-L-rhamnoside)"", 'Isobutyl gallate', '7′-multijuguinone', 'Griseofulvin', ""7-Hydroxy-4',6-dimethoxyisoflavone; Afrormosin; Afromosin"", '8-methoxymellein', '(±)-Syringaresinol', '2,7-Di-O-acetylcasearupestrin A', 'Nitensidine B', '1-methyl-2-n-nonyl-4-quinolone', '5-[8(Z),11(Z),14-pentadecatrienyl]resorcinol', 'Kokusaginine', ""2-(2'-O-trans-caffeoyl)-C-β-D-glucopyranosyl-1,3,6,7-tetrahydroxyxanthone"", 'Netzahualcoyene', 'Casearin X Dialdehyde; (2R*,4aS*,5S*,7R*,8R*,8aS*)-4,4a-Diformyl-1,2,4a,5,6,7,8,8a-octahydro-5-hydroxy-7,8-dimethyl-8-[(2Z)-3-methylpenta-2,4-dien-1-yl]naphthalen-2-yl Butanoate', 'polypodine B', 'n-Propyl gallate', ""3',4',5',5,7,8-hexamethoxyflavone"", 'Isopropyl gallate', ""8-hydroxy-3,5,7,3',4',5'-hexamethoxyflavonol"", 'Odoratol', 'Leptomerine', '5-hydroxy-N-methylseverifoline', '2,4,6-trimethoxybenzoic acid', '1-O-(E)-caffeoyl-β-D-glucopyranoside', 'Maculosidine', 'Podocarpusflavone A', 'Casearupestrin C', '6α-malonyloxy-n-butyl ester manoyl oxide', 'citrusinine-I', 'Ricinine', 'Leptophyllin A', '5-pentadecylresorcinol', 'Piperol B', '(-)-Hardwickiic acid', ""5-[3''-(β-D-glucopyranosyloxy)propyl]-7-methoxy-2-(3',4'-methylenedioxyphenyl)benzofuran"", 'Rel-2α-hydroxyzuelanin-6β-benzoate', '2,6-di-O-acetylcasearupestrin D', ""Methyl-2,2-dimethyl-8-(3'-methylbut-2'-enyl)chroman-6-carboxylate"", '2-Methyl-4-hydroxy-butyl caffeoate', 'N-1,N-2,N-3-Triisopentenylguanidine', 'Dibenzyl trisulphide', 'Maytenin, Tingenone', '19,20-Epoxycytochalasin D', 'fumiquinozoline F', 'Kaempferol 3-O-α-L-rhamnopyranosyl (1→6)-O-[β -D-glucopyranosyl (1→3)-O-α-L-rhamnopyranosyl-(1→2)]-O-β -D-glucopyranosyl', '3β-O-[α-L-rhamnopyranosyl-(1→2)-O-β-D-glucopyranosyl-(1→2)-O-β-D-glucopyranosyl]-28-O-β-D-glucopyranoside pomolate', 'Dibenzyl tetrasulphide', ""2',5-dihydroxy-3-methoxy-8-dimethylallyl-6, 7-(2' ',2''-dimethylpyrano)-dihydroflavonol"", '2-n-nonyl-4-quinolone', 'Cytochalasin D', 'Isoorientin', '6β-hydroxy-7-epigardoside methyl ester', 'Tetrahydropiperyline, N-[10-(13,14-methylenedioxyphenyl)-pentanoyl]-pyrrolidine', 'Piperovatine', 'Uracil', 'urauchimycin A', 'p-Coumaric acid', '(-)-Epigallocatechin', 'Netzahualcoyonol', '1-[3-(3,7-dimethylocta-2,6-dien-1-yl)-2,4,6- trihydroxyphenyl]-3-(4-hydroxyphenyl)propan-1-one', '6α-malonyloxymanoyl oxide', 'Benzylhydroxymethyl sulphide', '1,6-di-O-caffeoyl-β-D-glucopyranoside', '2-methyl-5-[8(Z),11(Z),14-pentadecatrienyl]resorcinol', 'urauchimycin B', 'Homoegonol', '[8]-gingerol', '4-Hydroxymellein', '5-hydroxymellein', '28-O-β-D-glucopyranosyl quinovic acid', 'Pristimerin; 20α-3-hydroxy-2-oxo-24-nor-friedela-1-10,3,5,7-tetraen-carboxylic acid-29-methylester', 'fraxinellonone', 'Dibenzyl sulphide', '(-) Cis-4-hydroxy-6-deoxyscytalone', 'Plumericin', '5-[8(Z),11(Z)-pentadecadienyl]resorcinol', '(-)-Spectalinine', '20-hydroxyecdysone; polypodine A', '3-Acetyl aleuritolic acid', 'Alkenoic acid', 'Quercetin 3-O-α-L-rhamnopyranosyl (1→6)-O-[β -D-glucopyranosyl (1→3)-O-α-L-rhamnopyranosyl-(1→2)]-O-β -D-glucopyranosyl', 'Heveaflavone', 'Arboreumine', '3-Oxoursolic acid', 'Casearupestrin B', 'toonacilin', 'Piperyline, N-[10-(13,14-methylenedioxyphenyl)-7(E),9(E)-pentadienoyl]-pyrrolidine', 'ω-fenil alcanoic acid', '2-butyl-D-fructofuranoside', 'Pedalitin', '1-O-(E)-feruloyl-β-D-glucopyranoside', '19,20-Epoxycytochalasin C', 'n-Pentyl gallate', 'Orcinol', 'Periconicin B', 'Phomopsilactone', ""(2S)-8-Isopentyl-2-methyl-2-(4'-methylpentyl)chroman-6-carboxylic acid"", '2,2-dimethyl-2H-chromene-6-carboxylic acid', '1,2-dihydro- 3β-hydroxy-7-deacetoxy-7-oxogedunin', 'Photogedunin', 'Casearin X; (1R*,3S*,5S*,6aR*,7S*,8S*,10R*,10aR*)-1-(Acetyloxy)-3,5,6,6a,7,8,9,10-octahydro-10-hydroxy-7,8-dimethyl-7-[(2Z)-3-methylpenta-2,4-dien-1-yl]naphtho[1,8a-c]furan-3,5-diyl Dibutanoate', 'Netzahualcoyondiol', ""2-(2'-O-benzoyl)-C-β-D-glucopyranosyl-1,3,6,7-tetrahydroxyxanthone"", 'Isoplumericin', 'Skimmianine', 'p-hydroxybenzoic acid-geranyl ester', '3,4,5-trimethoxyphenyl 1-O-β-D-apiofuranosyl-(1→6)-O-β-D-glucopyranoside', 'β-photogedunin', 'n-Butyl gallate', ""5-[3''-(β-D-glucopyranosyloxy)propyl]-7-methoxy-2-(3',4'-dimethoxyphenyl)benzofuran"", '3,12-Dihydroxycadalene', '7-hydroxy-3- (11-dimethylallyl)-8-methoxycoumarin', ""N-[7-(3',4'-methylenedioxyphenyl)-2(Z),4(Z)-heptadienoyl]pyrrolidine"", ""Acteoside; [β-3,4-dihydroxyphenyl)-ethyl]-(3'-O-α-L-rhamnopyranosyl)-(4'-O-cafeoyl)-β-D-glycopyranoside, verbascoside"", 'α-L-xylopyranosyl-(4""→20)-(3-O-β-D-glucopyranosyl)-1\'-O-E-caffeoyl-β-D-glucopyranoside', ""2-(R)-Methyl-6-(S)-(tetradecyl-13'-one)-3(R)-O-tert-butyldimethylsilyl-piperidine"", '(2S)-Methyl-2-methyl-8-(3""-methylbut-2""-enyl)-2-(4\'-methylpent-3\'-enyl)-2H-chromene-6-carboxylate', 'Casearin T', '5-[8(Z)-pentadecenyl]resorcinol', 'Luteolin; 2-(3,4-dihydroxyphenyl)-5,7-dihydroxy-4H-chromen-4-one', 'Sinapic acid', '19,20-Epoxycytochalasin Q', '19,20-Epoxycytochalasin R', 'Muraxanthone', ""Gaudichaudianic acid; (2S)-2-methyl-2-(4'methyl-3'-pentenyl)-8-(3''-methyl-2-butenyl)- 2H-1-benzopyran-6-carboxylic acid"", 'limonexic acid', 'Di(benzyltrithio) methane', '3,11,12-Trihydroxycadalene', 'Quercetin 3-O-sophoroside', '(3R,4R)-3,4-Dihydro-4,6-dihydroxy-3-methyl-1-oxo-1H-isochromene-5-carboxylic acid', '24-methylene-3,22-dihydroxycholesterol', 'amorphispironone', 'Casearupestrin D', 'Chaetoglobosin B', '6α-acetoxy-14β,15β-epoxyazadirone', 'epoxy-fraxinellone', '12′-hydroxy-7′-multijuguinone', 'Kaempferitrin', 'Nitensidine C', 'Dipropyl disulphide', 'Dibenzyl disulphide', 'Proanthocyanidin', 'neoisoastilbin', '(R)-7-Hydroxymellein', '6α-acetoxymanoyl oxide', 'Methyl-8-hydroxy-2,2-dimethylchroman-6-carboxylate', 'N-[10-(13,14-methylenedioxyphenyl)-7(E),9(Z)-pentadienoyl]-pyrrolidine', '6-[8(Z)-pentadecenyl]salicylic acid', '(2S)-2-methyl-8-(3""-methylbut-2""-enyl)-2-(4\'-methylpent-3\'-enyl)-2H-chromene-6-carboxylic acid', 'Burchellin', 'Platydesmine', 'Leiokinine A', 'Cabraleadiol', 'schaftoside', ""(2S)-Methyl-8-isopentyl-2-methyl-2-(4'-methylpentyl)chroman-6-carboxylate"", 'Casearupestrin A', '2-oxo-piperol B; (7S*, 8R*, 1R*, 3R*)-3,4,5-trimethoxy-3,7-cyclo-8,1-neolig-8-ene-2,4(3H)-dione', '3,4,5-Triacetoxybenzoic acid', 'Odoratone', 'Rel-6β-hydroxyzuelanin-2β-benzoate', 'shidasterone', '5-hydroxymethyl- 2-furancarboxaldehyde; 5-hydroxymethyl-2-furfuraldehyde', 'atalaphyllinine', 'N-[10- (13,14-methylenedioxyphenyl)-7(E)-pentaenoyl]-pyrrolidine', '2-Methyl-5-methoxy-benzopyran-4-one', '3,4-dihydroxybenzoic acid geranyl ester', '3-O-β-D-quinovopyranosyl cincholic acid', 'Afzelin, 3-O-α-rhamnosyl kaempferol', 'Egonol', '4-Nerolidilcatechol', ""2-(2'-O-transcoumaroyl)-C-β-D-glucopyranosyl-1,3,6,7-tetrahydroxyxanthone"", 'Syringic acid', '(+)-3-O-feruloylcassine', '2-methyl-5-[8(Z),11(Z)-pentadecadienyl]resorcinol', 'Methyl 6,7,8-trimethoxydihydrocinnamate', '2-Hexyl-3-methyl-butanodioic acid', 'fraxinellone', '6-[ 8(Z),11(Z) -pentadecadienyl] salicylic acid', 'Gedunin', 'Pedalin, pedalitin 6-O-β -glucopyranoside', 'Caseargrewiin F; (1R*,3S*,5S*,6aR*,7S*,8R*,10R*,10aR*)-1,3-Bis(acetyloxy)-3,5,6,6a,7,8,9,10-octahydro-10-hydroxy-7,8-dimethyl-7-[(2Z)-3-methylpenta-2,4-dien-1-yl]naphtho[1,8a-c]furan-5-yl Butanoate', 'Casearin L; (1R*,3S*,5S*,6aR*,7R*,8R*,9S*,10S*,10aR*)-1,10-Bis(acetyloxy)-3,5,6,6a,7,8,9,10-octahydro-9-hydroxy-5-methoxy-7,8-dimethyl-7-[(2Z)-3-methylpenta-2,4-dien-1-yl]naphtho[1,8a-c]-furan-3-yl Butanoate', 'carlinoside', 'Methyl-8-(ethanoyloxy)-2,2-dimethyl-2H-chromene-6-carboxylate', 'Amentoflavone', '1-(5,7-dihydroxy-2,2-dimethylchroman-6-yl)-3-(1,1,4a-trimethyl-2,3,4,4a,9a-hexahydro-1H-xanthen-7-yl)propan-1-one', 'Methyl (E)-6,7,8-trimethoxycinnamate', '3,4,5-Trimethoxyphenyl-1-O-β-D-(5-O-syringoyl)-apiofuranosyl-(1→6)-β-D-glucopyranoside', '6-[8(Z),11(Z),14-pentadecatrienyl]salicylic acid', 'taxifolin', ""(2'S)-2-(propan-2'-ol)-5-hydroxy-benzopyran-4-one"", 'Rel-(+)-(7S,9R,10S)-3,9,12-trihydroxycalamenene', 'Casearin S', '11β-acetoxyobacunone', '1-(5,7-dihydroxy-2,2-dimethylchroman- 6-yl)-3-[4-hydroxy-3-(3-methylbut-2-en-1-yl)- phenyl]propan-1-one', '(3R,4R)-4,7-Dihydroxymellein', ""Nitensoside B; Pedalitin 6-O-α-rhamnopyranosyl(1'''→6'')-β-glucopyranoside"", 'Methyl gallate', 'Amentoflavone 7”,4”’-dimethyl ether', 'Picramnioside F', 'Lauryl gallate', 'Syringaldehyde', '22-hydroxytirucalla-7,24-diene-2,3-dione', 'Trans-3’-methylsulphonylallyl trans-cinnamate', '(3-(2-(4-hydroxyphenyl)-2-oxoethyl)-5,6-dihydropyridin- 2(1H)-one)', 'Mangiferin', 'Salacin', '6-pentadecylsalicylic acid', 'Methyl-2,2-dimethylchroman-6-carboxylate', ""Myrsinoic acid A, 3-Geranyl-4-hydroxy-5-(3'',3''-dimethylallyl)benzoic acid"", '20α-Hydroxymaytenin; 20-hydroxy-20-epi-tingenone', '(-)-Epigallocatechin-3-O-gallate', 'Casearin D; (1R*,3S*,5S*,6aR*,7R*,8R*,9S*,10S*,10aR*)-1-(Acetyloxy)-3,5,6,6a,7,8,9,10-octahydro-5,10-dihydroxy-7,8-dimethyl-7-[(2Z)-3-methylpenta-2,4-dien-1-yl]naphtho[1,8a-c]furan-3,9-diyl Dibutanoate', 'Rel. (+)-(7S,10S) 3,12-dihydroxycalamenene', '1- (5,7-dihydroxy-2,2-dimethylchroman-6-yl)-3-(2,2-dimethylchroman- 6-yl)propan-1-one', 'Canavaline', 'Di-hydrodehydrodiconiferyl alcohol', 'Quercetin', ""2-(2'-O-trans-cinnamoyl)-C-β-D-glucopyranosyl-1,3,6,7-tetrahydroxyxanthone"", 'Ocotillone', 'des-N-methylnoracronycine', 'Sorbifolin 6-O-β-glucopyranoside', 'Sorbifolin', ""Nitensoside A; Sorbifolin 6-O-α-rhamnopyranosyl(1'''→6'')-β-glucopyranoside"", 'Casearin O; (1R*,3S*,5S*,6aR*,7R*,8R*,9S*,10S*,10aR*)-1,10-Bis(acetyloxy)-5-methoxy-7,8-dimethyl-7-[(2Z)-3-methylpenta-2,4-dien-1-yl]-3,5,6,6a,7,8,9,10-octahydronaphtho[1,8a-c]furan-3,9-diyl Dibutanoate', 'germacrene D', '2β-Hydroxyzuelanin-6β-cinnamate', 'arjunolic acid', 'stachysterone', 'Ethyl 2,4-dihydroxy-5,6-dimethylbenzoate', 'Cyclo-(L-Pro-L-Val)', 'Acetonide of odoratol', '(−)-Grandisin', '24-methylenecycloartan-3b-ol', 'Ixoside', 'Cognatine', 'Fagaramide']]",doi_name
"['10.1080/14786410903335232', 'n-Pentyl gallate']","['10.1080/14786410903335232', ['guaiol', 'Hinesol', 'γ-eudesmol', 'α-eudesmol', '11-O-trans-feruloylteucrein', 'Teucrein', 'Apodanthoside', 'Galioside', 'Galioside aglicone', ""3,4-dimethyl-2-(4'-hydroxy-3',5'-dimethoxyphenyl)-5-methoxy-tetrahydrofuran"", 'Chlorogenic acid methyl ester, Methyl (1S,3R,4R,5R)-3-{[(2E)-3-(3,4-dihydroxyphenyl)-2-propenoyl]oxy}-1,4,5-trihydroxycyclohexanecarboxylate', '5,7-dimethoxy-2,2-dimethyl-2H-1-benzopyran-6-propanoate', '(+)-Erythravine', '(+)-α-Hydroxyerysotrine', '(+)-11α-Hydroxyerythravine', 'Tagitinin C', '1-methoxy-3-hydroxy-3,10b-4,5a-diepoxy-8b-isobutyroyloxygermacr-11(13)-en-6a,12-olide', ""Isosakuranetin; 5,7-dihydroxy-4'-methoxyflavanone"", ""Sakuranetin; 5,4'-dihydroxy-7-methoxyflavanone"", ""4-Hydroxy-3-(3',7'-dimethyl-3'-hydroxy-1'-oxo-6'-octenyl)benzoic acid"", ""4-Hydroxy-(3',7'-dimethyl-1'-oxo-octa-2'-E-6'-dienyl)benzoic acid"", ""1,4-Dihydroxy-2-(3',7'-dimethyl-1'-oxo-2'-E-6'-octadienyl)benzene"", 'Aphidicolin', 'Kaempferol-3-O-D-galactopyranoside', 'Kaempferol-3-O-rutinoside', 'Kaempferol-3-O-α-L-rhamnopyranosyl-(1→6)-β-D-galactopyranoside', 'Catechin, Ent-catechin', 'Quercetin-3-O-α-L-rhamnopyranosyl-(1→6)-β-D-galactopyranoside', '6-Hydroxy-rutin', 'Kaempferol-3-O-D-glucopyranoside', 'Procyanidin B-3', 'Kaempferol-3-O-α-L-rhamnopyranosyl-(1-6)-α-L-rhamnopyranosyl-(1-4)-β-D-glucopyranoside', 'Taraxerol acetate', '1,3,5-trihydroxy- 2,8-bis(3-methylbut-2-enyl)-10-methyl-9-acridone', '5-hydroxynoracronycine; Atalaphyllidine', 'Pyranofoline', 'Glycocitrine-IV', 'Citrusinine-II', 'Glycocitrine-I', 'Citrusinine-I', '1,3,5-trihydroxy-4-methoxy-10-methyl- 2,8-bis(3-methylbut-2-enyl)acridin-9(10H)-one', '3,4-dihydro-3,5,8-trihydroxy-6-methoxy-2,2,7-trimethyl-2Hpyrano[ 2,3-a]acridin-12(7H)-one', 'Nectandrin B', 'Epi-guaiacin', '7-Methyl-sargachromenol; 2,7,8-Trimethyl-2-[(3-E,7-Z)-4,12-dimethyl-8-carboxyl-3,7,11-tridecatrienyl]-3-chromen-6-ol, β-caroteno', 'Verrucosin', 'Mycoleptone A', '9-hydroxyeugenin', 'Austdiol', 'Eugenitin', 'Austdiol diacetate', '6-methoxyeugenin', 'Mycoleptone B', 'Mycoleptone A tetraacetate', ""3',4',5',3,5,7,8-heptamethoxyflavone"", ""3,5,6,7,3',4',5'-heptamethoxyflavonol"", 'Beauvericin', 'Anhydrofusarubin', '2-n-Pentylquinoline', ""2-(1'-pentenyl)-Quinoline"", '2-n-Propylquinoline', ""2-(3',4'-methylenedioxyphenylethyl)-Quinoline"", 'Nitensidine D', 'Nitensidine E', '3,21-Di-epi-feroniellide B', '21β,25-dimethylmelianodiol', '21α,25-dimethylmelianodiol', '3,3-O-dimethylquercetin', '2α,3α,19α- trihydroxyurs-12-en-28-oic acid', 'penduletin 4-O-methyl ether', 'p-hydroxybenzoic acid', '2α,3α-dihydroxyolean-12- en-28-oic acid', 'Chrysoeriol', '3-O-methylquercetin', '3,7,4-O-trimethylkaempferol', 'acacetin', '(-)-3-O-acetyl-spectaline', '7-Methoxydiderroside', 'Secoxyloganin', ""6'-Acetyl-β-D-glucopyranosyldiderroside"", 'Diderroside', 'astilbin; Rel-(2R, 3R)-dihydroquercetin-3-O-±-L-rhamnoside', 'Xanthyletin', '4-metoxi-6-[2-(metilamino)fenil]- 2H-piran-2-ona', '2-Episesalatin', ""Isoswertisin-2''α1-L-rhamnoside"", 'Clusifoliol', 'Sesartemin', ""Isoswertisin-4'-methyl-ether-2''α-L-rhamnoside"", ""Aduncumene; Methyl 2-methoxy-5-(3'-methyl-1'-oxo-2'-butenyl)benzoate"", ""4-Hydroxy-(3',7'-dimethyl-1'-oxo-octa-2'-Z-6'-dienyl)benzoic acid"", ""Methyl 4-hydroxy-3-(3'-methyl-2'-hydroxy-3'-butenyl)benzoate"", ""Methyl taboganate; Methyl 4-hydroxy-3-(3'-methyl-1'-oxo-2'-butenyl)benzoate"", '3,4,5-Trimethoxydihydrocinnamic acid', ""2',6'-Dihydroxy-4'-methoxydihydrochalcone"", ""Methyl 4-hydroxy-3-(3'-methyl-2'-butenyl)benzoate"", ""Hostmaniene; 4-Hydroxy-3-(2',3'-dihydroxy-3'-methylbutyl)benzoate"", ""4-Hydroxy-3-(3',7'-dimethylocta-2'-E-6'-dienyl)benzoic acid"", 'Methyl 2,2-dimethyl-1-oxo-2H-1-benzopyran-6-carboxylate', 'Piperaduncine B', 'Pimara-7,15-dien-3β-ol', 'Dimethyl terephthalate', '(22E,24R)-ergosta-4,6,8(14),22-tetraen-3-one', 'Ergosterol peroxide', '8-hydroxy-6-methoxy-3-methylisocoumarin', 'Stearic acid 4-pentoyloxyphenethyl ester', ""3',4'-methylenedioxy-5,6,7- trimethoxyflavone"", ""2'-hydroxy-3,4,4'-trimethoxy-5',6'-(2'',2''-dimethylpyrano)-chalcone"", ""3',4'-methylenedioxy-5,5',6,7-tetramethoxyflavone"", ""3',4'-methylenedioxy-5,7-dimethoxyflavone"", 'Methacrylic acid', 'Methyl (3R,4R,5R)-3-{[(2E)-3-(3,4-dihydroxyphenyl)-2-propenoyl]oxy}-1,4,5-trihydroxycyclohexanecarboxylate', 'Methyl (3R,4R,5R)-3-{[(2Z)-3-(3,4-dihydroxyphenyl)-2-propenoyl]oxy}-1,4,5-trihydroxycyclohexanecarboxylate', 'Deoxycordifoline', '3,4-dehydrostrictosidine acid', 'Turbinatine', '3,4-dehydro-strictosidine', 'Strictosidine acid', 'Cordifoline', 'Harman-3-carboxylic acid', '5α-carboxystrictosidine', '17-(3,4-Methylenedioxyphenyl)-heptadecanoic acid', '19´-(3,4-Methylenedioxyphenyl)-nonadecanoic acid', 'Sargaquinoic acid', '(+)-Guaiacin', 'Sargachromenol', ""7,4'-Dihydroxyflavone"", ""7,4'-Dimethoxyflavone"", '21´-(3,4-Methylenedioxyphenyl)-henicosanoic acid', 'Farnisine', ""Juruenolic acid; 2-(4'-Methylpentenyl-3)-10-oxoundecan-2,6-dienoic acid"", 'Fasciculiferin', 'Tithonine', '5,7-dimethoxy-2,2-dimethyl-2H-1-benzopyran-6-propanoic acid', ""Rel-(7R,8S,7'S,8'S)-4',5'-methylenedioxy-3,4,5,3'-tetramethoxy-7,7'-epoxylignan"", ""Rel-(7R,8S,7'S,8'S)-9-hydroxy-4',5'-methylenedioxy-3,4,5,3'-tetramethoxy-7,7'-epoxylignan"", ""Rel-(7R,8S,7'S,8'S)-4'-hydroxy-3,4,5,3',5'-pentamethoxy-7,7'-epoxylignan"", ""Rel-(7R,8S,7'S,8'S)-4-hydroxy-4',5'-methylenedioxy-3,5,3'-trimethoxy-7,7'-epoxylignan"", ""Rel-(7R,8S,7'S,8'S)-4,5,4',5'-dimethylenedioxy-3,3'-dimethoxy-7,7'-epoxylignan"", ""N-[3-(6'-methoxy-3',4'-methy-lenedioxyphenyl)-2(Z)-propenoyl]pyrrolidine"", '4,5-dihydropiperlonguminine; Piperlonguminine', '(Z)-piplartine; 8(Z)-N-(12,13, 14-trimethoxycinnamoyl)- 3-pyridin-2-one', '8,9-dihydropiplartine; N-(12,13,14-trimethoxydihydrocinnamoyl)-Δ3-pyridin-2-one', '10,11-dihydropiperine; Δα,β-dihydropiperine', 'Piperine', '(E)-piplartine', '4,5-dihydropiperyline', 'Pellitorine', '(3Z,5Z)-N-isobutyl-8-(30,40-methylenedioxy-phenyl)-heptadienamide', ""4-Methoxy-3-(3',7'-dimethylocta-2'-E-6'-dienyl)benzoic acid"", ""3-(3',7 '-dimethyl-2',6 '-octadienyl)-4-methoxy-benzoic acid"", 'Methyl-8-hydroxy-2,2-dimethyl-2H-chromene-6-carboxylate', 'α-Gardiol', 'β-Gardiol', 'Ferulic acid', 'Isopimpinellin', 'Citibrasine', '2,3-dihydro-4,9-dihydroxy-2-(2-hydroxy-propan-2-yl)- 11-methoxy-10-methylfuro[3,2-b]acridin-5(10H)-one', 'bis-5-hydroxyacronycine', 'cyclo (L)-Pro-Gly', 'Piscidinol A', 'cryptomeridiol', 'Pentaol', '3,11-dioxoolean-12-en-28- onic acid', 'Iso-odoratol', 'Oleanonic acid', 'Nilocetin', 'Hispidol A', 'β-caryophyllene, trans-caryophyllene', 'Cusculine; 1,2,3,5,6-pentamethoxy-9-acridone', 'Cuspanine; 1-hydroxy-2,3,5,6-tetramethoxy-9-acridone', '2α,3α-Dihydroxy-urs-12-en-28-oic acid', '3-O-β-D-(6’-methyl)-glucopyranosyl-28-O-β-D-glucopyranosyl-oleanate', 'Oleanolic acid 3-sophoroside', 'Haplotusine', 'β-Sitosterol benzoate', '5-hydroxyflavone', '2-phenyl-4H-chromen-4-one', 'Sinapyl 4-O-β-D-glucopyranoside aldehyde', 'Sinapyl 4-O-β-D-glucopyranoside alcohol', 'Liriodenine', 'N-acetylnonaine', '[10]-gingerol', ""2,4-Dihydroxy-6-[(1'E,3'E)-penta-1', 3'-dienyl]-benzaldehyde"", '2-methyl-5-[8(Z)-pentadecenyl]resorcinol', 'Kaempferol', '2-hydroxyphenylacetic acid', '3-O-β-D-quinovopyranosyl quinovic acid', '(4R)-4,8-dihydroxy-α-tetralone', 'Gallic acid; 3,4,5-trihydroxybenzoic acid', 'Quercitrin, 3-O-α-rhamnosylquercetin', 'Caseobliquin A', 'Methyl angolensate', ""5-(3'' -Hydroxypropyl)-7-methoxy-2-(3',4' -methyl-enedioxyphenyl)benzofuran"", '22β-hydroxypristimerin', '1- (5,7-dihydroxy-2,2-dimethylchroman-6-yl)-3-(2,2-dimethylchroman- 6-yl)propan-1-one', 'Canavaline', 'Di-hydrodehydrodiconiferyl alcohol', '5-hydroxy-N-methylseverifoline', '19,20-Epoxycytochalasin N', 'ellagic acid 4-O-α-L-rhamnopyranoside; eschweilenol C', 'Mayoside C', 'Ourateacatechin', ""3',4',5',5,7-pentamethoxyflavone"", '2-methyl-5-pentadecylresorcinol', '3β-hydroxy-stigmast-5-en-7-one; 24-β-7-oxositosterol', 'Isobutyl gallate', '7′-multijuguinone', 'Griseofulvin', ""7-Hydroxy-4',6-dimethoxyisoflavone; Afrormosin; Afromosin"", '8-methoxymellein', '(±)-Syringaresinol', 'Cyclo-(L-Pro-L-Val)', 'Acetonide of odoratol', 'Nitensidine B', '1-methyl-2-n-nonyl-4-quinolone', '5-[8(Z),11(Z),14-pentadecatrienyl]resorcinol', 'Kokusaginine', ""2-(2'-O-trans-caffeoyl)-C-β-D-glucopyranosyl-1,3,6,7-tetrahydroxyxanthone"", 'Netzahualcoyene', 'Casearin X Dialdehyde; (2R*,4aS*,5S*,7R*,8R*,8aS*)-4,4a-Diformyl-1,2,4a,5,6,7,8,8a-octahydro-5-hydroxy-7,8-dimethyl-8-[(2Z)-3-methylpenta-2,4-dien-1-yl]naphthalen-2-yl Butanoate', 'polypodine B', 'n-Propyl gallate', ""3',4',5',5,7,8-hexamethoxyflavone"", 'Isopropyl gallate', 'scillascillin', 'Nitensidine A', ""8-hydroxy-3,5,7,3',4',5'-hexamethoxyflavonol"", 'Odoratol', 'Leptomerine', '1-O-(E)-caffeoyl-β-D-glucopyranoside', 'Maculosidine', 'Podocarpusflavone A', 'Casearupestrin C', '6α-malonyloxy-n-butyl ester manoyl oxide', 'citrusinine-I', 'Ricinine', 'Leptophyllin A', '5-pentadecylresorcinol', '19,20-Epoxycytochalasin D', 'fumiquinozoline F', 'Kaempferol 3-O-α-L-rhamnopyranosyl (1→6)-O-[β -D-glucopyranosyl (1→3)-O-α-L-rhamnopyranosyl-(1→2)]-O-β -D-glucopyranosyl', 'Rel-2α-hydroxyzuelanin-6β-benzoate', '2,6-di-O-acetylcasearupestrin D', ""Methyl-2,2-dimethyl-8-(3'-methylbut-2'-enyl)chroman-6-carboxylate"", '2,7-Di-O-acetylcasearupestrin A', ""2',5-dihydroxy-3-methoxy-8-dimethylallyl-6, 7-(2' ',2''-dimethylpyrano)-dihydroflavonol"", '2-n-nonyl-4-quinolone', 'Cytochalasin D', 'Isoorientin', 'Piperol B', '(-)-Hardwickiic acid', ""5-[3''-(β-D-glucopyranosyloxy)propyl]-7-methoxy-2-(3',4'-methylenedioxyphenyl)benzofuran"", '28-O-β-D-glucopyranosyl quinovic acid', '2-Methyl-4-hydroxy-butyl caffeoate', 'N-1,N-2,N-3-Triisopentenylguanidine', 'Dibenzyl trisulphide', 'Maytenin, Tingenone', '6β-hydroxy-7-epigardoside methyl ester', 'Tetrahydropiperyline, N-[10-(13,14-methylenedioxyphenyl)-pentanoyl]-pyrrolidine', 'Piperovatine', '2,4,6-trimethoxybenzoic acid', 'Uracil', 'urauchimycin A', 'p-Coumaric acid', '(-)-Epigallocatechin', 'Netzahualcoyonol', '1-[3-(3,7-dimethylocta-2,6-dien-1-yl)-2,4,6- trihydroxyphenyl]-3-(4-hydroxyphenyl)propan-1-one', '6α-malonyloxymanoyl oxide', 'Benzylhydroxymethyl sulphide', '1,6-di-O-caffeoyl-β-D-glucopyranoside', '2-methyl-5-[8(Z),11(Z),14-pentadecatrienyl]resorcinol', '20-hydroxyecdysone; polypodine A', '3-Acetyl aleuritolic acid', 'Alkenoic acid', 'Quercetin 3-O-α-L-rhamnopyranosyl (1→6)-O-[β -D-glucopyranosyl (1→3)-O-α-L-rhamnopyranosyl-(1→2)]-O-β -D-glucopyranosyl', '3β-O-[α-L-rhamnopyranosyl-(1→2)-O-β-D-glucopyranosyl-(1→2)-O-β-D-glucopyranosyl]-28-O-β-D-glucopyranoside pomolate', 'Dibenzyl tetrasulphide', 'Heveaflavone', 'Arboreumine', '3-Oxoursolic acid', 'Casearupestrin B', 'toonacilin', 'urauchimycin B', 'Homoegonol', '[8]-gingerol', '4-Hydroxymellein', '5-hydroxymellein', 'fraxinellonone', 'Dibenzyl sulphide', '(-) Cis-4-hydroxy-6-deoxyscytalone', 'Plumericin', '5-[8(Z),11(Z)-pentadecadienyl]resorcinol', '(-)-Spectalinine', ""N-[7-(3',4'-methylenedioxyphenyl)-2(Z),4(Z)-heptadienoyl]pyrrolidine"", 'Pedalitin', '1-O-(E)-feruloyl-β-D-glucopyranoside', '19,20-Epoxycytochalasin C', 'n-Pentyl gallate', 'Orcinol', 'Periconicin B', 'Phomopsilactone', ""(2S)-8-Isopentyl-2-methyl-2-(4'-methylpentyl)chroman-6-carboxylic acid"", '2,2-dimethyl-2H-chromene-6-carboxylic acid', '1,2-dihydro- 3β-hydroxy-7-deacetoxy-7-oxogedunin', 'Photogedunin', 'Casearin X; (1R*,3S*,5S*,6aR*,7S*,8S*,10R*,10aR*)-1-(Acetyloxy)-3,5,6,6a,7,8,9,10-octahydro-10-hydroxy-7,8-dimethyl-7-[(2Z)-3-methylpenta-2,4-dien-1-yl]naphtho[1,8a-c]furan-3,5-diyl Dibutanoate', 'α-L-xylopyranosyl-(4""→20)-(3-O-β-D-glucopyranosyl)-1\'-O-E-caffeoyl-β-D-glucopyranoside', ""2-(R)-Methyl-6-(S)-(tetradecyl-13'-one)-3(R)-O-tert-butyldimethylsilyl-piperidine"", '(2S)-Methyl-2-methyl-8-(3""-methylbut-2""-enyl)-2-(4\'-methylpent-3\'-enyl)-2H-chromene-6-carboxylate', 'Dibenzyl disulphide', 'Proanthocyanidin', 'Casearin T', 'Piperyline, N-[10-(13,14-methylenedioxyphenyl)-7(E),9(E)-pentadienoyl]-pyrrolidine', 'ω-fenil alcanoic acid', '2-butyl-D-fructofuranoside', ""Gaudichaudianic acid; (2S)-2-methyl-2-(4'methyl-3'-pentenyl)-8-(3''-methyl-2-butenyl)- 2H-1-benzopyran-6-carboxylic acid"", 'limonexic acid', 'Netzahualcoyondiol', 'Pristimerin; 20α-3-hydroxy-2-oxo-24-nor-friedela-1-10,3,5,7-tetraen-carboxylic acid-29-methylester', '3,4,5-trimethoxyphenyl 1-O-β-D-apiofuranosyl-(1→6)-O-β-D-glucopyranoside', 'β-photogedunin', 'n-Butyl gallate', ""5-[3''-(β-D-glucopyranosyloxy)propyl]-7-methoxy-2-(3',4'-dimethoxyphenyl)benzofuran"", '3,12-Dihydroxycadalene', '7-hydroxy-3- (11-dimethylallyl)-8-methoxycoumarin', 'Muraxanthone', '3,4,5-Triacetoxybenzoic acid', 'Odoratone', ""Acteoside; [β-3,4-dihydroxyphenyl)-ethyl]-(3'-O-α-L-rhamnopyranosyl)-(4'-O-cafeoyl)-β-D-glycopyranoside, verbascoside"", 'Di(benzyltrithio) methane', '3,11,12-Trihydroxycadalene', 'Quercetin 3-O-sophoroside', '(3R,4R)-3,4-Dihydro-4,6-dihydroxy-3-methyl-1-oxo-1H-isochromene-5-carboxylic acid', '24-methylene-3,22-dihydroxycholesterol', 'amorphispironone', 'Casearupestrin D', 'Chaetoglobosin B', ""2-(2'-O-benzoyl)-C-β-D-glucopyranosyl-1,3,6,7-tetrahydroxyxanthone"", 'Isoplumericin', 'Skimmianine', 'p-hydroxybenzoic acid-geranyl ester', 'Nitensidine C', 'Dipropyl disulphide', '2-methyl-5-[8(Z),11(Z)-pentadecadienyl]resorcinol', 'neoisoastilbin', '(R)-7-Hydroxymellein', '6α-acetoxymanoyl oxide', 'Methyl-8-hydroxy-2,2-dimethylchroman-6-carboxylate', 'N-[10-(13,14-methylenedioxyphenyl)-7(E),9(Z)-pentadienoyl]-pyrrolidine', '6-[8(Z)-pentadecenyl]salicylic acid', '(2S)-2-methyl-8-(3""-methylbut-2""-enyl)-2-(4\'-methylpent-3\'-enyl)-2H-chromene-6-carboxylic acid', 'Burchellin', '5-[8(Z)-pentadecenyl]resorcinol', 'Luteolin; 2-(3,4-dihydroxyphenyl)-5,7-dihydroxy-4H-chromen-4-one', 'Sinapic acid', '19,20-Epoxycytochalasin Q', '19,20-Epoxycytochalasin R', 'schaftoside', ""(2S)-Methyl-8-isopentyl-2-methyl-2-(4'-methylpentyl)chroman-6-carboxylate"", 'Casearupestrin A', '2-oxo-piperol B; (7S*, 8R*, 1R*, 3R*)-3,4,5-trimethoxy-3,7-cyclo-8,1-neolig-8-ene-2,4(3H)-dione', 'taxifolin', 'Rel-6β-hydroxyzuelanin-2β-benzoate', 'shidasterone', '5-hydroxymethyl- 2-furancarboxaldehyde; 5-hydroxymethyl-2-furfuraldehyde', 'atalaphyllinine', 'N-[10- (13,14-methylenedioxyphenyl)-7(E)-pentaenoyl]-pyrrolidine', '2-Methyl-5-methoxy-benzopyran-4-one', '3,4-dihydroxybenzoic acid geranyl ester', '6α-acetoxy-14β,15β-epoxyazadirone', 'epoxy-fraxinellone', '12′-hydroxy-7′-multijuguinone', 'Kaempferitrin', '4-Nerolidilcatechol', ""2-(2'-O-transcoumaroyl)-C-β-D-glucopyranosyl-1,3,6,7-tetrahydroxyxanthone"", 'Syringic acid', '(+)-3-O-feruloylcassine', 'Salacin', 'Methyl 6,7,8-trimethoxydihydrocinnamate', '2-Hexyl-3-methyl-butanodioic acid', 'fraxinellone', '6-[ 8(Z),11(Z) -pentadecadienyl] salicylic acid', 'Gedunin', 'Pedalin, pedalitin 6-O-β -glucopyranoside', 'Caseargrewiin F; (1R*,3S*,5S*,6aR*,7S*,8R*,10R*,10aR*)-1,3-Bis(acetyloxy)-3,5,6,6a,7,8,9,10-octahydro-10-hydroxy-7,8-dimethyl-7-[(2Z)-3-methylpenta-2,4-dien-1-yl]naphtho[1,8a-c]furan-5-yl Butanoate', 'Casearin L; (1R*,3S*,5S*,6aR*,7R*,8R*,9S*,10S*,10aR*)-1,10-Bis(acetyloxy)-3,5,6,6a,7,8,9,10-octahydro-9-hydroxy-5-methoxy-7,8-dimethyl-7-[(2Z)-3-methylpenta-2,4-dien-1-yl]naphtho[1,8a-c]-furan-3-yl Butanoate', 'Platydesmine', 'Leiokinine A', 'Cabraleadiol', 'Methyl (E)-6,7,8-trimethoxycinnamate', '3,4,5-Trimethoxyphenyl-1-O-β-D-(5-O-syringoyl)-apiofuranosyl-(1→6)-β-D-glucopyranoside', '6-[8(Z),11(Z),14-pentadecatrienyl]salicylic acid', 'Sorbifolin', ""Nitensoside A; Sorbifolin 6-O-α-rhamnopyranosyl(1'''→6'')-β-glucopyranoside"", ""(2'S)-2-(propan-2'-ol)-5-hydroxy-benzopyran-4-one"", 'Rel-(+)-(7S,9R,10S)-3,9,12-trihydroxycalamenene', 'Casearin S', '11β-acetoxyobacunone', '1-(5,7-dihydroxy-2,2-dimethylchroman- 6-yl)-3-[4-hydroxy-3-(3-methylbut-2-en-1-yl)- phenyl]propan-1-one', '(3R,4R)-4,7-Dihydroxymellein', ""Nitensoside B; Pedalitin 6-O-α-rhamnopyranosyl(1'''→6'')-β-glucopyranoside"", 'Methyl gallate', '3-O-β-D-quinovopyranosyl cincholic acid', 'Afzelin, 3-O-α-rhamnosyl kaempferol', 'Egonol', 'Trans-3’-methylsulphonylallyl trans-cinnamate', '(3-(2-(4-hydroxyphenyl)-2-oxoethyl)-5,6-dihydropyridin- 2(1H)-one)', 'Mangiferin', 'Viburgenin', ""Pterogynoside; Kaempferol-3-O-(3''-O-4'''-methylgallate-α-L-rhamnoside)"", '6-pentadecylsalicylic acid', 'Methyl-2,2-dimethylchroman-6-carboxylate', ""Myrsinoic acid A, 3-Geranyl-4-hydroxy-5-(3'',3''-dimethylallyl)benzoic acid"", '20α-Hydroxymaytenin; 20-hydroxy-20-epi-tingenone', '(-)-Epigallocatechin-3-O-gallate', 'Casearin D; (1R*,3S*,5S*,6aR*,7R*,8R*,9S*,10S*,10aR*)-1-(Acetyloxy)-3,5,6,6a,7,8,9,10-octahydro-5,10-dihydroxy-7,8-dimethyl-7-[(2Z)-3-methylpenta-2,4-dien-1-yl]naphtho[1,8a-c]furan-3,9-diyl Dibutanoate', 'Rel. (+)-(7S,10S) 3,12-dihydroxycalamenene', 'carlinoside', 'Methyl-8-(ethanoyloxy)-2,2-dimethyl-2H-chromene-6-carboxylate', 'Amentoflavone', '1-(5,7-dihydroxy-2,2-dimethylchroman-6-yl)-3-(1,1,4a-trimethyl-2,3,4,4a,9a-hexahydro-1H-xanthen-7-yl)propan-1-one', 'Quercetin', ""2-(2'-O-trans-cinnamoyl)-C-β-D-glucopyranosyl-1,3,6,7-tetrahydroxyxanthone"", 'Ocotillone', 'des-N-methylnoracronycine', 'Sorbifolin 6-O-β-glucopyranoside', 'Casearin O; (1R*,3S*,5S*,6aR*,7R*,8R*,9S*,10S*,10aR*)-1,10-Bis(acetyloxy)-5-methoxy-7,8-dimethyl-7-[(2Z)-3-methylpenta-2,4-dien-1-yl]-3,5,6,6a,7,8,9,10-octahydronaphtho[1,8a-c]furan-3,9-diyl Dibutanoate', 'germacrene D', '2β-Hydroxyzuelanin-6β-cinnamate', 'arjunolic acid', 'stachysterone', 'Ethyl 2,4-dihydroxy-5,6-dimethylbenzoate', 'Amentoflavone 7”,4”’-dimethyl ether', 'Picramnioside F', 'Lauryl gallate', 'Syringaldehyde', '22-hydroxytirucalla-7,24-diene-2,3-dione', '(−)-Grandisin', '24-methylenecycloartan-3b-ol', 'Ixoside', 'Cognatine', 'Fagaramide', 'Chalepin', 'Chlorogenic acid']]",doi_name
"['10.1021/jf100233y', 'n-Propyl gallate']","['10.1021/jf100233y', ['guaiol', 'Hinesol', 'γ-eudesmol', 'α-eudesmol', 'Chlorogenic acid methyl ester, Methyl (1S,3R,4R,5R)-3-{[(2E)-3-(3,4-dihydroxyphenyl)-2-propenoyl]oxy}-1,4,5-trihydroxycyclohexanecarboxylate', 'Galioside aglicone', '11-O-trans-feruloylteucrein', 'Teucrein', 'Galioside', 'Apodanthoside', 'Nilocetin', 'Hispidol A', '3,11-dioxoolean-12-en-28- onic acid', 'Iso-odoratol', 'cryptomeridiol', 'Piscidinol A', 'Oleanonic acid', 'Pentaol', '5,7-dimethoxy-2,2-dimethyl-2H-1-benzopyran-6-propanoate', '2α,3α,19α- trihydroxyurs-12-en-28-oic acid', 'penduletin 4-O-methyl ether', '3,3-O-dimethylquercetin', '3-O-methylquercetin', '3,7,4-O-trimethylkaempferol', 'acacetin', 'Chrysoeriol', '2α,3α-dihydroxyolean-12- en-28-oic acid', 'p-hydroxybenzoic acid', '2,3-dihydro-4,9-dihydroxy-2-(2-hydroxy-propan-2-yl)- 11-methoxy-10-methylfuro[3,2-b]acridin-5(10H)-one', 'Citibrasine', 'bis-5-hydroxyacronycine', '9-hydroxyeugenin', 'Mycoleptone A', 'Mycoleptone A tetraacetate', '6-methoxyeugenin', 'Eugenitin', 'Mycoleptone B', 'Austdiol diacetate', 'Austdiol', '(-)-3-O-acetyl-spectaline', 'Methyl (3R,4R,5R)-3-{[(2Z)-3-(3,4-dihydroxyphenyl)-2-propenoyl]oxy}-1,4,5-trihydroxycyclohexanecarboxylate', 'Methyl (3R,4R,5R)-3-{[(2E)-3-(3,4-dihydroxyphenyl)-2-propenoyl]oxy}-1,4,5-trihydroxycyclohexanecarboxylate', 'Beauvericin', 'Anhydrofusarubin', 'Aphidicolin', 'astilbin; Rel-(2R, 3R)-dihydroquercetin-3-O-±-L-rhamnoside', 'Stearic acid 4-pentoyloxyphenethyl ester', 'cyclo (L)-Pro-Gly', 'Taraxerol acetate', ""4-Methoxy-3-(3',7'-dimethylocta-2'-E-6'-dienyl)benzoic acid"", ""3-(3',7 '-dimethyl-2',6 '-octadienyl)-4-methoxy-benzoic acid"", 'Methyl-8-hydroxy-2,2-dimethyl-2H-chromene-6-carboxylate', 'Xanthyletin', '21β,25-dimethylmelianodiol', '21α,25-dimethylmelianodiol', '3,21-Di-epi-feroniellide B', ""4-Hydroxy-(3',7'-dimethyl-1'-oxo-octa-2'-Z-6'-dienyl)benzoic acid"", ""Methyl 4-hydroxy-3-(3'-methyl-2'-hydroxy-3'-butenyl)benzoate"", ""Aduncumene; Methyl 2-methoxy-5-(3'-methyl-1'-oxo-2'-butenyl)benzoate"", 'Piperaduncine B', ""Methyl taboganate; Methyl 4-hydroxy-3-(3'-methyl-1'-oxo-2'-butenyl)benzoate"", ""Methyl 4-hydroxy-3-(3'-methyl-2'-butenyl)benzoate"", ""2',6'-Dihydroxy-4'-methoxydihydrochalcone"", 'Methyl 2,2-dimethyl-1-oxo-2H-1-benzopyran-6-carboxylate', ""4-Hydroxy-3-(3',7'-dimethylocta-2'-E-6'-dienyl)benzoic acid"", ""Hostmaniene; 4-Hydroxy-3-(2',3'-dihydroxy-3'-methylbutyl)benzoate"", '3,4,5-Trimethoxydihydrocinnamic acid', '21´-(3,4-Methylenedioxyphenyl)-henicosanoic acid', 'Sargaquinoic acid', 'Farnisine', ""7,4'-Dimethoxyflavone"", '(+)-Guaiacin', ""7,4'-Dihydroxyflavone"", '19´-(3,4-Methylenedioxyphenyl)-nonadecanoic acid', 'Sargachromenol', '17-(3,4-Methylenedioxyphenyl)-heptadecanoic acid', 'Fasciculiferin', ""Juruenolic acid; 2-(4'-Methylpentenyl-3)-10-oxoundecan-2,6-dienoic acid"", 'Tithonine', ""Isoswertisin-2''α1-L-rhamnoside"", '2-Episesalatin', 'Sesartemin', ""Isoswertisin-4'-methyl-ether-2''α-L-rhamnoside"", 'Clusifoliol', '5-hydroxynoracronycine; Atalaphyllidine', '1,3,5-trihydroxy-4-methoxy-10-methyl- 2,8-bis(3-methylbut-2-enyl)acridin-9(10H)-one', 'Pyranofoline', 'Glycocitrine-I', 'Citrusinine-I', 'Glycocitrine-IV', '3,4-dihydro-3,5,8-trihydroxy-6-methoxy-2,2,7-trimethyl-2Hpyrano[ 2,3-a]acridin-12(7H)-one', 'Citrusinine-II', '1,3,5-trihydroxy- 2,8-bis(3-methylbut-2-enyl)-10-methyl-9-acridone', ""3',4'-methylenedioxy-5,5',6,7-tetramethoxyflavone"", ""2'-hydroxy-3,4,4'-trimethoxy-5',6'-(2'',2''-dimethylpyrano)-chalcone"", ""3',4'-methylenedioxy-5,6,7- trimethoxyflavone"", ""3',4'-methylenedioxy-5,7-dimethoxyflavone"", '7-Methoxydiderroside', ""6'-Acetyl-β-D-glucopyranosyldiderroside"", 'Diderroside', 'Secoxyloganin', ""4-Hydroxy-(3',7'-dimethyl-1'-oxo-octa-2'-E-6'-dienyl)benzoic acid"", ""Isosakuranetin; 5,7-dihydroxy-4'-methoxyflavanone"", ""4-Hydroxy-3-(3',7'-dimethyl-3'-hydroxy-1'-oxo-6'-octenyl)benzoic acid"", ""Sakuranetin; 5,4'-dihydroxy-7-methoxyflavanone"", ""1,4-Dihydroxy-2-(3',7'-dimethyl-1'-oxo-2'-E-6'-octadienyl)benzene"", '(+)-α-Hydroxyerysotrine', '(+)-Erythravine', '(+)-11α-Hydroxyerythravine', ""3,4-dimethyl-2-(4'-hydroxy-3',5'-dimethoxyphenyl)-5-methoxy-tetrahydrofuran"", '7-Methyl-sargachromenol; 2,7,8-Trimethyl-2-[(3-E,7-Z)-4,12-dimethyl-8-carboxyl-3,7,11-tridecatrienyl]-3-chromen-6-ol, β-caroteno', 'Nectandrin B', 'Epi-guaiacin', 'Verrucosin', 'Pimara-7,15-dien-3β-ol', '8-hydroxy-6-methoxy-3-methylisocoumarin', 'Dimethyl terephthalate', 'Ergosterol peroxide', '(22E,24R)-ergosta-4,6,8(14),22-tetraen-3-one', '2-n-Propylquinoline', ""2-(3',4'-methylenedioxyphenylethyl)-Quinoline"", ""2-(1'-pentenyl)-Quinoline"", '2-n-Pentylquinoline', '3,4-dehydrostrictosidine acid', 'Cordifoline', 'Turbinatine', '3,4-dehydro-strictosidine', 'Harman-3-carboxylic acid', 'Strictosidine acid', '5α-carboxystrictosidine', 'Deoxycordifoline', ""Rel-(7R,8S,7'S,8'S)-4,5,4',5'-dimethylenedioxy-3,3'-dimethoxy-7,7'-epoxylignan"", ""Rel-(7R,8S,7'S,8'S)-4'-hydroxy-3,4,5,3',5'-pentamethoxy-7,7'-epoxylignan"", ""Rel-(7R,8S,7'S,8'S)-4-hydroxy-4',5'-methylenedioxy-3,5,3'-trimethoxy-7,7'-epoxylignan"", ""Rel-(7R,8S,7'S,8'S)-9-hydroxy-4',5'-methylenedioxy-3,4,5,3'-tetramethoxy-7,7'-epoxylignan"", ""Rel-(7R,8S,7'S,8'S)-4',5'-methylenedioxy-3,4,5,3'-tetramethoxy-7,7'-epoxylignan"", 'Nitensidine D', 'Nitensidine E', 'Isopimpinellin', '1-methoxy-3-hydroxy-3,10b-4,5a-diepoxy-8b-isobutyroyloxygermacr-11(13)-en-6a,12-olide', 'Tagitinin C', '4-metoxi-6-[2-(metilamino)fenil]- 2H-piran-2-ona', '5,7-dimethoxy-2,2-dimethyl-2H-1-benzopyran-6-propanoic acid', ""3,5,6,7,3',4',5'-heptamethoxyflavonol"", ""3',4',5',3,5,7,8-heptamethoxyflavone"", 'β-Gardiol', 'α-Gardiol', 'Ferulic acid', 'Catechin, Ent-catechin', 'Quercetin-3-O-α-L-rhamnopyranosyl-(1→6)-β-D-galactopyranoside', 'Kaempferol-3-O-α-L-rhamnopyranosyl-(1→6)-β-D-galactopyranoside', 'Kaempferol-3-O-rutinoside', 'Kaempferol-3-O-D-glucopyranoside', 'Procyanidin B-3', 'Kaempferol-3-O-α-L-rhamnopyranosyl-(1-6)-α-L-rhamnopyranosyl-(1-4)-β-D-glucopyranoside', '6-Hydroxy-rutin', 'Kaempferol-3-O-D-galactopyranoside', 'Methacrylic acid', 'β-caryophyllene, trans-caryophyllene', '(3Z,5Z)-N-isobutyl-8-(30,40-methylenedioxy-phenyl)-heptadienamide', 'Pellitorine', ""N-[3-(6'-methoxy-3',4'-methy-lenedioxyphenyl)-2(Z)-propenoyl]pyrrolidine"", '(Z)-piplartine; 8(Z)-N-(12,13, 14-trimethoxycinnamoyl)- 3-pyridin-2-one', '10,11-dihydropiperine; Δα,β-dihydropiperine', '4,5-dihydropiperlonguminine; Piperlonguminine', 'Piperine', '8,9-dihydropiplartine; N-(12,13,14-trimethoxydihydrocinnamoyl)-Δ3-pyridin-2-one', '4,5-dihydropiperyline', '(E)-piplartine', 'Cusculine; 1,2,3,5,6-pentamethoxy-9-acridone', 'Cuspanine; 1-hydroxy-2,3,5,6-tetramethoxy-9-acridone', '2α,3α-Dihydroxy-urs-12-en-28-oic acid', '3-O-β-D-(6’-methyl)-glucopyranosyl-28-O-β-D-glucopyranosyl-oleanate', 'Oleanolic acid 3-sophoroside', 'Haplotusine', 'β-Sitosterol benzoate', '2-phenyl-4H-chromen-4-one', '5-hydroxyflavone', 'Sinapyl 4-O-β-D-glucopyranoside aldehyde', 'Sinapyl 4-O-β-D-glucopyranoside alcohol', 'N-acetylnonaine', 'Liriodenine', '[10]-gingerol', ""2,4-Dihydroxy-6-[(1'E,3'E)-penta-1', 3'-dienyl]-benzaldehyde"", 'Nitensidine A', '2-methyl-5-[8(Z)-pentadecenyl]resorcinol', '2-hydroxyphenylacetic acid', '3-O-β-D-quinovopyranosyl quinovic acid', ""8-hydroxy-3,5,7,3',4',5'-hexamethoxyflavonol"", 'Kaempferol', '(4R)-4,8-dihydroxy-α-tetralone', 'Chlorogenic acid', 'Odoratol', 'Netzahualcoyene', 'Casearin X Dialdehyde; (2R*,4aS*,5S*,7R*,8R*,8aS*)-4,4a-Diformyl-1,2,4a,5,6,7,8,8a-octahydro-5-hydroxy-7,8-dimethyl-8-[(2Z)-3-methylpenta-2,4-dien-1-yl]naphthalen-2-yl Butanoate', 'polypodine B', 'n-Propyl gallate', ""3',4',5',5,7,8-hexamethoxyflavone"", '5-hydroxy-N-methylseverifoline', '19,20-Epoxycytochalasin N', 'ellagic acid 4-O-α-L-rhamnopyranoside; eschweilenol C', 'Mayoside C', 'Ourateacatechin', ""3',4',5',5,7-pentamethoxyflavone"", '2-methyl-5-pentadecylresorcinol', '3β-hydroxy-stigmast-5-en-7-one; 24-β-7-oxositosterol', 'scillascillin', ""2-(2'-O-trans-caffeoyl)-C-β-D-glucopyranosyl-1,3,6,7-tetrahydroxyxanthone"", '7′-multijuguinone', 'Griseofulvin', ""7-Hydroxy-4',6-dimethoxyisoflavone; Afrormosin; Afromosin"", '8-methoxymellein', '(±)-Syringaresinol', 'Cyclo-(L-Pro-L-Val)', 'Plumericin', 'Maytenin, Tingenone', 'urauchimycin B', 'Ocotillone', 'des-N-methylnoracronycine', 'Sorbifolin 6-O-β-glucopyranoside', 'Rel-2α-hydroxyzuelanin-6β-benzoate', '2,6-di-O-acetylcasearupestrin D', ""Methyl-2,2-dimethyl-8-(3'-methylbut-2'-enyl)chroman-6-carboxylate"", '2,7-Di-O-acetylcasearupestrin A', 'Nitensidine B', '1-methyl-2-n-nonyl-4-quinolone', '5-[8(Z),11(Z),14-pentadecatrienyl]resorcinol', 'Gallic acid; 3,4,5-trihydroxybenzoic acid', 'Chalepin', 'Leptomerine', 'Isoorientin', 'Maculosidine', 'Podocarpusflavone A', 'Casearupestrin C', '6α-malonyloxy-n-butyl ester manoyl oxide', 'citrusinine-I', 'Ricinine', 'Leptophyllin A', '5-pentadecylresorcinol', 'Homoegonol', '[8]-gingerol', '4-Hydroxymellein', '5-hydroxymellein', 'fraxinellonone', 'Dibenzyl sulphide', '(-) Cis-4-hydroxy-6-deoxyscytalone', '1,6-di-O-caffeoyl-β-D-glucopyranoside', '2-methyl-5-[8(Z),11(Z),14-pentadecatrienyl]resorcinol', 'Pristimerin; 20α-3-hydroxy-2-oxo-24-nor-friedela-1-10,3,5,7-tetraen-carboxylic acid-29-methylester', '3,4,5-trimethoxyphenyl 1-O-β-D-apiofuranosyl-(1→6)-O-β-D-glucopyranoside', 'β-photogedunin', '5-[8(Z),11(Z)-pentadecadienyl]resorcinol', '(-)-Spectalinine', 'Netzahualcoyondiol', '19,20-Epoxycytochalasin D', 'fumiquinozoline F', 'Kaempferol 3-O-α-L-rhamnopyranosyl (1→6)-O-[β -D-glucopyranosyl (1→3)-O-α-L-rhamnopyranosyl-(1→2)]-O-β -D-glucopyranosyl', '3β-O-[α-L-rhamnopyranosyl-(1→2)-O-β-D-glucopyranosyl-(1→2)-O-β-D-glucopyranosyl]-28-O-β-D-glucopyranoside pomolate', 'Dibenzyl tetrasulphide', ""2',5-dihydroxy-3-methoxy-8-dimethylallyl-6, 7-(2' ',2''-dimethylpyrano)-dihydroflavonol"", '2-n-nonyl-4-quinolone', 'Cytochalasin D', ""2-(2'-O-trans-cinnamoyl)-C-β-D-glucopyranosyl-1,3,6,7-tetrahydroxyxanthone"", 'Kokusaginine', 'Piperol B', '(-)-Hardwickiic acid', ""5-[3''-(β-D-glucopyranosyloxy)propyl]-7-methoxy-2-(3',4'-methylenedioxyphenyl)benzofuran"", '28-O-β-D-glucopyranosyl quinovic acid', '2-Methyl-4-hydroxy-butyl caffeoate', 'N-1,N-2,N-3-Triisopentenylguanidine', 'Dibenzyl trisulphide', 'urauchimycin A', 'p-Coumaric acid', '(-)-Epigallocatechin', 'Netzahualcoyonol', '1-[3-(3,7-dimethylocta-2,6-dien-1-yl)-2,4,6- trihydroxyphenyl]-3-(4-hydroxyphenyl)propan-1-one', '6α-malonyloxymanoyl oxide', 'Benzylhydroxymethyl sulphide', ""N-[7-(3',4'-methylenedioxyphenyl)-2(Z),4(Z)-heptadienoyl]pyrrolidine"", ""Acteoside; [β-3,4-dihydroxyphenyl)-ethyl]-(3'-O-α-L-rhamnopyranosyl)-(4'-O-cafeoyl)-β-D-glycopyranoside, verbascoside"", '20-hydroxyecdysone; polypodine A', '3-Acetyl aleuritolic acid', 'Alkenoic acid', 'Quercetin 3-O-α-L-rhamnopyranosyl (1→6)-O-[β -D-glucopyranosyl (1→3)-O-α-L-rhamnopyranosyl-(1→2)]-O-β -D-glucopyranosyl', 'Heveaflavone', 'Arboreumine', '3-Oxoursolic acid', 'Casearupestrin B', ""5-(3'' -Hydroxypropyl)-7-methoxy-2-(3',4' -methyl-enedioxyphenyl)benzofuran"", '22β-hydroxypristimerin', '1- (5,7-dihydroxy-2,2-dimethylchroman-6-yl)-3-(2,2-dimethylchroman- 6-yl)propan-1-one', 'Canavaline', 'Di-hydrodehydrodiconiferyl alcohol', 'Quercetin', '19,20-Epoxycytochalasin C', 'n-Pentyl gallate', 'Orcinol', 'Periconicin B', 'Phomopsilactone', ""(2S)-8-Isopentyl-2-methyl-2-(4'-methylpentyl)chroman-6-carboxylic acid"", '2,2-dimethyl-2H-chromene-6-carboxylic acid', '1,2-dihydro- 3β-hydroxy-7-deacetoxy-7-oxogedunin', 'Photogedunin', 'Casearin X; (1R*,3S*,5S*,6aR*,7S*,8S*,10R*,10aR*)-1-(Acetyloxy)-3,5,6,6a,7,8,9,10-octahydro-10-hydroxy-7,8-dimethyl-7-[(2Z)-3-methylpenta-2,4-dien-1-yl]naphtho[1,8a-c]furan-3,5-diyl Dibutanoate', ""2-(R)-Methyl-6-(S)-(tetradecyl-13'-one)-3(R)-O-tert-butyldimethylsilyl-piperidine"", '(2S)-Methyl-2-methyl-8-(3""-methylbut-2""-enyl)-2-(4\'-methylpent-3\'-enyl)-2H-chromene-6-carboxylate', 'n-Butyl gallate', ""5-[3''-(β-D-glucopyranosyloxy)propyl]-7-methoxy-2-(3',4'-dimethoxyphenyl)benzofuran"", '3,12-Dihydroxycadalene', '7-hydroxy-3- (11-dimethylallyl)-8-methoxycoumarin', 'Casearin T', 'Piperyline, N-[10-(13,14-methylenedioxyphenyl)-7(E),9(E)-pentadienoyl]-pyrrolidine', 'ω-fenil alcanoic acid', '2-butyl-D-fructofuranoside', ""Gaudichaudianic acid; (2S)-2-methyl-2-(4'methyl-3'-pentenyl)-8-(3''-methyl-2-butenyl)- 2H-1-benzopyran-6-carboxylic acid"", 'limonexic acid', 'Pedalitin', 'Skimmianine', 'p-hydroxybenzoic acid-geranyl ester', 'Dibenzyl disulphide', 'Proanthocyanidin', 'neoisoastilbin', '(R)-7-Hydroxymellein', 'toonacilin', 'Uracil', '1-O-(E)-feruloyl-β-D-glucopyranoside', 'Methyl 6,7,8-trimethoxydihydrocinnamate', '6α-acetoxymanoyl oxide', 'Methyl-8-hydroxy-2,2-dimethylchroman-6-carboxylate', '6α-acetoxy-14β,15β-epoxyazadirone', 'Di(benzyltrithio) methane', '3,11,12-Trihydroxycadalene', 'Quercetin 3-O-sophoroside', '(3R,4R)-3,4-Dihydro-4,6-dihydroxy-3-methyl-1-oxo-1H-isochromene-5-carboxylic acid', '24-methylene-3,22-dihydroxycholesterol', 'amorphispironone', 'Casearupestrin D', 'Chaetoglobosin B', ""2-(2'-O-benzoyl)-C-β-D-glucopyranosyl-1,3,6,7-tetrahydroxyxanthone"", 'Isoplumericin', 'α-L-xylopyranosyl-(4""→20)-(3-O-β-D-glucopyranosyl)-1\'-O-E-caffeoyl-β-D-glucopyranoside', '6-[8(Z)-pentadecenyl]salicylic acid', 'Gedunin', 'Pedalin, pedalitin 6-O-β -glucopyranoside', '(2S)-2-methyl-8-(3""-methylbut-2""-enyl)-2-(4\'-methylpent-3\'-enyl)-2H-chromene-6-carboxylic acid', 'Burchellin', '5-[8(Z)-pentadecenyl]resorcinol', 'Luteolin; 2-(3,4-dihydroxyphenyl)-5,7-dihydroxy-4H-chromen-4-one', 'Sinapic acid', '19,20-Epoxycytochalasin Q', '19,20-Epoxycytochalasin R', 'Muraxanthone', 'epoxy-fraxinellone', '12′-hydroxy-7′-multijuguinone', 'Kaempferitrin', 'Nitensidine C', 'Dipropyl disulphide', '2-methyl-5-[8(Z),11(Z)-pentadecadienyl]resorcinol', 'taxifolin', ""(2'S)-2-(propan-2'-ol)-5-hydroxy-benzopyran-4-one"", 'Rel-(+)-(7S,9R,10S)-3,9,12-trihydroxycalamenene', 'Casearin S', '2-Hexyl-3-methyl-butanodioic acid', 'fraxinellone', '6-[ 8(Z),11(Z) -pentadecadienyl] salicylic acid', 'Odoratone', 'Rel-6β-hydroxyzuelanin-2β-benzoate', 'shidasterone', '5-hydroxymethyl- 2-furancarboxaldehyde; 5-hydroxymethyl-2-furfuraldehyde', 'atalaphyllinine', 'N-[10- (13,14-methylenedioxyphenyl)-7(E)-pentaenoyl]-pyrrolidine', '2-Methyl-5-methoxy-benzopyran-4-one', '3,4-dihydroxybenzoic acid geranyl ester', 'N-[10-(13,14-methylenedioxyphenyl)-7(E),9(Z)-pentadienoyl]-pyrrolidine', ""2-(2'-O-transcoumaroyl)-C-β-D-glucopyranosyl-1,3,6,7-tetrahydroxyxanthone"", 'Syringic acid', '(+)-3-O-feruloylcassine', '1-(5,7-dihydroxy-2,2-dimethylchroman-6-yl)-3-(1,1,4a-trimethyl-2,3,4,4a,9a-hexahydro-1H-xanthen-7-yl)propan-1-one', 'Methyl (E)-6,7,8-trimethoxycinnamate', '3,4,5-Trimethoxyphenyl-1-O-β-D-(5-O-syringoyl)-apiofuranosyl-(1→6)-β-D-glucopyranoside', 'Caseargrewiin F; (1R*,3S*,5S*,6aR*,7S*,8R*,10R*,10aR*)-1,3-Bis(acetyloxy)-3,5,6,6a,7,8,9,10-octahydro-10-hydroxy-7,8-dimethyl-7-[(2Z)-3-methylpenta-2,4-dien-1-yl]naphtho[1,8a-c]furan-5-yl Butanoate', 'Casearin L; (1R*,3S*,5S*,6aR*,7R*,8R*,9S*,10S*,10aR*)-1,10-Bis(acetyloxy)-3,5,6,6a,7,8,9,10-octahydro-9-hydroxy-5-methoxy-7,8-dimethyl-7-[(2Z)-3-methylpenta-2,4-dien-1-yl]naphtho[1,8a-c]-furan-3-yl Butanoate', 'Platydesmine', 'Leiokinine A', 'Cabraleadiol', 'schaftoside', ""(2S)-Methyl-8-isopentyl-2-methyl-2-(4'-methylpentyl)chroman-6-carboxylate"", '3,4,5-Triacetoxybenzoic acid', 'Casearupestrin A', '2-oxo-piperol B; (7S*, 8R*, 1R*, 3R*)-3,4,5-trimethoxy-3,7-cyclo-8,1-neolig-8-ene-2,4(3H)-dione', '20α-Hydroxymaytenin; 20-hydroxy-20-epi-tingenone', '(-)-Epigallocatechin-3-O-gallate', 'Casearin D; (1R*,3S*,5S*,6aR*,7R*,8R*,9S*,10S*,10aR*)-1-(Acetyloxy)-3,5,6,6a,7,8,9,10-octahydro-5,10-dihydroxy-7,8-dimethyl-7-[(2Z)-3-methylpenta-2,4-dien-1-yl]naphtho[1,8a-c]furan-3,9-diyl Dibutanoate', 'Rel. (+)-(7S,10S) 3,12-dihydroxycalamenene', 'carlinoside', 'Methyl-8-(ethanoyloxy)-2,2-dimethyl-2H-chromene-6-carboxylate', '11β-acetoxyobacunone', '1-(5,7-dihydroxy-2,2-dimethylchroman- 6-yl)-3-[4-hydroxy-3-(3-methylbut-2-en-1-yl)- phenyl]propan-1-one', '(3R,4R)-4,7-Dihydroxymellein', ""Nitensoside B; Pedalitin 6-O-α-rhamnopyranosyl(1'''→6'')-β-glucopyranoside"", 'Amentoflavone', 'Methyl gallate', '3-O-β-D-quinovopyranosyl cincholic acid', 'Afzelin, 3-O-α-rhamnosyl kaempferol', 'Egonol', '4-Nerolidilcatechol', '22-hydroxytirucalla-7,24-diene-2,3-dione', 'Trans-3’-methylsulphonylallyl trans-cinnamate', '(3-(2-(4-hydroxyphenyl)-2-oxoethyl)-5,6-dihydropyridin- 2(1H)-one)', 'Mangiferin', 'Salacin', 'Viburgenin', ""Pterogynoside; Kaempferol-3-O-(3''-O-4'''-methylgallate-α-L-rhamnoside)"", 'Isobutyl gallate', '6-[8(Z),11(Z),14-pentadecatrienyl]salicylic acid', 'Sorbifolin', ""Nitensoside A; Sorbifolin 6-O-α-rhamnopyranosyl(1'''→6'')-β-glucopyranoside"", 'Casearin O; (1R*,3S*,5S*,6aR*,7R*,8R*,9S*,10S*,10aR*)-1,10-Bis(acetyloxy)-5-methoxy-7,8-dimethyl-7-[(2Z)-3-methylpenta-2,4-dien-1-yl]-3,5,6,6a,7,8,9,10-octahydronaphtho[1,8a-c]furan-3,9-diyl Dibutanoate', 'germacrene D', '6-pentadecylsalicylic acid', 'Methyl-2,2-dimethylchroman-6-carboxylate', ""Myrsinoic acid A, 3-Geranyl-4-hydroxy-5-(3'',3''-dimethylallyl)benzoic acid"", 'Isopropyl gallate', '6β-hydroxy-7-epigardoside methyl ester', 'Tetrahydropiperyline, N-[10-(13,14-methylenedioxyphenyl)-pentanoyl]-pyrrolidine', 'Piperovatine', '2,4,6-trimethoxybenzoic acid', '1-O-(E)-caffeoyl-β-D-glucopyranoside', 'Quercitrin, 3-O-α-rhamnosylquercetin', 'Caseobliquin A', 'Methyl angolensate', 'arjunolic acid', 'stachysterone', 'Ethyl 2,4-dihydroxy-5,6-dimethylbenzoate', 'Amentoflavone 7”,4”’-dimethyl ether', 'Picramnioside F', 'Lauryl gallate', 'Syringaldehyde', 'Acetonide of odoratol', '(−)-Grandisin', '24-methylenecycloartan-3b-ol', 'Ixoside', '2β-Hydroxyzuelanin-6β-cinnamate', 'Cognatine', 'Fagaramide']]",doi_name
"['10.1021/jf100233y', 'Methyl gallate']","['10.1021/jf100233y', ['guaiol', 'Hinesol', 'γ-eudesmol', 'α-eudesmol', 'Chlorogenic acid methyl ester, Methyl (1S,3R,4R,5R)-3-{[(2E)-3-(3,4-dihydroxyphenyl)-2-propenoyl]oxy}-1,4,5-trihydroxycyclohexanecarboxylate', 'Galioside aglicone', '11-O-trans-feruloylteucrein', 'Teucrein', 'Galioside', 'Apodanthoside', 'Nilocetin', 'Hispidol A', '3,11-dioxoolean-12-en-28- onic acid', 'Iso-odoratol', 'cryptomeridiol', 'Piscidinol A', 'Oleanonic acid', 'Pentaol', '5,7-dimethoxy-2,2-dimethyl-2H-1-benzopyran-6-propanoate', '2α,3α,19α- trihydroxyurs-12-en-28-oic acid', 'penduletin 4-O-methyl ether', '3,3-O-dimethylquercetin', '3-O-methylquercetin', '3,7,4-O-trimethylkaempferol', 'acacetin', 'Chrysoeriol', '2α,3α-dihydroxyolean-12- en-28-oic acid', 'p-hydroxybenzoic acid', '2,3-dihydro-4,9-dihydroxy-2-(2-hydroxy-propan-2-yl)- 11-methoxy-10-methylfuro[3,2-b]acridin-5(10H)-one', 'Citibrasine', 'bis-5-hydroxyacronycine', '9-hydroxyeugenin', 'Mycoleptone A', 'Mycoleptone A tetraacetate', '6-methoxyeugenin', 'Eugenitin', 'Mycoleptone B', 'Austdiol diacetate', 'Austdiol', '(-)-3-O-acetyl-spectaline', 'Methyl (3R,4R,5R)-3-{[(2Z)-3-(3,4-dihydroxyphenyl)-2-propenoyl]oxy}-1,4,5-trihydroxycyclohexanecarboxylate', 'Methyl (3R,4R,5R)-3-{[(2E)-3-(3,4-dihydroxyphenyl)-2-propenoyl]oxy}-1,4,5-trihydroxycyclohexanecarboxylate', 'Beauvericin', 'Anhydrofusarubin', 'Aphidicolin', 'astilbin; Rel-(2R, 3R)-dihydroquercetin-3-O-±-L-rhamnoside', 'Stearic acid 4-pentoyloxyphenethyl ester', 'cyclo (L)-Pro-Gly', 'Taraxerol acetate', ""4-Methoxy-3-(3',7'-dimethylocta-2'-E-6'-dienyl)benzoic acid"", ""3-(3',7 '-dimethyl-2',6 '-octadienyl)-4-methoxy-benzoic acid"", 'Methyl-8-hydroxy-2,2-dimethyl-2H-chromene-6-carboxylate', 'Xanthyletin', '21β,25-dimethylmelianodiol', '21α,25-dimethylmelianodiol', '3,21-Di-epi-feroniellide B', ""4-Hydroxy-(3',7'-dimethyl-1'-oxo-octa-2'-Z-6'-dienyl)benzoic acid"", ""Methyl 4-hydroxy-3-(3'-methyl-2'-hydroxy-3'-butenyl)benzoate"", ""Aduncumene; Methyl 2-methoxy-5-(3'-methyl-1'-oxo-2'-butenyl)benzoate"", 'Piperaduncine B', ""Methyl taboganate; Methyl 4-hydroxy-3-(3'-methyl-1'-oxo-2'-butenyl)benzoate"", ""Methyl 4-hydroxy-3-(3'-methyl-2'-butenyl)benzoate"", ""2',6'-Dihydroxy-4'-methoxydihydrochalcone"", 'Methyl 2,2-dimethyl-1-oxo-2H-1-benzopyran-6-carboxylate', ""4-Hydroxy-3-(3',7'-dimethylocta-2'-E-6'-dienyl)benzoic acid"", ""Hostmaniene; 4-Hydroxy-3-(2',3'-dihydroxy-3'-methylbutyl)benzoate"", '3,4,5-Trimethoxydihydrocinnamic acid', '21´-(3,4-Methylenedioxyphenyl)-henicosanoic acid', 'Sargaquinoic acid', 'Farnisine', ""7,4'-Dimethoxyflavone"", '(+)-Guaiacin', ""7,4'-Dihydroxyflavone"", '19´-(3,4-Methylenedioxyphenyl)-nonadecanoic acid', 'Sargachromenol', '17-(3,4-Methylenedioxyphenyl)-heptadecanoic acid', 'Fasciculiferin', ""Juruenolic acid; 2-(4'-Methylpentenyl-3)-10-oxoundecan-2,6-dienoic acid"", 'Tithonine', ""Isoswertisin-2''α1-L-rhamnoside"", '2-Episesalatin', 'Sesartemin', ""Isoswertisin-4'-methyl-ether-2''α-L-rhamnoside"", 'Clusifoliol', '5-hydroxynoracronycine; Atalaphyllidine', '1,3,5-trihydroxy-4-methoxy-10-methyl- 2,8-bis(3-methylbut-2-enyl)acridin-9(10H)-one', 'Pyranofoline', 'Glycocitrine-I', 'Citrusinine-I', 'Glycocitrine-IV', '3,4-dihydro-3,5,8-trihydroxy-6-methoxy-2,2,7-trimethyl-2Hpyrano[ 2,3-a]acridin-12(7H)-one', 'Citrusinine-II', '1,3,5-trihydroxy- 2,8-bis(3-methylbut-2-enyl)-10-methyl-9-acridone', ""3',4'-methylenedioxy-5,5',6,7-tetramethoxyflavone"", ""2'-hydroxy-3,4,4'-trimethoxy-5',6'-(2'',2''-dimethylpyrano)-chalcone"", ""3',4'-methylenedioxy-5,6,7- trimethoxyflavone"", ""3',4'-methylenedioxy-5,7-dimethoxyflavone"", '7-Methoxydiderroside', ""6'-Acetyl-β-D-glucopyranosyldiderroside"", 'Diderroside', 'Secoxyloganin', ""4-Hydroxy-(3',7'-dimethyl-1'-oxo-octa-2'-E-6'-dienyl)benzoic acid"", ""Isosakuranetin; 5,7-dihydroxy-4'-methoxyflavanone"", ""4-Hydroxy-3-(3',7'-dimethyl-3'-hydroxy-1'-oxo-6'-octenyl)benzoic acid"", ""Sakuranetin; 5,4'-dihydroxy-7-methoxyflavanone"", ""1,4-Dihydroxy-2-(3',7'-dimethyl-1'-oxo-2'-E-6'-octadienyl)benzene"", '(+)-α-Hydroxyerysotrine', '(+)-Erythravine', '(+)-11α-Hydroxyerythravine', ""3,4-dimethyl-2-(4'-hydroxy-3',5'-dimethoxyphenyl)-5-methoxy-tetrahydrofuran"", '7-Methyl-sargachromenol; 2,7,8-Trimethyl-2-[(3-E,7-Z)-4,12-dimethyl-8-carboxyl-3,7,11-tridecatrienyl]-3-chromen-6-ol, β-caroteno', 'Nectandrin B', 'Epi-guaiacin', 'Verrucosin', 'Pimara-7,15-dien-3β-ol', '8-hydroxy-6-methoxy-3-methylisocoumarin', 'Dimethyl terephthalate', 'Ergosterol peroxide', '(22E,24R)-ergosta-4,6,8(14),22-tetraen-3-one', '2-n-Propylquinoline', ""2-(3',4'-methylenedioxyphenylethyl)-Quinoline"", ""2-(1'-pentenyl)-Quinoline"", '2-n-Pentylquinoline', '3,4-dehydrostrictosidine acid', 'Cordifoline', 'Turbinatine', '3,4-dehydro-strictosidine', 'Harman-3-carboxylic acid', 'Strictosidine acid', '5α-carboxystrictosidine', 'Deoxycordifoline', ""Rel-(7R,8S,7'S,8'S)-4,5,4',5'-dimethylenedioxy-3,3'-dimethoxy-7,7'-epoxylignan"", ""Rel-(7R,8S,7'S,8'S)-4'-hydroxy-3,4,5,3',5'-pentamethoxy-7,7'-epoxylignan"", ""Rel-(7R,8S,7'S,8'S)-4-hydroxy-4',5'-methylenedioxy-3,5,3'-trimethoxy-7,7'-epoxylignan"", ""Rel-(7R,8S,7'S,8'S)-9-hydroxy-4',5'-methylenedioxy-3,4,5,3'-tetramethoxy-7,7'-epoxylignan"", ""Rel-(7R,8S,7'S,8'S)-4',5'-methylenedioxy-3,4,5,3'-tetramethoxy-7,7'-epoxylignan"", 'Nitensidine D', 'Nitensidine E', 'Isopimpinellin', '1-methoxy-3-hydroxy-3,10b-4,5a-diepoxy-8b-isobutyroyloxygermacr-11(13)-en-6a,12-olide', 'Tagitinin C', '4-metoxi-6-[2-(metilamino)fenil]- 2H-piran-2-ona', '5,7-dimethoxy-2,2-dimethyl-2H-1-benzopyran-6-propanoic acid', ""3,5,6,7,3',4',5'-heptamethoxyflavonol"", ""3',4',5',3,5,7,8-heptamethoxyflavone"", 'β-Gardiol', 'α-Gardiol', 'Ferulic acid', 'Catechin, Ent-catechin', 'Quercetin-3-O-α-L-rhamnopyranosyl-(1→6)-β-D-galactopyranoside', 'Kaempferol-3-O-α-L-rhamnopyranosyl-(1→6)-β-D-galactopyranoside', 'Kaempferol-3-O-rutinoside', 'Kaempferol-3-O-D-glucopyranoside', 'Procyanidin B-3', 'Kaempferol-3-O-α-L-rhamnopyranosyl-(1-6)-α-L-rhamnopyranosyl-(1-4)-β-D-glucopyranoside', '6-Hydroxy-rutin', 'Kaempferol-3-O-D-galactopyranoside', 'Methacrylic acid', 'β-caryophyllene, trans-caryophyllene', '(3Z,5Z)-N-isobutyl-8-(30,40-methylenedioxy-phenyl)-heptadienamide', 'Pellitorine', ""N-[3-(6'-methoxy-3',4'-methy-lenedioxyphenyl)-2(Z)-propenoyl]pyrrolidine"", '(Z)-piplartine; 8(Z)-N-(12,13, 14-trimethoxycinnamoyl)- 3-pyridin-2-one', '10,11-dihydropiperine; Δα,β-dihydropiperine', '4,5-dihydropiperlonguminine; Piperlonguminine', 'Piperine', '8,9-dihydropiplartine; N-(12,13,14-trimethoxydihydrocinnamoyl)-Δ3-pyridin-2-one', '4,5-dihydropiperyline', '(E)-piplartine', 'Cusculine; 1,2,3,5,6-pentamethoxy-9-acridone', 'Cuspanine; 1-hydroxy-2,3,5,6-tetramethoxy-9-acridone', '2α,3α-Dihydroxy-urs-12-en-28-oic acid', '3-O-β-D-(6’-methyl)-glucopyranosyl-28-O-β-D-glucopyranosyl-oleanate', 'Oleanolic acid 3-sophoroside', 'Haplotusine', 'β-Sitosterol benzoate', '2-phenyl-4H-chromen-4-one', '5-hydroxyflavone', 'Sinapyl 4-O-β-D-glucopyranoside aldehyde', 'Sinapyl 4-O-β-D-glucopyranoside alcohol', 'N-acetylnonaine', 'Liriodenine', '[10]-gingerol', ""2,4-Dihydroxy-6-[(1'E,3'E)-penta-1', 3'-dienyl]-benzaldehyde"", 'Nitensidine A', '2-methyl-5-[8(Z)-pentadecenyl]resorcinol', '2-hydroxyphenylacetic acid', '3-O-β-D-quinovopyranosyl quinovic acid', ""8-hydroxy-3,5,7,3',4',5'-hexamethoxyflavonol"", 'Kaempferol', '(4R)-4,8-dihydroxy-α-tetralone', 'Chlorogenic acid', 'Odoratol', 'Netzahualcoyene', 'Casearin X Dialdehyde; (2R*,4aS*,5S*,7R*,8R*,8aS*)-4,4a-Diformyl-1,2,4a,5,6,7,8,8a-octahydro-5-hydroxy-7,8-dimethyl-8-[(2Z)-3-methylpenta-2,4-dien-1-yl]naphthalen-2-yl Butanoate', 'polypodine B', 'n-Propyl gallate', ""3',4',5',5,7,8-hexamethoxyflavone"", '5-hydroxy-N-methylseverifoline', '19,20-Epoxycytochalasin N', 'ellagic acid 4-O-α-L-rhamnopyranoside; eschweilenol C', 'Mayoside C', 'Ourateacatechin', ""3',4',5',5,7-pentamethoxyflavone"", '2-methyl-5-pentadecylresorcinol', '3β-hydroxy-stigmast-5-en-7-one; 24-β-7-oxositosterol', 'scillascillin', ""2-(2'-O-trans-caffeoyl)-C-β-D-glucopyranosyl-1,3,6,7-tetrahydroxyxanthone"", '7′-multijuguinone', 'Griseofulvin', ""7-Hydroxy-4',6-dimethoxyisoflavone; Afrormosin; Afromosin"", '8-methoxymellein', '(±)-Syringaresinol', 'Cyclo-(L-Pro-L-Val)', 'Plumericin', 'Maytenin, Tingenone', 'urauchimycin B', 'Ocotillone', 'des-N-methylnoracronycine', 'Sorbifolin 6-O-β-glucopyranoside', 'Rel-2α-hydroxyzuelanin-6β-benzoate', '2,6-di-O-acetylcasearupestrin D', ""Methyl-2,2-dimethyl-8-(3'-methylbut-2'-enyl)chroman-6-carboxylate"", '2,7-Di-O-acetylcasearupestrin A', 'Nitensidine B', '1-methyl-2-n-nonyl-4-quinolone', '5-[8(Z),11(Z),14-pentadecatrienyl]resorcinol', 'Gallic acid; 3,4,5-trihydroxybenzoic acid', 'Chalepin', 'Leptomerine', 'Isoorientin', 'Maculosidine', 'Podocarpusflavone A', 'Casearupestrin C', '6α-malonyloxy-n-butyl ester manoyl oxide', 'citrusinine-I', 'Ricinine', 'Leptophyllin A', '5-pentadecylresorcinol', 'Homoegonol', '[8]-gingerol', '4-Hydroxymellein', '5-hydroxymellein', 'fraxinellonone', 'Dibenzyl sulphide', '(-) Cis-4-hydroxy-6-deoxyscytalone', '1,6-di-O-caffeoyl-β-D-glucopyranoside', '2-methyl-5-[8(Z),11(Z),14-pentadecatrienyl]resorcinol', 'Pristimerin; 20α-3-hydroxy-2-oxo-24-nor-friedela-1-10,3,5,7-tetraen-carboxylic acid-29-methylester', '3,4,5-trimethoxyphenyl 1-O-β-D-apiofuranosyl-(1→6)-O-β-D-glucopyranoside', 'β-photogedunin', '5-[8(Z),11(Z)-pentadecadienyl]resorcinol', '(-)-Spectalinine', 'Netzahualcoyondiol', '19,20-Epoxycytochalasin D', 'fumiquinozoline F', 'Kaempferol 3-O-α-L-rhamnopyranosyl (1→6)-O-[β -D-glucopyranosyl (1→3)-O-α-L-rhamnopyranosyl-(1→2)]-O-β -D-glucopyranosyl', '3β-O-[α-L-rhamnopyranosyl-(1→2)-O-β-D-glucopyranosyl-(1→2)-O-β-D-glucopyranosyl]-28-O-β-D-glucopyranoside pomolate', 'Dibenzyl tetrasulphide', ""2',5-dihydroxy-3-methoxy-8-dimethylallyl-6, 7-(2' ',2''-dimethylpyrano)-dihydroflavonol"", '2-n-nonyl-4-quinolone', 'Cytochalasin D', ""2-(2'-O-trans-cinnamoyl)-C-β-D-glucopyranosyl-1,3,6,7-tetrahydroxyxanthone"", 'Kokusaginine', 'Piperol B', '(-)-Hardwickiic acid', ""5-[3''-(β-D-glucopyranosyloxy)propyl]-7-methoxy-2-(3',4'-methylenedioxyphenyl)benzofuran"", '28-O-β-D-glucopyranosyl quinovic acid', '2-Methyl-4-hydroxy-butyl caffeoate', 'N-1,N-2,N-3-Triisopentenylguanidine', 'Dibenzyl trisulphide', 'urauchimycin A', 'p-Coumaric acid', '(-)-Epigallocatechin', 'Netzahualcoyonol', '1-[3-(3,7-dimethylocta-2,6-dien-1-yl)-2,4,6- trihydroxyphenyl]-3-(4-hydroxyphenyl)propan-1-one', '6α-malonyloxymanoyl oxide', 'Benzylhydroxymethyl sulphide', ""N-[7-(3',4'-methylenedioxyphenyl)-2(Z),4(Z)-heptadienoyl]pyrrolidine"", ""Acteoside; [β-3,4-dihydroxyphenyl)-ethyl]-(3'-O-α-L-rhamnopyranosyl)-(4'-O-cafeoyl)-β-D-glycopyranoside, verbascoside"", '20-hydroxyecdysone; polypodine A', '3-Acetyl aleuritolic acid', 'Alkenoic acid', 'Quercetin 3-O-α-L-rhamnopyranosyl (1→6)-O-[β -D-glucopyranosyl (1→3)-O-α-L-rhamnopyranosyl-(1→2)]-O-β -D-glucopyranosyl', 'Heveaflavone', 'Arboreumine', '3-Oxoursolic acid', 'Casearupestrin B', ""5-(3'' -Hydroxypropyl)-7-methoxy-2-(3',4' -methyl-enedioxyphenyl)benzofuran"", '22β-hydroxypristimerin', '1- (5,7-dihydroxy-2,2-dimethylchroman-6-yl)-3-(2,2-dimethylchroman- 6-yl)propan-1-one', 'Canavaline', 'Di-hydrodehydrodiconiferyl alcohol', 'Quercetin', '19,20-Epoxycytochalasin C', 'n-Pentyl gallate', 'Orcinol', 'Periconicin B', 'Phomopsilactone', ""(2S)-8-Isopentyl-2-methyl-2-(4'-methylpentyl)chroman-6-carboxylic acid"", '2,2-dimethyl-2H-chromene-6-carboxylic acid', '1,2-dihydro- 3β-hydroxy-7-deacetoxy-7-oxogedunin', 'Photogedunin', 'Casearin X; (1R*,3S*,5S*,6aR*,7S*,8S*,10R*,10aR*)-1-(Acetyloxy)-3,5,6,6a,7,8,9,10-octahydro-10-hydroxy-7,8-dimethyl-7-[(2Z)-3-methylpenta-2,4-dien-1-yl]naphtho[1,8a-c]furan-3,5-diyl Dibutanoate', ""2-(R)-Methyl-6-(S)-(tetradecyl-13'-one)-3(R)-O-tert-butyldimethylsilyl-piperidine"", '(2S)-Methyl-2-methyl-8-(3""-methylbut-2""-enyl)-2-(4\'-methylpent-3\'-enyl)-2H-chromene-6-carboxylate', 'n-Butyl gallate', ""5-[3''-(β-D-glucopyranosyloxy)propyl]-7-methoxy-2-(3',4'-dimethoxyphenyl)benzofuran"", '3,12-Dihydroxycadalene', '7-hydroxy-3- (11-dimethylallyl)-8-methoxycoumarin', 'Casearin T', 'Piperyline, N-[10-(13,14-methylenedioxyphenyl)-7(E),9(E)-pentadienoyl]-pyrrolidine', 'ω-fenil alcanoic acid', '2-butyl-D-fructofuranoside', ""Gaudichaudianic acid; (2S)-2-methyl-2-(4'methyl-3'-pentenyl)-8-(3''-methyl-2-butenyl)- 2H-1-benzopyran-6-carboxylic acid"", 'limonexic acid', 'Pedalitin', 'Skimmianine', 'p-hydroxybenzoic acid-geranyl ester', 'Dibenzyl disulphide', 'Proanthocyanidin', 'neoisoastilbin', '(R)-7-Hydroxymellein', 'toonacilin', 'Uracil', '1-O-(E)-feruloyl-β-D-glucopyranoside', 'Methyl 6,7,8-trimethoxydihydrocinnamate', '6α-acetoxymanoyl oxide', 'Methyl-8-hydroxy-2,2-dimethylchroman-6-carboxylate', '6α-acetoxy-14β,15β-epoxyazadirone', 'Di(benzyltrithio) methane', '3,11,12-Trihydroxycadalene', 'Quercetin 3-O-sophoroside', '(3R,4R)-3,4-Dihydro-4,6-dihydroxy-3-methyl-1-oxo-1H-isochromene-5-carboxylic acid', '24-methylene-3,22-dihydroxycholesterol', 'amorphispironone', 'Casearupestrin D', 'Chaetoglobosin B', ""2-(2'-O-benzoyl)-C-β-D-glucopyranosyl-1,3,6,7-tetrahydroxyxanthone"", 'Isoplumericin', 'α-L-xylopyranosyl-(4""→20)-(3-O-β-D-glucopyranosyl)-1\'-O-E-caffeoyl-β-D-glucopyranoside', '6-[8(Z)-pentadecenyl]salicylic acid', 'Gedunin', 'Pedalin, pedalitin 6-O-β -glucopyranoside', '(2S)-2-methyl-8-(3""-methylbut-2""-enyl)-2-(4\'-methylpent-3\'-enyl)-2H-chromene-6-carboxylic acid', 'Burchellin', '5-[8(Z)-pentadecenyl]resorcinol', 'Luteolin; 2-(3,4-dihydroxyphenyl)-5,7-dihydroxy-4H-chromen-4-one', 'Sinapic acid', '19,20-Epoxycytochalasin Q', '19,20-Epoxycytochalasin R', 'Muraxanthone', 'epoxy-fraxinellone', '12′-hydroxy-7′-multijuguinone', 'Kaempferitrin', 'Nitensidine C', 'Dipropyl disulphide', '2-methyl-5-[8(Z),11(Z)-pentadecadienyl]resorcinol', 'taxifolin', ""(2'S)-2-(propan-2'-ol)-5-hydroxy-benzopyran-4-one"", 'Rel-(+)-(7S,9R,10S)-3,9,12-trihydroxycalamenene', 'Casearin S', '2-Hexyl-3-methyl-butanodioic acid', 'fraxinellone', '6-[ 8(Z),11(Z) -pentadecadienyl] salicylic acid', 'Odoratone', 'Rel-6β-hydroxyzuelanin-2β-benzoate', 'shidasterone', '5-hydroxymethyl- 2-furancarboxaldehyde; 5-hydroxymethyl-2-furfuraldehyde', 'atalaphyllinine', 'N-[10- (13,14-methylenedioxyphenyl)-7(E)-pentaenoyl]-pyrrolidine', '2-Methyl-5-methoxy-benzopyran-4-one', '3,4-dihydroxybenzoic acid geranyl ester', 'N-[10-(13,14-methylenedioxyphenyl)-7(E),9(Z)-pentadienoyl]-pyrrolidine', ""2-(2'-O-transcoumaroyl)-C-β-D-glucopyranosyl-1,3,6,7-tetrahydroxyxanthone"", 'Syringic acid', '(+)-3-O-feruloylcassine', '1-(5,7-dihydroxy-2,2-dimethylchroman-6-yl)-3-(1,1,4a-trimethyl-2,3,4,4a,9a-hexahydro-1H-xanthen-7-yl)propan-1-one', 'Methyl (E)-6,7,8-trimethoxycinnamate', '3,4,5-Trimethoxyphenyl-1-O-β-D-(5-O-syringoyl)-apiofuranosyl-(1→6)-β-D-glucopyranoside', 'Caseargrewiin F; (1R*,3S*,5S*,6aR*,7S*,8R*,10R*,10aR*)-1,3-Bis(acetyloxy)-3,5,6,6a,7,8,9,10-octahydro-10-hydroxy-7,8-dimethyl-7-[(2Z)-3-methylpenta-2,4-dien-1-yl]naphtho[1,8a-c]furan-5-yl Butanoate', 'Casearin L; (1R*,3S*,5S*,6aR*,7R*,8R*,9S*,10S*,10aR*)-1,10-Bis(acetyloxy)-3,5,6,6a,7,8,9,10-octahydro-9-hydroxy-5-methoxy-7,8-dimethyl-7-[(2Z)-3-methylpenta-2,4-dien-1-yl]naphtho[1,8a-c]-furan-3-yl Butanoate', 'Platydesmine', 'Leiokinine A', 'Cabraleadiol', 'schaftoside', ""(2S)-Methyl-8-isopentyl-2-methyl-2-(4'-methylpentyl)chroman-6-carboxylate"", '3,4,5-Triacetoxybenzoic acid', 'Casearupestrin A', '2-oxo-piperol B; (7S*, 8R*, 1R*, 3R*)-3,4,5-trimethoxy-3,7-cyclo-8,1-neolig-8-ene-2,4(3H)-dione', '20α-Hydroxymaytenin; 20-hydroxy-20-epi-tingenone', '(-)-Epigallocatechin-3-O-gallate', 'Casearin D; (1R*,3S*,5S*,6aR*,7R*,8R*,9S*,10S*,10aR*)-1-(Acetyloxy)-3,5,6,6a,7,8,9,10-octahydro-5,10-dihydroxy-7,8-dimethyl-7-[(2Z)-3-methylpenta-2,4-dien-1-yl]naphtho[1,8a-c]furan-3,9-diyl Dibutanoate', 'Rel. (+)-(7S,10S) 3,12-dihydroxycalamenene', 'carlinoside', 'Methyl-8-(ethanoyloxy)-2,2-dimethyl-2H-chromene-6-carboxylate', '11β-acetoxyobacunone', '1-(5,7-dihydroxy-2,2-dimethylchroman- 6-yl)-3-[4-hydroxy-3-(3-methylbut-2-en-1-yl)- phenyl]propan-1-one', '(3R,4R)-4,7-Dihydroxymellein', ""Nitensoside B; Pedalitin 6-O-α-rhamnopyranosyl(1'''→6'')-β-glucopyranoside"", 'Amentoflavone', 'Methyl gallate', '3-O-β-D-quinovopyranosyl cincholic acid', 'Afzelin, 3-O-α-rhamnosyl kaempferol', 'Egonol', '4-Nerolidilcatechol', '22-hydroxytirucalla-7,24-diene-2,3-dione', 'Trans-3’-methylsulphonylallyl trans-cinnamate', '(3-(2-(4-hydroxyphenyl)-2-oxoethyl)-5,6-dihydropyridin- 2(1H)-one)', 'Mangiferin', 'Salacin', 'Viburgenin', ""Pterogynoside; Kaempferol-3-O-(3''-O-4'''-methylgallate-α-L-rhamnoside)"", 'Isobutyl gallate', '6-[8(Z),11(Z),14-pentadecatrienyl]salicylic acid', 'Sorbifolin', ""Nitensoside A; Sorbifolin 6-O-α-rhamnopyranosyl(1'''→6'')-β-glucopyranoside"", 'Casearin O; (1R*,3S*,5S*,6aR*,7R*,8R*,9S*,10S*,10aR*)-1,10-Bis(acetyloxy)-5-methoxy-7,8-dimethyl-7-[(2Z)-3-methylpenta-2,4-dien-1-yl]-3,5,6,6a,7,8,9,10-octahydronaphtho[1,8a-c]furan-3,9-diyl Dibutanoate', 'germacrene D', '6-pentadecylsalicylic acid', 'Methyl-2,2-dimethylchroman-6-carboxylate', ""Myrsinoic acid A, 3-Geranyl-4-hydroxy-5-(3'',3''-dimethylallyl)benzoic acid"", 'Isopropyl gallate', '6β-hydroxy-7-epigardoside methyl ester', 'Tetrahydropiperyline, N-[10-(13,14-methylenedioxyphenyl)-pentanoyl]-pyrrolidine', 'Piperovatine', '2,4,6-trimethoxybenzoic acid', '1-O-(E)-caffeoyl-β-D-glucopyranoside', 'Quercitrin, 3-O-α-rhamnosylquercetin', 'Caseobliquin A', 'Methyl angolensate', 'arjunolic acid', 'stachysterone', 'Ethyl 2,4-dihydroxy-5,6-dimethylbenzoate', 'Amentoflavone 7”,4”’-dimethyl ether', 'Picramnioside F', 'Lauryl gallate', 'Syringaldehyde', 'Acetonide of odoratol', '(−)-Grandisin', '24-methylenecycloartan-3b-ol', 'Ixoside', '2β-Hydroxyzuelanin-6β-cinnamate', 'Cognatine', 'Fagaramide']]",doi_name
