true,restored,edge_type
"['10.5935/0100-4042.20140049', 'Cytotoxic']","['10.5935/0100-4042.20140049', ['Inhibition of Glycosidase', 'Inhibition of Myeloperoxodase', 'Anti-inflamatory', 'Antiangiogenic', 'Antioxidant', 'Cytotoxic', 'Antifungal', 'Inhibition of Protease', 'Antiviral', 'Antitrypanosomal', 'Inhibition of Acetylcholinesterase', 'Inhibition of Cathepsin B', 'Antichagasic', 'Anticancer', 'Inhibition of Cathepsin L', 'Antiallergenic', 'Anxiolytic', 'Inhibition of phosphorylating electron transport', 'Inhibition of ATP synthesis', 'Inhibition of basal electron transport', 'Inhibition of uncoupled electron transport', 'Antimalarial', 'Antileishmanial', 'Insecticidal', 'Antibacterial', 'Genotoxic', 'Mutagenic', 'Insect antennae response', 'Cell growth inhbition', 'Anesthetic', 'Molluscicidal', 'Inhibition of Cathepsin V', 'Antinociceptive']]",doi_bioActivity
"['10.1080/14786410903335232', 'Anticancer']","['10.1080/14786410903335232', ['Antiallergenic', 'Antifungal', 'Cytotoxic', 'Antitrypanosomal', 'Inhibition of Acetylcholinesterase', 'Antioxidant', 'Antimalarial', 'Anxiolytic', 'Antichagasic', 'Anticancer', 'Inhibition of Cathepsin B', 'Inhibition of Cathepsin L', 'Inhibition of Protease', 'Antiviral', 'Antileishmanial', 'Inhibition of basal electron transport', 'Inhibition of ATP synthesis', 'Inhibition of uncoupled electron transport', 'Inhibition of phosphorylating electron transport', 'Anti-inflamatory', 'Antibacterial', 'Insecticidal', 'Genotoxic', 'Mutagenic', 'Antiangiogenic', 'Inhibition of Glycosidase', 'Insect antennae response', 'Inhibition of Myeloperoxodase', 'Cell growth inhbition', 'Anesthetic', 'Molluscicidal', 'Inhibition of Cathepsin V', 'Antinociceptive']]",doi_bioActivity
"['10.1016/j.phytol.2010.11.003', 'Antifungal']","['10.1016/j.phytol.2010.11.003', ['Antiviral', 'Inhibition of Protease', 'Inhibition of Acetylcholinesterase', 'Cytotoxic', 'Antitrypanosomal', 'Antiallergenic', 'Antifungal', 'Anxiolytic', 'Antioxidant', 'Antimalarial', 'Antileishmanial', 'Anticancer', 'Antichagasic', 'Inhibition of Cathepsin L', 'Inhibition of Cathepsin B', 'Inhibition of basal electron transport', 'Inhibition of ATP synthesis', 'Inhibition of uncoupled electron transport', 'Inhibition of phosphorylating electron transport', 'Insecticidal', 'Antibacterial', 'Genotoxic', 'Mutagenic', 'Anti-inflamatory', 'Antiangiogenic', 'Insect antennae response', 'Inhibition of Glycosidase', 'Inhibition of Myeloperoxodase', 'Cell growth inhbition', 'Anesthetic', 'Molluscicidal', 'Inhibition of Cathepsin V', 'Antinociceptive']]",doi_bioActivity
"['10.1016/j.jep.2007.09.020', 'Antileishmanial']","['10.1016/j.jep.2007.09.020', ['Antifungal', 'Antiallergenic', 'Cytotoxic', 'Antioxidant', 'Inhibition of Acetylcholinesterase', 'Antitrypanosomal', 'Antimalarial', 'Inhibition of phosphorylating electron transport', 'Inhibition of ATP synthesis', 'Inhibition of uncoupled electron transport', 'Inhibition of basal electron transport', 'Anxiolytic', 'Antileishmanial', 'Antichagasic', 'Anticancer', 'Inhibition of Cathepsin B', 'Inhibition of Cathepsin L', 'Antiviral', 'Inhibition of Protease', 'Anti-inflamatory', 'Antibacterial', 'Genotoxic', 'Mutagenic', 'Antiangiogenic', 'Insecticidal', 'Inhibition of Glycosidase', 'Insect antennae response', 'Inhibition of Myeloperoxodase', 'Cell growth inhbition', 'Anesthetic', 'Molluscicidal', 'Inhibition of Cathepsin V', 'Antinociceptive']]",doi_bioActivity
"['10.1016/j.chroma.2009.02.009', 'Antimalarial']","['10.1016/j.chroma.2009.02.009', ['Antifungal', 'Cytotoxic', 'Antioxidant', 'Antitrypanosomal', 'Inhibition of ATP synthesis', 'Inhibition of basal electron transport', 'Inhibition of phosphorylating electron transport', 'Inhibition of uncoupled electron transport', 'Inhibition of Acetylcholinesterase', 'Antiallergenic', 'Anti-inflamatory', 'Anxiolytic', 'Antimalarial', 'Anticancer', 'Inhibition of Cathepsin B', 'Antichagasic', 'Inhibition of Cathepsin L', 'Antileishmanial', 'Antiviral', 'Inhibition of Protease', 'Antibacterial', 'Antiangiogenic', 'Insecticidal', 'Inhibition of Glycosidase', 'Mutagenic', 'Genotoxic', 'Inhibition of Myeloperoxodase', 'Insect antennae response', 'Cell growth inhbition', 'Anesthetic', 'Molluscicidal', 'Inhibition of Cathepsin V', 'Antinociceptive']]",doi_bioActivity
"['10.1590/S0100-40422008000400018', 'Inhibition of Myeloperoxodase']","['10.1590/S0100-40422008000400018', ['Antifungal', 'Antioxidant', 'Cytotoxic', 'Antitrypanosomal', 'Antiallergenic', 'Inhibition of Acetylcholinesterase', 'Antimalarial', 'Anti-inflamatory', 'Inhibition of Cathepsin B', 'Antichagasic', 'Anticancer', 'Inhibition of Cathepsin L', 'Anxiolytic', 'Inhibition of uncoupled electron transport', 'Inhibition of phosphorylating electron transport', 'Inhibition of ATP synthesis', 'Inhibition of basal electron transport', 'Antileishmanial', 'Inhibition of Protease', 'Antiviral', 'Antibacterial', 'Insecticidal', 'Genotoxic', 'Mutagenic', 'Antiangiogenic', 'Inhibition of Glycosidase', 'Insect antennae response', 'Inhibition of Myeloperoxodase', 'Cell growth inhbition', 'Anesthetic', 'Molluscicidal', 'Inhibition of Cathepsin V', 'Antinociceptive']]",doi_bioActivity
"['10.1590/S0100-40422012000700020', 'Inhibition of Acetylcholinesterase']","['10.1590/S0100-40422012000700020', ['Antifungal', 'Cytotoxic', 'Antioxidant', 'Anxiolytic', 'Inhibition of ATP synthesis', 'Inhibition of basal electron transport', 'Inhibition of phosphorylating electron transport', 'Inhibition of uncoupled electron transport', 'Inhibition of Acetylcholinesterase', 'Antiallergenic', 'Antitrypanosomal', 'Antimalarial', 'Anti-inflamatory', 'Antichagasic', 'Anticancer', 'Inhibition of Cathepsin B', 'Inhibition of Cathepsin L', 'Inhibition of Protease', 'Antiviral', 'Antiangiogenic', 'Antileishmanial', 'Antibacterial', 'Genotoxic', 'Mutagenic', 'Inhibition of Glycosidase', 'Insecticidal', 'Insect antennae response', 'Inhibition of Myeloperoxodase', 'Cell growth inhbition', 'Anesthetic', 'Molluscicidal', 'Inhibition of Cathepsin V', 'Antinociceptive']]",doi_bioActivity
"['10.1021/np049863m', 'Antioxidant']","['10.1021/np049863m', ['Inhibition of Acetylcholinesterase', 'Antimalarial', 'Antitrypanosomal', 'Antichagasic', 'Inhibition of Cathepsin B', 'Anticancer', 'Inhibition of Cathepsin L', 'Antiallergenic', 'Cytotoxic', 'Antifungal', 'Antioxidant', 'Anxiolytic', 'Antileishmanial', 'Inhibition of uncoupled electron transport', 'Inhibition of basal electron transport', 'Inhibition of ATP synthesis', 'Inhibition of phosphorylating electron transport', 'Inhibition of Protease', 'Antiviral', 'Anti-inflamatory', 'Antibacterial', 'Genotoxic', 'Mutagenic', 'Insecticidal', 'Antiangiogenic', 'Insect antennae response', 'Inhibition of Glycosidase', 'Inhibition of Myeloperoxodase', 'Cell growth inhbition', 'Anesthetic', 'Molluscicidal', 'Inhibition of Cathepsin V', 'Antinociceptive']]",doi_bioActivity
"['10.1016/S0031-9422(99)00132-6', 'Cytotoxic']","['10.1016/S0031-9422(99)00132-6', ['Antifungal', 'Anti-inflamatory', 'Antioxidant', 'Cytotoxic', 'Inhibition of uncoupled electron transport', 'Inhibition of ATP synthesis', 'Inhibition of phosphorylating electron transport', 'Inhibition of basal electron transport', 'Antiallergenic', 'Antitrypanosomal', 'Inhibition of Acetylcholinesterase', 'Anticancer', 'Inhibition of Cathepsin B', 'Antichagasic', 'Inhibition of Cathepsin L', 'Antimalarial', 'Anxiolytic', 'Inhibition of Protease', 'Antiviral', 'Antiangiogenic', 'Inhibition of Glycosidase', 'Antileishmanial', 'Inhibition of Myeloperoxodase', 'Antibacterial', 'Insecticidal', 'Genotoxic', 'Mutagenic', 'Insect antennae response', 'Cell growth inhbition', 'Anesthetic', 'Molluscicidal', 'Inhibition of Cathepsin V', 'Antinociceptive']]",doi_bioActivity
"['10.1007/s10295-012-1165-2', 'Cytotoxic']","['10.1007/s10295-012-1165-2', ['Antifungal', 'Antiallergenic', 'Cytotoxic', 'Antitrypanosomal', 'Inhibition of Acetylcholinesterase', 'Antioxidant', 'Anxiolytic', 'Antimalarial', 'Antichagasic', 'Anticancer', 'Inhibition of Cathepsin B', 'Inhibition of Cathepsin L', 'Antileishmanial', 'Antiviral', 'Inhibition of Protease', 'Inhibition of basal electron transport', 'Inhibition of ATP synthesis', 'Inhibition of uncoupled electron transport', 'Inhibition of phosphorylating electron transport', 'Anti-inflamatory', 'Antibacterial', 'Insecticidal', 'Genotoxic', 'Mutagenic', 'Antiangiogenic', 'Insect antennae response', 'Inhibition of Glycosidase', 'Inhibition of Myeloperoxodase', 'Cell growth inhbition', 'Anesthetic', 'Molluscicidal', 'Inhibition of Cathepsin V', 'Antinociceptive']]",doi_bioActivity
"['10.1590/S0100-40422010000900005', 'Insecticidal']","['10.1590/S0100-40422010000900005', ['Antifungal', 'Cytotoxic', 'Antiallergenic', 'Antioxidant', 'Inhibition of Acetylcholinesterase', 'Antitrypanosomal', 'Antimalarial', 'Anxiolytic', 'Inhibition of Cathepsin B', 'Anticancer', 'Antichagasic', 'Inhibition of Cathepsin L', 'Inhibition of basal electron transport', 'Inhibition of phosphorylating electron transport', 'Inhibition of uncoupled electron transport', 'Inhibition of ATP synthesis', 'Antileishmanial', 'Antiviral', 'Inhibition of Protease', 'Anti-inflamatory', 'Antiangiogenic', 'Antibacterial', 'Mutagenic', 'Genotoxic', 'Inhibition of Glycosidase', 'Insecticidal', 'Insect antennae response', 'Inhibition of Myeloperoxodase', 'Cell growth inhbition', 'Anesthetic', 'Molluscicidal', 'Inhibition of Cathepsin V', 'Antinociceptive']]",doi_bioActivity
"['10.1016/j.jep.2007.09.020', 'Antitrypanosomal']","['10.1016/j.jep.2007.09.020', ['Antifungal', 'Antiallergenic', 'Cytotoxic', 'Antioxidant', 'Inhibition of Acetylcholinesterase', 'Antitrypanosomal', 'Antimalarial', 'Inhibition of phosphorylating electron transport', 'Inhibition of ATP synthesis', 'Inhibition of uncoupled electron transport', 'Inhibition of basal electron transport', 'Anxiolytic', 'Antileishmanial', 'Antichagasic', 'Anticancer', 'Inhibition of Cathepsin B', 'Inhibition of Cathepsin L', 'Antiviral', 'Inhibition of Protease', 'Anti-inflamatory', 'Antibacterial', 'Genotoxic', 'Mutagenic', 'Antiangiogenic', 'Insecticidal', 'Inhibition of Glycosidase', 'Insect antennae response', 'Inhibition of Myeloperoxodase', 'Cell growth inhbition', 'Anesthetic', 'Molluscicidal', 'Inhibition of Cathepsin V', 'Antinociceptive']]",doi_bioActivity
"['10.1016/0031-9422(91)85077-D', 'Antifungal']","['10.1016/0031-9422(91)85077-D', ['Antibacterial', 'Antitrypanosomal', 'Antileishmanial', 'Antimalarial', 'Antifungal', 'Cytotoxic', 'Antiallergenic', 'Inhibition of basal electron transport', 'Inhibition of phosphorylating electron transport', 'Inhibition of uncoupled electron transport', 'Inhibition of ATP synthesis', 'Inhibition of Acetylcholinesterase', 'Antioxidant', 'Insecticidal', 'Genotoxic', 'Mutagenic', 'Anxiolytic', 'Anticancer', 'Antichagasic', 'Inhibition of Cathepsin B', 'Inhibition of Cathepsin L', 'Insect antennae response', 'Inhibition of Protease', 'Antiviral', 'Anti-inflamatory', 'Antiangiogenic', 'Inhibition of Glycosidase', 'Inhibition of Myeloperoxodase', 'Cell growth inhbition', 'Anesthetic', 'Molluscicidal', 'Inhibition of Cathepsin V', 'Antinociceptive']]",doi_bioActivity
"['10.4067/S0717-97072009000300004', 'Inhibition of Glycosidase']","['10.4067/S0717-97072009000300004', ['Antifungal', 'Antioxidant', 'Cytotoxic', 'Anti-inflamatory', 'Anxiolytic', 'Antiallergenic', 'Inhibition of Acetylcholinesterase', 'Inhibition of phosphorylating electron transport', 'Inhibition of ATP synthesis', 'Inhibition of uncoupled electron transport', 'Inhibition of basal electron transport', 'Antitrypanosomal', 'Antichagasic', 'Inhibition of Cathepsin B', 'Inhibition of Cathepsin L', 'Anticancer', 'Antimalarial', 'Antiangiogenic', 'Inhibition of Protease', 'Antiviral', 'Inhibition of Glycosidase', 'Antileishmanial', 'Antibacterial', 'Inhibition of Myeloperoxodase', 'Mutagenic', 'Genotoxic', 'Insecticidal', 'Insect antennae response', 'Cell growth inhbition', 'Anesthetic', 'Molluscicidal', 'Inhibition of Cathepsin V', 'Antinociceptive']]",doi_bioActivity
"['10.1016/S0031-9422(98)00069-7', 'Inhibition of Glycosidase']","['10.1016/S0031-9422(98)00069-7', ['Antibacterial', 'Antitrypanosomal', 'Inhibition of Cathepsin L', 'Antichagasic', 'Anticancer', 'Inhibition of Cathepsin B', 'Antimalarial', 'Antifungal', 'Anxiolytic', 'Cytotoxic', 'Antileishmanial', 'Inhibition of Acetylcholinesterase', 'Antioxidant', 'Inhibition of ATP synthesis', 'Inhibition of uncoupled electron transport', 'Inhibition of basal electron transport', 'Inhibition of phosphorylating electron transport', 'Antiallergenic', 'Insecticidal', 'Anti-inflamatory', 'Insect antennae response', 'Inhibition of Protease', 'Antiviral', 'Genotoxic', 'Mutagenic', 'Antiangiogenic', 'Inhibition of Glycosidase', 'Inhibition of Myeloperoxodase', 'Cell growth inhbition', 'Anesthetic', 'Molluscicidal', 'Inhibition of Cathepsin V', 'Antinociceptive']]",doi_bioActivity
"['10.1590/S0100-40422008000400005', 'Antitrypanosomal']","['10.1590/S0100-40422008000400005', ['Antifungal', 'Cytotoxic', 'Antioxidant', 'Anti-inflamatory', 'Inhibition of uncoupled electron transport', 'Inhibition of ATP synthesis', 'Inhibition of phosphorylating electron transport', 'Inhibition of basal electron transport', 'Antitrypanosomal', 'Inhibition of Acetylcholinesterase', 'Antiallergenic', 'Antimalarial', 'Anticancer', 'Inhibition of Cathepsin B', 'Antichagasic', 'Inhibition of Cathepsin L', 'Anxiolytic', 'Inhibition of Protease', 'Antiviral', 'Antileishmanial', 'Antiangiogenic', 'Inhibition of Glycosidase', 'Antibacterial', 'Insecticidal', 'Genotoxic', 'Mutagenic', 'Inhibition of Myeloperoxodase', 'Insect antennae response', 'Cell growth inhbition', 'Anesthetic', 'Molluscicidal', 'Inhibition of Cathepsin V', 'Antinociceptive']]",doi_bioActivity
"['10.1590/S0103-50532005000800025', 'Antifungal']","['10.1590/S0103-50532005000800025', ['Antifungal', 'Cytotoxic', 'Antitrypanosomal', 'Antiallergenic', 'Antioxidant', 'Inhibition of Acetylcholinesterase', 'Antimalarial', 'Inhibition of phosphorylating electron transport', 'Inhibition of ATP synthesis', 'Inhibition of uncoupled electron transport', 'Inhibition of basal electron transport', 'Antileishmanial', 'Anti-inflamatory', 'Anxiolytic', 'Inhibition of Cathepsin B', 'Anticancer', 'Antichagasic', 'Inhibition of Cathepsin L', 'Antibacterial', 'Inhibition of Protease', 'Antiviral', 'Insecticidal', 'Mutagenic', 'Genotoxic', 'Antiangiogenic', 'Insect antennae response', 'Inhibition of Glycosidase', 'Inhibition of Myeloperoxodase', 'Cell growth inhbition', 'Anesthetic', 'Molluscicidal', 'Inhibition of Cathepsin V', 'Antinociceptive']]",doi_bioActivity
"['10.1590/S0103-50532007000700017', 'Antifungal']","['10.1590/S0103-50532007000700017', ['Antileishmanial', 'Antimalarial', 'Antitrypanosomal', 'Antibacterial', 'Cytotoxic', 'Antifungal', 'Antiallergenic', 'Genotoxic', 'Mutagenic', 'Insecticidal', 'Inhibition of Acetylcholinesterase', 'Inhibition of phosphorylating electron transport', 'Inhibition of basal electron transport', 'Inhibition of uncoupled electron transport', 'Inhibition of ATP synthesis', 'Antioxidant', 'Anticancer', 'Inhibition of Cathepsin B', 'Antichagasic', 'Inhibition of Cathepsin L', 'Anxiolytic', 'Insect antennae response', 'Antiviral', 'Inhibition of Protease', 'Anti-inflamatory', 'Antiangiogenic', 'Inhibition of Glycosidase', 'Inhibition of Myeloperoxodase', 'Cell growth inhbition', 'Anesthetic', 'Molluscicidal', 'Inhibition of Cathepsin V', 'Antinociceptive']]",doi_bioActivity
"['10.2174/187152010794728620', 'Cell growth inhbition']","['10.2174/187152010794728620', ['Antifungal', 'Antitrypanosomal', 'Cytotoxic', 'Antiallergenic', 'Inhibition of ATP synthesis', 'Inhibition of basal electron transport', 'Inhibition of uncoupled electron transport', 'Inhibition of phosphorylating electron transport', 'Antimalarial', 'Antioxidant', 'Antileishmanial', 'Inhibition of Acetylcholinesterase', 'Antibacterial', 'Anxiolytic', 'Antichagasic', 'Inhibition of Cathepsin B', 'Anticancer', 'Inhibition of Cathepsin L', 'Anti-inflamatory', 'Insecticidal', 'Inhibition of Protease', 'Antiviral', 'Genotoxic', 'Mutagenic', 'Insect antennae response', 'Antiangiogenic', 'Inhibition of Glycosidase', 'Inhibition of Myeloperoxodase', 'Cell growth inhbition', 'Anesthetic', 'Molluscicidal', 'Inhibition of Cathepsin V', 'Antinociceptive']]",doi_bioActivity
"['10.1515/znc-2009-11-1212', 'Antifungal']","['10.1515/znc-2009-11-1212', ['Inhibition of Myeloperoxodase', 'Inhibition of Glycosidase', 'Anti-inflamatory', 'Antiangiogenic', 'Antioxidant', 'Antifungal', 'Cytotoxic', 'Inhibition of Protease', 'Antiviral', 'Antitrypanosomal', 'Inhibition of Cathepsin B', 'Anticancer', 'Antichagasic', 'Inhibition of Cathepsin L', 'Antiallergenic', 'Anxiolytic', 'Inhibition of Acetylcholinesterase', 'Inhibition of phosphorylating electron transport', 'Inhibition of ATP synthesis', 'Inhibition of basal electron transport', 'Inhibition of uncoupled electron transport', 'Antimalarial', 'Antileishmanial', 'Insecticidal', 'Antibacterial', 'Genotoxic', 'Mutagenic', 'Insect antennae response', 'Cell growth inhbition', 'Anesthetic', 'Molluscicidal', 'Inhibition of Cathepsin V', 'Antinociceptive']]",doi_bioActivity
"['10.1016/j.tiv.2008.01.003', 'Cytotoxic']","['10.1016/j.tiv.2008.01.003', ['Antiallergenic', 'Cytotoxic', 'Antifungal', 'Antioxidant', 'Inhibition of Acetylcholinesterase', 'Antitrypanosomal', 'Inhibition of Protease', 'Antiviral', 'Antimalarial', 'Antichagasic', 'Anticancer', 'Inhibition of Cathepsin B', 'Inhibition of Cathepsin L', 'Anxiolytic', 'Anti-inflamatory', 'Antileishmanial', 'Inhibition of ATP synthesis', 'Inhibition of phosphorylating electron transport', 'Inhibition of uncoupled electron transport', 'Inhibition of basal electron transport', 'Antiangiogenic', 'Antibacterial', 'Insecticidal', 'Inhibition of Glycosidase', 'Mutagenic', 'Genotoxic', 'Inhibition of Myeloperoxodase', 'Insect antennae response', 'Cell growth inhbition', 'Anesthetic', 'Molluscicidal', 'Inhibition of Cathepsin V', 'Antinociceptive']]",doi_bioActivity
"['10.1002/hlca.200890147', 'Antifungal']","['10.1002/hlca.200890147', ['Antiallergenic', 'Cytotoxic', 'Antifungal', 'Inhibition of Acetylcholinesterase', 'Antitrypanosomal', 'Antimalarial', 'Antioxidant', 'Anxiolytic', 'Antichagasic', 'Anticancer', 'Inhibition of Cathepsin B', 'Inhibition of Cathepsin L', 'Antileishmanial', 'Inhibition of Protease', 'Antiviral', 'Inhibition of basal electron transport', 'Inhibition of ATP synthesis', 'Inhibition of uncoupled electron transport', 'Inhibition of phosphorylating electron transport', 'Anti-inflamatory', 'Antibacterial', 'Genotoxic', 'Mutagenic', 'Insecticidal', 'Antiangiogenic', 'Insect antennae response', 'Inhibition of Glycosidase', 'Inhibition of Myeloperoxodase', 'Cell growth inhbition', 'Anesthetic', 'Molluscicidal', 'Inhibition of Cathepsin V', 'Antinociceptive']]",doi_bioActivity
"['10.1023/A:1025694720727', 'Antitrypanosomal']","['10.1023/A:1025694720727', ['Antitrypanosomal', 'Antifungal', 'Cytotoxic', 'Antimalarial', 'Inhibition of Acetylcholinesterase', 'Antiallergenic', 'Antioxidant', 'Antileishmanial', 'Anticancer', 'Inhibition of Cathepsin B', 'Inhibition of Cathepsin L', 'Antichagasic', 'Anxiolytic', 'Antibacterial', 'Inhibition of basal electron transport', 'Inhibition of uncoupled electron transport', 'Inhibition of ATP synthesis', 'Inhibition of phosphorylating electron transport', 'Anti-inflamatory', 'Inhibition of Protease', 'Antiviral', 'Insecticidal', 'Genotoxic', 'Mutagenic', 'Insect antennae response', 'Antiangiogenic', 'Inhibition of Glycosidase', 'Inhibition of Myeloperoxodase', 'Cell growth inhbition', 'Anesthetic', 'Molluscicidal', 'Inhibition of Cathepsin V', 'Antinociceptive']]",doi_bioActivity
"['10.1055/s-0028-1088323', 'Antitrypanosomal']","['10.1055/s-0028-1088323', ['Antibacterial', 'Antileishmanial', 'Antitrypanosomal', 'Insecticidal', 'Antimalarial', 'Genotoxic', 'Mutagenic', 'Antiallergenic', 'Inhibition of Acetylcholinesterase', 'Insect antennae response', 'Cytotoxic', 'Antifungal', 'Anxiolytic', 'Inhibition of Cathepsin B', 'Anticancer', 'Inhibition of Cathepsin L', 'Antichagasic', 'Antioxidant', 'Inhibition of phosphorylating electron transport', 'Inhibition of ATP synthesis', 'Inhibition of uncoupled electron transport', 'Inhibition of basal electron transport', 'Inhibition of Protease', 'Antiviral', 'Anti-inflamatory', 'Antiangiogenic', 'Inhibition of Glycosidase', 'Inhibition of Myeloperoxodase', 'Cell growth inhbition', 'Anesthetic', 'Molluscicidal', 'Inhibition of Cathepsin V', 'Antinociceptive']]",doi_bioActivity
"['10.1055/s-2002-36346', 'Antibacterial']","['10.1055/s-2002-36346', ['Inhibition of Glycosidase', 'Anti-inflamatory', 'Antiangiogenic', 'Inhibition of Myeloperoxodase', 'Antioxidant', 'Cytotoxic', 'Antifungal', 'Inhibition of Protease', 'Antiviral', 'Antitrypanosomal', 'Inhibition of Acetylcholinesterase', 'Inhibition of Cathepsin B', 'Antichagasic', 'Anticancer', 'Inhibition of Cathepsin L', 'Anxiolytic', 'Antiallergenic', 'Antimalarial', 'Inhibition of ATP synthesis', 'Inhibition of basal electron transport', 'Inhibition of phosphorylating electron transport', 'Inhibition of uncoupled electron transport', 'Antileishmanial', 'Insecticidal', 'Antibacterial', 'Insect antennae response', 'Mutagenic', 'Genotoxic', 'Cell growth inhbition', 'Anesthetic', 'Molluscicidal', 'Inhibition of Cathepsin V', 'Antinociceptive']]",doi_bioActivity
"['10.1590/S0100-40421998000600005', 'Antifungal']","['10.1590/S0100-40421998000600005', ['Antifungal', 'Antiallergenic', 'Cytotoxic', 'Antitrypanosomal', 'Antioxidant', 'Inhibition of Acetylcholinesterase', 'Antimalarial', 'Anxiolytic', 'Inhibition of phosphorylating electron transport', 'Inhibition of uncoupled electron transport', 'Inhibition of ATP synthesis', 'Inhibition of basal electron transport', 'Antileishmanial', 'Anticancer', 'Inhibition of Cathepsin B', 'Antichagasic', 'Inhibition of Cathepsin L', 'Anti-inflamatory', 'Antiviral', 'Inhibition of Protease', 'Antibacterial', 'Insecticidal', 'Genotoxic', 'Mutagenic', 'Antiangiogenic', 'Insect antennae response', 'Inhibition of Glycosidase', 'Inhibition of Myeloperoxodase', 'Cell growth inhbition', 'Anesthetic', 'Molluscicidal', 'Inhibition of Cathepsin V', 'Antinociceptive']]",doi_bioActivity
"['10.1016/S0031-9422(00)00323-X', 'Antifungal']","['10.1016/S0031-9422(00)00323-X', ['Inhibition of Myeloperoxodase', 'Inhibition of Glycosidase', 'Anti-inflamatory', 'Antiangiogenic', 'Antioxidant', 'Antifungal', 'Cytotoxic', 'Inhibition of Protease', 'Antiviral', 'Antitrypanosomal', 'Inhibition of Cathepsin B', 'Anticancer', 'Antichagasic', 'Inhibition of Cathepsin L', 'Antiallergenic', 'Inhibition of Acetylcholinesterase', 'Anxiolytic', 'Inhibition of phosphorylating electron transport', 'Inhibition of ATP synthesis', 'Inhibition of basal electron transport', 'Inhibition of uncoupled electron transport', 'Antimalarial', 'Antileishmanial', 'Insecticidal', 'Antibacterial', 'Mutagenic', 'Genotoxic', 'Insect antennae response', 'Cell growth inhbition', 'Anesthetic', 'Molluscicidal', 'Inhibition of Cathepsin V', 'Antinociceptive']]",doi_bioActivity
"['10.3390/molecules190812031', 'Antileishmanial']","['10.3390/molecules190812031', ['Antileishmanial', 'Antibacterial', 'Insecticidal', 'Genotoxic', 'Mutagenic', 'Antitrypanosomal', 'Antimalarial', 'Cytotoxic', 'Inhibition of Acetylcholinesterase', 'Antiallergenic', 'Antifungal', 'Insect antennae response', 'Anxiolytic', 'Antioxidant', 'Antiviral', 'Inhibition of Protease', 'Inhibition of uncoupled electron transport', 'Inhibition of ATP synthesis', 'Inhibition of phosphorylating electron transport', 'Inhibition of basal electron transport', 'Anticancer', 'Inhibition of Cathepsin B', 'Antichagasic', 'Inhibition of Cathepsin L', 'Anti-inflamatory', 'Antiangiogenic', 'Inhibition of Glycosidase', 'Inhibition of Myeloperoxodase', 'Cell growth inhbition', 'Anesthetic', 'Molluscicidal', 'Inhibition of Cathepsin V', 'Antinociceptive']]",doi_bioActivity
"['10.1590/S0100-40422008000400018', 'Antioxidant']","['10.1590/S0100-40422008000400018', ['Antifungal', 'Antioxidant', 'Cytotoxic', 'Antitrypanosomal', 'Antiallergenic', 'Inhibition of Acetylcholinesterase', 'Antimalarial', 'Anti-inflamatory', 'Inhibition of Cathepsin B', 'Antichagasic', 'Anticancer', 'Inhibition of Cathepsin L', 'Anxiolytic', 'Inhibition of uncoupled electron transport', 'Inhibition of phosphorylating electron transport', 'Inhibition of ATP synthesis', 'Inhibition of basal electron transport', 'Antileishmanial', 'Inhibition of Protease', 'Antiviral', 'Antibacterial', 'Insecticidal', 'Genotoxic', 'Mutagenic', 'Antiangiogenic', 'Inhibition of Glycosidase', 'Insect antennae response', 'Inhibition of Myeloperoxodase', 'Cell growth inhbition', 'Anesthetic', 'Molluscicidal', 'Inhibition of Cathepsin V', 'Antinociceptive']]",doi_bioActivity
"['10.1107/S160053680302107X', 'Antileishmanial']","['10.1107/S160053680302107X', ['Antitrypanosomal', 'Antimalarial', 'Antibacterial', 'Antifungal', 'Antileishmanial', 'Antiallergenic', 'Cytotoxic', 'Inhibition of basal electron transport', 'Inhibition of phosphorylating electron transport', 'Inhibition of uncoupled electron transport', 'Inhibition of ATP synthesis', 'Inhibition of Acetylcholinesterase', 'Antioxidant', 'Anxiolytic', 'Antichagasic', 'Inhibition of Cathepsin B', 'Anticancer', 'Inhibition of Cathepsin L', 'Mutagenic', 'Genotoxic', 'Insecticidal', 'Inhibition of Protease', 'Antiviral', 'Anti-inflamatory', 'Insect antennae response', 'Antiangiogenic', 'Inhibition of Glycosidase', 'Inhibition of Myeloperoxodase', 'Cell growth inhbition', 'Anesthetic', 'Molluscicidal', 'Inhibition of Cathepsin V', 'Antinociceptive']]",doi_bioActivity
"['10.1021/np0303963', 'Cytotoxic']","['10.1021/np0303963', ['Antibacterial', 'Antileishmanial', 'Antitrypanosomal', 'Antimalarial', 'Insecticidal', 'Antifungal', 'Cytotoxic', 'Inhibition of Acetylcholinesterase', 'Antiallergenic', 'Genotoxic', 'Mutagenic', 'Inhibition of Cathepsin B', 'Anticancer', 'Inhibition of Cathepsin L', 'Antichagasic', 'Antioxidant', 'Insect antennae response', 'Anxiolytic', 'Inhibition of phosphorylating electron transport', 'Inhibition of ATP synthesis', 'Inhibition of uncoupled electron transport', 'Inhibition of basal electron transport', 'Inhibition of Protease', 'Antiviral', 'Anti-inflamatory', 'Antiangiogenic', 'Inhibition of Glycosidase', 'Inhibition of Myeloperoxodase', 'Cell growth inhbition', 'Anesthetic', 'Molluscicidal', 'Inhibition of Cathepsin V', 'Antinociceptive']]",doi_bioActivity
"['10.1016/j.jfca.2003.09.013', 'Antioxidant']","['10.1016/j.jfca.2003.09.013', ['Antiallergenic', 'Antifungal', 'Antitrypanosomal', 'Cytotoxic', 'Inhibition of Acetylcholinesterase', 'Antioxidant', 'Antimalarial', 'Anxiolytic', 'Antichagasic', 'Anticancer', 'Inhibition of Cathepsin B', 'Inhibition of Cathepsin L', 'Antileishmanial', 'Antiviral', 'Inhibition of Protease', 'Inhibition of basal electron transport', 'Inhibition of ATP synthesis', 'Inhibition of uncoupled electron transport', 'Inhibition of phosphorylating electron transport', 'Anti-inflamatory', 'Antibacterial', 'Insecticidal', 'Mutagenic', 'Genotoxic', 'Antiangiogenic', 'Inhibition of Glycosidase', 'Insect antennae response', 'Inhibition of Myeloperoxodase', 'Cell growth inhbition', 'Anesthetic', 'Molluscicidal', 'Inhibition of Cathepsin V', 'Antinociceptive']]",doi_bioActivity
"['10.1515/znc-2009-11-1212', 'Inhibition of Acetylcholinesterase']","['10.1515/znc-2009-11-1212', ['Inhibition of Myeloperoxodase', 'Inhibition of Glycosidase', 'Anti-inflamatory', 'Antiangiogenic', 'Antioxidant', 'Antifungal', 'Cytotoxic', 'Inhibition of Protease', 'Antiviral', 'Antitrypanosomal', 'Inhibition of Cathepsin B', 'Anticancer', 'Antichagasic', 'Inhibition of Cathepsin L', 'Antiallergenic', 'Anxiolytic', 'Inhibition of Acetylcholinesterase', 'Inhibition of phosphorylating electron transport', 'Inhibition of ATP synthesis', 'Inhibition of basal electron transport', 'Inhibition of uncoupled electron transport', 'Antimalarial', 'Antileishmanial', 'Insecticidal', 'Antibacterial', 'Genotoxic', 'Mutagenic', 'Insect antennae response', 'Cell growth inhbition', 'Anesthetic', 'Molluscicidal', 'Inhibition of Cathepsin V', 'Antinociceptive']]",doi_bioActivity
"['10.1002/cbdv.200800342', 'Cytotoxic']","['10.1002/cbdv.200800342', ['Antiallergenic', 'Antifungal', 'Cytotoxic', 'Inhibition of Acetylcholinesterase', 'Antitrypanosomal', 'Antioxidant', 'Antimalarial', 'Antichagasic', 'Inhibition of Cathepsin B', 'Anticancer', 'Inhibition of Cathepsin L', 'Anxiolytic', 'Inhibition of basal electron transport', 'Inhibition of phosphorylating electron transport', 'Inhibition of uncoupled electron transport', 'Inhibition of ATP synthesis', 'Antileishmanial', 'Anti-inflamatory', 'Antibacterial', 'Inhibition of Protease', 'Antiviral', 'Genotoxic', 'Mutagenic', 'Insecticidal', 'Antiangiogenic', 'Inhibition of Glycosidase', 'Insect antennae response', 'Inhibition of Myeloperoxodase', 'Cell growth inhbition', 'Anesthetic', 'Molluscicidal', 'Inhibition of Cathepsin V', 'Antinociceptive']]",doi_bioActivity
"['10.1021/np9004079', 'Cytotoxic']","['10.1021/np9004079', ['Antitrypanosomal', 'Antimalarial', 'Antileishmanial', 'Cytotoxic', 'Antifungal', 'Antiallergenic', 'Antibacterial', 'Inhibition of Acetylcholinesterase', 'Antioxidant', 'Antichagasic', 'Inhibition of Cathepsin B', 'Inhibition of Cathepsin L', 'Anticancer', 'Anxiolytic', 'Insecticidal', 'Inhibition of phosphorylating electron transport', 'Inhibition of uncoupled electron transport', 'Inhibition of ATP synthesis', 'Inhibition of basal electron transport', 'Genotoxic', 'Mutagenic', 'Inhibition of Protease', 'Antiviral', 'Anti-inflamatory', 'Insect antennae response', 'Antiangiogenic', 'Inhibition of Glycosidase', 'Inhibition of Myeloperoxodase', 'Cell growth inhbition', 'Anesthetic', 'Molluscicidal', 'Inhibition of Cathepsin V', 'Antinociceptive']]",doi_bioActivity
"['10.1590/s0100-40422008000700015', 'Cytotoxic']","['10.1590/s0100-40422008000700015', ['Antifungal', 'Cytotoxic', 'Antiallergenic', 'Antioxidant', 'Antitrypanosomal', 'Inhibition of Acetylcholinesterase', 'Anxiolytic', 'Inhibition of phosphorylating electron transport', 'Inhibition of uncoupled electron transport', 'Inhibition of ATP synthesis', 'Inhibition of basal electron transport', 'Inhibition of Protease', 'Antiviral', 'Antimalarial', 'Anti-inflamatory', 'Antichagasic', 'Anticancer', 'Inhibition of Cathepsin B', 'Inhibition of Cathepsin L', 'Antileishmanial', 'Antiangiogenic', 'Antibacterial', 'Genotoxic', 'Mutagenic', 'Inhibition of Glycosidase', 'Insecticidal', 'Insect antennae response', 'Inhibition of Myeloperoxodase', 'Cell growth inhbition', 'Anesthetic', 'Molluscicidal', 'Inhibition of Cathepsin V', 'Antinociceptive']]",doi_bioActivity
"['10.1021/np900644x', 'Inhibition of Acetylcholinesterase']","['10.1021/np900644x', ['Antifungal', 'Cytotoxic', 'Antioxidant', 'Antitrypanosomal', 'Anxiolytic', 'Anti-inflamatory', 'Inhibition of Acetylcholinesterase', 'Antiangiogenic', 'Antiallergenic', 'Inhibition of Cathepsin B', 'Anticancer', 'Antichagasic', 'Inhibition of Cathepsin L', 'Antiviral', 'Inhibition of Protease', 'Inhibition of basal electron transport', 'Inhibition of ATP synthesis', 'Inhibition of uncoupled electron transport', 'Inhibition of phosphorylating electron transport', 'Antimalarial', 'Inhibition of Glycosidase', 'Antileishmanial', 'Antibacterial', 'Inhibition of Myeloperoxodase', 'Insecticidal', 'Mutagenic', 'Genotoxic', 'Insect antennae response', 'Cell growth inhbition', 'Anesthetic', 'Molluscicidal', 'Inhibition of Cathepsin V', 'Antinociceptive']]",doi_bioActivity
"['10.1590/S0100-40422008000400018', 'Inhibition of Glycosidase']","['10.1590/S0100-40422008000400018', ['Antifungal', 'Antioxidant', 'Cytotoxic', 'Antitrypanosomal', 'Antiallergenic', 'Inhibition of Acetylcholinesterase', 'Antimalarial', 'Anti-inflamatory', 'Inhibition of Cathepsin B', 'Antichagasic', 'Anticancer', 'Inhibition of Cathepsin L', 'Anxiolytic', 'Inhibition of uncoupled electron transport', 'Inhibition of phosphorylating electron transport', 'Inhibition of ATP synthesis', 'Inhibition of basal electron transport', 'Antileishmanial', 'Inhibition of Protease', 'Antiviral', 'Antibacterial', 'Insecticidal', 'Genotoxic', 'Mutagenic', 'Antiangiogenic', 'Inhibition of Glycosidase', 'Insect antennae response', 'Inhibition of Myeloperoxodase', 'Cell growth inhbition', 'Anesthetic', 'Molluscicidal', 'Inhibition of Cathepsin V', 'Antinociceptive']]",doi_bioActivity
"['10.1021/np9704617', 'Antifungal']","['10.1021/np9704617', ['Antibacterial', 'Antileishmanial', 'Antitrypanosomal', 'Insecticidal', 'Antimalarial', 'Antifungal', 'Cytotoxic', 'Genotoxic', 'Mutagenic', 'Antioxidant', 'Inhibition of Acetylcholinesterase', 'Insect antennae response', 'Antiallergenic', 'Inhibition of Cathepsin B', 'Anticancer', 'Inhibition of Cathepsin L', 'Antichagasic', 'Anxiolytic', 'Inhibition of phosphorylating electron transport', 'Inhibition of ATP synthesis', 'Inhibition of uncoupled electron transport', 'Inhibition of basal electron transport', 'Anti-inflamatory', 'Inhibition of Protease', 'Antiviral', 'Antiangiogenic', 'Inhibition of Glycosidase', 'Inhibition of Myeloperoxodase', 'Cell growth inhbition', 'Anesthetic', 'Molluscicidal', 'Inhibition of Cathepsin V', 'Antinociceptive']]",doi_bioActivity
"['10.1080/14786410802243271', 'Antitrypanosomal']","['10.1080/14786410802243271', ['Insecticidal', 'Antileishmanial', 'Antibacterial', 'Antitrypanosomal', 'Cytotoxic', 'Antimalarial', 'Antifungal', 'Inhibition of Acetylcholinesterase', 'Antiallergenic', 'Genotoxic', 'Mutagenic', 'Insect antennae response', 'Antioxidant', 'Inhibition of Protease', 'Antiviral', 'Anxiolytic', 'Inhibition of Cathepsin B', 'Anticancer', 'Antichagasic', 'Inhibition of Cathepsin L', 'Inhibition of phosphorylating electron transport', 'Inhibition of uncoupled electron transport', 'Inhibition of basal electron transport', 'Inhibition of ATP synthesis', 'Anti-inflamatory', 'Antiangiogenic', 'Inhibition of Glycosidase', 'Inhibition of Myeloperoxodase', 'Cell growth inhbition', 'Anesthetic', 'Molluscicidal', 'Inhibition of Cathepsin V', 'Antinociceptive']]",doi_bioActivity
"['10.1515/znc-2002-5-602', 'Anticancer']","['10.1515/znc-2002-5-602', ['Antileishmanial', 'Insecticidal', 'Antitrypanosomal', 'Antibacterial', 'Cytotoxic', 'Antimalarial', 'Inhibition of Acetylcholinesterase', 'Antifungal', 'Antiallergenic', 'Genotoxic', 'Mutagenic', 'Antioxidant', 'Inhibition of Cathepsin B', 'Anticancer', 'Inhibition of Cathepsin L', 'Antichagasic', 'Insect antennae response', 'Antiviral', 'Inhibition of Protease', 'Anxiolytic', 'Inhibition of phosphorylating electron transport', 'Inhibition of uncoupled electron transport', 'Inhibition of basal electron transport', 'Inhibition of ATP synthesis', 'Anti-inflamatory', 'Antiangiogenic', 'Inhibition of Glycosidase', 'Inhibition of Myeloperoxodase', 'Cell growth inhbition', 'Anesthetic', 'Molluscicidal', 'Inhibition of Cathepsin V', 'Antinociceptive']]",doi_bioActivity
"['10.1590/S0100-40422008000400018', 'Antifungal']","['10.1590/S0100-40422008000400018', ['Antifungal', 'Antioxidant', 'Cytotoxic', 'Antitrypanosomal', 'Antiallergenic', 'Inhibition of Acetylcholinesterase', 'Antimalarial', 'Anti-inflamatory', 'Inhibition of Cathepsin B', 'Antichagasic', 'Anticancer', 'Inhibition of Cathepsin L', 'Anxiolytic', 'Inhibition of uncoupled electron transport', 'Inhibition of phosphorylating electron transport', 'Inhibition of ATP synthesis', 'Inhibition of basal electron transport', 'Antileishmanial', 'Inhibition of Protease', 'Antiviral', 'Antibacterial', 'Insecticidal', 'Genotoxic', 'Mutagenic', 'Antiangiogenic', 'Inhibition of Glycosidase', 'Insect antennae response', 'Inhibition of Myeloperoxodase', 'Cell growth inhbition', 'Anesthetic', 'Molluscicidal', 'Inhibition of Cathepsin V', 'Antinociceptive']]",doi_bioActivity
"['10.1021/jf00030a035', 'Cytotoxic']","['10.1021/jf00030a035', ['Antileishmanial', 'Insecticidal', 'Antitrypanosomal', 'Insect antennae response', 'Antibacterial', 'Genotoxic', 'Mutagenic', 'Antimalarial', 'Inhibition of Acetylcholinesterase', 'Cytotoxic', 'Antifungal', 'Antiallergenic', 'Anxiolytic', 'Inhibition of Cathepsin B', 'Inhibition of Cathepsin L', 'Antichagasic', 'Anticancer', 'Antioxidant', 'Inhibition of Protease', 'Antiviral', 'Inhibition of phosphorylating electron transport', 'Inhibition of uncoupled electron transport', 'Inhibition of basal electron transport', 'Inhibition of ATP synthesis', 'Anti-inflamatory', 'Antiangiogenic', 'Inhibition of Glycosidase', 'Inhibition of Myeloperoxodase', 'Cell growth inhbition', 'Anesthetic', 'Molluscicidal', 'Inhibition of Cathepsin V', 'Antinociceptive']]",doi_bioActivity
"['10.1016/j.jpba.2012.08.028', 'Antitrypanosomal']","['10.1016/j.jpba.2012.08.028', ['Antifungal', 'Antiallergenic', 'Antioxidant', 'Inhibition of Acetylcholinesterase', 'Inhibition of Cathepsin B', 'Anticancer', 'Inhibition of Cathepsin L', 'Antichagasic', 'Antitrypanosomal', 'Cytotoxic', 'Anxiolytic', 'Antimalarial', 'Inhibition of basal electron transport', 'Inhibition of phosphorylating electron transport', 'Inhibition of uncoupled electron transport', 'Inhibition of ATP synthesis', 'Anti-inflamatory', 'Antileishmanial', 'Antibacterial', 'Inhibition of Protease', 'Antiviral', 'Genotoxic', 'Mutagenic', 'Insecticidal', 'Antiangiogenic', 'Inhibition of Glycosidase', 'Insect antennae response', 'Inhibition of Myeloperoxodase', 'Cell growth inhbition', 'Anesthetic', 'Molluscicidal', 'Inhibition of Cathepsin V', 'Antinociceptive']]",doi_bioActivity
"['10.1590/S0100-40422009000600037', 'Insecticidal']","['10.1590/S0100-40422009000600037', ['Antifungal', 'Antiallergenic', 'Cytotoxic', 'Antitrypanosomal', 'Inhibition of Acetylcholinesterase', 'Antioxidant', 'Antimalarial', 'Anxiolytic', 'Inhibition of phosphorylating electron transport', 'Inhibition of uncoupled electron transport', 'Inhibition of ATP synthesis', 'Inhibition of basal electron transport', 'Antileishmanial', 'Anticancer', 'Inhibition of Cathepsin B', 'Antichagasic', 'Inhibition of Cathepsin L', 'Anti-inflamatory', 'Inhibition of Protease', 'Antiviral', 'Antibacterial', 'Insecticidal', 'Genotoxic', 'Mutagenic', 'Insect antennae response', 'Antiangiogenic', 'Inhibition of Glycosidase', 'Inhibition of Myeloperoxodase', 'Cell growth inhbition', 'Anesthetic', 'Molluscicidal', 'Inhibition of Cathepsin V', 'Antinociceptive']]",doi_bioActivity
"['10.1055/s-0034-1368301', 'Anticancer']","['10.1055/s-0034-1368301', ['Genotoxic', 'Mutagenic', 'Antileishmanial', 'Insecticidal', 'Cytotoxic', 'Antitrypanosomal', 'Antimalarial', 'Inhibition of Acetylcholinesterase', 'Antibacterial', 'Antiallergenic', 'Antifungal', 'Inhibition of Protease', 'Antiviral', 'Anxiolytic', 'Insect antennae response', 'Antioxidant', 'Antichagasic', 'Anticancer', 'Inhibition of Cathepsin B', 'Inhibition of Cathepsin L', 'Inhibition of phosphorylating electron transport', 'Inhibition of uncoupled electron transport', 'Inhibition of basal electron transport', 'Inhibition of ATP synthesis', 'Anti-inflamatory', 'Antiangiogenic', 'Inhibition of Glycosidase', 'Inhibition of Myeloperoxodase', 'Cell growth inhbition', 'Anesthetic', 'Molluscicidal', 'Inhibition of Cathepsin V', 'Antinociceptive']]",doi_bioActivity
"['10.1016/j.bmc.2010.12.056', 'Inhibition of Cathepsin V']","['10.1016/j.bmc.2010.12.056', ['Inhibition of Glycosidase', 'Inhibition of Myeloperoxodase', 'Anti-inflamatory', 'Antiangiogenic', 'Antioxidant', 'Antifungal', 'Cytotoxic', 'Inhibition of Protease', 'Antiviral', 'Anticancer', 'Inhibition of Cathepsin B', 'Inhibition of Cathepsin L', 'Antichagasic', 'Inhibition of Acetylcholinesterase', 'Anxiolytic', 'Antiallergenic', 'Antitrypanosomal', 'Inhibition of phosphorylating electron transport', 'Inhibition of ATP synthesis', 'Inhibition of basal electron transport', 'Inhibition of uncoupled electron transport', 'Antimalarial', 'Antileishmanial', 'Insecticidal', 'Antibacterial', 'Mutagenic', 'Genotoxic', 'Insect antennae response', 'Cell growth inhbition', 'Anesthetic', 'Molluscicidal', 'Inhibition of Cathepsin V', 'Antinociceptive']]",doi_bioActivity
"['10.1590/S0103-50532005000300018', 'Inhibition of Acetylcholinesterase']","['10.1590/S0103-50532005000300018', ['Antileishmanial', 'Antibacterial', 'Insecticidal', 'Genotoxic', 'Mutagenic', 'Antitrypanosomal', 'Antimalarial', 'Inhibition of Acetylcholinesterase', 'Cytotoxic', 'Antiallergenic', 'Antifungal', 'Insect antennae response', 'Anxiolytic', 'Inhibition of ATP synthesis', 'Inhibition of basal electron transport', 'Inhibition of phosphorylating electron transport', 'Inhibition of uncoupled electron transport', 'Antioxidant', 'Inhibition of Cathepsin B', 'Anticancer', 'Antichagasic', 'Inhibition of Cathepsin L', 'Inhibition of Protease', 'Antiviral', 'Anti-inflamatory', 'Antiangiogenic', 'Inhibition of Glycosidase', 'Inhibition of Myeloperoxodase', 'Cell growth inhbition', 'Anesthetic', 'Molluscicidal', 'Inhibition of Cathepsin V', 'Antinociceptive']]",doi_bioActivity
"['10.1248/cpb.56.407', 'Anti-inflamatory']","['10.1248/cpb.56.407', ['Antileishmanial', 'Antibacterial', 'Antitrypanosomal', 'Insecticidal', 'Antimalarial', 'Cytotoxic', 'Antifungal', 'Inhibition of Acetylcholinesterase', 'Antiallergenic', 'Genotoxic', 'Mutagenic', 'Antioxidant', 'Insect antennae response', 'Inhibition of Cathepsin B', 'Anticancer', 'Inhibition of Cathepsin L', 'Antichagasic', 'Anxiolytic', 'Inhibition of phosphorylating electron transport', 'Inhibition of ATP synthesis', 'Inhibition of uncoupled electron transport', 'Inhibition of basal electron transport', 'Inhibition of Protease', 'Antiviral', 'Anti-inflamatory', 'Antiangiogenic', 'Inhibition of Glycosidase', 'Inhibition of Myeloperoxodase', 'Cell growth inhbition', 'Anesthetic', 'Molluscicidal', 'Inhibition of Cathepsin V', 'Antinociceptive']]",doi_bioActivity
"['10.1021/jf00030a035', 'Anticancer']","['10.1021/jf00030a035', ['Antileishmanial', 'Insecticidal', 'Antitrypanosomal', 'Insect antennae response', 'Antibacterial', 'Genotoxic', 'Mutagenic', 'Antimalarial', 'Inhibition of Acetylcholinesterase', 'Cytotoxic', 'Antifungal', 'Antiallergenic', 'Anxiolytic', 'Inhibition of Cathepsin B', 'Inhibition of Cathepsin L', 'Antichagasic', 'Anticancer', 'Antioxidant', 'Inhibition of Protease', 'Antiviral', 'Inhibition of phosphorylating electron transport', 'Inhibition of uncoupled electron transport', 'Inhibition of basal electron transport', 'Inhibition of ATP synthesis', 'Anti-inflamatory', 'Antiangiogenic', 'Inhibition of Glycosidase', 'Inhibition of Myeloperoxodase', 'Cell growth inhbition', 'Anesthetic', 'Molluscicidal', 'Inhibition of Cathepsin V', 'Antinociceptive']]",doi_bioActivity
"['10.1016/S0031-9422(00)00477-5', 'Antioxidant']","['10.1016/S0031-9422(00)00477-5', ['Antiallergenic', 'Antifungal', 'Cytotoxic', 'Antitrypanosomal', 'Antioxidant', 'Inhibition of Acetylcholinesterase', 'Antimalarial', 'Anxiolytic', 'Inhibition of phosphorylating electron transport', 'Inhibition of uncoupled electron transport', 'Inhibition of ATP synthesis', 'Inhibition of basal electron transport', 'Antileishmanial', 'Inhibition of Protease', 'Antiviral', 'Inhibition of Cathepsin B', 'Anticancer', 'Inhibition of Cathepsin L', 'Antichagasic', 'Anti-inflamatory', 'Antibacterial', 'Insecticidal', 'Genotoxic', 'Mutagenic', 'Antiangiogenic', 'Insect antennae response', 'Inhibition of Glycosidase', 'Inhibition of Myeloperoxodase', 'Cell growth inhbition', 'Anesthetic', 'Molluscicidal', 'Inhibition of Cathepsin V', 'Antinociceptive']]",doi_bioActivity
"['10.1590/S0103-50532006000300017', 'Insecticidal']","['10.1590/S0103-50532006000300017', ['Antileishmanial', 'Insecticidal', 'Antibacterial', 'Antitrypanosomal', 'Antimalarial', 'Genotoxic', 'Mutagenic', 'Cytotoxic', 'Inhibition of Acetylcholinesterase', 'Antifungal', 'Antiallergenic', 'Insect antennae response', 'Antioxidant', 'Anxiolytic', 'Inhibition of basal electron transport', 'Inhibition of phosphorylating electron transport', 'Inhibition of ATP synthesis', 'Inhibition of uncoupled electron transport', 'Inhibition of Cathepsin B', 'Anticancer', 'Antichagasic', 'Inhibition of Cathepsin L', 'Inhibition of Protease', 'Antiviral', 'Anti-inflamatory', 'Antiangiogenic', 'Inhibition of Glycosidase', 'Inhibition of Myeloperoxodase', 'Cell growth inhbition', 'Anesthetic', 'Molluscicidal', 'Inhibition of Cathepsin V', 'Antinociceptive']]",doi_bioActivity
"['10.1590/S0103-50532003000500012', 'Antioxidant']","['10.1590/S0103-50532003000500012', ['Antifungal', 'Antioxidant', 'Cytotoxic', 'Antiallergenic', 'Inhibition of Acetylcholinesterase', 'Inhibition of uncoupled electron transport', 'Inhibition of phosphorylating electron transport', 'Inhibition of ATP synthesis', 'Inhibition of basal electron transport', 'Antitrypanosomal', 'Anti-inflamatory', 'Anxiolytic', 'Antimalarial', 'Antichagasic', 'Anticancer', 'Inhibition of Cathepsin B', 'Inhibition of Cathepsin L', 'Antiviral', 'Inhibition of Protease', 'Antileishmanial', 'Antibacterial', 'Antiangiogenic', 'Insecticidal', 'Genotoxic', 'Mutagenic', 'Inhibition of Glycosidase', 'Inhibition of Myeloperoxodase', 'Insect antennae response', 'Cell growth inhbition', 'Anesthetic', 'Molluscicidal', 'Inhibition of Cathepsin V', 'Antinociceptive']]",doi_bioActivity
"['10.1016/j.phytol.2010.11.003', 'Inhibition of Acetylcholinesterase']","['10.1016/j.phytol.2010.11.003', ['Antiviral', 'Inhibition of Protease', 'Inhibition of Acetylcholinesterase', 'Cytotoxic', 'Antitrypanosomal', 'Antiallergenic', 'Antifungal', 'Anxiolytic', 'Antioxidant', 'Antimalarial', 'Antileishmanial', 'Anticancer', 'Antichagasic', 'Inhibition of Cathepsin L', 'Inhibition of Cathepsin B', 'Inhibition of basal electron transport', 'Inhibition of ATP synthesis', 'Inhibition of uncoupled electron transport', 'Inhibition of phosphorylating electron transport', 'Insecticidal', 'Antibacterial', 'Genotoxic', 'Mutagenic', 'Anti-inflamatory', 'Antiangiogenic', 'Insect antennae response', 'Inhibition of Glycosidase', 'Inhibition of Myeloperoxodase', 'Cell growth inhbition', 'Anesthetic', 'Molluscicidal', 'Inhibition of Cathepsin V', 'Antinociceptive']]",doi_bioActivity
"['10.1016/0031-9422(90)80024-B', 'Molluscicidal']","['10.1016/0031-9422(90)80024-B', ['Antiallergenic', 'Antifungal', 'Antitrypanosomal', 'Inhibition of Acetylcholinesterase', 'Cytotoxic', 'Antimalarial', 'Antioxidant', 'Inhibition of Cathepsin B', 'Anticancer', 'Antichagasic', 'Inhibition of Cathepsin L', 'Antileishmanial', 'Inhibition of uncoupled electron transport', 'Inhibition of phosphorylating electron transport', 'Inhibition of basal electron transport', 'Inhibition of ATP synthesis', 'Anxiolytic', 'Antibacterial', 'Inhibition of Protease', 'Antiviral', 'Anti-inflamatory', 'Insecticidal', 'Mutagenic', 'Genotoxic', 'Antiangiogenic', 'Insect antennae response', 'Inhibition of Glycosidase', 'Inhibition of Myeloperoxodase', 'Cell growth inhbition', 'Anesthetic', 'Molluscicidal', 'Inhibition of Cathepsin V', 'Antinociceptive']]",doi_bioActivity
"['10.1248/bpb.31.538', 'Antitrypanosomal']","['10.1248/bpb.31.538', ['Antileishmanial', 'Antibacterial', 'Insecticidal', 'Antitrypanosomal', 'Antimalarial', 'Insect antennae response', 'Genotoxic', 'Mutagenic', 'Inhibition of Acetylcholinesterase', 'Cytotoxic', 'Antiallergenic', 'Antifungal', 'Inhibition of Cathepsin B', 'Antichagasic', 'Inhibition of Cathepsin L', 'Anticancer', 'Antioxidant', 'Anxiolytic', 'Inhibition of Protease', 'Antiviral', 'Inhibition of phosphorylating electron transport', 'Inhibition of uncoupled electron transport', 'Inhibition of basal electron transport', 'Inhibition of ATP synthesis', 'Anti-inflamatory', 'Antiangiogenic', 'Inhibition of Glycosidase', 'Inhibition of Myeloperoxodase', 'Cell growth inhbition', 'Anesthetic', 'Molluscicidal', 'Inhibition of Cathepsin V', 'Antinociceptive']]",doi_bioActivity
"['10.1021/cc100076k', 'Inhibition of Cathepsin V']","['10.1021/cc100076k', ['Anxiolytic', 'Inhibition of Acetylcholinesterase', 'Inhibition of Cathepsin B', 'Inhibition of Cathepsin L', 'Anticancer', 'Antichagasic', 'Antiallergenic', 'Antitrypanosomal', 'Antimalarial', 'Antifungal', 'Antioxidant', 'Cytotoxic', 'Antiviral', 'Inhibition of Protease', 'Inhibition of basal electron transport', 'Inhibition of phosphorylating electron transport', 'Inhibition of ATP synthesis', 'Inhibition of uncoupled electron transport', 'Antileishmanial', 'Anti-inflamatory', 'Antibacterial', 'Genotoxic', 'Mutagenic', 'Insecticidal', 'Antiangiogenic', 'Insect antennae response', 'Inhibition of Glycosidase', 'Inhibition of Myeloperoxodase', 'Cell growth inhbition', 'Anesthetic', 'Molluscicidal', 'Inhibition of Cathepsin V', 'Antinociceptive']]",doi_bioActivity
"['10.5935/0103-5053.19960024', 'Antifungal']","['10.5935/0103-5053.19960024', ['Antileishmanial', 'Antibacterial', 'Insecticidal', 'Antitrypanosomal', 'Antimalarial', 'Insect antennae response', 'Genotoxic', 'Mutagenic', 'Inhibition of Acetylcholinesterase', 'Cytotoxic', 'Antifungal', 'Antiallergenic', 'Inhibition of Cathepsin B', 'Anticancer', 'Inhibition of Cathepsin L', 'Antichagasic', 'Antioxidant', 'Anxiolytic', 'Inhibition of Protease', 'Antiviral', 'Inhibition of phosphorylating electron transport', 'Inhibition of uncoupled electron transport', 'Inhibition of basal electron transport', 'Inhibition of ATP synthesis', 'Anti-inflamatory', 'Antiangiogenic', 'Inhibition of Glycosidase', 'Inhibition of Myeloperoxodase', 'Cell growth inhbition', 'Anesthetic', 'Molluscicidal', 'Inhibition of Cathepsin V', 'Antinociceptive']]",doi_bioActivity
"['10.1080/14786410600907002', 'Anticancer']","['10.1080/14786410600907002', ['Antiallergenic', 'Antifungal', 'Cytotoxic', 'Antitrypanosomal', 'Antimalarial', 'Inhibition of Acetylcholinesterase', 'Antioxidant', 'Inhibition of phosphorylating electron transport', 'Inhibition of ATP synthesis', 'Inhibition of uncoupled electron transport', 'Inhibition of basal electron transport', 'Antileishmanial', 'Anxiolytic', 'Antichagasic', 'Anticancer', 'Inhibition of Cathepsin B', 'Inhibition of Cathepsin L', 'Antibacterial', 'Anti-inflamatory', 'Inhibition of Protease', 'Antiviral', 'Genotoxic', 'Mutagenic', 'Insecticidal', 'Antiangiogenic', 'Insect antennae response', 'Inhibition of Glycosidase', 'Inhibition of Myeloperoxodase', 'Cell growth inhbition', 'Anesthetic', 'Molluscicidal', 'Inhibition of Cathepsin V', 'Antinociceptive']]",doi_bioActivity
"['10.1590/S0073-47212009000100009', 'Insecticidal']","['10.1590/S0073-47212009000100009', ['Insecticidal', 'Antileishmanial', 'Antibacterial', 'Antitrypanosomal', 'Cytotoxic', 'Antifungal', 'Antimalarial', 'Genotoxic', 'Mutagenic', 'Antiallergenic', 'Inhibition of Acetylcholinesterase', 'Insect antennae response', 'Antioxidant', 'Inhibition of Protease', 'Antiviral', 'Inhibition of basal electron transport', 'Inhibition of ATP synthesis', 'Inhibition of phosphorylating electron transport', 'Inhibition of uncoupled electron transport', 'Anxiolytic', 'Anticancer', 'Inhibition of Cathepsin B', 'Antichagasic', 'Inhibition of Cathepsin L', 'Anti-inflamatory', 'Antiangiogenic', 'Inhibition of Glycosidase', 'Inhibition of Myeloperoxodase', 'Cell growth inhbition', 'Anesthetic', 'Molluscicidal', 'Inhibition of Cathepsin V', 'Antinociceptive']]",doi_bioActivity
"['10.1016/j.phytochem.2005.06.019', 'Antioxidant']","['10.1016/j.phytochem.2005.06.019', ['Inhibition of Myeloperoxodase', 'Inhibition of Glycosidase', 'Anti-inflamatory', 'Antiangiogenic', 'Antioxidant', 'Antifungal', 'Cytotoxic', 'Inhibition of Protease', 'Antiviral', 'Anticancer', 'Inhibition of Cathepsin B', 'Inhibition of Cathepsin L', 'Antichagasic', 'Anxiolytic', 'Inhibition of Acetylcholinesterase', 'Antitrypanosomal', 'Antiallergenic', 'Inhibition of phosphorylating electron transport', 'Inhibition of ATP synthesis', 'Inhibition of basal electron transport', 'Inhibition of uncoupled electron transport', 'Antimalarial', 'Antileishmanial', 'Insecticidal', 'Antibacterial', 'Genotoxic', 'Mutagenic', 'Insect antennae response', 'Cell growth inhbition', 'Anesthetic', 'Molluscicidal', 'Inhibition of Cathepsin V', 'Antinociceptive']]",doi_bioActivity
"['10.1016/j.cbi.2010.08.008', 'Anticancer']","['10.1016/j.cbi.2010.08.008', ['Antifungal', 'Antiallergenic', 'Cytotoxic', 'Antitrypanosomal', 'Inhibition of ATP synthesis', 'Inhibition of basal electron transport', 'Inhibition of uncoupled electron transport', 'Inhibition of phosphorylating electron transport', 'Antioxidant', 'Inhibition of Acetylcholinesterase', 'Antimalarial', 'Antileishmanial', 'Anxiolytic', 'Antichagasic', 'Anticancer', 'Inhibition of Cathepsin B', 'Inhibition of Cathepsin L', 'Anti-inflamatory', 'Antibacterial', 'Inhibition of Protease', 'Antiviral', 'Genotoxic', 'Mutagenic', 'Insecticidal', 'Antiangiogenic', 'Insect antennae response', 'Inhibition of Glycosidase', 'Inhibition of Myeloperoxodase', 'Cell growth inhbition', 'Anesthetic', 'Molluscicidal', 'Inhibition of Cathepsin V', 'Antinociceptive']]",doi_bioActivity
"['10.1590/S0100-40422006000300016', 'Antioxidant']","['10.1590/S0100-40422006000300016', ['Antifungal', 'Antioxidant', 'Antiallergenic', 'Cytotoxic', 'Antitrypanosomal', 'Inhibition of Acetylcholinesterase', 'Anticancer', 'Inhibition of Cathepsin B', 'Inhibition of Cathepsin L', 'Antichagasic', 'Antimalarial', 'Anxiolytic', 'Anti-inflamatory', 'Inhibition of uncoupled electron transport', 'Inhibition of phosphorylating electron transport', 'Inhibition of ATP synthesis', 'Inhibition of basal electron transport', 'Antileishmanial', 'Inhibition of Protease', 'Antiviral', 'Antibacterial', 'Antiangiogenic', 'Inhibition of Glycosidase', 'Insecticidal', 'Mutagenic', 'Genotoxic', 'Inhibition of Myeloperoxodase', 'Insect antennae response', 'Cell growth inhbition', 'Anesthetic', 'Molluscicidal', 'Inhibition of Cathepsin V', 'Antinociceptive']]",doi_bioActivity
"['10.1016/0031-9422(81)80027-1', 'Anesthetic']","['10.1016/0031-9422(81)80027-1', ['Antifungal', 'Inhibition of basal electron transport', 'Inhibition of uncoupled electron transport', 'Inhibition of phosphorylating electron transport', 'Inhibition of ATP synthesis', 'Cytotoxic', 'Antimalarial', 'Antitrypanosomal', 'Antiallergenic', 'Antioxidant', 'Antileishmanial', 'Antibacterial', 'Inhibition of Acetylcholinesterase', 'Anti-inflamatory', 'Inhibition of Cathepsin B', 'Anticancer', 'Antichagasic', 'Inhibition of Cathepsin L', 'Genotoxic', 'Mutagenic', 'Anxiolytic', 'Insecticidal', 'Inhibition of Protease', 'Antiviral', 'Antiangiogenic', 'Insect antennae response', 'Inhibition of Glycosidase', 'Inhibition of Myeloperoxodase', 'Cell growth inhbition', 'Anesthetic', 'Molluscicidal', 'Inhibition of Cathepsin V', 'Antinociceptive']]",doi_bioActivity
"['10.1515/znc-2008-5-611', 'Antileishmanial']","['10.1515/znc-2008-5-611', ['Antitrypanosomal', 'Antibacterial', 'Antileishmanial', 'Antiallergenic', 'Antimalarial', 'Antifungal', 'Cytotoxic', 'Inhibition of basal electron transport', 'Inhibition of phosphorylating electron transport', 'Inhibition of uncoupled electron transport', 'Inhibition of ATP synthesis', 'Inhibition of Acetylcholinesterase', 'Genotoxic', 'Mutagenic', 'Antioxidant', 'Insecticidal', 'Anxiolytic', 'Anticancer', 'Inhibition of Cathepsin B', 'Antichagasic', 'Inhibition of Cathepsin L', 'Inhibition of Protease', 'Antiviral', 'Insect antennae response', 'Anti-inflamatory', 'Antiangiogenic', 'Inhibition of Glycosidase', 'Inhibition of Myeloperoxodase', 'Cell growth inhbition', 'Anesthetic', 'Molluscicidal', 'Inhibition of Cathepsin V', 'Antinociceptive']]",doi_bioActivity
"['10.1016/S0031-9422(99)00132-6', 'Anticancer']","['10.1016/S0031-9422(99)00132-6', ['Antifungal', 'Anti-inflamatory', 'Antioxidant', 'Cytotoxic', 'Inhibition of uncoupled electron transport', 'Inhibition of ATP synthesis', 'Inhibition of phosphorylating electron transport', 'Inhibition of basal electron transport', 'Antiallergenic', 'Antitrypanosomal', 'Inhibition of Acetylcholinesterase', 'Anticancer', 'Inhibition of Cathepsin B', 'Antichagasic', 'Inhibition of Cathepsin L', 'Antimalarial', 'Anxiolytic', 'Inhibition of Protease', 'Antiviral', 'Antiangiogenic', 'Inhibition of Glycosidase', 'Antileishmanial', 'Inhibition of Myeloperoxodase', 'Antibacterial', 'Insecticidal', 'Genotoxic', 'Mutagenic', 'Insect antennae response', 'Cell growth inhbition', 'Anesthetic', 'Molluscicidal', 'Inhibition of Cathepsin V', 'Antinociceptive']]",doi_bioActivity
"['10.1590/S0103-50532005000800029', 'Cytotoxic']","['10.1590/S0103-50532005000800029', ['Antifungal', 'Inhibition of Acetylcholinesterase', 'Antiallergenic', 'Antioxidant', 'Cytotoxic', 'Antitrypanosomal', 'Inhibition of Cathepsin L', 'Antichagasic', 'Anticancer', 'Inhibition of Cathepsin B', 'Antimalarial', 'Anxiolytic', 'Anti-inflamatory', 'Inhibition of uncoupled electron transport', 'Inhibition of phosphorylating electron transport', 'Inhibition of ATP synthesis', 'Inhibition of basal electron transport', 'Antileishmanial', 'Inhibition of Protease', 'Antiviral', 'Antibacterial', 'Antiangiogenic', 'Mutagenic', 'Genotoxic', 'Insecticidal', 'Inhibition of Glycosidase', 'Insect antennae response', 'Inhibition of Myeloperoxodase', 'Cell growth inhbition', 'Anesthetic', 'Molluscicidal', 'Inhibition of Cathepsin V', 'Antinociceptive']]",doi_bioActivity
"['10.1016/j.micres.2004.06.003', 'Antibacterial']","['10.1016/j.micres.2004.06.003', ['Inhibition of Myeloperoxodase', 'Inhibition of Glycosidase', 'Anti-inflamatory', 'Antiangiogenic', 'Antioxidant', 'Antifungal', 'Cytotoxic', 'Antiviral', 'Inhibition of Protease', 'Anticancer', 'Inhibition of Cathepsin B', 'Inhibition of Cathepsin L', 'Antichagasic', 'Antiallergenic', 'Inhibition of Acetylcholinesterase', 'Anxiolytic', 'Antitrypanosomal', 'Inhibition of phosphorylating electron transport', 'Inhibition of ATP synthesis', 'Inhibition of basal electron transport', 'Inhibition of uncoupled electron transport', 'Antimalarial', 'Antileishmanial', 'Insecticidal', 'Antibacterial', 'Mutagenic', 'Genotoxic', 'Insect antennae response', 'Cell growth inhbition', 'Anesthetic', 'Molluscicidal', 'Inhibition of Cathepsin V', 'Antinociceptive']]",doi_bioActivity
"['10.1002/ps.1278', 'Insecticidal']","['10.1002/ps.1278', ['Antifungal', 'Antioxidant', 'Antiallergenic', 'Cytotoxic', 'Antitrypanosomal', 'Inhibition of Acetylcholinesterase', 'Anti-inflamatory', 'Antimalarial', 'Inhibition of Cathepsin B', 'Antichagasic', 'Anticancer', 'Inhibition of Cathepsin L', 'Inhibition of uncoupled electron transport', 'Inhibition of basal electron transport', 'Inhibition of phosphorylating electron transport', 'Inhibition of ATP synthesis', 'Anxiolytic', 'Antileishmanial', 'Inhibition of Protease', 'Antiviral', 'Antibacterial', 'Antiangiogenic', 'Insecticidal', 'Genotoxic', 'Mutagenic', 'Inhibition of Glycosidase', 'Inhibition of Myeloperoxodase', 'Insect antennae response', 'Cell growth inhbition', 'Anesthetic', 'Molluscicidal', 'Inhibition of Cathepsin V', 'Antinociceptive']]",doi_bioActivity
"['10.1590/S0103-50532005000400031', 'Insecticidal']","['10.1590/S0103-50532005000400031', ['Antifungal', 'Antioxidant', 'Cytotoxic', 'Antiallergenic', 'Anti-inflamatory', 'Inhibition of Acetylcholinesterase', 'Antitrypanosomal', 'Inhibition of Cathepsin B', 'Anticancer', 'Antichagasic', 'Inhibition of Cathepsin L', 'Antimalarial', 'Inhibition of uncoupled electron transport', 'Inhibition of basal electron transport', 'Inhibition of phosphorylating electron transport', 'Inhibition of ATP synthesis', 'Anxiolytic', 'Inhibition of Protease', 'Antiviral', 'Antileishmanial', 'Antiangiogenic', 'Antibacterial', 'Inhibition of Glycosidase', 'Insecticidal', 'Mutagenic', 'Genotoxic', 'Inhibition of Myeloperoxodase', 'Insect antennae response', 'Cell growth inhbition', 'Anesthetic', 'Molluscicidal', 'Inhibition of Cathepsin V', 'Antinociceptive']]",doi_bioActivity
"['10.1016/S0031-9422(97)00598-0', 'Antitrypanosomal']","['10.1016/S0031-9422(97)00598-0', ['Antifungal', 'Inhibition of Acetylcholinesterase', 'Antiallergenic', 'Cytotoxic', 'Antioxidant', 'Antitrypanosomal', 'Anxiolytic', 'Antimalarial', 'Antichagasic', 'Anticancer', 'Inhibition of Cathepsin B', 'Inhibition of Cathepsin L', 'Inhibition of basal electron transport', 'Inhibition of phosphorylating electron transport', 'Inhibition of uncoupled electron transport', 'Inhibition of ATP synthesis', 'Antileishmanial', 'Inhibition of Protease', 'Antiviral', 'Anti-inflamatory', 'Antibacterial', 'Genotoxic', 'Mutagenic', 'Antiangiogenic', 'Insecticidal', 'Inhibition of Glycosidase', 'Insect antennae response', 'Inhibition of Myeloperoxodase', 'Cell growth inhbition', 'Anesthetic', 'Molluscicidal', 'Inhibition of Cathepsin V', 'Antinociceptive']]",doi_bioActivity
"['10.1590/S0103-50532002000100019', 'Insecticidal']","['10.1590/S0103-50532002000100019', ['Antifungal', 'Inhibition of Acetylcholinesterase', 'Cytotoxic', 'Antioxidant', 'Antiallergenic', 'Antimalarial', 'Antitrypanosomal', 'Antichagasic', 'Inhibition of Cathepsin L', 'Inhibition of Cathepsin B', 'Anticancer', 'Anxiolytic', 'Inhibition of basal electron transport', 'Inhibition of phosphorylating electron transport', 'Inhibition of uncoupled electron transport', 'Inhibition of ATP synthesis', 'Antileishmanial', 'Anti-inflamatory', 'Antiviral', 'Inhibition of Protease', 'Antibacterial', 'Genotoxic', 'Mutagenic', 'Insecticidal', 'Antiangiogenic', 'Inhibition of Glycosidase', 'Insect antennae response', 'Inhibition of Myeloperoxodase', 'Cell growth inhbition', 'Anesthetic', 'Molluscicidal', 'Inhibition of Cathepsin V', 'Antinociceptive']]",doi_bioActivity
"['10.1590/S0102-695X2009000100002', 'Antitrypanosomal']","['10.1590/S0102-695X2009000100002', ['Antileishmanial', 'Insecticidal', 'Antitrypanosomal', 'Antibacterial', 'Cytotoxic', 'Antimalarial', 'Antifungal', 'Inhibition of Acetylcholinesterase', 'Antiallergenic', 'Genotoxic', 'Mutagenic', 'Antioxidant', 'Insect antennae response', 'Inhibition of Protease', 'Antiviral', 'Anxiolytic', 'Inhibition of Cathepsin B', 'Anticancer', 'Antichagasic', 'Inhibition of Cathepsin L', 'Inhibition of phosphorylating electron transport', 'Inhibition of uncoupled electron transport', 'Inhibition of basal electron transport', 'Inhibition of ATP synthesis', 'Anti-inflamatory', 'Antiangiogenic', 'Inhibition of Glycosidase', 'Inhibition of Myeloperoxodase', 'Cell growth inhbition', 'Anesthetic', 'Molluscicidal', 'Inhibition of Cathepsin V', 'Antinociceptive']]",doi_bioActivity
"['10.1590/S0102-695X2007000300003', 'Antioxidant']","['10.1590/S0102-695X2007000300003', ['Antifungal', 'Cytotoxic', 'Antioxidant', 'Anti-inflamatory', 'Inhibition of uncoupled electron transport', 'Inhibition of ATP synthesis', 'Inhibition of phosphorylating electron transport', 'Inhibition of basal electron transport', 'Antitrypanosomal', 'Antiallergenic', 'Inhibition of Acetylcholinesterase', 'Antimalarial', 'Anxiolytic', 'Anticancer', 'Inhibition of Cathepsin B', 'Antichagasic', 'Inhibition of Cathepsin L', 'Antileishmanial', 'Antiviral', 'Inhibition of Protease', 'Antibacterial', 'Insecticidal', 'Antiangiogenic', 'Genotoxic', 'Mutagenic', 'Inhibition of Glycosidase', 'Inhibition of Myeloperoxodase', 'Insect antennae response', 'Cell growth inhbition', 'Anesthetic', 'Molluscicidal', 'Inhibition of Cathepsin V', 'Antinociceptive']]",doi_bioActivity
"['10.3390/molecules190812031', 'Insecticidal']","['10.3390/molecules190812031', ['Antileishmanial', 'Antibacterial', 'Insecticidal', 'Genotoxic', 'Mutagenic', 'Antitrypanosomal', 'Antimalarial', 'Cytotoxic', 'Inhibition of Acetylcholinesterase', 'Antiallergenic', 'Antifungal', 'Insect antennae response', 'Anxiolytic', 'Antioxidant', 'Antiviral', 'Inhibition of Protease', 'Inhibition of uncoupled electron transport', 'Inhibition of ATP synthesis', 'Inhibition of phosphorylating electron transport', 'Inhibition of basal electron transport', 'Anticancer', 'Inhibition of Cathepsin B', 'Antichagasic', 'Inhibition of Cathepsin L', 'Anti-inflamatory', 'Antiangiogenic', 'Inhibition of Glycosidase', 'Inhibition of Myeloperoxodase', 'Cell growth inhbition', 'Anesthetic', 'Molluscicidal', 'Inhibition of Cathepsin V', 'Antinociceptive']]",doi_bioActivity
"['10.1080/14786410412331271979', 'Cytotoxic']","['10.1080/14786410412331271979', ['Antiallergenic', 'Antifungal', 'Antioxidant', 'Cytotoxic', 'Inhibition of Acetylcholinesterase', 'Antitrypanosomal', 'Antimalarial', 'Inhibition of Cathepsin B', 'Anticancer', 'Antichagasic', 'Inhibition of Cathepsin L', 'Anxiolytic', 'Inhibition of basal electron transport', 'Inhibition of phosphorylating electron transport', 'Inhibition of uncoupled electron transport', 'Inhibition of ATP synthesis', 'Anti-inflamatory', 'Antileishmanial', 'Inhibition of Protease', 'Antiviral', 'Antibacterial', 'Antiangiogenic', 'Mutagenic', 'Genotoxic', 'Insecticidal', 'Inhibition of Glycosidase', 'Insect antennae response', 'Inhibition of Myeloperoxodase', 'Cell growth inhbition', 'Anesthetic', 'Molluscicidal', 'Inhibition of Cathepsin V', 'Antinociceptive']]",doi_bioActivity
"['10.1016/j.phytochem.2004.03.039', 'Antioxidant']","['10.1016/j.phytochem.2004.03.039', ['Inhibition of Glycosidase', 'Inhibition of Myeloperoxodase', 'Anti-inflamatory', 'Antiangiogenic', 'Antioxidant', 'Antifungal', 'Cytotoxic', 'Inhibition of Protease', 'Antiviral', 'Antitrypanosomal', 'Inhibition of Cathepsin B', 'Anticancer', 'Antichagasic', 'Inhibition of Cathepsin L', 'Inhibition of Acetylcholinesterase', 'Antiallergenic', 'Anxiolytic', 'Inhibition of phosphorylating electron transport', 'Inhibition of ATP synthesis', 'Inhibition of basal electron transport', 'Inhibition of uncoupled electron transport', 'Antimalarial', 'Antileishmanial', 'Insecticidal', 'Antibacterial', 'Genotoxic', 'Mutagenic', 'Insect antennae response', 'Cell growth inhbition', 'Anesthetic', 'Molluscicidal', 'Inhibition of Cathepsin V', 'Antinociceptive']]",doi_bioActivity
"['10.1590/S0103-50532007000700017', 'Antioxidant']","['10.1590/S0103-50532007000700017', ['Antileishmanial', 'Antimalarial', 'Antitrypanosomal', 'Antibacterial', 'Cytotoxic', 'Antifungal', 'Antiallergenic', 'Genotoxic', 'Mutagenic', 'Insecticidal', 'Inhibition of Acetylcholinesterase', 'Inhibition of phosphorylating electron transport', 'Inhibition of basal electron transport', 'Inhibition of uncoupled electron transport', 'Inhibition of ATP synthesis', 'Antioxidant', 'Anticancer', 'Inhibition of Cathepsin B', 'Antichagasic', 'Inhibition of Cathepsin L', 'Anxiolytic', 'Insect antennae response', 'Antiviral', 'Inhibition of Protease', 'Anti-inflamatory', 'Antiangiogenic', 'Inhibition of Glycosidase', 'Inhibition of Myeloperoxodase', 'Cell growth inhbition', 'Anesthetic', 'Molluscicidal', 'Inhibition of Cathepsin V', 'Antinociceptive']]",doi_bioActivity
"['10.1590/S0103-50532005000800008', 'Antioxidant']","['10.1590/S0103-50532005000800008', ['Antitrypanosomal', 'Antibacterial', 'Antifungal', 'Cytotoxic', 'Antimalarial', 'Antileishmanial', 'Antiallergenic', 'Antioxidant', 'Inhibition of Acetylcholinesterase', 'Inhibition of Cathepsin B', 'Anticancer', 'Antichagasic', 'Inhibition of Cathepsin L', 'Inhibition of uncoupled electron transport', 'Inhibition of basal electron transport', 'Inhibition of ATP synthesis', 'Inhibition of phosphorylating electron transport', 'Anxiolytic', 'Anti-inflamatory', 'Insecticidal', 'Inhibition of Protease', 'Antiviral', 'Mutagenic', 'Genotoxic', 'Insect antennae response', 'Antiangiogenic', 'Inhibition of Glycosidase', 'Inhibition of Myeloperoxodase', 'Cell growth inhbition', 'Anesthetic', 'Molluscicidal', 'Inhibition of Cathepsin V', 'Antinociceptive']]",doi_bioActivity
"['10.1016/S0014-5793(02)02700-X', 'Antitrypanosomal']","['10.1016/S0014-5793(02)02700-X', ['Antifungal', 'Antioxidant', 'Antiallergenic', 'Cytotoxic', 'Antitrypanosomal', 'Inhibition of Acetylcholinesterase', 'Antimalarial', 'Inhibition of phosphorylating electron transport', 'Inhibition of ATP synthesis', 'Inhibition of uncoupled electron transport', 'Inhibition of basal electron transport', 'Anti-inflamatory', 'Anticancer', 'Inhibition of Cathepsin B', 'Antichagasic', 'Inhibition of Cathepsin L', 'Anxiolytic', 'Antileishmanial', 'Inhibition of Protease', 'Antiviral', 'Antibacterial', 'Insecticidal', 'Genotoxic', 'Mutagenic', 'Antiangiogenic', 'Inhibition of Glycosidase', 'Insect antennae response', 'Inhibition of Myeloperoxodase', 'Cell growth inhbition', 'Anesthetic', 'Molluscicidal', 'Inhibition of Cathepsin V', 'Antinociceptive']]",doi_bioActivity
"['10.1021/jf100233y', 'Antioxidant']","['10.1021/jf100233y', ['Insecticidal', 'Antileishmanial', 'Antitrypanosomal', 'Antibacterial', 'Cytotoxic', 'Antimalarial', 'Antifungal', 'Inhibition of Acetylcholinesterase', 'Antioxidant', 'Antiallergenic', 'Genotoxic', 'Mutagenic', 'Anti-inflamatory', 'Inhibition of Cathepsin B', 'Anticancer', 'Antichagasic', 'Inhibition of Cathepsin L', 'Insect antennae response', 'Inhibition of Protease', 'Antiviral', 'Inhibition of basal electron transport', 'Inhibition of uncoupled electron transport', 'Inhibition of phosphorylating electron transport', 'Inhibition of ATP synthesis', 'Anxiolytic', 'Antiangiogenic', 'Inhibition of Glycosidase', 'Inhibition of Myeloperoxodase', 'Cell growth inhbition', 'Anesthetic', 'Molluscicidal', 'Inhibition of Cathepsin V', 'Antinociceptive']]",doi_bioActivity
"['10.1590/S0103-50532003000300007', 'Antitrypanosomal']","['10.1590/S0103-50532003000300007', ['Inhibition of Acetylcholinesterase', 'Antiallergenic', 'Antitrypanosomal', 'Antifungal', 'Cytotoxic', 'Antimalarial', 'Anxiolytic', 'Antioxidant', 'Antileishmanial', 'Inhibition of Cathepsin B', 'Anticancer', 'Antichagasic', 'Inhibition of Cathepsin L', 'Inhibition of uncoupled electron transport', 'Inhibition of basal electron transport', 'Inhibition of ATP synthesis', 'Inhibition of phosphorylating electron transport', 'Antibacterial', 'Antiviral', 'Inhibition of Protease', 'Genotoxic', 'Mutagenic', 'Anti-inflamatory', 'Insecticidal', 'Insect antennae response', 'Antiangiogenic', 'Inhibition of Glycosidase', 'Inhibition of Myeloperoxodase', 'Cell growth inhbition', 'Anesthetic', 'Molluscicidal', 'Inhibition of Cathepsin V', 'Antinociceptive']]",doi_bioActivity
"['10.1590/S0103-50532005000800029', 'Antifungal']","['10.1590/S0103-50532005000800029', ['Antifungal', 'Inhibition of Acetylcholinesterase', 'Antiallergenic', 'Antioxidant', 'Cytotoxic', 'Antitrypanosomal', 'Inhibition of Cathepsin L', 'Antichagasic', 'Anticancer', 'Inhibition of Cathepsin B', 'Antimalarial', 'Anxiolytic', 'Anti-inflamatory', 'Inhibition of uncoupled electron transport', 'Inhibition of phosphorylating electron transport', 'Inhibition of ATP synthesis', 'Inhibition of basal electron transport', 'Antileishmanial', 'Inhibition of Protease', 'Antiviral', 'Antibacterial', 'Antiangiogenic', 'Mutagenic', 'Genotoxic', 'Insecticidal', 'Inhibition of Glycosidase', 'Insect antennae response', 'Inhibition of Myeloperoxodase', 'Cell growth inhbition', 'Anesthetic', 'Molluscicidal', 'Inhibition of Cathepsin V', 'Antinociceptive']]",doi_bioActivity
"['10.1590/S0100-40422002000300002', 'Cytotoxic']","['10.1590/S0100-40422002000300002', ['Antifungal', 'Cytotoxic', 'Antioxidant', 'Antitrypanosomal', 'Antiallergenic', 'Inhibition of Acetylcholinesterase', 'Antimalarial', 'Inhibition of phosphorylating electron transport', 'Inhibition of ATP synthesis', 'Inhibition of uncoupled electron transport', 'Inhibition of basal electron transport', 'Anti-inflamatory', 'Antichagasic', 'Inhibition of Cathepsin L', 'Anticancer', 'Inhibition of Cathepsin B', 'Anxiolytic', 'Antileishmanial', 'Antiviral', 'Inhibition of Protease', 'Antibacterial', 'Insecticidal', 'Mutagenic', 'Genotoxic', 'Antiangiogenic', 'Inhibition of Glycosidase', 'Insect antennae response', 'Inhibition of Myeloperoxodase', 'Cell growth inhbition', 'Anesthetic', 'Molluscicidal', 'Inhibition of Cathepsin V', 'Antinociceptive']]",doi_bioActivity
"['10.1002/cbdv.200590016', 'Antioxidant']","['10.1002/cbdv.200590016', ['Antifungal', 'Cytotoxic', 'Antiallergenic', 'Antitrypanosomal', 'Antioxidant', 'Inhibition of Acetylcholinesterase', 'Antimalarial', 'Inhibition of phosphorylating electron transport', 'Inhibition of ATP synthesis', 'Inhibition of uncoupled electron transport', 'Inhibition of basal electron transport', 'Anxiolytic', 'Antileishmanial', 'Anticancer', 'Inhibition of Cathepsin B', 'Antichagasic', 'Inhibition of Cathepsin L', 'Anti-inflamatory', 'Antibacterial', 'Inhibition of Protease', 'Antiviral', 'Insecticidal', 'Mutagenic', 'Genotoxic', 'Antiangiogenic', 'Insect antennae response', 'Inhibition of Glycosidase', 'Inhibition of Myeloperoxodase', 'Cell growth inhbition', 'Anesthetic', 'Molluscicidal', 'Inhibition of Cathepsin V', 'Antinociceptive']]",doi_bioActivity
"['10.1107/S1600536803019913', 'Antileishmanial']","['10.1107/S1600536803019913', ['Inhibition of Acetylcholinesterase', 'Antiallergenic', 'Antimalarial', 'Antitrypanosomal', 'Anxiolytic', 'Cytotoxic', 'Antichagasic', 'Inhibition of Cathepsin B', 'Anticancer', 'Inhibition of Cathepsin L', 'Antifungal', 'Antioxidant', 'Antileishmanial', 'Antiviral', 'Inhibition of Protease', 'Inhibition of basal electron transport', 'Inhibition of ATP synthesis', 'Inhibition of uncoupled electron transport', 'Inhibition of phosphorylating electron transport', 'Antibacterial', 'Anti-inflamatory', 'Genotoxic', 'Mutagenic', 'Insecticidal', 'Antiangiogenic', 'Insect antennae response', 'Inhibition of Glycosidase', 'Inhibition of Myeloperoxodase', 'Cell growth inhbition', 'Anesthetic', 'Molluscicidal', 'Inhibition of Cathepsin V', 'Antinociceptive']]",doi_bioActivity
"['10.1021/np100840w', 'Cytotoxic']","['10.1021/np100840w', ['Inhibition of Glycosidase', 'Inhibition of Myeloperoxodase', 'Antiangiogenic', 'Anti-inflamatory', 'Antioxidant', 'Cytotoxic', 'Antifungal', 'Inhibition of Protease', 'Antiviral', 'Anticancer', 'Inhibition of Cathepsin B', 'Inhibition of Cathepsin L', 'Antichagasic', 'Anxiolytic', 'Inhibition of Acetylcholinesterase', 'Antitrypanosomal', 'Antiallergenic', 'Inhibition of phosphorylating electron transport', 'Inhibition of ATP synthesis', 'Inhibition of basal electron transport', 'Inhibition of uncoupled electron transport', 'Antimalarial', 'Antileishmanial', 'Insecticidal', 'Antibacterial', 'Genotoxic', 'Mutagenic', 'Insect antennae response', 'Cell growth inhbition', 'Anesthetic', 'Molluscicidal', 'Inhibition of Cathepsin V', 'Antinociceptive']]",doi_bioActivity
"['10.1590/S0100-46702007000300002', 'Antifungal']","['10.1590/S0100-46702007000300002', ['Antileishmanial', 'Cytotoxic', 'Antibacterial', 'Antimalarial', 'Antifungal', 'Genotoxic', 'Mutagenic', 'Antitrypanosomal', 'Inhibition of phosphorylating electron transport', 'Inhibition of ATP synthesis', 'Inhibition of basal electron transport', 'Inhibition of uncoupled electron transport', 'Antiallergenic', 'Insecticidal', 'Inhibition of Acetylcholinesterase', 'Antioxidant', 'Antiviral', 'Inhibition of Protease', 'Anxiolytic', 'Insect antennae response', 'Anticancer', 'Inhibition of Cathepsin B', 'Antichagasic', 'Inhibition of Cathepsin L', 'Antiangiogenic', 'Anti-inflamatory', 'Inhibition of Glycosidase', 'Inhibition of Myeloperoxodase', 'Cell growth inhbition', 'Anesthetic', 'Molluscicidal', 'Inhibition of Cathepsin V', 'Antinociceptive']]",doi_bioActivity
"['10.1016/j.phytochem.2009.08.013', 'Antifungal']","['10.1016/j.phytochem.2009.08.013', ['Antifungal', 'Cytotoxic', 'Antiallergenic', 'Antitrypanosomal', 'Antioxidant', 'Anxiolytic', 'Inhibition of Acetylcholinesterase', 'Inhibition of Protease', 'Antiviral', 'Inhibition of uncoupled electron transport', 'Inhibition of phosphorylating electron transport', 'Inhibition of ATP synthesis', 'Inhibition of basal electron transport', 'Antimalarial', 'Inhibition of Cathepsin L', 'Inhibition of Cathepsin B', 'Anticancer', 'Antichagasic', 'Antiangiogenic', 'Antileishmanial', 'Anti-inflamatory', 'Antibacterial', 'Inhibition of Glycosidase', 'Mutagenic', 'Genotoxic', 'Insecticidal', 'Insect antennae response', 'Inhibition of Myeloperoxodase', 'Cell growth inhbition', 'Anesthetic', 'Molluscicidal', 'Inhibition of Cathepsin V', 'Antinociceptive']]",doi_bioActivity
"['10.1590/S1519-566X2008000600013', 'Insecticidal']","['10.1590/S1519-566X2008000600013', ['Insecticidal', 'Insect antennae response', 'Antileishmanial', 'Genotoxic', 'Mutagenic', 'Antibacterial', 'Antitrypanosomal', 'Antimalarial', 'Cytotoxic', 'Inhibition of Acetylcholinesterase', 'Antifungal', 'Antiallergenic', 'Anxiolytic', 'Antioxidant', 'Antiviral', 'Inhibition of Protease', 'Inhibition of Cathepsin B', 'Anticancer', 'Antichagasic', 'Inhibition of Cathepsin L', 'Inhibition of phosphorylating electron transport', 'Inhibition of uncoupled electron transport', 'Inhibition of basal electron transport', 'Inhibition of ATP synthesis', 'Anti-inflamatory', 'Antiangiogenic', 'Inhibition of Glycosidase', 'Inhibition of Myeloperoxodase', 'Cell growth inhbition', 'Anesthetic', 'Molluscicidal', 'Inhibition of Cathepsin V', 'Antinociceptive']]",doi_bioActivity
"['10.1016/j.chroma.2009.02.009', 'Antitrypanosomal']","['10.1016/j.chroma.2009.02.009', ['Antifungal', 'Cytotoxic', 'Antioxidant', 'Antitrypanosomal', 'Inhibition of ATP synthesis', 'Inhibition of basal electron transport', 'Inhibition of phosphorylating electron transport', 'Inhibition of uncoupled electron transport', 'Inhibition of Acetylcholinesterase', 'Antiallergenic', 'Anti-inflamatory', 'Anxiolytic', 'Antimalarial', 'Anticancer', 'Inhibition of Cathepsin B', 'Antichagasic', 'Inhibition of Cathepsin L', 'Antileishmanial', 'Antiviral', 'Inhibition of Protease', 'Antibacterial', 'Antiangiogenic', 'Insecticidal', 'Inhibition of Glycosidase', 'Mutagenic', 'Genotoxic', 'Inhibition of Myeloperoxodase', 'Insect antennae response', 'Cell growth inhbition', 'Anesthetic', 'Molluscicidal', 'Inhibition of Cathepsin V', 'Antinociceptive']]",doi_bioActivity
"['10.1016/j.jfca.2003.09.013', 'Inhibition of Glycosidase']","['10.1016/j.jfca.2003.09.013', ['Antiallergenic', 'Antifungal', 'Antitrypanosomal', 'Cytotoxic', 'Inhibition of Acetylcholinesterase', 'Antioxidant', 'Antimalarial', 'Anxiolytic', 'Antichagasic', 'Anticancer', 'Inhibition of Cathepsin B', 'Inhibition of Cathepsin L', 'Antileishmanial', 'Antiviral', 'Inhibition of Protease', 'Inhibition of basal electron transport', 'Inhibition of ATP synthesis', 'Inhibition of uncoupled electron transport', 'Inhibition of phosphorylating electron transport', 'Anti-inflamatory', 'Antibacterial', 'Insecticidal', 'Mutagenic', 'Genotoxic', 'Antiangiogenic', 'Inhibition of Glycosidase', 'Insect antennae response', 'Inhibition of Myeloperoxodase', 'Cell growth inhbition', 'Anesthetic', 'Molluscicidal', 'Inhibition of Cathepsin V', 'Antinociceptive']]",doi_bioActivity
"['10.1590/S0103-50532010000500016', 'Insecticidal']","['10.1590/S0103-50532010000500016', ['Antileishmanial', 'Antimalarial', 'Antibacterial', 'Antitrypanosomal', 'Insecticidal', 'Cytotoxic', 'Genotoxic', 'Mutagenic', 'Inhibition of Acetylcholinesterase', 'Antifungal', 'Antiallergenic', 'Insect antennae response', 'Antioxidant', 'Anxiolytic', 'Inhibition of basal electron transport', 'Inhibition of phosphorylating electron transport', 'Inhibition of ATP synthesis', 'Inhibition of uncoupled electron transport', 'Inhibition of Cathepsin L', 'Anticancer', 'Antichagasic', 'Inhibition of Cathepsin B', 'Antiviral', 'Inhibition of Protease', 'Anti-inflamatory', 'Antiangiogenic', 'Inhibition of Glycosidase', 'Inhibition of Myeloperoxodase', 'Cell growth inhbition', 'Anesthetic', 'Molluscicidal', 'Inhibition of Cathepsin V', 'Antinociceptive']]",doi_bioActivity
"['10.1515/znc-2002-5-602', 'Cytotoxic']","['10.1515/znc-2002-5-602', ['Antileishmanial', 'Insecticidal', 'Antitrypanosomal', 'Antibacterial', 'Cytotoxic', 'Antimalarial', 'Inhibition of Acetylcholinesterase', 'Antifungal', 'Antiallergenic', 'Genotoxic', 'Mutagenic', 'Antioxidant', 'Inhibition of Cathepsin B', 'Anticancer', 'Inhibition of Cathepsin L', 'Antichagasic', 'Insect antennae response', 'Antiviral', 'Inhibition of Protease', 'Anxiolytic', 'Inhibition of phosphorylating electron transport', 'Inhibition of uncoupled electron transport', 'Inhibition of basal electron transport', 'Inhibition of ATP synthesis', 'Anti-inflamatory', 'Antiangiogenic', 'Inhibition of Glycosidase', 'Inhibition of Myeloperoxodase', 'Cell growth inhbition', 'Anesthetic', 'Molluscicidal', 'Inhibition of Cathepsin V', 'Antinociceptive']]",doi_bioActivity
"['10.1590/S0100-40422005000600011', 'Antifungal']","['10.1590/S0100-40422005000600011', ['Antifungal', 'Cytotoxic', 'Antioxidant', 'Antiallergenic', 'Inhibition of uncoupled electron transport', 'Inhibition of ATP synthesis', 'Inhibition of phosphorylating electron transport', 'Inhibition of basal electron transport', 'Antiangiogenic', 'Inhibition of Acetylcholinesterase', 'Antitrypanosomal', 'Anti-inflamatory', 'Antimalarial', 'Anxiolytic', 'Inhibition of Protease', 'Antiviral', 'Anticancer', 'Inhibition of Cathepsin B', 'Inhibition of Cathepsin L', 'Antichagasic', 'Antileishmanial', 'Inhibition of Glycosidase', 'Antibacterial', 'Genotoxic', 'Mutagenic', 'Insecticidal', 'Inhibition of Myeloperoxodase', 'Insect antennae response', 'Cell growth inhbition', 'Anesthetic', 'Molluscicidal', 'Inhibition of Cathepsin V', 'Antinociceptive']]",doi_bioActivity
"['10.1016/S0031-9422(98)00249-0', 'Cytotoxic']","['10.1016/S0031-9422(98)00249-0', ['Antifungal', 'Antioxidant', 'Cytotoxic', 'Antiallergenic', 'Inhibition of Acetylcholinesterase', 'Inhibition of Cathepsin B', 'Antichagasic', 'Anticancer', 'Inhibition of Cathepsin L', 'Antitrypanosomal', 'Antimalarial', 'Anti-inflamatory', 'Anxiolytic', 'Inhibition of uncoupled electron transport', 'Inhibition of phosphorylating electron transport', 'Inhibition of ATP synthesis', 'Inhibition of basal electron transport', 'Inhibition of Protease', 'Antiviral', 'Antileishmanial', 'Antiangiogenic', 'Antibacterial', 'Inhibition of Glycosidase', 'Genotoxic', 'Mutagenic', 'Insecticidal', 'Inhibition of Myeloperoxodase', 'Insect antennae response', 'Cell growth inhbition', 'Anesthetic', 'Molluscicidal', 'Inhibition of Cathepsin V', 'Antinociceptive']]",doi_bioActivity
"['10.1021/np50086a012', 'Cytotoxic']","['10.1021/np50086a012', ['Inhibition of Acetylcholinesterase', 'Antiallergenic', 'Antimalarial', 'Antifungal', 'Inhibition of Cathepsin B', 'Anticancer', 'Inhibition of Cathepsin L', 'Antichagasic', 'Cytotoxic', 'Antitrypanosomal', 'Antioxidant', 'Anxiolytic', 'Antileishmanial', 'Antiviral', 'Inhibition of Protease', 'Inhibition of basal electron transport', 'Inhibition of ATP synthesis', 'Inhibition of uncoupled electron transport', 'Inhibition of phosphorylating electron transport', 'Anti-inflamatory', 'Antibacterial', 'Genotoxic', 'Mutagenic', 'Insecticidal', 'Antiangiogenic', 'Insect antennae response', 'Inhibition of Glycosidase', 'Inhibition of Myeloperoxodase', 'Cell growth inhbition', 'Anesthetic', 'Molluscicidal', 'Inhibition of Cathepsin V', 'Antinociceptive']]",doi_bioActivity
"['10.1016/j.cbi.2010.08.008', 'Cytotoxic']","['10.1016/j.cbi.2010.08.008', ['Antifungal', 'Antiallergenic', 'Cytotoxic', 'Antitrypanosomal', 'Inhibition of ATP synthesis', 'Inhibition of basal electron transport', 'Inhibition of uncoupled electron transport', 'Inhibition of phosphorylating electron transport', 'Antioxidant', 'Inhibition of Acetylcholinesterase', 'Antimalarial', 'Antileishmanial', 'Anxiolytic', 'Antichagasic', 'Anticancer', 'Inhibition of Cathepsin B', 'Inhibition of Cathepsin L', 'Anti-inflamatory', 'Antibacterial', 'Inhibition of Protease', 'Antiviral', 'Genotoxic', 'Mutagenic', 'Insecticidal', 'Antiangiogenic', 'Insect antennae response', 'Inhibition of Glycosidase', 'Inhibition of Myeloperoxodase', 'Cell growth inhbition', 'Anesthetic', 'Molluscicidal', 'Inhibition of Cathepsin V', 'Antinociceptive']]",doi_bioActivity
"['10.1515/znc-2008-5-611', 'Antitrypanosomal']","['10.1515/znc-2008-5-611', ['Antitrypanosomal', 'Antibacterial', 'Antileishmanial', 'Antiallergenic', 'Antimalarial', 'Antifungal', 'Cytotoxic', 'Inhibition of basal electron transport', 'Inhibition of phosphorylating electron transport', 'Inhibition of uncoupled electron transport', 'Inhibition of ATP synthesis', 'Inhibition of Acetylcholinesterase', 'Genotoxic', 'Mutagenic', 'Antioxidant', 'Insecticidal', 'Anxiolytic', 'Anticancer', 'Inhibition of Cathepsin B', 'Antichagasic', 'Inhibition of Cathepsin L', 'Inhibition of Protease', 'Antiviral', 'Insect antennae response', 'Anti-inflamatory', 'Antiangiogenic', 'Inhibition of Glycosidase', 'Inhibition of Myeloperoxodase', 'Cell growth inhbition', 'Anesthetic', 'Molluscicidal', 'Inhibition of Cathepsin V', 'Antinociceptive']]",doi_bioActivity
"['10.1021/cc100076k', 'Antitrypanosomal']","['10.1021/cc100076k', ['Anxiolytic', 'Inhibition of Acetylcholinesterase', 'Inhibition of Cathepsin B', 'Inhibition of Cathepsin L', 'Anticancer', 'Antichagasic', 'Antiallergenic', 'Antitrypanosomal', 'Antimalarial', 'Antifungal', 'Antioxidant', 'Cytotoxic', 'Antiviral', 'Inhibition of Protease', 'Inhibition of basal electron transport', 'Inhibition of phosphorylating electron transport', 'Inhibition of ATP synthesis', 'Inhibition of uncoupled electron transport', 'Antileishmanial', 'Anti-inflamatory', 'Antibacterial', 'Genotoxic', 'Mutagenic', 'Insecticidal', 'Antiangiogenic', 'Insect antennae response', 'Inhibition of Glycosidase', 'Inhibition of Myeloperoxodase', 'Cell growth inhbition', 'Anesthetic', 'Molluscicidal', 'Inhibition of Cathepsin V', 'Antinociceptive']]",doi_bioActivity
"['10.3390/molecules15129205', 'Inhibition of Acetylcholinesterase']","['10.3390/molecules15129205', ['Inhibition of Acetylcholinesterase', 'Antiallergenic', 'Antitrypanosomal', 'Anxiolytic', 'Antifungal', 'Antimalarial', 'Cytotoxic', 'Inhibition of Cathepsin B', 'Anticancer', 'Antichagasic', 'Inhibition of Cathepsin L', 'Antioxidant', 'Antileishmanial', 'Antiviral', 'Inhibition of Protease', 'Inhibition of basal electron transport', 'Inhibition of ATP synthesis', 'Inhibition of uncoupled electron transport', 'Inhibition of phosphorylating electron transport', 'Antibacterial', 'Anti-inflamatory', 'Genotoxic', 'Mutagenic', 'Insecticidal', 'Insect antennae response', 'Antiangiogenic', 'Inhibition of Glycosidase', 'Inhibition of Myeloperoxodase', 'Cell growth inhbition', 'Anesthetic', 'Molluscicidal', 'Inhibition of Cathepsin V', 'Antinociceptive']]",doi_bioActivity
"['10.1002/ps.478', 'Insecticidal']","['10.1002/ps.478', ['Antifungal', 'Antiallergenic', 'Cytotoxic', 'Antioxidant', 'Antitrypanosomal', 'Inhibition of Acetylcholinesterase', 'Antimalarial', 'Inhibition of phosphorylating electron transport', 'Inhibition of ATP synthesis', 'Inhibition of uncoupled electron transport', 'Inhibition of basal electron transport', 'Anxiolytic', 'Inhibition of Cathepsin B', 'Anticancer', 'Antichagasic', 'Inhibition of Cathepsin L', 'Antileishmanial', 'Anti-inflamatory', 'Antiviral', 'Inhibition of Protease', 'Antibacterial', 'Genotoxic', 'Mutagenic', 'Insecticidal', 'Antiangiogenic', 'Inhibition of Glycosidase', 'Insect antennae response', 'Inhibition of Myeloperoxodase', 'Cell growth inhbition', 'Anesthetic', 'Molluscicidal', 'Inhibition of Cathepsin V', 'Antinociceptive']]",doi_bioActivity
