true,restored,edge_type
"['10.1016/j.jpba.2012.08.028', 'Piper solmsianum']","['10.1016/j.jpba.2012.08.028', ['Eucalyptus maculata', 'Chimarrhis turbinata (Rubiaceae)', 'Casearia sylvestris (Flacourtiaceae)', 'Piper crassinervium (Piperaceae)', 'Pterogyne nitens (Fabaceae)', 'Swinglea glutinosa', 'Pilocarpus spicatus (Rutaceae)', 'Tocoyena formosa (Rubiaceae)', 'Raulinoa echinata (Rutaceae)', 'Maytenus aquifolium (Celastraceae)', 'Dimorphandra mollis', 'Zingiber officinale', 'Piper aduncum (Piperaceae)', 'Piper gaudichaudianum (Piperaceae)', 'Stemodia foliosa (Scrophulariaceae)', 'Alchornea glandulosa (Euphorbiaceae)', 'Vitex polygama (Verbenaceae)', 'Mycoleptodiscus indicus', 'Arrabidaea samydoides (Bignoniaceae)', 'Periconia atropurpurea (Annonaceae)', 'Murraya paniculata', 'Penicillium sp. (Trichocomaceae)', 'Casearia rupestris (Salicaeae)', 'Rapanea lancifolia (Myrsinaceae)', 'Piper hostmannianum (Piperaceae)', 'Piper tuberculatum (Piperaceae)', 'Piper arboreum (Piperaceae)', 'Citrus sinensis (Rutaceae)', 'Chrysophyllum marginatum (Sapotaceae)', 'Erythrina mulungu (Fabaceae)', 'Peperomia obtusifolia (Piperaceae)', 'Phomopsis sp. (Valsaceae)', 'Carapa guianensis', 'Alibertia edulis (Rubiaceae)', 'Hortia superba (Rutaceae)', 'Pilocarpus riedelianus', 'Fusarium oxysporum', 'Citrus sp. (Rutaceae)', 'Xylaria sp. (Xylariaceae)', 'Styrax ferrugineus (Styracaceae)', 'Cassia leptophylla (Fabaceae)', 'Esenbeckia leiocarpa', 'Piper hispidum (Piperaceae)', 'Ouratea multiflora (Ochnaceae)', 'Cassia spectabilis (Fabaceae)', 'Galipea bracteata (Rutaceae)', 'Iryanthera juruensis (Myristicaceae)', 'Almeidea rubra (Rutaceae)', 'Pilocarpus grandiflorus', 'Alibertia macrophylla (Rubiaceae)', 'Picramnia teapensis', 'Lantana lilacina (Verbenaceae)', 'Salacia campestris (Celastraceae)', 'Angostura paniculata (Rutaceae)', 'Senna spectabilis (Fabaceae)', 'Curvularia sp. (Pleosporaceae)', 'Phomopsis cassiae (Valsaceae)', 'Aspergillus terreus', 'Tithonia diversifolia', 'Peperomia blanda (Piperaceae)', 'Petiveria alliacea (Phytolaccaceae)', 'Siphoneugena densiflora (Myrtaceae)', 'Anacardium occidentale (Anacardiaceae)', 'Cnidoscolus vitifolius (Euphorbiaceae)', 'Ottonia corcovadensis (Piperaceae)', 'Adiscanthus fusciflorus', 'Nigrospora sphaerica', 'Styrax camporum (Styracaceae)', 'Chaetomium globosum', 'Rapanea umbellata,Myrsine cuneifolia (Myrsinaceae)', 'Swartzia langsdorfii (Fabaceae)', 'Cinnamomum australe (Lauraceae)', 'Himatanthus sucuuba (Apocynaceae)', 'Ricinus communis (Euphorbiaceae)', 'Colletotrichum gloeosporioides (Phyllachoraceae)', 'Coussarea hydrangeifolia (Rubiaceae)', 'Tocoyena brasiliensis (Rubiaceae)', 'Pothomorphe umbellata (Piperaceae)', 'Senna multijuga (Fabaceae)', 'Cabralea canjerana', 'Humicola grisea', 'Phoma betae', 'Maytenus ilicifolia (Celastraceae)', 'Croton zehntneri (Euphorbiaceae)', 'Amorpha fruticosa', 'Metrodorea stipularis', 'Hortia oreadica', 'Nectandra grandiflora (Lauraceae)', 'Trichilia claussenii (Meliaceae)', 'Toona ciliata (Meliacee)', 'Cedrela odorata (Meliaceae)', 'Michelia champaca (Magnoliaceae)', 'Tephrosia candida', 'Conchocarpus heterophyllus (Rutaceae)', 'Streptomyces sp.', 'Neoraputia magnifica (Rutaceae)', 'Alibertia sessilis (Rubiaceae)', 'Penicillium corylophilum', 'Rudgea viburnioides (Rubiaceae)', 'Trichilia elegans (Meliaceae)', 'Aspergillus fumigatus', 'Khaya ivorensis', 'Neoraputia alba (Rutaceae)', 'Piper solmsianum', 'Raulinoa echinata (Rutaceae), Swietenia macrophylla (Meliaceae)', 'Cedrela fruticosa (Meliaceae), Neoraputia magnifica (Rutaceae), Neoraputia alba (Rutaceae)', 'Trichilia pallida', 'Cheiloclinium cognatum (Hippocrateaceae)', 'Casearia obliqua (Flacourtiaceae)', 'Balfourodendron riedelianum (Rutaceae)', 'Vochysia thyrsoidea', 'Spiranthera odoratissima St. odoratissima (Rutaceae)', 'Cedrela fissilis', 'Dalbergia riparia', 'Calycophyllum spruceanum (Rubiaceae)']]",doi_collectionSpecie
"['10.1155/2013/835081', 'Streptomyces sp.']","['10.1155/2013/835081', ['Casearia sylvestris (Flacourtiaceae)', 'Eucalyptus maculata', 'Pterogyne nitens (Fabaceae)', 'Mycoleptodiscus indicus', 'Chimarrhis turbinata (Rubiaceae)', 'Tocoyena formosa (Rubiaceae)', 'Piper crassinervium (Piperaceae)', 'Dimorphandra mollis', 'Swinglea glutinosa', 'Raulinoa echinata (Rutaceae)', 'Zingiber officinale', 'Arrabidaea samydoides (Bignoniaceae)', 'Almeidea rubra (Rutaceae)', 'Stemodia foliosa (Scrophulariaceae)', 'Maytenus aquifolium (Celastraceae)', 'Vitex polygama (Verbenaceae)', 'Pilocarpus spicatus (Rutaceae)', 'Erythrina mulungu (Fabaceae)', 'Piper aduncum (Piperaceae)', 'Piper gaudichaudianum (Piperaceae)', 'Piper arboreum (Piperaceae)', 'Piper tuberculatum (Piperaceae)', 'Alchornea glandulosa (Euphorbiaceae)', 'Rapanea lancifolia (Myrsinaceae)', 'Citrus sinensis (Rutaceae)', 'Casearia rupestris (Salicaeae)', 'Piper hostmannianum (Piperaceae)', 'Phomopsis sp. (Valsaceae)', 'Esenbeckia leiocarpa', 'Fusarium oxysporum', 'Cassia spectabilis (Fabaceae)', 'Periconia atropurpurea (Annonaceae)', 'Carapa guianensis', 'Styrax ferrugineus (Styracaceae)', 'Peperomia obtusifolia (Piperaceae)', 'Hortia superba (Rutaceae)', 'Penicillium sp. (Trichocomaceae)', 'Lantana lilacina (Verbenaceae)', 'Chrysophyllum marginatum (Sapotaceae)', 'Alibertia edulis (Rubiaceae)', 'Citrus sp. (Rutaceae)', 'Piper hispidum (Piperaceae)', 'Murraya paniculata', 'Petiveria alliacea (Phytolaccaceae)', 'Cassia leptophylla (Fabaceae)', 'Ouratea multiflora (Ochnaceae)', 'Pilocarpus grandiflorus', 'Salacia campestris (Celastraceae)', 'Phomopsis cassiae (Valsaceae)', 'Xylaria sp. (Xylariaceae)', 'Pilocarpus riedelianus', 'Peperomia blanda (Piperaceae)', 'Picramnia teapensis', 'Galipea bracteata (Rutaceae)', 'Angostura paniculata (Rutaceae)', 'Anacardium occidentale (Anacardiaceae)', 'Tithonia diversifolia', 'Aspergillus terreus', 'Iryanthera juruensis (Myristicaceae)', 'Siphoneugena densiflora (Myrtaceae)', 'Curvularia sp. (Pleosporaceae)', 'Nigrospora sphaerica', 'Alibertia macrophylla (Rubiaceae)', 'Senna spectabilis (Fabaceae)', 'Cnidoscolus vitifolius (Euphorbiaceae)', 'Ottonia corcovadensis (Piperaceae)', 'Adiscanthus fusciflorus', 'Styrax camporum (Styracaceae)', 'Chaetomium globosum', 'Rapanea umbellata,Myrsine cuneifolia (Myrsinaceae)', 'Swartzia langsdorfii (Fabaceae)', 'Cinnamomum australe (Lauraceae)', 'Himatanthus sucuuba (Apocynaceae)', 'Ricinus communis (Euphorbiaceae)', 'Colletotrichum gloeosporioides (Phyllachoraceae)', 'Coussarea hydrangeifolia (Rubiaceae)', 'Tocoyena brasiliensis (Rubiaceae)', 'Pothomorphe umbellata (Piperaceae)', 'Senna multijuga (Fabaceae)', 'Cabralea canjerana', 'Humicola grisea', 'Phoma betae', 'Maytenus ilicifolia (Celastraceae)', 'Croton zehntneri (Euphorbiaceae)', 'Amorpha fruticosa', 'Metrodorea stipularis', 'Hortia oreadica', 'Nectandra grandiflora (Lauraceae)', 'Trichilia claussenii (Meliaceae)', 'Toona ciliata (Meliacee)', 'Cedrela odorata (Meliaceae)', 'Michelia champaca (Magnoliaceae)', 'Tephrosia candida', 'Conchocarpus heterophyllus (Rutaceae)', 'Streptomyces sp.', 'Neoraputia magnifica (Rutaceae)', 'Alibertia sessilis (Rubiaceae)', 'Penicillium corylophilum', 'Rudgea viburnioides (Rubiaceae)', 'Trichilia elegans (Meliaceae)', 'Aspergillus fumigatus', 'Khaya ivorensis', 'Neoraputia alba (Rutaceae)', 'Piper solmsianum', 'Raulinoa echinata (Rutaceae), Swietenia macrophylla (Meliaceae)', 'Cedrela fruticosa (Meliaceae), Neoraputia magnifica (Rutaceae), Neoraputia alba (Rutaceae)', 'Trichilia pallida', 'Cheiloclinium cognatum (Hippocrateaceae)', 'Casearia obliqua (Flacourtiaceae)', 'Balfourodendron riedelianum (Rutaceae)', 'Vochysia thyrsoidea', 'Spiranthera odoratissima St. odoratissima (Rutaceae)', 'Cedrela fissilis', 'Dalbergia riparia', 'Calycophyllum spruceanum (Rubiaceae)']]",doi_collectionSpecie
"['10.1016/S0031-9422(97)00238-0', 'Tocoyena formosa (Rubiaceae)']","['10.1016/S0031-9422(97)00238-0', ['Eucalyptus maculata', 'Tocoyena formosa (Rubiaceae)', 'Murraya paniculata', 'Galipea bracteata (Rutaceae)', 'Pterogyne nitens (Fabaceae)', 'Penicillium sp. (Trichocomaceae)', 'Periconia atropurpurea (Annonaceae)', 'Angostura paniculata (Rutaceae)', 'Chimarrhis turbinata (Rubiaceae)', 'Swinglea glutinosa', 'Casearia sylvestris (Flacourtiaceae)', 'Arrabidaea samydoides (Bignoniaceae)', 'Cassia leptophylla (Fabaceae)', 'Vitex polygama (Verbenaceae)', 'Piper hispidum (Piperaceae)', 'Iryanthera juruensis (Myristicaceae)', 'Alibertia macrophylla (Rubiaceae)', 'Maytenus aquifolium (Celastraceae)', 'Piper arboreum (Piperaceae)', 'Piper tuberculatum (Piperaceae)', 'Stemodia foliosa (Scrophulariaceae)', 'Piper crassinervium (Piperaceae)', 'Xylaria sp. (Xylariaceae)', 'Styrax ferrugineus (Styracaceae)', 'Dimorphandra mollis', 'Citrus sinensis (Rutaceae)', 'Chrysophyllum marginatum (Sapotaceae)', 'Alibertia edulis (Rubiaceae)', 'Mycoleptodiscus indicus', 'Esenbeckia leiocarpa', 'Piper aduncum (Piperaceae)', 'Piper gaudichaudianum (Piperaceae)', 'Hortia superba (Rutaceae)', 'Phomopsis cassiae (Valsaceae)', 'Zingiber officinale', 'Raulinoa echinata (Rutaceae)', 'Casearia rupestris (Salicaeae)', 'Pilocarpus grandiflorus', 'Ouratea multiflora (Ochnaceae)', 'Peperomia blanda (Piperaceae)', 'Phomopsis sp. (Valsaceae)', 'Salacia campestris (Celastraceae)', 'Alchornea glandulosa (Euphorbiaceae)', 'Picramnia teapensis', 'Erythrina mulungu (Fabaceae)', 'Cnidoscolus vitifolius (Euphorbiaceae)', 'Rapanea lancifolia (Myrsinaceae)', 'Piper hostmannianum (Piperaceae)', 'Peperomia obtusifolia (Piperaceae)', 'Petiveria alliacea (Phytolaccaceae)', 'Curvularia sp. (Pleosporaceae)', 'Carapa guianensis', 'Almeidea rubra (Rutaceae)', 'Cassia spectabilis (Fabaceae)', 'Ottonia corcovadensis (Piperaceae)', 'Pilocarpus spicatus (Rutaceae)', 'Siphoneugena densiflora (Myrtaceae)', 'Pilocarpus riedelianus', 'Anacardium occidentale (Anacardiaceae)', 'Fusarium oxysporum', 'Styrax camporum (Styracaceae)', 'Citrus sp. (Rutaceae)', 'Senna spectabilis (Fabaceae)', 'Aspergillus terreus', 'Tithonia diversifolia', 'Lantana lilacina (Verbenaceae)', 'Adiscanthus fusciflorus', 'Chaetomium globosum', 'Rapanea umbellata,Myrsine cuneifolia (Myrsinaceae)', 'Himatanthus sucuuba (Apocynaceae)', 'Nigrospora sphaerica', 'Swartzia langsdorfii (Fabaceae)', 'Cinnamomum australe (Lauraceae)', 'Ricinus communis (Euphorbiaceae)', 'Colletotrichum gloeosporioides (Phyllachoraceae)', 'Coussarea hydrangeifolia (Rubiaceae)', 'Tocoyena brasiliensis (Rubiaceae)', 'Pothomorphe umbellata (Piperaceae)', 'Senna multijuga (Fabaceae)', 'Cabralea canjerana', 'Humicola grisea', 'Phoma betae', 'Maytenus ilicifolia (Celastraceae)', 'Croton zehntneri (Euphorbiaceae)', 'Amorpha fruticosa', 'Metrodorea stipularis', 'Hortia oreadica', 'Nectandra grandiflora (Lauraceae)', 'Trichilia claussenii (Meliaceae)', 'Toona ciliata (Meliacee)', 'Cedrela odorata (Meliaceae)', 'Michelia champaca (Magnoliaceae)', 'Tephrosia candida', 'Conchocarpus heterophyllus (Rutaceae)', 'Streptomyces sp.', 'Neoraputia magnifica (Rutaceae)', 'Alibertia sessilis (Rubiaceae)', 'Penicillium corylophilum', 'Rudgea viburnioides (Rubiaceae)', 'Trichilia elegans (Meliaceae)', 'Aspergillus fumigatus', 'Khaya ivorensis', 'Neoraputia alba (Rutaceae)', 'Piper solmsianum', 'Raulinoa echinata (Rutaceae), Swietenia macrophylla (Meliaceae)', 'Cedrela fruticosa (Meliaceae), Neoraputia magnifica (Rutaceae), Neoraputia alba (Rutaceae)', 'Trichilia pallida', 'Cheiloclinium cognatum (Hippocrateaceae)', 'Casearia obliqua (Flacourtiaceae)', 'Balfourodendron riedelianum (Rutaceae)', 'Vochysia thyrsoidea', 'Spiranthera odoratissima St. odoratissima (Rutaceae)', 'Cedrela fissilis', 'Dalbergia riparia', 'Calycophyllum spruceanum (Rubiaceae)']]",doi_collectionSpecie
"['10.5935/0103-5053.19930018', 'Neoraputia alba (Rutaceae)']","['10.5935/0103-5053.19930018', ['Galipea bracteata (Rutaceae)', 'Iryanthera juruensis (Myristicaceae)', 'Anacardium occidentale (Anacardiaceae)', 'Ricinus communis (Euphorbiaceae)', 'Styrax ferrugineus (Styracaceae)', 'Citrus sinensis (Rutaceae)', 'Erythrina mulungu (Fabaceae)', 'Angostura paniculata (Rutaceae)', 'Metrodorea stipularis', 'Piper hostmannianum (Piperaceae)', 'Picramnia teapensis', 'Citrus sp. (Rutaceae)', 'Cassia leptophylla (Fabaceae)', 'Siphoneugena densiflora (Myrtaceae)', 'Piper aduncum (Piperaceae)', 'Amorpha fruticosa', 'Tephrosia candida', 'Stemodia foliosa (Scrophulariaceae)', 'Maytenus ilicifolia (Celastraceae)', 'Croton zehntneri (Euphorbiaceae)', 'Swinglea glutinosa', 'Phoma betae', 'Rapanea lancifolia (Myrsinaceae)', 'Humicola grisea', 'Conchocarpus heterophyllus (Rutaceae)', 'Hortia superba (Rutaceae)', 'Chrysophyllum marginatum (Sapotaceae)', 'Peperomia blanda (Piperaceae)', 'Almeidea rubra (Rutaceae)', 'Streptomyces sp.', 'Neoraputia magnifica (Rutaceae)', 'Alibertia macrophylla (Rubiaceae)', 'Aspergillus terreus', 'Michelia champaca (Magnoliaceae)', 'Lantana lilacina (Verbenaceae)', 'Casearia sylvestris (Flacourtiaceae)', 'Cedrela odorata (Meliaceae)', 'Toona ciliata (Meliacee)', 'Curvularia sp. (Pleosporaceae)', 'Trichilia claussenii (Meliaceae)', 'Piper tuberculatum (Piperaceae)', 'Ottonia corcovadensis (Piperaceae)', 'Pterogyne nitens (Fabaceae)', 'Pilocarpus grandiflorus', 'Nectandra grandiflora (Lauraceae)', 'Esenbeckia leiocarpa', 'Eucalyptus maculata', 'Chimarrhis turbinata (Rubiaceae)', 'Hortia oreadica', 'Pothomorphe umbellata (Piperaceae)', 'Piper arboreum (Piperaceae)', 'Tocoyena brasiliensis (Rubiaceae)', 'Cabralea canjerana', 'Alchornea glandulosa (Euphorbiaceae)', 'Himatanthus sucuuba (Apocynaceae)', 'Vitex polygama (Verbenaceae)', 'Penicillium sp. (Trichocomaceae)', 'Senna multijuga (Fabaceae)', 'Coussarea hydrangeifolia (Rubiaceae)', 'Swartzia langsdorfii (Fabaceae)', 'Colletotrichum gloeosporioides (Phyllachoraceae)', 'Casearia rupestris (Salicaeae)', 'Tocoyena formosa (Rubiaceae)', 'Petiveria alliacea (Phytolaccaceae)', 'Cheiloclinium cognatum (Hippocrateaceae)', 'Mycoleptodiscus indicus', 'Tithonia diversifolia', 'Zingiber officinale', 'Maytenus aquifolium (Celastraceae)', 'Pilocarpus riedelianus', 'Trichilia pallida', 'Senna spectabilis (Fabaceae)', 'Raulinoa echinata (Rutaceae), Swietenia macrophylla (Meliaceae)', 'Cedrela fruticosa (Meliaceae), Neoraputia magnifica (Rutaceae), Neoraputia alba (Rutaceae)', 'Periconia atropurpurea (Annonaceae)', 'Salacia campestris (Celastraceae)', 'Alibertia edulis (Rubiaceae)', 'Neoraputia alba (Rutaceae)', 'Piper solmsianum', 'Arrabidaea samydoides (Bignoniaceae)', 'Ouratea multiflora (Ochnaceae)', 'Khaya ivorensis', 'Cinnamomum australe (Lauraceae)', 'Xylaria sp. (Xylariaceae)', 'Aspergillus fumigatus', 'Cnidoscolus vitifolius (Euphorbiaceae)', 'Trichilia elegans (Meliaceae)', 'Fusarium oxysporum', 'Murraya paniculata', 'Raulinoa echinata (Rutaceae)', 'Pilocarpus spicatus (Rutaceae)', 'Rudgea viburnioides (Rubiaceae)', 'Alibertia sessilis (Rubiaceae)', 'Penicillium corylophilum', 'Chaetomium globosum', 'Adiscanthus fusciflorus', 'Vochysia thyrsoidea', 'Peperomia obtusifolia (Piperaceae)', 'Dimorphandra mollis', 'Piper hispidum (Piperaceae)', 'Casearia obliqua (Flacourtiaceae)', 'Spiranthera odoratissima St. odoratissima (Rutaceae)', 'Rapanea umbellata,Myrsine cuneifolia (Myrsinaceae)', 'Styrax camporum (Styracaceae)', 'Phomopsis sp. (Valsaceae)', 'Balfourodendron riedelianum (Rutaceae)', 'Piper gaudichaudianum (Piperaceae)', 'Carapa guianensis', 'Nigrospora sphaerica', 'Dalbergia riparia', 'Cassia spectabilis (Fabaceae)', 'Cedrela fissilis', 'Calycophyllum spruceanum (Rubiaceae)', 'Piper crassinervium (Piperaceae)', 'Phomopsis cassiae (Valsaceae)']]",doi_collectionSpecie
"['10.1590/S0100-40422010000900005', 'Trichilia claussenii (Meliaceae)']","['10.1590/S0100-40422010000900005', ['Cinnamomum australe (Lauraceae)', 'Swartzia langsdorfii (Fabaceae)', 'Chaetomium globosum', 'Himatanthus sucuuba (Apocynaceae)', 'Styrax camporum (Styracaceae)', 'Rapanea umbellata,Myrsine cuneifolia (Myrsinaceae)', 'Xylaria sp. (Xylariaceae)', 'Pterogyne nitens (Fabaceae)', 'Eucalyptus maculata', 'Tocoyena formosa (Rubiaceae)', 'Rapanea lancifolia (Myrsinaceae)', 'Chrysophyllum marginatum (Sapotaceae)', 'Fusarium oxysporum', 'Pilocarpus riedelianus', 'Piper crassinervium (Piperaceae)', 'Chimarrhis turbinata (Rubiaceae)', 'Dimorphandra mollis', 'Murraya paniculata', 'Maytenus aquifolium (Celastraceae)', 'Phomopsis sp. (Valsaceae)', 'Casearia sylvestris (Flacourtiaceae)', 'Alchornea glandulosa (Euphorbiaceae)', 'Vitex polygama (Verbenaceae)', 'Carapa guianensis', 'Ricinus communis (Euphorbiaceae)', 'Citrus sinensis (Rutaceae)', 'Citrus sp. (Rutaceae)', 'Pilocarpus grandiflorus', 'Alibertia edulis (Rubiaceae)', 'Raulinoa echinata (Rutaceae)', 'Piper hostmannianum (Piperaceae)', 'Swinglea glutinosa', 'Piper tuberculatum (Piperaceae)', 'Piper arboreum (Piperaceae)', 'Piper gaudichaudianum (Piperaceae)', 'Piper aduncum (Piperaceae)', 'Stemodia foliosa (Scrophulariaceae)', 'Erythrina mulungu (Fabaceae)', 'Esenbeckia leiocarpa', 'Salacia campestris (Celastraceae)', 'Pilocarpus spicatus (Rutaceae)', 'Peperomia obtusifolia (Piperaceae)', 'Hortia superba (Rutaceae)', 'Zingiber officinale', 'Cnidoscolus vitifolius (Euphorbiaceae)', 'Cassia leptophylla (Fabaceae)', 'Styrax ferrugineus (Styracaceae)', 'Adiscanthus fusciflorus', 'Arrabidaea samydoides (Bignoniaceae)', 'Piper hispidum (Piperaceae)', 'Mycoleptodiscus indicus', 'Phomopsis cassiae (Valsaceae)', 'Alibertia macrophylla (Rubiaceae)', 'Peperomia blanda (Piperaceae)', 'Almeidea rubra (Rutaceae)', 'Periconia atropurpurea (Annonaceae)', 'Curvularia sp. (Pleosporaceae)', 'Ouratea multiflora (Ochnaceae)', 'Casearia rupestris (Salicaeae)', 'Picramnia teapensis', 'Anacardium occidentale (Anacardiaceae)', 'Galipea bracteata (Rutaceae)', 'Siphoneugena densiflora (Myrtaceae)', 'Iryanthera juruensis (Myristicaceae)', 'Penicillium sp. (Trichocomaceae)', 'Cassia spectabilis (Fabaceae)', 'Angostura paniculata (Rutaceae)', 'Lantana lilacina (Verbenaceae)', 'Ottonia corcovadensis (Piperaceae)', 'Senna spectabilis (Fabaceae)', 'Tithonia diversifolia', 'Aspergillus terreus', 'Petiveria alliacea (Phytolaccaceae)', 'Nigrospora sphaerica', 'Colletotrichum gloeosporioides (Phyllachoraceae)', 'Coussarea hydrangeifolia (Rubiaceae)', 'Tocoyena brasiliensis (Rubiaceae)', 'Pothomorphe umbellata (Piperaceae)', 'Senna multijuga (Fabaceae)', 'Cabralea canjerana', 'Humicola grisea', 'Phoma betae', 'Maytenus ilicifolia (Celastraceae)', 'Croton zehntneri (Euphorbiaceae)', 'Amorpha fruticosa', 'Metrodorea stipularis', 'Hortia oreadica', 'Nectandra grandiflora (Lauraceae)', 'Trichilia claussenii (Meliaceae)', 'Toona ciliata (Meliacee)', 'Cedrela odorata (Meliaceae)', 'Michelia champaca (Magnoliaceae)', 'Tephrosia candida', 'Conchocarpus heterophyllus (Rutaceae)', 'Streptomyces sp.', 'Neoraputia magnifica (Rutaceae)', 'Alibertia sessilis (Rubiaceae)', 'Penicillium corylophilum', 'Rudgea viburnioides (Rubiaceae)', 'Trichilia elegans (Meliaceae)', 'Aspergillus fumigatus', 'Khaya ivorensis', 'Neoraputia alba (Rutaceae)', 'Piper solmsianum', 'Raulinoa echinata (Rutaceae), Swietenia macrophylla (Meliaceae)', 'Cedrela fruticosa (Meliaceae), Neoraputia magnifica (Rutaceae), Neoraputia alba (Rutaceae)', 'Trichilia pallida', 'Cheiloclinium cognatum (Hippocrateaceae)', 'Casearia obliqua (Flacourtiaceae)', 'Balfourodendron riedelianum (Rutaceae)', 'Vochysia thyrsoidea', 'Spiranthera odoratissima St. odoratissima (Rutaceae)', 'Cedrela fissilis', 'Dalbergia riparia', 'Calycophyllum spruceanum (Rubiaceae)']]",doi_collectionSpecie
"['10.1590/S0103-50532005000800026', 'Aspergillus fumigatus']","['10.1590/S0103-50532005000800026', ['Raulinoa echinata (Rutaceae)', 'Eucalyptus maculata', 'Chimarrhis turbinata (Rubiaceae)', 'Tocoyena formosa (Rubiaceae)', 'Cassia leptophylla (Fabaceae)', 'Murraya paniculata', 'Galipea bracteata (Rutaceae)', 'Maytenus aquifolium (Celastraceae)', 'Pterogyne nitens (Fabaceae)', 'Swinglea glutinosa', 'Mycoleptodiscus indicus', 'Piper crassinervium (Piperaceae)', 'Casearia sylvestris (Flacourtiaceae)', 'Citrus sinensis (Rutaceae)', 'Lantana lilacina (Verbenaceae)', 'Hortia superba (Rutaceae)', 'Stemodia foliosa (Scrophulariaceae)', 'Vitex polygama (Verbenaceae)', 'Periconia atropurpurea (Annonaceae)', 'Arrabidaea samydoides (Bignoniaceae)', 'Piper gaudichaudianum (Piperaceae)', 'Piper aduncum (Piperaceae)', 'Pilocarpus spicatus (Rutaceae)', 'Casearia rupestris (Salicaeae)', 'Zingiber officinale', 'Penicillium sp. (Trichocomaceae)', 'Piper hispidum (Piperaceae)', 'Alchornea glandulosa (Euphorbiaceae)', 'Dimorphandra mollis', 'Angostura paniculata (Rutaceae)', 'Phomopsis sp. (Valsaceae)', 'Pilocarpus grandiflorus', 'Styrax ferrugineus (Styracaceae)', 'Esenbeckia leiocarpa', 'Alibertia macrophylla (Rubiaceae)', 'Piper hostmannianum (Piperaceae)', 'Chrysophyllum marginatum (Sapotaceae)', 'Ottonia corcovadensis (Piperaceae)', 'Xylaria sp. (Xylariaceae)', 'Piper tuberculatum (Piperaceae)', 'Piper arboreum (Piperaceae)', 'Phomopsis cassiae (Valsaceae)', 'Rapanea lancifolia (Myrsinaceae)', 'Peperomia blanda (Piperaceae)', 'Iryanthera juruensis (Myristicaceae)', 'Curvularia sp. (Pleosporaceae)', 'Alibertia edulis (Rubiaceae)', 'Cassia spectabilis (Fabaceae)', 'Erythrina mulungu (Fabaceae)', 'Almeidea rubra (Rutaceae)', 'Peperomia obtusifolia (Piperaceae)', 'Carapa guianensis', 'Petiveria alliacea (Phytolaccaceae)', 'Cnidoscolus vitifolius (Euphorbiaceae)', 'Ouratea multiflora (Ochnaceae)', 'Pilocarpus riedelianus', 'Citrus sp. (Rutaceae)', 'Salacia campestris (Celastraceae)', 'Senna spectabilis (Fabaceae)', 'Picramnia teapensis', 'Anacardium occidentale (Anacardiaceae)', 'Siphoneugena densiflora (Myrtaceae)', 'Fusarium oxysporum', 'Adiscanthus fusciflorus', 'Tithonia diversifolia', 'Aspergillus terreus', 'Styrax camporum (Styracaceae)', 'Chaetomium globosum', 'Nigrospora sphaerica', 'Swartzia langsdorfii (Fabaceae)', 'Rapanea umbellata,Myrsine cuneifolia (Myrsinaceae)', 'Himatanthus sucuuba (Apocynaceae)', 'Cinnamomum australe (Lauraceae)', 'Ricinus communis (Euphorbiaceae)', 'Colletotrichum gloeosporioides (Phyllachoraceae)', 'Coussarea hydrangeifolia (Rubiaceae)', 'Tocoyena brasiliensis (Rubiaceae)', 'Pothomorphe umbellata (Piperaceae)', 'Senna multijuga (Fabaceae)', 'Cabralea canjerana', 'Humicola grisea', 'Phoma betae', 'Maytenus ilicifolia (Celastraceae)', 'Croton zehntneri (Euphorbiaceae)', 'Amorpha fruticosa', 'Metrodorea stipularis', 'Hortia oreadica', 'Nectandra grandiflora (Lauraceae)', 'Trichilia claussenii (Meliaceae)', 'Toona ciliata (Meliacee)', 'Cedrela odorata (Meliaceae)', 'Michelia champaca (Magnoliaceae)', 'Tephrosia candida', 'Conchocarpus heterophyllus (Rutaceae)', 'Streptomyces sp.', 'Neoraputia magnifica (Rutaceae)', 'Alibertia sessilis (Rubiaceae)', 'Penicillium corylophilum', 'Rudgea viburnioides (Rubiaceae)', 'Trichilia elegans (Meliaceae)', 'Aspergillus fumigatus', 'Khaya ivorensis', 'Neoraputia alba (Rutaceae)', 'Piper solmsianum', 'Raulinoa echinata (Rutaceae), Swietenia macrophylla (Meliaceae)', 'Cedrela fruticosa (Meliaceae), Neoraputia magnifica (Rutaceae), Neoraputia alba (Rutaceae)', 'Trichilia pallida', 'Cheiloclinium cognatum (Hippocrateaceae)', 'Casearia obliqua (Flacourtiaceae)', 'Balfourodendron riedelianum (Rutaceae)', 'Vochysia thyrsoidea', 'Spiranthera odoratissima St. odoratissima (Rutaceae)', 'Cedrela fissilis', 'Dalbergia riparia', 'Calycophyllum spruceanum (Rubiaceae)']]",doi_collectionSpecie
"['10.1016/j.bse.2006.06.007', 'Colletotrichum gloeosporioides (Phyllachoraceae)']","['10.1016/j.bse.2006.06.007', ['Piper aduncum (Piperaceae)', 'Piper gaudichaudianum (Piperaceae)', 'Raulinoa echinata (Rutaceae)', 'Piper hostmannianum (Piperaceae)', 'Cnidoscolus vitifolius (Euphorbiaceae)', 'Phomopsis sp. (Valsaceae)', 'Curvularia sp. (Pleosporaceae)', 'Peperomia blanda (Piperaceae)', 'Piper crassinervium (Piperaceae)', 'Swinglea glutinosa', 'Pilocarpus riedelianus', 'Senna spectabilis (Fabaceae)', 'Chimarrhis turbinata (Rubiaceae)', 'Alchornea glandulosa (Euphorbiaceae)', 'Rapanea lancifolia (Myrsinaceae)', 'Phomopsis cassiae (Valsaceae)', 'Salacia campestris (Celastraceae)', 'Pilocarpus spicatus (Rutaceae)', 'Tocoyena formosa (Rubiaceae)', 'Citrus sp. (Rutaceae)', 'Piper arboreum (Piperaceae)', 'Piper tuberculatum (Piperaceae)', 'Pterogyne nitens (Fabaceae)', 'Chrysophyllum marginatum (Sapotaceae)', 'Citrus sinensis (Rutaceae)', 'Adiscanthus fusciflorus', 'Eucalyptus maculata', 'Piper hispidum (Piperaceae)', 'Cassia spectabilis (Fabaceae)', 'Murraya paniculata', 'Alibertia macrophylla (Rubiaceae)', 'Maytenus aquifolium (Celastraceae)', 'Periconia atropurpurea (Annonaceae)', 'Ouratea multiflora (Ochnaceae)', 'Stemodia foliosa (Scrophulariaceae)', 'Casearia sylvestris (Flacourtiaceae)', 'Peperomia obtusifolia (Piperaceae)', 'Almeidea rubra (Rutaceae)', 'Arrabidaea samydoides (Bignoniaceae)', 'Alibertia edulis (Rubiaceae)', 'Iryanthera juruensis (Myristicaceae)', 'Xylaria sp. (Xylariaceae)', 'Fusarium oxysporum', 'Picramnia teapensis', 'Penicillium sp. (Trichocomaceae)', 'Lantana lilacina (Verbenaceae)', 'Vitex polygama (Verbenaceae)', 'Pilocarpus grandiflorus', 'Carapa guianensis', 'Zingiber officinale', 'Swartzia langsdorfii (Fabaceae)', 'Ottonia corcovadensis (Piperaceae)', 'Styrax ferrugineus (Styracaceae)', 'Siphoneugena densiflora (Myrtaceae)', 'Casearia rupestris (Salicaeae)', 'Dimorphandra mollis', 'Hortia superba (Rutaceae)', 'Chaetomium globosum', 'Cassia leptophylla (Fabaceae)', 'Cinnamomum australe (Lauraceae)', 'Mycoleptodiscus indicus', 'Petiveria alliacea (Phytolaccaceae)', 'Aspergillus terreus', 'Tithonia diversifolia', 'Rapanea umbellata,Myrsine cuneifolia (Myrsinaceae)', 'Styrax camporum (Styracaceae)', 'Galipea bracteata (Rutaceae)', 'Esenbeckia leiocarpa', 'Anacardium occidentale (Anacardiaceae)', 'Erythrina mulungu (Fabaceae)', 'Angostura paniculata (Rutaceae)', 'Nigrospora sphaerica', 'Himatanthus sucuuba (Apocynaceae)', 'Ricinus communis (Euphorbiaceae)', 'Colletotrichum gloeosporioides (Phyllachoraceae)', 'Coussarea hydrangeifolia (Rubiaceae)', 'Tocoyena brasiliensis (Rubiaceae)', 'Pothomorphe umbellata (Piperaceae)', 'Senna multijuga (Fabaceae)', 'Cabralea canjerana', 'Humicola grisea', 'Phoma betae', 'Maytenus ilicifolia (Celastraceae)', 'Croton zehntneri (Euphorbiaceae)', 'Amorpha fruticosa', 'Metrodorea stipularis', 'Hortia oreadica', 'Nectandra grandiflora (Lauraceae)', 'Trichilia claussenii (Meliaceae)', 'Toona ciliata (Meliacee)', 'Cedrela odorata (Meliaceae)', 'Michelia champaca (Magnoliaceae)', 'Tephrosia candida', 'Conchocarpus heterophyllus (Rutaceae)', 'Streptomyces sp.', 'Neoraputia magnifica (Rutaceae)', 'Alibertia sessilis (Rubiaceae)', 'Penicillium corylophilum', 'Rudgea viburnioides (Rubiaceae)', 'Trichilia elegans (Meliaceae)', 'Aspergillus fumigatus', 'Khaya ivorensis', 'Neoraputia alba (Rutaceae)', 'Piper solmsianum', 'Raulinoa echinata (Rutaceae), Swietenia macrophylla (Meliaceae)', 'Cedrela fruticosa (Meliaceae), Neoraputia magnifica (Rutaceae), Neoraputia alba (Rutaceae)', 'Trichilia pallida', 'Cheiloclinium cognatum (Hippocrateaceae)', 'Casearia obliqua (Flacourtiaceae)', 'Balfourodendron riedelianum (Rutaceae)', 'Vochysia thyrsoidea', 'Spiranthera odoratissima St. odoratissima (Rutaceae)', 'Cedrela fissilis', 'Dalbergia riparia', 'Calycophyllum spruceanum (Rubiaceae)']]",doi_collectionSpecie
"['10.1021/np900644x', 'Senna multijuga (Fabaceae)']","['10.1021/np900644x', ['Almeidea rubra (Rutaceae)', 'Eucalyptus maculata', 'Arrabidaea samydoides (Bignoniaceae)', 'Pterogyne nitens (Fabaceae)', 'Tocoyena formosa (Rubiaceae)', 'Swinglea glutinosa', 'Casearia sylvestris (Flacourtiaceae)', 'Chimarrhis turbinata (Rubiaceae)', 'Vitex polygama (Verbenaceae)', 'Piper arboreum (Piperaceae)', 'Piper tuberculatum (Piperaceae)', 'Piper hispidum (Piperaceae)', 'Mycoleptodiscus indicus', 'Peperomia blanda (Piperaceae)', 'Phomopsis cassiae (Valsaceae)', 'Piper crassinervium (Piperaceae)', 'Dimorphandra mollis', 'Phomopsis sp. (Valsaceae)', 'Raulinoa echinata (Rutaceae)', 'Erythrina mulungu (Fabaceae)', 'Stemodia foliosa (Scrophulariaceae)', 'Zingiber officinale', 'Esenbeckia leiocarpa', 'Citrus sinensis (Rutaceae)', 'Alchornea glandulosa (Euphorbiaceae)', 'Salacia campestris (Celastraceae)', 'Penicillium sp. (Trichocomaceae)', 'Piper aduncum (Piperaceae)', 'Piper gaudichaudianum (Piperaceae)', 'Maytenus aquifolium (Celastraceae)', 'Cassia spectabilis (Fabaceae)', 'Hortia superba (Rutaceae)', 'Alibertia edulis (Rubiaceae)', 'Chrysophyllum marginatum (Sapotaceae)', 'Styrax ferrugineus (Styracaceae)', 'Murraya paniculata', 'Periconia atropurpurea (Annonaceae)', 'Rapanea lancifolia (Myrsinaceae)', 'Piper hostmannianum (Piperaceae)', 'Siphoneugena densiflora (Myrtaceae)', 'Carapa guianensis', 'Pilocarpus grandiflorus', 'Citrus sp. (Rutaceae)', 'Xylaria sp. (Xylariaceae)', 'Cassia leptophylla (Fabaceae)', 'Casearia rupestris (Salicaeae)', 'Peperomia obtusifolia (Piperaceae)', 'Angostura paniculata (Rutaceae)', 'Pilocarpus riedelianus', 'Petiveria alliacea (Phytolaccaceae)', 'Fusarium oxysporum', 'Ouratea multiflora (Ochnaceae)', 'Pilocarpus spicatus (Rutaceae)', 'Tithonia diversifolia', 'Aspergillus terreus', 'Iryanthera juruensis (Myristicaceae)', 'Picramnia teapensis', 'Anacardium occidentale (Anacardiaceae)', 'Curvularia sp. (Pleosporaceae)', 'Galipea bracteata (Rutaceae)', 'Lantana lilacina (Verbenaceae)', 'Cnidoscolus vitifolius (Euphorbiaceae)', 'Nigrospora sphaerica', 'Senna spectabilis (Fabaceae)', 'Ottonia corcovadensis (Piperaceae)', 'Alibertia macrophylla (Rubiaceae)', 'Adiscanthus fusciflorus', 'Styrax camporum (Styracaceae)', 'Chaetomium globosum', 'Rapanea umbellata,Myrsine cuneifolia (Myrsinaceae)', 'Himatanthus sucuuba (Apocynaceae)', 'Swartzia langsdorfii (Fabaceae)', 'Cinnamomum australe (Lauraceae)', 'Ricinus communis (Euphorbiaceae)', 'Colletotrichum gloeosporioides (Phyllachoraceae)', 'Coussarea hydrangeifolia (Rubiaceae)', 'Tocoyena brasiliensis (Rubiaceae)', 'Pothomorphe umbellata (Piperaceae)', 'Senna multijuga (Fabaceae)', 'Cabralea canjerana', 'Humicola grisea', 'Phoma betae', 'Maytenus ilicifolia (Celastraceae)', 'Croton zehntneri (Euphorbiaceae)', 'Amorpha fruticosa', 'Metrodorea stipularis', 'Hortia oreadica', 'Nectandra grandiflora (Lauraceae)', 'Trichilia claussenii (Meliaceae)', 'Toona ciliata (Meliacee)', 'Cedrela odorata (Meliaceae)', 'Michelia champaca (Magnoliaceae)', 'Tephrosia candida', 'Conchocarpus heterophyllus (Rutaceae)', 'Streptomyces sp.', 'Neoraputia magnifica (Rutaceae)', 'Alibertia sessilis (Rubiaceae)', 'Penicillium corylophilum', 'Rudgea viburnioides (Rubiaceae)', 'Trichilia elegans (Meliaceae)', 'Aspergillus fumigatus', 'Khaya ivorensis', 'Neoraputia alba (Rutaceae)', 'Piper solmsianum', 'Raulinoa echinata (Rutaceae), Swietenia macrophylla (Meliaceae)', 'Cedrela fruticosa (Meliaceae), Neoraputia magnifica (Rutaceae), Neoraputia alba (Rutaceae)', 'Trichilia pallida', 'Cheiloclinium cognatum (Hippocrateaceae)', 'Casearia obliqua (Flacourtiaceae)', 'Balfourodendron riedelianum (Rutaceae)', 'Vochysia thyrsoidea', 'Spiranthera odoratissima St. odoratissima (Rutaceae)', 'Cedrela fissilis', 'Dalbergia riparia', 'Calycophyllum spruceanum (Rubiaceae)']]",doi_collectionSpecie
"['10.1021/np500453x', 'Metrodorea stipularis']","['10.1021/np500453x', ['Eucalyptus maculata', 'Casearia sylvestris (Flacourtiaceae)', 'Swinglea glutinosa', 'Pterogyne nitens (Fabaceae)', 'Tocoyena formosa (Rubiaceae)', 'Chimarrhis turbinata (Rubiaceae)', 'Mycoleptodiscus indicus', 'Piper crassinervium (Piperaceae)', 'Raulinoa echinata (Rutaceae)', 'Piper gaudichaudianum (Piperaceae)', 'Piper aduncum (Piperaceae)', 'Arrabidaea samydoides (Bignoniaceae)', 'Dimorphandra mollis', 'Stemodia foliosa (Scrophulariaceae)', 'Maytenus aquifolium (Celastraceae)', 'Vitex polygama (Verbenaceae)', 'Zingiber officinale', 'Casearia rupestris (Salicaeae)', 'Pilocarpus spicatus (Rutaceae)', 'Citrus sinensis (Rutaceae)', 'Piper hostmannianum (Piperaceae)', 'Periconia atropurpurea (Annonaceae)', 'Alchornea glandulosa (Euphorbiaceae)', 'Almeidea rubra (Rutaceae)', 'Piper hispidum (Piperaceae)', 'Piper arboreum (Piperaceae)', 'Piper tuberculatum (Piperaceae)', 'Erythrina mulungu (Fabaceae)', 'Murraya paniculata', 'Esenbeckia leiocarpa', 'Cassia leptophylla (Fabaceae)', 'Phomopsis sp. (Valsaceae)', 'Hortia superba (Rutaceae)', 'Penicillium sp. (Trichocomaceae)', 'Rapanea lancifolia (Myrsinaceae)', 'Styrax ferrugineus (Styracaceae)', 'Peperomia obtusifolia (Piperaceae)', 'Cassia spectabilis (Fabaceae)', 'Alibertia edulis (Rubiaceae)', 'Lantana lilacina (Verbenaceae)', 'Chrysophyllum marginatum (Sapotaceae)', 'Carapa guianensis', 'Pilocarpus grandiflorus', 'Fusarium oxysporum', 'Xylaria sp. (Xylariaceae)', 'Ouratea multiflora (Ochnaceae)', 'Citrus sp. (Rutaceae)', 'Phomopsis cassiae (Valsaceae)', 'Pilocarpus riedelianus', 'Angostura paniculata (Rutaceae)', 'Salacia campestris (Celastraceae)', 'Iryanthera juruensis (Myristicaceae)', 'Peperomia blanda (Piperaceae)', 'Picramnia teapensis', 'Petiveria alliacea (Phytolaccaceae)', 'Senna spectabilis (Fabaceae)', 'Siphoneugena densiflora (Myrtaceae)', 'Galipea bracteata (Rutaceae)', 'Aspergillus terreus', 'Tithonia diversifolia', 'Curvularia sp. (Pleosporaceae)', 'Alibertia macrophylla (Rubiaceae)', 'Anacardium occidentale (Anacardiaceae)', 'Ottonia corcovadensis (Piperaceae)', 'Adiscanthus fusciflorus', 'Cnidoscolus vitifolius (Euphorbiaceae)', 'Nigrospora sphaerica', 'Chaetomium globosum', 'Styrax camporum (Styracaceae)', 'Rapanea umbellata,Myrsine cuneifolia (Myrsinaceae)', 'Swartzia langsdorfii (Fabaceae)', 'Himatanthus sucuuba (Apocynaceae)', 'Cinnamomum australe (Lauraceae)', 'Ricinus communis (Euphorbiaceae)', 'Colletotrichum gloeosporioides (Phyllachoraceae)', 'Coussarea hydrangeifolia (Rubiaceae)', 'Tocoyena brasiliensis (Rubiaceae)', 'Pothomorphe umbellata (Piperaceae)', 'Senna multijuga (Fabaceae)', 'Cabralea canjerana', 'Humicola grisea', 'Phoma betae', 'Maytenus ilicifolia (Celastraceae)', 'Croton zehntneri (Euphorbiaceae)', 'Amorpha fruticosa', 'Metrodorea stipularis', 'Hortia oreadica', 'Nectandra grandiflora (Lauraceae)', 'Trichilia claussenii (Meliaceae)', 'Toona ciliata (Meliacee)', 'Cedrela odorata (Meliaceae)', 'Michelia champaca (Magnoliaceae)', 'Tephrosia candida', 'Conchocarpus heterophyllus (Rutaceae)', 'Streptomyces sp.', 'Neoraputia magnifica (Rutaceae)', 'Alibertia sessilis (Rubiaceae)', 'Penicillium corylophilum', 'Rudgea viburnioides (Rubiaceae)', 'Trichilia elegans (Meliaceae)', 'Aspergillus fumigatus', 'Khaya ivorensis', 'Neoraputia alba (Rutaceae)', 'Piper solmsianum', 'Raulinoa echinata (Rutaceae), Swietenia macrophylla (Meliaceae)', 'Cedrela fruticosa (Meliaceae), Neoraputia magnifica (Rutaceae), Neoraputia alba (Rutaceae)', 'Trichilia pallida', 'Cheiloclinium cognatum (Hippocrateaceae)', 'Casearia obliqua (Flacourtiaceae)', 'Balfourodendron riedelianum (Rutaceae)', 'Vochysia thyrsoidea', 'Spiranthera odoratissima St. odoratissima (Rutaceae)', 'Cedrela fissilis', 'Dalbergia riparia', 'Calycophyllum spruceanum (Rubiaceae)']]",doi_collectionSpecie
"['10.1016/j.chroma.2009.02.009', 'Hortia oreadica']","['10.1016/j.chroma.2009.02.009', ['Eucalyptus maculata', 'Casearia sylvestris (Flacourtiaceae)', 'Tocoyena formosa (Rubiaceae)', 'Pterogyne nitens (Fabaceae)', 'Dimorphandra mollis', 'Chimarrhis turbinata (Rubiaceae)', 'Swinglea glutinosa', 'Mycoleptodiscus indicus', 'Zingiber officinale', 'Periconia atropurpurea (Annonaceae)', 'Arrabidaea samydoides (Bignoniaceae)', 'Penicillium sp. (Trichocomaceae)', 'Citrus sinensis (Rutaceae)', 'Vitex polygama (Verbenaceae)', 'Maytenus aquifolium (Celastraceae)', 'Piper crassinervium (Piperaceae)', 'Stemodia foliosa (Scrophulariaceae)', 'Piper tuberculatum (Piperaceae)', 'Piper arboreum (Piperaceae)', 'Casearia rupestris (Salicaeae)', 'Murraya paniculata', 'Styrax ferrugineus (Styracaceae)', 'Esenbeckia leiocarpa', 'Alibertia edulis (Rubiaceae)', 'Hortia superba (Rutaceae)', 'Iryanthera juruensis (Myristicaceae)', 'Piper gaudichaudianum (Piperaceae)', 'Piper aduncum (Piperaceae)', 'Chrysophyllum marginatum (Sapotaceae)', 'Erythrina mulungu (Fabaceae)', 'Pilocarpus spicatus (Rutaceae)', 'Raulinoa echinata (Rutaceae)', 'Piper hispidum (Piperaceae)', 'Xylaria sp. (Xylariaceae)', 'Almeidea rubra (Rutaceae)', 'Angostura paniculata (Rutaceae)', 'Alchornea glandulosa (Euphorbiaceae)', 'Galipea bracteata (Rutaceae)', 'Carapa guianensis', 'Peperomia obtusifolia (Piperaceae)', 'Cassia leptophylla (Fabaceae)', 'Rapanea lancifolia (Myrsinaceae)', 'Ouratea multiflora (Ochnaceae)', 'Phomopsis cassiae (Valsaceae)', 'Fusarium oxysporum', 'Picramnia teapensis', 'Phomopsis sp. (Valsaceae)', 'Citrus sp. (Rutaceae)', 'Pilocarpus grandiflorus', 'Cassia spectabilis (Fabaceae)', 'Piper hostmannianum (Piperaceae)', 'Siphoneugena densiflora (Myrtaceae)', 'Peperomia blanda (Piperaceae)', 'Pilocarpus riedelianus', 'Salacia campestris (Celastraceae)', 'Petiveria alliacea (Phytolaccaceae)', 'Curvularia sp. (Pleosporaceae)', 'Alibertia macrophylla (Rubiaceae)', 'Anacardium occidentale (Anacardiaceae)', 'Tithonia diversifolia', 'Aspergillus terreus', 'Senna spectabilis (Fabaceae)', 'Lantana lilacina (Verbenaceae)', 'Ottonia corcovadensis (Piperaceae)', 'Cnidoscolus vitifolius (Euphorbiaceae)', 'Styrax camporum (Styracaceae)', 'Nigrospora sphaerica', 'Adiscanthus fusciflorus', 'Chaetomium globosum', 'Rapanea umbellata,Myrsine cuneifolia (Myrsinaceae)', 'Himatanthus sucuuba (Apocynaceae)', 'Swartzia langsdorfii (Fabaceae)', 'Cinnamomum australe (Lauraceae)', 'Ricinus communis (Euphorbiaceae)', 'Colletotrichum gloeosporioides (Phyllachoraceae)', 'Coussarea hydrangeifolia (Rubiaceae)', 'Tocoyena brasiliensis (Rubiaceae)', 'Pothomorphe umbellata (Piperaceae)', 'Senna multijuga (Fabaceae)', 'Cabralea canjerana', 'Humicola grisea', 'Phoma betae', 'Maytenus ilicifolia (Celastraceae)', 'Croton zehntneri (Euphorbiaceae)', 'Amorpha fruticosa', 'Metrodorea stipularis', 'Hortia oreadica', 'Nectandra grandiflora (Lauraceae)', 'Trichilia claussenii (Meliaceae)', 'Toona ciliata (Meliacee)', 'Cedrela odorata (Meliaceae)', 'Michelia champaca (Magnoliaceae)', 'Tephrosia candida', 'Conchocarpus heterophyllus (Rutaceae)', 'Streptomyces sp.', 'Neoraputia magnifica (Rutaceae)', 'Alibertia sessilis (Rubiaceae)', 'Penicillium corylophilum', 'Rudgea viburnioides (Rubiaceae)', 'Trichilia elegans (Meliaceae)', 'Aspergillus fumigatus', 'Khaya ivorensis', 'Neoraputia alba (Rutaceae)', 'Piper solmsianum', 'Raulinoa echinata (Rutaceae), Swietenia macrophylla (Meliaceae)', 'Cedrela fruticosa (Meliaceae), Neoraputia magnifica (Rutaceae), Neoraputia alba (Rutaceae)', 'Trichilia pallida', 'Cheiloclinium cognatum (Hippocrateaceae)', 'Casearia obliqua (Flacourtiaceae)', 'Balfourodendron riedelianum (Rutaceae)', 'Vochysia thyrsoidea', 'Spiranthera odoratissima St. odoratissima (Rutaceae)', 'Cedrela fissilis', 'Dalbergia riparia', 'Calycophyllum spruceanum (Rubiaceae)']]",doi_collectionSpecie
"['10.1590/S0100-40422008000400005', 'Conchocarpus heterophyllus (Rutaceae)']","['10.1590/S0100-40422008000400005', ['Cinnamomum australe (Lauraceae)', 'Swartzia langsdorfii (Fabaceae)', 'Styrax camporum (Styracaceae)', 'Himatanthus sucuuba (Apocynaceae)', 'Xylaria sp. (Xylariaceae)', 'Chaetomium globosum', 'Rapanea umbellata,Myrsine cuneifolia (Myrsinaceae)', 'Pterogyne nitens (Fabaceae)', 'Eucalyptus maculata', 'Tocoyena formosa (Rubiaceae)', 'Fusarium oxysporum', 'Rapanea lancifolia (Myrsinaceae)', 'Chrysophyllum marginatum (Sapotaceae)', 'Pilocarpus riedelianus', 'Murraya paniculata', 'Chimarrhis turbinata (Rubiaceae)', 'Piper crassinervium (Piperaceae)', 'Dimorphandra mollis', 'Casearia sylvestris (Flacourtiaceae)', 'Phomopsis sp. (Valsaceae)', 'Maytenus aquifolium (Celastraceae)', 'Vitex polygama (Verbenaceae)', 'Swinglea glutinosa', 'Carapa guianensis', 'Piper arboreum (Piperaceae)', 'Piper tuberculatum (Piperaceae)', 'Piper hostmannianum (Piperaceae)', 'Citrus sinensis (Rutaceae)', 'Piper gaudichaudianum (Piperaceae)', 'Piper aduncum (Piperaceae)', 'Stemodia foliosa (Scrophulariaceae)', 'Alibertia edulis (Rubiaceae)', 'Ouratea multiflora (Ochnaceae)', 'Peperomia obtusifolia (Piperaceae)', 'Periconia atropurpurea (Annonaceae)', 'Alchornea glandulosa (Euphorbiaceae)', 'Esenbeckia leiocarpa', 'Zingiber officinale', 'Raulinoa echinata (Rutaceae)', 'Pilocarpus grandiflorus', 'Ricinus communis (Euphorbiaceae)', 'Erythrina mulungu (Fabaceae)', 'Citrus sp. (Rutaceae)', 'Hortia superba (Rutaceae)', 'Mycoleptodiscus indicus', 'Styrax ferrugineus (Styracaceae)', 'Pilocarpus spicatus (Rutaceae)', 'Salacia campestris (Celastraceae)', 'Phomopsis cassiae (Valsaceae)', 'Cassia leptophylla (Fabaceae)', 'Arrabidaea samydoides (Bignoniaceae)', 'Casearia rupestris (Salicaeae)', 'Penicillium sp. (Trichocomaceae)', 'Picramnia teapensis', 'Cnidoscolus vitifolius (Euphorbiaceae)', 'Galipea bracteata (Rutaceae)', 'Piper hispidum (Piperaceae)', 'Alibertia macrophylla (Rubiaceae)', 'Iryanthera juruensis (Myristicaceae)', 'Curvularia sp. (Pleosporaceae)', 'Cassia spectabilis (Fabaceae)', 'Angostura paniculata (Rutaceae)', 'Almeidea rubra (Rutaceae)', 'Peperomia blanda (Piperaceae)', 'Adiscanthus fusciflorus', 'Anacardium occidentale (Anacardiaceae)', 'Siphoneugena densiflora (Myrtaceae)', 'Lantana lilacina (Verbenaceae)', 'Senna spectabilis (Fabaceae)', 'Petiveria alliacea (Phytolaccaceae)', 'Ottonia corcovadensis (Piperaceae)', 'Aspergillus terreus', 'Tithonia diversifolia', 'Nigrospora sphaerica', 'Colletotrichum gloeosporioides (Phyllachoraceae)', 'Coussarea hydrangeifolia (Rubiaceae)', 'Tocoyena brasiliensis (Rubiaceae)', 'Pothomorphe umbellata (Piperaceae)', 'Senna multijuga (Fabaceae)', 'Cabralea canjerana', 'Humicola grisea', 'Phoma betae', 'Maytenus ilicifolia (Celastraceae)', 'Croton zehntneri (Euphorbiaceae)', 'Amorpha fruticosa', 'Metrodorea stipularis', 'Hortia oreadica', 'Nectandra grandiflora (Lauraceae)', 'Trichilia claussenii (Meliaceae)', 'Toona ciliata (Meliacee)', 'Cedrela odorata (Meliaceae)', 'Michelia champaca (Magnoliaceae)', 'Tephrosia candida', 'Conchocarpus heterophyllus (Rutaceae)', 'Streptomyces sp.', 'Neoraputia magnifica (Rutaceae)', 'Alibertia sessilis (Rubiaceae)', 'Penicillium corylophilum', 'Rudgea viburnioides (Rubiaceae)', 'Trichilia elegans (Meliaceae)', 'Aspergillus fumigatus', 'Khaya ivorensis', 'Neoraputia alba (Rutaceae)', 'Piper solmsianum', 'Raulinoa echinata (Rutaceae), Swietenia macrophylla (Meliaceae)', 'Cedrela fruticosa (Meliaceae), Neoraputia magnifica (Rutaceae), Neoraputia alba (Rutaceae)', 'Trichilia pallida', 'Cheiloclinium cognatum (Hippocrateaceae)', 'Casearia obliqua (Flacourtiaceae)', 'Balfourodendron riedelianum (Rutaceae)', 'Vochysia thyrsoidea', 'Spiranthera odoratissima St. odoratissima (Rutaceae)', 'Cedrela fissilis', 'Dalbergia riparia', 'Calycophyllum spruceanum (Rubiaceae)']]",doi_collectionSpecie
"['10.1080/14786419.2011.647020', 'Humicola grisea']","['10.1080/14786419.2011.647020', ['Eucalyptus maculata', 'Tocoyena formosa (Rubiaceae)', 'Vitex polygama (Verbenaceae)', 'Swinglea glutinosa', 'Casearia sylvestris (Flacourtiaceae)', 'Pterogyne nitens (Fabaceae)', 'Alchornea glandulosa (Euphorbiaceae)', 'Dimorphandra mollis', 'Erythrina mulungu (Fabaceae)', 'Chimarrhis turbinata (Rubiaceae)', 'Arrabidaea samydoides (Bignoniaceae)', 'Piper crassinervium (Piperaceae)', 'Piper arboreum (Piperaceae)', 'Piper tuberculatum (Piperaceae)', 'Alibertia edulis (Rubiaceae)', 'Piper hispidum (Piperaceae)', 'Carapa guianensis', 'Stemodia foliosa (Scrophulariaceae)', 'Rapanea lancifolia (Myrsinaceae)', 'Siphoneugena densiflora (Myrtaceae)', 'Pilocarpus riedelianus', 'Peperomia obtusifolia (Piperaceae)', 'Zingiber officinale', 'Murraya paniculata', 'Periconia atropurpurea (Annonaceae)', 'Piper gaudichaudianum (Piperaceae)', 'Piper aduncum (Piperaceae)', 'Styrax ferrugineus (Styracaceae)', 'Phomopsis sp. (Valsaceae)', 'Fusarium oxysporum', 'Casearia rupestris (Salicaeae)', 'Aspergillus terreus', 'Tithonia diversifolia', 'Esenbeckia leiocarpa', 'Pilocarpus grandiflorus', 'Maytenus aquifolium (Celastraceae)', 'Piper hostmannianum (Piperaceae)', 'Citrus sp. (Rutaceae)', 'Almeidea rubra (Rutaceae)', 'Mycoleptodiscus indicus', 'Angostura paniculata (Rutaceae)', 'Penicillium sp. (Trichocomaceae)', 'Citrus sinensis (Rutaceae)', 'Ouratea multiflora (Ochnaceae)', 'Cassia leptophylla (Fabaceae)', 'Raulinoa echinata (Rutaceae)', 'Chrysophyllum marginatum (Sapotaceae)', 'Pilocarpus spicatus (Rutaceae)', 'Petiveria alliacea (Phytolaccaceae)', 'Salacia campestris (Celastraceae)', 'Xylaria sp. (Xylariaceae)', 'Phomopsis cassiae (Valsaceae)', 'Hortia superba (Rutaceae)', 'Cassia spectabilis (Fabaceae)', 'Peperomia blanda (Piperaceae)', 'Picramnia teapensis', 'Anacardium occidentale (Anacardiaceae)', 'Iryanthera juruensis (Myristicaceae)', 'Galipea bracteata (Rutaceae)', 'Curvularia sp. (Pleosporaceae)', 'Ottonia corcovadensis (Piperaceae)', 'Senna spectabilis (Fabaceae)', 'Alibertia macrophylla (Rubiaceae)', 'Lantana lilacina (Verbenaceae)', 'Cnidoscolus vitifolius (Euphorbiaceae)', 'Nigrospora sphaerica', 'Adiscanthus fusciflorus', 'Styrax camporum (Styracaceae)', 'Chaetomium globosum', 'Rapanea umbellata,Myrsine cuneifolia (Myrsinaceae)', 'Himatanthus sucuuba (Apocynaceae)', 'Swartzia langsdorfii (Fabaceae)', 'Cinnamomum australe (Lauraceae)', 'Ricinus communis (Euphorbiaceae)', 'Colletotrichum gloeosporioides (Phyllachoraceae)', 'Coussarea hydrangeifolia (Rubiaceae)', 'Tocoyena brasiliensis (Rubiaceae)', 'Pothomorphe umbellata (Piperaceae)', 'Senna multijuga (Fabaceae)', 'Cabralea canjerana', 'Humicola grisea', 'Phoma betae', 'Maytenus ilicifolia (Celastraceae)', 'Croton zehntneri (Euphorbiaceae)', 'Amorpha fruticosa', 'Metrodorea stipularis', 'Hortia oreadica', 'Nectandra grandiflora (Lauraceae)', 'Trichilia claussenii (Meliaceae)', 'Toona ciliata (Meliacee)', 'Cedrela odorata (Meliaceae)', 'Michelia champaca (Magnoliaceae)', 'Tephrosia candida', 'Conchocarpus heterophyllus (Rutaceae)', 'Streptomyces sp.', 'Neoraputia magnifica (Rutaceae)', 'Alibertia sessilis (Rubiaceae)', 'Penicillium corylophilum', 'Rudgea viburnioides (Rubiaceae)', 'Trichilia elegans (Meliaceae)', 'Aspergillus fumigatus', 'Khaya ivorensis', 'Neoraputia alba (Rutaceae)', 'Piper solmsianum', 'Raulinoa echinata (Rutaceae), Swietenia macrophylla (Meliaceae)', 'Cedrela fruticosa (Meliaceae), Neoraputia magnifica (Rutaceae), Neoraputia alba (Rutaceae)', 'Trichilia pallida', 'Cheiloclinium cognatum (Hippocrateaceae)', 'Casearia obliqua (Flacourtiaceae)', 'Balfourodendron riedelianum (Rutaceae)', 'Vochysia thyrsoidea', 'Spiranthera odoratissima St. odoratissima (Rutaceae)', 'Cedrela fissilis', 'Dalbergia riparia', 'Calycophyllum spruceanum (Rubiaceae)']]",doi_collectionSpecie
"['10.1515/znc-2002-5-602', 'Amorpha fruticosa']","['10.1515/znc-2002-5-602', ['Vitex polygama (Verbenaceae)', 'Eucalyptus maculata', 'Tocoyena formosa (Rubiaceae)', 'Pterogyne nitens (Fabaceae)', 'Dimorphandra mollis', 'Casearia sylvestris (Flacourtiaceae)', 'Carapa guianensis', 'Mycoleptodiscus indicus', 'Pilocarpus grandiflorus', 'Arrabidaea samydoides (Bignoniaceae)', 'Murraya paniculata', 'Hortia superba (Rutaceae)', 'Periconia atropurpurea (Annonaceae)', 'Swinglea glutinosa', 'Angostura paniculata (Rutaceae)', 'Penicillium sp. (Trichocomaceae)', 'Chimarrhis turbinata (Rubiaceae)', 'Styrax ferrugineus (Styracaceae)', 'Citrus sinensis (Rutaceae)', 'Alibertia edulis (Rubiaceae)', 'Piper tuberculatum (Piperaceae)', 'Piper arboreum (Piperaceae)', 'Siphoneugena densiflora (Myrtaceae)', 'Esenbeckia leiocarpa', 'Galipea bracteata (Rutaceae)', 'Stemodia foliosa (Scrophulariaceae)', 'Piper hispidum (Piperaceae)', 'Iryanthera juruensis (Myristicaceae)', 'Picramnia teapensis', 'Xylaria sp. (Xylariaceae)', 'Phomopsis cassiae (Valsaceae)', 'Zingiber officinale', 'Casearia rupestris (Salicaeae)', 'Piper gaudichaudianum (Piperaceae)', 'Piper aduncum (Piperaceae)', 'Maytenus aquifolium (Celastraceae)', 'Erythrina mulungu (Fabaceae)', 'Salacia campestris (Celastraceae)', 'Piper crassinervium (Piperaceae)', 'Cassia leptophylla (Fabaceae)', 'Phomopsis sp. (Valsaceae)', 'Peperomia obtusifolia (Piperaceae)', 'Chrysophyllum marginatum (Sapotaceae)', 'Pilocarpus spicatus (Rutaceae)', 'Raulinoa echinata (Rutaceae)', 'Petiveria alliacea (Phytolaccaceae)', 'Cassia spectabilis (Fabaceae)', 'Alchornea glandulosa (Euphorbiaceae)', 'Ouratea multiflora (Ochnaceae)', 'Pilocarpus riedelianus', 'Citrus sp. (Rutaceae)', 'Anacardium occidentale (Anacardiaceae)', 'Fusarium oxysporum', 'Styrax camporum (Styracaceae)', 'Curvularia sp. (Pleosporaceae)', 'Almeidea rubra (Rutaceae)', 'Peperomia blanda (Piperaceae)', 'Rapanea lancifolia (Myrsinaceae)', 'Piper hostmannianum (Piperaceae)', 'Alibertia macrophylla (Rubiaceae)', 'Aspergillus terreus', 'Tithonia diversifolia', 'Senna spectabilis (Fabaceae)', 'Ottonia corcovadensis (Piperaceae)', 'Cnidoscolus vitifolius (Euphorbiaceae)', 'Chaetomium globosum', 'Nigrospora sphaerica', 'Rapanea umbellata,Myrsine cuneifolia (Myrsinaceae)', 'Himatanthus sucuuba (Apocynaceae)', 'Adiscanthus fusciflorus', 'Lantana lilacina (Verbenaceae)', 'Swartzia langsdorfii (Fabaceae)', 'Cinnamomum australe (Lauraceae)', 'Ricinus communis (Euphorbiaceae)', 'Colletotrichum gloeosporioides (Phyllachoraceae)', 'Coussarea hydrangeifolia (Rubiaceae)', 'Tocoyena brasiliensis (Rubiaceae)', 'Pothomorphe umbellata (Piperaceae)', 'Senna multijuga (Fabaceae)', 'Cabralea canjerana', 'Humicola grisea', 'Phoma betae', 'Maytenus ilicifolia (Celastraceae)', 'Croton zehntneri (Euphorbiaceae)', 'Amorpha fruticosa', 'Metrodorea stipularis', 'Hortia oreadica', 'Nectandra grandiflora (Lauraceae)', 'Trichilia claussenii (Meliaceae)', 'Toona ciliata (Meliacee)', 'Cedrela odorata (Meliaceae)', 'Michelia champaca (Magnoliaceae)', 'Tephrosia candida', 'Conchocarpus heterophyllus (Rutaceae)', 'Streptomyces sp.', 'Neoraputia magnifica (Rutaceae)', 'Alibertia sessilis (Rubiaceae)', 'Penicillium corylophilum', 'Rudgea viburnioides (Rubiaceae)', 'Trichilia elegans (Meliaceae)', 'Aspergillus fumigatus', 'Khaya ivorensis', 'Neoraputia alba (Rutaceae)', 'Piper solmsianum', 'Raulinoa echinata (Rutaceae), Swietenia macrophylla (Meliaceae)', 'Cedrela fruticosa (Meliaceae), Neoraputia magnifica (Rutaceae), Neoraputia alba (Rutaceae)', 'Trichilia pallida', 'Cheiloclinium cognatum (Hippocrateaceae)', 'Casearia obliqua (Flacourtiaceae)', 'Balfourodendron riedelianum (Rutaceae)', 'Vochysia thyrsoidea', 'Spiranthera odoratissima St. odoratissima (Rutaceae)', 'Cedrela fissilis', 'Dalbergia riparia', 'Calycophyllum spruceanum (Rubiaceae)']]",doi_collectionSpecie
"['10.1023/A:1025694720727', 'Raulinoa echinata (Rutaceae), Swietenia macrophylla (Meliaceae)']","['10.1023/A:1025694720727', ['Eucalyptus maculata', 'Tocoyena formosa (Rubiaceae)', 'Pterogyne nitens (Fabaceae)', 'Casearia sylvestris (Flacourtiaceae)', 'Chimarrhis turbinata (Rubiaceae)', 'Murraya paniculata', 'Vitex polygama (Verbenaceae)', 'Swinglea glutinosa', 'Dimorphandra mollis', 'Periconia atropurpurea (Annonaceae)', 'Arrabidaea samydoides (Bignoniaceae)', 'Piper crassinervium (Piperaceae)', 'Stemodia foliosa (Scrophulariaceae)', 'Galipea bracteata (Rutaceae)', 'Angostura paniculata (Rutaceae)', 'Maytenus aquifolium (Celastraceae)', 'Piper arboreum (Piperaceae)', 'Piper tuberculatum (Piperaceae)', 'Penicillium sp. (Trichocomaceae)', 'Piper hispidum (Piperaceae)', 'Cassia leptophylla (Fabaceae)', 'Mycoleptodiscus indicus', 'Citrus sinensis (Rutaceae)', 'Xylaria sp. (Xylariaceae)', 'Esenbeckia leiocarpa', 'Alibertia edulis (Rubiaceae)', 'Zingiber officinale', 'Styrax ferrugineus (Styracaceae)', 'Chrysophyllum marginatum (Sapotaceae)', 'Piper gaudichaudianum (Piperaceae)', 'Piper aduncum (Piperaceae)', 'Raulinoa echinata (Rutaceae)', 'Erythrina mulungu (Fabaceae)', 'Casearia rupestris (Salicaeae)', 'Alchornea glandulosa (Euphorbiaceae)', 'Iryanthera juruensis (Myristicaceae)', 'Hortia superba (Rutaceae)', 'Pilocarpus grandiflorus', 'Carapa guianensis', 'Phomopsis sp. (Valsaceae)', 'Rapanea lancifolia (Myrsinaceae)', 'Phomopsis cassiae (Valsaceae)', 'Alibertia macrophylla (Rubiaceae)', 'Peperomia obtusifolia (Piperaceae)', 'Pilocarpus spicatus (Rutaceae)', 'Pilocarpus riedelianus', 'Piper hostmannianum (Piperaceae)', 'Salacia campestris (Celastraceae)', 'Ouratea multiflora (Ochnaceae)', 'Almeidea rubra (Rutaceae)', 'Picramnia teapensis', 'Siphoneugena densiflora (Myrtaceae)', 'Peperomia blanda (Piperaceae)', 'Fusarium oxysporum', 'Petiveria alliacea (Phytolaccaceae)', 'Cassia spectabilis (Fabaceae)', 'Curvularia sp. (Pleosporaceae)', 'Citrus sp. (Rutaceae)', 'Ottonia corcovadensis (Piperaceae)', 'Cnidoscolus vitifolius (Euphorbiaceae)', 'Anacardium occidentale (Anacardiaceae)', 'Aspergillus terreus', 'Tithonia diversifolia', 'Styrax camporum (Styracaceae)', 'Senna spectabilis (Fabaceae)', 'Lantana lilacina (Verbenaceae)', 'Adiscanthus fusciflorus', 'Chaetomium globosum', 'Rapanea umbellata,Myrsine cuneifolia (Myrsinaceae)', 'Himatanthus sucuuba (Apocynaceae)', 'Nigrospora sphaerica', 'Swartzia langsdorfii (Fabaceae)', 'Cinnamomum australe (Lauraceae)', 'Ricinus communis (Euphorbiaceae)', 'Colletotrichum gloeosporioides (Phyllachoraceae)', 'Coussarea hydrangeifolia (Rubiaceae)', 'Tocoyena brasiliensis (Rubiaceae)', 'Pothomorphe umbellata (Piperaceae)', 'Senna multijuga (Fabaceae)', 'Cabralea canjerana', 'Humicola grisea', 'Phoma betae', 'Maytenus ilicifolia (Celastraceae)', 'Croton zehntneri (Euphorbiaceae)', 'Amorpha fruticosa', 'Metrodorea stipularis', 'Hortia oreadica', 'Nectandra grandiflora (Lauraceae)', 'Trichilia claussenii (Meliaceae)', 'Toona ciliata (Meliacee)', 'Cedrela odorata (Meliaceae)', 'Michelia champaca (Magnoliaceae)', 'Tephrosia candida', 'Conchocarpus heterophyllus (Rutaceae)', 'Streptomyces sp.', 'Neoraputia magnifica (Rutaceae)', 'Alibertia sessilis (Rubiaceae)', 'Penicillium corylophilum', 'Rudgea viburnioides (Rubiaceae)', 'Trichilia elegans (Meliaceae)', 'Aspergillus fumigatus', 'Khaya ivorensis', 'Neoraputia alba (Rutaceae)', 'Piper solmsianum', 'Raulinoa echinata (Rutaceae), Swietenia macrophylla (Meliaceae)', 'Cedrela fruticosa (Meliaceae), Neoraputia magnifica (Rutaceae), Neoraputia alba (Rutaceae)', 'Trichilia pallida', 'Cheiloclinium cognatum (Hippocrateaceae)', 'Casearia obliqua (Flacourtiaceae)', 'Balfourodendron riedelianum (Rutaceae)', 'Vochysia thyrsoidea', 'Spiranthera odoratissima St. odoratissima (Rutaceae)', 'Cedrela fissilis', 'Dalbergia riparia', 'Calycophyllum spruceanum (Rubiaceae)']]",doi_collectionSpecie
"['10.1590/S0103-50532005000400005', 'Nectandra grandiflora (Lauraceae)']","['10.1590/S0103-50532005000400005', ['Eucalyptus maculata', 'Chimarrhis turbinata (Rubiaceae)', 'Tocoyena formosa (Rubiaceae)', 'Pterogyne nitens (Fabaceae)', 'Maytenus aquifolium (Celastraceae)', 'Periconia atropurpurea (Annonaceae)', 'Penicillium sp. (Trichocomaceae)', 'Casearia sylvestris (Flacourtiaceae)', 'Arrabidaea samydoides (Bignoniaceae)', 'Swinglea glutinosa', 'Murraya paniculata', 'Iryanthera juruensis (Myristicaceae)', 'Piper crassinervium (Piperaceae)', 'Piper aduncum (Piperaceae)', 'Piper gaudichaudianum (Piperaceae)', 'Citrus sinensis (Rutaceae)', 'Chrysophyllum marginatum (Sapotaceae)', 'Vitex polygama (Verbenaceae)', 'Stemodia foliosa (Scrophulariaceae)', 'Zingiber officinale', 'Dimorphandra mollis', 'Mycoleptodiscus indicus', 'Esenbeckia leiocarpa', 'Piper tuberculatum (Piperaceae)', 'Piper arboreum (Piperaceae)', 'Piper hispidum (Piperaceae)', 'Ouratea multiflora (Ochnaceae)', 'Hortia superba (Rutaceae)', 'Casearia rupestris (Salicaeae)', 'Raulinoa echinata (Rutaceae)', 'Xylaria sp. (Xylariaceae)', 'Styrax ferrugineus (Styracaceae)', 'Cassia leptophylla (Fabaceae)', 'Alibertia edulis (Rubiaceae)', 'Angostura paniculata (Rutaceae)', 'Alchornea glandulosa (Euphorbiaceae)', 'Galipea bracteata (Rutaceae)', 'Phomopsis cassiae (Valsaceae)', 'Pilocarpus grandiflorus', 'Peperomia obtusifolia (Piperaceae)', 'Piper hostmannianum (Piperaceae)', 'Peperomia blanda (Piperaceae)', 'Erythrina mulungu (Fabaceae)', 'Almeidea rubra (Rutaceae)', 'Cassia spectabilis (Fabaceae)', 'Carapa guianensis', 'Phomopsis sp. (Valsaceae)', 'Rapanea lancifolia (Myrsinaceae)', 'Pilocarpus spicatus (Rutaceae)', 'Picramnia teapensis', 'Senna spectabilis (Fabaceae)', 'Alibertia macrophylla (Rubiaceae)', 'Salacia campestris (Celastraceae)', 'Curvularia sp. (Pleosporaceae)', 'Siphoneugena densiflora (Myrtaceae)', 'Fusarium oxysporum', 'Pilocarpus riedelianus', 'Citrus sp. (Rutaceae)', 'Petiveria alliacea (Phytolaccaceae)', 'Cnidoscolus vitifolius (Euphorbiaceae)', 'Anacardium occidentale (Anacardiaceae)', 'Lantana lilacina (Verbenaceae)', 'Ottonia corcovadensis (Piperaceae)', 'Aspergillus terreus', 'Tithonia diversifolia', 'Styrax camporum (Styracaceae)', 'Adiscanthus fusciflorus', 'Nigrospora sphaerica', 'Chaetomium globosum', 'Rapanea umbellata,Myrsine cuneifolia (Myrsinaceae)', 'Himatanthus sucuuba (Apocynaceae)', 'Swartzia langsdorfii (Fabaceae)', 'Cinnamomum australe (Lauraceae)', 'Ricinus communis (Euphorbiaceae)', 'Colletotrichum gloeosporioides (Phyllachoraceae)', 'Coussarea hydrangeifolia (Rubiaceae)', 'Tocoyena brasiliensis (Rubiaceae)', 'Pothomorphe umbellata (Piperaceae)', 'Senna multijuga (Fabaceae)', 'Cabralea canjerana', 'Humicola grisea', 'Phoma betae', 'Maytenus ilicifolia (Celastraceae)', 'Croton zehntneri (Euphorbiaceae)', 'Amorpha fruticosa', 'Metrodorea stipularis', 'Hortia oreadica', 'Nectandra grandiflora (Lauraceae)', 'Trichilia claussenii (Meliaceae)', 'Toona ciliata (Meliacee)', 'Cedrela odorata (Meliaceae)', 'Michelia champaca (Magnoliaceae)', 'Tephrosia candida', 'Conchocarpus heterophyllus (Rutaceae)', 'Streptomyces sp.', 'Neoraputia magnifica (Rutaceae)', 'Alibertia sessilis (Rubiaceae)', 'Penicillium corylophilum', 'Rudgea viburnioides (Rubiaceae)', 'Trichilia elegans (Meliaceae)', 'Aspergillus fumigatus', 'Khaya ivorensis', 'Neoraputia alba (Rutaceae)', 'Piper solmsianum', 'Raulinoa echinata (Rutaceae), Swietenia macrophylla (Meliaceae)', 'Cedrela fruticosa (Meliaceae), Neoraputia magnifica (Rutaceae), Neoraputia alba (Rutaceae)', 'Trichilia pallida', 'Cheiloclinium cognatum (Hippocrateaceae)', 'Casearia obliqua (Flacourtiaceae)', 'Balfourodendron riedelianum (Rutaceae)', 'Vochysia thyrsoidea', 'Spiranthera odoratissima St. odoratissima (Rutaceae)', 'Cedrela fissilis', 'Dalbergia riparia', 'Calycophyllum spruceanum (Rubiaceae)']]",doi_collectionSpecie
"['10.1002/jobm.200800093', 'Nigrospora sphaerica']","['10.1002/jobm.200800093', ['Eucalyptus maculata', 'Tocoyena formosa (Rubiaceae)', 'Pterogyne nitens (Fabaceae)', 'Casearia sylvestris (Flacourtiaceae)', 'Vitex polygama (Verbenaceae)', 'Swinglea glutinosa', 'Dimorphandra mollis', 'Chimarrhis turbinata (Rubiaceae)', 'Arrabidaea samydoides (Bignoniaceae)', 'Piper tuberculatum (Piperaceae)', 'Piper arboreum (Piperaceae)', 'Alibertia edulis (Rubiaceae)', 'Erythrina mulungu (Fabaceae)', 'Rapanea lancifolia (Myrsinaceae)', 'Piper hispidum (Piperaceae)', 'Pilocarpus riedelianus', 'Piper crassinervium (Piperaceae)', 'Alchornea glandulosa (Euphorbiaceae)', 'Murraya paniculata', 'Fusarium oxysporum', 'Stemodia foliosa (Scrophulariaceae)', 'Salacia campestris (Celastraceae)', 'Carapa guianensis', 'Periconia atropurpurea (Annonaceae)', 'Peperomia obtusifolia (Piperaceae)', 'Siphoneugena densiflora (Myrtaceae)', 'Styrax ferrugineus (Styracaceae)', 'Maytenus aquifolium (Celastraceae)', 'Piper gaudichaudianum (Piperaceae)', 'Piper aduncum (Piperaceae)', 'Zingiber officinale', 'Phomopsis sp. (Valsaceae)', 'Casearia rupestris (Salicaeae)', 'Mycoleptodiscus indicus', 'Citrus sp. (Rutaceae)', 'Ouratea multiflora (Ochnaceae)', 'Penicillium sp. (Trichocomaceae)', 'Chrysophyllum marginatum (Sapotaceae)', 'Citrus sinensis (Rutaceae)', 'Aspergillus terreus', 'Tithonia diversifolia', 'Piper hostmannianum (Piperaceae)', 'Almeidea rubra (Rutaceae)', 'Esenbeckia leiocarpa', 'Angostura paniculata (Rutaceae)', 'Petiveria alliacea (Phytolaccaceae)', 'Raulinoa echinata (Rutaceae)', 'Pilocarpus grandiflorus', 'Xylaria sp. (Xylariaceae)', 'Cassia leptophylla (Fabaceae)', 'Hortia superba (Rutaceae)', 'Phomopsis cassiae (Valsaceae)', 'Pilocarpus spicatus (Rutaceae)', 'Iryanthera juruensis (Myristicaceae)', 'Picramnia teapensis', 'Cassia spectabilis (Fabaceae)', 'Galipea bracteata (Rutaceae)', 'Peperomia blanda (Piperaceae)', 'Curvularia sp. (Pleosporaceae)', 'Anacardium occidentale (Anacardiaceae)', 'Alibertia macrophylla (Rubiaceae)', 'Senna spectabilis (Fabaceae)', 'Cnidoscolus vitifolius (Euphorbiaceae)', 'Lantana lilacina (Verbenaceae)', 'Ottonia corcovadensis (Piperaceae)', 'Styrax camporum (Styracaceae)', 'Nigrospora sphaerica', 'Rapanea umbellata,Myrsine cuneifolia (Myrsinaceae)', 'Adiscanthus fusciflorus', 'Chaetomium globosum', 'Himatanthus sucuuba (Apocynaceae)', 'Swartzia langsdorfii (Fabaceae)', 'Cinnamomum australe (Lauraceae)', 'Ricinus communis (Euphorbiaceae)', 'Colletotrichum gloeosporioides (Phyllachoraceae)', 'Coussarea hydrangeifolia (Rubiaceae)', 'Tocoyena brasiliensis (Rubiaceae)', 'Pothomorphe umbellata (Piperaceae)', 'Senna multijuga (Fabaceae)', 'Cabralea canjerana', 'Humicola grisea', 'Phoma betae', 'Maytenus ilicifolia (Celastraceae)', 'Croton zehntneri (Euphorbiaceae)', 'Amorpha fruticosa', 'Metrodorea stipularis', 'Hortia oreadica', 'Nectandra grandiflora (Lauraceae)', 'Trichilia claussenii (Meliaceae)', 'Toona ciliata (Meliacee)', 'Cedrela odorata (Meliaceae)', 'Michelia champaca (Magnoliaceae)', 'Tephrosia candida', 'Conchocarpus heterophyllus (Rutaceae)', 'Streptomyces sp.', 'Neoraputia magnifica (Rutaceae)', 'Alibertia sessilis (Rubiaceae)', 'Penicillium corylophilum', 'Rudgea viburnioides (Rubiaceae)', 'Trichilia elegans (Meliaceae)', 'Aspergillus fumigatus', 'Khaya ivorensis', 'Neoraputia alba (Rutaceae)', 'Piper solmsianum', 'Raulinoa echinata (Rutaceae), Swietenia macrophylla (Meliaceae)', 'Cedrela fruticosa (Meliaceae), Neoraputia magnifica (Rutaceae), Neoraputia alba (Rutaceae)', 'Trichilia pallida', 'Cheiloclinium cognatum (Hippocrateaceae)', 'Casearia obliqua (Flacourtiaceae)', 'Balfourodendron riedelianum (Rutaceae)', 'Vochysia thyrsoidea', 'Spiranthera odoratissima St. odoratissima (Rutaceae)', 'Cedrela fissilis', 'Dalbergia riparia', 'Calycophyllum spruceanum (Rubiaceae)']]",doi_collectionSpecie
"['10.1016/S0031-9422(00)00226-0', 'Piper tuberculatum (Piperaceae)']","['10.1016/S0031-9422(00)00226-0', ['Tocoyena formosa (Rubiaceae)', 'Eucalyptus maculata', 'Styrax ferrugineus (Styracaceae)', 'Periconia atropurpurea (Annonaceae)', 'Piper tuberculatum (Piperaceae)', 'Piper arboreum (Piperaceae)', 'Pterogyne nitens (Fabaceae)', 'Dimorphandra mollis', 'Vitex polygama (Verbenaceae)', 'Casearia sylvestris (Flacourtiaceae)', 'Penicillium sp. (Trichocomaceae)', 'Swinglea glutinosa', 'Murraya paniculata', 'Chimarrhis turbinata (Rubiaceae)', 'Iryanthera juruensis (Myristicaceae)', 'Alibertia edulis (Rubiaceae)', 'Arrabidaea samydoides (Bignoniaceae)', 'Stemodia foliosa (Scrophulariaceae)', 'Piper hispidum (Piperaceae)', 'Galipea bracteata (Rutaceae)', 'Citrus sinensis (Rutaceae)', 'Picramnia teapensis', 'Cassia leptophylla (Fabaceae)', 'Casearia rupestris (Salicaeae)', 'Xylaria sp. (Xylariaceae)', 'Angostura paniculata (Rutaceae)', 'Mycoleptodiscus indicus', 'Maytenus aquifolium (Celastraceae)', 'Esenbeckia leiocarpa', 'Zingiber officinale', 'Piper crassinervium (Piperaceae)', 'Peperomia obtusifolia (Piperaceae)', 'Phomopsis cassiae (Valsaceae)', 'Chrysophyllum marginatum (Sapotaceae)', 'Hortia superba (Rutaceae)', 'Erythrina mulungu (Fabaceae)', 'Curvularia sp. (Pleosporaceae)', 'Piper aduncum (Piperaceae)', 'Piper gaudichaudianum (Piperaceae)', 'Pilocarpus grandiflorus', 'Siphoneugena densiflora (Myrtaceae)', 'Ouratea multiflora (Ochnaceae)', 'Alchornea glandulosa (Euphorbiaceae)', 'Petiveria alliacea (Phytolaccaceae)', 'Peperomia blanda (Piperaceae)', 'Carapa guianensis', 'Pilocarpus spicatus (Rutaceae)', 'Fusarium oxysporum', 'Raulinoa echinata (Rutaceae)', 'Rapanea lancifolia (Myrsinaceae)', 'Citrus sp. (Rutaceae)', 'Salacia campestris (Celastraceae)', 'Pilocarpus riedelianus', 'Alibertia macrophylla (Rubiaceae)', 'Cassia spectabilis (Fabaceae)', 'Piper hostmannianum (Piperaceae)', 'Almeidea rubra (Rutaceae)', 'Phomopsis sp. (Valsaceae)', 'Tithonia diversifolia', 'Aspergillus terreus', 'Styrax camporum (Styracaceae)', 'Cnidoscolus vitifolius (Euphorbiaceae)', 'Anacardium occidentale (Anacardiaceae)', 'Senna spectabilis (Fabaceae)', 'Ottonia corcovadensis (Piperaceae)', 'Adiscanthus fusciflorus', 'Lantana lilacina (Verbenaceae)', 'Chaetomium globosum', 'Himatanthus sucuuba (Apocynaceae)', 'Rapanea umbellata,Myrsine cuneifolia (Myrsinaceae)', 'Nigrospora sphaerica', 'Swartzia langsdorfii (Fabaceae)', 'Cinnamomum australe (Lauraceae)', 'Ricinus communis (Euphorbiaceae)', 'Colletotrichum gloeosporioides (Phyllachoraceae)', 'Coussarea hydrangeifolia (Rubiaceae)', 'Tocoyena brasiliensis (Rubiaceae)', 'Pothomorphe umbellata (Piperaceae)', 'Senna multijuga (Fabaceae)', 'Cabralea canjerana', 'Humicola grisea', 'Phoma betae', 'Maytenus ilicifolia (Celastraceae)', 'Croton zehntneri (Euphorbiaceae)', 'Amorpha fruticosa', 'Metrodorea stipularis', 'Hortia oreadica', 'Nectandra grandiflora (Lauraceae)', 'Trichilia claussenii (Meliaceae)', 'Toona ciliata (Meliacee)', 'Cedrela odorata (Meliaceae)', 'Michelia champaca (Magnoliaceae)', 'Tephrosia candida', 'Conchocarpus heterophyllus (Rutaceae)', 'Streptomyces sp.', 'Neoraputia magnifica (Rutaceae)', 'Alibertia sessilis (Rubiaceae)', 'Penicillium corylophilum', 'Rudgea viburnioides (Rubiaceae)', 'Trichilia elegans (Meliaceae)', 'Aspergillus fumigatus', 'Khaya ivorensis', 'Neoraputia alba (Rutaceae)', 'Piper solmsianum', 'Raulinoa echinata (Rutaceae), Swietenia macrophylla (Meliaceae)', 'Cedrela fruticosa (Meliaceae), Neoraputia magnifica (Rutaceae), Neoraputia alba (Rutaceae)', 'Trichilia pallida', 'Cheiloclinium cognatum (Hippocrateaceae)', 'Casearia obliqua (Flacourtiaceae)', 'Balfourodendron riedelianum (Rutaceae)', 'Vochysia thyrsoidea', 'Spiranthera odoratissima St. odoratissima (Rutaceae)', 'Cedrela fissilis', 'Dalbergia riparia', 'Calycophyllum spruceanum (Rubiaceae)']]",doi_collectionSpecie
"['10.1016/S0031-9422(98)00249-0', 'Casearia sylvestris (Flacourtiaceae)']","['10.1016/S0031-9422(98)00249-0', ['Tocoyena formosa (Rubiaceae)', 'Eucalyptus maculata', 'Pterogyne nitens (Fabaceae)', 'Casearia sylvestris (Flacourtiaceae)', 'Swinglea glutinosa', 'Stemodia foliosa (Scrophulariaceae)', 'Chimarrhis turbinata (Rubiaceae)', 'Periconia atropurpurea (Annonaceae)', 'Penicillium sp. (Trichocomaceae)', 'Piper arboreum (Piperaceae)', 'Piper tuberculatum (Piperaceae)', 'Murraya paniculata', 'Arrabidaea samydoides (Bignoniaceae)', 'Vitex polygama (Verbenaceae)', 'Piper crassinervium (Piperaceae)', 'Dimorphandra mollis', 'Maytenus aquifolium (Celastraceae)', 'Casearia rupestris (Salicaeae)', 'Piper aduncum (Piperaceae)', 'Piper gaudichaudianum (Piperaceae)', 'Piper hispidum (Piperaceae)', 'Alibertia edulis (Rubiaceae)', 'Xylaria sp. (Xylariaceae)', 'Mycoleptodiscus indicus', 'Ouratea multiflora (Ochnaceae)', 'Styrax ferrugineus (Styracaceae)', 'Citrus sinensis (Rutaceae)', 'Iryanthera juruensis (Myristicaceae)', 'Esenbeckia leiocarpa', 'Chrysophyllum marginatum (Sapotaceae)', 'Cassia leptophylla (Fabaceae)', 'Zingiber officinale', 'Hortia superba (Rutaceae)', 'Alchornea glandulosa (Euphorbiaceae)', 'Raulinoa echinata (Rutaceae)', 'Peperomia obtusifolia (Piperaceae)', 'Phomopsis cassiae (Valsaceae)', 'Angostura paniculata (Rutaceae)', 'Galipea bracteata (Rutaceae)', 'Picramnia teapensis', 'Curvularia sp. (Pleosporaceae)', 'Salacia campestris (Celastraceae)', 'Pilocarpus spicatus (Rutaceae)', 'Pilocarpus grandiflorus', 'Carapa guianensis', 'Rapanea lancifolia (Myrsinaceae)', 'Peperomia blanda (Piperaceae)', 'Piper hostmannianum (Piperaceae)', 'Petiveria alliacea (Phytolaccaceae)', 'Fusarium oxysporum', 'Cassia spectabilis (Fabaceae)', 'Erythrina mulungu (Fabaceae)', 'Siphoneugena densiflora (Myrtaceae)', 'Almeidea rubra (Rutaceae)', 'Alibertia macrophylla (Rubiaceae)', 'Cnidoscolus vitifolius (Euphorbiaceae)', 'Phomopsis sp. (Valsaceae)', 'Pilocarpus riedelianus', 'Citrus sp. (Rutaceae)', 'Senna spectabilis (Fabaceae)', 'Tithonia diversifolia', 'Aspergillus terreus', 'Anacardium occidentale (Anacardiaceae)', 'Adiscanthus fusciflorus', 'Ottonia corcovadensis (Piperaceae)', 'Lantana lilacina (Verbenaceae)', 'Styrax camporum (Styracaceae)', 'Nigrospora sphaerica', 'Chaetomium globosum', 'Rapanea umbellata,Myrsine cuneifolia (Myrsinaceae)', 'Himatanthus sucuuba (Apocynaceae)', 'Swartzia langsdorfii (Fabaceae)', 'Cinnamomum australe (Lauraceae)', 'Ricinus communis (Euphorbiaceae)', 'Colletotrichum gloeosporioides (Phyllachoraceae)', 'Coussarea hydrangeifolia (Rubiaceae)', 'Tocoyena brasiliensis (Rubiaceae)', 'Pothomorphe umbellata (Piperaceae)', 'Senna multijuga (Fabaceae)', 'Cabralea canjerana', 'Humicola grisea', 'Phoma betae', 'Maytenus ilicifolia (Celastraceae)', 'Croton zehntneri (Euphorbiaceae)', 'Amorpha fruticosa', 'Metrodorea stipularis', 'Hortia oreadica', 'Nectandra grandiflora (Lauraceae)', 'Trichilia claussenii (Meliaceae)', 'Toona ciliata (Meliacee)', 'Cedrela odorata (Meliaceae)', 'Michelia champaca (Magnoliaceae)', 'Tephrosia candida', 'Conchocarpus heterophyllus (Rutaceae)', 'Streptomyces sp.', 'Neoraputia magnifica (Rutaceae)', 'Alibertia sessilis (Rubiaceae)', 'Penicillium corylophilum', 'Rudgea viburnioides (Rubiaceae)', 'Trichilia elegans (Meliaceae)', 'Aspergillus fumigatus', 'Khaya ivorensis', 'Neoraputia alba (Rutaceae)', 'Piper solmsianum', 'Raulinoa echinata (Rutaceae), Swietenia macrophylla (Meliaceae)', 'Cedrela fruticosa (Meliaceae), Neoraputia magnifica (Rutaceae), Neoraputia alba (Rutaceae)', 'Trichilia pallida', 'Cheiloclinium cognatum (Hippocrateaceae)', 'Casearia obliqua (Flacourtiaceae)', 'Balfourodendron riedelianum (Rutaceae)', 'Vochysia thyrsoidea', 'Spiranthera odoratissima St. odoratissima (Rutaceae)', 'Cedrela fissilis', 'Dalbergia riparia', 'Calycophyllum spruceanum (Rubiaceae)']]",doi_collectionSpecie
"['10.1021/np070312g', 'Senna spectabilis (Fabaceae)']","['10.1021/np070312g', ['Chimarrhis turbinata (Rubiaceae)', 'Tocoyena formosa (Rubiaceae)', 'Penicillium sp. (Trichocomaceae)', 'Eucalyptus maculata', 'Murraya paniculata', 'Pterogyne nitens (Fabaceae)', 'Periconia atropurpurea (Annonaceae)', 'Arrabidaea samydoides (Bignoniaceae)', 'Piper gaudichaudianum (Piperaceae)', 'Piper aduncum (Piperaceae)', 'Piper crassinervium (Piperaceae)', 'Swinglea glutinosa', 'Maytenus aquifolium (Celastraceae)', 'Raulinoa echinata (Rutaceae)', 'Piper hispidum (Piperaceae)', 'Chrysophyllum marginatum (Sapotaceae)', 'Cassia leptophylla (Fabaceae)', 'Casearia sylvestris (Flacourtiaceae)', 'Citrus sinensis (Rutaceae)', 'Stemodia foliosa (Scrophulariaceae)', 'Zingiber officinale', 'Iryanthera juruensis (Myristicaceae)', 'Esenbeckia leiocarpa', 'Vitex polygama (Verbenaceae)', 'Pilocarpus grandiflorus', 'Peperomia blanda (Piperaceae)', 'Mycoleptodiscus indicus', 'Xylaria sp. (Xylariaceae)', 'Piper hostmannianum (Piperaceae)', 'Hortia superba (Rutaceae)', 'Piper tuberculatum (Piperaceae)', 'Piper arboreum (Piperaceae)', 'Alchornea glandulosa (Euphorbiaceae)', 'Alibertia edulis (Rubiaceae)', 'Senna spectabilis (Fabaceae)', 'Phomopsis cassiae (Valsaceae)', 'Curvularia sp. (Pleosporaceae)', 'Alibertia macrophylla (Rubiaceae)', 'Almeidea rubra (Rutaceae)', 'Cnidoscolus vitifolius (Euphorbiaceae)', 'Galipea bracteata (Rutaceae)', 'Ouratea multiflora (Ochnaceae)', 'Dimorphandra mollis', 'Casearia rupestris (Salicaeae)', 'Styrax ferrugineus (Styracaceae)', 'Phomopsis sp. (Valsaceae)', 'Angostura paniculata (Rutaceae)', 'Peperomia obtusifolia (Piperaceae)', 'Cassia spectabilis (Fabaceae)', 'Rapanea lancifolia (Myrsinaceae)', 'Pilocarpus spicatus (Rutaceae)', 'Erythrina mulungu (Fabaceae)', 'Salacia campestris (Celastraceae)', 'Ottonia corcovadensis (Piperaceae)', 'Lantana lilacina (Verbenaceae)', 'Picramnia teapensis', 'Siphoneugena densiflora (Myrtaceae)', 'Pilocarpus riedelianus', 'Carapa guianensis', 'Fusarium oxysporum', 'Adiscanthus fusciflorus', 'Petiveria alliacea (Phytolaccaceae)', 'Citrus sp. (Rutaceae)', 'Aspergillus terreus', 'Tithonia diversifolia', 'Anacardium occidentale (Anacardiaceae)', 'Styrax camporum (Styracaceae)', 'Nigrospora sphaerica', 'Chaetomium globosum', 'Swartzia langsdorfii (Fabaceae)', 'Rapanea umbellata,Myrsine cuneifolia (Myrsinaceae)', 'Himatanthus sucuuba (Apocynaceae)', 'Cinnamomum australe (Lauraceae)', 'Ricinus communis (Euphorbiaceae)', 'Colletotrichum gloeosporioides (Phyllachoraceae)', 'Coussarea hydrangeifolia (Rubiaceae)', 'Tocoyena brasiliensis (Rubiaceae)', 'Pothomorphe umbellata (Piperaceae)', 'Senna multijuga (Fabaceae)', 'Cabralea canjerana', 'Humicola grisea', 'Phoma betae', 'Maytenus ilicifolia (Celastraceae)', 'Croton zehntneri (Euphorbiaceae)', 'Amorpha fruticosa', 'Metrodorea stipularis', 'Hortia oreadica', 'Nectandra grandiflora (Lauraceae)', 'Trichilia claussenii (Meliaceae)', 'Toona ciliata (Meliacee)', 'Cedrela odorata (Meliaceae)', 'Michelia champaca (Magnoliaceae)', 'Tephrosia candida', 'Conchocarpus heterophyllus (Rutaceae)', 'Streptomyces sp.', 'Neoraputia magnifica (Rutaceae)', 'Alibertia sessilis (Rubiaceae)', 'Penicillium corylophilum', 'Rudgea viburnioides (Rubiaceae)', 'Trichilia elegans (Meliaceae)', 'Aspergillus fumigatus', 'Khaya ivorensis', 'Neoraputia alba (Rutaceae)', 'Piper solmsianum', 'Raulinoa echinata (Rutaceae), Swietenia macrophylla (Meliaceae)', 'Cedrela fruticosa (Meliaceae), Neoraputia magnifica (Rutaceae), Neoraputia alba (Rutaceae)', 'Trichilia pallida', 'Cheiloclinium cognatum (Hippocrateaceae)', 'Casearia obliqua (Flacourtiaceae)', 'Balfourodendron riedelianum (Rutaceae)', 'Vochysia thyrsoidea', 'Spiranthera odoratissima St. odoratissima (Rutaceae)', 'Cedrela fissilis', 'Dalbergia riparia', 'Calycophyllum spruceanum (Rubiaceae)']]",doi_collectionSpecie
"['10.1515/znc-2009-11-1212', 'Penicillium sp. (Trichocomaceae)']","['10.1515/znc-2009-11-1212', ['Eucalyptus maculata', 'Tocoyena formosa (Rubiaceae)', 'Vitex polygama (Verbenaceae)', 'Casearia sylvestris (Flacourtiaceae)', 'Pterogyne nitens (Fabaceae)', 'Swinglea glutinosa', 'Chimarrhis turbinata (Rubiaceae)', 'Dimorphandra mollis', 'Carapa guianensis', 'Piper crassinervium (Piperaceae)', 'Pilocarpus grandiflorus', 'Stemodia foliosa (Scrophulariaceae)', 'Arrabidaea samydoides (Bignoniaceae)', 'Casearia rupestris (Salicaeae)', 'Alchornea glandulosa (Euphorbiaceae)', 'Murraya paniculata', 'Piper hispidum (Piperaceae)', 'Maytenus aquifolium (Celastraceae)', 'Zingiber officinale', 'Erythrina mulungu (Fabaceae)', 'Alibertia edulis (Rubiaceae)', 'Piper aduncum (Piperaceae)', 'Piper gaudichaudianum (Piperaceae)', 'Piper tuberculatum (Piperaceae)', 'Piper arboreum (Piperaceae)', 'Peperomia obtusifolia (Piperaceae)', 'Periconia atropurpurea (Annonaceae)', 'Cassia leptophylla (Fabaceae)', 'Esenbeckia leiocarpa', 'Styrax ferrugineus (Styracaceae)', 'Penicillium sp. (Trichocomaceae)', 'Rapanea lancifolia (Myrsinaceae)', 'Pilocarpus riedelianus', 'Citrus sinensis (Rutaceae)', 'Piper hostmannianum (Piperaceae)', 'Mycoleptodiscus indicus', 'Chrysophyllum marginatum (Sapotaceae)', 'Raulinoa echinata (Rutaceae)', 'Siphoneugena densiflora (Myrtaceae)', 'Ouratea multiflora (Ochnaceae)', 'Hortia superba (Rutaceae)', 'Fusarium oxysporum', 'Petiveria alliacea (Phytolaccaceae)', 'Galipea bracteata (Rutaceae)', 'Angostura paniculata (Rutaceae)', 'Xylaria sp. (Xylariaceae)', 'Phomopsis sp. (Valsaceae)', 'Phomopsis cassiae (Valsaceae)', 'Pilocarpus spicatus (Rutaceae)', 'Iryanthera juruensis (Myristicaceae)', 'Tithonia diversifolia', 'Aspergillus terreus', 'Almeidea rubra (Rutaceae)', 'Curvularia sp. (Pleosporaceae)', 'Peperomia blanda (Piperaceae)', 'Picramnia teapensis', 'Salacia campestris (Celastraceae)', 'Cassia spectabilis (Fabaceae)', 'Citrus sp. (Rutaceae)', 'Lantana lilacina (Verbenaceae)', 'Ottonia corcovadensis (Piperaceae)', 'Senna spectabilis (Fabaceae)', 'Alibertia macrophylla (Rubiaceae)', 'Anacardium occidentale (Anacardiaceae)', 'Cnidoscolus vitifolius (Euphorbiaceae)', 'Adiscanthus fusciflorus', 'Nigrospora sphaerica', 'Styrax camporum (Styracaceae)', 'Chaetomium globosum', 'Rapanea umbellata,Myrsine cuneifolia (Myrsinaceae)', 'Himatanthus sucuuba (Apocynaceae)', 'Swartzia langsdorfii (Fabaceae)', 'Cinnamomum australe (Lauraceae)', 'Ricinus communis (Euphorbiaceae)', 'Colletotrichum gloeosporioides (Phyllachoraceae)', 'Coussarea hydrangeifolia (Rubiaceae)', 'Tocoyena brasiliensis (Rubiaceae)', 'Pothomorphe umbellata (Piperaceae)', 'Senna multijuga (Fabaceae)', 'Cabralea canjerana', 'Humicola grisea', 'Phoma betae', 'Maytenus ilicifolia (Celastraceae)', 'Croton zehntneri (Euphorbiaceae)', 'Amorpha fruticosa', 'Metrodorea stipularis', 'Hortia oreadica', 'Nectandra grandiflora (Lauraceae)', 'Trichilia claussenii (Meliaceae)', 'Toona ciliata (Meliacee)', 'Cedrela odorata (Meliaceae)', 'Michelia champaca (Magnoliaceae)', 'Tephrosia candida', 'Conchocarpus heterophyllus (Rutaceae)', 'Streptomyces sp.', 'Neoraputia magnifica (Rutaceae)', 'Alibertia sessilis (Rubiaceae)', 'Penicillium corylophilum', 'Rudgea viburnioides (Rubiaceae)', 'Trichilia elegans (Meliaceae)', 'Aspergillus fumigatus', 'Khaya ivorensis', 'Neoraputia alba (Rutaceae)', 'Piper solmsianum', 'Raulinoa echinata (Rutaceae), Swietenia macrophylla (Meliaceae)', 'Cedrela fruticosa (Meliaceae), Neoraputia magnifica (Rutaceae), Neoraputia alba (Rutaceae)', 'Trichilia pallida', 'Cheiloclinium cognatum (Hippocrateaceae)', 'Casearia obliqua (Flacourtiaceae)', 'Balfourodendron riedelianum (Rutaceae)', 'Vochysia thyrsoidea', 'Spiranthera odoratissima St. odoratissima (Rutaceae)', 'Cedrela fissilis', 'Dalbergia riparia', 'Calycophyllum spruceanum (Rubiaceae)']]",doi_collectionSpecie
"['10.1021/jf100233y', 'Alchornea glandulosa (Euphorbiaceae)']","['10.1021/jf100233y', ['Casearia sylvestris (Flacourtiaceae)', 'Eucalyptus maculata', 'Pterogyne nitens (Fabaceae)', 'Dimorphandra mollis', 'Chimarrhis turbinata (Rubiaceae)', 'Tocoyena formosa (Rubiaceae)', 'Mycoleptodiscus indicus', 'Zingiber officinale', 'Swinglea glutinosa', 'Arrabidaea samydoides (Bignoniaceae)', 'Stemodia foliosa (Scrophulariaceae)', 'Vitex polygama (Verbenaceae)', 'Piper crassinervium (Piperaceae)', 'Erythrina mulungu (Fabaceae)', 'Maytenus aquifolium (Celastraceae)', 'Casearia rupestris (Salicaeae)', 'Alchornea glandulosa (Euphorbiaceae)', 'Esenbeckia leiocarpa', 'Periconia atropurpurea (Annonaceae)', 'Citrus sinensis (Rutaceae)', 'Piper arboreum (Piperaceae)', 'Piper tuberculatum (Piperaceae)', 'Almeidea rubra (Rutaceae)', 'Penicillium sp. (Trichocomaceae)', 'Alibertia edulis (Rubiaceae)', 'Carapa guianensis', 'Styrax ferrugineus (Styracaceae)', 'Raulinoa echinata (Rutaceae)', 'Pilocarpus spicatus (Rutaceae)', 'Piper gaudichaudianum (Piperaceae)', 'Piper aduncum (Piperaceae)', 'Peperomia obtusifolia (Piperaceae)', 'Rapanea lancifolia (Myrsinaceae)', 'Fusarium oxysporum', 'Chrysophyllum marginatum (Sapotaceae)', 'Piper hispidum (Piperaceae)', 'Cassia leptophylla (Fabaceae)', 'Ouratea multiflora (Ochnaceae)', 'Murraya paniculata', 'Hortia superba (Rutaceae)', 'Citrus sp. (Rutaceae)', 'Piper hostmannianum (Piperaceae)', 'Xylaria sp. (Xylariaceae)', 'Pilocarpus grandiflorus', 'Lantana lilacina (Verbenaceae)', 'Phomopsis cassiae (Valsaceae)', 'Tithonia diversifolia', 'Aspergillus terreus', 'Siphoneugena densiflora (Myrtaceae)', 'Phomopsis sp. (Valsaceae)', 'Cassia spectabilis (Fabaceae)', 'Petiveria alliacea (Phytolaccaceae)', 'Iryanthera juruensis (Myristicaceae)', 'Picramnia teapensis', 'Salacia campestris (Celastraceae)', 'Pilocarpus riedelianus', 'Angostura paniculata (Rutaceae)', 'Peperomia blanda (Piperaceae)', 'Galipea bracteata (Rutaceae)', 'Anacardium occidentale (Anacardiaceae)', 'Curvularia sp. (Pleosporaceae)', 'Senna spectabilis (Fabaceae)', 'Nigrospora sphaerica', 'Alibertia macrophylla (Rubiaceae)', 'Ottonia corcovadensis (Piperaceae)', 'Adiscanthus fusciflorus', 'Cnidoscolus vitifolius (Euphorbiaceae)', 'Styrax camporum (Styracaceae)', 'Chaetomium globosum', 'Rapanea umbellata,Myrsine cuneifolia (Myrsinaceae)', 'Himatanthus sucuuba (Apocynaceae)', 'Swartzia langsdorfii (Fabaceae)', 'Cinnamomum australe (Lauraceae)', 'Ricinus communis (Euphorbiaceae)', 'Colletotrichum gloeosporioides (Phyllachoraceae)', 'Coussarea hydrangeifolia (Rubiaceae)', 'Tocoyena brasiliensis (Rubiaceae)', 'Pothomorphe umbellata (Piperaceae)', 'Senna multijuga (Fabaceae)', 'Cabralea canjerana', 'Humicola grisea', 'Phoma betae', 'Maytenus ilicifolia (Celastraceae)', 'Croton zehntneri (Euphorbiaceae)', 'Amorpha fruticosa', 'Metrodorea stipularis', 'Hortia oreadica', 'Nectandra grandiflora (Lauraceae)', 'Trichilia claussenii (Meliaceae)', 'Toona ciliata (Meliacee)', 'Cedrela odorata (Meliaceae)', 'Michelia champaca (Magnoliaceae)', 'Tephrosia candida', 'Conchocarpus heterophyllus (Rutaceae)', 'Streptomyces sp.', 'Neoraputia magnifica (Rutaceae)', 'Alibertia sessilis (Rubiaceae)', 'Penicillium corylophilum', 'Rudgea viburnioides (Rubiaceae)', 'Trichilia elegans (Meliaceae)', 'Aspergillus fumigatus', 'Khaya ivorensis', 'Neoraputia alba (Rutaceae)', 'Piper solmsianum', 'Raulinoa echinata (Rutaceae), Swietenia macrophylla (Meliaceae)', 'Cedrela fruticosa (Meliaceae), Neoraputia magnifica (Rutaceae), Neoraputia alba (Rutaceae)', 'Trichilia pallida', 'Cheiloclinium cognatum (Hippocrateaceae)', 'Casearia obliqua (Flacourtiaceae)', 'Balfourodendron riedelianum (Rutaceae)', 'Vochysia thyrsoidea', 'Spiranthera odoratissima St. odoratissima (Rutaceae)', 'Cedrela fissilis', 'Dalbergia riparia', 'Calycophyllum spruceanum (Rubiaceae)']]",doi_collectionSpecie
"['10.1016/j.phytochem.2009.08.013', 'Khaya ivorensis']","['10.1016/j.phytochem.2009.08.013', ['Eucalyptus maculata', 'Dimorphandra mollis', 'Zingiber officinale', 'Casearia sylvestris (Flacourtiaceae)', 'Chimarrhis turbinata (Rubiaceae)', 'Pterogyne nitens (Fabaceae)', 'Tocoyena formosa (Rubiaceae)', 'Piper crassinervium (Piperaceae)', 'Vitex polygama (Verbenaceae)', 'Maytenus aquifolium (Celastraceae)', 'Swinglea glutinosa', 'Casearia rupestris (Salicaeae)', 'Stemodia foliosa (Scrophulariaceae)', 'Erythrina mulungu (Fabaceae)', 'Arrabidaea samydoides (Bignoniaceae)', 'Mycoleptodiscus indicus', 'Pilocarpus spicatus (Rutaceae)', 'Rapanea lancifolia (Myrsinaceae)', 'Peperomia obtusifolia (Piperaceae)', 'Murraya paniculata', 'Cassia leptophylla (Fabaceae)', 'Carapa guianensis', 'Periconia atropurpurea (Annonaceae)', 'Styrax ferrugineus (Styracaceae)', 'Citrus sinensis (Rutaceae)', 'Alchornea glandulosa (Euphorbiaceae)', 'Penicillium sp. (Trichocomaceae)', 'Piper tuberculatum (Piperaceae)', 'Piper arboreum (Piperaceae)', 'Esenbeckia leiocarpa', 'Chrysophyllum marginatum (Sapotaceae)', 'Fusarium oxysporum', 'Raulinoa echinata (Rutaceae)', 'Piper aduncum (Piperaceae)', 'Piper gaudichaudianum (Piperaceae)', 'Alibertia edulis (Rubiaceae)', 'Galipea bracteata (Rutaceae)', 'Pilocarpus grandiflorus', 'Iryanthera juruensis (Myristicaceae)', 'Piper hispidum (Piperaceae)', 'Ouratea multiflora (Ochnaceae)', 'Hortia superba (Rutaceae)', 'Piper hostmannianum (Piperaceae)', 'Xylaria sp. (Xylariaceae)', 'Pilocarpus riedelianus', 'Citrus sp. (Rutaceae)', 'Phomopsis sp. (Valsaceae)', 'Angostura paniculata (Rutaceae)', 'Lantana lilacina (Verbenaceae)', 'Almeidea rubra (Rutaceae)', 'Siphoneugena densiflora (Myrtaceae)', 'Picramnia teapensis', 'Petiveria alliacea (Phytolaccaceae)', 'Alibertia macrophylla (Rubiaceae)', 'Salacia campestris (Celastraceae)', 'Phomopsis cassiae (Valsaceae)', 'Cassia spectabilis (Fabaceae)', 'Anacardium occidentale (Anacardiaceae)', 'Tithonia diversifolia', 'Aspergillus terreus', 'Peperomia blanda (Piperaceae)', 'Curvularia sp. (Pleosporaceae)', 'Senna spectabilis (Fabaceae)', 'Ottonia corcovadensis (Piperaceae)', 'Cnidoscolus vitifolius (Euphorbiaceae)', 'Styrax camporum (Styracaceae)', 'Adiscanthus fusciflorus', 'Nigrospora sphaerica', 'Chaetomium globosum', 'Rapanea umbellata,Myrsine cuneifolia (Myrsinaceae)', 'Himatanthus sucuuba (Apocynaceae)', 'Swartzia langsdorfii (Fabaceae)', 'Cinnamomum australe (Lauraceae)', 'Ricinus communis (Euphorbiaceae)', 'Colletotrichum gloeosporioides (Phyllachoraceae)', 'Coussarea hydrangeifolia (Rubiaceae)', 'Tocoyena brasiliensis (Rubiaceae)', 'Pothomorphe umbellata (Piperaceae)', 'Senna multijuga (Fabaceae)', 'Cabralea canjerana', 'Humicola grisea', 'Phoma betae', 'Maytenus ilicifolia (Celastraceae)', 'Croton zehntneri (Euphorbiaceae)', 'Amorpha fruticosa', 'Metrodorea stipularis', 'Hortia oreadica', 'Nectandra grandiflora (Lauraceae)', 'Trichilia claussenii (Meliaceae)', 'Toona ciliata (Meliacee)', 'Cedrela odorata (Meliaceae)', 'Michelia champaca (Magnoliaceae)', 'Tephrosia candida', 'Conchocarpus heterophyllus (Rutaceae)', 'Streptomyces sp.', 'Neoraputia magnifica (Rutaceae)', 'Alibertia sessilis (Rubiaceae)', 'Penicillium corylophilum', 'Rudgea viburnioides (Rubiaceae)', 'Trichilia elegans (Meliaceae)', 'Aspergillus fumigatus', 'Khaya ivorensis', 'Neoraputia alba (Rutaceae)', 'Piper solmsianum', 'Raulinoa echinata (Rutaceae), Swietenia macrophylla (Meliaceae)', 'Cedrela fruticosa (Meliaceae), Neoraputia magnifica (Rutaceae), Neoraputia alba (Rutaceae)', 'Trichilia pallida', 'Cheiloclinium cognatum (Hippocrateaceae)', 'Casearia obliqua (Flacourtiaceae)', 'Balfourodendron riedelianum (Rutaceae)', 'Vochysia thyrsoidea', 'Spiranthera odoratissima St. odoratissima (Rutaceae)', 'Cedrela fissilis', 'Dalbergia riparia', 'Calycophyllum spruceanum (Rubiaceae)']]",doi_collectionSpecie
"['10.1016/j.jep.2007.09.020', 'Vitex polygama (Verbenaceae)']","['10.1016/j.jep.2007.09.020', ['Eucalyptus maculata', 'Pterogyne nitens (Fabaceae)', 'Casearia sylvestris (Flacourtiaceae)', 'Chimarrhis turbinata (Rubiaceae)', 'Tocoyena formosa (Rubiaceae)', 'Rapanea lancifolia (Myrsinaceae)', 'Arrabidaea samydoides (Bignoniaceae)', 'Swinglea glutinosa', 'Piper crassinervium (Piperaceae)', 'Almeidea rubra (Rutaceae)', 'Maytenus aquifolium (Celastraceae)', 'Dimorphandra mollis', 'Alchornea glandulosa (Euphorbiaceae)', 'Chrysophyllum marginatum (Sapotaceae)', 'Zingiber officinale', 'Piper arboreum (Piperaceae)', 'Piper tuberculatum (Piperaceae)', 'Erythrina mulungu (Fabaceae)', 'Vitex polygama (Verbenaceae)', 'Stemodia foliosa (Scrophulariaceae)', 'Esenbeckia leiocarpa', 'Pilocarpus riedelianus', 'Raulinoa echinata (Rutaceae)', 'Piper aduncum (Piperaceae)', 'Piper gaudichaudianum (Piperaceae)', 'Fusarium oxysporum', 'Citrus sinensis (Rutaceae)', 'Murraya paniculata', 'Carapa guianensis', 'Mycoleptodiscus indicus', 'Alibertia edulis (Rubiaceae)', 'Ouratea multiflora (Ochnaceae)', 'Penicillium sp. (Trichocomaceae)', 'Pilocarpus spicatus (Rutaceae)', 'Peperomia obtusifolia (Piperaceae)', 'Xylaria sp. (Xylariaceae)', 'Piper hostmannianum (Piperaceae)', 'Periconia atropurpurea (Annonaceae)', 'Phomopsis sp. (Valsaceae)', 'Citrus sp. (Rutaceae)', 'Piper hispidum (Piperaceae)', 'Styrax ferrugineus (Styracaceae)', 'Peperomia blanda (Piperaceae)', 'Cassia leptophylla (Fabaceae)', 'Pilocarpus grandiflorus', 'Casearia rupestris (Salicaeae)', 'Salacia campestris (Celastraceae)', 'Phomopsis cassiae (Valsaceae)', 'Hortia superba (Rutaceae)', 'Iryanthera juruensis (Myristicaceae)', 'Cassia spectabilis (Fabaceae)', 'Lantana lilacina (Verbenaceae)', 'Curvularia sp. (Pleosporaceae)', 'Senna spectabilis (Fabaceae)', 'Aspergillus terreus', 'Tithonia diversifolia', 'Siphoneugena densiflora (Myrtaceae)', 'Alibertia macrophylla (Rubiaceae)', 'Picramnia teapensis', 'Cnidoscolus vitifolius (Euphorbiaceae)', 'Petiveria alliacea (Phytolaccaceae)', 'Anacardium occidentale (Anacardiaceae)', 'Galipea bracteata (Rutaceae)', 'Angostura paniculata (Rutaceae)', 'Adiscanthus fusciflorus', 'Ottonia corcovadensis (Piperaceae)', 'Chaetomium globosum', 'Styrax camporum (Styracaceae)', 'Rapanea umbellata,Myrsine cuneifolia (Myrsinaceae)', 'Nigrospora sphaerica', 'Swartzia langsdorfii (Fabaceae)', 'Cinnamomum australe (Lauraceae)', 'Himatanthus sucuuba (Apocynaceae)', 'Ricinus communis (Euphorbiaceae)', 'Colletotrichum gloeosporioides (Phyllachoraceae)', 'Coussarea hydrangeifolia (Rubiaceae)', 'Tocoyena brasiliensis (Rubiaceae)', 'Pothomorphe umbellata (Piperaceae)', 'Senna multijuga (Fabaceae)', 'Cabralea canjerana', 'Humicola grisea', 'Phoma betae', 'Maytenus ilicifolia (Celastraceae)', 'Croton zehntneri (Euphorbiaceae)', 'Amorpha fruticosa', 'Metrodorea stipularis', 'Hortia oreadica', 'Nectandra grandiflora (Lauraceae)', 'Trichilia claussenii (Meliaceae)', 'Toona ciliata (Meliacee)', 'Cedrela odorata (Meliaceae)', 'Michelia champaca (Magnoliaceae)', 'Tephrosia candida', 'Conchocarpus heterophyllus (Rutaceae)', 'Streptomyces sp.', 'Neoraputia magnifica (Rutaceae)', 'Alibertia sessilis (Rubiaceae)', 'Penicillium corylophilum', 'Rudgea viburnioides (Rubiaceae)', 'Trichilia elegans (Meliaceae)', 'Aspergillus fumigatus', 'Khaya ivorensis', 'Neoraputia alba (Rutaceae)', 'Piper solmsianum', 'Raulinoa echinata (Rutaceae), Swietenia macrophylla (Meliaceae)', 'Cedrela fruticosa (Meliaceae), Neoraputia magnifica (Rutaceae), Neoraputia alba (Rutaceae)', 'Trichilia pallida', 'Cheiloclinium cognatum (Hippocrateaceae)', 'Casearia obliqua (Flacourtiaceae)', 'Balfourodendron riedelianum (Rutaceae)', 'Vochysia thyrsoidea', 'Spiranthera odoratissima St. odoratissima (Rutaceae)', 'Cedrela fissilis', 'Dalbergia riparia', 'Calycophyllum spruceanum (Rubiaceae)']]",doi_collectionSpecie
"['10.1055/s-0028-1088323', 'Cedrela fissilis']","['10.1055/s-0028-1088323', ['Eucalyptus maculata', 'Tocoyena formosa (Rubiaceae)', 'Vitex polygama (Verbenaceae)', 'Pterogyne nitens (Fabaceae)', 'Dimorphandra mollis', 'Swinglea glutinosa', 'Murraya paniculata', 'Periconia atropurpurea (Annonaceae)', 'Casearia sylvestris (Flacourtiaceae)', 'Casearia rupestris (Salicaeae)', 'Peperomia obtusifolia (Piperaceae)', 'Piper hispidum (Piperaceae)', 'Chimarrhis turbinata (Rubiaceae)', 'Penicillium sp. (Trichocomaceae)', 'Styrax ferrugineus (Styracaceae)', 'Alibertia edulis (Rubiaceae)', 'Piper arboreum (Piperaceae)', 'Piper tuberculatum (Piperaceae)', 'Stemodia foliosa (Scrophulariaceae)', 'Siphoneugena densiflora (Myrtaceae)', 'Hortia superba (Rutaceae)', 'Angostura paniculata (Rutaceae)', 'Zingiber officinale', 'Arrabidaea samydoides (Bignoniaceae)', 'Mycoleptodiscus indicus', 'Carapa guianensis', 'Piper crassinervium (Piperaceae)', 'Maytenus aquifolium (Celastraceae)', 'Xylaria sp. (Xylariaceae)', 'Chrysophyllum marginatum (Sapotaceae)', 'Erythrina mulungu (Fabaceae)', 'Esenbeckia leiocarpa', 'Piper gaudichaudianum (Piperaceae)', 'Piper aduncum (Piperaceae)', 'Ouratea multiflora (Ochnaceae)', 'Citrus sinensis (Rutaceae)', 'Cassia leptophylla (Fabaceae)', 'Pilocarpus grandiflorus', 'Alchornea glandulosa (Euphorbiaceae)', 'Picramnia teapensis', 'Fusarium oxysporum', 'Iryanthera juruensis (Myristicaceae)', 'Phomopsis cassiae (Valsaceae)', 'Rapanea lancifolia (Myrsinaceae)', 'Petiveria alliacea (Phytolaccaceae)', 'Galipea bracteata (Rutaceae)', 'Piper hostmannianum (Piperaceae)', 'Salacia campestris (Celastraceae)', 'Pilocarpus riedelianus', 'Pilocarpus spicatus (Rutaceae)', 'Curvularia sp. (Pleosporaceae)', 'Tithonia diversifolia', 'Aspergillus terreus', 'Raulinoa echinata (Rutaceae)', 'Phomopsis sp. (Valsaceae)', 'Citrus sp. (Rutaceae)', 'Almeidea rubra (Rutaceae)', 'Cassia spectabilis (Fabaceae)', 'Peperomia blanda (Piperaceae)', 'Anacardium occidentale (Anacardiaceae)', 'Alibertia macrophylla (Rubiaceae)', 'Ottonia corcovadensis (Piperaceae)', 'Styrax camporum (Styracaceae)', 'Cnidoscolus vitifolius (Euphorbiaceae)', 'Senna spectabilis (Fabaceae)', 'Nigrospora sphaerica', 'Lantana lilacina (Verbenaceae)', 'Chaetomium globosum', 'Himatanthus sucuuba (Apocynaceae)', 'Rapanea umbellata,Myrsine cuneifolia (Myrsinaceae)', 'Adiscanthus fusciflorus', 'Swartzia langsdorfii (Fabaceae)', 'Cinnamomum australe (Lauraceae)', 'Ricinus communis (Euphorbiaceae)', 'Colletotrichum gloeosporioides (Phyllachoraceae)', 'Coussarea hydrangeifolia (Rubiaceae)', 'Tocoyena brasiliensis (Rubiaceae)', 'Pothomorphe umbellata (Piperaceae)', 'Senna multijuga (Fabaceae)', 'Cabralea canjerana', 'Humicola grisea', 'Phoma betae', 'Maytenus ilicifolia (Celastraceae)', 'Croton zehntneri (Euphorbiaceae)', 'Amorpha fruticosa', 'Metrodorea stipularis', 'Hortia oreadica', 'Nectandra grandiflora (Lauraceae)', 'Trichilia claussenii (Meliaceae)', 'Toona ciliata (Meliacee)', 'Cedrela odorata (Meliaceae)', 'Michelia champaca (Magnoliaceae)', 'Tephrosia candida', 'Conchocarpus heterophyllus (Rutaceae)', 'Streptomyces sp.', 'Neoraputia magnifica (Rutaceae)', 'Alibertia sessilis (Rubiaceae)', 'Penicillium corylophilum', 'Rudgea viburnioides (Rubiaceae)', 'Trichilia elegans (Meliaceae)', 'Aspergillus fumigatus', 'Khaya ivorensis', 'Neoraputia alba (Rutaceae)', 'Piper solmsianum', 'Raulinoa echinata (Rutaceae), Swietenia macrophylla (Meliaceae)', 'Cedrela fruticosa (Meliaceae), Neoraputia magnifica (Rutaceae), Neoraputia alba (Rutaceae)', 'Trichilia pallida', 'Cheiloclinium cognatum (Hippocrateaceae)', 'Casearia obliqua (Flacourtiaceae)', 'Balfourodendron riedelianum (Rutaceae)', 'Vochysia thyrsoidea', 'Spiranthera odoratissima St. odoratissima (Rutaceae)', 'Cedrela fissilis', 'Dalbergia riparia', 'Calycophyllum spruceanum (Rubiaceae)']]",doi_collectionSpecie
"['10.1590/S0100-46702007000300002', 'Michelia champaca (Magnoliaceae)']","['10.1590/S0100-46702007000300002', ['Himatanthus sucuuba (Apocynaceae)', 'Styrax camporum (Styracaceae)', 'Swartzia langsdorfii (Fabaceae)', 'Cinnamomum australe (Lauraceae)', 'Chaetomium globosum', 'Rapanea umbellata,Myrsine cuneifolia (Myrsinaceae)', 'Xylaria sp. (Xylariaceae)', 'Pterogyne nitens (Fabaceae)', 'Fusarium oxysporum', 'Tocoyena formosa (Rubiaceae)', 'Eucalyptus maculata', 'Pilocarpus riedelianus', 'Rapanea lancifolia (Myrsinaceae)', 'Murraya paniculata', 'Chrysophyllum marginatum (Sapotaceae)', 'Ricinus communis (Euphorbiaceae)', 'Dimorphandra mollis', 'Vitex polygama (Verbenaceae)', 'Alibertia edulis (Rubiaceae)', 'Phomopsis sp. (Valsaceae)', 'Chimarrhis turbinata (Rubiaceae)', 'Peperomia obtusifolia (Piperaceae)', 'Salacia campestris (Celastraceae)', 'Siphoneugena densiflora (Myrtaceae)', 'Piper arboreum (Piperaceae)', 'Piper tuberculatum (Piperaceae)', 'Styrax ferrugineus (Styracaceae)', 'Pilocarpus grandiflorus', 'Piper crassinervium (Piperaceae)', 'Citrus sp. (Rutaceae)', 'Casearia sylvestris (Flacourtiaceae)', 'Erythrina mulungu (Fabaceae)', 'Piper hispidum (Piperaceae)', 'Carapa guianensis', 'Swinglea glutinosa', 'Curvularia sp. (Pleosporaceae)', 'Angostura paniculata (Rutaceae)', 'Esenbeckia leiocarpa', 'Ouratea multiflora (Ochnaceae)', 'Cnidoscolus vitifolius (Euphorbiaceae)', 'Citrus sinensis (Rutaceae)', 'Maytenus aquifolium (Celastraceae)', 'Periconia atropurpurea (Annonaceae)', 'Cassia leptophylla (Fabaceae)', 'Piper hostmannianum (Piperaceae)', 'Phomopsis cassiae (Valsaceae)', 'Alchornea glandulosa (Euphorbiaceae)', 'Arrabidaea samydoides (Bignoniaceae)', 'Hortia superba (Rutaceae)', 'Casearia rupestris (Salicaeae)', 'Anacardium occidentale (Anacardiaceae)', 'Stemodia foliosa (Scrophulariaceae)', 'Aspergillus terreus', 'Tithonia diversifolia', 'Adiscanthus fusciflorus', 'Petiveria alliacea (Phytolaccaceae)', 'Picramnia teapensis', 'Mycoleptodiscus indicus', 'Zingiber officinale', 'Almeidea rubra (Rutaceae)', 'Alibertia macrophylla (Rubiaceae)', 'Piper gaudichaudianum (Piperaceae)', 'Piper aduncum (Piperaceae)', 'Ottonia corcovadensis (Piperaceae)', 'Galipea bracteata (Rutaceae)', 'Peperomia blanda (Piperaceae)', 'Penicillium sp. (Trichocomaceae)', 'Raulinoa echinata (Rutaceae)', 'Iryanthera juruensis (Myristicaceae)', 'Pilocarpus spicatus (Rutaceae)', 'Cassia spectabilis (Fabaceae)', 'Lantana lilacina (Verbenaceae)', 'Nigrospora sphaerica', 'Senna spectabilis (Fabaceae)', 'Colletotrichum gloeosporioides (Phyllachoraceae)', 'Coussarea hydrangeifolia (Rubiaceae)', 'Tocoyena brasiliensis (Rubiaceae)', 'Pothomorphe umbellata (Piperaceae)', 'Senna multijuga (Fabaceae)', 'Cabralea canjerana', 'Humicola grisea', 'Phoma betae', 'Maytenus ilicifolia (Celastraceae)', 'Croton zehntneri (Euphorbiaceae)', 'Amorpha fruticosa', 'Metrodorea stipularis', 'Hortia oreadica', 'Nectandra grandiflora (Lauraceae)', 'Trichilia claussenii (Meliaceae)', 'Toona ciliata (Meliacee)', 'Cedrela odorata (Meliaceae)', 'Michelia champaca (Magnoliaceae)', 'Tephrosia candida', 'Conchocarpus heterophyllus (Rutaceae)', 'Streptomyces sp.', 'Neoraputia magnifica (Rutaceae)', 'Alibertia sessilis (Rubiaceae)', 'Penicillium corylophilum', 'Rudgea viburnioides (Rubiaceae)', 'Trichilia elegans (Meliaceae)', 'Aspergillus fumigatus', 'Khaya ivorensis', 'Neoraputia alba (Rutaceae)', 'Piper solmsianum', 'Raulinoa echinata (Rutaceae), Swietenia macrophylla (Meliaceae)', 'Cedrela fruticosa (Meliaceae), Neoraputia magnifica (Rutaceae), Neoraputia alba (Rutaceae)', 'Trichilia pallida', 'Cheiloclinium cognatum (Hippocrateaceae)', 'Casearia obliqua (Flacourtiaceae)', 'Balfourodendron riedelianum (Rutaceae)', 'Vochysia thyrsoidea', 'Spiranthera odoratissima St. odoratissima (Rutaceae)', 'Cedrela fissilis', 'Dalbergia riparia', 'Calycophyllum spruceanum (Rubiaceae)']]",doi_collectionSpecie
"['10.1590/S0100-40422009000600037', 'Trichilia elegans (Meliaceae)']","['10.1590/S0100-40422009000600037', ['Rapanea umbellata,Myrsine cuneifolia (Myrsinaceae)', 'Chaetomium globosum', 'Styrax camporum (Styracaceae)', 'Swartzia langsdorfii (Fabaceae)', 'Cinnamomum australe (Lauraceae)', 'Xylaria sp. (Xylariaceae)', 'Himatanthus sucuuba (Apocynaceae)', 'Pilocarpus riedelianus', 'Eucalyptus maculata', 'Pterogyne nitens (Fabaceae)', 'Phomopsis sp. (Valsaceae)', 'Tocoyena formosa (Rubiaceae)', 'Rapanea lancifolia (Myrsinaceae)', 'Fusarium oxysporum', 'Murraya paniculata', 'Dimorphandra mollis', 'Chimarrhis turbinata (Rubiaceae)', 'Chrysophyllum marginatum (Sapotaceae)', 'Salacia campestris (Celastraceae)', 'Piper crassinervium (Piperaceae)', 'Casearia sylvestris (Flacourtiaceae)', 'Vitex polygama (Verbenaceae)', 'Citrus sp. (Rutaceae)', 'Alibertia edulis (Rubiaceae)', 'Piper arboreum (Piperaceae)', 'Piper tuberculatum (Piperaceae)', 'Almeidea rubra (Rutaceae)', 'Citrus sinensis (Rutaceae)', 'Carapa guianensis', 'Swinglea glutinosa', 'Erythrina mulungu (Fabaceae)', 'Piper hostmannianum (Piperaceae)', 'Raulinoa echinata (Rutaceae)', 'Maytenus aquifolium (Celastraceae)', 'Arrabidaea samydoides (Bignoniaceae)', 'Phomopsis cassiae (Valsaceae)', 'Peperomia obtusifolia (Piperaceae)', 'Alchornea glandulosa (Euphorbiaceae)', 'Piper hispidum (Piperaceae)', 'Styrax ferrugineus (Styracaceae)', 'Piper aduncum (Piperaceae)', 'Piper gaudichaudianum (Piperaceae)', 'Siphoneugena densiflora (Myrtaceae)', 'Esenbeckia leiocarpa', 'Periconia atropurpurea (Annonaceae)', 'Peperomia blanda (Piperaceae)', 'Hortia superba (Rutaceae)', 'Stemodia foliosa (Scrophulariaceae)', 'Mycoleptodiscus indicus', 'Cassia spectabilis (Fabaceae)', 'Pilocarpus spicatus (Rutaceae)', 'Ricinus communis (Euphorbiaceae)', 'Pilocarpus grandiflorus', 'Alibertia macrophylla (Rubiaceae)', 'Galipea bracteata (Rutaceae)', 'Angostura paniculata (Rutaceae)', 'Adiscanthus fusciflorus', 'Picramnia teapensis', 'Penicillium sp. (Trichocomaceae)', 'Zingiber officinale', 'Cnidoscolus vitifolius (Euphorbiaceae)', 'Aspergillus terreus', 'Tithonia diversifolia', 'Ouratea multiflora (Ochnaceae)', 'Cassia leptophylla (Fabaceae)', 'Anacardium occidentale (Anacardiaceae)', 'Iryanthera juruensis (Myristicaceae)', 'Casearia rupestris (Salicaeae)', 'Curvularia sp. (Pleosporaceae)', 'Petiveria alliacea (Phytolaccaceae)', 'Ottonia corcovadensis (Piperaceae)', 'Lantana lilacina (Verbenaceae)', 'Senna spectabilis (Fabaceae)', 'Nigrospora sphaerica', 'Colletotrichum gloeosporioides (Phyllachoraceae)', 'Coussarea hydrangeifolia (Rubiaceae)', 'Tocoyena brasiliensis (Rubiaceae)', 'Pothomorphe umbellata (Piperaceae)', 'Senna multijuga (Fabaceae)', 'Cabralea canjerana', 'Humicola grisea', 'Phoma betae', 'Maytenus ilicifolia (Celastraceae)', 'Croton zehntneri (Euphorbiaceae)', 'Amorpha fruticosa', 'Metrodorea stipularis', 'Hortia oreadica', 'Nectandra grandiflora (Lauraceae)', 'Trichilia claussenii (Meliaceae)', 'Toona ciliata (Meliacee)', 'Cedrela odorata (Meliaceae)', 'Michelia champaca (Magnoliaceae)', 'Tephrosia candida', 'Conchocarpus heterophyllus (Rutaceae)', 'Streptomyces sp.', 'Neoraputia magnifica (Rutaceae)', 'Alibertia sessilis (Rubiaceae)', 'Penicillium corylophilum', 'Rudgea viburnioides (Rubiaceae)', 'Trichilia elegans (Meliaceae)', 'Aspergillus fumigatus', 'Khaya ivorensis', 'Neoraputia alba (Rutaceae)', 'Piper solmsianum', 'Raulinoa echinata (Rutaceae), Swietenia macrophylla (Meliaceae)', 'Cedrela fruticosa (Meliaceae), Neoraputia magnifica (Rutaceae), Neoraputia alba (Rutaceae)', 'Trichilia pallida', 'Cheiloclinium cognatum (Hippocrateaceae)', 'Casearia obliqua (Flacourtiaceae)', 'Balfourodendron riedelianum (Rutaceae)', 'Vochysia thyrsoidea', 'Spiranthera odoratissima St. odoratissima (Rutaceae)', 'Cedrela fissilis', 'Dalbergia riparia', 'Calycophyllum spruceanum (Rubiaceae)']]",doi_collectionSpecie
"['10.1515/znc-2002-5-602', 'Tephrosia candida']","['10.1515/znc-2002-5-602', ['Vitex polygama (Verbenaceae)', 'Eucalyptus maculata', 'Tocoyena formosa (Rubiaceae)', 'Pterogyne nitens (Fabaceae)', 'Dimorphandra mollis', 'Casearia sylvestris (Flacourtiaceae)', 'Carapa guianensis', 'Mycoleptodiscus indicus', 'Pilocarpus grandiflorus', 'Arrabidaea samydoides (Bignoniaceae)', 'Murraya paniculata', 'Hortia superba (Rutaceae)', 'Periconia atropurpurea (Annonaceae)', 'Swinglea glutinosa', 'Angostura paniculata (Rutaceae)', 'Penicillium sp. (Trichocomaceae)', 'Chimarrhis turbinata (Rubiaceae)', 'Styrax ferrugineus (Styracaceae)', 'Citrus sinensis (Rutaceae)', 'Alibertia edulis (Rubiaceae)', 'Piper tuberculatum (Piperaceae)', 'Piper arboreum (Piperaceae)', 'Siphoneugena densiflora (Myrtaceae)', 'Esenbeckia leiocarpa', 'Galipea bracteata (Rutaceae)', 'Stemodia foliosa (Scrophulariaceae)', 'Piper hispidum (Piperaceae)', 'Iryanthera juruensis (Myristicaceae)', 'Picramnia teapensis', 'Xylaria sp. (Xylariaceae)', 'Phomopsis cassiae (Valsaceae)', 'Zingiber officinale', 'Casearia rupestris (Salicaeae)', 'Piper gaudichaudianum (Piperaceae)', 'Piper aduncum (Piperaceae)', 'Maytenus aquifolium (Celastraceae)', 'Erythrina mulungu (Fabaceae)', 'Salacia campestris (Celastraceae)', 'Piper crassinervium (Piperaceae)', 'Cassia leptophylla (Fabaceae)', 'Phomopsis sp. (Valsaceae)', 'Peperomia obtusifolia (Piperaceae)', 'Chrysophyllum marginatum (Sapotaceae)', 'Pilocarpus spicatus (Rutaceae)', 'Raulinoa echinata (Rutaceae)', 'Petiveria alliacea (Phytolaccaceae)', 'Cassia spectabilis (Fabaceae)', 'Alchornea glandulosa (Euphorbiaceae)', 'Ouratea multiflora (Ochnaceae)', 'Pilocarpus riedelianus', 'Citrus sp. (Rutaceae)', 'Anacardium occidentale (Anacardiaceae)', 'Fusarium oxysporum', 'Styrax camporum (Styracaceae)', 'Curvularia sp. (Pleosporaceae)', 'Almeidea rubra (Rutaceae)', 'Peperomia blanda (Piperaceae)', 'Rapanea lancifolia (Myrsinaceae)', 'Piper hostmannianum (Piperaceae)', 'Alibertia macrophylla (Rubiaceae)', 'Aspergillus terreus', 'Tithonia diversifolia', 'Senna spectabilis (Fabaceae)', 'Ottonia corcovadensis (Piperaceae)', 'Cnidoscolus vitifolius (Euphorbiaceae)', 'Chaetomium globosum', 'Nigrospora sphaerica', 'Rapanea umbellata,Myrsine cuneifolia (Myrsinaceae)', 'Himatanthus sucuuba (Apocynaceae)', 'Adiscanthus fusciflorus', 'Lantana lilacina (Verbenaceae)', 'Swartzia langsdorfii (Fabaceae)', 'Cinnamomum australe (Lauraceae)', 'Ricinus communis (Euphorbiaceae)', 'Colletotrichum gloeosporioides (Phyllachoraceae)', 'Coussarea hydrangeifolia (Rubiaceae)', 'Tocoyena brasiliensis (Rubiaceae)', 'Pothomorphe umbellata (Piperaceae)', 'Senna multijuga (Fabaceae)', 'Cabralea canjerana', 'Humicola grisea', 'Phoma betae', 'Maytenus ilicifolia (Celastraceae)', 'Croton zehntneri (Euphorbiaceae)', 'Amorpha fruticosa', 'Metrodorea stipularis', 'Hortia oreadica', 'Nectandra grandiflora (Lauraceae)', 'Trichilia claussenii (Meliaceae)', 'Toona ciliata (Meliacee)', 'Cedrela odorata (Meliaceae)', 'Michelia champaca (Magnoliaceae)', 'Tephrosia candida', 'Conchocarpus heterophyllus (Rutaceae)', 'Streptomyces sp.', 'Neoraputia magnifica (Rutaceae)', 'Alibertia sessilis (Rubiaceae)', 'Penicillium corylophilum', 'Rudgea viburnioides (Rubiaceae)', 'Trichilia elegans (Meliaceae)', 'Aspergillus fumigatus', 'Khaya ivorensis', 'Neoraputia alba (Rutaceae)', 'Piper solmsianum', 'Raulinoa echinata (Rutaceae), Swietenia macrophylla (Meliaceae)', 'Cedrela fruticosa (Meliaceae), Neoraputia magnifica (Rutaceae), Neoraputia alba (Rutaceae)', 'Trichilia pallida', 'Cheiloclinium cognatum (Hippocrateaceae)', 'Casearia obliqua (Flacourtiaceae)', 'Balfourodendron riedelianum (Rutaceae)', 'Vochysia thyrsoidea', 'Spiranthera odoratissima St. odoratissima (Rutaceae)', 'Cedrela fissilis', 'Dalbergia riparia', 'Calycophyllum spruceanum (Rubiaceae)']]",doi_collectionSpecie
"['10.1016/j.phytochem.2005.06.019', 'Coussarea hydrangeifolia (Rubiaceae)']","['10.1016/j.phytochem.2005.06.019', ['Eucalyptus maculata', 'Phomopsis cassiae (Valsaceae)', 'Peperomia blanda (Piperaceae)', 'Tocoyena formosa (Rubiaceae)', 'Swinglea glutinosa', 'Chimarrhis turbinata (Rubiaceae)', 'Raulinoa echinata (Rutaceae)', 'Pterogyne nitens (Fabaceae)', 'Phomopsis sp. (Valsaceae)', 'Piper crassinervium (Piperaceae)', 'Casearia sylvestris (Flacourtiaceae)', 'Piper hostmannianum (Piperaceae)', 'Arrabidaea samydoides (Bignoniaceae)', 'Vitex polygama (Verbenaceae)', 'Piper arboreum (Piperaceae)', 'Piper tuberculatum (Piperaceae)', 'Murraya paniculata', 'Piper gaudichaudianum (Piperaceae)', 'Piper aduncum (Piperaceae)', 'Piper hispidum (Piperaceae)', 'Styrax ferrugineus (Styracaceae)', 'Alchornea glandulosa (Euphorbiaceae)', 'Periconia atropurpurea (Annonaceae)', 'Curvularia sp. (Pleosporaceae)', 'Maytenus aquifolium (Celastraceae)', 'Cassia spectabilis (Fabaceae)', 'Almeidea rubra (Rutaceae)', 'Citrus sp. (Rutaceae)', 'Citrus sinensis (Rutaceae)', 'Rapanea lancifolia (Myrsinaceae)', 'Dimorphandra mollis', 'Salacia campestris (Celastraceae)', 'Picramnia teapensis', 'Stemodia foliosa (Scrophulariaceae)', 'Chrysophyllum marginatum (Sapotaceae)', 'Zingiber officinale', 'Alibertia edulis (Rubiaceae)', 'Hortia superba (Rutaceae)', 'Penicillium sp. (Trichocomaceae)', 'Mycoleptodiscus indicus', 'Xylaria sp. (Xylariaceae)', 'Cassia leptophylla (Fabaceae)', 'Pilocarpus spicatus (Rutaceae)', 'Pilocarpus riedelianus', 'Peperomia obtusifolia (Piperaceae)', 'Iryanthera juruensis (Myristicaceae)', 'Pilocarpus grandiflorus', 'Petiveria alliacea (Phytolaccaceae)', 'Erythrina mulungu (Fabaceae)', 'Casearia rupestris (Salicaeae)', 'Siphoneugena densiflora (Myrtaceae)', 'Carapa guianensis', 'Esenbeckia leiocarpa', 'Cnidoscolus vitifolius (Euphorbiaceae)', 'Ouratea multiflora (Ochnaceae)', 'Alibertia macrophylla (Rubiaceae)', 'Fusarium oxysporum', 'Angostura paniculata (Rutaceae)', 'Galipea bracteata (Rutaceae)', 'Aspergillus terreus', 'Tithonia diversifolia', 'Adiscanthus fusciflorus', 'Ottonia corcovadensis (Piperaceae)', 'Lantana lilacina (Verbenaceae)', 'Anacardium occidentale (Anacardiaceae)', 'Senna spectabilis (Fabaceae)', 'Styrax camporum (Styracaceae)', 'Chaetomium globosum', 'Rapanea umbellata,Myrsine cuneifolia (Myrsinaceae)', 'Nigrospora sphaerica', 'Swartzia langsdorfii (Fabaceae)', 'Himatanthus sucuuba (Apocynaceae)', 'Cinnamomum australe (Lauraceae)', 'Ricinus communis (Euphorbiaceae)', 'Colletotrichum gloeosporioides (Phyllachoraceae)', 'Coussarea hydrangeifolia (Rubiaceae)', 'Tocoyena brasiliensis (Rubiaceae)', 'Pothomorphe umbellata (Piperaceae)', 'Senna multijuga (Fabaceae)', 'Cabralea canjerana', 'Humicola grisea', 'Phoma betae', 'Maytenus ilicifolia (Celastraceae)', 'Croton zehntneri (Euphorbiaceae)', 'Amorpha fruticosa', 'Metrodorea stipularis', 'Hortia oreadica', 'Nectandra grandiflora (Lauraceae)', 'Trichilia claussenii (Meliaceae)', 'Toona ciliata (Meliacee)', 'Cedrela odorata (Meliaceae)', 'Michelia champaca (Magnoliaceae)', 'Tephrosia candida', 'Conchocarpus heterophyllus (Rutaceae)', 'Streptomyces sp.', 'Neoraputia magnifica (Rutaceae)', 'Alibertia sessilis (Rubiaceae)', 'Penicillium corylophilum', 'Rudgea viburnioides (Rubiaceae)', 'Trichilia elegans (Meliaceae)', 'Aspergillus fumigatus', 'Khaya ivorensis', 'Neoraputia alba (Rutaceae)', 'Piper solmsianum', 'Raulinoa echinata (Rutaceae), Swietenia macrophylla (Meliaceae)', 'Cedrela fruticosa (Meliaceae), Neoraputia magnifica (Rutaceae), Neoraputia alba (Rutaceae)', 'Trichilia pallida', 'Cheiloclinium cognatum (Hippocrateaceae)', 'Casearia obliqua (Flacourtiaceae)', 'Balfourodendron riedelianum (Rutaceae)', 'Vochysia thyrsoidea', 'Spiranthera odoratissima St. odoratissima (Rutaceae)', 'Cedrela fissilis', 'Dalbergia riparia', 'Calycophyllum spruceanum (Rubiaceae)']]",doi_collectionSpecie
"['10.1590/S0103-50532005000800029', 'Phomopsis cassiae (Valsaceae)']","['10.1590/S0103-50532005000800029', ['Eucalyptus maculata', 'Tocoyena formosa (Rubiaceae)', 'Murraya paniculata', 'Chimarrhis turbinata (Rubiaceae)', 'Pterogyne nitens (Fabaceae)', 'Swinglea glutinosa', 'Pilocarpus riedelianus', 'Vitex polygama (Verbenaceae)', 'Casearia sylvestris (Flacourtiaceae)', 'Dimorphandra mollis', 'Piper crassinervium (Piperaceae)', 'Arrabidaea samydoides (Bignoniaceae)', 'Piper hispidum (Piperaceae)', 'Periconia atropurpurea (Annonaceae)', 'Piper gaudichaudianum (Piperaceae)', 'Piper aduncum (Piperaceae)', 'Piper arboreum (Piperaceae)', 'Piper tuberculatum (Piperaceae)', 'Chrysophyllum marginatum (Sapotaceae)', 'Alibertia edulis (Rubiaceae)', 'Maytenus aquifolium (Celastraceae)', 'Phomopsis sp. (Valsaceae)', 'Penicillium sp. (Trichocomaceae)', 'Stemodia foliosa (Scrophulariaceae)', 'Salacia campestris (Celastraceae)', 'Rapanea lancifolia (Myrsinaceae)', 'Piper hostmannianum (Piperaceae)', 'Citrus sinensis (Rutaceae)', 'Xylaria sp. (Xylariaceae)', 'Iryanthera juruensis (Myristicaceae)', 'Alchornea glandulosa (Euphorbiaceae)', 'Fusarium oxysporum', 'Raulinoa echinata (Rutaceae)', 'Pilocarpus grandiflorus', 'Zingiber officinale', 'Erythrina mulungu (Fabaceae)', 'Peperomia obtusifolia (Piperaceae)', 'Mycoleptodiscus indicus', 'Phomopsis cassiae (Valsaceae)', 'Siphoneugena densiflora (Myrtaceae)', 'Styrax ferrugineus (Styracaceae)', 'Esenbeckia leiocarpa', 'Angostura paniculata (Rutaceae)', 'Peperomia blanda (Piperaceae)', 'Almeidea rubra (Rutaceae)', 'Carapa guianensis', 'Ouratea multiflora (Ochnaceae)', 'Hortia superba (Rutaceae)', 'Casearia rupestris (Salicaeae)', 'Cassia leptophylla (Fabaceae)', 'Picramnia teapensis', 'Curvularia sp. (Pleosporaceae)', 'Citrus sp. (Rutaceae)', 'Alibertia macrophylla (Rubiaceae)', 'Cassia spectabilis (Fabaceae)', 'Galipea bracteata (Rutaceae)', 'Pilocarpus spicatus (Rutaceae)', 'Cnidoscolus vitifolius (Euphorbiaceae)', 'Aspergillus terreus', 'Tithonia diversifolia', 'Petiveria alliacea (Phytolaccaceae)', 'Senna spectabilis (Fabaceae)', 'Rapanea umbellata,Myrsine cuneifolia (Myrsinaceae)', 'Chaetomium globosum', 'Anacardium occidentale (Anacardiaceae)', 'Styrax camporum (Styracaceae)', 'Ottonia corcovadensis (Piperaceae)', 'Lantana lilacina (Verbenaceae)', 'Adiscanthus fusciflorus', 'Nigrospora sphaerica', 'Himatanthus sucuuba (Apocynaceae)', 'Swartzia langsdorfii (Fabaceae)', 'Cinnamomum australe (Lauraceae)', 'Ricinus communis (Euphorbiaceae)', 'Colletotrichum gloeosporioides (Phyllachoraceae)', 'Coussarea hydrangeifolia (Rubiaceae)', 'Tocoyena brasiliensis (Rubiaceae)', 'Pothomorphe umbellata (Piperaceae)', 'Senna multijuga (Fabaceae)', 'Cabralea canjerana', 'Humicola grisea', 'Phoma betae', 'Maytenus ilicifolia (Celastraceae)', 'Croton zehntneri (Euphorbiaceae)', 'Amorpha fruticosa', 'Metrodorea stipularis', 'Hortia oreadica', 'Nectandra grandiflora (Lauraceae)', 'Trichilia claussenii (Meliaceae)', 'Toona ciliata (Meliacee)', 'Cedrela odorata (Meliaceae)', 'Michelia champaca (Magnoliaceae)', 'Tephrosia candida', 'Conchocarpus heterophyllus (Rutaceae)', 'Streptomyces sp.', 'Neoraputia magnifica (Rutaceae)', 'Alibertia sessilis (Rubiaceae)', 'Penicillium corylophilum', 'Rudgea viburnioides (Rubiaceae)', 'Trichilia elegans (Meliaceae)', 'Aspergillus fumigatus', 'Khaya ivorensis', 'Neoraputia alba (Rutaceae)', 'Piper solmsianum', 'Raulinoa echinata (Rutaceae), Swietenia macrophylla (Meliaceae)', 'Cedrela fruticosa (Meliaceae), Neoraputia magnifica (Rutaceae), Neoraputia alba (Rutaceae)', 'Trichilia pallida', 'Cheiloclinium cognatum (Hippocrateaceae)', 'Casearia obliqua (Flacourtiaceae)', 'Balfourodendron riedelianum (Rutaceae)', 'Vochysia thyrsoidea', 'Spiranthera odoratissima St. odoratissima (Rutaceae)', 'Cedrela fissilis', 'Dalbergia riparia', 'Calycophyllum spruceanum (Rubiaceae)']]",doi_collectionSpecie
"['10.1590/S0103-50532006000300017', 'Cedrela fissilis']","['10.1590/S0103-50532006000300017', ['Pilocarpus riedelianus', 'Eucalyptus maculata', 'Murraya paniculata', 'Tocoyena formosa (Rubiaceae)', 'Phomopsis sp. (Valsaceae)', 'Vitex polygama (Verbenaceae)', 'Chimarrhis turbinata (Rubiaceae)', 'Dimorphandra mollis', 'Piper aduncum (Piperaceae)', 'Piper gaudichaudianum (Piperaceae)', 'Piper hostmannianum (Piperaceae)', 'Pterogyne nitens (Fabaceae)', 'Swinglea glutinosa', 'Piper crassinervium (Piperaceae)', 'Salacia campestris (Celastraceae)', 'Casearia sylvestris (Flacourtiaceae)', 'Rapanea lancifolia (Myrsinaceae)', 'Raulinoa echinata (Rutaceae)', 'Chaetomium globosum', 'Carapa guianensis', 'Fusarium oxysporum', 'Chrysophyllum marginatum (Sapotaceae)', 'Rapanea umbellata,Myrsine cuneifolia (Myrsinaceae)', 'Alibertia edulis (Rubiaceae)', 'Maytenus aquifolium (Celastraceae)', 'Alchornea glandulosa (Euphorbiaceae)', 'Piper hispidum (Piperaceae)', 'Arrabidaea samydoides (Bignoniaceae)', 'Erythrina mulungu (Fabaceae)', 'Xylaria sp. (Xylariaceae)', 'Citrus sp. (Rutaceae)', 'Periconia atropurpurea (Annonaceae)', 'Citrus sinensis (Rutaceae)', 'Pilocarpus grandiflorus', 'Piper tuberculatum (Piperaceae)', 'Piper arboreum (Piperaceae)', 'Siphoneugena densiflora (Myrtaceae)', 'Cassia spectabilis (Fabaceae)', 'Stemodia foliosa (Scrophulariaceae)', 'Hortia superba (Rutaceae)', 'Pilocarpus spicatus (Rutaceae)', 'Curvularia sp. (Pleosporaceae)', 'Picramnia teapensis', 'Phomopsis cassiae (Valsaceae)', 'Peperomia obtusifolia (Piperaceae)', 'Mycoleptodiscus indicus', 'Zingiber officinale', 'Tithonia diversifolia', 'Aspergillus terreus', 'Styrax camporum (Styracaceae)', 'Casearia rupestris (Salicaeae)', 'Styrax ferrugineus (Styracaceae)', 'Peperomia blanda (Piperaceae)', 'Alibertia macrophylla (Rubiaceae)', 'Cassia leptophylla (Fabaceae)', 'Penicillium sp. (Trichocomaceae)', 'Senna spectabilis (Fabaceae)', 'Esenbeckia leiocarpa', 'Almeidea rubra (Rutaceae)', 'Galipea bracteata (Rutaceae)', 'Iryanthera juruensis (Myristicaceae)', 'Ouratea multiflora (Ochnaceae)', 'Angostura paniculata (Rutaceae)', 'Cnidoscolus vitifolius (Euphorbiaceae)', 'Petiveria alliacea (Phytolaccaceae)', 'Swartzia langsdorfii (Fabaceae)', 'Lantana lilacina (Verbenaceae)', 'Anacardium occidentale (Anacardiaceae)', 'Adiscanthus fusciflorus', 'Ottonia corcovadensis (Piperaceae)', 'Himatanthus sucuuba (Apocynaceae)', 'Cinnamomum australe (Lauraceae)', 'Nigrospora sphaerica', 'Ricinus communis (Euphorbiaceae)', 'Colletotrichum gloeosporioides (Phyllachoraceae)', 'Coussarea hydrangeifolia (Rubiaceae)', 'Tocoyena brasiliensis (Rubiaceae)', 'Pothomorphe umbellata (Piperaceae)', 'Senna multijuga (Fabaceae)', 'Cabralea canjerana', 'Humicola grisea', 'Phoma betae', 'Maytenus ilicifolia (Celastraceae)', 'Croton zehntneri (Euphorbiaceae)', 'Amorpha fruticosa', 'Metrodorea stipularis', 'Hortia oreadica', 'Nectandra grandiflora (Lauraceae)', 'Trichilia claussenii (Meliaceae)', 'Toona ciliata (Meliacee)', 'Cedrela odorata (Meliaceae)', 'Michelia champaca (Magnoliaceae)', 'Tephrosia candida', 'Conchocarpus heterophyllus (Rutaceae)', 'Streptomyces sp.', 'Neoraputia magnifica (Rutaceae)', 'Alibertia sessilis (Rubiaceae)', 'Penicillium corylophilum', 'Rudgea viburnioides (Rubiaceae)', 'Trichilia elegans (Meliaceae)', 'Aspergillus fumigatus', 'Khaya ivorensis', 'Neoraputia alba (Rutaceae)', 'Piper solmsianum', 'Raulinoa echinata (Rutaceae), Swietenia macrophylla (Meliaceae)', 'Cedrela fruticosa (Meliaceae), Neoraputia magnifica (Rutaceae), Neoraputia alba (Rutaceae)', 'Trichilia pallida', 'Cheiloclinium cognatum (Hippocrateaceae)', 'Casearia obliqua (Flacourtiaceae)', 'Balfourodendron riedelianum (Rutaceae)', 'Vochysia thyrsoidea', 'Spiranthera odoratissima St. odoratissima (Rutaceae)', 'Cedrela fissilis', 'Dalbergia riparia', 'Calycophyllum spruceanum (Rubiaceae)']]",doi_collectionSpecie
"['10.1021/np1007476', 'Chimarrhis turbinata (Rubiaceae)']","['10.1021/np1007476', ['Vitex polygama (Verbenaceae)', 'Eucalyptus maculata', 'Tocoyena formosa (Rubiaceae)', 'Arrabidaea samydoides (Bignoniaceae)', 'Swinglea glutinosa', 'Pterogyne nitens (Fabaceae)', 'Chimarrhis turbinata (Rubiaceae)', 'Casearia sylvestris (Flacourtiaceae)', 'Piper hispidum (Piperaceae)', 'Dimorphandra mollis', 'Mycoleptodiscus indicus', 'Periconia atropurpurea (Annonaceae)', 'Alibertia edulis (Rubiaceae)', 'Murraya paniculata', 'Stemodia foliosa (Scrophulariaceae)', 'Casearia rupestris (Salicaeae)', 'Styrax ferrugineus (Styracaceae)', 'Penicillium sp. (Trichocomaceae)', 'Piper arboreum (Piperaceae)', 'Piper tuberculatum (Piperaceae)', 'Hortia superba (Rutaceae)', 'Erythrina mulungu (Fabaceae)', 'Siphoneugena densiflora (Myrtaceae)', 'Esenbeckia leiocarpa', 'Piper crassinervium (Piperaceae)', 'Zingiber officinale', 'Cassia leptophylla (Fabaceae)', 'Maytenus aquifolium (Celastraceae)', 'Alchornea glandulosa (Euphorbiaceae)', 'Citrus sinensis (Rutaceae)', 'Piper aduncum (Piperaceae)', 'Piper gaudichaudianum (Piperaceae)', 'Angostura paniculata (Rutaceae)', 'Carapa guianensis', 'Raulinoa echinata (Rutaceae)', 'Chrysophyllum marginatum (Sapotaceae)', 'Phomopsis cassiae (Valsaceae)', 'Pilocarpus grandiflorus', 'Xylaria sp. (Xylariaceae)', 'Peperomia obtusifolia (Piperaceae)', 'Galipea bracteata (Rutaceae)', 'Picramnia teapensis', 'Pilocarpus spicatus (Rutaceae)', 'Ouratea multiflora (Ochnaceae)', 'Salacia campestris (Celastraceae)', 'Pilocarpus riedelianus', 'Piper hostmannianum (Piperaceae)', 'Curvularia sp. (Pleosporaceae)', 'Iryanthera juruensis (Myristicaceae)', 'Phomopsis sp. (Valsaceae)', 'Fusarium oxysporum', 'Petiveria alliacea (Phytolaccaceae)', 'Aspergillus terreus', 'Tithonia diversifolia', 'Peperomia blanda (Piperaceae)', 'Almeidea rubra (Rutaceae)', 'Rapanea lancifolia (Myrsinaceae)', 'Cassia spectabilis (Fabaceae)', 'Citrus sp. (Rutaceae)', 'Anacardium occidentale (Anacardiaceae)', 'Senna spectabilis (Fabaceae)', 'Alibertia macrophylla (Rubiaceae)', 'Cnidoscolus vitifolius (Euphorbiaceae)', 'Lantana lilacina (Verbenaceae)', 'Ottonia corcovadensis (Piperaceae)', 'Adiscanthus fusciflorus', 'Styrax camporum (Styracaceae)', 'Nigrospora sphaerica', 'Chaetomium globosum', 'Rapanea umbellata,Myrsine cuneifolia (Myrsinaceae)', 'Himatanthus sucuuba (Apocynaceae)', 'Swartzia langsdorfii (Fabaceae)', 'Cinnamomum australe (Lauraceae)', 'Ricinus communis (Euphorbiaceae)', 'Colletotrichum gloeosporioides (Phyllachoraceae)', 'Coussarea hydrangeifolia (Rubiaceae)', 'Tocoyena brasiliensis (Rubiaceae)', 'Pothomorphe umbellata (Piperaceae)', 'Senna multijuga (Fabaceae)', 'Cabralea canjerana', 'Humicola grisea', 'Phoma betae', 'Maytenus ilicifolia (Celastraceae)', 'Croton zehntneri (Euphorbiaceae)', 'Amorpha fruticosa', 'Metrodorea stipularis', 'Hortia oreadica', 'Nectandra grandiflora (Lauraceae)', 'Trichilia claussenii (Meliaceae)', 'Toona ciliata (Meliacee)', 'Cedrela odorata (Meliaceae)', 'Michelia champaca (Magnoliaceae)', 'Tephrosia candida', 'Conchocarpus heterophyllus (Rutaceae)', 'Streptomyces sp.', 'Neoraputia magnifica (Rutaceae)', 'Alibertia sessilis (Rubiaceae)', 'Penicillium corylophilum', 'Rudgea viburnioides (Rubiaceae)', 'Trichilia elegans (Meliaceae)', 'Aspergillus fumigatus', 'Khaya ivorensis', 'Neoraputia alba (Rutaceae)', 'Piper solmsianum', 'Raulinoa echinata (Rutaceae), Swietenia macrophylla (Meliaceae)', 'Cedrela fruticosa (Meliaceae), Neoraputia magnifica (Rutaceae), Neoraputia alba (Rutaceae)', 'Trichilia pallida', 'Cheiloclinium cognatum (Hippocrateaceae)', 'Casearia obliqua (Flacourtiaceae)', 'Balfourodendron riedelianum (Rutaceae)', 'Vochysia thyrsoidea', 'Spiranthera odoratissima St. odoratissima (Rutaceae)', 'Cedrela fissilis', 'Dalbergia riparia', 'Calycophyllum spruceanum (Rubiaceae)']]",doi_collectionSpecie
"['10.5935/0100-4042.20140049', 'Vochysia thyrsoidea']","['10.5935/0100-4042.20140049', ['Chaetomium globosum', 'Rapanea umbellata,Myrsine cuneifolia (Myrsinaceae)', 'Styrax camporum (Styracaceae)', 'Swartzia langsdorfii (Fabaceae)', 'Cinnamomum australe (Lauraceae)', 'Himatanthus sucuuba (Apocynaceae)', 'Xylaria sp. (Xylariaceae)', 'Pilocarpus riedelianus', 'Eucalyptus maculata', 'Pterogyne nitens (Fabaceae)', 'Tocoyena formosa (Rubiaceae)', 'Fusarium oxysporum', 'Phomopsis sp. (Valsaceae)', 'Rapanea lancifolia (Myrsinaceae)', 'Murraya paniculata', 'Dimorphandra mollis', 'Chrysophyllum marginatum (Sapotaceae)', 'Chimarrhis turbinata (Rubiaceae)', 'Vitex polygama (Verbenaceae)', 'Salacia campestris (Celastraceae)', 'Casearia sylvestris (Flacourtiaceae)', 'Piper crassinervium (Piperaceae)', 'Swinglea glutinosa', 'Carapa guianensis', 'Alibertia edulis (Rubiaceae)', 'Citrus sp. (Rutaceae)', 'Piper arboreum (Piperaceae)', 'Piper tuberculatum (Piperaceae)', 'Phomopsis cassiae (Valsaceae)', 'Erythrina mulungu (Fabaceae)', 'Piper hostmannianum (Piperaceae)', 'Peperomia obtusifolia (Piperaceae)', 'Ricinus communis (Euphorbiaceae)', 'Citrus sinensis (Rutaceae)', 'Raulinoa echinata (Rutaceae)', 'Piper hispidum (Piperaceae)', 'Almeidea rubra (Rutaceae)', 'Maytenus aquifolium (Celastraceae)', 'Esenbeckia leiocarpa', 'Siphoneugena densiflora (Myrtaceae)', 'Arrabidaea samydoides (Bignoniaceae)', 'Alchornea glandulosa (Euphorbiaceae)', 'Hortia superba (Rutaceae)', 'Styrax ferrugineus (Styracaceae)', 'Periconia atropurpurea (Annonaceae)', 'Stemodia foliosa (Scrophulariaceae)', 'Piper gaudichaudianum (Piperaceae)', 'Piper aduncum (Piperaceae)', 'Pilocarpus grandiflorus', 'Mycoleptodiscus indicus', 'Peperomia blanda (Piperaceae)', 'Pilocarpus spicatus (Rutaceae)', 'Adiscanthus fusciflorus', 'Cassia spectabilis (Fabaceae)', 'Aspergillus terreus', 'Tithonia diversifolia', 'Angostura paniculata (Rutaceae)', 'Zingiber officinale', 'Penicillium sp. (Trichocomaceae)', 'Cnidoscolus vitifolius (Euphorbiaceae)', 'Picramnia teapensis', 'Cassia leptophylla (Fabaceae)', 'Ouratea multiflora (Ochnaceae)', 'Galipea bracteata (Rutaceae)', 'Casearia rupestris (Salicaeae)', 'Curvularia sp. (Pleosporaceae)', 'Alibertia macrophylla (Rubiaceae)', 'Petiveria alliacea (Phytolaccaceae)', 'Anacardium occidentale (Anacardiaceae)', 'Iryanthera juruensis (Myristicaceae)', 'Ottonia corcovadensis (Piperaceae)', 'Lantana lilacina (Verbenaceae)', 'Senna spectabilis (Fabaceae)', 'Nigrospora sphaerica', 'Colletotrichum gloeosporioides (Phyllachoraceae)', 'Coussarea hydrangeifolia (Rubiaceae)', 'Tocoyena brasiliensis (Rubiaceae)', 'Pothomorphe umbellata (Piperaceae)', 'Senna multijuga (Fabaceae)', 'Cabralea canjerana', 'Humicola grisea', 'Phoma betae', 'Maytenus ilicifolia (Celastraceae)', 'Croton zehntneri (Euphorbiaceae)', 'Amorpha fruticosa', 'Metrodorea stipularis', 'Hortia oreadica', 'Nectandra grandiflora (Lauraceae)', 'Trichilia claussenii (Meliaceae)', 'Toona ciliata (Meliacee)', 'Cedrela odorata (Meliaceae)', 'Michelia champaca (Magnoliaceae)', 'Tephrosia candida', 'Conchocarpus heterophyllus (Rutaceae)', 'Streptomyces sp.', 'Neoraputia magnifica (Rutaceae)', 'Alibertia sessilis (Rubiaceae)', 'Penicillium corylophilum', 'Rudgea viburnioides (Rubiaceae)', 'Trichilia elegans (Meliaceae)', 'Aspergillus fumigatus', 'Khaya ivorensis', 'Neoraputia alba (Rutaceae)', 'Piper solmsianum', 'Raulinoa echinata (Rutaceae), Swietenia macrophylla (Meliaceae)', 'Cedrela fruticosa (Meliaceae), Neoraputia magnifica (Rutaceae), Neoraputia alba (Rutaceae)', 'Trichilia pallida', 'Cheiloclinium cognatum (Hippocrateaceae)', 'Casearia obliqua (Flacourtiaceae)', 'Balfourodendron riedelianum (Rutaceae)', 'Vochysia thyrsoidea', 'Spiranthera odoratissima St. odoratissima (Rutaceae)', 'Cedrela fissilis', 'Dalbergia riparia', 'Calycophyllum spruceanum (Rubiaceae)']]",doi_collectionSpecie
"['10.1016/S0031-9422(00)00248-X', 'Neoraputia magnifica (Rutaceae)']","['10.1016/S0031-9422(00)00248-X', ['Tocoyena formosa (Rubiaceae)', 'Eucalyptus maculata', 'Styrax ferrugineus (Styracaceae)', 'Vitex polygama (Verbenaceae)', 'Pterogyne nitens (Fabaceae)', 'Chimarrhis turbinata (Rubiaceae)', 'Periconia atropurpurea (Annonaceae)', 'Swinglea glutinosa', 'Casearia sylvestris (Flacourtiaceae)', 'Arrabidaea samydoides (Bignoniaceae)', 'Murraya paniculata', 'Piper arboreum (Piperaceae)', 'Piper tuberculatum (Piperaceae)', 'Mycoleptodiscus indicus', 'Dimorphandra mollis', 'Penicillium sp. (Trichocomaceae)', 'Picramnia teapensis', 'Piper hispidum (Piperaceae)', 'Stemodia foliosa (Scrophulariaceae)', 'Alibertia edulis (Rubiaceae)', 'Citrus sinensis (Rutaceae)', 'Hortia superba (Rutaceae)', 'Phomopsis cassiae (Valsaceae)', 'Curvularia sp. (Pleosporaceae)', 'Zingiber officinale', 'Piper crassinervium (Piperaceae)', 'Maytenus aquifolium (Celastraceae)', 'Xylaria sp. (Xylariaceae)', 'Raulinoa echinata (Rutaceae)', 'Iryanthera juruensis (Myristicaceae)', 'Casearia rupestris (Salicaeae)', 'Cassia leptophylla (Fabaceae)', 'Esenbeckia leiocarpa', 'Piper aduncum (Piperaceae)', 'Piper gaudichaudianum (Piperaceae)', 'Peperomia blanda (Piperaceae)', 'Galipea bracteata (Rutaceae)', 'Pilocarpus spicatus (Rutaceae)', 'Chrysophyllum marginatum (Sapotaceae)', 'Erythrina mulungu (Fabaceae)', 'Alchornea glandulosa (Euphorbiaceae)', 'Angostura paniculata (Rutaceae)', 'Pilocarpus grandiflorus', 'Peperomia obtusifolia (Piperaceae)', 'Petiveria alliacea (Phytolaccaceae)', 'Siphoneugena densiflora (Myrtaceae)', 'Ouratea multiflora (Ochnaceae)', 'Carapa guianensis', 'Salacia campestris (Celastraceae)', 'Citrus sp. (Rutaceae)', 'Piper hostmannianum (Piperaceae)', 'Phomopsis sp. (Valsaceae)', 'Almeidea rubra (Rutaceae)', 'Cassia spectabilis (Fabaceae)', 'Rapanea lancifolia (Myrsinaceae)', 'Fusarium oxysporum', 'Pilocarpus riedelianus', 'Alibertia macrophylla (Rubiaceae)', 'Tithonia diversifolia', 'Aspergillus terreus', 'Cnidoscolus vitifolius (Euphorbiaceae)', 'Adiscanthus fusciflorus', 'Senna spectabilis (Fabaceae)', 'Anacardium occidentale (Anacardiaceae)', 'Styrax camporum (Styracaceae)', 'Ottonia corcovadensis (Piperaceae)', 'Lantana lilacina (Verbenaceae)', 'Chaetomium globosum', 'Nigrospora sphaerica', 'Rapanea umbellata,Myrsine cuneifolia (Myrsinaceae)', 'Himatanthus sucuuba (Apocynaceae)', 'Swartzia langsdorfii (Fabaceae)', 'Cinnamomum australe (Lauraceae)', 'Ricinus communis (Euphorbiaceae)', 'Colletotrichum gloeosporioides (Phyllachoraceae)', 'Coussarea hydrangeifolia (Rubiaceae)', 'Tocoyena brasiliensis (Rubiaceae)', 'Pothomorphe umbellata (Piperaceae)', 'Senna multijuga (Fabaceae)', 'Cabralea canjerana', 'Humicola grisea', 'Phoma betae', 'Maytenus ilicifolia (Celastraceae)', 'Croton zehntneri (Euphorbiaceae)', 'Amorpha fruticosa', 'Metrodorea stipularis', 'Hortia oreadica', 'Nectandra grandiflora (Lauraceae)', 'Trichilia claussenii (Meliaceae)', 'Toona ciliata (Meliacee)', 'Cedrela odorata (Meliaceae)', 'Michelia champaca (Magnoliaceae)', 'Tephrosia candida', 'Conchocarpus heterophyllus (Rutaceae)', 'Streptomyces sp.', 'Neoraputia magnifica (Rutaceae)', 'Alibertia sessilis (Rubiaceae)', 'Penicillium corylophilum', 'Rudgea viburnioides (Rubiaceae)', 'Trichilia elegans (Meliaceae)', 'Aspergillus fumigatus', 'Khaya ivorensis', 'Neoraputia alba (Rutaceae)', 'Piper solmsianum', 'Raulinoa echinata (Rutaceae), Swietenia macrophylla (Meliaceae)', 'Cedrela fruticosa (Meliaceae), Neoraputia magnifica (Rutaceae), Neoraputia alba (Rutaceae)', 'Trichilia pallida', 'Cheiloclinium cognatum (Hippocrateaceae)', 'Casearia obliqua (Flacourtiaceae)', 'Balfourodendron riedelianum (Rutaceae)', 'Vochysia thyrsoidea', 'Spiranthera odoratissima St. odoratissima (Rutaceae)', 'Cedrela fissilis', 'Dalbergia riparia', 'Calycophyllum spruceanum (Rubiaceae)']]",doi_collectionSpecie
"['10.1021/np9004079', 'Casearia obliqua (Flacourtiaceae)']","['10.1021/np9004079', ['Eucalyptus maculata', 'Vitex polygama (Verbenaceae)', 'Tocoyena formosa (Rubiaceae)', 'Pterogyne nitens (Fabaceae)', 'Arrabidaea samydoides (Bignoniaceae)', 'Casearia sylvestris (Flacourtiaceae)', 'Erythrina mulungu (Fabaceae)', 'Chimarrhis turbinata (Rubiaceae)', 'Swinglea glutinosa', 'Dimorphandra mollis', 'Piper crassinervium (Piperaceae)', 'Murraya paniculata', 'Piper hispidum (Piperaceae)', 'Periconia atropurpurea (Annonaceae)', 'Esenbeckia leiocarpa', 'Alibertia edulis (Rubiaceae)', 'Stemodia foliosa (Scrophulariaceae)', 'Piper tuberculatum (Piperaceae)', 'Piper arboreum (Piperaceae)', 'Mycoleptodiscus indicus', 'Styrax ferrugineus (Styracaceae)', 'Piper aduncum (Piperaceae)', 'Piper gaudichaudianum (Piperaceae)', 'Zingiber officinale', 'Alchornea glandulosa (Euphorbiaceae)', 'Maytenus aquifolium (Celastraceae)', 'Siphoneugena densiflora (Myrtaceae)', 'Casearia rupestris (Salicaeae)', 'Penicillium sp. (Trichocomaceae)', 'Citrus sinensis (Rutaceae)', 'Pilocarpus grandiflorus', 'Cassia leptophylla (Fabaceae)', 'Chrysophyllum marginatum (Sapotaceae)', 'Carapa guianensis', 'Hortia superba (Rutaceae)', 'Peperomia obtusifolia (Piperaceae)', 'Piper hostmannianum (Piperaceae)', 'Raulinoa echinata (Rutaceae)', 'Rapanea lancifolia (Myrsinaceae)', 'Xylaria sp. (Xylariaceae)', 'Iryanthera juruensis (Myristicaceae)', 'Angostura paniculata (Rutaceae)', 'Almeidea rubra (Rutaceae)', 'Ouratea multiflora (Ochnaceae)', 'Phomopsis sp. (Valsaceae)', 'Salacia campestris (Celastraceae)', 'Phomopsis cassiae (Valsaceae)', 'Fusarium oxysporum', 'Peperomia blanda (Piperaceae)', 'Pilocarpus riedelianus', 'Galipea bracteata (Rutaceae)', 'Curvularia sp. (Pleosporaceae)', 'Petiveria alliacea (Phytolaccaceae)', 'Aspergillus terreus', 'Tithonia diversifolia', 'Cassia spectabilis (Fabaceae)', 'Picramnia teapensis', 'Pilocarpus spicatus (Rutaceae)', 'Citrus sp. (Rutaceae)', 'Senna spectabilis (Fabaceae)', 'Anacardium occidentale (Anacardiaceae)', 'Alibertia macrophylla (Rubiaceae)', 'Lantana lilacina (Verbenaceae)', 'Cnidoscolus vitifolius (Euphorbiaceae)', 'Ottonia corcovadensis (Piperaceae)', 'Styrax camporum (Styracaceae)', 'Adiscanthus fusciflorus', 'Nigrospora sphaerica', 'Chaetomium globosum', 'Rapanea umbellata,Myrsine cuneifolia (Myrsinaceae)', 'Himatanthus sucuuba (Apocynaceae)', 'Swartzia langsdorfii (Fabaceae)', 'Cinnamomum australe (Lauraceae)', 'Ricinus communis (Euphorbiaceae)', 'Colletotrichum gloeosporioides (Phyllachoraceae)', 'Coussarea hydrangeifolia (Rubiaceae)', 'Tocoyena brasiliensis (Rubiaceae)', 'Pothomorphe umbellata (Piperaceae)', 'Senna multijuga (Fabaceae)', 'Cabralea canjerana', 'Humicola grisea', 'Phoma betae', 'Maytenus ilicifolia (Celastraceae)', 'Croton zehntneri (Euphorbiaceae)', 'Amorpha fruticosa', 'Metrodorea stipularis', 'Hortia oreadica', 'Nectandra grandiflora (Lauraceae)', 'Trichilia claussenii (Meliaceae)', 'Toona ciliata (Meliacee)', 'Cedrela odorata (Meliaceae)', 'Michelia champaca (Magnoliaceae)', 'Tephrosia candida', 'Conchocarpus heterophyllus (Rutaceae)', 'Streptomyces sp.', 'Neoraputia magnifica (Rutaceae)', 'Alibertia sessilis (Rubiaceae)', 'Penicillium corylophilum', 'Rudgea viburnioides (Rubiaceae)', 'Trichilia elegans (Meliaceae)', 'Aspergillus fumigatus', 'Khaya ivorensis', 'Neoraputia alba (Rutaceae)', 'Piper solmsianum', 'Raulinoa echinata (Rutaceae), Swietenia macrophylla (Meliaceae)', 'Cedrela fruticosa (Meliaceae), Neoraputia magnifica (Rutaceae), Neoraputia alba (Rutaceae)', 'Trichilia pallida', 'Cheiloclinium cognatum (Hippocrateaceae)', 'Casearia obliqua (Flacourtiaceae)', 'Balfourodendron riedelianum (Rutaceae)', 'Vochysia thyrsoidea', 'Spiranthera odoratissima St. odoratissima (Rutaceae)', 'Cedrela fissilis', 'Dalbergia riparia', 'Calycophyllum spruceanum (Rubiaceae)']]",doi_collectionSpecie
"['10.1021/jf063451x', 'Iryanthera juruensis (Myristicaceae)']","['10.1021/jf063451x', ['Eucalyptus maculata', 'Tocoyena formosa (Rubiaceae)', 'Pterogyne nitens (Fabaceae)', 'Chimarrhis turbinata (Rubiaceae)', 'Casearia sylvestris (Flacourtiaceae)', 'Vitex polygama (Verbenaceae)', 'Dimorphandra mollis', 'Arrabidaea samydoides (Bignoniaceae)', 'Swinglea glutinosa', 'Piper crassinervium (Piperaceae)', 'Murraya paniculata', 'Mycoleptodiscus indicus', 'Zingiber officinale', 'Piper hispidum (Piperaceae)', 'Erythrina mulungu (Fabaceae)', 'Periconia atropurpurea (Annonaceae)', 'Piper aduncum (Piperaceae)', 'Piper gaudichaudianum (Piperaceae)', 'Piper arboreum (Piperaceae)', 'Piper tuberculatum (Piperaceae)', 'Alibertia edulis (Rubiaceae)', 'Stemodia foliosa (Scrophulariaceae)', 'Piper hostmannianum (Piperaceae)', 'Maytenus aquifolium (Celastraceae)', 'Styrax ferrugineus (Styracaceae)', 'Alchornea glandulosa (Euphorbiaceae)', 'Raulinoa echinata (Rutaceae)', 'Esenbeckia leiocarpa', 'Casearia rupestris (Salicaeae)', 'Penicillium sp. (Trichocomaceae)', 'Citrus sinensis (Rutaceae)', 'Chrysophyllum marginatum (Sapotaceae)', 'Cassia leptophylla (Fabaceae)', 'Peperomia obtusifolia (Piperaceae)', 'Rapanea lancifolia (Myrsinaceae)', 'Phomopsis sp. (Valsaceae)', 'Pilocarpus grandiflorus', 'Xylaria sp. (Xylariaceae)', 'Hortia superba (Rutaceae)', 'Carapa guianensis', 'Pilocarpus riedelianus', 'Siphoneugena densiflora (Myrtaceae)', 'Iryanthera juruensis (Myristicaceae)', 'Fusarium oxysporum', 'Almeidea rubra (Rutaceae)', 'Pilocarpus spicatus (Rutaceae)', 'Angostura paniculata (Rutaceae)', 'Citrus sp. (Rutaceae)', 'Phomopsis cassiae (Valsaceae)', 'Salacia campestris (Celastraceae)', 'Ouratea multiflora (Ochnaceae)', 'Peperomia blanda (Piperaceae)', 'Picramnia teapensis', 'Galipea bracteata (Rutaceae)', 'Cassia spectabilis (Fabaceae)', 'Petiveria alliacea (Phytolaccaceae)', 'Tithonia diversifolia', 'Aspergillus terreus', 'Curvularia sp. (Pleosporaceae)', 'Anacardium occidentale (Anacardiaceae)', 'Lantana lilacina (Verbenaceae)', 'Alibertia macrophylla (Rubiaceae)', 'Ottonia corcovadensis (Piperaceae)', 'Cnidoscolus vitifolius (Euphorbiaceae)', 'Senna spectabilis (Fabaceae)', 'Adiscanthus fusciflorus', 'Styrax camporum (Styracaceae)', 'Chaetomium globosum', 'Nigrospora sphaerica', 'Rapanea umbellata,Myrsine cuneifolia (Myrsinaceae)', 'Himatanthus sucuuba (Apocynaceae)', 'Swartzia langsdorfii (Fabaceae)', 'Cinnamomum australe (Lauraceae)', 'Ricinus communis (Euphorbiaceae)', 'Colletotrichum gloeosporioides (Phyllachoraceae)', 'Coussarea hydrangeifolia (Rubiaceae)', 'Tocoyena brasiliensis (Rubiaceae)', 'Pothomorphe umbellata (Piperaceae)', 'Senna multijuga (Fabaceae)', 'Cabralea canjerana', 'Humicola grisea', 'Phoma betae', 'Maytenus ilicifolia (Celastraceae)', 'Croton zehntneri (Euphorbiaceae)', 'Amorpha fruticosa', 'Metrodorea stipularis', 'Hortia oreadica', 'Nectandra grandiflora (Lauraceae)', 'Trichilia claussenii (Meliaceae)', 'Toona ciliata (Meliacee)', 'Cedrela odorata (Meliaceae)', 'Michelia champaca (Magnoliaceae)', 'Tephrosia candida', 'Conchocarpus heterophyllus (Rutaceae)', 'Streptomyces sp.', 'Neoraputia magnifica (Rutaceae)', 'Alibertia sessilis (Rubiaceae)', 'Penicillium corylophilum', 'Rudgea viburnioides (Rubiaceae)', 'Trichilia elegans (Meliaceae)', 'Aspergillus fumigatus', 'Khaya ivorensis', 'Neoraputia alba (Rutaceae)', 'Piper solmsianum', 'Raulinoa echinata (Rutaceae), Swietenia macrophylla (Meliaceae)', 'Cedrela fruticosa (Meliaceae), Neoraputia magnifica (Rutaceae), Neoraputia alba (Rutaceae)', 'Trichilia pallida', 'Cheiloclinium cognatum (Hippocrateaceae)', 'Casearia obliqua (Flacourtiaceae)', 'Balfourodendron riedelianum (Rutaceae)', 'Vochysia thyrsoidea', 'Spiranthera odoratissima St. odoratissima (Rutaceae)', 'Cedrela fissilis', 'Dalbergia riparia', 'Calycophyllum spruceanum (Rubiaceae)']]",doi_collectionSpecie
"['10.1590/S1519-566X2008000600013', 'Trichilia pallida']","['10.1590/S1519-566X2008000600013', ['Cinnamomum australe (Lauraceae)', 'Swartzia langsdorfii (Fabaceae)', 'Styrax camporum (Styracaceae)', 'Chaetomium globosum', 'Xylaria sp. (Xylariaceae)', 'Rapanea umbellata,Myrsine cuneifolia (Myrsinaceae)', 'Himatanthus sucuuba (Apocynaceae)', 'Eucalyptus maculata', 'Pterogyne nitens (Fabaceae)', 'Rapanea lancifolia (Myrsinaceae)', 'Tocoyena formosa (Rubiaceae)', 'Fusarium oxysporum', 'Dimorphandra mollis', 'Pilocarpus riedelianus', 'Chrysophyllum marginatum (Sapotaceae)', 'Casearia sylvestris (Flacourtiaceae)', 'Chimarrhis turbinata (Rubiaceae)', 'Piper crassinervium (Piperaceae)', 'Murraya paniculata', 'Phomopsis sp. (Valsaceae)', 'Carapa guianensis', 'Vitex polygama (Verbenaceae)', 'Erythrina mulungu (Fabaceae)', 'Citrus sp. (Rutaceae)', 'Piper arboreum (Piperaceae)', 'Piper tuberculatum (Piperaceae)', 'Swinglea glutinosa', 'Maytenus aquifolium (Celastraceae)', 'Alchornea glandulosa (Euphorbiaceae)', 'Peperomia obtusifolia (Piperaceae)', 'Zingiber officinale', 'Styrax ferrugineus (Styracaceae)', 'Alibertia edulis (Rubiaceae)', 'Pilocarpus spicatus (Rutaceae)', 'Ricinus communis (Euphorbiaceae)', 'Piper hostmannianum (Piperaceae)', 'Salacia campestris (Celastraceae)', 'Citrus sinensis (Rutaceae)', 'Stemodia foliosa (Scrophulariaceae)', 'Esenbeckia leiocarpa', 'Arrabidaea samydoides (Bignoniaceae)', 'Pilocarpus grandiflorus', 'Raulinoa echinata (Rutaceae)', 'Periconia atropurpurea (Annonaceae)', 'Piper gaudichaudianum (Piperaceae)', 'Piper aduncum (Piperaceae)', 'Ouratea multiflora (Ochnaceae)', 'Cassia leptophylla (Fabaceae)', 'Almeidea rubra (Rutaceae)', 'Piper hispidum (Piperaceae)', 'Mycoleptodiscus indicus', 'Siphoneugena densiflora (Myrtaceae)', 'Anacardium occidentale (Anacardiaceae)', 'Penicillium sp. (Trichocomaceae)', 'Alibertia macrophylla (Rubiaceae)', 'Angostura paniculata (Rutaceae)', 'Phomopsis cassiae (Valsaceae)', 'Hortia superba (Rutaceae)', 'Casearia rupestris (Salicaeae)', 'Galipea bracteata (Rutaceae)', 'Peperomia blanda (Piperaceae)', 'Picramnia teapensis', 'Iryanthera juruensis (Myristicaceae)', 'Curvularia sp. (Pleosporaceae)', 'Petiveria alliacea (Phytolaccaceae)', 'Cnidoscolus vitifolius (Euphorbiaceae)', 'Adiscanthus fusciflorus', 'Cassia spectabilis (Fabaceae)', 'Aspergillus terreus', 'Tithonia diversifolia', 'Ottonia corcovadensis (Piperaceae)', 'Lantana lilacina (Verbenaceae)', 'Senna spectabilis (Fabaceae)', 'Nigrospora sphaerica', 'Colletotrichum gloeosporioides (Phyllachoraceae)', 'Coussarea hydrangeifolia (Rubiaceae)', 'Tocoyena brasiliensis (Rubiaceae)', 'Pothomorphe umbellata (Piperaceae)', 'Senna multijuga (Fabaceae)', 'Cabralea canjerana', 'Humicola grisea', 'Phoma betae', 'Maytenus ilicifolia (Celastraceae)', 'Croton zehntneri (Euphorbiaceae)', 'Amorpha fruticosa', 'Metrodorea stipularis', 'Hortia oreadica', 'Nectandra grandiflora (Lauraceae)', 'Trichilia claussenii (Meliaceae)', 'Toona ciliata (Meliacee)', 'Cedrela odorata (Meliaceae)', 'Michelia champaca (Magnoliaceae)', 'Tephrosia candida', 'Conchocarpus heterophyllus (Rutaceae)', 'Streptomyces sp.', 'Neoraputia magnifica (Rutaceae)', 'Alibertia sessilis (Rubiaceae)', 'Penicillium corylophilum', 'Rudgea viburnioides (Rubiaceae)', 'Trichilia elegans (Meliaceae)', 'Aspergillus fumigatus', 'Khaya ivorensis', 'Neoraputia alba (Rutaceae)', 'Piper solmsianum', 'Raulinoa echinata (Rutaceae), Swietenia macrophylla (Meliaceae)', 'Cedrela fruticosa (Meliaceae), Neoraputia magnifica (Rutaceae), Neoraputia alba (Rutaceae)', 'Trichilia pallida', 'Cheiloclinium cognatum (Hippocrateaceae)', 'Casearia obliqua (Flacourtiaceae)', 'Balfourodendron riedelianum (Rutaceae)', 'Vochysia thyrsoidea', 'Spiranthera odoratissima St. odoratissima (Rutaceae)', 'Cedrela fissilis', 'Dalbergia riparia', 'Calycophyllum spruceanum (Rubiaceae)']]",doi_collectionSpecie
"['10.2174/187152010794728620', 'Cabralea canjerana']","['10.2174/187152010794728620', ['Casearia sylvestris (Flacourtiaceae)', 'Eucalyptus maculata', 'Pterogyne nitens (Fabaceae)', 'Dimorphandra mollis', 'Swinglea glutinosa', 'Tocoyena formosa (Rubiaceae)', 'Chimarrhis turbinata (Rubiaceae)', 'Zingiber officinale', 'Mycoleptodiscus indicus', 'Almeidea rubra (Rutaceae)', 'Arrabidaea samydoides (Bignoniaceae)', 'Piper crassinervium (Piperaceae)', 'Erythrina mulungu (Fabaceae)', 'Alchornea glandulosa (Euphorbiaceae)', 'Maytenus aquifolium (Celastraceae)', 'Rapanea lancifolia (Myrsinaceae)', 'Vitex polygama (Verbenaceae)', 'Pilocarpus spicatus (Rutaceae)', 'Stemodia foliosa (Scrophulariaceae)', 'Raulinoa echinata (Rutaceae)', 'Piper tuberculatum (Piperaceae)', 'Piper arboreum (Piperaceae)', 'Esenbeckia leiocarpa', 'Casearia rupestris (Salicaeae)', 'Carapa guianensis', 'Citrus sinensis (Rutaceae)', 'Fusarium oxysporum', 'Piper aduncum (Piperaceae)', 'Piper gaudichaudianum (Piperaceae)', 'Styrax ferrugineus (Styracaceae)', 'Peperomia obtusifolia (Piperaceae)', 'Penicillium sp. (Trichocomaceae)', 'Alibertia edulis (Rubiaceae)', 'Periconia atropurpurea (Annonaceae)', 'Citrus sp. (Rutaceae)', 'Phomopsis sp. (Valsaceae)', 'Cassia leptophylla (Fabaceae)', 'Hortia superba (Rutaceae)', 'Chrysophyllum marginatum (Sapotaceae)', 'Piper hostmannianum (Piperaceae)', 'Piper hispidum (Piperaceae)', 'Murraya paniculata', 'Ouratea multiflora (Ochnaceae)', 'Cassia spectabilis (Fabaceae)', 'Xylaria sp. (Xylariaceae)', 'Pilocarpus riedelianus', 'Phomopsis cassiae (Valsaceae)', 'Salacia campestris (Celastraceae)', 'Pilocarpus grandiflorus', 'Peperomia blanda (Piperaceae)', 'Lantana lilacina (Verbenaceae)', 'Petiveria alliacea (Phytolaccaceae)', 'Angostura paniculata (Rutaceae)', 'Anacardium occidentale (Anacardiaceae)', 'Tithonia diversifolia', 'Aspergillus terreus', 'Picramnia teapensis', 'Galipea bracteata (Rutaceae)', 'Siphoneugena densiflora (Myrtaceae)', 'Iryanthera juruensis (Myristicaceae)', 'Nigrospora sphaerica', 'Curvularia sp. (Pleosporaceae)', 'Senna spectabilis (Fabaceae)', 'Alibertia macrophylla (Rubiaceae)', 'Ottonia corcovadensis (Piperaceae)', 'Adiscanthus fusciflorus', 'Cnidoscolus vitifolius (Euphorbiaceae)', 'Styrax camporum (Styracaceae)', 'Chaetomium globosum', 'Rapanea umbellata,Myrsine cuneifolia (Myrsinaceae)', 'Himatanthus sucuuba (Apocynaceae)', 'Cinnamomum australe (Lauraceae)', 'Swartzia langsdorfii (Fabaceae)', 'Ricinus communis (Euphorbiaceae)', 'Colletotrichum gloeosporioides (Phyllachoraceae)', 'Coussarea hydrangeifolia (Rubiaceae)', 'Tocoyena brasiliensis (Rubiaceae)', 'Pothomorphe umbellata (Piperaceae)', 'Senna multijuga (Fabaceae)', 'Cabralea canjerana', 'Humicola grisea', 'Phoma betae', 'Maytenus ilicifolia (Celastraceae)', 'Croton zehntneri (Euphorbiaceae)', 'Amorpha fruticosa', 'Metrodorea stipularis', 'Hortia oreadica', 'Nectandra grandiflora (Lauraceae)', 'Trichilia claussenii (Meliaceae)', 'Toona ciliata (Meliacee)', 'Cedrela odorata (Meliaceae)', 'Michelia champaca (Magnoliaceae)', 'Tephrosia candida', 'Conchocarpus heterophyllus (Rutaceae)', 'Streptomyces sp.', 'Neoraputia magnifica (Rutaceae)', 'Alibertia sessilis (Rubiaceae)', 'Penicillium corylophilum', 'Rudgea viburnioides (Rubiaceae)', 'Trichilia elegans (Meliaceae)', 'Aspergillus fumigatus', 'Khaya ivorensis', 'Neoraputia alba (Rutaceae)', 'Piper solmsianum', 'Raulinoa echinata (Rutaceae), Swietenia macrophylla (Meliaceae)', 'Cedrela fruticosa (Meliaceae), Neoraputia magnifica (Rutaceae), Neoraputia alba (Rutaceae)', 'Trichilia pallida', 'Cheiloclinium cognatum (Hippocrateaceae)', 'Casearia obliqua (Flacourtiaceae)', 'Balfourodendron riedelianum (Rutaceae)', 'Vochysia thyrsoidea', 'Spiranthera odoratissima St. odoratissima (Rutaceae)', 'Cedrela fissilis', 'Dalbergia riparia', 'Calycophyllum spruceanum (Rubiaceae)']]",doi_collectionSpecie
"['10.1590/S0103-50532007000700017', 'Alibertia sessilis (Rubiaceae)']","['10.1590/S0103-50532007000700017', ['Eucalyptus maculata', 'Chimarrhis turbinata (Rubiaceae)', 'Tocoyena formosa (Rubiaceae)', 'Casearia sylvestris (Flacourtiaceae)', 'Raulinoa echinata (Rutaceae)', 'Pterogyne nitens (Fabaceae)', 'Piper crassinervium (Piperaceae)', 'Maytenus aquifolium (Celastraceae)', 'Swinglea glutinosa', 'Mycoleptodiscus indicus', 'Arrabidaea samydoides (Bignoniaceae)', 'Piper gaudichaudianum (Piperaceae)', 'Piper aduncum (Piperaceae)', 'Stemodia foliosa (Scrophulariaceae)', 'Alchornea glandulosa (Euphorbiaceae)', 'Periconia atropurpurea (Annonaceae)', 'Piper hostmannianum (Piperaceae)', 'Dimorphandra mollis', 'Citrus sinensis (Rutaceae)', 'Piper tuberculatum (Piperaceae)', 'Piper arboreum (Piperaceae)', 'Chrysophyllum marginatum (Sapotaceae)', 'Vitex polygama (Verbenaceae)', 'Zingiber officinale', 'Pilocarpus spicatus (Rutaceae)', 'Murraya paniculata', 'Almeidea rubra (Rutaceae)', 'Penicillium sp. (Trichocomaceae)', 'Phomopsis sp. (Valsaceae)', 'Piper hispidum (Piperaceae)', 'Casearia rupestris (Salicaeae)', 'Rapanea lancifolia (Myrsinaceae)', 'Erythrina mulungu (Fabaceae)', 'Alibertia edulis (Rubiaceae)', 'Hortia superba (Rutaceae)', 'Esenbeckia leiocarpa', 'Cassia leptophylla (Fabaceae)', 'Styrax ferrugineus (Styracaceae)', 'Xylaria sp. (Xylariaceae)', 'Cassia spectabilis (Fabaceae)', 'Peperomia blanda (Piperaceae)', 'Citrus sp. (Rutaceae)', 'Phomopsis cassiae (Valsaceae)', 'Pilocarpus grandiflorus', 'Ouratea multiflora (Ochnaceae)', 'Peperomia obtusifolia (Piperaceae)', 'Salacia campestris (Celastraceae)', 'Carapa guianensis', 'Pilocarpus riedelianus', 'Fusarium oxysporum', 'Iryanthera juruensis (Myristicaceae)', 'Lantana lilacina (Verbenaceae)', 'Galipea bracteata (Rutaceae)', 'Curvularia sp. (Pleosporaceae)', 'Picramnia teapensis', 'Alibertia macrophylla (Rubiaceae)', 'Angostura paniculata (Rutaceae)', 'Senna spectabilis (Fabaceae)', 'Cnidoscolus vitifolius (Euphorbiaceae)', 'Siphoneugena densiflora (Myrtaceae)', 'Petiveria alliacea (Phytolaccaceae)', 'Anacardium occidentale (Anacardiaceae)', 'Tithonia diversifolia', 'Aspergillus terreus', 'Adiscanthus fusciflorus', 'Ottonia corcovadensis (Piperaceae)', 'Nigrospora sphaerica', 'Chaetomium globosum', 'Styrax camporum (Styracaceae)', 'Rapanea umbellata,Myrsine cuneifolia (Myrsinaceae)', 'Swartzia langsdorfii (Fabaceae)', 'Himatanthus sucuuba (Apocynaceae)', 'Cinnamomum australe (Lauraceae)', 'Ricinus communis (Euphorbiaceae)', 'Colletotrichum gloeosporioides (Phyllachoraceae)', 'Coussarea hydrangeifolia (Rubiaceae)', 'Tocoyena brasiliensis (Rubiaceae)', 'Pothomorphe umbellata (Piperaceae)', 'Senna multijuga (Fabaceae)', 'Cabralea canjerana', 'Humicola grisea', 'Phoma betae', 'Maytenus ilicifolia (Celastraceae)', 'Croton zehntneri (Euphorbiaceae)', 'Amorpha fruticosa', 'Metrodorea stipularis', 'Hortia oreadica', 'Nectandra grandiflora (Lauraceae)', 'Trichilia claussenii (Meliaceae)', 'Toona ciliata (Meliacee)', 'Cedrela odorata (Meliaceae)', 'Michelia champaca (Magnoliaceae)', 'Tephrosia candida', 'Conchocarpus heterophyllus (Rutaceae)', 'Streptomyces sp.', 'Neoraputia magnifica (Rutaceae)', 'Alibertia sessilis (Rubiaceae)', 'Penicillium corylophilum', 'Rudgea viburnioides (Rubiaceae)', 'Trichilia elegans (Meliaceae)', 'Aspergillus fumigatus', 'Khaya ivorensis', 'Neoraputia alba (Rutaceae)', 'Piper solmsianum', 'Raulinoa echinata (Rutaceae), Swietenia macrophylla (Meliaceae)', 'Cedrela fruticosa (Meliaceae), Neoraputia magnifica (Rutaceae), Neoraputia alba (Rutaceae)', 'Trichilia pallida', 'Cheiloclinium cognatum (Hippocrateaceae)', 'Casearia obliqua (Flacourtiaceae)', 'Balfourodendron riedelianum (Rutaceae)', 'Vochysia thyrsoidea', 'Spiranthera odoratissima St. odoratissima (Rutaceae)', 'Cedrela fissilis', 'Dalbergia riparia', 'Calycophyllum spruceanum (Rubiaceae)']]",doi_collectionSpecie
"['10.1590/S0103-50532005000800018', 'Pothomorphe umbellata (Piperaceae)']","['10.1590/S0103-50532005000800018', ['Eucalyptus maculata', 'Tocoyena formosa (Rubiaceae)', 'Chimarrhis turbinata (Rubiaceae)', 'Pterogyne nitens (Fabaceae)', 'Vitex polygama (Verbenaceae)', 'Dimorphandra mollis', 'Murraya paniculata', 'Swinglea glutinosa', 'Casearia sylvestris (Flacourtiaceae)', 'Piper hispidum (Piperaceae)', 'Piper crassinervium (Piperaceae)', 'Arrabidaea samydoides (Bignoniaceae)', 'Styrax ferrugineus (Styracaceae)', 'Maytenus aquifolium (Celastraceae)', 'Periconia atropurpurea (Annonaceae)', 'Penicillium sp. (Trichocomaceae)', 'Stemodia foliosa (Scrophulariaceae)', 'Zingiber officinale', 'Piper tuberculatum (Piperaceae)', 'Piper arboreum (Piperaceae)', 'Casearia rupestris (Salicaeae)', 'Erythrina mulungu (Fabaceae)', 'Chrysophyllum marginatum (Sapotaceae)', 'Alchornea glandulosa (Euphorbiaceae)', 'Alibertia edulis (Rubiaceae)', 'Cassia leptophylla (Fabaceae)', 'Piper gaudichaudianum (Piperaceae)', 'Piper aduncum (Piperaceae)', 'Raulinoa echinata (Rutaceae)', 'Mycoleptodiscus indicus', 'Rapanea lancifolia (Myrsinaceae)', 'Esenbeckia leiocarpa', 'Peperomia obtusifolia (Piperaceae)', 'Angostura paniculata (Rutaceae)', 'Hortia superba (Rutaceae)', 'Iryanthera juruensis (Myristicaceae)', 'Pilocarpus grandiflorus', 'Citrus sinensis (Rutaceae)', 'Piper hostmannianum (Piperaceae)', 'Carapa guianensis', 'Siphoneugena densiflora (Myrtaceae)', 'Galipea bracteata (Rutaceae)', 'Pilocarpus riedelianus', 'Phomopsis cassiae (Valsaceae)', 'Xylaria sp. (Xylariaceae)', 'Phomopsis sp. (Valsaceae)', 'Ouratea multiflora (Ochnaceae)', 'Fusarium oxysporum', 'Peperomia blanda (Piperaceae)', 'Almeidea rubra (Rutaceae)', 'Curvularia sp. (Pleosporaceae)', 'Salacia campestris (Celastraceae)', 'Pilocarpus spicatus (Rutaceae)', 'Alibertia macrophylla (Rubiaceae)', 'Picramnia teapensis', 'Aspergillus terreus', 'Tithonia diversifolia', 'Cassia spectabilis (Fabaceae)', 'Petiveria alliacea (Phytolaccaceae)', 'Citrus sp. (Rutaceae)', 'Ottonia corcovadensis (Piperaceae)', 'Cnidoscolus vitifolius (Euphorbiaceae)', 'Senna spectabilis (Fabaceae)', 'Lantana lilacina (Verbenaceae)', 'Anacardium occidentale (Anacardiaceae)', 'Adiscanthus fusciflorus', 'Styrax camporum (Styracaceae)', 'Nigrospora sphaerica', 'Chaetomium globosum', 'Rapanea umbellata,Myrsine cuneifolia (Myrsinaceae)', 'Himatanthus sucuuba (Apocynaceae)', 'Swartzia langsdorfii (Fabaceae)', 'Cinnamomum australe (Lauraceae)', 'Ricinus communis (Euphorbiaceae)', 'Colletotrichum gloeosporioides (Phyllachoraceae)', 'Coussarea hydrangeifolia (Rubiaceae)', 'Tocoyena brasiliensis (Rubiaceae)', 'Pothomorphe umbellata (Piperaceae)', 'Senna multijuga (Fabaceae)', 'Cabralea canjerana', 'Humicola grisea', 'Phoma betae', 'Maytenus ilicifolia (Celastraceae)', 'Croton zehntneri (Euphorbiaceae)', 'Amorpha fruticosa', 'Metrodorea stipularis', 'Hortia oreadica', 'Nectandra grandiflora (Lauraceae)', 'Trichilia claussenii (Meliaceae)', 'Toona ciliata (Meliacee)', 'Cedrela odorata (Meliaceae)', 'Michelia champaca (Magnoliaceae)', 'Tephrosia candida', 'Conchocarpus heterophyllus (Rutaceae)', 'Streptomyces sp.', 'Neoraputia magnifica (Rutaceae)', 'Alibertia sessilis (Rubiaceae)', 'Penicillium corylophilum', 'Rudgea viburnioides (Rubiaceae)', 'Trichilia elegans (Meliaceae)', 'Aspergillus fumigatus', 'Khaya ivorensis', 'Neoraputia alba (Rutaceae)', 'Piper solmsianum', 'Raulinoa echinata (Rutaceae), Swietenia macrophylla (Meliaceae)', 'Cedrela fruticosa (Meliaceae), Neoraputia magnifica (Rutaceae), Neoraputia alba (Rutaceae)', 'Trichilia pallida', 'Cheiloclinium cognatum (Hippocrateaceae)', 'Casearia obliqua (Flacourtiaceae)', 'Balfourodendron riedelianum (Rutaceae)', 'Vochysia thyrsoidea', 'Spiranthera odoratissima St. odoratissima (Rutaceae)', 'Cedrela fissilis', 'Dalbergia riparia', 'Calycophyllum spruceanum (Rubiaceae)']]",doi_collectionSpecie
"['10.1590/S0103-50532002000100010', 'Raulinoa echinata (Rutaceae)']","['10.1590/S0103-50532002000100010', ['Eucalyptus maculata', 'Pilocarpus riedelianus', 'Tocoyena formosa (Rubiaceae)', 'Murraya paniculata', 'Dimorphandra mollis', 'Pterogyne nitens (Fabaceae)', 'Chimarrhis turbinata (Rubiaceae)', 'Vitex polygama (Verbenaceae)', 'Casearia sylvestris (Flacourtiaceae)', 'Swinglea glutinosa', 'Piper hispidum (Piperaceae)', 'Piper crassinervium (Piperaceae)', 'Alibertia edulis (Rubiaceae)', 'Arrabidaea samydoides (Bignoniaceae)', 'Phomopsis sp. (Valsaceae)', 'Piper tuberculatum (Piperaceae)', 'Piper arboreum (Piperaceae)', 'Rapanea lancifolia (Myrsinaceae)', 'Maytenus aquifolium (Celastraceae)', 'Chrysophyllum marginatum (Sapotaceae)', 'Periconia atropurpurea (Annonaceae)', 'Xylaria sp. (Xylariaceae)', 'Fusarium oxysporum', 'Erythrina mulungu (Fabaceae)', 'Stemodia foliosa (Scrophulariaceae)', 'Raulinoa echinata (Rutaceae)', 'Piper gaudichaudianum (Piperaceae)', 'Piper aduncum (Piperaceae)', 'Citrus sinensis (Rutaceae)', 'Styrax ferrugineus (Styracaceae)', 'Alchornea glandulosa (Euphorbiaceae)', 'Salacia campestris (Celastraceae)', 'Mycoleptodiscus indicus', 'Penicillium sp. (Trichocomaceae)', 'Carapa guianensis', 'Piper hostmannianum (Piperaceae)', 'Siphoneugena densiflora (Myrtaceae)', 'Hortia superba (Rutaceae)', 'Peperomia obtusifolia (Piperaceae)', 'Phomopsis cassiae (Valsaceae)', 'Angostura paniculata (Rutaceae)', 'Pilocarpus spicatus (Rutaceae)', 'Zingiber officinale', 'Pilocarpus grandiflorus', 'Citrus sp. (Rutaceae)', 'Galipea bracteata (Rutaceae)', 'Casearia rupestris (Salicaeae)', 'Cassia leptophylla (Fabaceae)', 'Picramnia teapensis', 'Esenbeckia leiocarpa', 'Almeidea rubra (Rutaceae)', 'Iryanthera juruensis (Myristicaceae)', 'Tithonia diversifolia', 'Aspergillus terreus', 'Ouratea multiflora (Ochnaceae)', 'Peperomia blanda (Piperaceae)', 'Curvularia sp. (Pleosporaceae)', 'Chaetomium globosum', 'Cassia spectabilis (Fabaceae)', 'Petiveria alliacea (Phytolaccaceae)', 'Styrax camporum (Styracaceae)', 'Rapanea umbellata,Myrsine cuneifolia (Myrsinaceae)', 'Alibertia macrophylla (Rubiaceae)', 'Adiscanthus fusciflorus', 'Cnidoscolus vitifolius (Euphorbiaceae)', 'Anacardium occidentale (Anacardiaceae)', 'Ottonia corcovadensis (Piperaceae)', 'Senna spectabilis (Fabaceae)', 'Lantana lilacina (Verbenaceae)', 'Himatanthus sucuuba (Apocynaceae)', 'Swartzia langsdorfii (Fabaceae)', 'Nigrospora sphaerica', 'Cinnamomum australe (Lauraceae)', 'Ricinus communis (Euphorbiaceae)', 'Colletotrichum gloeosporioides (Phyllachoraceae)', 'Coussarea hydrangeifolia (Rubiaceae)', 'Tocoyena brasiliensis (Rubiaceae)', 'Pothomorphe umbellata (Piperaceae)', 'Senna multijuga (Fabaceae)', 'Cabralea canjerana', 'Humicola grisea', 'Phoma betae', 'Maytenus ilicifolia (Celastraceae)', 'Croton zehntneri (Euphorbiaceae)', 'Amorpha fruticosa', 'Metrodorea stipularis', 'Hortia oreadica', 'Nectandra grandiflora (Lauraceae)', 'Trichilia claussenii (Meliaceae)', 'Toona ciliata (Meliacee)', 'Cedrela odorata (Meliaceae)', 'Michelia champaca (Magnoliaceae)', 'Tephrosia candida', 'Conchocarpus heterophyllus (Rutaceae)', 'Streptomyces sp.', 'Neoraputia magnifica (Rutaceae)', 'Alibertia sessilis (Rubiaceae)', 'Penicillium corylophilum', 'Rudgea viburnioides (Rubiaceae)', 'Trichilia elegans (Meliaceae)', 'Aspergillus fumigatus', 'Khaya ivorensis', 'Neoraputia alba (Rutaceae)', 'Piper solmsianum', 'Raulinoa echinata (Rutaceae), Swietenia macrophylla (Meliaceae)', 'Cedrela fruticosa (Meliaceae), Neoraputia magnifica (Rutaceae), Neoraputia alba (Rutaceae)', 'Trichilia pallida', 'Cheiloclinium cognatum (Hippocrateaceae)', 'Casearia obliqua (Flacourtiaceae)', 'Balfourodendron riedelianum (Rutaceae)', 'Vochysia thyrsoidea', 'Spiranthera odoratissima St. odoratissima (Rutaceae)', 'Cedrela fissilis', 'Dalbergia riparia', 'Calycophyllum spruceanum (Rubiaceae)']]",doi_collectionSpecie
"['10.1016/S0031-9422(99)00132-6', 'Piper aduncum (Piperaceae)']","['10.1016/S0031-9422(99)00132-6', ['Periconia atropurpurea (Annonaceae)', 'Tocoyena formosa (Rubiaceae)', 'Eucalyptus maculata', 'Penicillium sp. (Trichocomaceae)', 'Murraya paniculata', 'Swinglea glutinosa', 'Pterogyne nitens (Fabaceae)', 'Piper aduncum (Piperaceae)', 'Piper gaudichaudianum (Piperaceae)', 'Chimarrhis turbinata (Rubiaceae)', 'Iryanthera juruensis (Myristicaceae)', 'Stemodia foliosa (Scrophulariaceae)', 'Piper hispidum (Piperaceae)', 'Casearia sylvestris (Flacourtiaceae)', 'Piper arboreum (Piperaceae)', 'Piper tuberculatum (Piperaceae)', 'Alibertia edulis (Rubiaceae)', 'Vitex polygama (Verbenaceae)', 'Citrus sinensis (Rutaceae)', 'Arrabidaea samydoides (Bignoniaceae)', 'Xylaria sp. (Xylariaceae)', 'Curvularia sp. (Pleosporaceae)', 'Galipea bracteata (Rutaceae)', 'Maytenus aquifolium (Celastraceae)', 'Piper crassinervium (Piperaceae)', 'Picramnia teapensis', 'Styrax ferrugineus (Styracaceae)', 'Mycoleptodiscus indicus', 'Angostura paniculata (Rutaceae)', 'Phomopsis cassiae (Valsaceae)', 'Raulinoa echinata (Rutaceae)', 'Dimorphandra mollis', 'Cassia leptophylla (Fabaceae)', 'Casearia rupestris (Salicaeae)', 'Cnidoscolus vitifolius (Euphorbiaceae)', 'Senna spectabilis (Fabaceae)', 'Chrysophyllum marginatum (Sapotaceae)', 'Zingiber officinale', 'Esenbeckia leiocarpa', 'Alibertia macrophylla (Rubiaceae)', 'Piper hostmannianum (Piperaceae)', 'Pilocarpus spicatus (Rutaceae)', 'Hortia superba (Rutaceae)', 'Ouratea multiflora (Ochnaceae)', 'Pilocarpus grandiflorus', 'Salacia campestris (Celastraceae)', 'Alchornea glandulosa (Euphorbiaceae)', 'Peperomia blanda (Piperaceae)', 'Peperomia obtusifolia (Piperaceae)', 'Siphoneugena densiflora (Myrtaceae)', 'Petiveria alliacea (Phytolaccaceae)', 'Phomopsis sp. (Valsaceae)', 'Ottonia corcovadensis (Piperaceae)', 'Erythrina mulungu (Fabaceae)', 'Carapa guianensis', 'Citrus sp. (Rutaceae)', 'Pilocarpus riedelianus', 'Rapanea lancifolia (Myrsinaceae)', 'Almeidea rubra (Rutaceae)', 'Cassia spectabilis (Fabaceae)', 'Fusarium oxysporum', 'Adiscanthus fusciflorus', 'Aspergillus terreus', 'Tithonia diversifolia', 'Lantana lilacina (Verbenaceae)', 'Anacardium occidentale (Anacardiaceae)', 'Styrax camporum (Styracaceae)', 'Chaetomium globosum', 'Rapanea umbellata,Myrsine cuneifolia (Myrsinaceae)', 'Himatanthus sucuuba (Apocynaceae)', 'Nigrospora sphaerica', 'Swartzia langsdorfii (Fabaceae)', 'Cinnamomum australe (Lauraceae)', 'Ricinus communis (Euphorbiaceae)', 'Colletotrichum gloeosporioides (Phyllachoraceae)', 'Coussarea hydrangeifolia (Rubiaceae)', 'Tocoyena brasiliensis (Rubiaceae)', 'Pothomorphe umbellata (Piperaceae)', 'Senna multijuga (Fabaceae)', 'Cabralea canjerana', 'Humicola grisea', 'Phoma betae', 'Maytenus ilicifolia (Celastraceae)', 'Croton zehntneri (Euphorbiaceae)', 'Amorpha fruticosa', 'Metrodorea stipularis', 'Hortia oreadica', 'Nectandra grandiflora (Lauraceae)', 'Trichilia claussenii (Meliaceae)', 'Toona ciliata (Meliacee)', 'Cedrela odorata (Meliaceae)', 'Michelia champaca (Magnoliaceae)', 'Tephrosia candida', 'Conchocarpus heterophyllus (Rutaceae)', 'Streptomyces sp.', 'Neoraputia magnifica (Rutaceae)', 'Alibertia sessilis (Rubiaceae)', 'Penicillium corylophilum', 'Rudgea viburnioides (Rubiaceae)', 'Trichilia elegans (Meliaceae)', 'Aspergillus fumigatus', 'Khaya ivorensis', 'Neoraputia alba (Rutaceae)', 'Piper solmsianum', 'Raulinoa echinata (Rutaceae), Swietenia macrophylla (Meliaceae)', 'Cedrela fruticosa (Meliaceae), Neoraputia magnifica (Rutaceae), Neoraputia alba (Rutaceae)', 'Trichilia pallida', 'Cheiloclinium cognatum (Hippocrateaceae)', 'Casearia obliqua (Flacourtiaceae)', 'Balfourodendron riedelianum (Rutaceae)', 'Vochysia thyrsoidea', 'Spiranthera odoratissima St. odoratissima (Rutaceae)', 'Cedrela fissilis', 'Dalbergia riparia', 'Calycophyllum spruceanum (Rubiaceae)']]",doi_collectionSpecie
"['10.1021/np9704617', 'Rudgea viburnioides (Rubiaceae)']","['10.1021/np9704617', ['Piper hispidum (Piperaceae)', 'Tocoyena formosa (Rubiaceae)', 'Eucalyptus maculata', 'Phomopsis cassiae (Valsaceae)', 'Pterogyne nitens (Fabaceae)', 'Arrabidaea samydoides (Bignoniaceae)', 'Swinglea glutinosa', 'Murraya paniculata', 'Vitex polygama (Verbenaceae)', 'Periconia atropurpurea (Annonaceae)', 'Chimarrhis turbinata (Rubiaceae)', 'Mycoleptodiscus indicus', 'Penicillium sp. (Trichocomaceae)', 'Casearia sylvestris (Flacourtiaceae)', 'Alibertia edulis (Rubiaceae)', 'Hortia superba (Rutaceae)', 'Raulinoa echinata (Rutaceae)', 'Angostura paniculata (Rutaceae)', 'Piper aduncum (Piperaceae)', 'Piper gaudichaudianum (Piperaceae)', 'Piper arboreum (Piperaceae)', 'Piper tuberculatum (Piperaceae)', 'Stemodia foliosa (Scrophulariaceae)', 'Citrus sinensis (Rutaceae)', 'Peperomia blanda (Piperaceae)', 'Styrax ferrugineus (Styracaceae)', 'Dimorphandra mollis', 'Salacia campestris (Celastraceae)', 'Siphoneugena densiflora (Myrtaceae)', 'Xylaria sp. (Xylariaceae)', 'Esenbeckia leiocarpa', 'Piper crassinervium (Piperaceae)', 'Phomopsis sp. (Valsaceae)', 'Almeidea rubra (Rutaceae)', 'Cassia leptophylla (Fabaceae)', 'Piper hostmannianum (Piperaceae)', 'Casearia rupestris (Salicaeae)', 'Iryanthera juruensis (Myristicaceae)', 'Maytenus aquifolium (Celastraceae)', 'Picramnia teapensis', 'Cassia spectabilis (Fabaceae)', 'Pilocarpus grandiflorus', 'Chrysophyllum marginatum (Sapotaceae)', 'Curvularia sp. (Pleosporaceae)', 'Zingiber officinale', 'Galipea bracteata (Rutaceae)', 'Alchornea glandulosa (Euphorbiaceae)', 'Peperomia obtusifolia (Piperaceae)', 'Petiveria alliacea (Phytolaccaceae)', 'Erythrina mulungu (Fabaceae)', 'Cnidoscolus vitifolius (Euphorbiaceae)', 'Carapa guianensis', 'Ouratea multiflora (Ochnaceae)', 'Pilocarpus spicatus (Rutaceae)', 'Pilocarpus riedelianus', 'Citrus sp. (Rutaceae)', 'Rapanea lancifolia (Myrsinaceae)', 'Alibertia macrophylla (Rubiaceae)', 'Tithonia diversifolia', 'Aspergillus terreus', 'Ottonia corcovadensis (Piperaceae)', 'Fusarium oxysporum', 'Senna spectabilis (Fabaceae)', 'Anacardium occidentale (Anacardiaceae)', 'Adiscanthus fusciflorus', 'Styrax camporum (Styracaceae)', 'Lantana lilacina (Verbenaceae)', 'Nigrospora sphaerica', 'Chaetomium globosum', 'Rapanea umbellata,Myrsine cuneifolia (Myrsinaceae)', 'Himatanthus sucuuba (Apocynaceae)', 'Swartzia langsdorfii (Fabaceae)', 'Cinnamomum australe (Lauraceae)', 'Ricinus communis (Euphorbiaceae)', 'Colletotrichum gloeosporioides (Phyllachoraceae)', 'Coussarea hydrangeifolia (Rubiaceae)', 'Tocoyena brasiliensis (Rubiaceae)', 'Pothomorphe umbellata (Piperaceae)', 'Senna multijuga (Fabaceae)', 'Cabralea canjerana', 'Humicola grisea', 'Phoma betae', 'Maytenus ilicifolia (Celastraceae)', 'Croton zehntneri (Euphorbiaceae)', 'Amorpha fruticosa', 'Metrodorea stipularis', 'Hortia oreadica', 'Nectandra grandiflora (Lauraceae)', 'Trichilia claussenii (Meliaceae)', 'Toona ciliata (Meliacee)', 'Cedrela odorata (Meliaceae)', 'Michelia champaca (Magnoliaceae)', 'Tephrosia candida', 'Conchocarpus heterophyllus (Rutaceae)', 'Streptomyces sp.', 'Neoraputia magnifica (Rutaceae)', 'Alibertia sessilis (Rubiaceae)', 'Penicillium corylophilum', 'Rudgea viburnioides (Rubiaceae)', 'Trichilia elegans (Meliaceae)', 'Aspergillus fumigatus', 'Khaya ivorensis', 'Neoraputia alba (Rutaceae)', 'Piper solmsianum', 'Raulinoa echinata (Rutaceae), Swietenia macrophylla (Meliaceae)', 'Cedrela fruticosa (Meliaceae), Neoraputia magnifica (Rutaceae), Neoraputia alba (Rutaceae)', 'Trichilia pallida', 'Cheiloclinium cognatum (Hippocrateaceae)', 'Casearia obliqua (Flacourtiaceae)', 'Balfourodendron riedelianum (Rutaceae)', 'Vochysia thyrsoidea', 'Spiranthera odoratissima St. odoratissima (Rutaceae)', 'Cedrela fissilis', 'Dalbergia riparia', 'Calycophyllum spruceanum (Rubiaceae)']]",doi_collectionSpecie
"['10.1016/S0031-9422(00)00226-0', 'Piper hispidum (Piperaceae)']","['10.1016/S0031-9422(00)00226-0', ['Tocoyena formosa (Rubiaceae)', 'Eucalyptus maculata', 'Styrax ferrugineus (Styracaceae)', 'Periconia atropurpurea (Annonaceae)', 'Piper tuberculatum (Piperaceae)', 'Piper arboreum (Piperaceae)', 'Pterogyne nitens (Fabaceae)', 'Dimorphandra mollis', 'Vitex polygama (Verbenaceae)', 'Casearia sylvestris (Flacourtiaceae)', 'Penicillium sp. (Trichocomaceae)', 'Swinglea glutinosa', 'Murraya paniculata', 'Chimarrhis turbinata (Rubiaceae)', 'Iryanthera juruensis (Myristicaceae)', 'Alibertia edulis (Rubiaceae)', 'Arrabidaea samydoides (Bignoniaceae)', 'Stemodia foliosa (Scrophulariaceae)', 'Piper hispidum (Piperaceae)', 'Galipea bracteata (Rutaceae)', 'Citrus sinensis (Rutaceae)', 'Picramnia teapensis', 'Cassia leptophylla (Fabaceae)', 'Casearia rupestris (Salicaeae)', 'Xylaria sp. (Xylariaceae)', 'Angostura paniculata (Rutaceae)', 'Mycoleptodiscus indicus', 'Maytenus aquifolium (Celastraceae)', 'Esenbeckia leiocarpa', 'Zingiber officinale', 'Piper crassinervium (Piperaceae)', 'Peperomia obtusifolia (Piperaceae)', 'Phomopsis cassiae (Valsaceae)', 'Chrysophyllum marginatum (Sapotaceae)', 'Hortia superba (Rutaceae)', 'Erythrina mulungu (Fabaceae)', 'Curvularia sp. (Pleosporaceae)', 'Piper aduncum (Piperaceae)', 'Piper gaudichaudianum (Piperaceae)', 'Pilocarpus grandiflorus', 'Siphoneugena densiflora (Myrtaceae)', 'Ouratea multiflora (Ochnaceae)', 'Alchornea glandulosa (Euphorbiaceae)', 'Petiveria alliacea (Phytolaccaceae)', 'Peperomia blanda (Piperaceae)', 'Carapa guianensis', 'Pilocarpus spicatus (Rutaceae)', 'Fusarium oxysporum', 'Raulinoa echinata (Rutaceae)', 'Rapanea lancifolia (Myrsinaceae)', 'Citrus sp. (Rutaceae)', 'Salacia campestris (Celastraceae)', 'Pilocarpus riedelianus', 'Alibertia macrophylla (Rubiaceae)', 'Cassia spectabilis (Fabaceae)', 'Piper hostmannianum (Piperaceae)', 'Almeidea rubra (Rutaceae)', 'Phomopsis sp. (Valsaceae)', 'Tithonia diversifolia', 'Aspergillus terreus', 'Styrax camporum (Styracaceae)', 'Cnidoscolus vitifolius (Euphorbiaceae)', 'Anacardium occidentale (Anacardiaceae)', 'Senna spectabilis (Fabaceae)', 'Ottonia corcovadensis (Piperaceae)', 'Adiscanthus fusciflorus', 'Lantana lilacina (Verbenaceae)', 'Chaetomium globosum', 'Himatanthus sucuuba (Apocynaceae)', 'Rapanea umbellata,Myrsine cuneifolia (Myrsinaceae)', 'Nigrospora sphaerica', 'Swartzia langsdorfii (Fabaceae)', 'Cinnamomum australe (Lauraceae)', 'Ricinus communis (Euphorbiaceae)', 'Colletotrichum gloeosporioides (Phyllachoraceae)', 'Coussarea hydrangeifolia (Rubiaceae)', 'Tocoyena brasiliensis (Rubiaceae)', 'Pothomorphe umbellata (Piperaceae)', 'Senna multijuga (Fabaceae)', 'Cabralea canjerana', 'Humicola grisea', 'Phoma betae', 'Maytenus ilicifolia (Celastraceae)', 'Croton zehntneri (Euphorbiaceae)', 'Amorpha fruticosa', 'Metrodorea stipularis', 'Hortia oreadica', 'Nectandra grandiflora (Lauraceae)', 'Trichilia claussenii (Meliaceae)', 'Toona ciliata (Meliacee)', 'Cedrela odorata (Meliaceae)', 'Michelia champaca (Magnoliaceae)', 'Tephrosia candida', 'Conchocarpus heterophyllus (Rutaceae)', 'Streptomyces sp.', 'Neoraputia magnifica (Rutaceae)', 'Alibertia sessilis (Rubiaceae)', 'Penicillium corylophilum', 'Rudgea viburnioides (Rubiaceae)', 'Trichilia elegans (Meliaceae)', 'Aspergillus fumigatus', 'Khaya ivorensis', 'Neoraputia alba (Rutaceae)', 'Piper solmsianum', 'Raulinoa echinata (Rutaceae), Swietenia macrophylla (Meliaceae)', 'Cedrela fruticosa (Meliaceae), Neoraputia magnifica (Rutaceae), Neoraputia alba (Rutaceae)', 'Trichilia pallida', 'Cheiloclinium cognatum (Hippocrateaceae)', 'Casearia obliqua (Flacourtiaceae)', 'Balfourodendron riedelianum (Rutaceae)', 'Vochysia thyrsoidea', 'Spiranthera odoratissima St. odoratissima (Rutaceae)', 'Cedrela fissilis', 'Dalbergia riparia', 'Calycophyllum spruceanum (Rubiaceae)']]",doi_collectionSpecie
"['10.2174/187152010794728620', 'Cedrela odorata (Meliaceae)']","['10.2174/187152010794728620', ['Casearia sylvestris (Flacourtiaceae)', 'Eucalyptus maculata', 'Pterogyne nitens (Fabaceae)', 'Dimorphandra mollis', 'Swinglea glutinosa', 'Tocoyena formosa (Rubiaceae)', 'Chimarrhis turbinata (Rubiaceae)', 'Zingiber officinale', 'Mycoleptodiscus indicus', 'Almeidea rubra (Rutaceae)', 'Arrabidaea samydoides (Bignoniaceae)', 'Piper crassinervium (Piperaceae)', 'Erythrina mulungu (Fabaceae)', 'Alchornea glandulosa (Euphorbiaceae)', 'Maytenus aquifolium (Celastraceae)', 'Rapanea lancifolia (Myrsinaceae)', 'Vitex polygama (Verbenaceae)', 'Pilocarpus spicatus (Rutaceae)', 'Stemodia foliosa (Scrophulariaceae)', 'Raulinoa echinata (Rutaceae)', 'Piper tuberculatum (Piperaceae)', 'Piper arboreum (Piperaceae)', 'Esenbeckia leiocarpa', 'Casearia rupestris (Salicaeae)', 'Carapa guianensis', 'Citrus sinensis (Rutaceae)', 'Fusarium oxysporum', 'Piper aduncum (Piperaceae)', 'Piper gaudichaudianum (Piperaceae)', 'Styrax ferrugineus (Styracaceae)', 'Peperomia obtusifolia (Piperaceae)', 'Penicillium sp. (Trichocomaceae)', 'Alibertia edulis (Rubiaceae)', 'Periconia atropurpurea (Annonaceae)', 'Citrus sp. (Rutaceae)', 'Phomopsis sp. (Valsaceae)', 'Cassia leptophylla (Fabaceae)', 'Hortia superba (Rutaceae)', 'Chrysophyllum marginatum (Sapotaceae)', 'Piper hostmannianum (Piperaceae)', 'Piper hispidum (Piperaceae)', 'Murraya paniculata', 'Ouratea multiflora (Ochnaceae)', 'Cassia spectabilis (Fabaceae)', 'Xylaria sp. (Xylariaceae)', 'Pilocarpus riedelianus', 'Phomopsis cassiae (Valsaceae)', 'Salacia campestris (Celastraceae)', 'Pilocarpus grandiflorus', 'Peperomia blanda (Piperaceae)', 'Lantana lilacina (Verbenaceae)', 'Petiveria alliacea (Phytolaccaceae)', 'Angostura paniculata (Rutaceae)', 'Anacardium occidentale (Anacardiaceae)', 'Tithonia diversifolia', 'Aspergillus terreus', 'Picramnia teapensis', 'Galipea bracteata (Rutaceae)', 'Siphoneugena densiflora (Myrtaceae)', 'Iryanthera juruensis (Myristicaceae)', 'Nigrospora sphaerica', 'Curvularia sp. (Pleosporaceae)', 'Senna spectabilis (Fabaceae)', 'Alibertia macrophylla (Rubiaceae)', 'Ottonia corcovadensis (Piperaceae)', 'Adiscanthus fusciflorus', 'Cnidoscolus vitifolius (Euphorbiaceae)', 'Styrax camporum (Styracaceae)', 'Chaetomium globosum', 'Rapanea umbellata,Myrsine cuneifolia (Myrsinaceae)', 'Himatanthus sucuuba (Apocynaceae)', 'Cinnamomum australe (Lauraceae)', 'Swartzia langsdorfii (Fabaceae)', 'Ricinus communis (Euphorbiaceae)', 'Colletotrichum gloeosporioides (Phyllachoraceae)', 'Coussarea hydrangeifolia (Rubiaceae)', 'Tocoyena brasiliensis (Rubiaceae)', 'Pothomorphe umbellata (Piperaceae)', 'Senna multijuga (Fabaceae)', 'Cabralea canjerana', 'Humicola grisea', 'Phoma betae', 'Maytenus ilicifolia (Celastraceae)', 'Croton zehntneri (Euphorbiaceae)', 'Amorpha fruticosa', 'Metrodorea stipularis', 'Hortia oreadica', 'Nectandra grandiflora (Lauraceae)', 'Trichilia claussenii (Meliaceae)', 'Toona ciliata (Meliacee)', 'Cedrela odorata (Meliaceae)', 'Michelia champaca (Magnoliaceae)', 'Tephrosia candida', 'Conchocarpus heterophyllus (Rutaceae)', 'Streptomyces sp.', 'Neoraputia magnifica (Rutaceae)', 'Alibertia sessilis (Rubiaceae)', 'Penicillium corylophilum', 'Rudgea viburnioides (Rubiaceae)', 'Trichilia elegans (Meliaceae)', 'Aspergillus fumigatus', 'Khaya ivorensis', 'Neoraputia alba (Rutaceae)', 'Piper solmsianum', 'Raulinoa echinata (Rutaceae), Swietenia macrophylla (Meliaceae)', 'Cedrela fruticosa (Meliaceae), Neoraputia magnifica (Rutaceae), Neoraputia alba (Rutaceae)', 'Trichilia pallida', 'Cheiloclinium cognatum (Hippocrateaceae)', 'Casearia obliqua (Flacourtiaceae)', 'Balfourodendron riedelianum (Rutaceae)', 'Vochysia thyrsoidea', 'Spiranthera odoratissima St. odoratissima (Rutaceae)', 'Cedrela fissilis', 'Dalbergia riparia', 'Calycophyllum spruceanum (Rubiaceae)']]",doi_collectionSpecie
"['10.1002/jobm.200800093', 'Phoma betae']","['10.1002/jobm.200800093', ['Eucalyptus maculata', 'Tocoyena formosa (Rubiaceae)', 'Pterogyne nitens (Fabaceae)', 'Casearia sylvestris (Flacourtiaceae)', 'Vitex polygama (Verbenaceae)', 'Swinglea glutinosa', 'Dimorphandra mollis', 'Chimarrhis turbinata (Rubiaceae)', 'Arrabidaea samydoides (Bignoniaceae)', 'Piper tuberculatum (Piperaceae)', 'Piper arboreum (Piperaceae)', 'Alibertia edulis (Rubiaceae)', 'Erythrina mulungu (Fabaceae)', 'Rapanea lancifolia (Myrsinaceae)', 'Piper hispidum (Piperaceae)', 'Pilocarpus riedelianus', 'Piper crassinervium (Piperaceae)', 'Alchornea glandulosa (Euphorbiaceae)', 'Murraya paniculata', 'Fusarium oxysporum', 'Stemodia foliosa (Scrophulariaceae)', 'Salacia campestris (Celastraceae)', 'Carapa guianensis', 'Periconia atropurpurea (Annonaceae)', 'Peperomia obtusifolia (Piperaceae)', 'Siphoneugena densiflora (Myrtaceae)', 'Styrax ferrugineus (Styracaceae)', 'Maytenus aquifolium (Celastraceae)', 'Piper gaudichaudianum (Piperaceae)', 'Piper aduncum (Piperaceae)', 'Zingiber officinale', 'Phomopsis sp. (Valsaceae)', 'Casearia rupestris (Salicaeae)', 'Mycoleptodiscus indicus', 'Citrus sp. (Rutaceae)', 'Ouratea multiflora (Ochnaceae)', 'Penicillium sp. (Trichocomaceae)', 'Chrysophyllum marginatum (Sapotaceae)', 'Citrus sinensis (Rutaceae)', 'Aspergillus terreus', 'Tithonia diversifolia', 'Piper hostmannianum (Piperaceae)', 'Almeidea rubra (Rutaceae)', 'Esenbeckia leiocarpa', 'Angostura paniculata (Rutaceae)', 'Petiveria alliacea (Phytolaccaceae)', 'Raulinoa echinata (Rutaceae)', 'Pilocarpus grandiflorus', 'Xylaria sp. (Xylariaceae)', 'Cassia leptophylla (Fabaceae)', 'Hortia superba (Rutaceae)', 'Phomopsis cassiae (Valsaceae)', 'Pilocarpus spicatus (Rutaceae)', 'Iryanthera juruensis (Myristicaceae)', 'Picramnia teapensis', 'Cassia spectabilis (Fabaceae)', 'Galipea bracteata (Rutaceae)', 'Peperomia blanda (Piperaceae)', 'Curvularia sp. (Pleosporaceae)', 'Anacardium occidentale (Anacardiaceae)', 'Alibertia macrophylla (Rubiaceae)', 'Senna spectabilis (Fabaceae)', 'Cnidoscolus vitifolius (Euphorbiaceae)', 'Lantana lilacina (Verbenaceae)', 'Ottonia corcovadensis (Piperaceae)', 'Styrax camporum (Styracaceae)', 'Nigrospora sphaerica', 'Rapanea umbellata,Myrsine cuneifolia (Myrsinaceae)', 'Adiscanthus fusciflorus', 'Chaetomium globosum', 'Himatanthus sucuuba (Apocynaceae)', 'Swartzia langsdorfii (Fabaceae)', 'Cinnamomum australe (Lauraceae)', 'Ricinus communis (Euphorbiaceae)', 'Colletotrichum gloeosporioides (Phyllachoraceae)', 'Coussarea hydrangeifolia (Rubiaceae)', 'Tocoyena brasiliensis (Rubiaceae)', 'Pothomorphe umbellata (Piperaceae)', 'Senna multijuga (Fabaceae)', 'Cabralea canjerana', 'Humicola grisea', 'Phoma betae', 'Maytenus ilicifolia (Celastraceae)', 'Croton zehntneri (Euphorbiaceae)', 'Amorpha fruticosa', 'Metrodorea stipularis', 'Hortia oreadica', 'Nectandra grandiflora (Lauraceae)', 'Trichilia claussenii (Meliaceae)', 'Toona ciliata (Meliacee)', 'Cedrela odorata (Meliaceae)', 'Michelia champaca (Magnoliaceae)', 'Tephrosia candida', 'Conchocarpus heterophyllus (Rutaceae)', 'Streptomyces sp.', 'Neoraputia magnifica (Rutaceae)', 'Alibertia sessilis (Rubiaceae)', 'Penicillium corylophilum', 'Rudgea viburnioides (Rubiaceae)', 'Trichilia elegans (Meliaceae)', 'Aspergillus fumigatus', 'Khaya ivorensis', 'Neoraputia alba (Rutaceae)', 'Piper solmsianum', 'Raulinoa echinata (Rutaceae), Swietenia macrophylla (Meliaceae)', 'Cedrela fruticosa (Meliaceae), Neoraputia magnifica (Rutaceae), Neoraputia alba (Rutaceae)', 'Trichilia pallida', 'Cheiloclinium cognatum (Hippocrateaceae)', 'Casearia obliqua (Flacourtiaceae)', 'Balfourodendron riedelianum (Rutaceae)', 'Vochysia thyrsoidea', 'Spiranthera odoratissima St. odoratissima (Rutaceae)', 'Cedrela fissilis', 'Dalbergia riparia', 'Calycophyllum spruceanum (Rubiaceae)']]",doi_collectionSpecie
"['10.1016/S0031-9422(03)00153-5', 'Calycophyllum spruceanum (Rubiaceae)']","['10.1016/S0031-9422(03)00153-5', ['Eucalyptus maculata', 'Tocoyena formosa (Rubiaceae)', 'Periconia atropurpurea (Annonaceae)', 'Chimarrhis turbinata (Rubiaceae)', 'Penicillium sp. (Trichocomaceae)', 'Pterogyne nitens (Fabaceae)', 'Swinglea glutinosa', 'Murraya paniculata', 'Raulinoa echinata (Rutaceae)', 'Casearia sylvestris (Flacourtiaceae)', 'Piper crassinervium (Piperaceae)', 'Maytenus aquifolium (Celastraceae)', 'Arrabidaea samydoides (Bignoniaceae)', 'Citrus sinensis (Rutaceae)', 'Stemodia foliosa (Scrophulariaceae)', 'Galipea bracteata (Rutaceae)', 'Piper aduncum (Piperaceae)', 'Piper gaudichaudianum (Piperaceae)', 'Iryanthera juruensis (Myristicaceae)', 'Vitex polygama (Verbenaceae)', 'Cassia leptophylla (Fabaceae)', 'Mycoleptodiscus indicus', 'Xylaria sp. (Xylariaceae)', 'Hortia superba (Rutaceae)', 'Piper arboreum (Piperaceae)', 'Piper tuberculatum (Piperaceae)', 'Zingiber officinale', 'Phomopsis cassiae (Valsaceae)', 'Curvularia sp. (Pleosporaceae)', 'Piper hispidum (Piperaceae)', 'Chrysophyllum marginatum (Sapotaceae)', 'Alibertia edulis (Rubiaceae)', 'Pilocarpus spicatus (Rutaceae)', 'Alibertia macrophylla (Rubiaceae)', 'Styrax ferrugineus (Styracaceae)', 'Peperomia blanda (Piperaceae)', 'Casearia rupestris (Salicaeae)', 'Dimorphandra mollis', 'Alchornea glandulosa (Euphorbiaceae)', 'Esenbeckia leiocarpa', 'Piper hostmannianum (Piperaceae)', 'Picramnia teapensis', 'Pilocarpus grandiflorus', 'Angostura paniculata (Rutaceae)', 'Phomopsis sp. (Valsaceae)', 'Ouratea multiflora (Ochnaceae)', 'Cassia spectabilis (Fabaceae)', 'Cnidoscolus vitifolius (Euphorbiaceae)', 'Peperomia obtusifolia (Piperaceae)', 'Almeidea rubra (Rutaceae)', 'Rapanea lancifolia (Myrsinaceae)', 'Salacia campestris (Celastraceae)', 'Carapa guianensis', 'Erythrina mulungu (Fabaceae)', 'Senna spectabilis (Fabaceae)', 'Siphoneugena densiflora (Myrtaceae)', 'Pilocarpus riedelianus', 'Fusarium oxysporum', 'Citrus sp. (Rutaceae)', 'Petiveria alliacea (Phytolaccaceae)', 'Ottonia corcovadensis (Piperaceae)', 'Lantana lilacina (Verbenaceae)', 'Adiscanthus fusciflorus', 'Anacardium occidentale (Anacardiaceae)', 'Tithonia diversifolia', 'Aspergillus terreus', 'Styrax camporum (Styracaceae)', 'Chaetomium globosum', 'Rapanea umbellata,Myrsine cuneifolia (Myrsinaceae)', 'Nigrospora sphaerica', 'Swartzia langsdorfii (Fabaceae)', 'Himatanthus sucuuba (Apocynaceae)', 'Cinnamomum australe (Lauraceae)', 'Ricinus communis (Euphorbiaceae)', 'Colletotrichum gloeosporioides (Phyllachoraceae)', 'Coussarea hydrangeifolia (Rubiaceae)', 'Tocoyena brasiliensis (Rubiaceae)', 'Pothomorphe umbellata (Piperaceae)', 'Senna multijuga (Fabaceae)', 'Cabralea canjerana', 'Humicola grisea', 'Phoma betae', 'Maytenus ilicifolia (Celastraceae)', 'Croton zehntneri (Euphorbiaceae)', 'Amorpha fruticosa', 'Metrodorea stipularis', 'Hortia oreadica', 'Nectandra grandiflora (Lauraceae)', 'Trichilia claussenii (Meliaceae)', 'Toona ciliata (Meliacee)', 'Cedrela odorata (Meliaceae)', 'Michelia champaca (Magnoliaceae)', 'Tephrosia candida', 'Conchocarpus heterophyllus (Rutaceae)', 'Streptomyces sp.', 'Neoraputia magnifica (Rutaceae)', 'Alibertia sessilis (Rubiaceae)', 'Penicillium corylophilum', 'Rudgea viburnioides (Rubiaceae)', 'Trichilia elegans (Meliaceae)', 'Aspergillus fumigatus', 'Khaya ivorensis', 'Neoraputia alba (Rutaceae)', 'Piper solmsianum', 'Raulinoa echinata (Rutaceae), Swietenia macrophylla (Meliaceae)', 'Cedrela fruticosa (Meliaceae), Neoraputia magnifica (Rutaceae), Neoraputia alba (Rutaceae)', 'Trichilia pallida', 'Cheiloclinium cognatum (Hippocrateaceae)', 'Casearia obliqua (Flacourtiaceae)', 'Balfourodendron riedelianum (Rutaceae)', 'Vochysia thyrsoidea', 'Spiranthera odoratissima St. odoratissima (Rutaceae)', 'Cedrela fissilis', 'Dalbergia riparia', 'Calycophyllum spruceanum (Rubiaceae)']]",doi_collectionSpecie
"['10.1016/j.jphotobiol.2013.01.006', 'Balfourodendron riedelianum (Rutaceae)']","['10.1016/j.jphotobiol.2013.01.006', ['Eucalyptus maculata', 'Casearia sylvestris (Flacourtiaceae)', 'Pterogyne nitens (Fabaceae)', 'Chimarrhis turbinata (Rubiaceae)', 'Tocoyena formosa (Rubiaceae)', 'Mycoleptodiscus indicus', 'Dimorphandra mollis', 'Swinglea glutinosa', 'Piper crassinervium (Piperaceae)', 'Pilocarpus spicatus (Rutaceae)', 'Zingiber officinale', 'Vitex polygama (Verbenaceae)', 'Raulinoa echinata (Rutaceae)', 'Arrabidaea samydoides (Bignoniaceae)', 'Stemodia foliosa (Scrophulariaceae)', 'Maytenus aquifolium (Celastraceae)', 'Periconia atropurpurea (Annonaceae)', 'Citrus sinensis (Rutaceae)', 'Piper arboreum (Piperaceae)', 'Piper tuberculatum (Piperaceae)', 'Erythrina mulungu (Fabaceae)', 'Piper aduncum (Piperaceae)', 'Piper gaudichaudianum (Piperaceae)', 'Casearia rupestris (Salicaeae)', 'Styrax ferrugineus (Styracaceae)', 'Alchornea glandulosa (Euphorbiaceae)', 'Carapa guianensis', 'Citrus sp. (Rutaceae)', 'Esenbeckia leiocarpa', 'Penicillium sp. (Trichocomaceae)', 'Murraya paniculata', 'Hortia superba (Rutaceae)', 'Alibertia edulis (Rubiaceae)', 'Piper hispidum (Piperaceae)', 'Rapanea lancifolia (Myrsinaceae)', 'Peperomia obtusifolia (Piperaceae)', 'Piper hostmannianum (Piperaceae)', 'Almeidea rubra (Rutaceae)', 'Cassia leptophylla (Fabaceae)', 'Phomopsis sp. (Valsaceae)', 'Picramnia teapensis', 'Chrysophyllum marginatum (Sapotaceae)', 'Cassia spectabilis (Fabaceae)', 'Iryanthera juruensis (Myristicaceae)', 'Pilocarpus grandiflorus', 'Fusarium oxysporum', 'Xylaria sp. (Xylariaceae)', 'Angostura paniculata (Rutaceae)', 'Galipea bracteata (Rutaceae)', 'Phomopsis cassiae (Valsaceae)', 'Petiveria alliacea (Phytolaccaceae)', 'Salacia campestris (Celastraceae)', 'Pilocarpus riedelianus', 'Peperomia blanda (Piperaceae)', 'Ouratea multiflora (Ochnaceae)', 'Lantana lilacina (Verbenaceae)', 'Siphoneugena densiflora (Myrtaceae)', 'Curvularia sp. (Pleosporaceae)', 'Anacardium occidentale (Anacardiaceae)', 'Tithonia diversifolia', 'Aspergillus terreus', 'Alibertia macrophylla (Rubiaceae)', 'Senna spectabilis (Fabaceae)', 'Ottonia corcovadensis (Piperaceae)', 'Cnidoscolus vitifolius (Euphorbiaceae)', 'Nigrospora sphaerica', 'Styrax camporum (Styracaceae)', 'Adiscanthus fusciflorus', 'Chaetomium globosum', 'Rapanea umbellata,Myrsine cuneifolia (Myrsinaceae)', 'Himatanthus sucuuba (Apocynaceae)', 'Swartzia langsdorfii (Fabaceae)', 'Cinnamomum australe (Lauraceae)', 'Ricinus communis (Euphorbiaceae)', 'Colletotrichum gloeosporioides (Phyllachoraceae)', 'Coussarea hydrangeifolia (Rubiaceae)', 'Tocoyena brasiliensis (Rubiaceae)', 'Pothomorphe umbellata (Piperaceae)', 'Senna multijuga (Fabaceae)', 'Cabralea canjerana', 'Humicola grisea', 'Phoma betae', 'Maytenus ilicifolia (Celastraceae)', 'Croton zehntneri (Euphorbiaceae)', 'Amorpha fruticosa', 'Metrodorea stipularis', 'Hortia oreadica', 'Nectandra grandiflora (Lauraceae)', 'Trichilia claussenii (Meliaceae)', 'Toona ciliata (Meliacee)', 'Cedrela odorata (Meliaceae)', 'Michelia champaca (Magnoliaceae)', 'Tephrosia candida', 'Conchocarpus heterophyllus (Rutaceae)', 'Streptomyces sp.', 'Neoraputia magnifica (Rutaceae)', 'Alibertia sessilis (Rubiaceae)', 'Penicillium corylophilum', 'Rudgea viburnioides (Rubiaceae)', 'Trichilia elegans (Meliaceae)', 'Aspergillus fumigatus', 'Khaya ivorensis', 'Neoraputia alba (Rutaceae)', 'Piper solmsianum', 'Raulinoa echinata (Rutaceae), Swietenia macrophylla (Meliaceae)', 'Cedrela fruticosa (Meliaceae), Neoraputia magnifica (Rutaceae), Neoraputia alba (Rutaceae)', 'Trichilia pallida', 'Cheiloclinium cognatum (Hippocrateaceae)', 'Casearia obliqua (Flacourtiaceae)', 'Balfourodendron riedelianum (Rutaceae)', 'Vochysia thyrsoidea', 'Spiranthera odoratissima St. odoratissima (Rutaceae)', 'Cedrela fissilis', 'Dalbergia riparia', 'Calycophyllum spruceanum (Rubiaceae)']]",doi_collectionSpecie
"['10.1021/jf60217a066', 'Croton zehntneri (Euphorbiaceae)']","['10.1021/jf60217a066', ['Eucalyptus maculata', 'Murraya paniculata', 'Galipea bracteata (Rutaceae)', 'Tocoyena formosa (Rubiaceae)', 'Angostura paniculata (Rutaceae)', 'Pterogyne nitens (Fabaceae)', 'Chimarrhis turbinata (Rubiaceae)', 'Alibertia macrophylla (Rubiaceae)', 'Vitex polygama (Verbenaceae)', 'Dimorphandra mollis', 'Penicillium sp. (Trichocomaceae)', 'Stemodia foliosa (Scrophulariaceae)', 'Maytenus aquifolium (Celastraceae)', 'Casearia sylvestris (Flacourtiaceae)', 'Cassia leptophylla (Fabaceae)', 'Swinglea glutinosa', 'Periconia atropurpurea (Annonaceae)', 'Iryanthera juruensis (Myristicaceae)', 'Arrabidaea samydoides (Bignoniaceae)', 'Piper crassinervium (Piperaceae)', 'Piper hispidum (Piperaceae)', 'Piper tuberculatum (Piperaceae)', 'Piper arboreum (Piperaceae)', 'Styrax ferrugineus (Styracaceae)', 'Casearia rupestris (Salicaeae)', 'Zingiber officinale', 'Xylaria sp. (Xylariaceae)', 'Chrysophyllum marginatum (Sapotaceae)', 'Alchornea glandulosa (Euphorbiaceae)', 'Piper aduncum (Piperaceae)', 'Piper gaudichaudianum (Piperaceae)', 'Citrus sinensis (Rutaceae)', 'Esenbeckia leiocarpa', 'Carapa guianensis', 'Alibertia edulis (Rubiaceae)', 'Raulinoa echinata (Rutaceae)', 'Ouratea multiflora (Ochnaceae)', 'Petiveria alliacea (Phytolaccaceae)', 'Mycoleptodiscus indicus', 'Erythrina mulungu (Fabaceae)', 'Peperomia obtusifolia (Piperaceae)', 'Pilocarpus riedelianus', 'Rapanea lancifolia (Myrsinaceae)', 'Ottonia corcovadensis (Piperaceae)', 'Pilocarpus grandiflorus', 'Picramnia teapensis', 'Phomopsis sp. (Valsaceae)', 'Pilocarpus spicatus (Rutaceae)', 'Hortia superba (Rutaceae)', 'Piper hostmannianum (Piperaceae)', 'Siphoneugena densiflora (Myrtaceae)', 'Cnidoscolus vitifolius (Euphorbiaceae)', 'Anacardium occidentale (Anacardiaceae)', 'Salacia campestris (Celastraceae)', 'Phomopsis cassiae (Valsaceae)', 'Fusarium oxysporum', 'Peperomia blanda (Piperaceae)', 'Cassia spectabilis (Fabaceae)', 'Almeidea rubra (Rutaceae)', 'Curvularia sp. (Pleosporaceae)', 'Citrus sp. (Rutaceae)', 'Senna spectabilis (Fabaceae)', 'Tithonia diversifolia', 'Aspergillus terreus', 'Lantana lilacina (Verbenaceae)', 'Styrax camporum (Styracaceae)', 'Adiscanthus fusciflorus', 'Chaetomium globosum', 'Nigrospora sphaerica', 'Rapanea umbellata,Myrsine cuneifolia (Myrsinaceae)', 'Himatanthus sucuuba (Apocynaceae)', 'Swartzia langsdorfii (Fabaceae)', 'Cinnamomum australe (Lauraceae)', 'Ricinus communis (Euphorbiaceae)', 'Colletotrichum gloeosporioides (Phyllachoraceae)', 'Coussarea hydrangeifolia (Rubiaceae)', 'Tocoyena brasiliensis (Rubiaceae)', 'Pothomorphe umbellata (Piperaceae)', 'Senna multijuga (Fabaceae)', 'Cabralea canjerana', 'Humicola grisea', 'Phoma betae', 'Maytenus ilicifolia (Celastraceae)', 'Croton zehntneri (Euphorbiaceae)', 'Amorpha fruticosa', 'Metrodorea stipularis', 'Hortia oreadica', 'Nectandra grandiflora (Lauraceae)', 'Trichilia claussenii (Meliaceae)', 'Toona ciliata (Meliacee)', 'Cedrela odorata (Meliaceae)', 'Michelia champaca (Magnoliaceae)', 'Tephrosia candida', 'Conchocarpus heterophyllus (Rutaceae)', 'Streptomyces sp.', 'Neoraputia magnifica (Rutaceae)', 'Alibertia sessilis (Rubiaceae)', 'Penicillium corylophilum', 'Rudgea viburnioides (Rubiaceae)', 'Trichilia elegans (Meliaceae)', 'Aspergillus fumigatus', 'Khaya ivorensis', 'Neoraputia alba (Rutaceae)', 'Piper solmsianum', 'Raulinoa echinata (Rutaceae), Swietenia macrophylla (Meliaceae)', 'Cedrela fruticosa (Meliaceae), Neoraputia magnifica (Rutaceae), Neoraputia alba (Rutaceae)', 'Trichilia pallida', 'Cheiloclinium cognatum (Hippocrateaceae)', 'Casearia obliqua (Flacourtiaceae)', 'Balfourodendron riedelianum (Rutaceae)', 'Vochysia thyrsoidea', 'Spiranthera odoratissima St. odoratissima (Rutaceae)', 'Cedrela fissilis', 'Dalbergia riparia', 'Calycophyllum spruceanum (Rubiaceae)']]",doi_collectionSpecie
"['10.1590/S0103-50532010000500016', 'Spiranthera odoratissima St. odoratissima (Rutaceae)']","['10.1590/S0103-50532010000500016', ['Eucalyptus maculata', 'Piper aduncum (Piperaceae)', 'Piper gaudichaudianum (Piperaceae)', 'Casearia sylvestris (Flacourtiaceae)', 'Piper crassinervium (Piperaceae)', 'Tocoyena formosa (Rubiaceae)', 'Chimarrhis turbinata (Rubiaceae)', 'Piper hostmannianum (Piperaceae)', 'Swinglea glutinosa', 'Pterogyne nitens (Fabaceae)', 'Dimorphandra mollis', 'Raulinoa echinata (Rutaceae)', 'Maytenus aquifolium (Celastraceae)', 'Phomopsis sp. (Valsaceae)', 'Vitex polygama (Verbenaceae)', 'Rapanea lancifolia (Myrsinaceae)', 'Pilocarpus spicatus (Rutaceae)', 'Carapa guianensis', 'Alchornea glandulosa (Euphorbiaceae)', 'Murraya paniculata', 'Pilocarpus riedelianus', 'Stemodia foliosa (Scrophulariaceae)', 'Chrysophyllum marginatum (Sapotaceae)', 'Periconia atropurpurea (Annonaceae)', 'Casearia rupestris (Salicaeae)', 'Zingiber officinale', 'Mycoleptodiscus indicus', 'Arrabidaea samydoides (Bignoniaceae)', 'Citrus sinensis (Rutaceae)', 'Piper tuberculatum (Piperaceae)', 'Piper arboreum (Piperaceae)', 'Erythrina mulungu (Fabaceae)', 'Citrus sp. (Rutaceae)', 'Fusarium oxysporum', 'Peperomia obtusifolia (Piperaceae)', 'Cassia spectabilis (Fabaceae)', 'Ouratea multiflora (Ochnaceae)', 'Alibertia edulis (Rubiaceae)', 'Pilocarpus grandiflorus', 'Piper hispidum (Piperaceae)', 'Lantana lilacina (Verbenaceae)', 'Penicillium sp. (Trichocomaceae)', 'Cassia leptophylla (Fabaceae)', 'Esenbeckia leiocarpa', 'Salacia campestris (Celastraceae)', 'Senna spectabilis (Fabaceae)', 'Hortia superba (Rutaceae)', 'Galipea bracteata (Rutaceae)', 'Styrax ferrugineus (Styracaceae)', 'Picramnia teapensis', 'Xylaria sp. (Xylariaceae)', 'Iryanthera juruensis (Myristicaceae)', 'Alibertia macrophylla (Rubiaceae)', 'Almeidea rubra (Rutaceae)', 'Angostura paniculata (Rutaceae)', 'Curvularia sp. (Pleosporaceae)', 'Phomopsis cassiae (Valsaceae)', 'Petiveria alliacea (Phytolaccaceae)', 'Peperomia blanda (Piperaceae)', 'Ottonia corcovadensis (Piperaceae)', 'Siphoneugena densiflora (Myrtaceae)', 'Cnidoscolus vitifolius (Euphorbiaceae)', 'Anacardium occidentale (Anacardiaceae)', 'Aspergillus terreus', 'Tithonia diversifolia', 'Adiscanthus fusciflorus', 'Styrax camporum (Styracaceae)', 'Chaetomium globosum', 'Nigrospora sphaerica', 'Swartzia langsdorfii (Fabaceae)', 'Rapanea umbellata,Myrsine cuneifolia (Myrsinaceae)', 'Cinnamomum australe (Lauraceae)', 'Himatanthus sucuuba (Apocynaceae)', 'Ricinus communis (Euphorbiaceae)', 'Colletotrichum gloeosporioides (Phyllachoraceae)', 'Coussarea hydrangeifolia (Rubiaceae)', 'Tocoyena brasiliensis (Rubiaceae)', 'Pothomorphe umbellata (Piperaceae)', 'Senna multijuga (Fabaceae)', 'Cabralea canjerana', 'Humicola grisea', 'Phoma betae', 'Maytenus ilicifolia (Celastraceae)', 'Croton zehntneri (Euphorbiaceae)', 'Amorpha fruticosa', 'Metrodorea stipularis', 'Hortia oreadica', 'Nectandra grandiflora (Lauraceae)', 'Trichilia claussenii (Meliaceae)', 'Toona ciliata (Meliacee)', 'Cedrela odorata (Meliaceae)', 'Michelia champaca (Magnoliaceae)', 'Tephrosia candida', 'Conchocarpus heterophyllus (Rutaceae)', 'Streptomyces sp.', 'Neoraputia magnifica (Rutaceae)', 'Alibertia sessilis (Rubiaceae)', 'Penicillium corylophilum', 'Rudgea viburnioides (Rubiaceae)', 'Trichilia elegans (Meliaceae)', 'Aspergillus fumigatus', 'Khaya ivorensis', 'Neoraputia alba (Rutaceae)', 'Piper solmsianum', 'Raulinoa echinata (Rutaceae), Swietenia macrophylla (Meliaceae)', 'Cedrela fruticosa (Meliaceae), Neoraputia magnifica (Rutaceae), Neoraputia alba (Rutaceae)', 'Trichilia pallida', 'Cheiloclinium cognatum (Hippocrateaceae)', 'Casearia obliqua (Flacourtiaceae)', 'Balfourodendron riedelianum (Rutaceae)', 'Vochysia thyrsoidea', 'Spiranthera odoratissima St. odoratissima (Rutaceae)', 'Cedrela fissilis', 'Dalbergia riparia', 'Calycophyllum spruceanum (Rubiaceae)']]",doi_collectionSpecie
"['10.1016/0031-9422(73)85048-4', 'Dalbergia riparia']","['10.1016/0031-9422(73)85048-4', ['Eucalyptus maculata', 'Tocoyena formosa (Rubiaceae)', 'Murraya paniculata', 'Pterogyne nitens (Fabaceae)', 'Galipea bracteata (Rutaceae)', 'Alibertia macrophylla (Rubiaceae)', 'Vitex polygama (Verbenaceae)', 'Angostura paniculata (Rutaceae)', 'Casearia sylvestris (Flacourtiaceae)', 'Chimarrhis turbinata (Rubiaceae)', 'Piper hispidum (Piperaceae)', 'Swinglea glutinosa', 'Piper arboreum (Piperaceae)', 'Piper tuberculatum (Piperaceae)', 'Cassia leptophylla (Fabaceae)', 'Alibertia edulis (Rubiaceae)', 'Arrabidaea samydoides (Bignoniaceae)', 'Periconia atropurpurea (Annonaceae)', 'Piper crassinervium (Piperaceae)', 'Stemodia foliosa (Scrophulariaceae)', 'Dimorphandra mollis', 'Ottonia corcovadensis (Piperaceae)', 'Phomopsis sp. (Valsaceae)', 'Salacia campestris (Celastraceae)', 'Maytenus aquifolium (Celastraceae)', 'Esenbeckia leiocarpa', 'Styrax ferrugineus (Styracaceae)', 'Rapanea lancifolia (Myrsinaceae)', 'Penicillium sp. (Trichocomaceae)', 'Petiveria alliacea (Phytolaccaceae)', 'Pilocarpus grandiflorus', 'Piper aduncum (Piperaceae)', 'Piper gaudichaudianum (Piperaceae)', 'Chrysophyllum marginatum (Sapotaceae)', 'Pilocarpus riedelianus', 'Alchornea glandulosa (Euphorbiaceae)', 'Citrus sinensis (Rutaceae)', 'Xylaria sp. (Xylariaceae)', 'Iryanthera juruensis (Myristicaceae)', 'Siphoneugena densiflora (Myrtaceae)', 'Erythrina mulungu (Fabaceae)', 'Peperomia obtusifolia (Piperaceae)', 'Zingiber officinale', 'Raulinoa echinata (Rutaceae)', 'Ouratea multiflora (Ochnaceae)', 'Carapa guianensis', 'Piper hostmannianum (Piperaceae)', 'Cnidoscolus vitifolius (Euphorbiaceae)', 'Phomopsis cassiae (Valsaceae)', 'Almeidea rubra (Rutaceae)', 'Hortia superba (Rutaceae)', 'Mycoleptodiscus indicus', 'Peperomia blanda (Piperaceae)', 'Casearia rupestris (Salicaeae)', 'Fusarium oxysporum', 'Picramnia teapensis', 'Anacardium occidentale (Anacardiaceae)', 'Curvularia sp. (Pleosporaceae)', 'Pilocarpus spicatus (Rutaceae)', 'Citrus sp. (Rutaceae)', 'Tithonia diversifolia', 'Aspergillus terreus', 'Cassia spectabilis (Fabaceae)', 'Senna spectabilis (Fabaceae)', 'Adiscanthus fusciflorus', 'Lantana lilacina (Verbenaceae)', 'Styrax camporum (Styracaceae)', 'Chaetomium globosum', 'Rapanea umbellata,Myrsine cuneifolia (Myrsinaceae)', 'Nigrospora sphaerica', 'Swartzia langsdorfii (Fabaceae)', 'Himatanthus sucuuba (Apocynaceae)', 'Cinnamomum australe (Lauraceae)', 'Ricinus communis (Euphorbiaceae)', 'Colletotrichum gloeosporioides (Phyllachoraceae)', 'Coussarea hydrangeifolia (Rubiaceae)', 'Tocoyena brasiliensis (Rubiaceae)', 'Pothomorphe umbellata (Piperaceae)', 'Senna multijuga (Fabaceae)', 'Cabralea canjerana', 'Humicola grisea', 'Phoma betae', 'Maytenus ilicifolia (Celastraceae)', 'Croton zehntneri (Euphorbiaceae)', 'Amorpha fruticosa', 'Metrodorea stipularis', 'Hortia oreadica', 'Nectandra grandiflora (Lauraceae)', 'Trichilia claussenii (Meliaceae)', 'Toona ciliata (Meliacee)', 'Cedrela odorata (Meliaceae)', 'Michelia champaca (Magnoliaceae)', 'Tephrosia candida', 'Conchocarpus heterophyllus (Rutaceae)', 'Streptomyces sp.', 'Neoraputia magnifica (Rutaceae)', 'Alibertia sessilis (Rubiaceae)', 'Penicillium corylophilum', 'Rudgea viburnioides (Rubiaceae)', 'Trichilia elegans (Meliaceae)', 'Aspergillus fumigatus', 'Khaya ivorensis', 'Neoraputia alba (Rutaceae)', 'Piper solmsianum', 'Raulinoa echinata (Rutaceae), Swietenia macrophylla (Meliaceae)', 'Cedrela fruticosa (Meliaceae), Neoraputia magnifica (Rutaceae), Neoraputia alba (Rutaceae)', 'Trichilia pallida', 'Cheiloclinium cognatum (Hippocrateaceae)', 'Casearia obliqua (Flacourtiaceae)', 'Balfourodendron riedelianum (Rutaceae)', 'Vochysia thyrsoidea', 'Spiranthera odoratissima St. odoratissima (Rutaceae)', 'Cedrela fissilis', 'Dalbergia riparia', 'Calycophyllum spruceanum (Rubiaceae)']]",doi_collectionSpecie
"['10.1590/S0103-50532006000300017', 'Carapa guianensis']","['10.1590/S0103-50532006000300017', ['Pilocarpus riedelianus', 'Eucalyptus maculata', 'Murraya paniculata', 'Tocoyena formosa (Rubiaceae)', 'Phomopsis sp. (Valsaceae)', 'Vitex polygama (Verbenaceae)', 'Chimarrhis turbinata (Rubiaceae)', 'Dimorphandra mollis', 'Piper aduncum (Piperaceae)', 'Piper gaudichaudianum (Piperaceae)', 'Piper hostmannianum (Piperaceae)', 'Pterogyne nitens (Fabaceae)', 'Swinglea glutinosa', 'Piper crassinervium (Piperaceae)', 'Salacia campestris (Celastraceae)', 'Casearia sylvestris (Flacourtiaceae)', 'Rapanea lancifolia (Myrsinaceae)', 'Raulinoa echinata (Rutaceae)', 'Chaetomium globosum', 'Carapa guianensis', 'Fusarium oxysporum', 'Chrysophyllum marginatum (Sapotaceae)', 'Rapanea umbellata,Myrsine cuneifolia (Myrsinaceae)', 'Alibertia edulis (Rubiaceae)', 'Maytenus aquifolium (Celastraceae)', 'Alchornea glandulosa (Euphorbiaceae)', 'Piper hispidum (Piperaceae)', 'Arrabidaea samydoides (Bignoniaceae)', 'Erythrina mulungu (Fabaceae)', 'Xylaria sp. (Xylariaceae)', 'Citrus sp. (Rutaceae)', 'Periconia atropurpurea (Annonaceae)', 'Citrus sinensis (Rutaceae)', 'Pilocarpus grandiflorus', 'Piper tuberculatum (Piperaceae)', 'Piper arboreum (Piperaceae)', 'Siphoneugena densiflora (Myrtaceae)', 'Cassia spectabilis (Fabaceae)', 'Stemodia foliosa (Scrophulariaceae)', 'Hortia superba (Rutaceae)', 'Pilocarpus spicatus (Rutaceae)', 'Curvularia sp. (Pleosporaceae)', 'Picramnia teapensis', 'Phomopsis cassiae (Valsaceae)', 'Peperomia obtusifolia (Piperaceae)', 'Mycoleptodiscus indicus', 'Zingiber officinale', 'Tithonia diversifolia', 'Aspergillus terreus', 'Styrax camporum (Styracaceae)', 'Casearia rupestris (Salicaeae)', 'Styrax ferrugineus (Styracaceae)', 'Peperomia blanda (Piperaceae)', 'Alibertia macrophylla (Rubiaceae)', 'Cassia leptophylla (Fabaceae)', 'Penicillium sp. (Trichocomaceae)', 'Senna spectabilis (Fabaceae)', 'Esenbeckia leiocarpa', 'Almeidea rubra (Rutaceae)', 'Galipea bracteata (Rutaceae)', 'Iryanthera juruensis (Myristicaceae)', 'Ouratea multiflora (Ochnaceae)', 'Angostura paniculata (Rutaceae)', 'Cnidoscolus vitifolius (Euphorbiaceae)', 'Petiveria alliacea (Phytolaccaceae)', 'Swartzia langsdorfii (Fabaceae)', 'Lantana lilacina (Verbenaceae)', 'Anacardium occidentale (Anacardiaceae)', 'Adiscanthus fusciflorus', 'Ottonia corcovadensis (Piperaceae)', 'Himatanthus sucuuba (Apocynaceae)', 'Cinnamomum australe (Lauraceae)', 'Nigrospora sphaerica', 'Ricinus communis (Euphorbiaceae)', 'Colletotrichum gloeosporioides (Phyllachoraceae)', 'Coussarea hydrangeifolia (Rubiaceae)', 'Tocoyena brasiliensis (Rubiaceae)', 'Pothomorphe umbellata (Piperaceae)', 'Senna multijuga (Fabaceae)', 'Cabralea canjerana', 'Humicola grisea', 'Phoma betae', 'Maytenus ilicifolia (Celastraceae)', 'Croton zehntneri (Euphorbiaceae)', 'Amorpha fruticosa', 'Metrodorea stipularis', 'Hortia oreadica', 'Nectandra grandiflora (Lauraceae)', 'Trichilia claussenii (Meliaceae)', 'Toona ciliata (Meliacee)', 'Cedrela odorata (Meliaceae)', 'Michelia champaca (Magnoliaceae)', 'Tephrosia candida', 'Conchocarpus heterophyllus (Rutaceae)', 'Streptomyces sp.', 'Neoraputia magnifica (Rutaceae)', 'Alibertia sessilis (Rubiaceae)', 'Penicillium corylophilum', 'Rudgea viburnioides (Rubiaceae)', 'Trichilia elegans (Meliaceae)', 'Aspergillus fumigatus', 'Khaya ivorensis', 'Neoraputia alba (Rutaceae)', 'Piper solmsianum', 'Raulinoa echinata (Rutaceae), Swietenia macrophylla (Meliaceae)', 'Cedrela fruticosa (Meliaceae), Neoraputia magnifica (Rutaceae), Neoraputia alba (Rutaceae)', 'Trichilia pallida', 'Cheiloclinium cognatum (Hippocrateaceae)', 'Casearia obliqua (Flacourtiaceae)', 'Balfourodendron riedelianum (Rutaceae)', 'Vochysia thyrsoidea', 'Spiranthera odoratissima St. odoratissima (Rutaceae)', 'Cedrela fissilis', 'Dalbergia riparia', 'Calycophyllum spruceanum (Rubiaceae)']]",doi_collectionSpecie
"['10.1590/S0100-40422005000400009', 'Tocoyena brasiliensis (Rubiaceae)']","['10.1590/S0100-40422005000400009', ['Swartzia langsdorfii (Fabaceae)', 'Cinnamomum australe (Lauraceae)', 'Himatanthus sucuuba (Apocynaceae)', 'Styrax camporum (Styracaceae)', 'Xylaria sp. (Xylariaceae)', 'Chaetomium globosum', 'Rapanea umbellata,Myrsine cuneifolia (Myrsinaceae)', 'Tocoyena formosa (Rubiaceae)', 'Pterogyne nitens (Fabaceae)', 'Eucalyptus maculata', 'Chrysophyllum marginatum (Sapotaceae)', 'Murraya paniculata', 'Fusarium oxysporum', 'Rapanea lancifolia (Myrsinaceae)', 'Chimarrhis turbinata (Rubiaceae)', 'Piper crassinervium (Piperaceae)', 'Pilocarpus grandiflorus', 'Maytenus aquifolium (Celastraceae)', 'Vitex polygama (Verbenaceae)', 'Citrus sinensis (Rutaceae)', 'Pilocarpus riedelianus', 'Dimorphandra mollis', 'Alibertia edulis (Rubiaceae)', 'Esenbeckia leiocarpa', 'Cassia leptophylla (Fabaceae)', 'Casearia sylvestris (Flacourtiaceae)', 'Periconia atropurpurea (Annonaceae)', 'Stemodia foliosa (Scrophulariaceae)', 'Curvularia sp. (Pleosporaceae)', 'Hortia superba (Rutaceae)', 'Galipea bracteata (Rutaceae)', 'Carapa guianensis', 'Piper arboreum (Piperaceae)', 'Piper tuberculatum (Piperaceae)', 'Phomopsis sp. (Valsaceae)', 'Styrax ferrugineus (Styracaceae)', 'Swinglea glutinosa', 'Piper gaudichaudianum (Piperaceae)', 'Piper aduncum (Piperaceae)', 'Alibertia macrophylla (Rubiaceae)', 'Zingiber officinale', 'Piper hispidum (Piperaceae)', 'Peperomia obtusifolia (Piperaceae)', 'Mycoleptodiscus indicus', 'Phomopsis cassiae (Valsaceae)', 'Iryanthera juruensis (Myristicaceae)', 'Alchornea glandulosa (Euphorbiaceae)', 'Penicillium sp. (Trichocomaceae)', 'Ricinus communis (Euphorbiaceae)', 'Ouratea multiflora (Ochnaceae)', 'Cnidoscolus vitifolius (Euphorbiaceae)', 'Erythrina mulungu (Fabaceae)', 'Casearia rupestris (Salicaeae)', 'Raulinoa echinata (Rutaceae)', 'Arrabidaea samydoides (Bignoniaceae)', 'Picramnia teapensis', 'Senna spectabilis (Fabaceae)', 'Piper hostmannianum (Piperaceae)', 'Peperomia blanda (Piperaceae)', 'Pilocarpus spicatus (Rutaceae)', 'Angostura paniculata (Rutaceae)', 'Salacia campestris (Celastraceae)', 'Adiscanthus fusciflorus', 'Citrus sp. (Rutaceae)', 'Siphoneugena densiflora (Myrtaceae)', 'Ottonia corcovadensis (Piperaceae)', 'Almeidea rubra (Rutaceae)', 'Lantana lilacina (Verbenaceae)', 'Cassia spectabilis (Fabaceae)', 'Anacardium occidentale (Anacardiaceae)', 'Tithonia diversifolia', 'Aspergillus terreus', 'Petiveria alliacea (Phytolaccaceae)', 'Nigrospora sphaerica', 'Colletotrichum gloeosporioides (Phyllachoraceae)', 'Coussarea hydrangeifolia (Rubiaceae)', 'Tocoyena brasiliensis (Rubiaceae)', 'Pothomorphe umbellata (Piperaceae)', 'Senna multijuga (Fabaceae)', 'Cabralea canjerana', 'Humicola grisea', 'Phoma betae', 'Maytenus ilicifolia (Celastraceae)', 'Croton zehntneri (Euphorbiaceae)', 'Amorpha fruticosa', 'Metrodorea stipularis', 'Hortia oreadica', 'Nectandra grandiflora (Lauraceae)', 'Trichilia claussenii (Meliaceae)', 'Toona ciliata (Meliacee)', 'Cedrela odorata (Meliaceae)', 'Michelia champaca (Magnoliaceae)', 'Tephrosia candida', 'Conchocarpus heterophyllus (Rutaceae)', 'Streptomyces sp.', 'Neoraputia magnifica (Rutaceae)', 'Alibertia sessilis (Rubiaceae)', 'Penicillium corylophilum', 'Rudgea viburnioides (Rubiaceae)', 'Trichilia elegans (Meliaceae)', 'Aspergillus fumigatus', 'Khaya ivorensis', 'Neoraputia alba (Rutaceae)', 'Piper solmsianum', 'Raulinoa echinata (Rutaceae), Swietenia macrophylla (Meliaceae)', 'Cedrela fruticosa (Meliaceae), Neoraputia magnifica (Rutaceae), Neoraputia alba (Rutaceae)', 'Trichilia pallida', 'Cheiloclinium cognatum (Hippocrateaceae)', 'Casearia obliqua (Flacourtiaceae)', 'Balfourodendron riedelianum (Rutaceae)', 'Vochysia thyrsoidea', 'Spiranthera odoratissima St. odoratissima (Rutaceae)', 'Cedrela fissilis', 'Dalbergia riparia', 'Calycophyllum spruceanum (Rubiaceae)']]",doi_collectionSpecie
"['10.1016/j.micres.2004.06.003', 'Penicillium corylophilum']","['10.1016/j.micres.2004.06.003', ['Eucalyptus maculata', 'Pterogyne nitens (Fabaceae)', 'Tocoyena formosa (Rubiaceae)', 'Casearia sylvestris (Flacourtiaceae)', 'Dimorphandra mollis', 'Chimarrhis turbinata (Rubiaceae)', 'Swinglea glutinosa', 'Mycoleptodiscus indicus', 'Maytenus aquifolium (Celastraceae)', 'Piper crassinervium (Piperaceae)', 'Vitex polygama (Verbenaceae)', 'Stemodia foliosa (Scrophulariaceae)', 'Citrus sinensis (Rutaceae)', 'Rapanea lancifolia (Myrsinaceae)', 'Carapa guianensis', 'Erythrina mulungu (Fabaceae)', 'Piper arboreum (Piperaceae)', 'Piper tuberculatum (Piperaceae)', 'Zingiber officinale', 'Arrabidaea samydoides (Bignoniaceae)', 'Alchornea glandulosa (Euphorbiaceae)', 'Esenbeckia leiocarpa', 'Pilocarpus spicatus (Rutaceae)', 'Chrysophyllum marginatum (Sapotaceae)', 'Raulinoa echinata (Rutaceae)', 'Murraya paniculata', 'Alibertia edulis (Rubiaceae)', 'Periconia atropurpurea (Annonaceae)', 'Styrax ferrugineus (Styracaceae)', 'Hortia superba (Rutaceae)', 'Casearia rupestris (Salicaeae)', 'Almeidea rubra (Rutaceae)', 'Fusarium oxysporum', 'Xylaria sp. (Xylariaceae)', 'Penicillium sp. (Trichocomaceae)', 'Piper hispidum (Piperaceae)', 'Phomopsis sp. (Valsaceae)', 'Cassia leptophylla (Fabaceae)', 'Citrus sp. (Rutaceae)', 'Galipea bracteata (Rutaceae)', 'Pilocarpus riedelianus', 'Piper aduncum (Piperaceae)', 'Piper gaudichaudianum (Piperaceae)', 'Angostura paniculata (Rutaceae)', 'Peperomia obtusifolia (Piperaceae)', 'Pilocarpus grandiflorus', 'Phomopsis cassiae (Valsaceae)', 'Salacia campestris (Celastraceae)', 'Piper hostmannianum (Piperaceae)', 'Peperomia blanda (Piperaceae)', 'Petiveria alliacea (Phytolaccaceae)', 'Ouratea multiflora (Ochnaceae)', 'Picramnia teapensis', 'Cassia spectabilis (Fabaceae)', 'Iryanthera juruensis (Myristicaceae)', 'Alibertia macrophylla (Rubiaceae)', 'Siphoneugena densiflora (Myrtaceae)', 'Tithonia diversifolia', 'Aspergillus terreus', 'Lantana lilacina (Verbenaceae)', 'Ottonia corcovadensis (Piperaceae)', 'Anacardium occidentale (Anacardiaceae)', 'Curvularia sp. (Pleosporaceae)', 'Styrax camporum (Styracaceae)', 'Cnidoscolus vitifolius (Euphorbiaceae)', 'Chaetomium globosum', 'Senna spectabilis (Fabaceae)', 'Nigrospora sphaerica', 'Adiscanthus fusciflorus', 'Rapanea umbellata,Myrsine cuneifolia (Myrsinaceae)', 'Swartzia langsdorfii (Fabaceae)', 'Himatanthus sucuuba (Apocynaceae)', 'Cinnamomum australe (Lauraceae)', 'Ricinus communis (Euphorbiaceae)', 'Colletotrichum gloeosporioides (Phyllachoraceae)', 'Coussarea hydrangeifolia (Rubiaceae)', 'Tocoyena brasiliensis (Rubiaceae)', 'Pothomorphe umbellata (Piperaceae)', 'Senna multijuga (Fabaceae)', 'Cabralea canjerana', 'Humicola grisea', 'Phoma betae', 'Maytenus ilicifolia (Celastraceae)', 'Croton zehntneri (Euphorbiaceae)', 'Amorpha fruticosa', 'Metrodorea stipularis', 'Hortia oreadica', 'Nectandra grandiflora (Lauraceae)', 'Trichilia claussenii (Meliaceae)', 'Toona ciliata (Meliacee)', 'Cedrela odorata (Meliaceae)', 'Michelia champaca (Magnoliaceae)', 'Tephrosia candida', 'Conchocarpus heterophyllus (Rutaceae)', 'Streptomyces sp.', 'Neoraputia magnifica (Rutaceae)', 'Alibertia sessilis (Rubiaceae)', 'Penicillium corylophilum', 'Rudgea viburnioides (Rubiaceae)', 'Trichilia elegans (Meliaceae)', 'Aspergillus fumigatus', 'Khaya ivorensis', 'Neoraputia alba (Rutaceae)', 'Piper solmsianum', 'Raulinoa echinata (Rutaceae), Swietenia macrophylla (Meliaceae)', 'Cedrela fruticosa (Meliaceae), Neoraputia magnifica (Rutaceae), Neoraputia alba (Rutaceae)', 'Trichilia pallida', 'Cheiloclinium cognatum (Hippocrateaceae)', 'Casearia obliqua (Flacourtiaceae)', 'Balfourodendron riedelianum (Rutaceae)', 'Vochysia thyrsoidea', 'Spiranthera odoratissima St. odoratissima (Rutaceae)', 'Cedrela fissilis', 'Dalbergia riparia', 'Calycophyllum spruceanum (Rubiaceae)']]",doi_collectionSpecie
"['10.1590/S0102-695X2009000100002', 'Cedrela fruticosa (Meliaceae), Neoraputia magnifica (Rutaceae), Neoraputia alba (Rutaceae)']","['10.1590/S0102-695X2009000100002', ['Eucalyptus maculata', 'Pterogyne nitens (Fabaceae)', 'Tocoyena formosa (Rubiaceae)', 'Chimarrhis turbinata (Rubiaceae)', 'Piper crassinervium (Piperaceae)', 'Casearia sylvestris (Flacourtiaceae)', 'Swinglea glutinosa', 'Rapanea lancifolia (Myrsinaceae)', 'Phomopsis sp. (Valsaceae)', 'Dimorphandra mollis', 'Almeidea rubra (Rutaceae)', 'Piper tuberculatum (Piperaceae)', 'Piper arboreum (Piperaceae)', 'Arrabidaea samydoides (Bignoniaceae)', 'Vitex polygama (Verbenaceae)', 'Murraya paniculata', 'Maytenus aquifolium (Celastraceae)', 'Piper gaudichaudianum (Piperaceae)', 'Piper aduncum (Piperaceae)', 'Raulinoa echinata (Rutaceae)', 'Alchornea glandulosa (Euphorbiaceae)', 'Chrysophyllum marginatum (Sapotaceae)', 'Piper hostmannianum (Piperaceae)', 'Stemodia foliosa (Scrophulariaceae)', 'Ouratea multiflora (Ochnaceae)', 'Penicillium sp. (Trichocomaceae)', 'Erythrina mulungu (Fabaceae)', 'Mycoleptodiscus indicus', 'Xylaria sp. (Xylariaceae)', 'Cassia spectabilis (Fabaceae)', 'Piper hispidum (Piperaceae)', 'Zingiber officinale', 'Peperomia obtusifolia (Piperaceae)', 'Periconia atropurpurea (Annonaceae)', 'Styrax ferrugineus (Styracaceae)', 'Phomopsis cassiae (Valsaceae)', 'Peperomia blanda (Piperaceae)', 'Fusarium oxysporum', 'Pilocarpus riedelianus', 'Citrus sinensis (Rutaceae)', 'Pilocarpus spicatus (Rutaceae)', 'Salacia campestris (Celastraceae)', 'Carapa guianensis', 'Alibertia edulis (Rubiaceae)', 'Casearia rupestris (Salicaeae)', 'Citrus sp. (Rutaceae)', 'Cassia leptophylla (Fabaceae)', 'Angostura paniculata (Rutaceae)', 'Esenbeckia leiocarpa', 'Hortia superba (Rutaceae)', 'Iryanthera juruensis (Myristicaceae)', 'Siphoneugena densiflora (Myrtaceae)', 'Pilocarpus grandiflorus', 'Alibertia macrophylla (Rubiaceae)', 'Galipea bracteata (Rutaceae)', 'Anacardium occidentale (Anacardiaceae)', 'Picramnia teapensis', 'Petiveria alliacea (Phytolaccaceae)', 'Tithonia diversifolia', 'Aspergillus terreus', 'Cnidoscolus vitifolius (Euphorbiaceae)', 'Curvularia sp. (Pleosporaceae)', 'Lantana lilacina (Verbenaceae)', 'Styrax camporum (Styracaceae)', 'Adiscanthus fusciflorus', 'Ottonia corcovadensis (Piperaceae)', 'Rapanea umbellata,Myrsine cuneifolia (Myrsinaceae)', 'Chaetomium globosum', 'Senna spectabilis (Fabaceae)', 'Nigrospora sphaerica', 'Swartzia langsdorfii (Fabaceae)', 'Cinnamomum australe (Lauraceae)', 'Himatanthus sucuuba (Apocynaceae)', 'Ricinus communis (Euphorbiaceae)', 'Colletotrichum gloeosporioides (Phyllachoraceae)', 'Coussarea hydrangeifolia (Rubiaceae)', 'Tocoyena brasiliensis (Rubiaceae)', 'Pothomorphe umbellata (Piperaceae)', 'Senna multijuga (Fabaceae)', 'Cabralea canjerana', 'Humicola grisea', 'Phoma betae', 'Maytenus ilicifolia (Celastraceae)', 'Croton zehntneri (Euphorbiaceae)', 'Amorpha fruticosa', 'Metrodorea stipularis', 'Hortia oreadica', 'Nectandra grandiflora (Lauraceae)', 'Trichilia claussenii (Meliaceae)', 'Toona ciliata (Meliacee)', 'Cedrela odorata (Meliaceae)', 'Michelia champaca (Magnoliaceae)', 'Tephrosia candida', 'Conchocarpus heterophyllus (Rutaceae)', 'Streptomyces sp.', 'Neoraputia magnifica (Rutaceae)', 'Alibertia sessilis (Rubiaceae)', 'Penicillium corylophilum', 'Rudgea viburnioides (Rubiaceae)', 'Trichilia elegans (Meliaceae)', 'Aspergillus fumigatus', 'Khaya ivorensis', 'Neoraputia alba (Rutaceae)', 'Piper solmsianum', 'Raulinoa echinata (Rutaceae), Swietenia macrophylla (Meliaceae)', 'Cedrela fruticosa (Meliaceae), Neoraputia magnifica (Rutaceae), Neoraputia alba (Rutaceae)', 'Trichilia pallida', 'Cheiloclinium cognatum (Hippocrateaceae)', 'Casearia obliqua (Flacourtiaceae)', 'Balfourodendron riedelianum (Rutaceae)', 'Vochysia thyrsoidea', 'Spiranthera odoratissima St. odoratissima (Rutaceae)', 'Cedrela fissilis', 'Dalbergia riparia', 'Calycophyllum spruceanum (Rubiaceae)']]",doi_collectionSpecie
"['10.1016/j.tiv.2008.01.003', 'Maytenus ilicifolia (Celastraceae)']","['10.1016/j.tiv.2008.01.003', ['Eucalyptus maculata', 'Casearia sylvestris (Flacourtiaceae)', 'Pterogyne nitens (Fabaceae)', 'Swinglea glutinosa', 'Tocoyena formosa (Rubiaceae)', 'Dimorphandra mollis', 'Zingiber officinale', 'Chimarrhis turbinata (Rubiaceae)', 'Piper crassinervium (Piperaceae)', 'Vitex polygama (Verbenaceae)', 'Erythrina mulungu (Fabaceae)', 'Arrabidaea samydoides (Bignoniaceae)', 'Piper arboreum (Piperaceae)', 'Piper tuberculatum (Piperaceae)', 'Styrax ferrugineus (Styracaceae)', 'Alchornea glandulosa (Euphorbiaceae)', 'Rapanea lancifolia (Myrsinaceae)', 'Casearia rupestris (Salicaeae)', 'Penicillium sp. (Trichocomaceae)', 'Maytenus aquifolium (Celastraceae)', 'Stemodia foliosa (Scrophulariaceae)', 'Peperomia obtusifolia (Piperaceae)', 'Murraya paniculata', 'Ouratea multiflora (Ochnaceae)', 'Chrysophyllum marginatum (Sapotaceae)', 'Xylaria sp. (Xylariaceae)', 'Periconia atropurpurea (Annonaceae)', 'Fusarium oxysporum', 'Citrus sinensis (Rutaceae)', 'Cassia leptophylla (Fabaceae)', 'Esenbeckia leiocarpa', 'Carapa guianensis', 'Piper aduncum (Piperaceae)', 'Piper gaudichaudianum (Piperaceae)', 'Alibertia edulis (Rubiaceae)', 'Iryanthera juruensis (Myristicaceae)', 'Angostura paniculata (Rutaceae)', 'Mycoleptodiscus indicus', 'Almeidea rubra (Rutaceae)', 'Piper hostmannianum (Piperaceae)', 'Pilocarpus riedelianus', 'Piper hispidum (Piperaceae)', 'Raulinoa echinata (Rutaceae)', 'Picramnia teapensis', 'Phomopsis sp. (Valsaceae)', 'Peperomia blanda (Piperaceae)', 'Pilocarpus spicatus (Rutaceae)', 'Hortia superba (Rutaceae)', 'Aspergillus terreus', 'Tithonia diversifolia', 'Citrus sp. (Rutaceae)', 'Cassia spectabilis (Fabaceae)', 'Phomopsis cassiae (Valsaceae)', 'Galipea bracteata (Rutaceae)', 'Siphoneugena densiflora (Myrtaceae)', 'Petiveria alliacea (Phytolaccaceae)', 'Pilocarpus grandiflorus', 'Salacia campestris (Celastraceae)', 'Anacardium occidentale (Anacardiaceae)', 'Curvularia sp. (Pleosporaceae)', 'Alibertia macrophylla (Rubiaceae)', 'Lantana lilacina (Verbenaceae)', 'Senna spectabilis (Fabaceae)', 'Cnidoscolus vitifolius (Euphorbiaceae)', 'Ottonia corcovadensis (Piperaceae)', 'Styrax camporum (Styracaceae)', 'Adiscanthus fusciflorus', 'Nigrospora sphaerica', 'Rapanea umbellata,Myrsine cuneifolia (Myrsinaceae)', 'Chaetomium globosum', 'Himatanthus sucuuba (Apocynaceae)', 'Cinnamomum australe (Lauraceae)', 'Swartzia langsdorfii (Fabaceae)', 'Ricinus communis (Euphorbiaceae)', 'Colletotrichum gloeosporioides (Phyllachoraceae)', 'Coussarea hydrangeifolia (Rubiaceae)', 'Tocoyena brasiliensis (Rubiaceae)', 'Pothomorphe umbellata (Piperaceae)', 'Senna multijuga (Fabaceae)', 'Cabralea canjerana', 'Humicola grisea', 'Phoma betae', 'Maytenus ilicifolia (Celastraceae)', 'Croton zehntneri (Euphorbiaceae)', 'Amorpha fruticosa', 'Metrodorea stipularis', 'Hortia oreadica', 'Nectandra grandiflora (Lauraceae)', 'Trichilia claussenii (Meliaceae)', 'Toona ciliata (Meliacee)', 'Cedrela odorata (Meliaceae)', 'Michelia champaca (Magnoliaceae)', 'Tephrosia candida', 'Conchocarpus heterophyllus (Rutaceae)', 'Streptomyces sp.', 'Neoraputia magnifica (Rutaceae)', 'Alibertia sessilis (Rubiaceae)', 'Penicillium corylophilum', 'Rudgea viburnioides (Rubiaceae)', 'Trichilia elegans (Meliaceae)', 'Aspergillus fumigatus', 'Khaya ivorensis', 'Neoraputia alba (Rutaceae)', 'Piper solmsianum', 'Raulinoa echinata (Rutaceae), Swietenia macrophylla (Meliaceae)', 'Cedrela fruticosa (Meliaceae), Neoraputia magnifica (Rutaceae), Neoraputia alba (Rutaceae)', 'Trichilia pallida', 'Cheiloclinium cognatum (Hippocrateaceae)', 'Casearia obliqua (Flacourtiaceae)', 'Balfourodendron riedelianum (Rutaceae)', 'Vochysia thyrsoidea', 'Spiranthera odoratissima St. odoratissima (Rutaceae)', 'Cedrela fissilis', 'Dalbergia riparia', 'Calycophyllum spruceanum (Rubiaceae)']]",doi_collectionSpecie
"['10.1590/S0100-40422005000600011', 'Xylaria sp. (Xylariaceae)']","['10.1590/S0100-40422005000600011', ['Styrax camporum (Styracaceae)', 'Xylaria sp. (Xylariaceae)', 'Chaetomium globosum', 'Himatanthus sucuuba (Apocynaceae)', 'Cinnamomum australe (Lauraceae)', 'Rapanea umbellata,Myrsine cuneifolia (Myrsinaceae)', 'Swartzia langsdorfii (Fabaceae)', 'Pterogyne nitens (Fabaceae)', 'Eucalyptus maculata', 'Tocoyena formosa (Rubiaceae)', 'Fusarium oxysporum', 'Dimorphandra mollis', 'Chrysophyllum marginatum (Sapotaceae)', 'Rapanea lancifolia (Myrsinaceae)', 'Murraya paniculata', 'Pilocarpus riedelianus', 'Chimarrhis turbinata (Rubiaceae)', 'Vitex polygama (Verbenaceae)', 'Casearia sylvestris (Flacourtiaceae)', 'Piper crassinervium (Piperaceae)', 'Piper arboreum (Piperaceae)', 'Piper tuberculatum (Piperaceae)', 'Carapa guianensis', 'Styrax ferrugineus (Styracaceae)', 'Maytenus aquifolium (Celastraceae)', 'Citrus sinensis (Rutaceae)', 'Alibertia edulis (Rubiaceae)', 'Swinglea glutinosa', 'Phomopsis sp. (Valsaceae)', 'Periconia atropurpurea (Annonaceae)', 'Stemodia foliosa (Scrophulariaceae)', 'Erythrina mulungu (Fabaceae)', 'Hortia superba (Rutaceae)', 'Peperomia obtusifolia (Piperaceae)', 'Esenbeckia leiocarpa', 'Arrabidaea samydoides (Bignoniaceae)', 'Penicillium sp. (Trichocomaceae)', 'Mycoleptodiscus indicus', 'Phomopsis cassiae (Valsaceae)', 'Ouratea multiflora (Ochnaceae)', 'Piper hispidum (Piperaceae)', 'Galipea bracteata (Rutaceae)', 'Pilocarpus grandiflorus', 'Citrus sp. (Rutaceae)', 'Zingiber officinale', 'Angostura paniculata (Rutaceae)', 'Salacia campestris (Celastraceae)', 'Picramnia teapensis', 'Alchornea glandulosa (Euphorbiaceae)', 'Siphoneugena densiflora (Myrtaceae)', 'Pilocarpus spicatus (Rutaceae)', 'Casearia rupestris (Salicaeae)', 'Piper aduncum (Piperaceae)', 'Piper gaudichaudianum (Piperaceae)', 'Cassia leptophylla (Fabaceae)', 'Iryanthera juruensis (Myristicaceae)', 'Raulinoa echinata (Rutaceae)', 'Almeidea rubra (Rutaceae)', 'Piper hostmannianum (Piperaceae)', 'Curvularia sp. (Pleosporaceae)', 'Alibertia macrophylla (Rubiaceae)', 'Peperomia blanda (Piperaceae)', 'Cassia spectabilis (Fabaceae)', 'Anacardium occidentale (Anacardiaceae)', 'Aspergillus terreus', 'Tithonia diversifolia', 'Cnidoscolus vitifolius (Euphorbiaceae)', 'Petiveria alliacea (Phytolaccaceae)', 'Adiscanthus fusciflorus', 'Ricinus communis (Euphorbiaceae)', 'Senna spectabilis (Fabaceae)', 'Ottonia corcovadensis (Piperaceae)', 'Lantana lilacina (Verbenaceae)', 'Nigrospora sphaerica', 'Colletotrichum gloeosporioides (Phyllachoraceae)', 'Coussarea hydrangeifolia (Rubiaceae)', 'Tocoyena brasiliensis (Rubiaceae)', 'Pothomorphe umbellata (Piperaceae)', 'Senna multijuga (Fabaceae)', 'Cabralea canjerana', 'Humicola grisea', 'Phoma betae', 'Maytenus ilicifolia (Celastraceae)', 'Croton zehntneri (Euphorbiaceae)', 'Amorpha fruticosa', 'Metrodorea stipularis', 'Hortia oreadica', 'Nectandra grandiflora (Lauraceae)', 'Trichilia claussenii (Meliaceae)', 'Toona ciliata (Meliacee)', 'Cedrela odorata (Meliaceae)', 'Michelia champaca (Magnoliaceae)', 'Tephrosia candida', 'Conchocarpus heterophyllus (Rutaceae)', 'Streptomyces sp.', 'Neoraputia magnifica (Rutaceae)', 'Alibertia sessilis (Rubiaceae)', 'Penicillium corylophilum', 'Rudgea viburnioides (Rubiaceae)', 'Trichilia elegans (Meliaceae)', 'Aspergillus fumigatus', 'Khaya ivorensis', 'Neoraputia alba (Rutaceae)', 'Piper solmsianum', 'Raulinoa echinata (Rutaceae), Swietenia macrophylla (Meliaceae)', 'Cedrela fruticosa (Meliaceae), Neoraputia magnifica (Rutaceae), Neoraputia alba (Rutaceae)', 'Trichilia pallida', 'Cheiloclinium cognatum (Hippocrateaceae)', 'Casearia obliqua (Flacourtiaceae)', 'Balfourodendron riedelianum (Rutaceae)', 'Vochysia thyrsoidea', 'Spiranthera odoratissima St. odoratissima (Rutaceae)', 'Cedrela fissilis', 'Dalbergia riparia', 'Calycophyllum spruceanum (Rubiaceae)']]",doi_collectionSpecie
"['10.1080/14786410412331271979', 'Styrax camporum (Styracaceae)']","['10.1080/14786410412331271979', ['Eucalyptus maculata', 'Swinglea glutinosa', 'Tocoyena formosa (Rubiaceae)', 'Chimarrhis turbinata (Rubiaceae)', 'Casearia sylvestris (Flacourtiaceae)', 'Pterogyne nitens (Fabaceae)', 'Stemodia foliosa (Scrophulariaceae)', 'Piper crassinervium (Piperaceae)', 'Piper gaudichaudianum (Piperaceae)', 'Piper aduncum (Piperaceae)', 'Penicillium sp. (Trichocomaceae)', 'Alchornea glandulosa (Euphorbiaceae)', 'Murraya paniculata', 'Periconia atropurpurea (Annonaceae)', 'Vitex polygama (Verbenaceae)', 'Zingiber officinale', 'Maytenus aquifolium (Celastraceae)', 'Piper tuberculatum (Piperaceae)', 'Piper arboreum (Piperaceae)', 'Casearia rupestris (Salicaeae)', 'Arrabidaea samydoides (Bignoniaceae)', 'Dimorphandra mollis', 'Piper hispidum (Piperaceae)', 'Piper hostmannianum (Piperaceae)', 'Peperomia obtusifolia (Piperaceae)', 'Raulinoa echinata (Rutaceae)', 'Ouratea multiflora (Ochnaceae)', 'Iryanthera juruensis (Myristicaceae)', 'Styrax ferrugineus (Styracaceae)', 'Chrysophyllum marginatum (Sapotaceae)', 'Alibertia edulis (Rubiaceae)', 'Rapanea lancifolia (Myrsinaceae)', 'Erythrina mulungu (Fabaceae)', 'Pilocarpus spicatus (Rutaceae)', 'Cassia leptophylla (Fabaceae)', 'Carapa guianensis', 'Xylaria sp. (Xylariaceae)', 'Mycoleptodiscus indicus', 'Angostura paniculata (Rutaceae)', 'Galipea bracteata (Rutaceae)', 'Citrus sinensis (Rutaceae)', 'Pilocarpus riedelianus', 'Esenbeckia leiocarpa', 'Picramnia teapensis', 'Petiveria alliacea (Phytolaccaceae)', 'Phomopsis sp. (Valsaceae)', 'Fusarium oxysporum', 'Pilocarpus grandiflorus', 'Salacia campestris (Celastraceae)', 'Hortia superba (Rutaceae)', 'Curvularia sp. (Pleosporaceae)', 'Almeidea rubra (Rutaceae)', 'Phomopsis cassiae (Valsaceae)', 'Cassia spectabilis (Fabaceae)', 'Alibertia macrophylla (Rubiaceae)', 'Siphoneugena densiflora (Myrtaceae)', 'Peperomia blanda (Piperaceae)', 'Cnidoscolus vitifolius (Euphorbiaceae)', 'Citrus sp. (Rutaceae)', 'Lantana lilacina (Verbenaceae)', 'Senna spectabilis (Fabaceae)', 'Aspergillus terreus', 'Tithonia diversifolia', 'Anacardium occidentale (Anacardiaceae)', 'Ottonia corcovadensis (Piperaceae)', 'Adiscanthus fusciflorus', 'Styrax camporum (Styracaceae)', 'Chaetomium globosum', 'Nigrospora sphaerica', 'Rapanea umbellata,Myrsine cuneifolia (Myrsinaceae)', 'Himatanthus sucuuba (Apocynaceae)', 'Swartzia langsdorfii (Fabaceae)', 'Cinnamomum australe (Lauraceae)', 'Ricinus communis (Euphorbiaceae)', 'Colletotrichum gloeosporioides (Phyllachoraceae)', 'Coussarea hydrangeifolia (Rubiaceae)', 'Tocoyena brasiliensis (Rubiaceae)', 'Pothomorphe umbellata (Piperaceae)', 'Senna multijuga (Fabaceae)', 'Cabralea canjerana', 'Humicola grisea', 'Phoma betae', 'Maytenus ilicifolia (Celastraceae)', 'Croton zehntneri (Euphorbiaceae)', 'Amorpha fruticosa', 'Metrodorea stipularis', 'Hortia oreadica', 'Nectandra grandiflora (Lauraceae)', 'Trichilia claussenii (Meliaceae)', 'Toona ciliata (Meliacee)', 'Cedrela odorata (Meliaceae)', 'Michelia champaca (Magnoliaceae)', 'Tephrosia candida', 'Conchocarpus heterophyllus (Rutaceae)', 'Streptomyces sp.', 'Neoraputia magnifica (Rutaceae)', 'Alibertia sessilis (Rubiaceae)', 'Penicillium corylophilum', 'Rudgea viburnioides (Rubiaceae)', 'Trichilia elegans (Meliaceae)', 'Aspergillus fumigatus', 'Khaya ivorensis', 'Neoraputia alba (Rutaceae)', 'Piper solmsianum', 'Raulinoa echinata (Rutaceae), Swietenia macrophylla (Meliaceae)', 'Cedrela fruticosa (Meliaceae), Neoraputia magnifica (Rutaceae), Neoraputia alba (Rutaceae)', 'Trichilia pallida', 'Cheiloclinium cognatum (Hippocrateaceae)', 'Casearia obliqua (Flacourtiaceae)', 'Balfourodendron riedelianum (Rutaceae)', 'Vochysia thyrsoidea', 'Spiranthera odoratissima St. odoratissima (Rutaceae)', 'Cedrela fissilis', 'Dalbergia riparia', 'Calycophyllum spruceanum (Rubiaceae)']]",doi_collectionSpecie
"['10.1080/14786410802243271', 'Piper crassinervium (Piperaceae)']","['10.1080/14786410802243271', ['Eucalyptus maculata', 'Pterogyne nitens (Fabaceae)', 'Casearia sylvestris (Flacourtiaceae)', 'Vitex polygama (Verbenaceae)', 'Tocoyena formosa (Rubiaceae)', 'Carapa guianensis', 'Dimorphandra mollis', 'Erythrina mulungu (Fabaceae)', 'Swinglea glutinosa', 'Rapanea lancifolia (Myrsinaceae)', 'Alchornea glandulosa (Euphorbiaceae)', 'Chimarrhis turbinata (Rubiaceae)', 'Pilocarpus riedelianus', 'Alibertia edulis (Rubiaceae)', 'Citrus sp. (Rutaceae)', 'Piper tuberculatum (Piperaceae)', 'Piper arboreum (Piperaceae)', 'Fusarium oxysporum', 'Piper crassinervium (Piperaceae)', 'Siphoneugena densiflora (Myrtaceae)', 'Arrabidaea samydoides (Bignoniaceae)', 'Esenbeckia leiocarpa', 'Styrax ferrugineus (Styracaceae)', 'Piper hispidum (Piperaceae)', 'Citrus sinensis (Rutaceae)', 'Peperomia obtusifolia (Piperaceae)', 'Stemodia foliosa (Scrophulariaceae)', 'Periconia atropurpurea (Annonaceae)', 'Murraya paniculata', 'Mycoleptodiscus indicus', 'Pilocarpus grandiflorus', 'Aspergillus terreus', 'Tithonia diversifolia', 'Zingiber officinale', 'Maytenus aquifolium (Celastraceae)', 'Casearia rupestris (Salicaeae)', 'Almeidea rubra (Rutaceae)', 'Petiveria alliacea (Phytolaccaceae)', 'Salacia campestris (Celastraceae)', 'Angostura paniculata (Rutaceae)', 'Phomopsis sp. (Valsaceae)', 'Cassia leptophylla (Fabaceae)', 'Piper gaudichaudianum (Piperaceae)', 'Piper aduncum (Piperaceae)', 'Pilocarpus spicatus (Rutaceae)', 'Piper hostmannianum (Piperaceae)', 'Chrysophyllum marginatum (Sapotaceae)', 'Penicillium sp. (Trichocomaceae)', 'Xylaria sp. (Xylariaceae)', 'Phomopsis cassiae (Valsaceae)', 'Raulinoa echinata (Rutaceae)', 'Picramnia teapensis', 'Hortia superba (Rutaceae)', 'Ouratea multiflora (Ochnaceae)', 'Peperomia blanda (Piperaceae)', 'Nigrospora sphaerica', 'Ottonia corcovadensis (Piperaceae)', 'Cassia spectabilis (Fabaceae)', 'Galipea bracteata (Rutaceae)', 'Iryanthera juruensis (Myristicaceae)', 'Curvularia sp. (Pleosporaceae)', 'Anacardium occidentale (Anacardiaceae)', 'Cnidoscolus vitifolius (Euphorbiaceae)', 'Styrax camporum (Styracaceae)', 'Rapanea umbellata,Myrsine cuneifolia (Myrsinaceae)', 'Alibertia macrophylla (Rubiaceae)', 'Lantana lilacina (Verbenaceae)', 'Senna spectabilis (Fabaceae)', 'Chaetomium globosum', 'Adiscanthus fusciflorus', 'Ricinus communis (Euphorbiaceae)', 'Himatanthus sucuuba (Apocynaceae)', 'Swartzia langsdorfii (Fabaceae)', 'Cinnamomum australe (Lauraceae)', 'Colletotrichum gloeosporioides (Phyllachoraceae)', 'Coussarea hydrangeifolia (Rubiaceae)', 'Tocoyena brasiliensis (Rubiaceae)', 'Pothomorphe umbellata (Piperaceae)', 'Senna multijuga (Fabaceae)', 'Cabralea canjerana', 'Humicola grisea', 'Phoma betae', 'Maytenus ilicifolia (Celastraceae)', 'Croton zehntneri (Euphorbiaceae)', 'Amorpha fruticosa', 'Metrodorea stipularis', 'Hortia oreadica', 'Nectandra grandiflora (Lauraceae)', 'Trichilia claussenii (Meliaceae)', 'Toona ciliata (Meliacee)', 'Cedrela odorata (Meliaceae)', 'Michelia champaca (Magnoliaceae)', 'Tephrosia candida', 'Conchocarpus heterophyllus (Rutaceae)', 'Streptomyces sp.', 'Neoraputia magnifica (Rutaceae)', 'Alibertia sessilis (Rubiaceae)', 'Penicillium corylophilum', 'Rudgea viburnioides (Rubiaceae)', 'Trichilia elegans (Meliaceae)', 'Aspergillus fumigatus', 'Khaya ivorensis', 'Neoraputia alba (Rutaceae)', 'Piper solmsianum', 'Raulinoa echinata (Rutaceae), Swietenia macrophylla (Meliaceae)', 'Cedrela fruticosa (Meliaceae), Neoraputia magnifica (Rutaceae), Neoraputia alba (Rutaceae)', 'Trichilia pallida', 'Cheiloclinium cognatum (Hippocrateaceae)', 'Casearia obliqua (Flacourtiaceae)', 'Balfourodendron riedelianum (Rutaceae)', 'Vochysia thyrsoidea', 'Spiranthera odoratissima St. odoratissima (Rutaceae)', 'Cedrela fissilis', 'Dalbergia riparia', 'Calycophyllum spruceanum (Rubiaceae)']]",doi_collectionSpecie
"['10.1016/j.phytochem.2004.03.039', 'Cheiloclinium cognatum (Hippocrateaceae)']","['10.1016/j.phytochem.2004.03.039', ['Peperomia blanda (Piperaceae)', 'Phomopsis cassiae (Valsaceae)', 'Tocoyena formosa (Rubiaceae)', 'Eucalyptus maculata', 'Chimarrhis turbinata (Rubiaceae)', 'Periconia atropurpurea (Annonaceae)', 'Raulinoa echinata (Rutaceae)', 'Swinglea glutinosa', 'Pterogyne nitens (Fabaceae)', 'Murraya paniculata', 'Arrabidaea samydoides (Bignoniaceae)', 'Piper crassinervium (Piperaceae)', 'Piper tuberculatum (Piperaceae)', 'Piper arboreum (Piperaceae)', 'Penicillium sp. (Trichocomaceae)', 'Styrax ferrugineus (Styracaceae)', 'Piper hispidum (Piperaceae)', 'Casearia sylvestris (Flacourtiaceae)', 'Almeidea rubra (Rutaceae)', 'Piper gaudichaudianum (Piperaceae)', 'Piper aduncum (Piperaceae)', 'Curvularia sp. (Pleosporaceae)', 'Citrus sinensis (Rutaceae)', 'Maytenus aquifolium (Celastraceae)', 'Piper hostmannianum (Piperaceae)', 'Vitex polygama (Verbenaceae)', 'Iryanthera juruensis (Myristicaceae)', 'Cassia leptophylla (Fabaceae)', 'Chrysophyllum marginatum (Sapotaceae)', 'Xylaria sp. (Xylariaceae)', 'Stemodia foliosa (Scrophulariaceae)', 'Alchornea glandulosa (Euphorbiaceae)', 'Phomopsis sp. (Valsaceae)', 'Alibertia edulis (Rubiaceae)', 'Mycoleptodiscus indicus', 'Hortia superba (Rutaceae)', 'Zingiber officinale', 'Pilocarpus grandiflorus', 'Cassia spectabilis (Fabaceae)', 'Dimorphandra mollis', 'Cnidoscolus vitifolius (Euphorbiaceae)', 'Salacia campestris (Celastraceae)', 'Esenbeckia leiocarpa', 'Rapanea lancifolia (Myrsinaceae)', 'Picramnia teapensis', 'Alibertia macrophylla (Rubiaceae)', 'Galipea bracteata (Rutaceae)', 'Casearia rupestris (Salicaeae)', 'Erythrina mulungu (Fabaceae)', 'Ouratea multiflora (Ochnaceae)', 'Peperomia obtusifolia (Piperaceae)', 'Angostura paniculata (Rutaceae)', 'Pilocarpus spicatus (Rutaceae)', 'Siphoneugena densiflora (Myrtaceae)', 'Citrus sp. (Rutaceae)', 'Fusarium oxysporum', 'Petiveria alliacea (Phytolaccaceae)', 'Pilocarpus riedelianus', 'Adiscanthus fusciflorus', 'Ottonia corcovadensis (Piperaceae)', 'Carapa guianensis', 'Senna spectabilis (Fabaceae)', 'Aspergillus terreus', 'Tithonia diversifolia', 'Lantana lilacina (Verbenaceae)', 'Anacardium occidentale (Anacardiaceae)', 'Styrax camporum (Styracaceae)', 'Chaetomium globosum', 'Rapanea umbellata,Myrsine cuneifolia (Myrsinaceae)', 'Nigrospora sphaerica', 'Swartzia langsdorfii (Fabaceae)', 'Himatanthus sucuuba (Apocynaceae)', 'Cinnamomum australe (Lauraceae)', 'Ricinus communis (Euphorbiaceae)', 'Colletotrichum gloeosporioides (Phyllachoraceae)', 'Coussarea hydrangeifolia (Rubiaceae)', 'Tocoyena brasiliensis (Rubiaceae)', 'Pothomorphe umbellata (Piperaceae)', 'Senna multijuga (Fabaceae)', 'Cabralea canjerana', 'Humicola grisea', 'Phoma betae', 'Maytenus ilicifolia (Celastraceae)', 'Croton zehntneri (Euphorbiaceae)', 'Amorpha fruticosa', 'Metrodorea stipularis', 'Hortia oreadica', 'Nectandra grandiflora (Lauraceae)', 'Trichilia claussenii (Meliaceae)', 'Toona ciliata (Meliacee)', 'Cedrela odorata (Meliaceae)', 'Michelia champaca (Magnoliaceae)', 'Tephrosia candida', 'Conchocarpus heterophyllus (Rutaceae)', 'Streptomyces sp.', 'Neoraputia magnifica (Rutaceae)', 'Alibertia sessilis (Rubiaceae)', 'Penicillium corylophilum', 'Rudgea viburnioides (Rubiaceae)', 'Trichilia elegans (Meliaceae)', 'Aspergillus fumigatus', 'Khaya ivorensis', 'Neoraputia alba (Rutaceae)', 'Piper solmsianum', 'Raulinoa echinata (Rutaceae), Swietenia macrophylla (Meliaceae)', 'Cedrela fruticosa (Meliaceae), Neoraputia magnifica (Rutaceae), Neoraputia alba (Rutaceae)', 'Trichilia pallida', 'Cheiloclinium cognatum (Hippocrateaceae)', 'Casearia obliqua (Flacourtiaceae)', 'Balfourodendron riedelianum (Rutaceae)', 'Vochysia thyrsoidea', 'Spiranthera odoratissima St. odoratissima (Rutaceae)', 'Cedrela fissilis', 'Dalbergia riparia', 'Calycophyllum spruceanum (Rubiaceae)']]",doi_collectionSpecie
