true,restored,edge_type
"['10.1590/S0100-40422005000600011', 'Xylaria sp. (Xylariaceae)']","['10.1590/S0100-40422005000600011', ['Chaetomium globosum', 'Trichilia claussenii (Meliaceae)', 'Dimorphandra mollis', 'Maytenus aquifolium (Celastraceae)', 'Xylaria sp. (Xylariaceae)', 'Piper hispidum (Piperaceae)', 'Styrax camporum (Styracaceae)', 'Himatanthus sucuuba (Apocynaceae)', 'Piper tuberculatum (Piperaceae)', 'Swinglea glutinosa', 'Pilocarpus riedelianus', 'Chimarrhis turbinata (Rubiaceae)', 'Alibertia edulis (Rubiaceae)', 'Hortia oreadica', 'Eucalyptus maculata', 'Siphoneugena densiflora (Myrtaceae)', 'Piper arboreum (Piperaceae)', 'Rapanea lancifolia (Myrsinaceae)', 'Salacia campestris (Celastraceae)', 'Casearia sylvestris (Flacourtiaceae)', 'Cassia leptophylla (Fabaceae)', 'Galipea bracteata (Rutaceae)', 'Piper hostmannianum (Piperaceae)', 'Pterogyne nitens (Fabaceae)', 'Angostura paniculata (Rutaceae)', 'Curvularia sp. (Pleosporaceae)', 'Zingiber officinale', 'Balfourodendron riedelianum (Rutaceae)', 'Pilocarpus spicatus (Rutaceae)', 'Piper aduncum (Piperaceae)', 'Maytenus ilicifolia (Celastraceae)', 'Chrysophyllum marginatum (Sapotaceae)', 'Calycophyllum spruceanum (Rubiaceae)', 'Murraya paniculata', 'Tithonia diversifolia', 'Aspergillus terreus', 'Vitex polygama (Verbenaceae)', 'Conchocarpus heterophyllus (Rutaceae)', 'Peperomia blanda (Piperaceae)', 'Phomopsis cassiae (Valsaceae)', 'Raulinoa echinata (Rutaceae), Swietenia macrophylla (Meliaceae)', 'Erythrina mulungu (Fabaceae)', 'Streptomyces sp.', 'Raulinoa echinata (Rutaceae)', 'Senna multijuga (Fabaceae)', 'Aspergillus fumigatus', 'Neoraputia alba (Rutaceae)', 'Piper solmsianum', 'Metrodorea stipularis', 'Adiscanthus fusciflorus', 'Iryanthera juruensis (Myristicaceae)', 'Piper crassinervium (Piperaceae)', 'Toona ciliata (Meliacee)', 'Cedrela odorata (Meliaceae)', 'Cabralea canjerana', 'Stemodia foliosa (Scrophulariaceae)', 'Fusarium oxysporum', 'Piper gaudichaudianum (Piperaceae)', 'Casearia obliqua (Flacourtiaceae)', 'Penicillium sp. (Trichocomaceae)', 'Senna spectabilis (Fabaceae)', 'Alibertia sessilis (Rubiaceae)', 'Amorpha fruticosa', 'Tephrosia candida', 'Pilocarpus grandiflorus', 'Nigrospora sphaerica', 'Citrus sinensis (Rutaceae)', 'Colletotrichum gloeosporioides (Phyllachoraceae)', 'Periconia atropurpurea (Annonaceae)', 'Carapa guianensis', 'Hortia superba (Rutaceae)', 'Cedrela fissilis', 'Vochysia thyrsoidea', 'Phoma betae', 'Alchornea glandulosa (Euphorbiaceae)', 'Phomopsis sp. (Valsaceae)', 'Almeidea rubra (Rutaceae)', 'Cheiloclinium cognatum (Hippocrateaceae)', 'Cinnamomum australe (Lauraceae)', 'Nectandra grandiflora (Lauraceae)', 'Tocoyena formosa (Rubiaceae)', 'Anacardium occidentale (Anacardiaceae)', 'Peperomia obtusifolia (Piperaceae)', 'Alibertia macrophylla (Rubiaceae)', 'Cassia spectabilis (Fabaceae)', 'Neoraputia magnifica (Rutaceae)', 'Picramnia teapensis', 'Coussarea hydrangeifolia (Rubiaceae)', 'Croton zehntneri (Euphorbiaceae)', 'Swartzia langsdorfii (Fabaceae)', 'Ottonia corcovadensis (Piperaceae)', 'Styrax ferrugineus (Styracaceae)', 'Arrabidaea samydoides (Bignoniaceae)', 'Penicillium corylophilum', 'Rudgea viburnioides (Rubiaceae)', 'Dalbergia riparia', 'Tocoyena brasiliensis (Rubiaceae)', 'Cnidoscolus vitifolius (Euphorbiaceae)', 'Trichilia elegans (Meliaceae)', 'Ouratea multiflora (Ochnaceae)', 'Casearia rupestris (Salicaeae)', 'Pothomorphe umbellata (Piperaceae)', 'Trichilia pallida', 'Citrus sp. (Rutaceae)', 'Esenbeckia leiocarpa', 'Cedrela fruticosa (Meliaceae), Neoraputia magnifica (Rutaceae), Neoraputia alba (Rutaceae)', 'Khaya ivorensis', 'Ricinus communis (Euphorbiaceae)', 'Rapanea umbellata,Myrsine cuneifolia (Myrsinaceae)', 'Humicola grisea', 'Lantana lilacina (Verbenaceae)', 'Mycoleptodiscus indicus', 'Michelia champaca (Magnoliaceae)', 'Spiranthera odoratissima St. odoratissima (Rutaceae)', 'Petiveria alliacea (Phytolaccaceae)']]",doi_collectionSpecie
"['10.1021/np1007476', 'Chimarrhis turbinata (Rubiaceae)']","['10.1021/np1007476', ['Styrax camporum (Styracaceae)', 'Piper hostmannianum (Piperaceae)', 'Dimorphandra mollis', 'Cassia leptophylla (Fabaceae)', 'Peperomia blanda (Piperaceae)', 'Chimarrhis turbinata (Rubiaceae)', 'Murraya paniculata', 'Metrodorea stipularis', 'Angostura paniculata (Rutaceae)', 'Eucalyptus maculata', 'Phomopsis cassiae (Valsaceae)', 'Rapanea lancifolia (Myrsinaceae)', 'Piper aduncum (Piperaceae)', 'Vitex polygama (Verbenaceae)', 'Erythrina mulungu (Fabaceae)', 'Neoraputia alba (Rutaceae)', 'Piper hispidum (Piperaceae)', 'Aspergillus fumigatus', 'Siphoneugena densiflora (Myrtaceae)', 'Hortia oreadica', 'Galipea bracteata (Rutaceae)', 'Maytenus ilicifolia (Celastraceae)', 'Aspergillus terreus', 'Tithonia diversifolia', 'Raulinoa echinata (Rutaceae), Swietenia macrophylla (Meliaceae)', 'Xylaria sp. (Xylariaceae)', 'Alibertia edulis (Rubiaceae)', 'Himatanthus sucuuba (Apocynaceae)', 'Casearia sylvestris (Flacourtiaceae)', 'Piper solmsianum', 'Piper crassinervium (Piperaceae)', 'Piper tuberculatum (Piperaceae)', 'Zingiber officinale', 'Curvularia sp. (Pleosporaceae)', 'Swinglea glutinosa', 'Trichilia claussenii (Meliaceae)', 'Pilocarpus spicatus (Rutaceae)', 'Pilocarpus riedelianus', 'Chrysophyllum marginatum (Sapotaceae)', 'Adiscanthus fusciflorus', 'Salacia campestris (Celastraceae)', 'Balfourodendron riedelianum (Rutaceae)', 'Raulinoa echinata (Rutaceae)', 'Piper arboreum (Piperaceae)', 'Piper gaudichaudianum (Piperaceae)', 'Chaetomium globosum', 'Calycophyllum spruceanum (Rubiaceae)', 'Streptomyces sp.', 'Conchocarpus heterophyllus (Rutaceae)', 'Fusarium oxysporum', 'Stemodia foliosa (Scrophulariaceae)', 'Amorpha fruticosa', 'Tephrosia candida', 'Iryanthera juruensis (Myristicaceae)', 'Pterogyne nitens (Fabaceae)', 'Senna spectabilis (Fabaceae)', 'Colletotrichum gloeosporioides (Phyllachoraceae)', 'Citrus sinensis (Rutaceae)', 'Toona ciliata (Meliacee)', 'Cabralea canjerana', 'Cedrela odorata (Meliaceae)', 'Senna multijuga (Fabaceae)', 'Casearia obliqua (Flacourtiaceae)', 'Maytenus aquifolium (Celastraceae)', 'Carapa guianensis', 'Phomopsis sp. (Valsaceae)', 'Hortia superba (Rutaceae)', 'Nigrospora sphaerica', 'Cedrela fissilis', 'Penicillium sp. (Trichocomaceae)', 'Almeidea rubra (Rutaceae)', 'Tocoyena formosa (Rubiaceae)', 'Pilocarpus grandiflorus', 'Alchornea glandulosa (Euphorbiaceae)', 'Anacardium occidentale (Anacardiaceae)', 'Alibertia sessilis (Rubiaceae)', 'Periconia atropurpurea (Annonaceae)', 'Phoma betae', 'Neoraputia magnifica (Rutaceae)', 'Croton zehntneri (Euphorbiaceae)', 'Vochysia thyrsoidea', 'Arrabidaea samydoides (Bignoniaceae)', 'Alibertia macrophylla (Rubiaceae)', 'Cassia spectabilis (Fabaceae)', 'Nectandra grandiflora (Lauraceae)', 'Cheiloclinium cognatum (Hippocrateaceae)', 'Peperomia obtusifolia (Piperaceae)', 'Styrax ferrugineus (Styracaceae)', 'Coussarea hydrangeifolia (Rubiaceae)', 'Dalbergia riparia', 'Picramnia teapensis', 'Penicillium corylophilum', 'Cinnamomum australe (Lauraceae)', 'Swartzia langsdorfii (Fabaceae)', 'Rudgea viburnioides (Rubiaceae)', 'Ottonia corcovadensis (Piperaceae)', 'Cnidoscolus vitifolius (Euphorbiaceae)', 'Tocoyena brasiliensis (Rubiaceae)', 'Trichilia elegans (Meliaceae)', 'Ouratea multiflora (Ochnaceae)', 'Casearia rupestris (Salicaeae)', 'Pothomorphe umbellata (Piperaceae)', 'Trichilia pallida', 'Citrus sp. (Rutaceae)', 'Esenbeckia leiocarpa', 'Cedrela fruticosa (Meliaceae), Neoraputia magnifica (Rutaceae), Neoraputia alba (Rutaceae)', 'Khaya ivorensis', 'Ricinus communis (Euphorbiaceae)', 'Rapanea umbellata,Myrsine cuneifolia (Myrsinaceae)', 'Humicola grisea', 'Lantana lilacina (Verbenaceae)', 'Mycoleptodiscus indicus', 'Michelia champaca (Magnoliaceae)', 'Spiranthera odoratissima St. odoratissima (Rutaceae)', 'Petiveria alliacea (Phytolaccaceae)']]",doi_collectionSpecie
"['10.1016/S0031-9422(98)00249-0', 'Casearia sylvestris (Flacourtiaceae)']","['10.1016/S0031-9422(98)00249-0', ['Dimorphandra mollis', 'Cassia leptophylla (Fabaceae)', 'Styrax camporum (Styracaceae)', 'Piper hispidum (Piperaceae)', 'Himatanthus sucuuba (Apocynaceae)', 'Piper tuberculatum (Piperaceae)', 'Piper hostmannianum (Piperaceae)', 'Chimarrhis turbinata (Rubiaceae)', 'Siphoneugena densiflora (Myrtaceae)', 'Pilocarpus riedelianus', 'Rapanea lancifolia (Myrsinaceae)', 'Alibertia edulis (Rubiaceae)', 'Eucalyptus maculata', 'Angostura paniculata (Rutaceae)', 'Pilocarpus spicatus (Rutaceae)', 'Galipea bracteata (Rutaceae)', 'Tithonia diversifolia', 'Aspergillus terreus', 'Peperomia blanda (Piperaceae)', 'Piper arboreum (Piperaceae)', 'Xylaria sp. (Xylariaceae)', 'Swinglea glutinosa', 'Trichilia claussenii (Meliaceae)', 'Phomopsis cassiae (Valsaceae)', 'Hortia oreadica', 'Curvularia sp. (Pleosporaceae)', 'Murraya paniculata', 'Piper aduncum (Piperaceae)', 'Chrysophyllum marginatum (Sapotaceae)', 'Maytenus ilicifolia (Celastraceae)', 'Casearia sylvestris (Flacourtiaceae)', 'Salacia campestris (Celastraceae)', 'Vitex polygama (Verbenaceae)', 'Zingiber officinale', 'Metrodorea stipularis', 'Chaetomium globosum', 'Raulinoa echinata (Rutaceae), Swietenia macrophylla (Meliaceae)', 'Piper solmsianum', 'Raulinoa echinata (Rutaceae)', 'Aspergillus fumigatus', 'Erythrina mulungu (Fabaceae)', 'Neoraputia alba (Rutaceae)', 'Piper crassinervium (Piperaceae)', 'Streptomyces sp.', 'Balfourodendron riedelianum (Rutaceae)', 'Iryanthera juruensis (Myristicaceae)', 'Pterogyne nitens (Fabaceae)', 'Calycophyllum spruceanum (Rubiaceae)', 'Adiscanthus fusciflorus', 'Maytenus aquifolium (Celastraceae)', 'Conchocarpus heterophyllus (Rutaceae)', 'Piper gaudichaudianum (Piperaceae)', 'Stemodia foliosa (Scrophulariaceae)', 'Toona ciliata (Meliacee)', 'Cedrela odorata (Meliaceae)', 'Cabralea canjerana', 'Fusarium oxysporum', 'Amorpha fruticosa', 'Tephrosia candida', 'Senna spectabilis (Fabaceae)', 'Senna multijuga (Fabaceae)', 'Penicillium sp. (Trichocomaceae)', 'Colletotrichum gloeosporioides (Phyllachoraceae)', 'Casearia obliqua (Flacourtiaceae)', 'Citrus sinensis (Rutaceae)', 'Nigrospora sphaerica', 'Carapa guianensis', 'Periconia atropurpurea (Annonaceae)', 'Pilocarpus grandiflorus', 'Alibertia sessilis (Rubiaceae)', 'Hortia superba (Rutaceae)', 'Alchornea glandulosa (Euphorbiaceae)', 'Phomopsis sp. (Valsaceae)', 'Cedrela fissilis', 'Phoma betae', 'Almeidea rubra (Rutaceae)', 'Vochysia thyrsoidea', 'Tocoyena formosa (Rubiaceae)', 'Anacardium occidentale (Anacardiaceae)', 'Cheiloclinium cognatum (Hippocrateaceae)', 'Neoraputia magnifica (Rutaceae)', 'Peperomia obtusifolia (Piperaceae)', 'Picramnia teapensis', 'Nectandra grandiflora (Lauraceae)', 'Alibertia macrophylla (Rubiaceae)', 'Croton zehntneri (Euphorbiaceae)', 'Coussarea hydrangeifolia (Rubiaceae)', 'Cassia spectabilis (Fabaceae)', 'Penicillium corylophilum', 'Styrax ferrugineus (Styracaceae)', 'Arrabidaea samydoides (Bignoniaceae)', 'Swartzia langsdorfii (Fabaceae)', 'Cinnamomum australe (Lauraceae)', 'Dalbergia riparia', 'Ottonia corcovadensis (Piperaceae)', 'Rudgea viburnioides (Rubiaceae)', 'Cnidoscolus vitifolius (Euphorbiaceae)', 'Tocoyena brasiliensis (Rubiaceae)', 'Trichilia elegans (Meliaceae)', 'Ouratea multiflora (Ochnaceae)', 'Casearia rupestris (Salicaeae)', 'Pothomorphe umbellata (Piperaceae)', 'Trichilia pallida', 'Citrus sp. (Rutaceae)', 'Esenbeckia leiocarpa', 'Cedrela fruticosa (Meliaceae), Neoraputia magnifica (Rutaceae), Neoraputia alba (Rutaceae)', 'Khaya ivorensis', 'Ricinus communis (Euphorbiaceae)', 'Rapanea umbellata,Myrsine cuneifolia (Myrsinaceae)', 'Humicola grisea', 'Lantana lilacina (Verbenaceae)', 'Mycoleptodiscus indicus', 'Michelia champaca (Magnoliaceae)', 'Spiranthera odoratissima St. odoratissima (Rutaceae)', 'Petiveria alliacea (Phytolaccaceae)']]",doi_collectionSpecie
"['10.1080/14786419.2011.647020', 'Humicola grisea']","['10.1080/14786419.2011.647020', ['Eucalyptus maculata', 'Styrax camporum (Styracaceae)', 'Rapanea lancifolia (Myrsinaceae)', 'Phomopsis cassiae (Valsaceae)', 'Murraya paniculata', 'Dimorphandra mollis', 'Maytenus ilicifolia (Celastraceae)', 'Casearia sylvestris (Flacourtiaceae)', 'Tithonia diversifolia', 'Aspergillus terreus', 'Piper hispidum (Piperaceae)', 'Peperomia blanda (Piperaceae)', 'Alibertia edulis (Rubiaceae)', 'Galipea bracteata (Rutaceae)', 'Himatanthus sucuuba (Apocynaceae)', 'Angostura paniculata (Rutaceae)', 'Vitex polygama (Verbenaceae)', 'Piper tuberculatum (Piperaceae)', 'Raulinoa echinata (Rutaceae), Swietenia macrophylla (Meliaceae)', 'Piper hostmannianum (Piperaceae)', 'Chimarrhis turbinata (Rubiaceae)', 'Cassia leptophylla (Fabaceae)', 'Piper crassinervium (Piperaceae)', 'Siphoneugena densiflora (Myrtaceae)', 'Piper aduncum (Piperaceae)', 'Neoraputia alba (Rutaceae)', 'Xylaria sp. (Xylariaceae)', 'Curvularia sp. (Pleosporaceae)', 'Swinglea glutinosa', 'Pilocarpus spicatus (Rutaceae)', 'Salacia campestris (Celastraceae)', 'Aspergillus fumigatus', 'Metrodorea stipularis', 'Piper arboreum (Piperaceae)', 'Hortia oreadica', 'Raulinoa echinata (Rutaceae)', 'Trichilia claussenii (Meliaceae)', 'Adiscanthus fusciflorus', 'Chrysophyllum marginatum (Sapotaceae)', 'Pilocarpus riedelianus', 'Erythrina mulungu (Fabaceae)', 'Piper gaudichaudianum (Piperaceae)', 'Zingiber officinale', 'Piper solmsianum', 'Balfourodendron riedelianum (Rutaceae)', 'Amorpha fruticosa', 'Tephrosia candida', 'Chaetomium globosum', 'Fusarium oxysporum', 'Colletotrichum gloeosporioides (Phyllachoraceae)', 'Senna spectabilis (Fabaceae)', 'Calycophyllum spruceanum (Rubiaceae)', 'Streptomyces sp.', 'Cabralea canjerana', 'Cedrela odorata (Meliaceae)', 'Toona ciliata (Meliacee)', 'Citrus sinensis (Rutaceae)', 'Iryanthera juruensis (Myristicaceae)', 'Stemodia foliosa (Scrophulariaceae)', 'Casearia obliqua (Flacourtiaceae)', 'Carapa guianensis', 'Nigrospora sphaerica', 'Hortia superba (Rutaceae)', 'Maytenus aquifolium (Celastraceae)', 'Conchocarpus heterophyllus (Rutaceae)', 'Cedrela fissilis', 'Pterogyne nitens (Fabaceae)', 'Phomopsis sp. (Valsaceae)', 'Pilocarpus grandiflorus', 'Almeidea rubra (Rutaceae)', 'Phoma betae', 'Alibertia sessilis (Rubiaceae)', 'Senna multijuga (Fabaceae)', 'Alchornea glandulosa (Euphorbiaceae)', 'Penicillium sp. (Trichocomaceae)', 'Tocoyena formosa (Rubiaceae)', 'Anacardium occidentale (Anacardiaceae)', 'Neoraputia magnifica (Rutaceae)', 'Periconia atropurpurea (Annonaceae)', 'Croton zehntneri (Euphorbiaceae)', 'Arrabidaea samydoides (Bignoniaceae)', 'Alibertia macrophylla (Rubiaceae)', 'Nectandra grandiflora (Lauraceae)', 'Cassia spectabilis (Fabaceae)', 'Vochysia thyrsoidea', 'Dalbergia riparia', 'Cinnamomum australe (Lauraceae)', 'Cheiloclinium cognatum (Hippocrateaceae)', 'Styrax ferrugineus (Styracaceae)', 'Swartzia langsdorfii (Fabaceae)', 'Peperomia obtusifolia (Piperaceae)', 'Picramnia teapensis', 'Coussarea hydrangeifolia (Rubiaceae)', 'Penicillium corylophilum', 'Rudgea viburnioides (Rubiaceae)', 'Ottonia corcovadensis (Piperaceae)', 'Cnidoscolus vitifolius (Euphorbiaceae)', 'Tocoyena brasiliensis (Rubiaceae)', 'Trichilia elegans (Meliaceae)', 'Ouratea multiflora (Ochnaceae)', 'Casearia rupestris (Salicaeae)', 'Pothomorphe umbellata (Piperaceae)', 'Trichilia pallida', 'Citrus sp. (Rutaceae)', 'Esenbeckia leiocarpa', 'Cedrela fruticosa (Meliaceae), Neoraputia magnifica (Rutaceae), Neoraputia alba (Rutaceae)', 'Khaya ivorensis', 'Ricinus communis (Euphorbiaceae)', 'Rapanea umbellata,Myrsine cuneifolia (Myrsinaceae)', 'Humicola grisea', 'Lantana lilacina (Verbenaceae)', 'Mycoleptodiscus indicus', 'Michelia champaca (Magnoliaceae)', 'Spiranthera odoratissima St. odoratissima (Rutaceae)', 'Petiveria alliacea (Phytolaccaceae)']]",doi_collectionSpecie
"['10.1016/S0031-9422(97)00238-0', 'Tocoyena formosa (Rubiaceae)']","['10.1016/S0031-9422(97)00238-0', ['Styrax camporum (Styracaceae)', 'Dimorphandra mollis', 'Eucalyptus maculata', 'Angostura paniculata (Rutaceae)', 'Piper hispidum (Piperaceae)', 'Cassia leptophylla (Fabaceae)', 'Rapanea lancifolia (Myrsinaceae)', 'Piper hostmannianum (Piperaceae)', 'Phomopsis cassiae (Valsaceae)', 'Galipea bracteata (Rutaceae)', 'Murraya paniculata', 'Chimarrhis turbinata (Rubiaceae)', 'Himatanthus sucuuba (Apocynaceae)', 'Piper aduncum (Piperaceae)', 'Raulinoa echinata (Rutaceae), Swietenia macrophylla (Meliaceae)', 'Alibertia edulis (Rubiaceae)', 'Peperomia blanda (Piperaceae)', 'Piper tuberculatum (Piperaceae)', 'Siphoneugena densiflora (Myrtaceae)', 'Tithonia diversifolia', 'Aspergillus terreus', 'Metrodorea stipularis', 'Casearia sylvestris (Flacourtiaceae)', 'Neoraputia alba (Rutaceae)', 'Vitex polygama (Verbenaceae)', 'Maytenus ilicifolia (Celastraceae)', 'Swinglea glutinosa', 'Pilocarpus spicatus (Rutaceae)', 'Piper crassinervium (Piperaceae)', 'Pilocarpus riedelianus', 'Xylaria sp. (Xylariaceae)', 'Hortia oreadica', 'Curvularia sp. (Pleosporaceae)', 'Trichilia claussenii (Meliaceae)', 'Aspergillus fumigatus', 'Salacia campestris (Celastraceae)', 'Piper arboreum (Piperaceae)', 'Erythrina mulungu (Fabaceae)', 'Chrysophyllum marginatum (Sapotaceae)', 'Zingiber officinale', 'Raulinoa echinata (Rutaceae)', 'Piper gaudichaudianum (Piperaceae)', 'Piper solmsianum', 'Adiscanthus fusciflorus', 'Balfourodendron riedelianum (Rutaceae)', 'Chaetomium globosum', 'Streptomyces sp.', 'Fusarium oxysporum', 'Amorpha fruticosa', 'Tephrosia candida', 'Senna spectabilis (Fabaceae)', 'Calycophyllum spruceanum (Rubiaceae)', 'Stemodia foliosa (Scrophulariaceae)', 'Iryanthera juruensis (Myristicaceae)', 'Colletotrichum gloeosporioides (Phyllachoraceae)', 'Citrus sinensis (Rutaceae)', 'Conchocarpus heterophyllus (Rutaceae)', 'Toona ciliata (Meliacee)', 'Cedrela odorata (Meliaceae)', 'Cabralea canjerana', 'Pterogyne nitens (Fabaceae)', 'Maytenus aquifolium (Celastraceae)', 'Casearia obliqua (Flacourtiaceae)', 'Carapa guianensis', 'Nigrospora sphaerica', 'Hortia superba (Rutaceae)', 'Cedrela fissilis', 'Phomopsis sp. (Valsaceae)', 'Pilocarpus grandiflorus', 'Senna multijuga (Fabaceae)', 'Penicillium sp. (Trichocomaceae)', 'Alibertia sessilis (Rubiaceae)', 'Alchornea glandulosa (Euphorbiaceae)', 'Almeidea rubra (Rutaceae)', 'Phoma betae', 'Tocoyena formosa (Rubiaceae)', 'Anacardium occidentale (Anacardiaceae)', 'Periconia atropurpurea (Annonaceae)', 'Neoraputia magnifica (Rutaceae)', 'Croton zehntneri (Euphorbiaceae)', 'Vochysia thyrsoidea', 'Arrabidaea samydoides (Bignoniaceae)', 'Cassia spectabilis (Fabaceae)', 'Nectandra grandiflora (Lauraceae)', 'Alibertia macrophylla (Rubiaceae)', 'Cheiloclinium cognatum (Hippocrateaceae)', 'Peperomia obtusifolia (Piperaceae)', 'Dalbergia riparia', 'Styrax ferrugineus (Styracaceae)', 'Picramnia teapensis', 'Coussarea hydrangeifolia (Rubiaceae)', 'Cinnamomum australe (Lauraceae)', 'Swartzia langsdorfii (Fabaceae)', 'Penicillium corylophilum', 'Rudgea viburnioides (Rubiaceae)', 'Ottonia corcovadensis (Piperaceae)', 'Cnidoscolus vitifolius (Euphorbiaceae)', 'Tocoyena brasiliensis (Rubiaceae)', 'Trichilia elegans (Meliaceae)', 'Ouratea multiflora (Ochnaceae)', 'Casearia rupestris (Salicaeae)', 'Pothomorphe umbellata (Piperaceae)', 'Trichilia pallida', 'Citrus sp. (Rutaceae)', 'Esenbeckia leiocarpa', 'Cedrela fruticosa (Meliaceae), Neoraputia magnifica (Rutaceae), Neoraputia alba (Rutaceae)', 'Khaya ivorensis', 'Ricinus communis (Euphorbiaceae)', 'Rapanea umbellata,Myrsine cuneifolia (Myrsinaceae)', 'Humicola grisea', 'Lantana lilacina (Verbenaceae)', 'Mycoleptodiscus indicus', 'Michelia champaca (Magnoliaceae)', 'Spiranthera odoratissima St. odoratissima (Rutaceae)', 'Petiveria alliacea (Phytolaccaceae)']]",doi_collectionSpecie
"['10.1590/S0102-695X2007000300003', 'Ouratea multiflora (Ochnaceae)']","['10.1590/S0102-695X2007000300003', ['Hortia oreadica', 'Styrax camporum (Styracaceae)', 'Piper aduncum (Piperaceae)', 'Eucalyptus maculata', 'Chimarrhis turbinata (Rubiaceae)', 'Dimorphandra mollis', 'Piper hispidum (Piperaceae)', 'Zingiber officinale', 'Salacia campestris (Celastraceae)', 'Himatanthus sucuuba (Apocynaceae)', 'Piper hostmannianum (Piperaceae)', 'Pilocarpus spicatus (Rutaceae)', 'Piper tuberculatum (Piperaceae)', 'Peperomia blanda (Piperaceae)', 'Siphoneugena densiflora (Myrtaceae)', 'Raulinoa echinata (Rutaceae)', 'Piper crassinervium (Piperaceae)', 'Swinglea glutinosa', 'Pilocarpus riedelianus', 'Casearia sylvestris (Flacourtiaceae)', 'Balfourodendron riedelianum (Rutaceae)', 'Piper arboreum (Piperaceae)', 'Raulinoa echinata (Rutaceae), Swietenia macrophylla (Meliaceae)', 'Phomopsis cassiae (Valsaceae)', 'Aspergillus terreus', 'Tithonia diversifolia', 'Conchocarpus heterophyllus (Rutaceae)', 'Xylaria sp. (Xylariaceae)', 'Rapanea lancifolia (Myrsinaceae)', 'Alibertia edulis (Rubiaceae)', 'Galipea bracteata (Rutaceae)', 'Vitex polygama (Verbenaceae)', 'Chaetomium globosum', 'Maytenus ilicifolia (Celastraceae)', 'Cassia leptophylla (Fabaceae)', 'Streptomyces sp.', 'Iryanthera juruensis (Myristicaceae)', 'Murraya paniculata', 'Chrysophyllum marginatum (Sapotaceae)', 'Trichilia claussenii (Meliaceae)', 'Piper solmsianum', 'Curvularia sp. (Pleosporaceae)', 'Angostura paniculata (Rutaceae)', 'Maytenus aquifolium (Celastraceae)', 'Pterogyne nitens (Fabaceae)', 'Erythrina mulungu (Fabaceae)', 'Toona ciliata (Meliacee)', 'Cedrela odorata (Meliaceae)', 'Cabralea canjerana', 'Metrodorea stipularis', 'Calycophyllum spruceanum (Rubiaceae)', 'Neoraputia alba (Rutaceae)', 'Aspergillus fumigatus', 'Piper gaudichaudianum (Piperaceae)', 'Amorpha fruticosa', 'Tephrosia candida', 'Senna spectabilis (Fabaceae)', 'Stemodia foliosa (Scrophulariaceae)', 'Adiscanthus fusciflorus', 'Colletotrichum gloeosporioides (Phyllachoraceae)', 'Fusarium oxysporum', 'Pilocarpus grandiflorus', 'Carapa guianensis', 'Nigrospora sphaerica', 'Alchornea glandulosa (Euphorbiaceae)', 'Senna multijuga (Fabaceae)', 'Penicillium sp. (Trichocomaceae)', 'Casearia obliqua (Flacourtiaceae)', 'Hortia superba (Rutaceae)', 'Phoma betae', 'Citrus sinensis (Rutaceae)', 'Alibertia sessilis (Rubiaceae)', 'Phomopsis sp. (Valsaceae)', 'Almeidea rubra (Rutaceae)', 'Periconia atropurpurea (Annonaceae)', 'Cedrela fissilis', 'Vochysia thyrsoidea', 'Neoraputia magnifica (Rutaceae)', 'Tocoyena formosa (Rubiaceae)', 'Anacardium occidentale (Anacardiaceae)', 'Cheiloclinium cognatum (Hippocrateaceae)', 'Alibertia macrophylla (Rubiaceae)', 'Peperomia obtusifolia (Piperaceae)', 'Croton zehntneri (Euphorbiaceae)', 'Nectandra grandiflora (Lauraceae)', 'Cinnamomum australe (Lauraceae)', 'Picramnia teapensis', 'Coussarea hydrangeifolia (Rubiaceae)', 'Arrabidaea samydoides (Bignoniaceae)', 'Cassia spectabilis (Fabaceae)', 'Penicillium corylophilum', 'Styrax ferrugineus (Styracaceae)', 'Ottonia corcovadensis (Piperaceae)', 'Swartzia langsdorfii (Fabaceae)', 'Dalbergia riparia', 'Rudgea viburnioides (Rubiaceae)', 'Cnidoscolus vitifolius (Euphorbiaceae)', 'Tocoyena brasiliensis (Rubiaceae)', 'Trichilia elegans (Meliaceae)', 'Ouratea multiflora (Ochnaceae)', 'Casearia rupestris (Salicaeae)', 'Pothomorphe umbellata (Piperaceae)', 'Trichilia pallida', 'Citrus sp. (Rutaceae)', 'Esenbeckia leiocarpa', 'Cedrela fruticosa (Meliaceae), Neoraputia magnifica (Rutaceae), Neoraputia alba (Rutaceae)', 'Khaya ivorensis', 'Ricinus communis (Euphorbiaceae)', 'Rapanea umbellata,Myrsine cuneifolia (Myrsinaceae)', 'Humicola grisea', 'Lantana lilacina (Verbenaceae)', 'Mycoleptodiscus indicus', 'Michelia champaca (Magnoliaceae)', 'Spiranthera odoratissima St. odoratissima (Rutaceae)', 'Petiveria alliacea (Phytolaccaceae)']]",doi_collectionSpecie
"['10.1016/j.phytochem.2008.01.006', 'Pterogyne nitens (Fabaceae)']","['10.1016/j.phytochem.2008.01.006', ['Iryanthera juruensis (Myristicaceae)', 'Cheiloclinium cognatum (Hippocrateaceae)', 'Periconia atropurpurea (Annonaceae)', 'Penicillium sp. (Trichocomaceae)', 'Pterogyne nitens (Fabaceae)', 'Coussarea hydrangeifolia (Rubiaceae)', 'Vochysia thyrsoidea', 'Penicillium corylophilum', 'Picramnia teapensis', 'Swinglea glutinosa', 'Maytenus ilicifolia (Celastraceae)', 'Stemodia foliosa (Scrophulariaceae)', 'Peperomia obtusifolia (Piperaceae)', 'Pilocarpus riedelianus', 'Siphoneugena densiflora (Myrtaceae)', 'Xylaria sp. (Xylariaceae)', 'Hortia oreadica', 'Peperomia blanda (Piperaceae)', 'Styrax camporum (Styracaceae)', 'Cassia leptophylla (Fabaceae)', 'Metrodorea stipularis', 'Calycophyllum spruceanum (Rubiaceae)', 'Curvularia sp. (Pleosporaceae)', 'Chimarrhis turbinata (Rubiaceae)', 'Chrysophyllum marginatum (Sapotaceae)', 'Pilocarpus spicatus (Rutaceae)', 'Conchocarpus heterophyllus (Rutaceae)', 'Phomopsis cassiae (Valsaceae)', 'Piper aduncum (Piperaceae)', 'Tithonia diversifolia', 'Aspergillus terreus', 'Erythrina mulungu (Fabaceae)', 'Rapanea lancifolia (Myrsinaceae)', 'Eucalyptus maculata', 'Dimorphandra mollis', 'Streptomyces sp.', 'Piper hostmannianum (Piperaceae)', 'Piper hispidum (Piperaceae)', 'Raulinoa echinata (Rutaceae), Swietenia macrophylla (Meliaceae)', 'Aspergillus fumigatus', 'Piper crassinervium (Piperaceae)', 'Senna multijuga (Fabaceae)', 'Zingiber officinale', 'Angostura paniculata (Rutaceae)', 'Alibertia edulis (Rubiaceae)', 'Piper tuberculatum (Piperaceae)', 'Salacia campestris (Celastraceae)', 'Himatanthus sucuuba (Apocynaceae)', 'Piper solmsianum', 'Trichilia claussenii (Meliaceae)', 'Raulinoa echinata (Rutaceae)', 'Piper arboreum (Piperaceae)', 'Vitex polygama (Verbenaceae)', 'Galipea bracteata (Rutaceae)', 'Murraya paniculata', 'Chaetomium globosum', 'Neoraputia alba (Rutaceae)', 'Balfourodendron riedelianum (Rutaceae)', 'Casearia sylvestris (Flacourtiaceae)', 'Maytenus aquifolium (Celastraceae)', 'Amorpha fruticosa', 'Tephrosia candida', 'Piper gaudichaudianum (Piperaceae)', 'Colletotrichum gloeosporioides (Phyllachoraceae)', 'Adiscanthus fusciflorus', 'Senna spectabilis (Fabaceae)', 'Alchornea glandulosa (Euphorbiaceae)', 'Toona ciliata (Meliacee)', 'Cabralea canjerana', 'Cedrela odorata (Meliaceae)', 'Fusarium oxysporum', 'Casearia obliqua (Flacourtiaceae)', 'Nigrospora sphaerica', 'Carapa guianensis', 'Phoma betae', 'Pilocarpus grandiflorus', 'Citrus sinensis (Rutaceae)', 'Neoraputia magnifica (Rutaceae)', 'Anacardium occidentale (Anacardiaceae)', 'Hortia superba (Rutaceae)', 'Phomopsis sp. (Valsaceae)', 'Tocoyena formosa (Rubiaceae)', 'Almeidea rubra (Rutaceae)', 'Croton zehntneri (Euphorbiaceae)', 'Cedrela fissilis', 'Alibertia sessilis (Rubiaceae)', 'Cassia spectabilis (Fabaceae)', 'Dalbergia riparia', 'Styrax ferrugineus (Styracaceae)', 'Alibertia macrophylla (Rubiaceae)', 'Arrabidaea samydoides (Bignoniaceae)', 'Swartzia langsdorfii (Fabaceae)', 'Rudgea viburnioides (Rubiaceae)', 'Nectandra grandiflora (Lauraceae)', 'Cinnamomum australe (Lauraceae)', 'Ottonia corcovadensis (Piperaceae)', 'Cnidoscolus vitifolius (Euphorbiaceae)', 'Tocoyena brasiliensis (Rubiaceae)', 'Trichilia elegans (Meliaceae)', 'Ouratea multiflora (Ochnaceae)', 'Casearia rupestris (Salicaeae)', 'Pothomorphe umbellata (Piperaceae)', 'Trichilia pallida', 'Citrus sp. (Rutaceae)', 'Esenbeckia leiocarpa', 'Cedrela fruticosa (Meliaceae), Neoraputia magnifica (Rutaceae), Neoraputia alba (Rutaceae)', 'Khaya ivorensis', 'Ricinus communis (Euphorbiaceae)', 'Rapanea umbellata,Myrsine cuneifolia (Myrsinaceae)', 'Humicola grisea', 'Lantana lilacina (Verbenaceae)', 'Mycoleptodiscus indicus', 'Michelia champaca (Magnoliaceae)', 'Spiranthera odoratissima St. odoratissima (Rutaceae)', 'Petiveria alliacea (Phytolaccaceae)']]",doi_collectionSpecie
"['10.1016/j.jep.2007.09.020', 'Vitex polygama (Verbenaceae)']","['10.1016/j.jep.2007.09.020', ['Dimorphandra mollis', 'Styrax camporum (Styracaceae)', 'Piper hispidum (Piperaceae)', 'Piper tuberculatum (Piperaceae)', 'Himatanthus sucuuba (Apocynaceae)', 'Eucalyptus maculata', 'Xylaria sp. (Xylariaceae)', 'Rapanea lancifolia (Myrsinaceae)', 'Trichilia claussenii (Meliaceae)', 'Murraya paniculata', 'Casearia sylvestris (Flacourtiaceae)', 'Siphoneugena densiflora (Myrtaceae)', 'Tithonia diversifolia', 'Aspergillus terreus', 'Alibertia edulis (Rubiaceae)', 'Chaetomium globosum', 'Galipea bracteata (Rutaceae)', 'Piper arboreum (Piperaceae)', 'Peperomia blanda (Piperaceae)', 'Chimarrhis turbinata (Rubiaceae)', 'Vitex polygama (Verbenaceae)', 'Phomopsis cassiae (Valsaceae)', 'Cassia leptophylla (Fabaceae)', 'Piper hostmannianum (Piperaceae)', 'Raulinoa echinata (Rutaceae), Swietenia macrophylla (Meliaceae)', 'Salacia campestris (Celastraceae)', 'Angostura paniculata (Rutaceae)', 'Pilocarpus spicatus (Rutaceae)', 'Swinglea glutinosa', 'Hortia oreadica', 'Piper aduncum (Piperaceae)', 'Maytenus ilicifolia (Celastraceae)', 'Pilocarpus riedelianus', 'Neoraputia alba (Rutaceae)', 'Piper crassinervium (Piperaceae)', 'Curvularia sp. (Pleosporaceae)', 'Zingiber officinale', 'Chrysophyllum marginatum (Sapotaceae)', 'Balfourodendron riedelianum (Rutaceae)', 'Raulinoa echinata (Rutaceae)', 'Aspergillus fumigatus', 'Erythrina mulungu (Fabaceae)', 'Maytenus aquifolium (Celastraceae)', 'Adiscanthus fusciflorus', 'Piper solmsianum', 'Calycophyllum spruceanum (Rubiaceae)', 'Streptomyces sp.', 'Metrodorea stipularis', 'Cabralea canjerana', 'Cedrela odorata (Meliaceae)', 'Toona ciliata (Meliacee)', 'Fusarium oxysporum', 'Piper gaudichaudianum (Piperaceae)', 'Conchocarpus heterophyllus (Rutaceae)', 'Amorpha fruticosa', 'Tephrosia candida', 'Senna spectabilis (Fabaceae)', 'Iryanthera juruensis (Myristicaceae)', 'Pterogyne nitens (Fabaceae)', 'Colletotrichum gloeosporioides (Phyllachoraceae)', 'Stemodia foliosa (Scrophulariaceae)', 'Citrus sinensis (Rutaceae)', 'Senna multijuga (Fabaceae)', 'Nigrospora sphaerica', 'Carapa guianensis', 'Casearia obliqua (Flacourtiaceae)', 'Pilocarpus grandiflorus', 'Hortia superba (Rutaceae)', 'Cedrela fissilis', 'Alibertia sessilis (Rubiaceae)', 'Almeidea rubra (Rutaceae)', 'Phomopsis sp. (Valsaceae)', 'Penicillium sp. (Trichocomaceae)', 'Phoma betae', 'Alchornea glandulosa (Euphorbiaceae)', 'Tocoyena formosa (Rubiaceae)', 'Anacardium occidentale (Anacardiaceae)', 'Periconia atropurpurea (Annonaceae)', 'Neoraputia magnifica (Rutaceae)', 'Nectandra grandiflora (Lauraceae)', 'Alibertia macrophylla (Rubiaceae)', 'Croton zehntneri (Euphorbiaceae)', 'Arrabidaea samydoides (Bignoniaceae)', 'Vochysia thyrsoidea', 'Cinnamomum australe (Lauraceae)', 'Cassia spectabilis (Fabaceae)', 'Swartzia langsdorfii (Fabaceae)', 'Cheiloclinium cognatum (Hippocrateaceae)', 'Styrax ferrugineus (Styracaceae)', 'Peperomia obtusifolia (Piperaceae)', 'Dalbergia riparia', 'Picramnia teapensis', 'Ottonia corcovadensis (Piperaceae)', 'Coussarea hydrangeifolia (Rubiaceae)', 'Rudgea viburnioides (Rubiaceae)', 'Penicillium corylophilum', 'Cnidoscolus vitifolius (Euphorbiaceae)', 'Tocoyena brasiliensis (Rubiaceae)', 'Trichilia elegans (Meliaceae)', 'Ouratea multiflora (Ochnaceae)', 'Casearia rupestris (Salicaeae)', 'Pothomorphe umbellata (Piperaceae)', 'Trichilia pallida', 'Citrus sp. (Rutaceae)', 'Esenbeckia leiocarpa', 'Cedrela fruticosa (Meliaceae), Neoraputia magnifica (Rutaceae), Neoraputia alba (Rutaceae)', 'Khaya ivorensis', 'Ricinus communis (Euphorbiaceae)', 'Rapanea umbellata,Myrsine cuneifolia (Myrsinaceae)', 'Humicola grisea', 'Lantana lilacina (Verbenaceae)', 'Mycoleptodiscus indicus', 'Michelia champaca (Magnoliaceae)', 'Spiranthera odoratissima St. odoratissima (Rutaceae)', 'Petiveria alliacea (Phytolaccaceae)']]",doi_collectionSpecie
"['10.1021/np100840w', 'Casearia rupestris (Salicaeae)']","['10.1021/np100840w', ['Vochysia thyrsoidea', 'Periconia atropurpurea (Annonaceae)', 'Iryanthera juruensis (Myristicaceae)', 'Pterogyne nitens (Fabaceae)', 'Cheiloclinium cognatum (Hippocrateaceae)', 'Peperomia obtusifolia (Piperaceae)', 'Penicillium sp. (Trichocomaceae)', 'Picramnia teapensis', 'Penicillium corylophilum', 'Coussarea hydrangeifolia (Rubiaceae)', 'Swinglea glutinosa', 'Stemodia foliosa (Scrophulariaceae)', 'Maytenus ilicifolia (Celastraceae)', 'Pilocarpus riedelianus', 'Conchocarpus heterophyllus (Rutaceae)', 'Siphoneugena densiflora (Myrtaceae)', 'Hortia oreadica', 'Cassia leptophylla (Fabaceae)', 'Xylaria sp. (Xylariaceae)', 'Calycophyllum spruceanum (Rubiaceae)', 'Metrodorea stipularis', 'Styrax camporum (Styracaceae)', 'Chimarrhis turbinata (Rubiaceae)', 'Streptomyces sp.', 'Pilocarpus spicatus (Rutaceae)', 'Chrysophyllum marginatum (Sapotaceae)', 'Curvularia sp. (Pleosporaceae)', 'Piper aduncum (Piperaceae)', 'Piper hispidum (Piperaceae)', 'Erythrina mulungu (Fabaceae)', 'Peperomia blanda (Piperaceae)', 'Dimorphandra mollis', 'Eucalyptus maculata', 'Phomopsis cassiae (Valsaceae)', 'Senna multijuga (Fabaceae)', 'Aspergillus fumigatus', 'Alibertia edulis (Rubiaceae)', 'Rapanea lancifolia (Myrsinaceae)', 'Trichilia claussenii (Meliaceae)', 'Angostura paniculata (Rutaceae)', 'Piper hostmannianum (Piperaceae)', 'Tithonia diversifolia', 'Aspergillus terreus', 'Raulinoa echinata (Rutaceae), Swietenia macrophylla (Meliaceae)', 'Zingiber officinale', 'Raulinoa echinata (Rutaceae)', 'Salacia campestris (Celastraceae)', 'Piper tuberculatum (Piperaceae)', 'Maytenus aquifolium (Celastraceae)', 'Chaetomium globosum', 'Piper arboreum (Piperaceae)', 'Himatanthus sucuuba (Apocynaceae)', 'Piper crassinervium (Piperaceae)', 'Galipea bracteata (Rutaceae)', 'Piper solmsianum', 'Vitex polygama (Verbenaceae)', 'Balfourodendron riedelianum (Rutaceae)', 'Neoraputia alba (Rutaceae)', 'Casearia sylvestris (Flacourtiaceae)', 'Murraya paniculata', 'Amorpha fruticosa', 'Tephrosia candida', 'Alchornea glandulosa (Euphorbiaceae)', 'Colletotrichum gloeosporioides (Phyllachoraceae)', 'Piper gaudichaudianum (Piperaceae)', 'Toona ciliata (Meliacee)', 'Cabralea canjerana', 'Cedrela odorata (Meliaceae)', 'Adiscanthus fusciflorus', 'Senna spectabilis (Fabaceae)', 'Fusarium oxysporum', 'Casearia obliqua (Flacourtiaceae)', 'Nigrospora sphaerica', 'Phoma betae', 'Pilocarpus grandiflorus', 'Carapa guianensis', 'Citrus sinensis (Rutaceae)', 'Neoraputia magnifica (Rutaceae)', 'Anacardium occidentale (Anacardiaceae)', 'Hortia superba (Rutaceae)', 'Phomopsis sp. (Valsaceae)', 'Alibertia sessilis (Rubiaceae)', 'Tocoyena formosa (Rubiaceae)', 'Almeidea rubra (Rutaceae)', 'Croton zehntneri (Euphorbiaceae)', 'Cedrela fissilis', 'Cassia spectabilis (Fabaceae)', 'Styrax ferrugineus (Styracaceae)', 'Dalbergia riparia', 'Alibertia macrophylla (Rubiaceae)', 'Ottonia corcovadensis (Piperaceae)', 'Swartzia langsdorfii (Fabaceae)', 'Rudgea viburnioides (Rubiaceae)', 'Cinnamomum australe (Lauraceae)', 'Nectandra grandiflora (Lauraceae)', 'Arrabidaea samydoides (Bignoniaceae)', 'Cnidoscolus vitifolius (Euphorbiaceae)', 'Tocoyena brasiliensis (Rubiaceae)', 'Trichilia elegans (Meliaceae)', 'Ouratea multiflora (Ochnaceae)', 'Casearia rupestris (Salicaeae)', 'Pothomorphe umbellata (Piperaceae)', 'Trichilia pallida', 'Citrus sp. (Rutaceae)', 'Esenbeckia leiocarpa', 'Cedrela fruticosa (Meliaceae), Neoraputia magnifica (Rutaceae), Neoraputia alba (Rutaceae)', 'Khaya ivorensis', 'Ricinus communis (Euphorbiaceae)', 'Rapanea umbellata,Myrsine cuneifolia (Myrsinaceae)', 'Humicola grisea', 'Lantana lilacina (Verbenaceae)', 'Mycoleptodiscus indicus', 'Michelia champaca (Magnoliaceae)', 'Spiranthera odoratissima St. odoratissima (Rutaceae)', 'Petiveria alliacea (Phytolaccaceae)']]",doi_collectionSpecie
"['10.1590/S0103-50532005000800008', 'Chimarrhis turbinata (Rubiaceae)']","['10.1590/S0103-50532005000800008', ['Raulinoa echinata (Rutaceae)', 'Adiscanthus fusciflorus', 'Eucalyptus maculata', 'Rapanea lancifolia (Myrsinaceae)', 'Neoraputia alba (Rutaceae)', 'Raulinoa echinata (Rutaceae), Swietenia macrophylla (Meliaceae)', 'Chimarrhis turbinata (Rubiaceae)', 'Vitex polygama (Verbenaceae)', 'Curvularia sp. (Pleosporaceae)', 'Styrax camporum (Styracaceae)', 'Murraya paniculata', 'Piper crassinervium (Piperaceae)', 'Casearia sylvestris (Flacourtiaceae)', 'Salacia campestris (Celastraceae)', 'Piper hostmannianum (Piperaceae)', 'Aspergillus terreus', 'Tithonia diversifolia', 'Peperomia blanda (Piperaceae)', 'Galipea bracteata (Rutaceae)', 'Piper aduncum (Piperaceae)', 'Phomopsis cassiae (Valsaceae)', 'Chrysophyllum marginatum (Sapotaceae)', 'Piper hispidum (Piperaceae)', 'Pilocarpus spicatus (Rutaceae)', 'Himatanthus sucuuba (Apocynaceae)', 'Cnidoscolus vitifolius (Euphorbiaceae)', 'Dimorphandra mollis', 'Piper solmsianum', 'Fusarium oxysporum', 'Cassia leptophylla (Fabaceae)', 'Cedrela odorata (Meliaceae)', 'Cabralea canjerana', 'Toona ciliata (Meliacee)', 'Metrodorea stipularis', 'Swinglea glutinosa', 'Alibertia edulis (Rubiaceae)', 'Balfourodendron riedelianum (Rutaceae)', 'Maytenus ilicifolia (Celastraceae)', 'Hortia oreadica', 'Senna spectabilis (Fabaceae)', 'Senna multijuga (Fabaceae)', 'Piper gaudichaudianum (Piperaceae)', 'Streptomyces sp.', 'Erythrina mulungu (Fabaceae)', 'Piper tuberculatum (Piperaceae)', 'Siphoneugena densiflora (Myrtaceae)', 'Angostura paniculata (Rutaceae)', 'Phomopsis sp. (Valsaceae)', 'Zingiber officinale', 'Colletotrichum gloeosporioides (Phyllachoraceae)', 'Casearia obliqua (Flacourtiaceae)', 'Amorpha fruticosa', 'Tephrosia candida', 'Alibertia macrophylla (Rubiaceae)', 'Hortia superba (Rutaceae)', 'Xylaria sp. (Xylariaceae)', 'Pilocarpus riedelianus', 'Stemodia foliosa (Scrophulariaceae)', 'Chaetomium globosum', 'Aspergillus fumigatus', 'Carapa guianensis', 'Trichilia claussenii (Meliaceae)', 'Arrabidaea samydoides (Bignoniaceae)', 'Citrus sinensis (Rutaceae)', 'Piper arboreum (Piperaceae)', 'Cedrela fissilis', 'Styrax ferrugineus (Styracaceae)', 'Conchocarpus heterophyllus (Rutaceae)', 'Tocoyena formosa (Rubiaceae)', 'Iryanthera juruensis (Myristicaceae)', 'Phoma betae', 'Almeidea rubra (Rutaceae)', 'Pilocarpus grandiflorus', 'Nigrospora sphaerica', 'Alchornea glandulosa (Euphorbiaceae)', 'Calycophyllum spruceanum (Rubiaceae)', 'Cassia spectabilis (Fabaceae)', 'Cinnamomum australe (Lauraceae)', 'Pterogyne nitens (Fabaceae)', 'Maytenus aquifolium (Celastraceae)', 'Alibertia sessilis (Rubiaceae)', 'Dalbergia riparia', 'Swartzia langsdorfii (Fabaceae)', 'Penicillium sp. (Trichocomaceae)', 'Anacardium occidentale (Anacardiaceae)', 'Nectandra grandiflora (Lauraceae)', 'Croton zehntneri (Euphorbiaceae)', 'Neoraputia magnifica (Rutaceae)', 'Periconia atropurpurea (Annonaceae)', 'Rudgea viburnioides (Rubiaceae)', 'Vochysia thyrsoidea', 'Peperomia obtusifolia (Piperaceae)', 'Cheiloclinium cognatum (Hippocrateaceae)', 'Ottonia corcovadensis (Piperaceae)', 'Picramnia teapensis', 'Coussarea hydrangeifolia (Rubiaceae)', 'Penicillium corylophilum', 'Tocoyena brasiliensis (Rubiaceae)', 'Trichilia elegans (Meliaceae)', 'Ouratea multiflora (Ochnaceae)', 'Casearia rupestris (Salicaeae)', 'Pothomorphe umbellata (Piperaceae)', 'Trichilia pallida', 'Citrus sp. (Rutaceae)', 'Esenbeckia leiocarpa', 'Cedrela fruticosa (Meliaceae), Neoraputia magnifica (Rutaceae), Neoraputia alba (Rutaceae)', 'Khaya ivorensis', 'Ricinus communis (Euphorbiaceae)', 'Rapanea umbellata,Myrsine cuneifolia (Myrsinaceae)', 'Humicola grisea', 'Lantana lilacina (Verbenaceae)', 'Mycoleptodiscus indicus', 'Michelia champaca (Magnoliaceae)', 'Spiranthera odoratissima St. odoratissima (Rutaceae)', 'Petiveria alliacea (Phytolaccaceae)']]",doi_collectionSpecie
"['10.1021/np070312g', 'Senna spectabilis (Fabaceae)']","['10.1021/np070312g', ['Styrax camporum (Styracaceae)', 'Dimorphandra mollis', 'Chimarrhis turbinata (Rubiaceae)', 'Piper hostmannianum (Piperaceae)', 'Peperomia blanda (Piperaceae)', 'Eucalyptus maculata', 'Himatanthus sucuuba (Apocynaceae)', 'Zingiber officinale', 'Hortia oreadica', 'Piper aduncum (Piperaceae)', 'Piper hispidum (Piperaceae)', 'Piper tuberculatum (Piperaceae)', 'Siphoneugena densiflora (Myrtaceae)', 'Tithonia diversifolia', 'Aspergillus terreus', 'Vitex polygama (Verbenaceae)', 'Rapanea lancifolia (Myrsinaceae)', 'Casearia sylvestris (Flacourtiaceae)', 'Murraya paniculata', 'Piper crassinervium (Piperaceae)', 'Pilocarpus spicatus (Rutaceae)', 'Cassia leptophylla (Fabaceae)', 'Phomopsis cassiae (Valsaceae)', 'Raulinoa echinata (Rutaceae)', 'Piper arboreum (Piperaceae)', 'Raulinoa echinata (Rutaceae), Swietenia macrophylla (Meliaceae)', 'Xylaria sp. (Xylariaceae)', 'Salacia campestris (Celastraceae)', 'Pilocarpus riedelianus', 'Piper solmsianum', 'Galipea bracteata (Rutaceae)', 'Alibertia edulis (Rubiaceae)', 'Maytenus ilicifolia (Celastraceae)', 'Swinglea glutinosa', 'Erythrina mulungu (Fabaceae)', 'Balfourodendron riedelianum (Rutaceae)', 'Metrodorea stipularis', 'Angostura paniculata (Rutaceae)', 'Curvularia sp. (Pleosporaceae)', 'Chrysophyllum marginatum (Sapotaceae)', 'Neoraputia alba (Rutaceae)', 'Chaetomium globosum', 'Trichilia claussenii (Meliaceae)', 'Aspergillus fumigatus', 'Piper gaudichaudianum (Piperaceae)', 'Streptomyces sp.', 'Adiscanthus fusciflorus', 'Conchocarpus heterophyllus (Rutaceae)', 'Iryanthera juruensis (Myristicaceae)', 'Calycophyllum spruceanum (Rubiaceae)', 'Pterogyne nitens (Fabaceae)', 'Maytenus aquifolium (Celastraceae)', 'Senna spectabilis (Fabaceae)', 'Cedrela odorata (Meliaceae)', 'Cabralea canjerana', 'Toona ciliata (Meliacee)', 'Amorpha fruticosa', 'Tephrosia candida', 'Fusarium oxysporum', 'Colletotrichum gloeosporioides (Phyllachoraceae)', 'Stemodia foliosa (Scrophulariaceae)', 'Senna multijuga (Fabaceae)', 'Nigrospora sphaerica', 'Citrus sinensis (Rutaceae)', 'Casearia obliqua (Flacourtiaceae)', 'Carapa guianensis', 'Pilocarpus grandiflorus', 'Hortia superba (Rutaceae)', 'Penicillium sp. (Trichocomaceae)', 'Phomopsis sp. (Valsaceae)', 'Alchornea glandulosa (Euphorbiaceae)', 'Cedrela fissilis', 'Phoma betae', 'Almeidea rubra (Rutaceae)', 'Alibertia sessilis (Rubiaceae)', 'Periconia atropurpurea (Annonaceae)', 'Tocoyena formosa (Rubiaceae)', 'Anacardium occidentale (Anacardiaceae)', 'Neoraputia magnifica (Rutaceae)', 'Alibertia macrophylla (Rubiaceae)', 'Nectandra grandiflora (Lauraceae)', 'Croton zehntneri (Euphorbiaceae)', 'Arrabidaea samydoides (Bignoniaceae)', 'Vochysia thyrsoidea', 'Cassia spectabilis (Fabaceae)', 'Cheiloclinium cognatum (Hippocrateaceae)', 'Styrax ferrugineus (Styracaceae)', 'Peperomia obtusifolia (Piperaceae)', 'Cinnamomum australe (Lauraceae)', 'Swartzia langsdorfii (Fabaceae)', 'Picramnia teapensis', 'Coussarea hydrangeifolia (Rubiaceae)', 'Dalbergia riparia', 'Penicillium corylophilum', 'Rudgea viburnioides (Rubiaceae)', 'Ottonia corcovadensis (Piperaceae)', 'Cnidoscolus vitifolius (Euphorbiaceae)', 'Tocoyena brasiliensis (Rubiaceae)', 'Trichilia elegans (Meliaceae)', 'Ouratea multiflora (Ochnaceae)', 'Casearia rupestris (Salicaeae)', 'Pothomorphe umbellata (Piperaceae)', 'Trichilia pallida', 'Citrus sp. (Rutaceae)', 'Esenbeckia leiocarpa', 'Cedrela fruticosa (Meliaceae), Neoraputia magnifica (Rutaceae), Neoraputia alba (Rutaceae)', 'Khaya ivorensis', 'Ricinus communis (Euphorbiaceae)', 'Rapanea umbellata,Myrsine cuneifolia (Myrsinaceae)', 'Humicola grisea', 'Lantana lilacina (Verbenaceae)', 'Mycoleptodiscus indicus', 'Michelia champaca (Magnoliaceae)', 'Spiranthera odoratissima St. odoratissima (Rutaceae)', 'Petiveria alliacea (Phytolaccaceae)']]",doi_collectionSpecie
"['10.1590/S0100-40422009000600037', 'Trichilia elegans (Meliaceae)']","['10.1590/S0100-40422009000600037', ['Eucalyptus maculata', 'Himatanthus sucuuba (Apocynaceae)', 'Aspergillus terreus', 'Tithonia diversifolia', 'Styrax camporum (Styracaceae)', 'Dimorphandra mollis', 'Piper tuberculatum (Piperaceae)', 'Casearia sylvestris (Flacourtiaceae)', 'Phomopsis cassiae (Valsaceae)', 'Piper hispidum (Piperaceae)', 'Raulinoa echinata (Rutaceae), Swietenia macrophylla (Meliaceae)', 'Siphoneugena densiflora (Myrtaceae)', 'Peperomia blanda (Piperaceae)', 'Pilocarpus spicatus (Rutaceae)', 'Murraya paniculata', 'Piper aduncum (Piperaceae)', 'Piper crassinervium (Piperaceae)', 'Galipea bracteata (Rutaceae)', 'Xylaria sp. (Xylariaceae)', 'Piper arboreum (Piperaceae)', 'Vitex polygama (Verbenaceae)', 'Piper hostmannianum (Piperaceae)', 'Salacia campestris (Celastraceae)', 'Chimarrhis turbinata (Rubiaceae)', 'Rapanea lancifolia (Myrsinaceae)', 'Cassia leptophylla (Fabaceae)', 'Hortia oreadica', 'Raulinoa echinata (Rutaceae)', 'Alibertia edulis (Rubiaceae)', 'Maytenus ilicifolia (Celastraceae)', 'Zingiber officinale', 'Pilocarpus riedelianus', 'Angostura paniculata (Rutaceae)', 'Chaetomium globosum', 'Trichilia claussenii (Meliaceae)', 'Swinglea glutinosa', 'Aspergillus fumigatus', 'Neoraputia alba (Rutaceae)', 'Piper gaudichaudianum (Piperaceae)', 'Erythrina mulungu (Fabaceae)', 'Balfourodendron riedelianum (Rutaceae)', 'Streptomyces sp.', 'Chrysophyllum marginatum (Sapotaceae)', 'Amorpha fruticosa', 'Tephrosia candida', 'Curvularia sp. (Pleosporaceae)', 'Piper solmsianum', 'Senna spectabilis (Fabaceae)', 'Fusarium oxysporum', 'Metrodorea stipularis', 'Adiscanthus fusciflorus', 'Cedrela odorata (Meliaceae)', 'Toona ciliata (Meliacee)', 'Cabralea canjerana', 'Colletotrichum gloeosporioides (Phyllachoraceae)', 'Calycophyllum spruceanum (Rubiaceae)', 'Carapa guianensis', 'Nigrospora sphaerica', 'Conchocarpus heterophyllus (Rutaceae)', 'Citrus sinensis (Rutaceae)', 'Iryanthera juruensis (Myristicaceae)', 'Maytenus aquifolium (Celastraceae)', 'Cedrela fissilis', 'Pilocarpus grandiflorus', 'Stemodia foliosa (Scrophulariaceae)', 'Hortia superba (Rutaceae)', 'Casearia obliqua (Flacourtiaceae)', 'Phoma betae', 'Almeidea rubra (Rutaceae)', 'Alchornea glandulosa (Euphorbiaceae)', 'Phomopsis sp. (Valsaceae)', 'Pterogyne nitens (Fabaceae)', 'Alibertia sessilis (Rubiaceae)', 'Senna multijuga (Fabaceae)', 'Penicillium sp. (Trichocomaceae)', 'Tocoyena formosa (Rubiaceae)', 'Anacardium occidentale (Anacardiaceae)', 'Neoraputia magnifica (Rutaceae)', 'Croton zehntneri (Euphorbiaceae)', 'Alibertia macrophylla (Rubiaceae)', 'Periconia atropurpurea (Annonaceae)', 'Nectandra grandiflora (Lauraceae)', 'Arrabidaea samydoides (Bignoniaceae)', 'Cassia spectabilis (Fabaceae)', 'Cinnamomum australe (Lauraceae)', 'Vochysia thyrsoidea', 'Styrax ferrugineus (Styracaceae)', 'Cheiloclinium cognatum (Hippocrateaceae)', 'Dalbergia riparia', 'Peperomia obtusifolia (Piperaceae)', 'Swartzia langsdorfii (Fabaceae)', 'Rudgea viburnioides (Rubiaceae)', 'Picramnia teapensis', 'Coussarea hydrangeifolia (Rubiaceae)', 'Ottonia corcovadensis (Piperaceae)', 'Penicillium corylophilum', 'Cnidoscolus vitifolius (Euphorbiaceae)', 'Tocoyena brasiliensis (Rubiaceae)', 'Trichilia elegans (Meliaceae)', 'Ouratea multiflora (Ochnaceae)', 'Casearia rupestris (Salicaeae)', 'Pothomorphe umbellata (Piperaceae)', 'Trichilia pallida', 'Citrus sp. (Rutaceae)', 'Esenbeckia leiocarpa', 'Cedrela fruticosa (Meliaceae), Neoraputia magnifica (Rutaceae), Neoraputia alba (Rutaceae)', 'Khaya ivorensis', 'Ricinus communis (Euphorbiaceae)', 'Rapanea umbellata,Myrsine cuneifolia (Myrsinaceae)', 'Humicola grisea', 'Lantana lilacina (Verbenaceae)', 'Mycoleptodiscus indicus', 'Michelia champaca (Magnoliaceae)', 'Spiranthera odoratissima St. odoratissima (Rutaceae)', 'Petiveria alliacea (Phytolaccaceae)']]",doi_collectionSpecie
"['10.1590/S0100-46702007000300002', 'Michelia champaca (Magnoliaceae)']","['10.1590/S0100-46702007000300002', ['Alibertia sessilis (Rubiaceae)', 'Cinnamomum australe (Lauraceae)', 'Maytenus aquifolium (Celastraceae)', 'Chaetomium globosum', 'Cedrela fissilis', 'Pilocarpus grandiflorus', 'Tocoyena brasiliensis (Rubiaceae)', 'Nectandra grandiflora (Lauraceae)', 'Trichilia claussenii (Meliaceae)', 'Adiscanthus fusciflorus', 'Citrus sinensis (Rutaceae)', 'Alibertia macrophylla (Rubiaceae)', 'Casearia sylvestris (Flacourtiaceae)', 'Eucalyptus maculata', 'Fusarium oxysporum', 'Almeidea rubra (Rutaceae)', 'Carapa guianensis', 'Hortia superba (Rutaceae)', 'Senna spectabilis (Fabaceae)', 'Dimorphandra mollis', 'Xylaria sp. (Xylariaceae)', 'Himatanthus sucuuba (Apocynaceae)', 'Nigrospora sphaerica', 'Phomopsis sp. (Valsaceae)', 'Raulinoa echinata (Rutaceae), Swietenia macrophylla (Meliaceae)', 'Alibertia edulis (Rubiaceae)', 'Piper hispidum (Piperaceae)', 'Toona ciliata (Meliacee)', 'Cedrela odorata (Meliaceae)', 'Cabralea canjerana', 'Arrabidaea samydoides (Bignoniaceae)', 'Cassia spectabilis (Fabaceae)', 'Casearia obliqua (Flacourtiaceae)', 'Balfourodendron riedelianum (Rutaceae)', 'Vitex polygama (Verbenaceae)', 'Rapanea lancifolia (Myrsinaceae)', 'Murraya paniculata', 'Salacia campestris (Celastraceae)', 'Piper tuberculatum (Piperaceae)', 'Neoraputia alba (Rutaceae)', 'Swartzia langsdorfii (Fabaceae)', 'Calycophyllum spruceanum (Rubiaceae)', 'Chimarrhis turbinata (Rubiaceae)', 'Styrax camporum (Styracaceae)', 'Colletotrichum gloeosporioides (Phyllachoraceae)', 'Phoma betae', 'Piper crassinervium (Piperaceae)', 'Ottonia corcovadensis (Piperaceae)', 'Senna multijuga (Fabaceae)', 'Piper arboreum (Piperaceae)', 'Phomopsis cassiae (Valsaceae)', 'Piper aduncum (Piperaceae)', 'Raulinoa echinata (Rutaceae)', 'Amorpha fruticosa', 'Tephrosia candida', 'Angostura paniculata (Rutaceae)', 'Galipea bracteata (Rutaceae)', 'Hortia oreadica', 'Swinglea glutinosa', 'Zingiber officinale', 'Tocoyena formosa (Rubiaceae)', 'Piper gaudichaudianum (Piperaceae)', 'Piper hostmannianum (Piperaceae)', 'Tithonia diversifolia', 'Aspergillus terreus', 'Styrax ferrugineus (Styracaceae)', 'Curvularia sp. (Pleosporaceae)', 'Aspergillus fumigatus', 'Piper solmsianum', 'Pilocarpus riedelianus', 'Erythrina mulungu (Fabaceae)', 'Siphoneugena densiflora (Myrtaceae)', 'Peperomia blanda (Piperaceae)', 'Croton zehntneri (Euphorbiaceae)', 'Rudgea viburnioides (Rubiaceae)', 'Pilocarpus spicatus (Rutaceae)', 'Chrysophyllum marginatum (Sapotaceae)', 'Alchornea glandulosa (Euphorbiaceae)', 'Maytenus ilicifolia (Celastraceae)', 'Cassia leptophylla (Fabaceae)', 'Conchocarpus heterophyllus (Rutaceae)', 'Streptomyces sp.', 'Dalbergia riparia', 'Metrodorea stipularis', 'Anacardium occidentale (Anacardiaceae)', 'Stemodia foliosa (Scrophulariaceae)', 'Pterogyne nitens (Fabaceae)', 'Neoraputia magnifica (Rutaceae)', 'Iryanthera juruensis (Myristicaceae)', 'Penicillium sp. (Trichocomaceae)', 'Periconia atropurpurea (Annonaceae)', 'Vochysia thyrsoidea', 'Cnidoscolus vitifolius (Euphorbiaceae)', 'Cheiloclinium cognatum (Hippocrateaceae)', 'Peperomia obtusifolia (Piperaceae)', 'Picramnia teapensis', 'Coussarea hydrangeifolia (Rubiaceae)', 'Penicillium corylophilum', 'Trichilia elegans (Meliaceae)', 'Ouratea multiflora (Ochnaceae)', 'Casearia rupestris (Salicaeae)', 'Pothomorphe umbellata (Piperaceae)', 'Trichilia pallida', 'Citrus sp. (Rutaceae)', 'Esenbeckia leiocarpa', 'Cedrela fruticosa (Meliaceae), Neoraputia magnifica (Rutaceae), Neoraputia alba (Rutaceae)', 'Khaya ivorensis', 'Ricinus communis (Euphorbiaceae)', 'Rapanea umbellata,Myrsine cuneifolia (Myrsinaceae)', 'Humicola grisea', 'Lantana lilacina (Verbenaceae)', 'Mycoleptodiscus indicus', 'Michelia champaca (Magnoliaceae)', 'Spiranthera odoratissima St. odoratissima (Rutaceae)', 'Petiveria alliacea (Phytolaccaceae)']]",doi_collectionSpecie
"['10.1590/S0073-47212009000100009', 'Ricinus communis (Euphorbiaceae)']","['10.1590/S0073-47212009000100009', ['Carapa guianensis', 'Piper crassinervium (Piperaceae)', 'Amorpha fruticosa', 'Tephrosia candida', 'Colletotrichum gloeosporioides (Phyllachoraceae)', 'Eucalyptus maculata', 'Senna spectabilis (Fabaceae)', 'Raulinoa echinata (Rutaceae), Swietenia macrophylla (Meliaceae)', 'Phomopsis cassiae (Valsaceae)', 'Pilocarpus grandiflorus', 'Phoma betae', 'Nigrospora sphaerica', 'Cedrela fissilis', 'Fusarium oxysporum', 'Hortia superba (Rutaceae)', 'Piper aduncum (Piperaceae)', 'Casearia sylvestris (Flacourtiaceae)', 'Alchornea glandulosa (Euphorbiaceae)', 'Piper gaudichaudianum (Piperaceae)', 'Phomopsis sp. (Valsaceae)', 'Citrus sinensis (Rutaceae)', 'Alibertia edulis (Rubiaceae)', 'Aspergillus terreus', 'Tithonia diversifolia', 'Murraya paniculata', 'Peperomia blanda (Piperaceae)', 'Himatanthus sucuuba (Apocynaceae)', 'Xylaria sp. (Xylariaceae)', 'Rapanea lancifolia (Myrsinaceae)', 'Styrax camporum (Styracaceae)', 'Swinglea glutinosa', 'Neoraputia magnifica (Rutaceae)', 'Maytenus ilicifolia (Celastraceae)', 'Almeidea rubra (Rutaceae)', 'Salacia campestris (Celastraceae)', 'Tocoyena formosa (Rubiaceae)', 'Dimorphandra mollis', 'Raulinoa echinata (Rutaceae)', 'Piper hispidum (Piperaceae)', 'Galipea bracteata (Rutaceae)', 'Vitex polygama (Verbenaceae)', 'Chimarrhis turbinata (Rubiaceae)', 'Alibertia sessilis (Rubiaceae)', 'Calycophyllum spruceanum (Rubiaceae)', 'Neoraputia alba (Rutaceae)', 'Hortia oreadica', 'Pilocarpus spicatus (Rutaceae)', 'Stemodia foliosa (Scrophulariaceae)', 'Adiscanthus fusciflorus', 'Piper tuberculatum (Piperaceae)', 'Casearia obliqua (Flacourtiaceae)', 'Piper hostmannianum (Piperaceae)', 'Anacardium occidentale (Anacardiaceae)', 'Siphoneugena densiflora (Myrtaceae)', 'Aspergillus fumigatus', 'Toona ciliata (Meliacee)', 'Cedrela odorata (Meliaceae)', 'Cabralea canjerana', 'Angostura paniculata (Rutaceae)', 'Chaetomium globosum', 'Croton zehntneri (Euphorbiaceae)', 'Trichilia claussenii (Meliaceae)', 'Balfourodendron riedelianum (Rutaceae)', 'Pilocarpus riedelianus', 'Zingiber officinale', 'Cassia leptophylla (Fabaceae)', 'Piper arboreum (Piperaceae)', 'Maytenus aquifolium (Celastraceae)', 'Curvularia sp. (Pleosporaceae)', 'Erythrina mulungu (Fabaceae)', 'Streptomyces sp.', 'Chrysophyllum marginatum (Sapotaceae)', 'Metrodorea stipularis', 'Conchocarpus heterophyllus (Rutaceae)', 'Iryanthera juruensis (Myristicaceae)', 'Piper solmsianum', 'Arrabidaea samydoides (Bignoniaceae)', 'Senna multijuga (Fabaceae)', 'Penicillium sp. (Trichocomaceae)', 'Cassia spectabilis (Fabaceae)', 'Alibertia macrophylla (Rubiaceae)', 'Cinnamomum australe (Lauraceae)', 'Pterogyne nitens (Fabaceae)', 'Dalbergia riparia', 'Nectandra grandiflora (Lauraceae)', 'Periconia atropurpurea (Annonaceae)', 'Rudgea viburnioides (Rubiaceae)', 'Swartzia langsdorfii (Fabaceae)', 'Vochysia thyrsoidea', 'Styrax ferrugineus (Styracaceae)', 'Cheiloclinium cognatum (Hippocrateaceae)', 'Peperomia obtusifolia (Piperaceae)', 'Picramnia teapensis', 'Ottonia corcovadensis (Piperaceae)', 'Coussarea hydrangeifolia (Rubiaceae)', 'Penicillium corylophilum', 'Cnidoscolus vitifolius (Euphorbiaceae)', 'Tocoyena brasiliensis (Rubiaceae)', 'Trichilia elegans (Meliaceae)', 'Ouratea multiflora (Ochnaceae)', 'Casearia rupestris (Salicaeae)', 'Pothomorphe umbellata (Piperaceae)', 'Trichilia pallida', 'Citrus sp. (Rutaceae)', 'Esenbeckia leiocarpa', 'Cedrela fruticosa (Meliaceae), Neoraputia magnifica (Rutaceae), Neoraputia alba (Rutaceae)', 'Khaya ivorensis', 'Ricinus communis (Euphorbiaceae)', 'Rapanea umbellata,Myrsine cuneifolia (Myrsinaceae)', 'Humicola grisea', 'Lantana lilacina (Verbenaceae)', 'Mycoleptodiscus indicus', 'Michelia champaca (Magnoliaceae)', 'Spiranthera odoratissima St. odoratissima (Rutaceae)', 'Petiveria alliacea (Phytolaccaceae)']]",doi_collectionSpecie
"['10.1016/S0031-9422(01)00079-6', 'Petiveria alliacea (Phytolaccaceae)']","['10.1016/S0031-9422(01)00079-6', ['Dimorphandra mollis', 'Chimarrhis turbinata (Rubiaceae)', 'Styrax camporum (Styracaceae)', 'Piper hostmannianum (Piperaceae)', 'Piper hispidum (Piperaceae)', 'Piper aduncum (Piperaceae)', 'Eucalyptus maculata', 'Hortia oreadica', 'Himatanthus sucuuba (Apocynaceae)', 'Peperomia blanda (Piperaceae)', 'Piper tuberculatum (Piperaceae)', 'Zingiber officinale', 'Alibertia edulis (Rubiaceae)', 'Cassia leptophylla (Fabaceae)', 'Rapanea lancifolia (Myrsinaceae)', 'Casearia sylvestris (Flacourtiaceae)', 'Tithonia diversifolia', 'Aspergillus terreus', 'Angostura paniculata (Rutaceae)', 'Murraya paniculata', 'Phomopsis cassiae (Valsaceae)', 'Vitex polygama (Verbenaceae)', 'Raulinoa echinata (Rutaceae), Swietenia macrophylla (Meliaceae)', 'Xylaria sp. (Xylariaceae)', 'Galipea bracteata (Rutaceae)', 'Piper arboreum (Piperaceae)', 'Salacia campestris (Celastraceae)', 'Siphoneugena densiflora (Myrtaceae)', 'Balfourodendron riedelianum (Rutaceae)', 'Piper crassinervium (Piperaceae)', 'Pilocarpus spicatus (Rutaceae)', 'Metrodorea stipularis', 'Pilocarpus riedelianus', 'Neoraputia alba (Rutaceae)', 'Erythrina mulungu (Fabaceae)', 'Swinglea glutinosa', 'Piper solmsianum', 'Curvularia sp. (Pleosporaceae)', 'Raulinoa echinata (Rutaceae)', 'Trichilia claussenii (Meliaceae)', 'Chaetomium globosum', 'Maytenus ilicifolia (Celastraceae)', 'Aspergillus fumigatus', 'Chrysophyllum marginatum (Sapotaceae)', 'Adiscanthus fusciflorus', 'Piper gaudichaudianum (Piperaceae)', 'Streptomyces sp.', 'Conchocarpus heterophyllus (Rutaceae)', 'Calycophyllum spruceanum (Rubiaceae)', 'Maytenus aquifolium (Celastraceae)', 'Fusarium oxysporum', 'Senna spectabilis (Fabaceae)', 'Iryanthera juruensis (Myristicaceae)', 'Pterogyne nitens (Fabaceae)', 'Amorpha fruticosa', 'Tephrosia candida', 'Cedrela odorata (Meliaceae)', 'Cabralea canjerana', 'Toona ciliata (Meliacee)', 'Colletotrichum gloeosporioides (Phyllachoraceae)', 'Stemodia foliosa (Scrophulariaceae)', 'Citrus sinensis (Rutaceae)', 'Casearia obliqua (Flacourtiaceae)', 'Nigrospora sphaerica', 'Senna multijuga (Fabaceae)', 'Carapa guianensis', 'Pilocarpus grandiflorus', 'Hortia superba (Rutaceae)', 'Alibertia sessilis (Rubiaceae)', 'Phomopsis sp. (Valsaceae)', 'Cedrela fissilis', 'Penicillium sp. (Trichocomaceae)', 'Almeidea rubra (Rutaceae)', 'Alchornea glandulosa (Euphorbiaceae)', 'Phoma betae', 'Tocoyena formosa (Rubiaceae)', 'Periconia atropurpurea (Annonaceae)', 'Anacardium occidentale (Anacardiaceae)', 'Neoraputia magnifica (Rutaceae)', 'Nectandra grandiflora (Lauraceae)', 'Alibertia macrophylla (Rubiaceae)', 'Croton zehntneri (Euphorbiaceae)', 'Cassia spectabilis (Fabaceae)', 'Arrabidaea samydoides (Bignoniaceae)', 'Vochysia thyrsoidea', 'Styrax ferrugineus (Styracaceae)', 'Cheiloclinium cognatum (Hippocrateaceae)', 'Cinnamomum australe (Lauraceae)', 'Swartzia langsdorfii (Fabaceae)', 'Peperomia obtusifolia (Piperaceae)', 'Dalbergia riparia', 'Picramnia teapensis', 'Coussarea hydrangeifolia (Rubiaceae)', 'Penicillium corylophilum', 'Rudgea viburnioides (Rubiaceae)', 'Ottonia corcovadensis (Piperaceae)', 'Cnidoscolus vitifolius (Euphorbiaceae)', 'Tocoyena brasiliensis (Rubiaceae)', 'Trichilia elegans (Meliaceae)', 'Ouratea multiflora (Ochnaceae)', 'Casearia rupestris (Salicaeae)', 'Pothomorphe umbellata (Piperaceae)', 'Trichilia pallida', 'Citrus sp. (Rutaceae)', 'Esenbeckia leiocarpa', 'Cedrela fruticosa (Meliaceae), Neoraputia magnifica (Rutaceae), Neoraputia alba (Rutaceae)', 'Khaya ivorensis', 'Ricinus communis (Euphorbiaceae)', 'Rapanea umbellata,Myrsine cuneifolia (Myrsinaceae)', 'Humicola grisea', 'Lantana lilacina (Verbenaceae)', 'Mycoleptodiscus indicus', 'Michelia champaca (Magnoliaceae)', 'Spiranthera odoratissima St. odoratissima (Rutaceae)', 'Petiveria alliacea (Phytolaccaceae)']]",doi_collectionSpecie
"['10.1016/j.phytochem.2009.08.013', 'Khaya ivorensis']","['10.1016/j.phytochem.2009.08.013', ['Chaetomium globosum', 'Xylaria sp. (Xylariaceae)', 'Trichilia claussenii (Meliaceae)', 'Dimorphandra mollis', 'Maytenus aquifolium (Celastraceae)', 'Styrax camporum (Styracaceae)', 'Rapanea lancifolia (Myrsinaceae)', 'Senna multijuga (Fabaceae)', 'Eucalyptus maculata', 'Alibertia edulis (Rubiaceae)', 'Chimarrhis turbinata (Rubiaceae)', 'Murraya paniculata', 'Piper hispidum (Piperaceae)', 'Vitex polygama (Verbenaceae)', 'Himatanthus sucuuba (Apocynaceae)', 'Aspergillus terreus', 'Tithonia diversifolia', 'Curvularia sp. (Pleosporaceae)', 'Casearia sylvestris (Flacourtiaceae)', 'Calycophyllum spruceanum (Rubiaceae)', 'Piper tuberculatum (Piperaceae)', 'Hortia oreadica', 'Maytenus ilicifolia (Celastraceae)', 'Chrysophyllum marginatum (Sapotaceae)', 'Swinglea glutinosa', 'Raulinoa echinata (Rutaceae), Swietenia macrophylla (Meliaceae)', 'Neoraputia alba (Rutaceae)', 'Erythrina mulungu (Fabaceae)', 'Peperomia blanda (Piperaceae)', 'Siphoneugena densiflora (Myrtaceae)', 'Cassia leptophylla (Fabaceae)', 'Adiscanthus fusciflorus', 'Phomopsis cassiae (Valsaceae)', 'Angostura paniculata (Rutaceae)', 'Galipea bracteata (Rutaceae)', 'Piper hostmannianum (Piperaceae)', 'Pilocarpus riedelianus', 'Balfourodendron riedelianum (Rutaceae)', 'Salacia campestris (Celastraceae)', 'Piper arboreum (Piperaceae)', 'Aspergillus fumigatus', 'Piper solmsianum', 'Piper aduncum (Piperaceae)', 'Raulinoa echinata (Rutaceae)', 'Pilocarpus spicatus (Rutaceae)', 'Zingiber officinale', 'Piper crassinervium (Piperaceae)', 'Pterogyne nitens (Fabaceae)', 'Streptomyces sp.', 'Metrodorea stipularis', 'Conchocarpus heterophyllus (Rutaceae)', 'Fusarium oxysporum', 'Toona ciliata (Meliacee)', 'Cedrela odorata (Meliaceae)', 'Cabralea canjerana', 'Iryanthera juruensis (Myristicaceae)', 'Casearia obliqua (Flacourtiaceae)', 'Stemodia foliosa (Scrophulariaceae)', 'Senna spectabilis (Fabaceae)', 'Piper gaudichaudianum (Piperaceae)', 'Colletotrichum gloeosporioides (Phyllachoraceae)', 'Amorpha fruticosa', 'Tephrosia candida', 'Penicillium sp. (Trichocomaceae)', 'Carapa guianensis', 'Nigrospora sphaerica', 'Hortia superba (Rutaceae)', 'Citrus sinensis (Rutaceae)', 'Pilocarpus grandiflorus', 'Alibertia sessilis (Rubiaceae)', 'Cedrela fissilis', 'Phomopsis sp. (Valsaceae)', 'Almeidea rubra (Rutaceae)', 'Phoma betae', 'Alibertia macrophylla (Rubiaceae)', 'Cinnamomum australe (Lauraceae)', 'Periconia atropurpurea (Annonaceae)', 'Alchornea glandulosa (Euphorbiaceae)', 'Swartzia langsdorfii (Fabaceae)', 'Tocoyena formosa (Rubiaceae)', 'Nectandra grandiflora (Lauraceae)', 'Croton zehntneri (Euphorbiaceae)', 'Anacardium occidentale (Anacardiaceae)', 'Vochysia thyrsoidea', 'Cassia spectabilis (Fabaceae)', 'Arrabidaea samydoides (Bignoniaceae)', 'Neoraputia magnifica (Rutaceae)', 'Styrax ferrugineus (Styracaceae)', 'Cheiloclinium cognatum (Hippocrateaceae)', 'Peperomia obtusifolia (Piperaceae)', 'Dalbergia riparia', 'Picramnia teapensis', 'Coussarea hydrangeifolia (Rubiaceae)', 'Ottonia corcovadensis (Piperaceae)', 'Penicillium corylophilum', 'Rudgea viburnioides (Rubiaceae)', 'Tocoyena brasiliensis (Rubiaceae)', 'Cnidoscolus vitifolius (Euphorbiaceae)', 'Trichilia elegans (Meliaceae)', 'Ouratea multiflora (Ochnaceae)', 'Casearia rupestris (Salicaeae)', 'Pothomorphe umbellata (Piperaceae)', 'Trichilia pallida', 'Citrus sp. (Rutaceae)', 'Esenbeckia leiocarpa', 'Cedrela fruticosa (Meliaceae), Neoraputia magnifica (Rutaceae), Neoraputia alba (Rutaceae)', 'Khaya ivorensis', 'Ricinus communis (Euphorbiaceae)', 'Rapanea umbellata,Myrsine cuneifolia (Myrsinaceae)', 'Humicola grisea', 'Lantana lilacina (Verbenaceae)', 'Mycoleptodiscus indicus', 'Michelia champaca (Magnoliaceae)', 'Spiranthera odoratissima St. odoratissima (Rutaceae)', 'Petiveria alliacea (Phytolaccaceae)']]",doi_collectionSpecie
"['10.1590/S0100-40422012000700020', 'Rapanea umbellata,Myrsine cuneifolia (Myrsinaceae)']","['10.1590/S0100-40422012000700020', ['Chaetomium globosum', 'Dimorphandra mollis', 'Trichilia claussenii (Meliaceae)', 'Xylaria sp. (Xylariaceae)', 'Maytenus aquifolium (Celastraceae)', 'Styrax camporum (Styracaceae)', 'Himatanthus sucuuba (Apocynaceae)', 'Chimarrhis turbinata (Rubiaceae)', 'Hortia oreadica', 'Piper hostmannianum (Piperaceae)', 'Eucalyptus maculata', 'Murraya paniculata', 'Peperomia blanda (Piperaceae)', 'Piper hispidum (Piperaceae)', 'Rapanea lancifolia (Myrsinaceae)', 'Piper tuberculatum (Piperaceae)', 'Vitex polygama (Verbenaceae)', 'Zingiber officinale', 'Casearia sylvestris (Flacourtiaceae)', 'Siphoneugena densiflora (Myrtaceae)', 'Piper solmsianum', 'Piper aduncum (Piperaceae)', 'Alibertia edulis (Rubiaceae)', 'Erythrina mulungu (Fabaceae)', 'Aspergillus terreus', 'Tithonia diversifolia', 'Balfourodendron riedelianum (Rutaceae)', 'Raulinoa echinata (Rutaceae), Swietenia macrophylla (Meliaceae)', 'Senna multijuga (Fabaceae)', 'Piper arboreum (Piperaceae)', 'Cassia leptophylla (Fabaceae)', 'Calycophyllum spruceanum (Rubiaceae)', 'Curvularia sp. (Pleosporaceae)', 'Swinglea glutinosa', 'Salacia campestris (Celastraceae)', 'Pilocarpus riedelianus', 'Phomopsis cassiae (Valsaceae)', 'Neoraputia alba (Rutaceae)', 'Piper crassinervium (Piperaceae)', 'Pterogyne nitens (Fabaceae)', 'Pilocarpus spicatus (Rutaceae)', 'Angostura paniculata (Rutaceae)', 'Chrysophyllum marginatum (Sapotaceae)', 'Adiscanthus fusciflorus', 'Galipea bracteata (Rutaceae)', 'Raulinoa echinata (Rutaceae)', 'Maytenus ilicifolia (Celastraceae)', 'Aspergillus fumigatus', 'Conchocarpus heterophyllus (Rutaceae)', 'Metrodorea stipularis', 'Streptomyces sp.', 'Piper gaudichaudianum (Piperaceae)', 'Fusarium oxysporum', 'Cedrela odorata (Meliaceae)', 'Cabralea canjerana', 'Toona ciliata (Meliacee)', 'Iryanthera juruensis (Myristicaceae)', 'Senna spectabilis (Fabaceae)', 'Stemodia foliosa (Scrophulariaceae)', 'Amorpha fruticosa', 'Tephrosia candida', 'Casearia obliqua (Flacourtiaceae)', 'Colletotrichum gloeosporioides (Phyllachoraceae)', 'Nigrospora sphaerica', 'Carapa guianensis', 'Pilocarpus grandiflorus', 'Citrus sinensis (Rutaceae)', 'Cedrela fissilis', 'Hortia superba (Rutaceae)', 'Phomopsis sp. (Valsaceae)', 'Alibertia sessilis (Rubiaceae)', 'Penicillium sp. (Trichocomaceae)', 'Almeidea rubra (Rutaceae)', 'Phoma betae', 'Alchornea glandulosa (Euphorbiaceae)', 'Periconia atropurpurea (Annonaceae)', 'Tocoyena formosa (Rubiaceae)', 'Alibertia macrophylla (Rubiaceae)', 'Nectandra grandiflora (Lauraceae)', 'Cinnamomum australe (Lauraceae)', 'Croton zehntneri (Euphorbiaceae)', 'Anacardium occidentale (Anacardiaceae)', 'Neoraputia magnifica (Rutaceae)', 'Cassia spectabilis (Fabaceae)', 'Vochysia thyrsoidea', 'Swartzia langsdorfii (Fabaceae)', 'Arrabidaea samydoides (Bignoniaceae)', 'Styrax ferrugineus (Styracaceae)', 'Cheiloclinium cognatum (Hippocrateaceae)', 'Peperomia obtusifolia (Piperaceae)', 'Coussarea hydrangeifolia (Rubiaceae)', 'Picramnia teapensis', 'Dalbergia riparia', 'Rudgea viburnioides (Rubiaceae)', 'Ottonia corcovadensis (Piperaceae)', 'Penicillium corylophilum', 'Tocoyena brasiliensis (Rubiaceae)', 'Cnidoscolus vitifolius (Euphorbiaceae)', 'Trichilia elegans (Meliaceae)', 'Ouratea multiflora (Ochnaceae)', 'Casearia rupestris (Salicaeae)', 'Pothomorphe umbellata (Piperaceae)', 'Trichilia pallida', 'Citrus sp. (Rutaceae)', 'Esenbeckia leiocarpa', 'Cedrela fruticosa (Meliaceae), Neoraputia magnifica (Rutaceae), Neoraputia alba (Rutaceae)', 'Khaya ivorensis', 'Ricinus communis (Euphorbiaceae)', 'Rapanea umbellata,Myrsine cuneifolia (Myrsinaceae)', 'Humicola grisea', 'Lantana lilacina (Verbenaceae)', 'Mycoleptodiscus indicus', 'Michelia champaca (Magnoliaceae)', 'Spiranthera odoratissima St. odoratissima (Rutaceae)', 'Petiveria alliacea (Phytolaccaceae)']]",doi_collectionSpecie
"['10.1590/S0102-695X2009000100002', 'Cedrela fruticosa (Meliaceae), Neoraputia magnifica (Rutaceae), Neoraputia alba (Rutaceae)']","['10.1590/S0102-695X2009000100002', ['Piper crassinervium (Piperaceae)', 'Colletotrichum gloeosporioides (Phyllachoraceae)', 'Amorpha fruticosa', 'Tephrosia candida', 'Carapa guianensis', 'Eucalyptus maculata', 'Senna spectabilis (Fabaceae)', 'Phomopsis cassiae (Valsaceae)', 'Raulinoa echinata (Rutaceae), Swietenia macrophylla (Meliaceae)', 'Nigrospora sphaerica', 'Fusarium oxysporum', 'Piper aduncum (Piperaceae)', 'Piper gaudichaudianum (Piperaceae)', 'Pilocarpus grandiflorus', 'Phoma betae', 'Hortia superba (Rutaceae)', 'Casearia sylvestris (Flacourtiaceae)', 'Cedrela fissilis', 'Citrus sinensis (Rutaceae)', 'Alchornea glandulosa (Euphorbiaceae)', 'Phomopsis sp. (Valsaceae)', 'Aspergillus terreus', 'Tithonia diversifolia', 'Alibertia edulis (Rubiaceae)', 'Peperomia blanda (Piperaceae)', 'Murraya paniculata', 'Rapanea lancifolia (Myrsinaceae)', 'Tocoyena formosa (Rubiaceae)', 'Maytenus ilicifolia (Celastraceae)', 'Styrax camporum (Styracaceae)', 'Himatanthus sucuuba (Apocynaceae)', 'Swinglea glutinosa', 'Xylaria sp. (Xylariaceae)', 'Neoraputia magnifica (Rutaceae)', 'Dimorphandra mollis', 'Neoraputia alba (Rutaceae)', 'Galipea bracteata (Rutaceae)', 'Almeidea rubra (Rutaceae)', 'Chimarrhis turbinata (Rubiaceae)', 'Piper hispidum (Piperaceae)', 'Salacia campestris (Celastraceae)', 'Vitex polygama (Verbenaceae)', 'Raulinoa echinata (Rutaceae)', 'Piper hostmannianum (Piperaceae)', 'Stemodia foliosa (Scrophulariaceae)', 'Pilocarpus spicatus (Rutaceae)', 'Angostura paniculata (Rutaceae)', 'Hortia oreadica', 'Adiscanthus fusciflorus', 'Aspergillus fumigatus', 'Anacardium occidentale (Anacardiaceae)', 'Piper tuberculatum (Piperaceae)', 'Calycophyllum spruceanum (Rubiaceae)', 'Alibertia sessilis (Rubiaceae)', 'Siphoneugena densiflora (Myrtaceae)', 'Casearia obliqua (Flacourtiaceae)', 'Cassia leptophylla (Fabaceae)', 'Erythrina mulungu (Fabaceae)', 'Metrodorea stipularis', 'Croton zehntneri (Euphorbiaceae)', 'Pilocarpus riedelianus', 'Zingiber officinale', 'Cedrela odorata (Meliaceae)', 'Cabralea canjerana', 'Toona ciliata (Meliacee)', 'Trichilia claussenii (Meliaceae)', 'Balfourodendron riedelianum (Rutaceae)', 'Curvularia sp. (Pleosporaceae)', 'Piper arboreum (Piperaceae)', 'Chaetomium globosum', 'Chrysophyllum marginatum (Sapotaceae)', 'Piper solmsianum', 'Iryanthera juruensis (Myristicaceae)', 'Streptomyces sp.', 'Conchocarpus heterophyllus (Rutaceae)', 'Maytenus aquifolium (Celastraceae)', 'Arrabidaea samydoides (Bignoniaceae)', 'Penicillium sp. (Trichocomaceae)', 'Cassia spectabilis (Fabaceae)', 'Pterogyne nitens (Fabaceae)', 'Senna multijuga (Fabaceae)', 'Alibertia macrophylla (Rubiaceae)', 'Dalbergia riparia', 'Nectandra grandiflora (Lauraceae)', 'Cinnamomum australe (Lauraceae)', 'Periconia atropurpurea (Annonaceae)', 'Rudgea viburnioides (Rubiaceae)', 'Swartzia langsdorfii (Fabaceae)', 'Vochysia thyrsoidea', 'Styrax ferrugineus (Styracaceae)', 'Cheiloclinium cognatum (Hippocrateaceae)', 'Peperomia obtusifolia (Piperaceae)', 'Picramnia teapensis', 'Coussarea hydrangeifolia (Rubiaceae)', 'Ottonia corcovadensis (Piperaceae)', 'Penicillium corylophilum', 'Cnidoscolus vitifolius (Euphorbiaceae)', 'Tocoyena brasiliensis (Rubiaceae)', 'Trichilia elegans (Meliaceae)', 'Ouratea multiflora (Ochnaceae)', 'Casearia rupestris (Salicaeae)', 'Pothomorphe umbellata (Piperaceae)', 'Trichilia pallida', 'Citrus sp. (Rutaceae)', 'Esenbeckia leiocarpa', 'Cedrela fruticosa (Meliaceae), Neoraputia magnifica (Rutaceae), Neoraputia alba (Rutaceae)', 'Khaya ivorensis', 'Ricinus communis (Euphorbiaceae)', 'Rapanea umbellata,Myrsine cuneifolia (Myrsinaceae)', 'Humicola grisea', 'Lantana lilacina (Verbenaceae)', 'Mycoleptodiscus indicus', 'Michelia champaca (Magnoliaceae)', 'Spiranthera odoratissima St. odoratissima (Rutaceae)', 'Petiveria alliacea (Phytolaccaceae)']]",doi_collectionSpecie
"['10.1021/np4006822', 'Mycoleptodiscus indicus']","['10.1021/np4006822', ['Eucalyptus maculata', 'Piper crassinervium (Piperaceae)', 'Phomopsis cassiae (Valsaceae)', 'Raulinoa echinata (Rutaceae), Swietenia macrophylla (Meliaceae)', 'Senna spectabilis (Fabaceae)', 'Amorpha fruticosa', 'Tephrosia candida', 'Colletotrichum gloeosporioides (Phyllachoraceae)', 'Piper gaudichaudianum (Piperaceae)', 'Carapa guianensis', 'Piper aduncum (Piperaceae)', 'Fusarium oxysporum', 'Casearia sylvestris (Flacourtiaceae)', 'Phomopsis sp. (Valsaceae)', 'Citrus sinensis (Rutaceae)', 'Murraya paniculata', 'Alibertia edulis (Rubiaceae)', 'Hortia superba (Rutaceae)', 'Styrax camporum (Styracaceae)', 'Nigrospora sphaerica', 'Peperomia blanda (Piperaceae)', 'Neoraputia alba (Rutaceae)', 'Tithonia diversifolia', 'Aspergillus terreus', 'Rapanea lancifolia (Myrsinaceae)', 'Tocoyena formosa (Rubiaceae)', 'Piper hostmannianum (Piperaceae)', 'Cedrela fissilis', 'Chimarrhis turbinata (Rubiaceae)', 'Angostura paniculata (Rutaceae)', 'Dimorphandra mollis', 'Galipea bracteata (Rutaceae)', 'Pilocarpus grandiflorus', 'Swinglea glutinosa', 'Maytenus ilicifolia (Celastraceae)', 'Metrodorea stipularis', 'Phoma betae', 'Himatanthus sucuuba (Apocynaceae)', 'Piper hispidum (Piperaceae)', 'Alchornea glandulosa (Euphorbiaceae)', 'Vitex polygama (Verbenaceae)', 'Cassia leptophylla (Fabaceae)', 'Adiscanthus fusciflorus', 'Salacia campestris (Celastraceae)', 'Stemodia foliosa (Scrophulariaceae)', 'Xylaria sp. (Xylariaceae)', 'Aspergillus fumigatus', 'Raulinoa echinata (Rutaceae)', 'Pilocarpus spicatus (Rutaceae)', 'Hortia oreadica', 'Casearia obliqua (Flacourtiaceae)', 'Piper tuberculatum (Piperaceae)', 'Erythrina mulungu (Fabaceae)', 'Siphoneugena densiflora (Myrtaceae)', 'Neoraputia magnifica (Rutaceae)', 'Almeidea rubra (Rutaceae)', 'Pilocarpus riedelianus', 'Curvularia sp. (Pleosporaceae)', 'Anacardium occidentale (Anacardiaceae)', 'Trichilia claussenii (Meliaceae)', 'Zingiber officinale', 'Piper solmsianum', 'Balfourodendron riedelianum (Rutaceae)', 'Calycophyllum spruceanum (Rubiaceae)', 'Chrysophyllum marginatum (Sapotaceae)', 'Alibertia sessilis (Rubiaceae)', 'Piper arboreum (Piperaceae)', 'Toona ciliata (Meliacee)', 'Cabralea canjerana', 'Cedrela odorata (Meliaceae)', 'Chaetomium globosum', 'Croton zehntneri (Euphorbiaceae)', 'Streptomyces sp.', 'Iryanthera juruensis (Myristicaceae)', 'Conchocarpus heterophyllus (Rutaceae)', 'Arrabidaea samydoides (Bignoniaceae)', 'Maytenus aquifolium (Celastraceae)', 'Cassia spectabilis (Fabaceae)', 'Pterogyne nitens (Fabaceae)', 'Senna multijuga (Fabaceae)', 'Penicillium sp. (Trichocomaceae)', 'Alibertia macrophylla (Rubiaceae)', 'Dalbergia riparia', 'Nectandra grandiflora (Lauraceae)', 'Periconia atropurpurea (Annonaceae)', 'Cinnamomum australe (Lauraceae)', 'Rudgea viburnioides (Rubiaceae)', 'Vochysia thyrsoidea', 'Swartzia langsdorfii (Fabaceae)', 'Styrax ferrugineus (Styracaceae)', 'Cheiloclinium cognatum (Hippocrateaceae)', 'Peperomia obtusifolia (Piperaceae)', 'Picramnia teapensis', 'Coussarea hydrangeifolia (Rubiaceae)', 'Penicillium corylophilum', 'Ottonia corcovadensis (Piperaceae)', 'Cnidoscolus vitifolius (Euphorbiaceae)', 'Tocoyena brasiliensis (Rubiaceae)', 'Trichilia elegans (Meliaceae)', 'Ouratea multiflora (Ochnaceae)', 'Casearia rupestris (Salicaeae)', 'Pothomorphe umbellata (Piperaceae)', 'Trichilia pallida', 'Citrus sp. (Rutaceae)', 'Esenbeckia leiocarpa', 'Cedrela fruticosa (Meliaceae), Neoraputia magnifica (Rutaceae), Neoraputia alba (Rutaceae)', 'Khaya ivorensis', 'Ricinus communis (Euphorbiaceae)', 'Rapanea umbellata,Myrsine cuneifolia (Myrsinaceae)', 'Humicola grisea', 'Lantana lilacina (Verbenaceae)', 'Mycoleptodiscus indicus', 'Michelia champaca (Magnoliaceae)', 'Spiranthera odoratissima St. odoratissima (Rutaceae)', 'Petiveria alliacea (Phytolaccaceae)']]",doi_collectionSpecie
"['10.3390/molecules15129205', 'Esenbeckia leiocarpa']","['10.3390/molecules15129205', ['Murraya paniculata', 'Neoraputia alba (Rutaceae)', 'Eucalyptus maculata', 'Styrax camporum (Styracaceae)', 'Rapanea lancifolia (Myrsinaceae)', 'Aspergillus terreus', 'Tithonia diversifolia', 'Vitex polygama (Verbenaceae)', 'Dimorphandra mollis', 'Erythrina mulungu (Fabaceae)', 'Phomopsis cassiae (Valsaceae)', 'Angostura paniculata (Rutaceae)', 'Peperomia blanda (Piperaceae)', 'Casearia sylvestris (Flacourtiaceae)', 'Alibertia edulis (Rubiaceae)', 'Raulinoa echinata (Rutaceae), Swietenia macrophylla (Meliaceae)', 'Chimarrhis turbinata (Rubiaceae)', 'Maytenus ilicifolia (Celastraceae)', 'Xylaria sp. (Xylariaceae)', 'Galipea bracteata (Rutaceae)', 'Aspergillus fumigatus', 'Piper hostmannianum (Piperaceae)', 'Cassia leptophylla (Fabaceae)', 'Piper crassinervium (Piperaceae)', 'Piper hispidum (Piperaceae)', 'Himatanthus sucuuba (Apocynaceae)', 'Piper aduncum (Piperaceae)', 'Metrodorea stipularis', 'Adiscanthus fusciflorus', 'Piper tuberculatum (Piperaceae)', 'Curvularia sp. (Pleosporaceae)', 'Siphoneugena densiflora (Myrtaceae)', 'Trichilia claussenii (Meliaceae)', 'Hortia oreadica', 'Fusarium oxysporum', 'Swinglea glutinosa', 'Salacia campestris (Celastraceae)', 'Piper gaudichaudianum (Piperaceae)', 'Pilocarpus spicatus (Rutaceae)', 'Piper solmsianum', 'Chrysophyllum marginatum (Sapotaceae)', 'Zingiber officinale', 'Raulinoa echinata (Rutaceae)', 'Balfourodendron riedelianum (Rutaceae)', 'Calycophyllum spruceanum (Rubiaceae)', 'Chaetomium globosum', 'Pilocarpus riedelianus', 'Piper arboreum (Piperaceae)', 'Amorpha fruticosa', 'Tephrosia candida', 'Senna spectabilis (Fabaceae)', 'Colletotrichum gloeosporioides (Phyllachoraceae)', 'Streptomyces sp.', 'Hortia superba (Rutaceae)', 'Stemodia foliosa (Scrophulariaceae)', 'Toona ciliata (Meliacee)', 'Cedrela odorata (Meliaceae)', 'Cabralea canjerana', 'Citrus sinensis (Rutaceae)', 'Carapa guianensis', 'Casearia obliqua (Flacourtiaceae)', 'Nigrospora sphaerica', 'Cedrela fissilis', 'Maytenus aquifolium (Celastraceae)', 'Iryanthera juruensis (Myristicaceae)', 'Phomopsis sp. (Valsaceae)', 'Conchocarpus heterophyllus (Rutaceae)', 'Senna multijuga (Fabaceae)', 'Almeidea rubra (Rutaceae)', 'Pterogyne nitens (Fabaceae)', 'Tocoyena formosa (Rubiaceae)', 'Pilocarpus grandiflorus', 'Penicillium sp. (Trichocomaceae)', 'Phoma betae', 'Anacardium occidentale (Anacardiaceae)', 'Alibertia sessilis (Rubiaceae)', 'Alchornea glandulosa (Euphorbiaceae)', 'Neoraputia magnifica (Rutaceae)', 'Croton zehntneri (Euphorbiaceae)', 'Arrabidaea samydoides (Bignoniaceae)', 'Periconia atropurpurea (Annonaceae)', 'Alibertia macrophylla (Rubiaceae)', 'Cassia spectabilis (Fabaceae)', 'Nectandra grandiflora (Lauraceae)', 'Dalbergia riparia', 'Swartzia langsdorfii (Fabaceae)', 'Styrax ferrugineus (Styracaceae)', 'Vochysia thyrsoidea', 'Cinnamomum australe (Lauraceae)', 'Cheiloclinium cognatum (Hippocrateaceae)', 'Peperomia obtusifolia (Piperaceae)', 'Coussarea hydrangeifolia (Rubiaceae)', 'Picramnia teapensis', 'Rudgea viburnioides (Rubiaceae)', 'Penicillium corylophilum', 'Ottonia corcovadensis (Piperaceae)', 'Cnidoscolus vitifolius (Euphorbiaceae)', 'Tocoyena brasiliensis (Rubiaceae)', 'Trichilia elegans (Meliaceae)', 'Ouratea multiflora (Ochnaceae)', 'Casearia rupestris (Salicaeae)', 'Pothomorphe umbellata (Piperaceae)', 'Trichilia pallida', 'Citrus sp. (Rutaceae)', 'Esenbeckia leiocarpa', 'Cedrela fruticosa (Meliaceae), Neoraputia magnifica (Rutaceae), Neoraputia alba (Rutaceae)', 'Khaya ivorensis', 'Ricinus communis (Euphorbiaceae)', 'Rapanea umbellata,Myrsine cuneifolia (Myrsinaceae)', 'Humicola grisea', 'Lantana lilacina (Verbenaceae)', 'Mycoleptodiscus indicus', 'Michelia champaca (Magnoliaceae)', 'Spiranthera odoratissima St. odoratissima (Rutaceae)', 'Petiveria alliacea (Phytolaccaceae)']]",doi_collectionSpecie
"['10.1016/j.jfca.2003.09.013', 'Citrus sp. (Rutaceae)']","['10.1016/j.jfca.2003.09.013', ['Eucalyptus maculata', 'Maytenus ilicifolia (Celastraceae)', 'Tithonia diversifolia', 'Aspergillus terreus', 'Styrax camporum (Styracaceae)', 'Rapanea lancifolia (Myrsinaceae)', 'Phomopsis cassiae (Valsaceae)', 'Peperomia blanda (Piperaceae)', 'Murraya paniculata', 'Dimorphandra mollis', 'Galipea bracteata (Rutaceae)', 'Himatanthus sucuuba (Apocynaceae)', 'Casearia sylvestris (Flacourtiaceae)', 'Piper crassinervium (Piperaceae)', 'Piper hispidum (Piperaceae)', 'Chimarrhis turbinata (Rubiaceae)', 'Siphoneugena densiflora (Myrtaceae)', 'Raulinoa echinata (Rutaceae), Swietenia macrophylla (Meliaceae)', 'Alibertia edulis (Rubiaceae)', 'Piper tuberculatum (Piperaceae)', 'Xylaria sp. (Xylariaceae)', 'Piper aduncum (Piperaceae)', 'Vitex polygama (Verbenaceae)', 'Piper hostmannianum (Piperaceae)', 'Pilocarpus spicatus (Rutaceae)', 'Angostura paniculata (Rutaceae)', 'Cassia leptophylla (Fabaceae)', 'Salacia campestris (Celastraceae)', 'Swinglea glutinosa', 'Neoraputia alba (Rutaceae)', 'Aspergillus fumigatus', 'Hortia oreadica', 'Piper arboreum (Piperaceae)', 'Raulinoa echinata (Rutaceae)', 'Curvularia sp. (Pleosporaceae)', 'Erythrina mulungu (Fabaceae)', 'Zingiber officinale', 'Metrodorea stipularis', 'Trichilia claussenii (Meliaceae)', 'Adiscanthus fusciflorus', 'Pilocarpus riedelianus', 'Chrysophyllum marginatum (Sapotaceae)', 'Piper gaudichaudianum (Piperaceae)', 'Amorpha fruticosa', 'Tephrosia candida', 'Chaetomium globosum', 'Balfourodendron riedelianum (Rutaceae)', 'Colletotrichum gloeosporioides (Phyllachoraceae)', 'Calycophyllum spruceanum (Rubiaceae)', 'Fusarium oxysporum', 'Piper solmsianum', 'Senna spectabilis (Fabaceae)', 'Streptomyces sp.', 'Iryanthera juruensis (Myristicaceae)', 'Toona ciliata (Meliacee)', 'Cabralea canjerana', 'Cedrela odorata (Meliaceae)', 'Carapa guianensis', 'Stemodia foliosa (Scrophulariaceae)', 'Nigrospora sphaerica', 'Citrus sinensis (Rutaceae)', 'Conchocarpus heterophyllus (Rutaceae)', 'Maytenus aquifolium (Celastraceae)', 'Hortia superba (Rutaceae)', 'Casearia obliqua (Flacourtiaceae)', 'Cedrela fissilis', 'Pterogyne nitens (Fabaceae)', 'Pilocarpus grandiflorus', 'Phomopsis sp. (Valsaceae)', 'Almeidea rubra (Rutaceae)', 'Phoma betae', 'Penicillium sp. (Trichocomaceae)', 'Alchornea glandulosa (Euphorbiaceae)', 'Senna multijuga (Fabaceae)', 'Alibertia sessilis (Rubiaceae)', 'Tocoyena formosa (Rubiaceae)', 'Anacardium occidentale (Anacardiaceae)', 'Neoraputia magnifica (Rutaceae)', 'Periconia atropurpurea (Annonaceae)', 'Croton zehntneri (Euphorbiaceae)', 'Arrabidaea samydoides (Bignoniaceae)', 'Alibertia macrophylla (Rubiaceae)', 'Vochysia thyrsoidea', 'Cassia spectabilis (Fabaceae)', 'Nectandra grandiflora (Lauraceae)', 'Cheiloclinium cognatum (Hippocrateaceae)', 'Cinnamomum australe (Lauraceae)', 'Dalbergia riparia', 'Peperomia obtusifolia (Piperaceae)', 'Swartzia langsdorfii (Fabaceae)', 'Styrax ferrugineus (Styracaceae)', 'Picramnia teapensis', 'Coussarea hydrangeifolia (Rubiaceae)', 'Penicillium corylophilum', 'Rudgea viburnioides (Rubiaceae)', 'Ottonia corcovadensis (Piperaceae)', 'Cnidoscolus vitifolius (Euphorbiaceae)', 'Tocoyena brasiliensis (Rubiaceae)', 'Trichilia elegans (Meliaceae)', 'Ouratea multiflora (Ochnaceae)', 'Casearia rupestris (Salicaeae)', 'Pothomorphe umbellata (Piperaceae)', 'Trichilia pallida', 'Citrus sp. (Rutaceae)', 'Esenbeckia leiocarpa', 'Cedrela fruticosa (Meliaceae), Neoraputia magnifica (Rutaceae), Neoraputia alba (Rutaceae)', 'Khaya ivorensis', 'Ricinus communis (Euphorbiaceae)', 'Rapanea umbellata,Myrsine cuneifolia (Myrsinaceae)', 'Humicola grisea', 'Lantana lilacina (Verbenaceae)', 'Mycoleptodiscus indicus', 'Michelia champaca (Magnoliaceae)', 'Spiranthera odoratissima St. odoratissima (Rutaceae)', 'Petiveria alliacea (Phytolaccaceae)']]",doi_collectionSpecie
"['10.1590/S0102-695X2008000200010', 'Lantana lilacina (Verbenaceae)']","['10.1590/S0102-695X2008000200010', ['Carapa guianensis', 'Colletotrichum gloeosporioides (Phyllachoraceae)', 'Amorpha fruticosa', 'Tephrosia candida', 'Senna spectabilis (Fabaceae)', 'Piper crassinervium (Piperaceae)', 'Phoma betae', 'Eucalyptus maculata', 'Raulinoa echinata (Rutaceae), Swietenia macrophylla (Meliaceae)', 'Phomopsis cassiae (Valsaceae)', 'Nigrospora sphaerica', 'Pilocarpus grandiflorus', 'Alchornea glandulosa (Euphorbiaceae)', 'Piper gaudichaudianum (Piperaceae)', 'Hortia superba (Rutaceae)', 'Phomopsis sp. (Valsaceae)', 'Cedrela fissilis', 'Piper aduncum (Piperaceae)', 'Citrus sinensis (Rutaceae)', 'Fusarium oxysporum', 'Casearia sylvestris (Flacourtiaceae)', 'Tocoyena formosa (Rubiaceae)', 'Neoraputia magnifica (Rutaceae)', 'Almeidea rubra (Rutaceae)', 'Tithonia diversifolia', 'Aspergillus terreus', 'Peperomia blanda (Piperaceae)', 'Murraya paniculata', 'Anacardium occidentale (Anacardiaceae)', 'Himatanthus sucuuba (Apocynaceae)', 'Salacia campestris (Celastraceae)', 'Raulinoa echinata (Rutaceae)', 'Alibertia edulis (Rubiaceae)', 'Styrax camporum (Styracaceae)', 'Rapanea lancifolia (Myrsinaceae)', 'Maytenus ilicifolia (Celastraceae)', 'Croton zehntneri (Euphorbiaceae)', 'Swinglea glutinosa', 'Piper hispidum (Piperaceae)', 'Xylaria sp. (Xylariaceae)', 'Pilocarpus spicatus (Rutaceae)', 'Vitex polygama (Verbenaceae)', 'Dimorphandra mollis', 'Stemodia foliosa (Scrophulariaceae)', 'Galipea bracteata (Rutaceae)', 'Neoraputia alba (Rutaceae)', 'Alibertia sessilis (Rubiaceae)', 'Piper hostmannianum (Piperaceae)', 'Chimarrhis turbinata (Rubiaceae)', 'Casearia obliqua (Flacourtiaceae)', 'Hortia oreadica', 'Piper tuberculatum (Piperaceae)', 'Toona ciliata (Meliacee)', 'Cedrela odorata (Meliaceae)', 'Cabralea canjerana', 'Siphoneugena densiflora (Myrtaceae)', 'Adiscanthus fusciflorus', 'Aspergillus fumigatus', 'Angostura paniculata (Rutaceae)', 'Calycophyllum spruceanum (Rubiaceae)', 'Cassia leptophylla (Fabaceae)', 'Zingiber officinale', 'Pilocarpus riedelianus', 'Piper arboreum (Piperaceae)', 'Metrodorea stipularis', 'Erythrina mulungu (Fabaceae)', 'Balfourodendron riedelianum (Rutaceae)', 'Streptomyces sp.', 'Curvularia sp. (Pleosporaceae)', 'Chaetomium globosum', 'Chrysophyllum marginatum (Sapotaceae)', 'Arrabidaea samydoides (Bignoniaceae)', 'Iryanthera juruensis (Myristicaceae)', 'Piper solmsianum', 'Trichilia claussenii (Meliaceae)', 'Conchocarpus heterophyllus (Rutaceae)', 'Cassia spectabilis (Fabaceae)', 'Maytenus aquifolium (Celastraceae)', 'Penicillium sp. (Trichocomaceae)', 'Alibertia macrophylla (Rubiaceae)', 'Dalbergia riparia', 'Nectandra grandiflora (Lauraceae)', 'Cinnamomum australe (Lauraceae)', 'Senna multijuga (Fabaceae)', 'Pterogyne nitens (Fabaceae)', 'Rudgea viburnioides (Rubiaceae)', 'Periconia atropurpurea (Annonaceae)', 'Swartzia langsdorfii (Fabaceae)', 'Styrax ferrugineus (Styracaceae)', 'Vochysia thyrsoidea', 'Cheiloclinium cognatum (Hippocrateaceae)', 'Peperomia obtusifolia (Piperaceae)', 'Picramnia teapensis', 'Coussarea hydrangeifolia (Rubiaceae)', 'Ottonia corcovadensis (Piperaceae)', 'Penicillium corylophilum', 'Cnidoscolus vitifolius (Euphorbiaceae)', 'Tocoyena brasiliensis (Rubiaceae)', 'Trichilia elegans (Meliaceae)', 'Ouratea multiflora (Ochnaceae)', 'Casearia rupestris (Salicaeae)', 'Pothomorphe umbellata (Piperaceae)', 'Trichilia pallida', 'Citrus sp. (Rutaceae)', 'Esenbeckia leiocarpa', 'Cedrela fruticosa (Meliaceae), Neoraputia magnifica (Rutaceae), Neoraputia alba (Rutaceae)', 'Khaya ivorensis', 'Ricinus communis (Euphorbiaceae)', 'Rapanea umbellata,Myrsine cuneifolia (Myrsinaceae)', 'Humicola grisea', 'Lantana lilacina (Verbenaceae)', 'Mycoleptodiscus indicus', 'Michelia champaca (Magnoliaceae)', 'Spiranthera odoratissima St. odoratissima (Rutaceae)', 'Petiveria alliacea (Phytolaccaceae)']]",doi_collectionSpecie
"['10.1016/j.biortech.2010.01.041', 'Piper crassinervium (Piperaceae)']","['10.1016/j.biortech.2010.01.041', ['Xylaria sp. (Xylariaceae)', 'Maytenus ilicifolia (Celastraceae)', 'Calycophyllum spruceanum (Rubiaceae)', 'Aspergillus fumigatus', 'Eucalyptus maculata', 'Alibertia edulis (Rubiaceae)', 'Phomopsis cassiae (Valsaceae)', 'Tithonia diversifolia', 'Aspergillus terreus', 'Peperomia blanda (Piperaceae)', 'Chimarrhis turbinata (Rubiaceae)', 'Erythrina mulungu (Fabaceae)', 'Raulinoa echinata (Rutaceae), Swietenia macrophylla (Meliaceae)', 'Swinglea glutinosa', 'Dimorphandra mollis', 'Styrax camporum (Styracaceae)', 'Piper crassinervium (Piperaceae)', 'Rapanea lancifolia (Myrsinaceae)', 'Neoraputia alba (Rutaceae)', 'Angostura paniculata (Rutaceae)', 'Murraya paniculata', 'Piper aduncum (Piperaceae)', 'Casearia sylvestris (Flacourtiaceae)', 'Himatanthus sucuuba (Apocynaceae)', 'Cassia leptophylla (Fabaceae)', 'Piper hispidum (Piperaceae)', 'Chaetomium globosum', 'Vitex polygama (Verbenaceae)', 'Siphoneugena densiflora (Myrtaceae)', 'Galipea bracteata (Rutaceae)', 'Hortia oreadica', 'Iryanthera juruensis (Myristicaceae)', 'Penicillium sp. (Trichocomaceae)', 'Trichilia claussenii (Meliaceae)', 'Metrodorea stipularis', 'Piper hostmannianum (Piperaceae)', 'Piper tuberculatum (Piperaceae)', 'Stemodia foliosa (Scrophulariaceae)', 'Colletotrichum gloeosporioides (Phyllachoraceae)', 'Fusarium oxysporum', 'Salacia campestris (Celastraceae)', 'Pilocarpus riedelianus', 'Adiscanthus fusciflorus', 'Pilocarpus spicatus (Rutaceae)', 'Maytenus aquifolium (Celastraceae)', 'Amorpha fruticosa', 'Tephrosia candida', 'Balfourodendron riedelianum (Rutaceae)', 'Piper gaudichaudianum (Piperaceae)', 'Zingiber officinale', 'Curvularia sp. (Pleosporaceae)', 'Pterogyne nitens (Fabaceae)', 'Nigrospora sphaerica', 'Chrysophyllum marginatum (Sapotaceae)', 'Senna spectabilis (Fabaceae)', 'Piper arboreum (Piperaceae)', 'Raulinoa echinata (Rutaceae)', 'Conchocarpus heterophyllus (Rutaceae)', 'Carapa guianensis', 'Streptomyces sp.', 'Piper solmsianum', 'Hortia superba (Rutaceae)', 'Senna multijuga (Fabaceae)', 'Cabralea canjerana', 'Toona ciliata (Meliacee)', 'Cedrela odorata (Meliaceae)', 'Phoma betae', 'Casearia obliqua (Flacourtiaceae)', 'Citrus sinensis (Rutaceae)', 'Pilocarpus grandiflorus', 'Cedrela fissilis', 'Alchornea glandulosa (Euphorbiaceae)', 'Phomopsis sp. (Valsaceae)', 'Periconia atropurpurea (Annonaceae)', 'Almeidea rubra (Rutaceae)', 'Anacardium occidentale (Anacardiaceae)', 'Alibertia sessilis (Rubiaceae)', 'Neoraputia magnifica (Rutaceae)', 'Tocoyena formosa (Rubiaceae)', 'Vochysia thyrsoidea', 'Cheiloclinium cognatum (Hippocrateaceae)', 'Croton zehntneri (Euphorbiaceae)', 'Peperomia obtusifolia (Piperaceae)', 'Picramnia teapensis', 'Coussarea hydrangeifolia (Rubiaceae)', 'Arrabidaea samydoides (Bignoniaceae)', 'Penicillium corylophilum', 'Alibertia macrophylla (Rubiaceae)', 'Cassia spectabilis (Fabaceae)', 'Nectandra grandiflora (Lauraceae)', 'Swartzia langsdorfii (Fabaceae)', 'Cinnamomum australe (Lauraceae)', 'Dalbergia riparia', 'Styrax ferrugineus (Styracaceae)', 'Rudgea viburnioides (Rubiaceae)', 'Ottonia corcovadensis (Piperaceae)', 'Cnidoscolus vitifolius (Euphorbiaceae)', 'Tocoyena brasiliensis (Rubiaceae)', 'Trichilia elegans (Meliaceae)', 'Ouratea multiflora (Ochnaceae)', 'Casearia rupestris (Salicaeae)', 'Pothomorphe umbellata (Piperaceae)', 'Trichilia pallida', 'Citrus sp. (Rutaceae)', 'Esenbeckia leiocarpa', 'Cedrela fruticosa (Meliaceae), Neoraputia magnifica (Rutaceae), Neoraputia alba (Rutaceae)', 'Khaya ivorensis', 'Ricinus communis (Euphorbiaceae)', 'Rapanea umbellata,Myrsine cuneifolia (Myrsinaceae)', 'Humicola grisea', 'Lantana lilacina (Verbenaceae)', 'Mycoleptodiscus indicus', 'Michelia champaca (Magnoliaceae)', 'Spiranthera odoratissima St. odoratissima (Rutaceae)', 'Petiveria alliacea (Phytolaccaceae)']]",doi_collectionSpecie
"['10.1590/S1519-566X2008000600013', 'Trichilia pallida']","['10.1590/S1519-566X2008000600013', ['Carapa guianensis', 'Raulinoa echinata (Rutaceae), Swietenia macrophylla (Meliaceae)', 'Nigrospora sphaerica', 'Senna spectabilis (Fabaceae)', 'Cedrela fissilis', 'Amorpha fruticosa', 'Tephrosia candida', 'Piper crassinervium (Piperaceae)', 'Eucalyptus maculata', 'Hortia superba (Rutaceae)', 'Colletotrichum gloeosporioides (Phyllachoraceae)', 'Phomopsis sp. (Valsaceae)', 'Fusarium oxysporum', 'Anacardium occidentale (Anacardiaceae)', 'Croton zehntneri (Euphorbiaceae)', 'Phomopsis cassiae (Valsaceae)', 'Piper gaudichaudianum (Piperaceae)', 'Neoraputia magnifica (Rutaceae)', 'Almeidea rubra (Rutaceae)', 'Tocoyena formosa (Rubiaceae)', 'Pilocarpus grandiflorus', 'Citrus sinensis (Rutaceae)', 'Phoma betae', 'Casearia sylvestris (Flacourtiaceae)', 'Piper aduncum (Piperaceae)', 'Alchornea glandulosa (Euphorbiaceae)', 'Murraya paniculata', 'Xylaria sp. (Xylariaceae)', 'Aspergillus terreus', 'Tithonia diversifolia', 'Alibertia edulis (Rubiaceae)', 'Dimorphandra mollis', 'Himatanthus sucuuba (Apocynaceae)', 'Aspergillus fumigatus', 'Alibertia sessilis (Rubiaceae)', 'Peperomia blanda (Piperaceae)', 'Calycophyllum spruceanum (Rubiaceae)', 'Stemodia foliosa (Scrophulariaceae)', 'Neoraputia alba (Rutaceae)', 'Styrax camporum (Styracaceae)', 'Angostura paniculata (Rutaceae)', 'Casearia obliqua (Flacourtiaceae)', 'Vitex polygama (Verbenaceae)', 'Maytenus ilicifolia (Celastraceae)', 'Rapanea lancifolia (Myrsinaceae)', 'Swinglea glutinosa', 'Hortia oreadica', 'Piper hostmannianum (Piperaceae)', 'Erythrina mulungu (Fabaceae)', 'Salacia campestris (Celastraceae)', 'Galipea bracteata (Rutaceae)', 'Adiscanthus fusciflorus', 'Piper hispidum (Piperaceae)', 'Trichilia claussenii (Meliaceae)', 'Chimarrhis turbinata (Rubiaceae)', 'Chaetomium globosum', 'Piper tuberculatum (Piperaceae)', 'Pilocarpus spicatus (Rutaceae)', 'Raulinoa echinata (Rutaceae)', 'Metrodorea stipularis', 'Maytenus aquifolium (Celastraceae)', 'Siphoneugena densiflora (Myrtaceae)', 'Balfourodendron riedelianum (Rutaceae)', 'Zingiber officinale', 'Cassia leptophylla (Fabaceae)', 'Pilocarpus riedelianus', 'Cedrela odorata (Meliaceae)', 'Toona ciliata (Meliacee)', 'Cabralea canjerana', 'Piper arboreum (Piperaceae)', 'Arrabidaea samydoides (Bignoniaceae)', 'Cassia spectabilis (Fabaceae)', 'Conchocarpus heterophyllus (Rutaceae)', 'Piper solmsianum', 'Curvularia sp. (Pleosporaceae)', 'Streptomyces sp.', 'Chrysophyllum marginatum (Sapotaceae)', 'Iryanthera juruensis (Myristicaceae)', 'Senna multijuga (Fabaceae)', 'Cinnamomum australe (Lauraceae)', 'Pterogyne nitens (Fabaceae)', 'Dalbergia riparia', 'Penicillium sp. (Trichocomaceae)', 'Nectandra grandiflora (Lauraceae)', 'Alibertia macrophylla (Rubiaceae)', 'Rudgea viburnioides (Rubiaceae)', 'Periconia atropurpurea (Annonaceae)', 'Swartzia langsdorfii (Fabaceae)', 'Vochysia thyrsoidea', 'Styrax ferrugineus (Styracaceae)', 'Cheiloclinium cognatum (Hippocrateaceae)', 'Peperomia obtusifolia (Piperaceae)', 'Coussarea hydrangeifolia (Rubiaceae)', 'Picramnia teapensis', 'Ottonia corcovadensis (Piperaceae)', 'Tocoyena brasiliensis (Rubiaceae)', 'Penicillium corylophilum', 'Cnidoscolus vitifolius (Euphorbiaceae)', 'Trichilia elegans (Meliaceae)', 'Ouratea multiflora (Ochnaceae)', 'Casearia rupestris (Salicaeae)', 'Pothomorphe umbellata (Piperaceae)', 'Trichilia pallida', 'Citrus sp. (Rutaceae)', 'Esenbeckia leiocarpa', 'Cedrela fruticosa (Meliaceae), Neoraputia magnifica (Rutaceae), Neoraputia alba (Rutaceae)', 'Khaya ivorensis', 'Ricinus communis (Euphorbiaceae)', 'Rapanea umbellata,Myrsine cuneifolia (Myrsinaceae)', 'Humicola grisea', 'Lantana lilacina (Verbenaceae)', 'Mycoleptodiscus indicus', 'Michelia champaca (Magnoliaceae)', 'Spiranthera odoratissima St. odoratissima (Rutaceae)', 'Petiveria alliacea (Phytolaccaceae)']]",doi_collectionSpecie
"['10.1080/14786410903335232', 'Alchornea glandulosa (Euphorbiaceae)']","['10.1080/14786410903335232', ['Eucalyptus maculata', 'Maytenus ilicifolia (Celastraceae)', 'Styrax camporum (Styracaceae)', 'Tithonia diversifolia', 'Aspergillus terreus', 'Rapanea lancifolia (Myrsinaceae)', 'Phomopsis cassiae (Valsaceae)', 'Peperomia blanda (Piperaceae)', 'Murraya paniculata', 'Dimorphandra mollis', 'Casearia sylvestris (Flacourtiaceae)', 'Piper hispidum (Piperaceae)', 'Piper tuberculatum (Piperaceae)', 'Galipea bracteata (Rutaceae)', 'Himatanthus sucuuba (Apocynaceae)', 'Siphoneugena densiflora (Myrtaceae)', 'Vitex polygama (Verbenaceae)', 'Piper crassinervium (Piperaceae)', 'Xylaria sp. (Xylariaceae)', 'Raulinoa echinata (Rutaceae), Swietenia macrophylla (Meliaceae)', 'Chimarrhis turbinata (Rubiaceae)', 'Alibertia edulis (Rubiaceae)', 'Piper aduncum (Piperaceae)', 'Piper hostmannianum (Piperaceae)', 'Angostura paniculata (Rutaceae)', 'Pilocarpus spicatus (Rutaceae)', 'Cassia leptophylla (Fabaceae)', 'Neoraputia alba (Rutaceae)', 'Swinglea glutinosa', 'Salacia campestris (Celastraceae)', 'Aspergillus fumigatus', 'Piper arboreum (Piperaceae)', 'Hortia oreadica', 'Curvularia sp. (Pleosporaceae)', 'Raulinoa echinata (Rutaceae)', 'Trichilia claussenii (Meliaceae)', 'Zingiber officinale', 'Erythrina mulungu (Fabaceae)', 'Adiscanthus fusciflorus', 'Metrodorea stipularis', 'Pilocarpus riedelianus', 'Chrysophyllum marginatum (Sapotaceae)', 'Chaetomium globosum', 'Balfourodendron riedelianum (Rutaceae)', 'Piper gaudichaudianum (Piperaceae)', 'Amorpha fruticosa', 'Tephrosia candida', 'Fusarium oxysporum', 'Calycophyllum spruceanum (Rubiaceae)', 'Piper solmsianum', 'Colletotrichum gloeosporioides (Phyllachoraceae)', 'Streptomyces sp.', 'Senna spectabilis (Fabaceae)', 'Cabralea canjerana', 'Cedrela odorata (Meliaceae)', 'Toona ciliata (Meliacee)', 'Iryanthera juruensis (Myristicaceae)', 'Stemodia foliosa (Scrophulariaceae)', 'Citrus sinensis (Rutaceae)', 'Carapa guianensis', 'Conchocarpus heterophyllus (Rutaceae)', 'Nigrospora sphaerica', 'Maytenus aquifolium (Celastraceae)', 'Hortia superba (Rutaceae)', 'Casearia obliqua (Flacourtiaceae)', 'Cedrela fissilis', 'Pterogyne nitens (Fabaceae)', 'Penicillium sp. (Trichocomaceae)', 'Pilocarpus grandiflorus', 'Almeidea rubra (Rutaceae)', 'Phomopsis sp. (Valsaceae)', 'Phoma betae', 'Senna multijuga (Fabaceae)', 'Alibertia sessilis (Rubiaceae)', 'Alchornea glandulosa (Euphorbiaceae)', 'Tocoyena formosa (Rubiaceae)', 'Anacardium occidentale (Anacardiaceae)', 'Neoraputia magnifica (Rutaceae)', 'Periconia atropurpurea (Annonaceae)', 'Croton zehntneri (Euphorbiaceae)', 'Alibertia macrophylla (Rubiaceae)', 'Arrabidaea samydoides (Bignoniaceae)', 'Vochysia thyrsoidea', 'Nectandra grandiflora (Lauraceae)', 'Cassia spectabilis (Fabaceae)', 'Cheiloclinium cognatum (Hippocrateaceae)', 'Cinnamomum australe (Lauraceae)', 'Dalbergia riparia', 'Peperomia obtusifolia (Piperaceae)', 'Swartzia langsdorfii (Fabaceae)', 'Styrax ferrugineus (Styracaceae)', 'Picramnia teapensis', 'Coussarea hydrangeifolia (Rubiaceae)', 'Penicillium corylophilum', 'Ottonia corcovadensis (Piperaceae)', 'Rudgea viburnioides (Rubiaceae)', 'Cnidoscolus vitifolius (Euphorbiaceae)', 'Tocoyena brasiliensis (Rubiaceae)', 'Trichilia elegans (Meliaceae)', 'Ouratea multiflora (Ochnaceae)', 'Casearia rupestris (Salicaeae)', 'Pothomorphe umbellata (Piperaceae)', 'Trichilia pallida', 'Citrus sp. (Rutaceae)', 'Esenbeckia leiocarpa', 'Cedrela fruticosa (Meliaceae), Neoraputia magnifica (Rutaceae), Neoraputia alba (Rutaceae)', 'Khaya ivorensis', 'Ricinus communis (Euphorbiaceae)', 'Rapanea umbellata,Myrsine cuneifolia (Myrsinaceae)', 'Humicola grisea', 'Lantana lilacina (Verbenaceae)', 'Mycoleptodiscus indicus', 'Michelia champaca (Magnoliaceae)', 'Spiranthera odoratissima St. odoratissima (Rutaceae)', 'Petiveria alliacea (Phytolaccaceae)']]",doi_collectionSpecie
"['10.1590/S0103-50532010000500016', 'Spiranthera odoratissima St. odoratissima (Rutaceae)']","['10.1590/S0103-50532010000500016', ['Carapa guianensis', 'Senna spectabilis (Fabaceae)', 'Eucalyptus maculata', 'Raulinoa echinata (Rutaceae), Swietenia macrophylla (Meliaceae)', 'Amorpha fruticosa', 'Tephrosia candida', 'Fusarium oxysporum', 'Piper crassinervium (Piperaceae)', 'Colletotrichum gloeosporioides (Phyllachoraceae)', 'Phomopsis cassiae (Valsaceae)', 'Cedrela fissilis', 'Hortia superba (Rutaceae)', 'Nigrospora sphaerica', 'Piper gaudichaudianum (Piperaceae)', 'Citrus sinensis (Rutaceae)', 'Phomopsis sp. (Valsaceae)', 'Pilocarpus grandiflorus', 'Casearia sylvestris (Flacourtiaceae)', 'Piper aduncum (Piperaceae)', 'Tocoyena formosa (Rubiaceae)', 'Murraya paniculata', 'Phoma betae', 'Almeidea rubra (Rutaceae)', 'Alibertia edulis (Rubiaceae)', 'Alibertia sessilis (Rubiaceae)', 'Neoraputia alba (Rutaceae)', 'Tithonia diversifolia', 'Aspergillus terreus', 'Adiscanthus fusciflorus', 'Dimorphandra mollis', 'Styrax camporum (Styracaceae)', 'Himatanthus sucuuba (Apocynaceae)', 'Peperomia blanda (Piperaceae)', 'Rapanea lancifolia (Myrsinaceae)', 'Alchornea glandulosa (Euphorbiaceae)', 'Galipea bracteata (Rutaceae)', 'Piper hispidum (Piperaceae)', 'Angostura paniculata (Rutaceae)', 'Chimarrhis turbinata (Rubiaceae)', 'Xylaria sp. (Xylariaceae)', 'Vitex polygama (Verbenaceae)', 'Swinglea glutinosa', 'Piper hostmannianum (Piperaceae)', 'Salacia campestris (Celastraceae)', 'Aspergillus fumigatus', 'Maytenus ilicifolia (Celastraceae)', 'Neoraputia magnifica (Rutaceae)', 'Piper tuberculatum (Piperaceae)', 'Anacardium occidentale (Anacardiaceae)', 'Casearia obliqua (Flacourtiaceae)', 'Raulinoa echinata (Rutaceae)', 'Hortia oreadica', 'Balfourodendron riedelianum (Rutaceae)', 'Pilocarpus spicatus (Rutaceae)', 'Erythrina mulungu (Fabaceae)', 'Croton zehntneri (Euphorbiaceae)', 'Calycophyllum spruceanum (Rubiaceae)', 'Toona ciliata (Meliacee)', 'Cabralea canjerana', 'Cedrela odorata (Meliaceae)', 'Cassia leptophylla (Fabaceae)', 'Metrodorea stipularis', 'Zingiber officinale', 'Trichilia claussenii (Meliaceae)', 'Siphoneugena densiflora (Myrtaceae)', 'Stemodia foliosa (Scrophulariaceae)', 'Piper arboreum (Piperaceae)', 'Chaetomium globosum', 'Pilocarpus riedelianus', 'Piper solmsianum', 'Curvularia sp. (Pleosporaceae)', 'Arrabidaea samydoides (Bignoniaceae)', 'Chrysophyllum marginatum (Sapotaceae)', 'Streptomyces sp.', 'Maytenus aquifolium (Celastraceae)', 'Conchocarpus heterophyllus (Rutaceae)', 'Cassia spectabilis (Fabaceae)', 'Alibertia macrophylla (Rubiaceae)', 'Nectandra grandiflora (Lauraceae)', 'Iryanthera juruensis (Myristicaceae)', 'Senna multijuga (Fabaceae)', 'Cinnamomum australe (Lauraceae)', 'Dalbergia riparia', 'Pterogyne nitens (Fabaceae)', 'Penicillium sp. (Trichocomaceae)', 'Rudgea viburnioides (Rubiaceae)', 'Swartzia langsdorfii (Fabaceae)', 'Styrax ferrugineus (Styracaceae)', 'Periconia atropurpurea (Annonaceae)', 'Vochysia thyrsoidea', 'Ottonia corcovadensis (Piperaceae)', 'Cheiloclinium cognatum (Hippocrateaceae)', 'Peperomia obtusifolia (Piperaceae)', 'Picramnia teapensis', 'Coussarea hydrangeifolia (Rubiaceae)', 'Penicillium corylophilum', 'Cnidoscolus vitifolius (Euphorbiaceae)', 'Tocoyena brasiliensis (Rubiaceae)', 'Trichilia elegans (Meliaceae)', 'Ouratea multiflora (Ochnaceae)', 'Casearia rupestris (Salicaeae)', 'Pothomorphe umbellata (Piperaceae)', 'Trichilia pallida', 'Citrus sp. (Rutaceae)', 'Esenbeckia leiocarpa', 'Cedrela fruticosa (Meliaceae), Neoraputia magnifica (Rutaceae), Neoraputia alba (Rutaceae)', 'Khaya ivorensis', 'Ricinus communis (Euphorbiaceae)', 'Rapanea umbellata,Myrsine cuneifolia (Myrsinaceae)', 'Humicola grisea', 'Lantana lilacina (Verbenaceae)', 'Mycoleptodiscus indicus', 'Michelia champaca (Magnoliaceae)', 'Spiranthera odoratissima St. odoratissima (Rutaceae)', 'Petiveria alliacea (Phytolaccaceae)']]",doi_collectionSpecie
"['10.1590/S0103-50532005000800018', 'Pothomorphe umbellata (Piperaceae)']","['10.1590/S0103-50532005000800018', ['Eucalyptus maculata', 'Phomopsis cassiae (Valsaceae)', 'Styrax camporum (Styracaceae)', 'Murraya paniculata', 'Casearia sylvestris (Flacourtiaceae)', 'Galipea bracteata (Rutaceae)', 'Raulinoa echinata (Rutaceae), Swietenia macrophylla (Meliaceae)', 'Dimorphandra mollis', 'Alibertia edulis (Rubiaceae)', 'Piper crassinervium (Piperaceae)', 'Aspergillus terreus', 'Tithonia diversifolia', 'Peperomia blanda (Piperaceae)', 'Piper aduncum (Piperaceae)', 'Piper hispidum (Piperaceae)', 'Rapanea lancifolia (Myrsinaceae)', 'Piper hostmannianum (Piperaceae)', 'Neoraputia alba (Rutaceae)', 'Angostura paniculata (Rutaceae)', 'Himatanthus sucuuba (Apocynaceae)', 'Chimarrhis turbinata (Rubiaceae)', 'Vitex polygama (Verbenaceae)', 'Cassia leptophylla (Fabaceae)', 'Piper tuberculatum (Piperaceae)', 'Maytenus ilicifolia (Celastraceae)', 'Piper gaudichaudianum (Piperaceae)', 'Siphoneugena densiflora (Myrtaceae)', 'Xylaria sp. (Xylariaceae)', 'Salacia campestris (Celastraceae)', 'Pilocarpus spicatus (Rutaceae)', 'Aspergillus fumigatus', 'Metrodorea stipularis', 'Swinglea glutinosa', 'Amorpha fruticosa', 'Tephrosia candida', 'Adiscanthus fusciflorus', 'Hortia oreadica', 'Fusarium oxysporum', 'Senna spectabilis (Fabaceae)', 'Curvularia sp. (Pleosporaceae)', 'Erythrina mulungu (Fabaceae)', 'Raulinoa echinata (Rutaceae)', 'Zingiber officinale', 'Trichilia claussenii (Meliaceae)', 'Chrysophyllum marginatum (Sapotaceae)', 'Pilocarpus riedelianus', 'Balfourodendron riedelianum (Rutaceae)', 'Piper arboreum (Piperaceae)', 'Piper solmsianum', 'Colletotrichum gloeosporioides (Phyllachoraceae)', 'Citrus sinensis (Rutaceae)', 'Carapa guianensis', 'Chaetomium globosum', 'Nigrospora sphaerica', 'Hortia superba (Rutaceae)', 'Toona ciliata (Meliacee)', 'Cabralea canjerana', 'Cedrela odorata (Meliaceae)', 'Calycophyllum spruceanum (Rubiaceae)', 'Cedrela fissilis', 'Streptomyces sp.', 'Phomopsis sp. (Valsaceae)', 'Stemodia foliosa (Scrophulariaceae)', 'Casearia obliqua (Flacourtiaceae)', 'Pilocarpus grandiflorus', 'Almeidea rubra (Rutaceae)', 'Conchocarpus heterophyllus (Rutaceae)', 'Phoma betae', 'Iryanthera juruensis (Myristicaceae)', 'Tocoyena formosa (Rubiaceae)', 'Alibertia sessilis (Rubiaceae)', 'Alchornea glandulosa (Euphorbiaceae)', 'Maytenus aquifolium (Celastraceae)', 'Pterogyne nitens (Fabaceae)', 'Anacardium occidentale (Anacardiaceae)', 'Senna multijuga (Fabaceae)', 'Neoraputia magnifica (Rutaceae)', 'Penicillium sp. (Trichocomaceae)', 'Croton zehntneri (Euphorbiaceae)', 'Arrabidaea samydoides (Bignoniaceae)', 'Alibertia macrophylla (Rubiaceae)', 'Cassia spectabilis (Fabaceae)', 'Nectandra grandiflora (Lauraceae)', 'Periconia atropurpurea (Annonaceae)', 'Dalbergia riparia', 'Cinnamomum australe (Lauraceae)', 'Styrax ferrugineus (Styracaceae)', 'Swartzia langsdorfii (Fabaceae)', 'Vochysia thyrsoidea', 'Cheiloclinium cognatum (Hippocrateaceae)', 'Peperomia obtusifolia (Piperaceae)', 'Rudgea viburnioides (Rubiaceae)', 'Picramnia teapensis', 'Coussarea hydrangeifolia (Rubiaceae)', 'Ottonia corcovadensis (Piperaceae)', 'Penicillium corylophilum', 'Cnidoscolus vitifolius (Euphorbiaceae)', 'Tocoyena brasiliensis (Rubiaceae)', 'Trichilia elegans (Meliaceae)', 'Ouratea multiflora (Ochnaceae)', 'Casearia rupestris (Salicaeae)', 'Pothomorphe umbellata (Piperaceae)', 'Trichilia pallida', 'Citrus sp. (Rutaceae)', 'Esenbeckia leiocarpa', 'Cedrela fruticosa (Meliaceae), Neoraputia magnifica (Rutaceae), Neoraputia alba (Rutaceae)', 'Khaya ivorensis', 'Ricinus communis (Euphorbiaceae)', 'Rapanea umbellata,Myrsine cuneifolia (Myrsinaceae)', 'Humicola grisea', 'Lantana lilacina (Verbenaceae)', 'Mycoleptodiscus indicus', 'Michelia champaca (Magnoliaceae)', 'Spiranthera odoratissima St. odoratissima (Rutaceae)', 'Petiveria alliacea (Phytolaccaceae)']]",doi_collectionSpecie
"['10.1016/S0031-9422(97)00598-0', 'Murraya paniculata']","['10.1016/S0031-9422(97)00598-0', ['Dimorphandra mollis', 'Cassia leptophylla (Fabaceae)', 'Styrax camporum (Styracaceae)', 'Piper hispidum (Piperaceae)', 'Himatanthus sucuuba (Apocynaceae)', 'Chimarrhis turbinata (Rubiaceae)', 'Piper hostmannianum (Piperaceae)', 'Murraya paniculata', 'Angostura paniculata (Rutaceae)', 'Eucalyptus maculata', 'Piper tuberculatum (Piperaceae)', 'Alibertia edulis (Rubiaceae)', 'Galipea bracteata (Rutaceae)', 'Aspergillus terreus', 'Tithonia diversifolia', 'Rapanea lancifolia (Myrsinaceae)', 'Xylaria sp. (Xylariaceae)', 'Casearia sylvestris (Flacourtiaceae)', 'Phomopsis cassiae (Valsaceae)', 'Neoraputia alba (Rutaceae)', 'Siphoneugena densiflora (Myrtaceae)', 'Peperomia blanda (Piperaceae)', 'Trichilia claussenii (Meliaceae)', 'Vitex polygama (Verbenaceae)', 'Pilocarpus riedelianus', 'Curvularia sp. (Pleosporaceae)', 'Pilocarpus spicatus (Rutaceae)', 'Piper aduncum (Piperaceae)', 'Hortia oreadica', 'Erythrina mulungu (Fabaceae)', 'Metrodorea stipularis', 'Raulinoa echinata (Rutaceae), Swietenia macrophylla (Meliaceae)', 'Salacia campestris (Celastraceae)', 'Chrysophyllum marginatum (Sapotaceae)', 'Maytenus ilicifolia (Celastraceae)', 'Piper arboreum (Piperaceae)', 'Aspergillus fumigatus', 'Zingiber officinale', 'Swinglea glutinosa', 'Chaetomium globosum', 'Piper solmsianum', 'Piper crassinervium (Piperaceae)', 'Balfourodendron riedelianum (Rutaceae)', 'Raulinoa echinata (Rutaceae)', 'Adiscanthus fusciflorus', 'Streptomyces sp.', 'Calycophyllum spruceanum (Rubiaceae)', 'Piper gaudichaudianum (Piperaceae)', 'Fusarium oxysporum', 'Maytenus aquifolium (Celastraceae)', 'Conchocarpus heterophyllus (Rutaceae)', 'Cedrela odorata (Meliaceae)', 'Cabralea canjerana', 'Toona ciliata (Meliacee)', 'Iryanthera juruensis (Myristicaceae)', 'Pterogyne nitens (Fabaceae)', 'Senna spectabilis (Fabaceae)', 'Amorpha fruticosa', 'Tephrosia candida', 'Stemodia foliosa (Scrophulariaceae)', 'Casearia obliqua (Flacourtiaceae)', 'Citrus sinensis (Rutaceae)', 'Colletotrichum gloeosporioides (Phyllachoraceae)', 'Senna multijuga (Fabaceae)', 'Nigrospora sphaerica', 'Carapa guianensis', 'Hortia superba (Rutaceae)', 'Phomopsis sp. (Valsaceae)', 'Cedrela fissilis', 'Almeidea rubra (Rutaceae)', 'Penicillium sp. (Trichocomaceae)', 'Pilocarpus grandiflorus', 'Alibertia sessilis (Rubiaceae)', 'Phoma betae', 'Tocoyena formosa (Rubiaceae)', 'Alchornea glandulosa (Euphorbiaceae)', 'Periconia atropurpurea (Annonaceae)', 'Anacardium occidentale (Anacardiaceae)', 'Neoraputia magnifica (Rutaceae)', 'Croton zehntneri (Euphorbiaceae)', 'Alibertia macrophylla (Rubiaceae)', 'Nectandra grandiflora (Lauraceae)', 'Arrabidaea samydoides (Bignoniaceae)', 'Cassia spectabilis (Fabaceae)', 'Vochysia thyrsoidea', 'Styrax ferrugineus (Styracaceae)', 'Cheiloclinium cognatum (Hippocrateaceae)', 'Peperomia obtusifolia (Piperaceae)', 'Swartzia langsdorfii (Fabaceae)', 'Cinnamomum australe (Lauraceae)', 'Dalbergia riparia', 'Picramnia teapensis', 'Coussarea hydrangeifolia (Rubiaceae)', 'Penicillium corylophilum', 'Rudgea viburnioides (Rubiaceae)', 'Ottonia corcovadensis (Piperaceae)', 'Cnidoscolus vitifolius (Euphorbiaceae)', 'Tocoyena brasiliensis (Rubiaceae)', 'Trichilia elegans (Meliaceae)', 'Ouratea multiflora (Ochnaceae)', 'Casearia rupestris (Salicaeae)', 'Pothomorphe umbellata (Piperaceae)', 'Trichilia pallida', 'Citrus sp. (Rutaceae)', 'Esenbeckia leiocarpa', 'Cedrela fruticosa (Meliaceae), Neoraputia magnifica (Rutaceae), Neoraputia alba (Rutaceae)', 'Khaya ivorensis', 'Ricinus communis (Euphorbiaceae)', 'Rapanea umbellata,Myrsine cuneifolia (Myrsinaceae)', 'Humicola grisea', 'Lantana lilacina (Verbenaceae)', 'Mycoleptodiscus indicus', 'Michelia champaca (Magnoliaceae)', 'Spiranthera odoratissima St. odoratissima (Rutaceae)', 'Petiveria alliacea (Phytolaccaceae)']]",doi_collectionSpecie
